# unix_time, cycles_done, cur_path, paths_total, pending_total, pending_favs, map_size, unique_crashes, unique_hangs, max_depth, execs_per_sec
1735536763, 0, 0, 10, 10, 1, 0.01%, 0, 0, 1, 35.91
1735536768, 0, 3, 10, 10, 1, 0.01%, 0, 0, 1, 36.04
1735536783, 1, 0, 10, 3, 0, 0.01%, 0, 0, 1, 47.65
1735536788, 1, 1, 10, 2, 0, 0.01%, 0, 0, 1, 44.00
1735536794, 1, 2, 10, 1, 0, 0.01%, 0, 0, 1, 46.16
1735536799, 1, 3, 10, 0, 0, 0.01%, 0, 0, 1, 47.91
1735536809, 1, 4, 10, 0, 0, 0.01%, 0, 0, 1, 46.69
1735536814, 1, 5, 10, 0, 0, 0.01%, 0, 0, 1, 45.11
1735536819, 1, 6, 10, 0, 0, 0.01%, 0, 0, 1, 45.56
1735536824, 1, 7, 10, 0, 0, 0.01%, 0, 0, 1, 44.22
1735536829, 1, 8, 10, 0, 0, 0.01%, 0, 0, 1, 43.02
1735536834, 1, 9, 10, 0, 0, 0.01%, 0, 0, 1, 44.81
1735536839, 2, 0, 10, 0, 0, 0.01%, 0, 0, 1, 44.14
1735536844, 2, 1, 10, 0, 0, 0.01%, 0, 0, 1, 45.59
1735536854, 2, 2, 10, 0, 0, 0.01%, 0, 0, 1, 45.94
1735536859, 2, 3, 10, 0, 0, 0.01%, 0, 0, 1, 47.41
1735536864, 2, 4, 10, 0, 0, 0.01%, 0, 0, 1, 46.24
1735536869, 2, 5, 10, 0, 0, 0.01%, 0, 0, 1, 47.78
1735536874, 2, 6, 10, 0, 0, 0.01%, 0, 0, 1, 47.62
1735536879, 2, 7, 10, 0, 0, 0.01%, 0, 0, 1, 47.06
1735536885, 2, 8, 10, 0, 0, 0.01%, 0, 0, 1, 45.86
1735536890, 2, 9, 10, 0, 0, 0.01%, 0, 0, 1, 48.76
1735536895, 3, 0, 10, 0, 0, 0.01%, 0, 0, 1, 44.96
1735536905, 3, 1, 10, 0, 0, 0.01%, 0, 0, 1, 43.46
1735536910, 3, 2, 10, 0, 0, 0.01%, 0, 0, 1, 45.03
1735536915, 3, 3, 10, 0, 0, 0.01%, 0, 0, 1, 44.35
1735536920, 3, 4, 10, 0, 0, 0.01%, 0, 0, 1, 44.16
1735536925, 3, 5, 10, 0, 0, 0.01%, 0, 0, 1, 48.59
1735536930, 3, 6, 10, 0, 0, 0.01%, 0, 0, 1, 46.17
1735536935, 3, 7, 10, 0, 0, 0.01%, 0, 0, 1, 46.36
1735536940, 3, 8, 10, 0, 0, 0.01%, 0, 0, 1, 45.93
1735536945, 3, 9, 10, 0, 0, 0.01%, 0, 0, 1, 44.95
1735536950, 4, 0, 10, 0, 0, 0.01%, 0, 0, 1, 49.55
1735536961, 4, 1, 10, 0, 0, 0.01%, 0, 0, 1, 44.71
1735536966, 4, 2, 10, 0, 0, 0.01%, 0, 0, 1, 45.25
1735536971, 4, 3, 10, 0, 0, 0.01%, 0, 0, 1, 43.34
1735536976, 4, 4, 10, 0, 0, 0.01%, 0, 0, 1, 45.04
1735536981, 4, 5, 10, 0, 0, 0.01%, 0, 0, 1, 44.73
1735536986, 4, 6, 10, 0, 0, 0.01%, 0, 0, 1, 44.18
1735536991, 4, 7, 10, 0, 0, 0.01%, 0, 0, 1, 44.05
1735536996, 4, 8, 10, 0, 0, 0.01%, 0, 0, 1, 45.20
1735537006, 4, 9, 10, 0, 0, 0.01%, 0, 0, 1, 43.00
1735537011, 5, 0, 10, 0, 0, 0.01%, 0, 0, 1, 43.94
1735537016, 5, 1, 10, 0, 0, 0.01%, 0, 0, 1, 45.44
1735537021, 5, 2, 10, 0, 0, 0.01%, 0, 0, 1, 45.32
1735537027, 5, 3, 10, 0, 0, 0.01%, 0, 0, 1, 48.44
1735537032, 5, 4, 10, 0, 0, 0.01%, 0, 0, 1, 45.12
1735537037, 5, 5, 10, 0, 0, 0.01%, 0, 0, 1, 44.77
1735537047, 5, 6, 10, 0, 0, 0.01%, 0, 0, 1, 43.94
1735537052, 5, 7, 10, 0, 0, 0.01%, 0, 0, 1, 47.28
1735537057, 5, 8, 10, 0, 0, 0.01%, 0, 0, 1, 46.45
1735537062, 5, 9, 10, 0, 0, 0.01%, 0, 0, 1, 46.34
1735537067, 6, 0, 10, 0, 0, 0.01%, 0, 0, 1, 45.54
1735537072, 6, 1, 10, 0, 0, 0.01%, 0, 0, 1, 44.37
1735537077, 6, 2, 10, 0, 0, 0.01%, 0, 0, 1, 45.10
1735537082, 6, 3, 10, 0, 0, 0.01%, 0, 0, 1, 45.84
1735537087, 6, 4, 10, 0, 0, 0.01%, 0, 0, 1, 45.75
1735537092, 6, 5, 10, 0, 0, 0.01%, 0, 0, 1, 45.08
1735537102, 6, 6, 10, 0, 0, 0.01%, 0, 0, 1, 44.62
1735537107, 6, 7, 10, 0, 0, 0.01%, 0, 0, 1, 44.92
1735537113, 6, 8, 10, 0, 0, 0.01%, 0, 0, 1, 44.16
1735537118, 6, 9, 10, 0, 0, 0.01%, 0, 0, 1, 45.40
1735537123, 7, 0, 10, 0, 0, 0.01%, 0, 0, 1, 44.15
1735537128, 7, 1, 10, 0, 0, 0.01%, 0, 0, 1, 45.40
1735537133, 7, 2, 10, 0, 0, 0.01%, 0, 0, 1, 45.94
1735537138, 7, 3, 10, 0, 0, 0.01%, 0, 0, 1, 46.25
1735537148, 7, 4, 10, 0, 0, 0.01%, 0, 0, 1, 46.02
1735537153, 7, 5, 10, 0, 0, 0.01%, 0, 0, 1, 43.98
1735537158, 7, 6, 10, 0, 0, 0.01%, 0, 0, 1, 47.51
1735537163, 7, 7, 10, 0, 0, 0.01%, 0, 0, 1, 45.55
1735537168, 7, 8, 10, 0, 0, 0.01%, 0, 0, 1, 45.69
1735537173, 7, 9, 10, 0, 0, 0.01%, 0, 0, 1, 45.50
1735537179, 8, 0, 10, 0, 0, 0.01%, 0, 0, 1, 44.08
1735537184, 8, 1, 10, 0, 0, 0.01%, 0, 0, 1, 44.91
1735537189, 8, 2, 10, 0, 0, 0.01%, 0, 0, 1, 46.31
1735537199, 8, 3, 10, 0, 0, 0.01%, 0, 0, 1, 45.83
1735537204, 8, 4, 10, 0, 0, 0.01%, 0, 0, 1, 43.39
1735537209, 8, 5, 10, 0, 0, 0.01%, 0, 0, 1, 42.60
1735537214, 8, 6, 10, 0, 0, 0.01%, 0, 0, 1, 44.77
1735537219, 8, 7, 10, 0, 0, 0.01%, 0, 0, 1, 45.42
1735537224, 8, 8, 10, 0, 0, 0.01%, 0, 0, 1, 46.54
1735537230, 8, 9, 10, 0, 0, 0.01%, 0, 0, 1, 45.44
1735537235, 8, 9, 11, 1, 0, 0.14%, 1, 0, 2, 46.29
1735537240, 8, 10, 11, 1, 1, 0.14%, 1, 0, 2, 52.46
1735537245, 8, 10, 12, 2, 1, 0.14%, 2, 0, 3, 53.88
1735537321, 9, 11, 13, 1, 0, 0.14%, 3, 0, 4, 72.34
1735537397, 9, 12, 13, 1, 1, 0.14%, 3, 0, 4, 57.39
1735537463, 9, 12, 14, 2, 1, 0.14%, 3, 0, 5, 50.29
1735537493, 9, 12, 15, 3, 1, 0.14%, 4, 0, 5, 50.93
1735537539, 9, 12, 18, 6, 1, 0.14%, 4, 0, 5, 58.85
1735537555, 9, 12, 20, 8, 1, 0.14%, 4, 0, 5, 46.65
1735537570, 9, 14, 20, 7, 2, 0.14%, 4, 0, 5, 38.96
1735537652, 9, 14, 21, 8, 2, 0.14%, 5, 0, 6, 119.18
1735538647, 9, 14, 23, 10, 2, 0.14%, 5, 0, 6, 91.74
1735538663, 9, 14, 25, 12, 2, 0.14%, 5, 0, 6, 86.52
1735538693, 9, 14, 26, 13, 2, 0.14%, 5, 0, 6, 86.86
1735538699, 9, 14, 27, 14, 2, 0.14%, 5, 0, 6, 80.91
1735538709, 9, 14, 28, 15, 2, 0.14%, 5, 0, 6, 62.47
1735538714, 9, 23, 28, 13, 2, 0.14%, 5, 0, 6, 64.87
1735538719, 9, 26, 28, 12, 1, 0.14%, 5, 0, 6, 40.91
1735539302, 9, 26, 29, 13, 1, 0.14%, 6, 0, 7, 82.43
1735539353, 9, 28, 29, 12, 1, 0.14%, 6, 0, 7, 44.11
1735539544, 9, 28, 30, 13, 1, 0.14%, 6, 0, 8, 109.83
1735539838, 10, 13, 30, 11, 0, 0.14%, 6, 0, 8, 41.99
1735540038, 10, 13, 32, 13, 0, 0.14%, 6, 0, 8, 105.43
1735540043, 10, 13, 33, 14, 0, 0.14%, 6, 0, 8, 105.68
1735541866, 11, 17, 33, 12, 0, 0.14%, 6, 0, 8, 81.42
1735541963, 12, 23, 33, 7, 0, 0.14%, 6, 0, 8, 48.41
1735542524, 12, 23, 34, 8, 0, 0.14%, 7, 0, 8, 85.45
1735542555, 12, 33, 34, 8, 1, 0.14%, 7, 0, 8, 62.88
1735543679, 12, 33, 35, 9, 1, 0.14%, 7, 0, 8, 88.42
1735543741, 12, 34, 35, 8, 1, 0.14%, 7, 0, 8, 54.93
1735544957, 12, 34, 36, 9, 1, 0.14%, 7, 0, 9, 91.73
1735544967, 12, 34, 37, 10, 1, 0.14%, 7, 0, 9, 90.69
1735545034, 12, 36, 37, 9, 1, 0.14%, 7, 0, 9, 46.83
1735545044, 13, 35, 37, 7, 0, 0.14%, 7, 0, 9, 34.11
1735545059, 14, 36, 37, 6, 0, 0.14%, 7, 0, 9, 71.32
1735546497, 15, 25, 37, 5, 0, 0.14%, 7, 0, 9, 61.02
1735546508, 18, 27, 37, 3, 0, 0.14%, 7, 0, 9, 36.06
1735546513, 23, 15, 37, 2, 0, 0.14%, 7, 0, 9, 78.29
1735546584, 23, 16, 37, 2, 0, 0.14%, 7, 0, 9, 73.58
1735546784, 23, 36, 37, 2, 0, 0.14%, 7, 0, 9, 81.24
1735546795, 24, 20, 37, 2, 0, 0.14%, 7, 0, 9, 43.20
1735546800, 24, 36, 37, 1, 0, 0.14%, 7, 0, 9, 46.89
1735546820, 25, 36, 37, 0, 0, 0.14%, 7, 0, 9, 86.01
1735546851, 26, 36, 37, 0, 0, 0.14%, 7, 0, 9, 92.40
1735546882, 27, 15, 37, 0, 0, 0.14%, 7, 0, 9, 76.83
1735546887, 27, 36, 37, 0, 0, 0.14%, 7, 0, 9, 85.25
1735546917, 28, 15, 37, 0, 0, 0.14%, 7, 0, 9, 57.84
1735546932, 29, 15, 37, 0, 0, 0.14%, 7, 0, 9, 62.13
1735546963, 30, 15, 37, 0, 0, 0.14%, 7, 0, 9, 64.95
1735546994, 39, 24, 37, 0, 0, 0.14%, 7, 0, 9, 88.86
1735547019, 45, 24, 37, 0, 0, 0.14%, 7, 0, 9, 67.51
1735547029, 54, 24, 37, 0, 0, 0.14%, 7, 0, 9, 63.29
1735547039, 83, 24, 37, 0, 0, 0.14%, 7, 0, 9, 65.43
1735547065, 96, 35, 37, 0, 0, 0.14%, 7, 0, 9, 81.95
