# unix_time, cycles_done, cur_path, paths_total, pending_total, pending_favs, map_size, unique_crashes, unique_hangs, max_depth, execs_per_sec
1735461163, 0, 0, 10, 10, 1, 0.01%, 0, 0, 1, 38.61
1735461168, 0, 3, 10, 10, 1, 0.01%, 0, 0, 1, 38.93
1735461183, 1, 0, 10, 3, 0, 0.01%, 0, 0, 1, 44.59
1735461188, 1, 1, 10, 2, 0, 0.01%, 0, 0, 1, 47.18
1735461193, 1, 2, 10, 1, 0, 0.01%, 0, 0, 1, 44.91
1735461198, 1, 3, 10, 0, 0, 0.01%, 0, 0, 1, 46.32
1735461203, 1, 4, 10, 0, 0, 0.01%, 0, 0, 1, 45.37
1735461213, 1, 5, 10, 0, 0, 0.01%, 0, 0, 1, 45.76
1735461219, 1, 6, 10, 0, 0, 0.01%, 0, 0, 1, 45.91
1735461224, 1, 7, 10, 0, 0, 0.01%, 0, 0, 1, 44.50
1735461229, 1, 8, 10, 0, 0, 0.01%, 0, 0, 1, 43.90
1735461234, 1, 9, 10, 0, 0, 0.01%, 0, 0, 1, 48.14
1735461239, 2, 0, 10, 0, 0, 0.01%, 0, 0, 1, 45.83
1735461244, 2, 1, 10, 0, 0, 0.01%, 0, 0, 1, 46.35
1735461249, 2, 2, 10, 0, 0, 0.01%, 0, 0, 1, 44.35
1735461254, 2, 3, 10, 0, 0, 0.01%, 0, 0, 1, 46.41
1735461259, 2, 4, 10, 0, 0, 0.01%, 0, 0, 1, 46.74
1735461269, 2, 5, 10, 0, 0, 0.01%, 0, 0, 1, 45.93
1735461274, 2, 6, 10, 0, 0, 0.01%, 0, 0, 1, 46.45
1735461279, 2, 7, 10, 0, 0, 0.01%, 0, 0, 1, 47.17
1735461284, 2, 8, 10, 0, 0, 0.01%, 0, 0, 1, 45.56
1735461289, 2, 9, 10, 0, 0, 0.01%, 0, 0, 1, 46.48
1735461295, 3, 0, 10, 0, 0, 0.01%, 0, 0, 1, 46.21
1735461300, 3, 1, 10, 0, 0, 0.01%, 0, 0, 1, 45.86
1735461305, 3, 2, 10, 0, 0, 0.01%, 0, 0, 1, 45.67
1735461310, 3, 3, 10, 0, 0, 0.01%, 0, 0, 1, 46.13
1735461315, 3, 4, 10, 0, 0, 0.01%, 0, 0, 1, 46.74
1735461320, 3, 5, 10, 0, 0, 0.01%, 0, 0, 1, 44.36
1735461330, 3, 6, 10, 0, 0, 0.01%, 0, 0, 1, 47.42
1735461335, 3, 7, 10, 0, 0, 0.01%, 0, 0, 1, 48.85
1735461340, 3, 8, 10, 0, 0, 0.01%, 0, 0, 1, 48.28
1735461345, 3, 9, 10, 0, 0, 0.01%, 0, 0, 1, 45.58
1735461350, 4, 0, 10, 0, 0, 0.01%, 0, 0, 1, 45.70
1735461355, 4, 1, 10, 0, 0, 0.01%, 0, 0, 1, 44.77
1735461361, 4, 2, 10, 0, 0, 0.01%, 0, 0, 1, 47.79
1735461366, 4, 3, 10, 0, 0, 0.01%, 0, 0, 1, 46.43
1735461371, 4, 4, 10, 0, 0, 0.01%, 0, 0, 1, 48.01
1735461376, 4, 5, 10, 0, 0, 0.01%, 0, 0, 1, 46.41
1735461381, 4, 6, 10, 0, 0, 0.01%, 0, 0, 1, 47.21
1735461386, 4, 7, 10, 0, 0, 0.01%, 0, 0, 1, 47.32
1735461396, 4, 8, 10, 0, 0, 0.01%, 0, 0, 1, 47.17
1735461401, 4, 9, 10, 0, 0, 0.01%, 0, 0, 1, 47.42
1735461406, 5, 0, 10, 0, 0, 0.01%, 0, 0, 1, 47.07
1735461411, 5, 1, 10, 0, 0, 0.01%, 0, 0, 1, 48.18
1735461416, 5, 2, 10, 0, 0, 0.01%, 0, 0, 1, 47.06
1735461421, 5, 3, 10, 0, 0, 0.01%, 0, 0, 1, 45.90
1735461426, 5, 4, 10, 0, 0, 0.01%, 0, 0, 1, 44.04
1735461431, 5, 5, 10, 0, 0, 0.01%, 0, 0, 1, 46.15
1735461436, 5, 6, 10, 0, 0, 0.01%, 0, 0, 1, 45.17
1735461441, 5, 7, 10, 0, 0, 0.01%, 0, 0, 1, 46.85
1735461446, 5, 8, 10, 0, 0, 0.01%, 0, 0, 1, 44.95
1735461451, 5, 9, 10, 0, 0, 0.01%, 0, 0, 1, 47.91
1735461461, 6, 0, 10, 0, 0, 0.01%, 0, 0, 1, 49.46
1735461466, 6, 1, 10, 0, 0, 0.01%, 0, 0, 1, 45.56
1735461471, 6, 2, 10, 0, 0, 0.01%, 0, 0, 1, 44.55
1735461476, 6, 3, 10, 0, 0, 0.01%, 0, 0, 1, 45.70
1735461482, 6, 4, 10, 0, 0, 0.01%, 0, 0, 1, 44.54
1735461487, 6, 5, 10, 0, 0, 0.01%, 0, 0, 1, 46.01
1735461492, 6, 6, 10, 0, 0, 0.01%, 0, 0, 1, 43.50
1735461497, 6, 7, 10, 0, 0, 0.01%, 0, 0, 1, 44.12
1735461502, 6, 8, 10, 0, 0, 0.01%, 0, 0, 1, 45.43
1735461512, 6, 9, 10, 0, 0, 0.01%, 0, 0, 1, 45.41
1735461517, 7, 0, 10, 0, 0, 0.01%, 0, 0, 1, 47.09
1735461522, 7, 1, 10, 0, 0, 0.01%, 0, 0, 1, 45.69
1735461527, 7, 2, 10, 0, 0, 0.01%, 0, 0, 1, 46.82
1735461532, 7, 3, 10, 0, 0, 0.01%, 0, 0, 1, 46.16
1735461537, 7, 4, 10, 0, 0, 0.01%, 0, 0, 1, 45.03
1735461542, 7, 5, 10, 0, 0, 0.01%, 0, 0, 1, 46.46
1735461547, 7, 6, 10, 0, 0, 0.01%, 0, 0, 1, 44.42
1735461552, 7, 7, 10, 0, 0, 0.01%, 0, 0, 1, 49.43
1735461558, 7, 8, 10, 0, 0, 0.01%, 0, 0, 1, 47.43
1735461563, 7, 9, 10, 0, 0, 0.01%, 0, 0, 1, 46.76
1735461573, 8, 0, 10, 0, 0, 0.01%, 0, 0, 1, 45.24
1735461578, 8, 1, 10, 0, 0, 0.01%, 0, 0, 1, 46.65
1735461583, 8, 2, 10, 0, 0, 0.01%, 0, 0, 1, 46.37
1735461588, 8, 3, 10, 0, 0, 0.01%, 0, 0, 1, 45.91
1735461593, 8, 4, 10, 0, 0, 0.01%, 0, 0, 1, 45.62
1735461598, 8, 5, 10, 0, 0, 0.01%, 0, 0, 1, 45.64
1735461603, 8, 6, 10, 0, 0, 0.01%, 0, 0, 1, 43.95
1735461608, 8, 7, 10, 0, 0, 0.01%, 0, 0, 1, 45.16
1735461613, 8, 8, 10, 0, 0, 0.01%, 0, 0, 1, 47.28
1735461618, 8, 9, 10, 0, 0, 0.01%, 0, 0, 1, 47.36
1735461623, 9, 0, 10, 0, 0, 0.01%, 0, 0, 1, 50.63
1735461633, 9, 1, 10, 0, 0, 0.01%, 0, 0, 1, 47.73
1735461638, 9, 2, 10, 0, 0, 0.01%, 0, 0, 1, 46.19
1735461643, 9, 3, 10, 0, 0, 0.01%, 0, 0, 1, 45.67
1735461648, 9, 4, 10, 0, 0, 0.01%, 0, 0, 1, 47.12
1735461654, 9, 5, 10, 0, 0, 0.01%, 0, 0, 1, 50.19
1735461659, 9, 6, 10, 0, 0, 0.01%, 0, 0, 1, 46.19
1735461664, 9, 7, 10, 0, 0, 0.01%, 0, 0, 1, 47.47
1735461669, 9, 8, 10, 0, 0, 0.01%, 0, 0, 1, 46.12
1735461674, 9, 9, 10, 0, 0, 0.01%, 0, 0, 1, 46.44
1735461679, 10, 0, 10, 0, 0, 0.01%, 0, 0, 1, 45.02
1735461684, 10, 1, 10, 0, 0, 0.01%, 0, 0, 1, 46.40
1735461694, 10, 2, 10, 0, 0, 0.01%, 0, 0, 1, 45.41
1735461699, 10, 3, 10, 0, 0, 0.01%, 0, 0, 1, 45.81
1735461704, 10, 4, 10, 0, 0, 0.01%, 0, 0, 1, 43.69
1735461709, 10, 5, 10, 0, 0, 0.01%, 0, 0, 1, 44.82
1735461714, 10, 6, 10, 0, 0, 0.01%, 0, 0, 1, 44.61
1735461719, 10, 7, 10, 0, 0, 0.01%, 0, 0, 1, 45.01
1735461724, 10, 8, 10, 0, 0, 0.01%, 0, 0, 1, 46.97
1735461729, 10, 9, 10, 0, 0, 0.01%, 0, 0, 1, 44.87
1735461740, 11, 0, 10, 0, 0, 0.01%, 0, 0, 1, 46.28
1735461745, 11, 1, 10, 0, 0, 0.01%, 0, 0, 1, 47.00
1735461750, 11, 2, 10, 0, 0, 0.01%, 0, 0, 1, 44.87
1735461755, 11, 3, 10, 0, 0, 0.01%, 0, 0, 1, 45.82
1735461760, 11, 4, 10, 0, 0, 0.01%, 0, 0, 1, 47.50
1735461765, 11, 5, 10, 0, 0, 0.01%, 0, 0, 1, 46.05
1735461770, 11, 6, 10, 0, 0, 0.01%, 0, 0, 1, 47.91
1735461775, 11, 7, 10, 0, 0, 0.01%, 0, 0, 1, 46.86
1735461780, 11, 8, 10, 0, 0, 0.01%, 0, 0, 1, 48.41
1735461785, 11, 9, 10, 0, 0, 0.01%, 0, 0, 1, 45.45
1735461790, 12, 0, 10, 0, 0, 0.01%, 0, 0, 1, 46.98
1735461795, 12, 1, 10, 0, 0, 0.01%, 0, 0, 1, 47.10
1735461801, 12, 2, 10, 0, 0, 0.01%, 0, 0, 1, 48.95
1735461806, 12, 3, 10, 0, 0, 0.01%, 0, 0, 1, 49.96
1735461816, 12, 4, 10, 0, 0, 0.01%, 0, 0, 1, 48.81
1735461821, 12, 5, 10, 0, 0, 0.01%, 0, 0, 1, 48.52
1735461826, 12, 6, 10, 0, 0, 0.01%, 0, 0, 1, 47.52
1735461831, 12, 7, 10, 0, 0, 0.01%, 0, 0, 1, 47.76
1735461836, 12, 8, 10, 0, 0, 0.01%, 0, 0, 1, 47.42
1735461841, 12, 9, 10, 0, 0, 0.01%, 0, 0, 1, 48.15
1735461846, 13, 0, 10, 0, 0, 0.01%, 0, 0, 1, 47.26
1735461851, 13, 1, 10, 0, 0, 0.01%, 0, 0, 1, 46.90
1735461856, 13, 2, 10, 0, 0, 0.01%, 0, 0, 1, 48.75
1735461861, 13, 3, 10, 0, 0, 0.01%, 0, 0, 1, 49.26
1735461867, 13, 4, 10, 0, 0, 0.01%, 0, 0, 1, 49.03
1735461872, 13, 5, 10, 0, 0, 0.01%, 0, 0, 1, 49.03
1735461877, 13, 6, 10, 0, 0, 0.01%, 0, 0, 1, 47.87
1735461882, 13, 7, 10, 0, 0, 0.01%, 0, 0, 1, 47.18
1735461887, 13, 8, 10, 0, 0, 0.01%, 0, 0, 1, 46.75
1735461892, 13, 9, 10, 0, 0, 0.01%, 0, 0, 1, 50.21
1735461897, 14, 0, 10, 0, 0, 0.01%, 0, 0, 1, 48.83
1735461902, 14, 1, 10, 0, 0, 0.01%, 0, 0, 1, 48.50
1735461907, 14, 2, 10, 0, 0, 0.01%, 0, 0, 1, 46.15
1735461917, 14, 3, 10, 0, 0, 0.01%, 0, 0, 1, 46.41
1735461922, 14, 4, 10, 0, 0, 0.01%, 0, 0, 1, 48.08
1735461927, 14, 5, 10, 0, 0, 0.01%, 0, 0, 1, 47.62
1735461932, 14, 6, 10, 0, 0, 0.01%, 0, 0, 1, 49.89
1735461937, 14, 7, 10, 0, 0, 0.01%, 0, 0, 1, 47.54
1735461942, 14, 8, 10, 0, 0, 0.01%, 0, 0, 1, 48.13
1735461947, 14, 9, 10, 0, 0, 0.01%, 0, 0, 1, 48.63
1735461952, 15, 0, 10, 0, 0, 0.01%, 0, 0, 1, 49.21
1735461958, 15, 1, 10, 0, 0, 0.01%, 0, 0, 1, 46.47
1735461963, 15, 2, 10, 0, 0, 0.01%, 0, 0, 1, 48.62
1735461968, 15, 3, 10, 0, 0, 0.01%, 0, 0, 1, 48.05
1735461973, 15, 4, 10, 0, 0, 0.01%, 0, 0, 1, 45.64
1735461993, 15, 5, 10, 0, 0, 0.01%, 0, 0, 1, 45.94
1735462013, 15, 6, 10, 0, 0, 0.01%, 0, 0, 1, 47.49
1735462034, 15, 7, 10, 0, 0, 0.01%, 0, 0, 1, 45.30
1735462054, 15, 8, 10, 0, 0, 0.01%, 0, 0, 1, 43.80
1735462074, 15, 9, 10, 0, 0, 0.01%, 0, 0, 1, 42.91
1735462095, 16, 0, 10, 0, 0, 0.01%, 0, 0, 1, 42.89
1735462115, 16, 1, 10, 0, 0, 0.01%, 0, 0, 1, 41.80
1735462135, 16, 2, 10, 0, 0, 0.01%, 0, 0, 1, 48.98
1735462140, 16, 3, 10, 0, 0, 0.01%, 0, 0, 1, 47.89
1735462145, 16, 4, 10, 0, 0, 0.01%, 0, 0, 1, 47.80
1735462150, 16, 5, 10, 0, 0, 0.01%, 0, 0, 1, 46.37
1735462156, 16, 6, 10, 0, 0, 0.01%, 0, 0, 1, 50.32
1735462161, 16, 7, 10, 0, 0, 0.01%, 0, 0, 1, 48.24
1735462166, 16, 8, 10, 0, 0, 0.01%, 0, 0, 1, 49.61
1735462171, 16, 9, 10, 0, 0, 0.01%, 0, 0, 1, 46.72
1735462176, 17, 0, 10, 0, 0, 0.01%, 0, 0, 1, 48.82
1735462181, 17, 1, 10, 0, 0, 0.01%, 0, 0, 1, 45.94
1735462186, 17, 2, 10, 0, 0, 0.01%, 0, 0, 1, 46.33
1735462196, 17, 3, 10, 0, 0, 0.01%, 0, 0, 1, 49.67
1735462201, 17, 4, 10, 0, 0, 0.01%, 0, 0, 1, 50.50
1735462206, 17, 5, 10, 0, 0, 0.01%, 0, 0, 1, 49.02
1735462211, 17, 6, 10, 0, 0, 0.01%, 0, 0, 1, 48.14
1735462216, 17, 7, 10, 0, 0, 0.01%, 0, 0, 1, 49.05
1735462222, 17, 8, 10, 0, 0, 0.01%, 0, 0, 1, 47.65
1735462227, 17, 9, 10, 0, 0, 0.01%, 0, 0, 1, 50.19
1735462232, 18, 0, 10, 0, 0, 0.01%, 0, 0, 1, 48.54
1735462237, 18, 1, 10, 0, 0, 0.01%, 0, 0, 1, 48.45
1735462242, 18, 2, 10, 0, 0, 0.01%, 0, 0, 1, 46.34
1735462247, 18, 3, 10, 0, 0, 0.01%, 0, 0, 1, 46.33
1735462252, 18, 4, 10, 0, 0, 0.01%, 0, 0, 1, 47.81
1735462257, 18, 5, 10, 0, 0, 0.01%, 0, 0, 1, 48.76
1735462262, 18, 6, 10, 0, 0, 0.01%, 0, 0, 1, 48.73
1735462267, 18, 7, 10, 0, 0, 0.01%, 0, 0, 1, 48.53
1735462272, 18, 8, 10, 0, 0, 0.01%, 0, 0, 1, 49.18
1735462277, 18, 9, 10, 0, 0, 0.01%, 0, 0, 1, 47.59
1735462282, 19, 0, 10, 0, 0, 0.01%, 0, 0, 1, 48.18
1735462287, 19, 1, 10, 0, 0, 0.01%, 0, 0, 1, 49.50
1735462292, 19, 2, 10, 0, 0, 0.01%, 0, 0, 1, 49.46
1735462297, 19, 3, 10, 0, 0, 0.01%, 0, 0, 1, 48.90
1735462308, 19, 4, 10, 0, 0, 0.01%, 0, 0, 1, 49.30
1735462313, 19, 5, 10, 0, 0, 0.01%, 0, 0, 1, 46.63
1735462318, 19, 6, 10, 0, 0, 0.01%, 0, 0, 1, 47.44
1735462323, 19, 7, 10, 0, 0, 0.01%, 0, 0, 1, 47.94
1735462328, 19, 8, 10, 0, 0, 0.01%, 0, 0, 1, 50.69
1735462333, 19, 9, 10, 0, 0, 0.01%, 0, 0, 1, 49.29
1735462338, 20, 0, 10, 0, 0, 0.01%, 0, 0, 1, 49.01
1735462343, 20, 1, 10, 0, 0, 0.01%, 0, 0, 1, 47.61
1735462348, 20, 2, 10, 0, 0, 0.01%, 0, 0, 1, 49.10
1735462353, 20, 3, 10, 0, 0, 0.01%, 0, 0, 1, 48.97
1735462358, 20, 4, 10, 0, 0, 0.01%, 0, 0, 1, 51.07
1735462363, 20, 5, 10, 0, 0, 0.01%, 0, 0, 1, 49.08
1735462368, 20, 6, 10, 0, 0, 0.01%, 0, 0, 1, 48.24
1735462373, 20, 7, 10, 0, 0, 0.01%, 0, 0, 1, 47.66
1735462378, 20, 8, 10, 0, 0, 0.01%, 0, 0, 1, 49.97
1735462384, 20, 9, 10, 0, 0, 0.01%, 0, 0, 1, 49.65
1735462389, 21, 0, 10, 0, 0, 0.01%, 0, 0, 1, 52.31
1735462394, 21, 1, 10, 0, 0, 0.01%, 0, 0, 1, 46.41
1735462399, 21, 2, 10, 0, 0, 0.01%, 0, 0, 1, 47.82
1735462404, 21, 3, 10, 0, 0, 0.01%, 0, 0, 1, 47.82
1735462409, 21, 4, 10, 0, 0, 0.01%, 0, 0, 1, 47.98
1735462419, 21, 5, 10, 0, 0, 0.01%, 0, 0, 1, 47.85
1735462424, 21, 6, 10, 0, 0, 0.01%, 0, 0, 1, 47.55
1735462429, 21, 7, 10, 0, 0, 0.01%, 0, 0, 1, 46.27
1735462434, 21, 8, 10, 0, 0, 0.01%, 0, 0, 1, 47.33
1735462439, 21, 9, 10, 0, 0, 0.01%, 0, 0, 1, 49.10
1735462445, 22, 0, 10, 0, 0, 0.01%, 0, 0, 1, 47.94
1735462450, 22, 1, 10, 0, 0, 0.01%, 0, 0, 1, 48.33
1735462455, 22, 2, 10, 0, 0, 0.01%, 0, 0, 1, 47.69
1735462460, 22, 3, 10, 0, 0, 0.01%, 0, 0, 1, 50.48
1735462465, 22, 4, 10, 0, 0, 0.01%, 0, 0, 1, 48.76
1735462470, 22, 5, 10, 0, 0, 0.01%, 0, 0, 1, 51.50
1735462475, 22, 6, 10, 0, 0, 0.01%, 0, 0, 1, 48.11
1735462480, 22, 7, 10, 0, 0, 0.01%, 0, 0, 1, 51.62
1735462485, 22, 8, 10, 0, 0, 0.01%, 0, 0, 1, 47.07
1735462490, 22, 9, 10, 0, 0, 0.01%, 0, 0, 1, 49.37
1735462495, 23, 0, 10, 0, 0, 0.01%, 0, 0, 1, 47.00
1735462501, 23, 1, 10, 0, 0, 0.01%, 0, 0, 1, 48.75
1735462506, 23, 2, 10, 0, 0, 0.01%, 0, 0, 1, 45.07
1735462511, 23, 3, 10, 0, 0, 0.01%, 0, 0, 1, 47.19
1735462516, 23, 4, 10, 0, 0, 0.01%, 0, 0, 1, 47.18
1735462521, 23, 5, 10, 0, 0, 0.01%, 0, 0, 1, 50.37
1735462531, 23, 6, 10, 0, 0, 0.01%, 0, 0, 1, 49.31
1735462536, 23, 7, 10, 0, 0, 0.01%, 0, 0, 1, 47.28
1735462541, 23, 8, 10, 0, 0, 0.01%, 0, 0, 1, 49.29
1735462546, 23, 9, 10, 0, 0, 0.01%, 0, 0, 1, 47.63
1735462551, 24, 0, 10, 0, 0, 0.01%, 0, 0, 1, 47.59
1735462557, 24, 1, 10, 0, 0, 0.01%, 0, 0, 1, 49.16
1735462562, 24, 2, 10, 0, 0, 0.01%, 0, 0, 1, 48.16
1735462567, 24, 3, 10, 0, 0, 0.01%, 0, 0, 1, 46.81
1735462572, 24, 4, 10, 0, 0, 0.01%, 0, 0, 1, 45.57
1735462577, 24, 5, 10, 0, 0, 0.01%, 0, 0, 1, 48.31
1735462582, 24, 6, 10, 0, 0, 0.01%, 0, 0, 1, 49.05
1735462587, 24, 7, 10, 0, 0, 0.01%, 0, 0, 1, 49.10
1735462592, 24, 8, 10, 0, 0, 0.01%, 0, 0, 1, 47.59
1735462597, 24, 9, 10, 0, 0, 0.01%, 0, 0, 1, 47.48
1735462602, 25, 0, 10, 0, 0, 0.01%, 0, 0, 1, 47.18
1735462607, 25, 1, 10, 0, 0, 0.01%, 0, 0, 1, 48.84
1735462613, 25, 2, 10, 0, 0, 0.01%, 0, 0, 1, 46.88
1735462618, 25, 3, 10, 0, 0, 0.01%, 0, 0, 1, 48.36
1735462623, 25, 4, 10, 0, 0, 0.01%, 0, 0, 1, 46.79
1735462628, 25, 5, 10, 0, 0, 0.01%, 0, 0, 1, 49.78
1735462633, 25, 6, 10, 0, 0, 0.01%, 0, 0, 1, 49.70
1735462638, 25, 7, 10, 0, 0, 0.01%, 0, 0, 1, 49.76
1735462643, 25, 8, 10, 0, 0, 0.01%, 0, 0, 1, 49.97
1735462648, 25, 9, 10, 0, 0, 0.01%, 0, 0, 1, 48.68
1735462658, 26, 0, 10, 0, 0, 0.01%, 0, 0, 1, 48.00
1735462663, 26, 1, 10, 0, 0, 0.01%, 0, 0, 1, 46.96
1735462668, 26, 2, 10, 0, 0, 0.01%, 0, 0, 1, 47.89
1735462674, 26, 3, 10, 0, 0, 0.01%, 0, 0, 1, 47.95
1735462679, 26, 4, 10, 0, 0, 0.01%, 0, 0, 1, 48.71
1735462684, 26, 5, 10, 0, 0, 0.01%, 0, 0, 1, 48.01
1735462689, 26, 6, 10, 0, 0, 0.01%, 0, 0, 1, 47.02
1735462694, 26, 7, 10, 0, 0, 0.01%, 0, 0, 1, 48.10
1735462699, 26, 8, 10, 0, 0, 0.01%, 0, 0, 1, 47.42
1735462704, 26, 9, 10, 0, 0, 0.01%, 0, 0, 1, 48.53
1735462709, 27, 0, 10, 0, 0, 0.01%, 0, 0, 1, 48.17
1735462714, 27, 1, 10, 0, 0, 0.01%, 0, 0, 1, 50.33
1735462719, 27, 2, 10, 0, 0, 0.01%, 0, 0, 1, 47.65
1735462724, 27, 3, 10, 0, 0, 0.01%, 0, 0, 1, 48.73
1735462730, 27, 4, 10, 0, 0, 0.01%, 0, 0, 1, 48.92
1735462735, 27, 5, 10, 0, 0, 0.01%, 0, 0, 1, 46.89
1735462740, 27, 6, 10, 0, 0, 0.01%, 0, 0, 1, 48.80
1735462745, 27, 7, 10, 0, 0, 0.01%, 0, 0, 1, 48.00
1735462750, 27, 8, 10, 0, 0, 0.01%, 0, 0, 1, 47.23
1735462760, 27, 9, 10, 0, 0, 0.01%, 0, 0, 1, 47.08
1735462765, 28, 0, 10, 0, 0, 0.01%, 0, 0, 1, 50.31
1735462770, 28, 1, 10, 0, 0, 0.01%, 0, 0, 1, 50.50
1735462775, 28, 2, 10, 0, 0, 0.01%, 0, 0, 1, 49.91
1735462780, 28, 3, 10, 0, 0, 0.01%, 0, 0, 1, 49.76
1735462785, 28, 4, 10, 0, 0, 0.01%, 0, 0, 1, 45.63
1735462790, 28, 5, 10, 0, 0, 0.01%, 0, 0, 1, 48.35
1735462795, 28, 6, 10, 0, 0, 0.01%, 0, 0, 1, 47.29
1735462801, 28, 7, 10, 0, 0, 0.01%, 0, 0, 1, 47.40
1735462806, 28, 8, 10, 0, 0, 0.01%, 0, 0, 1, 46.77
1735462811, 28, 9, 10, 0, 0, 0.01%, 0, 0, 1, 49.51
1735462816, 29, 0, 10, 0, 0, 0.01%, 0, 0, 1, 49.15
1735462821, 29, 1, 10, 0, 0, 0.01%, 0, 0, 1, 48.25
1735462826, 29, 2, 10, 0, 0, 0.01%, 0, 0, 1, 47.92
1735462831, 29, 3, 10, 0, 0, 0.01%, 0, 0, 1, 48.81
1735462836, 29, 4, 10, 0, 0, 0.01%, 0, 0, 1, 47.41
1735462841, 29, 5, 10, 0, 0, 0.01%, 0, 0, 1, 47.35
1735462846, 29, 6, 10, 0, 0, 0.01%, 0, 0, 1, 49.56
1735462851, 29, 7, 10, 0, 0, 0.01%, 0, 0, 1, 48.94
1735462856, 29, 8, 10, 0, 0, 0.01%, 0, 0, 1, 47.10
1735462861, 29, 9, 10, 0, 0, 0.01%, 0, 0, 1, 49.36
1735462866, 30, 0, 10, 0, 0, 0.01%, 0, 0, 1, 48.14
1735462872, 30, 1, 10, 0, 0, 0.01%, 0, 0, 1, 49.70
1735462877, 30, 2, 10, 0, 0, 0.01%, 0, 0, 1, 47.64
1735462887, 30, 3, 10, 0, 0, 0.01%, 0, 0, 1, 48.15
1735462892, 30, 4, 10, 0, 0, 0.01%, 0, 0, 1, 49.14
1735462897, 30, 5, 10, 0, 0, 0.01%, 0, 0, 1, 48.93
1735462902, 30, 6, 10, 0, 0, 0.01%, 0, 0, 1, 47.48
1735462907, 30, 7, 10, 0, 0, 0.01%, 0, 0, 1, 46.14
1735462912, 30, 8, 10, 0, 0, 0.01%, 0, 0, 1, 45.96
1735462917, 30, 9, 10, 0, 0, 0.01%, 0, 0, 1, 46.68
1735462922, 31, 0, 10, 0, 0, 0.01%, 0, 0, 1, 47.55
1735462927, 31, 1, 10, 0, 0, 0.01%, 0, 0, 1, 46.97
1735462932, 31, 2, 10, 0, 0, 0.01%, 0, 0, 1, 48.66
1735462937, 31, 3, 10, 0, 0, 0.01%, 0, 0, 1, 46.79
1735462942, 31, 4, 10, 0, 0, 0.01%, 0, 0, 1, 46.98
1735462948, 31, 5, 10, 0, 0, 0.01%, 0, 0, 1, 48.83
1735462953, 31, 6, 10, 0, 0, 0.01%, 0, 0, 1, 45.62
1735462958, 31, 7, 10, 0, 0, 0.01%, 0, 0, 1, 49.08
1735462963, 31, 8, 10, 0, 0, 0.01%, 0, 0, 1, 47.66
1735462968, 31, 9, 10, 0, 0, 0.01%, 0, 0, 1, 46.60
1735462978, 32, 0, 10, 0, 0, 0.01%, 0, 0, 1, 50.10
1735462983, 32, 1, 10, 0, 0, 0.01%, 0, 0, 1, 48.48
1735462988, 32, 2, 10, 0, 0, 0.01%, 0, 0, 1, 49.58
1735462993, 32, 3, 10, 0, 0, 0.01%, 0, 0, 1, 46.93
1735462998, 32, 4, 10, 0, 0, 0.01%, 0, 0, 1, 49.78
1735463003, 32, 5, 10, 0, 0, 0.01%, 0, 0, 1, 46.52
1735463009, 32, 6, 10, 0, 0, 0.01%, 0, 0, 1, 47.09
1735463014, 32, 7, 10, 0, 0, 0.01%, 0, 0, 1, 48.12
1735463019, 32, 8, 10, 0, 0, 0.01%, 0, 0, 1, 48.26
1735463024, 32, 9, 10, 0, 0, 0.01%, 0, 0, 1, 49.42
1735463029, 33, 0, 10, 0, 0, 0.01%, 0, 0, 1, 47.48
1735463034, 33, 1, 10, 0, 0, 0.01%, 0, 0, 1, 49.95
1735463039, 33, 2, 10, 0, 0, 0.01%, 0, 0, 1, 48.40
1735463044, 33, 3, 10, 0, 0, 0.01%, 0, 0, 1, 48.36
1735463049, 33, 4, 10, 0, 0, 0.01%, 0, 0, 1, 48.31
1735463054, 33, 5, 10, 0, 0, 0.01%, 0, 0, 1, 49.49
1735463059, 33, 6, 10, 0, 0, 0.01%, 0, 0, 1, 48.35
1735463064, 33, 7, 10, 0, 0, 0.01%, 0, 0, 1, 46.53
1735463069, 33, 8, 10, 0, 0, 0.01%, 0, 0, 1, 48.21
1735463074, 33, 9, 10, 0, 0, 0.01%, 0, 0, 1, 46.94
1735463079, 34, 0, 10, 0, 0, 0.01%, 0, 0, 1, 45.31
1735463090, 34, 1, 10, 0, 0, 0.01%, 0, 0, 1, 48.43
1735463095, 34, 2, 10, 0, 0, 0.01%, 0, 0, 1, 47.91
1735463100, 34, 3, 10, 0, 0, 0.01%, 0, 0, 1, 46.85
1735463105, 34, 4, 10, 0, 0, 0.01%, 0, 0, 1, 48.34
1735463110, 34, 5, 10, 0, 0, 0.01%, 0, 0, 1, 47.33
1735463115, 34, 6, 10, 0, 0, 0.01%, 0, 0, 1, 47.84
1735463120, 34, 7, 10, 0, 0, 0.01%, 0, 0, 1, 47.84
1735463125, 34, 8, 10, 0, 0, 0.01%, 0, 0, 1, 50.84
1735463130, 34, 9, 10, 0, 0, 0.01%, 0, 0, 1, 48.27
1735463135, 35, 0, 10, 0, 0, 0.01%, 0, 0, 1, 47.70
1735463140, 35, 1, 10, 0, 0, 0.01%, 0, 0, 1, 48.38
1735463145, 35, 2, 10, 0, 0, 0.01%, 0, 0, 1, 51.40
1735463150, 35, 3, 10, 0, 0, 0.01%, 0, 0, 1, 46.93
1735463155, 35, 4, 10, 0, 0, 0.01%, 0, 0, 1, 47.41
1735463160, 35, 5, 10, 0, 0, 0.01%, 0, 0, 1, 49.10
1735463165, 35, 6, 10, 0, 0, 0.01%, 0, 0, 1, 48.66
1735463171, 35, 7, 10, 0, 0, 0.01%, 0, 0, 1, 47.97
1735463176, 35, 8, 10, 0, 0, 0.01%, 0, 0, 1, 49.09
1735463181, 35, 9, 10, 0, 0, 0.01%, 0, 0, 1, 47.53
1735463186, 36, 0, 10, 0, 0, 0.01%, 0, 0, 1, 48.39
1735463191, 36, 1, 10, 0, 0, 0.01%, 0, 0, 1, 48.09
1735463196, 36, 2, 10, 0, 0, 0.01%, 0, 0, 1, 47.40
1735463206, 36, 3, 10, 0, 0, 0.01%, 0, 0, 1, 49.06
1735463211, 36, 4, 10, 0, 0, 0.01%, 0, 0, 1, 48.33
1735463216, 36, 5, 10, 0, 0, 0.01%, 0, 0, 1, 46.21
1735463221, 36, 6, 10, 0, 0, 0.01%, 0, 0, 1, 46.94
1735463227, 36, 7, 10, 0, 0, 0.01%, 0, 0, 1, 45.62
1735463232, 36, 8, 10, 0, 0, 0.01%, 0, 0, 1, 48.58
1735463237, 36, 9, 10, 0, 0, 0.01%, 0, 0, 1, 48.95
1735463242, 37, 0, 10, 0, 0, 0.01%, 0, 0, 1, 49.55
1735463247, 37, 1, 10, 0, 0, 0.01%, 0, 0, 1, 48.41
1735463252, 37, 2, 10, 0, 0, 0.01%, 0, 0, 1, 48.90
1735463257, 37, 3, 10, 0, 0, 0.01%, 0, 0, 1, 47.05
1735463262, 37, 4, 10, 0, 0, 0.01%, 0, 0, 1, 48.16
1735463267, 37, 5, 10, 0, 0, 0.01%, 0, 0, 1, 50.15
1735463272, 37, 6, 10, 0, 0, 0.01%, 0, 0, 1, 47.14
1735463277, 37, 7, 10, 0, 0, 0.01%, 0, 0, 1, 49.43
1735463282, 37, 8, 10, 0, 0, 0.01%, 0, 0, 1, 48.29
1735463288, 37, 9, 10, 0, 0, 0.01%, 0, 0, 1, 49.87
1735463293, 38, 0, 10, 0, 0, 0.01%, 0, 0, 1, 48.92
1735463298, 38, 1, 10, 0, 0, 0.01%, 0, 0, 1, 47.52
1735463303, 38, 2, 10, 0, 0, 0.01%, 0, 0, 1, 47.82
1735463308, 38, 3, 10, 0, 0, 0.01%, 0, 0, 1, 47.60
1735463313, 38, 4, 10, 0, 0, 0.01%, 0, 0, 1, 49.75
1735463318, 38, 5, 10, 0, 0, 0.01%, 0, 0, 1, 49.27
1735463328, 38, 6, 10, 0, 0, 0.01%, 0, 0, 1, 47.45
1735463333, 38, 7, 10, 0, 0, 0.01%, 0, 0, 1, 46.72
1735463338, 38, 8, 10, 0, 0, 0.01%, 0, 0, 1, 48.68
1735463343, 38, 9, 10, 0, 0, 0.01%, 0, 0, 1, 47.65
1735463348, 39, 0, 10, 0, 0, 0.01%, 0, 0, 1, 47.51
1735463353, 39, 1, 10, 0, 0, 0.01%, 0, 0, 1, 48.18
1735463359, 39, 2, 10, 0, 0, 0.01%, 0, 0, 1, 48.67
1735463364, 39, 3, 10, 0, 0, 0.01%, 0, 0, 1, 47.80
1735463369, 39, 4, 10, 0, 0, 0.01%, 0, 0, 1, 49.66
1735463374, 39, 5, 10, 0, 0, 0.01%, 0, 0, 1, 47.70
1735463379, 39, 6, 10, 0, 0, 0.01%, 0, 0, 1, 48.71
1735463384, 39, 7, 10, 0, 0, 0.01%, 0, 0, 1, 48.16
1735463389, 39, 8, 10, 0, 0, 0.01%, 0, 0, 1, 47.11
1735463394, 39, 9, 10, 0, 0, 0.01%, 0, 0, 1, 48.90
1735463399, 40, 0, 10, 0, 0, 0.01%, 0, 0, 1, 47.57
1735463404, 40, 1, 10, 0, 0, 0.01%, 0, 0, 1, 51.06
1735463409, 40, 2, 10, 0, 0, 0.01%, 0, 0, 1, 47.80
1735463414, 40, 3, 10, 0, 0, 0.01%, 0, 0, 1, 50.82
1735463419, 40, 4, 10, 0, 0, 0.01%, 0, 0, 1, 48.94
1735463424, 40, 5, 10, 0, 0, 0.01%, 0, 0, 1, 47.03
1735463429, 40, 6, 10, 0, 0, 0.01%, 0, 0, 1, 47.72
1735463440, 40, 7, 10, 0, 0, 0.01%, 0, 0, 1, 48.27
1735463445, 40, 8, 10, 0, 0, 0.01%, 0, 0, 1, 48.61
1735463450, 40, 9, 10, 0, 0, 0.01%, 0, 0, 1, 46.78
1735463455, 41, 0, 10, 0, 0, 0.01%, 0, 0, 1, 48.84
1735463460, 41, 1, 10, 0, 0, 0.01%, 0, 0, 1, 47.13
1735463465, 41, 2, 10, 0, 0, 0.01%, 0, 0, 1, 48.59
1735463470, 41, 3, 10, 0, 0, 0.01%, 0, 0, 1, 45.51
1735463475, 41, 4, 10, 0, 0, 0.01%, 0, 0, 1, 47.41
1735463480, 41, 5, 10, 0, 0, 0.01%, 0, 0, 1, 47.10
1735463485, 41, 6, 10, 0, 0, 0.01%, 0, 0, 1, 48.44
1735463490, 41, 7, 10, 0, 0, 0.01%, 0, 0, 1, 47.51
1735463495, 41, 8, 10, 0, 0, 0.01%, 0, 0, 1, 49.46
1735463501, 41, 9, 10, 0, 0, 0.01%, 0, 0, 1, 49.10
1735463506, 42, 0, 10, 0, 0, 0.01%, 0, 0, 1, 49.97
1735463511, 42, 1, 10, 0, 0, 0.01%, 0, 0, 1, 49.31
1735463516, 42, 2, 10, 0, 0, 0.01%, 0, 0, 1, 50.08
1735463521, 42, 3, 10, 0, 0, 0.01%, 0, 0, 1, 51.26
1735463526, 42, 4, 10, 0, 0, 0.01%, 0, 0, 1, 47.30
1735463531, 42, 5, 10, 0, 0, 0.01%, 0, 0, 1, 49.62
1735463536, 42, 6, 10, 0, 0, 0.01%, 0, 0, 1, 47.52
1735463541, 42, 7, 10, 0, 0, 0.01%, 0, 0, 1, 46.01
1735463546, 42, 8, 10, 0, 0, 0.01%, 0, 0, 1, 47.98
1735463556, 42, 9, 10, 0, 0, 0.01%, 0, 0, 1, 46.85
1735463561, 43, 0, 10, 0, 0, 0.01%, 0, 0, 1, 48.43
1735463566, 43, 1, 10, 0, 0, 0.01%, 0, 0, 1, 45.65
1735463572, 43, 2, 10, 0, 0, 0.01%, 0, 0, 1, 45.77
1735463577, 43, 3, 10, 0, 0, 0.01%, 0, 0, 1, 45.42
1735463582, 43, 4, 10, 0, 0, 0.01%, 0, 0, 1, 48.93
1735463587, 43, 5, 10, 0, 0, 0.01%, 0, 0, 1, 46.35
1735463592, 43, 6, 10, 0, 0, 0.01%, 0, 0, 1, 47.40
1735463597, 43, 7, 10, 0, 0, 0.01%, 0, 0, 1, 47.02
1735463602, 43, 8, 10, 0, 0, 0.01%, 0, 0, 1, 47.46
1735463607, 43, 9, 10, 0, 0, 0.01%, 0, 0, 1, 48.38
1735463612, 44, 0, 10, 0, 0, 0.01%, 0, 0, 1, 46.79
1735463617, 44, 1, 10, 0, 0, 0.01%, 0, 0, 1, 48.32
1735463622, 44, 2, 10, 0, 0, 0.01%, 0, 0, 1, 48.62
1735463627, 44, 3, 10, 0, 0, 0.01%, 0, 0, 1, 46.72
1735463632, 44, 4, 10, 0, 0, 0.01%, 0, 0, 1, 48.22
1735463642, 44, 5, 10, 0, 0, 0.01%, 0, 0, 1, 49.91
1735463647, 44, 6, 10, 0, 0, 0.01%, 0, 0, 1, 47.39
1735463653, 44, 7, 10, 0, 0, 0.01%, 0, 0, 1, 48.17
1735463658, 44, 8, 10, 0, 0, 0.01%, 0, 0, 1, 46.15
1735463663, 44, 9, 10, 0, 0, 0.01%, 0, 0, 1, 49.92
1735463668, 45, 0, 10, 0, 0, 0.01%, 0, 0, 1, 48.22
1735463673, 45, 1, 10, 0, 0, 0.01%, 0, 0, 1, 48.88
1735463678, 45, 2, 10, 0, 0, 0.01%, 0, 0, 1, 47.44
1735463683, 45, 3, 10, 0, 0, 0.01%, 0, 0, 1, 48.28
1735463688, 45, 4, 10, 0, 0, 0.01%, 0, 0, 1, 49.92
1735463693, 45, 5, 10, 0, 0, 0.01%, 0, 0, 1, 48.72
1735463698, 45, 6, 10, 0, 0, 0.01%, 0, 0, 1, 48.34
1735463703, 45, 7, 10, 0, 0, 0.01%, 0, 0, 1, 49.22
1735463708, 45, 8, 10, 0, 0, 0.01%, 0, 0, 1, 46.89
1735463713, 45, 9, 10, 0, 0, 0.01%, 0, 0, 1, 50.55
1735463718, 46, 0, 10, 0, 0, 0.01%, 0, 0, 1, 49.70
1735463723, 46, 1, 10, 0, 0, 0.01%, 0, 0, 1, 48.77
1735463728, 46, 2, 10, 0, 0, 0.01%, 0, 0, 1, 48.22
1735463734, 46, 3, 10, 0, 0, 0.01%, 0, 0, 1, 47.33
1735463739, 46, 3, 11, 1, 0, 0.14%, 1, 0, 2, 48.67
1735463744, 46, 10, 13, 3, 1, 0.14%, 3, 0, 3, 60.16
1735463815, 46, 12, 13, 1, 1, 0.14%, 3, 0, 3, 55.25
1735463891, 48, 12, 13, 0, 0, 0.14%, 3, 0, 3, 49.39
1735463921, 49, 11, 13, 0, 0, 0.14%, 3, 0, 3, 64.56
1735463972, 49, 11, 14, 1, 0, 0.14%, 3, 0, 4, 50.60
1735464038, 49, 13, 21, 8, 1, 0.14%, 3, 0, 5, 63.57
1735464100, 49, 13, 23, 10, 1, 0.14%, 3, 0, 5, 62.82
1735464105, 49, 13, 24, 11, 1, 0.14%, 4, 0, 5, 63.02
1735464110, 49, 13, 25, 12, 1, 0.14%, 5, 0, 5, 62.28
1735464196, 49, 13, 27, 14, 1, 0.14%, 5, 0, 5, 54.00
1735464211, 49, 24, 27, 13, 2, 0.14%, 5, 0, 5, 75.02
1735464267, 49, 24, 28, 14, 2, 0.14%, 5, 0, 6, 59.23
1735464318, 49, 24, 29, 15, 2, 0.14%, 5, 0, 6, 59.57
1735464343, 49, 26, 29, 14, 3, 0.14%, 5, 0, 6, 92.38
1735464384, 49, 26, 30, 15, 3, 0.14%, 5, 0, 6, 61.19
1735464455, 49, 26, 31, 16, 3, 0.14%, 5, 0, 6, 57.24
1735464460, 49, 28, 31, 15, 3, 0.14%, 5, 0, 6, 92.03
1735464541, 49, 30, 31, 13, 1, 0.14%, 5, 0, 6, 62.13
1735464551, 49, 30, 32, 14, 1, 0.14%, 5, 0, 7, 70.79
1735464576, 49, 30, 33, 15, 1, 0.14%, 5, 0, 7, 60.47
1735464586, 49, 30, 34, 16, 1, 0.14%, 5, 0, 7, 55.97
1735464602, 49, 30, 35, 17, 1, 0.14%, 5, 0, 7, 53.66
1735464673, 49, 33, 35, 16, 3, 0.14%, 5, 0, 7, 42.98
1735464980, 49, 33, 37, 18, 3, 0.14%, 6, 0, 8, 103.95
1735467156, 49, 34, 37, 17, 3, 0.14%, 6, 0, 8, 73.32
1735467197, 49, 34, 38, 18, 3, 0.14%, 7, 0, 8, 55.59
1735467202, 49, 34, 39, 19, 3, 0.14%, 7, 0, 8, 58.32
1735467227, 49, 34, 40, 20, 3, 0.14%, 7, 0, 8, 54.92
1735467283, 49, 39, 40, 18, 2, 0.14%, 7, 0, 8, 72.53
1735467324, 49, 39, 41, 19, 2, 0.14%, 7, 0, 9, 64.60
1735467411, 50, 27, 41, 17, 1, 0.14%, 7, 0, 9, 69.36
1735467482, 50, 37, 41, 15, 0, 0.14%, 7, 0, 9, 107.81
1735467742, 51, 27, 41, 11, 0, 0.14%, 7, 0, 9, 60.41
1735467783, 52, 21, 41, 10, 0, 0.14%, 7, 0, 9, 51.11
1735467788, 52, 27, 41, 8, 0, 0.14%, 7, 0, 9, 45.88
1735467808, 53, 27, 41, 5, 0, 0.14%, 7, 0, 9, 57.42
1735467849, 54, 21, 41, 5, 0, 0.14%, 7, 0, 9, 59.17
1735468555, 54, 27, 41, 5, 0, 0.14%, 7, 0, 9, 61.70
1735468595, 55, 27, 41, 3, 0, 0.14%, 7, 0, 9, 53.91
1735468641, 55, 29, 41, 3, 0, 0.14%, 7, 0, 9, 101.18
1735468707, 56, 27, 41, 2, 0, 0.14%, 7, 0, 9, 61.71
1735468748, 57, 27, 41, 1, 0, 0.14%, 7, 0, 9, 43.68
1735468788, 58, 25, 41, 0, 0, 0.14%, 7, 0, 9, 66.66
1735468839, 58, 27, 41, 0, 0, 0.14%, 7, 0, 9, 62.20
1735468880, 59, 25, 41, 0, 0, 0.14%, 7, 0, 9, 52.68
1735468926, 59, 27, 41, 0, 0, 0.14%, 7, 0, 9, 58.09
1735468966, 59, 38, 41, 0, 0, 0.14%, 7, 0, 9, 76.62
1735469052, 60, 25, 41, 0, 0, 0.14%, 7, 0, 9, 53.31
1735469093, 60, 27, 41, 0, 0, 0.14%, 7, 0, 9, 55.52
1735469133, 61, 25, 41, 0, 0, 0.14%, 7, 0, 9, 54.58
1735469179, 61, 27, 41, 0, 0, 0.14%, 7, 0, 9, 59.16
1735469215, 61, 38, 41, 0, 0, 0.14%, 7, 0, 9, 53.78
1735469245, 62, 25, 41, 0, 0, 0.14%, 7, 0, 9, 57.58
1735469291, 62, 27, 41, 0, 0, 0.14%, 7, 0, 9, 56.82
1735469332, 62, 38, 41, 0, 0, 0.14%, 7, 0, 9, 58.02
1735469372, 63, 25, 41, 0, 0, 0.14%, 7, 0, 9, 51.02
1735469413, 63, 27, 41, 0, 0, 0.14%, 7, 0, 9, 55.54
1735469453, 63, 38, 41, 0, 0, 0.14%, 7, 0, 9, 52.46
1735469499, 64, 16, 41, 0, 0, 0.14%, 7, 0, 9, 93.65
1735469549, 64, 25, 41, 0, 0, 0.14%, 7, 0, 9, 58.05
1735469595, 64, 27, 41, 0, 0, 0.14%, 7, 0, 9, 57.05
1735469636, 64, 38, 41, 0, 0, 0.14%, 7, 0, 9, 58.76
1735469676, 65, 16, 41, 0, 0, 0.14%, 7, 0, 9, 56.91
1735469696, 65, 25, 41, 0, 0, 0.14%, 7, 0, 9, 54.51
1735469737, 65, 27, 41, 0, 0, 0.14%, 7, 0, 9, 56.83
1735469778, 65, 38, 41, 0, 0, 0.14%, 7, 0, 9, 53.80
1735469818, 66, 16, 41, 0, 0, 0.14%, 7, 0, 9, 55.50
1735469858, 66, 25, 41, 0, 0, 0.14%, 7, 0, 9, 49.99
1735469899, 66, 27, 41, 0, 0, 0.14%, 7, 0, 9, 64.35
1735469904, 66, 38, 41, 0, 0, 0.14%, 7, 0, 9, 59.99
1735469945, 67, 16, 41, 0, 0, 0.14%, 7, 0, 9, 59.77
1735469960, 67, 16, 42, 1, 0, 0.14%, 7, 0, 9, 55.70
1735470001, 67, 41, 42, 1, 1, 0.14%, 7, 0, 9, 50.18
1735470143, 68, 27, 42, 0, 0, 0.14%, 7, 0, 9, 57.33
1735470149, 69, 27, 42, 0, 0, 0.14%, 7, 0, 9, 55.88
1735470159, 70, 27, 42, 0, 0, 0.14%, 7, 0, 9, 55.62
1735470164, 70, 38, 42, 0, 0, 0.14%, 7, 0, 9, 58.96
1735470204, 71, 27, 42, 0, 0, 0.14%, 7, 0, 9, 54.80
1735470209, 72, 16, 42, 0, 0, 0.14%, 7, 0, 9, 54.97
1735470250, 72, 27, 42, 0, 0, 0.14%, 7, 0, 9, 52.24
1735470255, 73, 27, 42, 0, 0, 0.14%, 7, 0, 9, 56.30
1735470260, 74, 27, 42, 0, 0, 0.14%, 7, 0, 9, 58.49
1735470270, 75, 27, 42, 0, 0, 0.14%, 7, 0, 9, 57.45
1735470275, 75, 41, 42, 0, 0, 0.14%, 7, 0, 9, 61.48
1735470296, 76, 27, 42, 0, 0, 0.14%, 7, 0, 9, 59.03
1735470301, 76, 41, 42, 0, 0, 0.14%, 7, 0, 9, 65.55
1735470336, 77, 27, 42, 0, 0, 0.14%, 7, 0, 9, 62.54
1735470341, 77, 41, 42, 0, 0, 0.14%, 7, 0, 9, 63.04
1735470382, 78, 27, 42, 0, 0, 0.14%, 7, 0, 9, 59.65
1735470387, 78, 41, 42, 0, 0, 0.14%, 7, 0, 9, 67.66
1735470428, 79, 27, 42, 0, 0, 0.14%, 7, 0, 9, 57.95
1735470433, 79, 41, 42, 0, 0, 0.14%, 7, 0, 9, 71.57
1735470468, 80, 27, 42, 0, 0, 0.14%, 7, 0, 9, 60.15
1735470473, 80, 41, 42, 0, 0, 0.14%, 7, 0, 9, 60.67
1735470514, 81, 27, 42, 0, 0, 0.14%, 7, 0, 9, 60.90
1735470519, 81, 41, 42, 0, 0, 0.14%, 7, 0, 9, 66.19
1735470555, 82, 27, 42, 0, 0, 0.14%, 7, 0, 9, 60.16
1735470565, 82, 41, 42, 0, 0, 0.14%, 7, 0, 9, 72.21
1735470600, 83, 27, 42, 0, 0, 0.14%, 7, 0, 9, 58.34
1735470606, 84, 27, 42, 0, 0, 0.14%, 7, 0, 9, 57.17
1735470611, 85, 27, 42, 0, 0, 0.14%, 7, 0, 9, 60.63
1735470616, 86, 27, 42, 0, 0, 0.14%, 7, 0, 9, 51.88
1735470626, 87, 27, 42, 0, 0, 0.14%, 7, 0, 9, 56.32
1735470631, 88, 27, 42, 0, 0, 0.14%, 7, 0, 9, 56.98
1735470636, 89, 27, 42, 0, 0, 0.14%, 7, 0, 9, 59.21
1735470641, 90, 27, 42, 0, 0, 0.14%, 7, 0, 9, 60.31
1735470646, 91, 27, 42, 0, 0, 0.14%, 7, 0, 9, 58.98
1735470651, 92, 27, 42, 0, 0, 0.14%, 7, 0, 9, 57.60
1735470661, 92, 38, 42, 0, 0, 0.14%, 7, 0, 9, 53.66
1735470702, 92, 40, 42, 0, 0, 0.14%, 7, 0, 9, 110.75
1735470864, 93, 27, 42, 0, 0, 0.14%, 7, 0, 9, 62.87
1735470874, 94, 27, 42, 0, 0, 0.14%, 7, 0, 9, 61.51
1735470879, 95, 27, 42, 0, 0, 0.14%, 7, 0, 9, 60.76
1735470884, 96, 27, 42, 0, 0, 0.14%, 7, 0, 9, 60.05
1735470889, 96, 38, 42, 0, 0, 0.14%, 7, 0, 9, 57.79
1735470930, 97, 27, 42, 0, 0, 0.14%, 7, 0, 9, 58.83
1735470935, 98, 12, 42, 0, 0, 0.14%, 7, 0, 9, 56.05
1735470945, 98, 27, 42, 0, 0, 0.14%, 7, 0, 9, 58.87
1735470950, 99, 27, 42, 0, 0, 0.14%, 7, 0, 9, 56.31
1735470955, 100, 27, 42, 0, 0, 0.14%, 7, 0, 9, 63.36
1735470960, 101, 27, 42, 0, 0, 0.14%, 7, 0, 9, 63.79
1735470970, 101, 40, 42, 0, 0, 0.14%, 7, 0, 9, 73.24
1735470996, 102, 27, 42, 0, 0, 0.14%, 7, 0, 9, 59.76
1735471001, 103, 23, 42, 0, 0, 0.14%, 7, 0, 9, 61.23
1735471088, 103, 27, 42, 0, 0, 0.14%, 7, 0, 9, 63.43
1735471093, 104, 27, 42, 0, 0, 0.14%, 7, 0, 9, 63.73
1735471098, 105, 27, 42, 0, 0, 0.14%, 7, 0, 9, 59.60
1735471108, 106, 27, 42, 0, 0, 0.14%, 7, 0, 9, 60.57
1735471113, 107, 27, 42, 0, 0, 0.14%, 7, 0, 9, 58.15
1735471118, 108, 27, 42, 0, 0, 0.14%, 7, 0, 9, 58.77
1735471123, 109, 27, 42, 0, 0, 0.14%, 7, 0, 9, 59.88
1735471128, 110, 27, 42, 0, 0, 0.14%, 7, 0, 9, 58.18
1735471133, 111, 27, 42, 0, 0, 0.14%, 7, 0, 9, 62.25
1735471138, 112, 27, 42, 0, 0, 0.14%, 7, 0, 9, 58.46
1735471143, 113, 27, 42, 0, 0, 0.14%, 7, 0, 9, 59.04
1735471149, 113, 28, 42, 0, 0, 0.14%, 7, 0, 9, 63.31
1735471169, 114, 15, 42, 0, 0, 0.14%, 7, 0, 9, 63.60
1735471230, 114, 27, 42, 0, 0, 0.14%, 7, 0, 9, 60.41
1735471235, 115, 27, 42, 0, 0, 0.14%, 7, 0, 9, 65.30
1735471240, 116, 27, 42, 0, 0, 0.14%, 7, 0, 9, 57.16
1735471245, 117, 24, 42, 0, 0, 0.14%, 7, 0, 9, 63.88
1735471266, 117, 25, 42, 0, 0, 0.14%, 7, 0, 9, 60.00
1735471301, 117, 27, 42, 0, 0, 0.14%, 7, 0, 9, 61.17
1735471306, 118, 27, 42, 0, 0, 0.14%, 7, 0, 9, 59.58
1735471312, 119, 27, 42, 0, 0, 0.14%, 7, 0, 9, 64.57
1735471322, 120, 16, 42, 0, 0, 0.14%, 7, 0, 9, 60.35
1735471352, 120, 27, 42, 0, 0, 0.14%, 7, 0, 9, 69.41
1735471357, 121, 27, 42, 0, 0, 0.14%, 7, 0, 9, 62.66
1735471363, 122, 27, 42, 0, 0, 0.14%, 7, 0, 9, 64.76
1735471373, 122, 28, 42, 0, 0, 0.14%, 7, 0, 9, 65.04
1735471393, 123, 27, 42, 0, 0, 0.14%, 7, 0, 9, 62.76
1735471398, 124, 27, 42, 0, 0, 0.14%, 7, 0, 9, 66.94
1735471403, 125, 27, 42, 0, 0, 0.14%, 7, 0, 9, 64.64
1735471408, 126, 27, 42, 0, 0, 0.14%, 7, 0, 9, 62.18
1735471413, 127, 27, 42, 0, 0, 0.14%, 7, 0, 9, 60.90
1735471419, 128, 25, 42, 0, 0, 0.14%, 7, 0, 9, 56.72
1735471459, 128, 27, 42, 0, 0, 0.14%, 7, 0, 9, 62.17
1735471464, 129, 27, 42, 0, 0, 0.14%, 7, 0, 9, 59.53
1735471469, 132, 24, 42, 0, 0, 0.14%, 7, 0, 9, 61.35
1735471505, 133, 35, 42, 0, 0, 0.14%, 7, 0, 9, 87.92
1735471887, 136, 16, 42, 0, 0, 0.14%, 7, 0, 9, 60.80
1735471922, 136, 31, 42, 0, 0, 0.14%, 7, 0, 9, 65.49
