# unix_time, cycles_done, cur_path, paths_total, pending_total, pending_favs, map_size, unique_crashes, unique_hangs, max_depth, execs_per_sec
1735547563, 0, 0, 10, 10, 1, 0.01%, 0, 0, 1, 38.61
1735547568, 0, 2, 10, 10, 1, 0.01%, 0, 0, 1, 36.93
1735547583, 1, 0, 10, 2, 0, 0.01%, 0, 0, 1, 44.05
1735547588, 1, 1, 10, 1, 0, 0.01%, 0, 0, 1, 45.78
1735547598, 1, 2, 10, 0, 0, 0.01%, 0, 0, 1, 46.74
1735547604, 1, 3, 10, 0, 0, 0.01%, 0, 0, 1, 47.83
1735547609, 1, 4, 10, 0, 0, 0.01%, 0, 0, 1, 44.15
1735547614, 1, 5, 10, 0, 0, 0.01%, 0, 0, 1, 44.59
1735547619, 1, 6, 10, 0, 0, 0.01%, 0, 0, 1, 45.32
1735547624, 1, 7, 10, 0, 0, 0.01%, 0, 0, 1, 42.81
1735547629, 1, 8, 10, 0, 0, 0.01%, 0, 0, 1, 42.54
1735547634, 1, 9, 10, 0, 0, 0.01%, 0, 0, 1, 47.00
1735547644, 2, 0, 10, 0, 0, 0.01%, 0, 0, 1, 42.65
1735547649, 2, 1, 10, 0, 0, 0.01%, 0, 0, 1, 44.35
1735547654, 2, 2, 10, 0, 0, 0.01%, 0, 0, 1, 44.61
1735547659, 2, 3, 10, 0, 0, 0.01%, 0, 0, 1, 43.66
1735547664, 2, 4, 10, 0, 0, 0.01%, 0, 0, 1, 44.92
1735547670, 2, 5, 10, 0, 0, 0.01%, 0, 0, 1, 44.80
1735547675, 2, 6, 10, 0, 0, 0.01%, 0, 0, 1, 43.81
1735547680, 2, 7, 10, 0, 0, 0.01%, 0, 0, 1, 45.72
1735547690, 2, 8, 10, 0, 0, 0.01%, 0, 0, 1, 43.58
1735547695, 2, 9, 10, 0, 0, 0.01%, 0, 0, 1, 45.36
1735547700, 3, 0, 10, 0, 0, 0.01%, 0, 0, 1, 45.27
1735547705, 3, 1, 10, 0, 0, 0.01%, 0, 0, 1, 45.20
1735547710, 3, 2, 10, 0, 0, 0.01%, 0, 0, 1, 44.79
1735547715, 3, 3, 10, 0, 0, 0.01%, 0, 0, 1, 45.22
1735547720, 3, 4, 10, 0, 0, 0.01%, 0, 0, 1, 44.80
1735547725, 3, 5, 10, 0, 0, 0.01%, 0, 0, 1, 45.43
1735547736, 3, 6, 10, 0, 0, 0.01%, 0, 0, 1, 45.43
1735547741, 3, 7, 10, 0, 0, 0.01%, 0, 0, 1, 42.85
1735547746, 3, 8, 10, 0, 0, 0.01%, 0, 0, 1, 43.87
1735547751, 3, 9, 10, 0, 0, 0.01%, 0, 0, 1, 44.13
1735547756, 4, 0, 10, 0, 0, 0.01%, 0, 0, 1, 43.65
1735547761, 4, 1, 10, 0, 0, 0.01%, 0, 0, 1, 44.80
1735547766, 4, 2, 10, 0, 0, 0.01%, 0, 0, 1, 45.43
1735547771, 4, 3, 10, 0, 0, 0.01%, 0, 0, 1, 44.23
1735547781, 4, 4, 10, 0, 0, 0.01%, 0, 0, 1, 43.95
1735547787, 4, 5, 10, 0, 0, 0.01%, 0, 0, 1, 44.92
1735547792, 4, 6, 10, 0, 0, 0.01%, 0, 0, 1, 44.41
1735547797, 4, 7, 10, 0, 0, 0.01%, 0, 0, 1, 46.22
1735547802, 4, 8, 10, 0, 0, 0.01%, 0, 0, 1, 44.41
1735547807, 4, 9, 10, 0, 0, 0.01%, 0, 0, 1, 41.56
1735547812, 5, 0, 10, 0, 0, 0.01%, 0, 0, 1, 42.47
1735547822, 5, 1, 10, 0, 0, 0.01%, 0, 0, 1, 45.98
1735547827, 5, 2, 10, 0, 0, 0.01%, 0, 0, 1, 42.90
1735547832, 5, 3, 10, 0, 0, 0.01%, 0, 0, 1, 44.58
1735547837, 5, 4, 10, 0, 0, 0.01%, 0, 0, 1, 44.11
1735547843, 5, 5, 10, 0, 0, 0.01%, 0, 0, 1, 44.88
1735547848, 5, 6, 10, 0, 0, 0.01%, 0, 0, 1, 44.42
1735547853, 5, 7, 10, 0, 0, 0.01%, 0, 0, 1, 42.13
1735547863, 5, 8, 10, 0, 0, 0.01%, 0, 0, 1, 42.21
1735547868, 5, 9, 10, 0, 0, 0.01%, 0, 0, 1, 43.83
1735547873, 6, 0, 10, 0, 0, 0.01%, 0, 0, 1, 43.35
1735547878, 6, 1, 10, 0, 0, 0.01%, 0, 0, 1, 42.84
1735547883, 6, 2, 10, 0, 0, 0.01%, 0, 0, 1, 45.13
1735547888, 6, 3, 10, 0, 0, 0.01%, 0, 0, 1, 44.81
1735547898, 6, 4, 10, 0, 0, 0.01%, 0, 0, 1, 42.77
1735547903, 6, 5, 10, 0, 0, 0.01%, 0, 0, 1, 42.87
1735547908, 6, 6, 10, 0, 0, 0.01%, 0, 0, 1, 44.01
1735547913, 6, 7, 10, 0, 0, 0.01%, 0, 0, 1, 44.70
1735547918, 6, 8, 10, 0, 0, 0.01%, 0, 0, 1, 43.92
1735547924, 6, 9, 10, 0, 0, 0.01%, 0, 0, 1, 43.46
1735547929, 7, 0, 10, 0, 0, 0.01%, 0, 0, 1, 44.36
1735547939, 7, 1, 10, 0, 0, 0.01%, 0, 0, 1, 44.32
1735547944, 7, 2, 10, 0, 0, 0.01%, 0, 0, 1, 45.69
1735547949, 7, 3, 10, 0, 0, 0.01%, 0, 0, 1, 44.82
1735547954, 7, 4, 10, 0, 0, 0.01%, 0, 0, 1, 43.17
1735547959, 7, 5, 10, 0, 0, 0.01%, 0, 0, 1, 44.23
1735547964, 7, 6, 10, 0, 0, 0.01%, 0, 0, 1, 46.64
1735547969, 7, 7, 10, 0, 0, 0.01%, 0, 0, 1, 44.33
1735547974, 7, 8, 10, 0, 0, 0.01%, 0, 0, 1, 44.24
1735547985, 7, 9, 10, 0, 0, 0.01%, 0, 0, 1, 43.60
1735547990, 8, 0, 10, 0, 0, 0.01%, 0, 0, 1, 46.26
1735547995, 8, 1, 10, 0, 0, 0.01%, 0, 0, 1, 43.84
1735548000, 8, 2, 10, 0, 0, 0.01%, 0, 0, 1, 43.50
1735548005, 8, 3, 10, 0, 0, 0.01%, 0, 0, 1, 44.74
1735548010, 8, 4, 10, 0, 0, 0.01%, 0, 0, 1, 45.31
1735548015, 8, 5, 10, 0, 0, 0.01%, 0, 0, 1, 45.77
1735548020, 8, 6, 10, 0, 0, 0.01%, 0, 0, 1, 44.96
1735548030, 8, 7, 10, 0, 0, 0.01%, 0, 0, 1, 43.03
1735548035, 8, 8, 10, 0, 0, 0.01%, 0, 0, 1, 43.55
1735548040, 8, 9, 10, 0, 0, 0.01%, 0, 0, 1, 43.56
1735548046, 9, 0, 10, 0, 0, 0.01%, 0, 0, 1, 45.07
1735548051, 9, 1, 10, 0, 0, 0.01%, 0, 0, 1, 43.25
1735548056, 9, 2, 10, 0, 0, 0.01%, 0, 0, 1, 41.74
1735548066, 9, 3, 10, 0, 0, 0.01%, 0, 0, 1, 42.75
1735548071, 9, 4, 10, 0, 0, 0.01%, 0, 0, 1, 44.89
1735548076, 9, 5, 10, 0, 0, 0.01%, 0, 0, 1, 43.67
1735548081, 9, 6, 10, 0, 0, 0.01%, 0, 0, 1, 43.73
1735548086, 9, 7, 10, 0, 0, 0.01%, 0, 0, 1, 44.33
1735548091, 9, 8, 10, 0, 0, 0.01%, 0, 0, 1, 45.58
1735548096, 9, 9, 10, 0, 0, 0.01%, 0, 0, 1, 45.30
1735548106, 10, 0, 10, 0, 0, 0.01%, 0, 0, 1, 44.08
1735548111, 10, 1, 10, 0, 0, 0.01%, 0, 0, 1, 45.00
1735548116, 10, 2, 10, 0, 0, 0.01%, 0, 0, 1, 43.73
1735548122, 10, 3, 10, 0, 0, 0.01%, 0, 0, 1, 42.24
1735548127, 10, 4, 10, 0, 0, 0.01%, 0, 0, 1, 44.64
1735548132, 10, 5, 10, 0, 0, 0.01%, 0, 0, 1, 44.92
1735548137, 10, 6, 10, 0, 0, 0.01%, 0, 0, 1, 44.63
1735548142, 10, 7, 10, 0, 0, 0.01%, 0, 0, 1, 44.01
1735548152, 10, 8, 10, 0, 0, 0.01%, 0, 0, 1, 42.21
1735548157, 10, 9, 10, 0, 0, 0.01%, 0, 0, 1, 42.94
1735548162, 11, 0, 10, 0, 0, 0.01%, 0, 0, 1, 46.05
1735548167, 11, 1, 10, 0, 0, 0.01%, 0, 0, 1, 43.22
1735548172, 11, 2, 10, 0, 0, 0.01%, 0, 0, 1, 43.63
1735548178, 11, 3, 10, 0, 0, 0.01%, 0, 0, 1, 46.98
1735548183, 11, 4, 10, 0, 0, 0.01%, 0, 0, 1, 45.49
1735548188, 11, 5, 10, 0, 0, 0.01%, 0, 0, 1, 47.53
1735548198, 11, 6, 10, 0, 0, 0.01%, 0, 0, 1, 46.58
1735548203, 11, 7, 10, 0, 0, 0.01%, 0, 0, 1, 46.30
1735548208, 11, 8, 10, 0, 0, 0.01%, 0, 0, 1, 45.87
1735548213, 11, 9, 10, 0, 0, 0.01%, 0, 0, 1, 45.20
1735548218, 12, 0, 10, 0, 0, 0.01%, 0, 0, 1, 48.40
1735548223, 12, 1, 10, 0, 0, 0.01%, 0, 0, 1, 47.31
1735548228, 12, 2, 10, 0, 0, 0.01%, 0, 0, 1, 46.02
1735548234, 12, 3, 10, 0, 0, 0.01%, 0, 0, 1, 46.89
1735548239, 12, 4, 10, 0, 0, 0.01%, 0, 0, 1, 45.19
1735548244, 12, 5, 10, 0, 0, 0.01%, 0, 0, 1, 47.10
1735548249, 12, 6, 10, 0, 0, 0.01%, 0, 0, 1, 46.46
1735548254, 12, 7, 10, 0, 0, 0.01%, 0, 0, 1, 47.08
1735548259, 12, 8, 10, 0, 0, 0.01%, 0, 0, 1, 48.10
1735548269, 12, 9, 10, 0, 0, 0.01%, 0, 0, 1, 46.22
1735548274, 13, 0, 10, 0, 0, 0.01%, 0, 0, 1, 43.83
1735548279, 13, 1, 10, 0, 0, 0.01%, 0, 0, 1, 46.97
1735548284, 13, 2, 10, 0, 0, 0.01%, 0, 0, 1, 44.86
1735548289, 13, 3, 10, 0, 0, 0.01%, 0, 0, 1, 45.68
1735548294, 13, 4, 10, 0, 0, 0.01%, 0, 0, 1, 48.70
1735548300, 13, 5, 10, 0, 0, 0.01%, 0, 0, 1, 46.91
1735548305, 13, 6, 10, 0, 0, 0.01%, 0, 0, 1, 44.96
1735548310, 13, 7, 10, 0, 0, 0.01%, 0, 0, 1, 46.81
1735548315, 13, 8, 10, 0, 0, 0.01%, 0, 0, 1, 47.42
1735548320, 13, 9, 10, 0, 0, 0.01%, 0, 0, 1, 45.26
1735548330, 14, 0, 10, 0, 0, 0.01%, 0, 0, 1, 45.05
1735548335, 14, 1, 10, 0, 0, 0.01%, 0, 0, 1, 46.17
1735548340, 14, 2, 10, 0, 0, 0.01%, 0, 0, 1, 46.11
1735548345, 14, 3, 10, 0, 0, 0.01%, 0, 0, 1, 45.92
1735548350, 14, 4, 10, 0, 0, 0.01%, 0, 0, 1, 45.71
1735548355, 14, 5, 10, 0, 0, 0.01%, 0, 0, 1, 46.19
1735548361, 14, 6, 10, 0, 0, 0.01%, 0, 0, 1, 46.73
1735548366, 14, 7, 10, 0, 0, 0.01%, 0, 0, 1, 45.13
1735548371, 14, 8, 10, 0, 0, 0.01%, 0, 0, 1, 45.85
1735548376, 14, 9, 10, 0, 0, 0.01%, 0, 0, 1, 45.19
1735548381, 15, 0, 10, 0, 0, 0.01%, 0, 0, 1, 47.37
1735548391, 15, 1, 10, 0, 0, 0.01%, 0, 0, 1, 44.74
1735548396, 15, 2, 10, 0, 0, 0.01%, 0, 0, 1, 45.72
1735548401, 15, 3, 10, 0, 0, 0.01%, 0, 0, 1, 40.30
1735548422, 15, 4, 10, 0, 0, 0.01%, 0, 0, 1, 41.70
1735548442, 15, 5, 10, 0, 0, 0.01%, 0, 0, 1, 44.89
1735548462, 15, 6, 10, 0, 0, 0.01%, 0, 0, 1, 47.07
1735548487, 15, 7, 10, 0, 0, 0.01%, 0, 0, 1, 39.07
1735548508, 15, 8, 10, 0, 0, 0.01%, 0, 0, 1, 38.75
1735548528, 15, 9, 10, 0, 0, 0.01%, 0, 0, 1, 39.29
1735548549, 16, 0, 10, 0, 0, 0.01%, 0, 0, 1, 41.06
1735548569, 16, 1, 10, 0, 0, 0.01%, 0, 0, 1, 45.22
1735548574, 16, 2, 10, 0, 0, 0.01%, 0, 0, 1, 46.09
1735548579, 16, 3, 10, 0, 0, 0.01%, 0, 0, 1, 46.87
1735548584, 16, 4, 10, 0, 0, 0.01%, 0, 0, 1, 45.01
1735548589, 16, 5, 10, 0, 0, 0.01%, 0, 0, 1, 44.81
1735548594, 16, 6, 10, 0, 0, 0.01%, 0, 0, 1, 46.06
1735548599, 16, 7, 10, 0, 0, 0.01%, 0, 0, 1, 47.09
1735548609, 16, 8, 10, 0, 0, 0.01%, 0, 0, 1, 44.31
1735548614, 16, 9, 10, 0, 0, 0.01%, 0, 0, 1, 44.86
1735548619, 17, 0, 10, 0, 0, 0.01%, 0, 0, 1, 45.46
1735548625, 17, 1, 10, 0, 0, 0.01%, 0, 0, 1, 45.01
1735548630, 17, 2, 10, 0, 0, 0.01%, 0, 0, 1, 45.31
1735548635, 17, 3, 10, 0, 0, 0.01%, 0, 0, 1, 45.14
1735548640, 17, 4, 10, 0, 0, 0.01%, 0, 0, 1, 45.66
1735548645, 17, 5, 10, 0, 0, 0.01%, 0, 0, 1, 49.53
1735548650, 17, 10, 11, 1, 1, 0.14%, 1, 0, 2, 50.46
1735548660, 17, 10, 12, 2, 1, 0.14%, 2, 0, 3, 50.81
1735548665, 17, 10, 13, 3, 1, 0.14%, 3, 0, 3, 51.48
1735548787, 17, 12, 14, 2, 1, 0.14%, 4, 0, 4, 66.85
1735548864, 17, 13, 14, 1, 1, 0.14%, 4, 0, 4, 56.67
1735548920, 17, 13, 15, 2, 1, 0.14%, 4, 0, 5, 49.66
1735548925, 17, 13, 16, 3, 1, 0.14%, 4, 0, 5, 52.32
1735549031, 17, 14, 16, 2, 1, 0.14%, 4, 0, 5, 75.90
1735549052, 17, 14, 17, 3, 1, 0.14%, 4, 0, 6, 93.23
1735549067, 17, 14, 18, 4, 1, 0.14%, 4, 0, 6, 55.75
1735549072, 17, 14, 19, 5, 1, 0.14%, 4, 0, 6, 59.36
1735549153, 17, 14, 20, 6, 1, 0.14%, 5, 0, 6, 60.46
1735549189, 17, 19, 20, 5, 1, 0.14%, 5, 0, 6, 63.89
1735549245, 17, 19, 21, 6, 1, 0.14%, 5, 0, 7, 57.02
1735549316, 17, 19, 22, 7, 1, 0.14%, 5, 0, 7, 59.93
1735549336, 17, 20, 23, 7, 1, 0.14%, 5, 0, 8, 66.44
1735549377, 17, 20, 24, 8, 1, 0.14%, 5, 0, 8, 63.29
1735549387, 17, 20, 25, 9, 1, 0.14%, 5, 0, 8, 60.85
1735549392, 17, 20, 26, 10, 1, 0.14%, 5, 0, 8, 54.69
1735549478, 17, 24, 26, 9, 1, 0.14%, 5, 0, 8, 75.31
1735549524, 17, 24, 27, 10, 1, 0.14%, 5, 0, 9, 59.35
1735549559, 17, 24, 28, 11, 1, 0.14%, 5, 0, 9, 60.48
1735549574, 17, 24, 29, 12, 1, 0.14%, 5, 0, 9, 58.25
1735549650, 17, 28, 29, 11, 1, 0.14%, 5, 0, 9, 78.64
1735549656, 17, 28, 30, 12, 1, 0.14%, 5, 0, 10, 88.51
1735549717, 17, 28, 31, 13, 1, 0.14%, 5, 0, 10, 65.44
1735549737, 17, 28, 32, 14, 1, 0.14%, 5, 0, 10, 65.66
1735549828, 17, 30, 32, 13, 2, 0.14%, 5, 0, 10, 76.34
1735549894, 17, 30, 34, 15, 2, 0.14%, 5, 0, 11, 59.57
1735550010, 17, 30, 35, 16, 2, 0.14%, 5, 0, 11, 61.23
1735550016, 17, 31, 35, 15, 2, 0.14%, 5, 0, 11, 84.26
1735550158, 18, 26, 35, 10, 0, 0.14%, 5, 0, 11, 50.86
1735550434, 22, 21, 35, 5, 0, 0.14%, 5, 0, 11, 64.26
1735550530, 24, 18, 35, 3, 0, 0.14%, 5, 0, 11, 46.74
1735550535, 24, 32, 35, 2, 0, 0.14%, 5, 0, 11, 73.86
1735550754, 24, 32, 36, 3, 0, 0.14%, 6, 0, 12, 70.90
1735550826, 24, 35, 36, 3, 1, 0.14%, 6, 0, 12, 101.81
1735551107, 24, 35, 37, 4, 1, 0.14%, 7, 0, 13, 83.75
1735551137, 24, 35, 38, 5, 1, 0.14%, 7, 0, 13, 80.50
1735551142, 24, 35, 39, 6, 1, 0.14%, 7, 0, 13, 81.72
1735551183, 24, 37, 39, 5, 1, 0.14%, 7, 0, 13, 87.25
1735551402, 25, 27, 39, 4, 0, 0.14%, 7, 0, 13, 52.93
1735551737, 25, 36, 39, 3, 0, 0.14%, 7, 0, 13, 95.96
1735552084, 25, 38, 39, 2, 0, 0.14%, 7, 0, 13, 58.67
1735552451, 34, 25, 39, 0, 0, 0.14%, 7, 0, 13, 62.92
1735552506, 35, 25, 39, 0, 0, 0.14%, 7, 0, 13, 62.50
1735552516, 35, 38, 39, 0, 0, 0.14%, 7, 0, 13, 63.68
1735552527, 36, 25, 39, 0, 0, 0.14%, 7, 0, 13, 63.70
1735552557, 36, 38, 39, 0, 0, 0.14%, 7, 0, 13, 71.80
1735552577, 37, 25, 39, 0, 0, 0.14%, 7, 0, 13, 70.84
1735552613, 37, 38, 39, 0, 0, 0.14%, 7, 0, 13, 59.93
1735552648, 38, 25, 39, 0, 0, 0.14%, 7, 0, 13, 60.78
1735552684, 38, 38, 39, 0, 0, 0.14%, 7, 0, 13, 66.77
1735552720, 39, 25, 39, 0, 0, 0.14%, 7, 0, 13, 72.72
1735552755, 39, 38, 39, 0, 0, 0.14%, 7, 0, 13, 66.46
1735552796, 40, 25, 39, 0, 0, 0.14%, 7, 0, 13, 66.24
1735552831, 40, 38, 39, 0, 0, 0.14%, 7, 0, 13, 66.19
1735552867, 41, 25, 39, 0, 0, 0.14%, 7, 0, 13, 64.80
1735552902, 42, 25, 39, 0, 0, 0.14%, 7, 0, 13, 62.91
1735552938, 43, 0, 39, 0, 0, 0.14%, 7, 0, 13, 63.88
1735552943, 43, 25, 39, 0, 0, 0.14%, 7, 0, 13, 70.36
1735552973, 54, 33, 39, 0, 0, 0.14%, 7, 0, 13, 88.79
1735553096, 56, 11, 39, 0, 0, 0.14%, 7, 0, 13, 67.74
1735553126, 63, 17, 39, 0, 0, 0.14%, 7, 0, 13, 95.51
1735553202, 64, 17, 39, 0, 0, 0.14%, 7, 0, 13, 65.32
1735553212, 69, 13, 39, 0, 0, 0.14%, 7, 0, 13, 58.67
1735553217, 71, 12, 39, 0, 0, 0.14%, 7, 0, 13, 62.76
1735553223, 81, 12, 39, 0, 0, 0.14%, 7, 0, 13, 64.67
1735553228, 81, 17, 39, 0, 0, 0.14%, 7, 0, 13, 66.83
1735553238, 82, 29, 39, 0, 0, 0.14%, 7, 0, 13, 75.24
1735553319, 83, 11, 39, 0, 0, 0.14%, 7, 0, 13, 56.63
1735553324, 86, 26, 39, 0, 0, 0.14%, 7, 0, 13, 65.97
1735553335, 88, 23, 39, 0, 0, 0.14%, 7, 0, 13, 77.78
1735553436, 88, 23, 40, 1, 0, 0.14%, 8, 0, 13, 65.14
1735553446, 88, 39, 40, 1, 1, 0.14%, 8, 0, 13, 51.91
1735553752, 94, 17, 40, 0, 0, 0.14%, 8, 0, 13, 65.70
1735553782, 95, 18, 40, 0, 0, 0.14%, 8, 0, 13, 105.12
1735554546, 99, 22, 40, 0, 0, 0.14%, 8, 0, 13, 70.07
1735554603, 100, 39, 40, 0, 0, 0.14%, 8, 0, 13, 71.95
1735554628, 101, 39, 40, 0, 0, 0.14%, 8, 0, 13, 69.58
1735554663, 102, 39, 40, 0, 0, 0.14%, 8, 0, 13, 71.31
1735554699, 103, 11, 40, 0, 0, 0.14%, 8, 0, 13, 58.14
1735554704, 103, 26, 40, 0, 0, 0.14%, 8, 0, 13, 65.23
1735554724, 103, 39, 40, 0, 0, 0.14%, 8, 0, 13, 73.96
1735554755, 106, 10, 40, 0, 0, 0.14%, 8, 0, 13, 70.06
1735554760, 107, 22, 40, 0, 0, 0.14%, 8, 0, 13, 65.60
1735554770, 108, 13, 40, 0, 0, 0.14%, 8, 0, 13, 60.65
1735554780, 109, 11, 40, 0, 0, 0.14%, 8, 0, 13, 58.23
1735554785, 111, 12, 40, 0, 0, 0.14%, 8, 0, 13, 62.45
1735554800, 113, 22, 40, 0, 0, 0.14%, 8, 0, 13, 60.35
1735554811, 117, 23, 40, 0, 0, 0.14%, 8, 0, 13, 64.69
1735554821, 119, 23, 40, 0, 0, 0.14%, 8, 0, 13, 66.02
1735554831, 120, 14, 40, 0, 0, 0.14%, 8, 0, 13, 61.78
1735554836, 121, 17, 40, 0, 0, 0.14%, 8, 0, 13, 57.88
1735554866, 122, 16, 40, 0, 0, 0.14%, 8, 0, 13, 92.59
1735554887, 123, 32, 40, 0, 0, 0.14%, 8, 0, 13, 66.79
1735554897, 123, 36, 40, 0, 0, 0.14%, 8, 0, 13, 69.25
1735554902, 126, 12, 40, 0, 0, 0.14%, 8, 0, 13, 60.24
1735554922, 126, 13, 40, 0, 0, 0.14%, 8, 0, 13, 63.82
1735554942, 126, 17, 40, 0, 0, 0.14%, 8, 0, 13, 57.93
1735554978, 128, 10, 40, 0, 0, 0.14%, 8, 0, 13, 62.82
1735554983, 128, 12, 40, 0, 0, 0.14%, 8, 0, 13, 65.40
1735555019, 129, 12, 40, 0, 0, 0.14%, 8, 0, 13, 66.88
1735555059, 131, 17, 40, 0, 0, 0.14%, 8, 0, 13, 71.07
1735555095, 132, 36, 40, 0, 0, 0.14%, 8, 0, 13, 64.55
1735555110, 137, 10, 40, 0, 0, 0.14%, 8, 0, 13, 59.40
1735555120, 138, 24, 40, 0, 0, 0.14%, 8, 0, 13, 68.40
1735555131, 138, 36, 40, 0, 0, 0.14%, 8, 0, 13, 74.81
1735555156, 141, 24, 40, 0, 0, 0.14%, 8, 0, 13, 58.69
1735555176, 144, 10, 40, 0, 0, 0.14%, 8, 0, 13, 61.16
1735555196, 145, 22, 40, 0, 0, 0.14%, 8, 0, 13, 63.92
1735555222, 146, 18, 40, 0, 0, 0.14%, 8, 0, 13, 70.47
1735555232, 147, 13, 40, 0, 0, 0.14%, 8, 0, 13, 59.27
1735555267, 151, 14, 40, 0, 0, 0.14%, 8, 0, 13, 64.98
1735555272, 151, 18, 40, 0, 0, 0.14%, 8, 0, 13, 69.42
1735555283, 151, 36, 40, 0, 0, 0.14%, 8, 0, 13, 74.20
1735555318, 154, 18, 40, 0, 0, 0.14%, 8, 0, 13, 82.46
1735555334, 154, 23, 40, 0, 0, 0.14%, 8, 0, 13, 70.36
1735555364, 154, 26, 40, 0, 0, 0.14%, 8, 0, 13, 76.10
1735555399, 156, 22, 40, 0, 0, 0.14%, 8, 0, 13, 66.54
1735555435, 157, 10, 40, 0, 0, 0.14%, 8, 0, 13, 59.50
1735555470, 159, 24, 40, 0, 0, 0.14%, 8, 0, 13, 69.54
1735555511, 161, 22, 40, 0, 0, 0.14%, 8, 0, 13, 59.90
1735555546, 161, 28, 40, 0, 0, 0.14%, 8, 0, 13, 65.98
1735555556, 162, 36, 40, 0, 0, 0.14%, 8, 0, 13, 79.15
1735555587, 163, 26, 40, 0, 0, 0.14%, 8, 0, 13, 61.03
1735555627, 164, 22, 40, 0, 0, 0.14%, 8, 0, 13, 61.78
1735555658, 165, 23, 40, 0, 0, 0.14%, 8, 0, 13, 73.97
1735555693, 168, 32, 40, 0, 0, 0.14%, 8, 0, 13, 64.18
1735555713, 171, 16, 40, 0, 0, 0.14%, 8, 0, 13, 62.47
1735555729, 173, 22, 40, 0, 0, 0.14%, 8, 0, 13, 61.96
1735555764, 174, 15, 40, 0, 0, 0.14%, 8, 0, 13, 64.76
1735555800, 175, 10, 40, 0, 0, 0.14%, 8, 0, 13, 55.57
1735555840, 175, 23, 40, 0, 0, 0.14%, 8, 0, 13, 66.24
1735555876, 176, 14, 40, 0, 0, 0.14%, 8, 0, 13, 67.49
1735555886, 177, 32, 40, 0, 0, 0.14%, 8, 0, 13, 70.13
1735555922, 181, 10, 40, 0, 0, 0.14%, 8, 0, 13, 53.57
1735555962, 181, 16, 40, 0, 0, 0.14%, 8, 0, 13, 62.58
1735555987, 182, 23, 40, 0, 0, 0.14%, 8, 0, 13, 61.22
1735556023, 183, 19, 40, 0, 0, 0.14%, 8, 0, 13, 66.05
1735556028, 185, 14, 40, 0, 0, 0.14%, 8, 0, 13, 66.42
1735556058, 186, 26, 40, 0, 0, 0.14%, 8, 0, 13, 74.54
1735556094, 187, 21, 40, 0, 0, 0.14%, 8, 0, 13, 59.61
1735556104, 189, 18, 40, 0, 0, 0.14%, 8, 0, 13, 89.03
1735556129, 189, 20, 40, 0, 0, 0.14%, 8, 0, 13, 62.08
1735556134, 189, 24, 40, 0, 0, 0.14%, 8, 0, 13, 67.29
1735556170, 193, 14, 40, 0, 0, 0.14%, 8, 0, 13, 65.34
1735556205, 194, 20, 40, 0, 0, 0.14%, 8, 0, 13, 57.24
1735556215, 195, 18, 40, 0, 0, 0.14%, 8, 0, 13, 70.99
1735556251, 196, 17, 40, 0, 0, 0.14%, 8, 0, 13, 69.58
1735556286, 197, 31, 40, 0, 0, 0.14%, 8, 0, 13, 66.87
1735556291, 198, 12, 40, 0, 0, 0.14%, 8, 0, 13, 62.51
1735556327, 198, 33, 40, 0, 0, 0.14%, 8, 0, 13, 64.13
1735556337, 199, 21, 40, 0, 0, 0.14%, 8, 0, 13, 61.79
1735556347, 200, 15, 40, 0, 0, 0.14%, 8, 0, 13, 60.60
1735556352, 200, 29, 40, 0, 0, 0.14%, 8, 0, 13, 66.93
1735556362, 201, 16, 40, 0, 0, 0.14%, 8, 0, 13, 60.82
1735556398, 202, 29, 40, 0, 0, 0.14%, 8, 0, 13, 63.03
1735556428, 203, 10, 40, 0, 0, 0.14%, 8, 0, 13, 57.00
1735556464, 203, 17, 40, 0, 0, 0.14%, 8, 0, 13, 74.05
1735556499, 205, 14, 40, 0, 0, 0.14%, 8, 0, 13, 64.25
1735556535, 207, 15, 40, 0, 0, 0.14%, 8, 0, 13, 70.97
1735556545, 207, 24, 40, 0, 0, 0.14%, 8, 0, 13, 60.89
1735556585, 208, 12, 40, 0, 0, 0.14%, 8, 0, 13, 60.58
1735556621, 208, 24, 40, 0, 0, 0.14%, 8, 0, 13, 64.62
1735556662, 208, 32, 40, 0, 0, 0.14%, 8, 0, 13, 70.67
1735556697, 209, 20, 40, 0, 0, 0.14%, 8, 0, 13, 63.25
1735556713, 210, 23, 40, 0, 0, 0.14%, 8, 0, 13, 65.25
1735556748, 211, 13, 40, 0, 0, 0.14%, 8, 0, 13, 65.65
1735556784, 211, 17, 40, 0, 0, 0.14%, 8, 0, 13, 77.75
1735556824, 211, 24, 40, 0, 0, 0.14%, 8, 0, 13, 66.95
1735556860, 212, 29, 40, 0, 0, 0.14%, 8, 0, 13, 67.79
1735556896, 212, 35, 40, 0, 0, 0.14%, 8, 0, 13, 68.16
1735556901, 213, 16, 40, 0, 0, 0.14%, 8, 0, 13, 60.85
1735556936, 213, 17, 40, 0, 0, 0.14%, 8, 0, 13, 67.90
1735556972, 215, 13, 40, 0, 0, 0.14%, 8, 0, 13, 57.79
1735557012, 215, 31, 40, 0, 0, 0.14%, 8, 0, 13, 67.18
1735557022, 216, 15, 40, 0, 0, 0.14%, 8, 0, 13, 58.86
1735557043, 217, 12, 40, 0, 0, 0.14%, 8, 0, 13, 59.73
1735557083, 218, 17, 40, 0, 0, 0.14%, 8, 0, 13, 63.13
1735557119, 218, 33, 40, 0, 0, 0.14%, 8, 0, 13, 60.48
1735557134, 219, 18, 40, 0, 0, 0.14%, 8, 0, 13, 74.52
1735557170, 220, 12, 40, 0, 0, 0.14%, 8, 0, 13, 58.43
1735557205, 220, 16, 40, 0, 0, 0.14%, 8, 0, 13, 62.71
1735557236, 220, 18, 40, 0, 0, 0.14%, 8, 0, 13, 62.09
1735557271, 222, 18, 40, 0, 0, 0.14%, 8, 0, 13, 74.35
1735557301, 224, 14, 40, 0, 0, 0.14%, 8, 0, 13, 63.95
1735557337, 225, 20, 40, 0, 0, 0.14%, 8, 0, 13, 72.40
1735557377, 225, 21, 40, 0, 0, 0.14%, 8, 0, 13, 57.13
1735557397, 225, 23, 40, 0, 0, 0.14%, 8, 0, 13, 63.45
1735557433, 226, 21, 40, 0, 0, 0.14%, 8, 0, 13, 63.12
1735557469, 227, 15, 40, 0, 0, 0.14%, 8, 0, 13, 59.03
1735557509, 232, 18, 40, 0, 0, 0.14%, 8, 0, 13, 71.66
1735557545, 232, 28, 40, 0, 0, 0.14%, 8, 0, 13, 62.85
1735557565, 234, 18, 40, 0, 0, 0.14%, 8, 0, 13, 77.56
1735557601, 234, 32, 40, 0, 0, 0.14%, 8, 0, 13, 68.61
1735557631, 237, 12, 40, 0, 0, 0.14%, 8, 0, 13, 60.13
1735557672, 238, 26, 40, 0, 0, 0.14%, 8, 0, 13, 67.60
1735557707, 239, 17, 40, 0, 0, 0.14%, 8, 0, 13, 63.12
1735557743, 240, 31, 40, 0, 0, 0.14%, 8, 0, 13, 69.82
1735557768, 241, 16, 40, 0, 0, 0.14%, 8, 0, 13, 71.91
1735557804, 241, 30, 40, 0, 0, 0.14%, 8, 0, 13, 76.20
1735557809, 243, 28, 40, 0, 0, 0.14%, 8, 0, 13, 62.14
1735557849, 243, 35, 40, 0, 0, 0.14%, 8, 0, 13, 75.31
1735557869, 244, 35, 40, 0, 0, 0.14%, 8, 0, 13, 73.88
1735557905, 245, 30, 40, 0, 0, 0.14%, 8, 0, 13, 57.53
1735557920, 245, 33, 40, 0, 0, 0.14%, 8, 0, 13, 60.34
1735557956, 245, 35, 40, 0, 0, 0.14%, 8, 0, 13, 73.32
1735557991, 246, 16, 40, 0, 0, 0.14%, 8, 0, 13, 64.08
1735558032, 247, 13, 40, 0, 0, 0.14%, 8, 0, 13, 61.11
1735558067, 247, 31, 40, 0, 0, 0.14%, 8, 0, 13, 63.10
1735558108, 247, 33, 40, 0, 0, 0.14%, 8, 0, 13, 64.26
1735558138, 248, 12, 40, 0, 0, 0.14%, 8, 0, 13, 56.58
1735558179, 248, 34, 40, 0, 0, 0.14%, 8, 0, 13, 65.42
1735558184, 250, 19, 40, 0, 0, 0.14%, 8, 0, 13, 64.20
1735558194, 250, 29, 40, 0, 0, 0.14%, 8, 0, 13, 64.92
1735558235, 252, 14, 40, 0, 0, 0.14%, 8, 0, 13, 59.83
1735558271, 252, 18, 40, 0, 0, 0.14%, 8, 0, 13, 80.54
1735558301, 252, 30, 40, 0, 0, 0.14%, 8, 0, 13, 63.78
1735558337, 252, 31, 40, 0, 0, 0.14%, 8, 0, 13, 63.68
