# unix_time, cycles_done, cur_path, paths_total, pending_total, pending_favs, map_size, unique_crashes, unique_hangs, max_depth, execs_per_sec
1735775970, 0, 0, 10, 10, 1, 0.01%, 0, 0, 1, 40.57
1735775976, 0, 8, 10, 10, 1, 0.01%, 0, 0, 1, 38.88
1735775991, 1, 0, 10, 8, 0, 0.01%, 0, 0, 1, 48.74
1735775996, 1, 1, 10, 7, 0, 0.01%, 0, 0, 1, 43.74
1735776001, 1, 2, 10, 6, 0, 0.01%, 0, 0, 1, 44.66
1735776006, 1, 3, 10, 5, 0, 0.01%, 0, 0, 1, 47.69
1735776011, 1, 4, 10, 4, 0, 0.01%, 0, 0, 1, 44.74
1735776021, 1, 5, 10, 3, 0, 0.01%, 0, 0, 1, 44.58
1735776026, 1, 6, 10, 2, 0, 0.01%, 0, 0, 1, 46.38
1735776031, 1, 7, 10, 1, 0, 0.01%, 0, 0, 1, 44.35
1735776036, 1, 8, 10, 0, 0, 0.01%, 0, 0, 1, 43.43
1735776042, 1, 9, 10, 0, 0, 0.01%, 0, 0, 1, 46.15
1735776047, 2, 0, 10, 0, 0, 0.01%, 0, 0, 1, 44.67
1735776052, 2, 1, 10, 0, 0, 0.01%, 0, 0, 1, 44.28
1735776057, 2, 2, 10, 0, 0, 0.01%, 0, 0, 1, 42.79
1735776067, 2, 3, 10, 0, 0, 0.01%, 0, 0, 1, 43.11
1735776072, 2, 4, 10, 0, 0, 0.01%, 0, 0, 1, 45.41
1735776077, 2, 5, 10, 0, 0, 0.01%, 0, 0, 1, 44.42
1735776082, 2, 6, 10, 0, 0, 0.01%, 0, 0, 1, 44.77
1735776087, 2, 7, 10, 0, 0, 0.01%, 0, 0, 1, 43.98
1735776092, 2, 8, 10, 0, 0, 0.01%, 0, 0, 1, 42.57
1735776097, 2, 9, 10, 0, 0, 0.01%, 0, 0, 1, 43.98
1735776107, 3, 0, 10, 0, 0, 0.01%, 0, 0, 1, 46.41
1735776112, 3, 1, 10, 0, 0, 0.01%, 0, 0, 1, 46.41
1735776117, 3, 2, 10, 0, 0, 0.01%, 0, 0, 1, 45.54
1735776123, 3, 3, 10, 0, 0, 0.01%, 0, 0, 1, 46.93
1735776128, 3, 4, 10, 0, 0, 0.01%, 0, 0, 1, 43.99
1735776133, 3, 5, 10, 0, 0, 0.01%, 0, 0, 1, 45.18
1735776138, 3, 6, 10, 0, 0, 0.01%, 0, 0, 1, 44.11
1735776143, 3, 7, 10, 0, 0, 0.01%, 0, 0, 1, 45.17
1735776148, 3, 8, 10, 0, 0, 0.01%, 0, 0, 1, 42.00
1735776158, 3, 9, 10, 0, 0, 0.01%, 0, 0, 1, 44.61
1735776163, 4, 0, 10, 0, 0, 0.01%, 0, 0, 1, 47.45
1735776168, 4, 1, 10, 0, 0, 0.01%, 0, 0, 1, 44.76
1735776173, 4, 2, 10, 0, 0, 0.01%, 0, 0, 1, 47.11
1735776178, 4, 3, 10, 0, 0, 0.01%, 0, 0, 1, 44.82
1735776183, 4, 4, 10, 0, 0, 0.01%, 0, 0, 1, 46.47
1735776188, 4, 5, 10, 0, 0, 0.01%, 0, 0, 1, 45.71
1735776193, 4, 6, 10, 0, 0, 0.01%, 0, 0, 1, 47.75
1735776199, 4, 7, 10, 0, 0, 0.01%, 0, 0, 1, 44.51
1735776209, 4, 8, 10, 0, 0, 0.01%, 0, 0, 1, 45.80
1735776214, 4, 9, 10, 0, 0, 0.01%, 0, 0, 1, 45.37
1735776219, 5, 0, 10, 0, 0, 0.01%, 0, 0, 1, 46.95
1735776224, 5, 1, 10, 0, 0, 0.01%, 0, 0, 1, 44.69
1735776229, 5, 2, 10, 0, 0, 0.01%, 0, 0, 1, 44.80
1735776234, 5, 3, 10, 0, 0, 0.01%, 0, 0, 1, 46.65
1735776240, 5, 4, 10, 0, 0, 0.01%, 0, 0, 1, 47.30
1735776245, 5, 5, 10, 0, 0, 0.01%, 0, 0, 1, 44.49
1735776250, 5, 6, 10, 0, 0, 0.01%, 0, 0, 1, 44.90
1735776255, 5, 7, 10, 0, 0, 0.01%, 0, 0, 1, 45.78
1735776260, 5, 8, 10, 0, 0, 0.01%, 0, 0, 1, 45.54
1735776270, 5, 9, 10, 0, 0, 0.01%, 0, 0, 1, 43.18
1735776275, 6, 0, 10, 0, 0, 0.01%, 0, 0, 1, 43.81
1735776280, 6, 1, 10, 0, 0, 0.01%, 0, 0, 1, 44.01
1735776285, 6, 2, 10, 0, 0, 0.01%, 0, 0, 1, 44.86
1735776290, 6, 3, 10, 0, 0, 0.01%, 0, 0, 1, 46.79
1735776295, 6, 4, 10, 0, 0, 0.01%, 0, 0, 1, 46.31
1735776300, 6, 5, 10, 0, 0, 0.01%, 0, 0, 1, 44.27
1735776306, 6, 6, 10, 0, 0, 0.01%, 0, 0, 1, 48.25
1735776316, 6, 7, 10, 0, 0, 0.01%, 0, 0, 1, 48.57
1735776321, 6, 8, 10, 0, 0, 0.01%, 0, 0, 1, 46.18
1735776326, 6, 9, 10, 0, 0, 0.01%, 0, 0, 1, 47.44
1735776331, 7, 0, 10, 0, 0, 0.01%, 0, 0, 1, 44.09
1735776336, 7, 1, 10, 0, 0, 0.01%, 0, 0, 1, 43.52
1735776341, 7, 2, 10, 0, 0, 0.01%, 0, 0, 1, 43.35
1735776346, 7, 3, 10, 0, 0, 0.01%, 0, 0, 1, 45.62
1735776351, 7, 4, 10, 0, 0, 0.01%, 0, 0, 1, 45.45
1735776356, 7, 5, 10, 0, 0, 0.01%, 0, 0, 1, 44.84
1735776367, 7, 6, 10, 0, 0, 0.01%, 0, 0, 1, 44.56
1735776372, 7, 7, 10, 0, 0, 0.01%, 0, 0, 1, 44.27
1735776377, 7, 8, 10, 0, 0, 0.01%, 0, 0, 1, 43.99
1735776382, 7, 9, 10, 0, 0, 0.01%, 0, 0, 1, 43.56
1735776387, 8, 0, 10, 0, 0, 0.01%, 0, 0, 1, 46.62
1735776392, 8, 1, 10, 0, 0, 0.01%, 0, 0, 1, 44.75
1735776397, 8, 2, 10, 0, 0, 0.01%, 0, 0, 1, 43.62
1735776402, 8, 3, 10, 0, 0, 0.01%, 0, 0, 1, 44.27
1735776412, 8, 4, 10, 0, 0, 0.01%, 0, 0, 1, 43.37
1735776417, 8, 5, 10, 0, 0, 0.01%, 0, 0, 1, 44.70
1735776422, 8, 6, 10, 0, 0, 0.01%, 0, 0, 1, 43.73
1735776427, 8, 7, 10, 0, 0, 0.01%, 0, 0, 1, 45.95
1735776432, 8, 8, 10, 0, 0, 0.01%, 0, 0, 1, 46.44
1735776437, 8, 9, 10, 0, 0, 0.01%, 0, 0, 1, 44.28
1735776443, 9, 0, 10, 0, 0, 0.01%, 0, 0, 1, 43.03
1735776448, 9, 1, 10, 0, 0, 0.01%, 0, 0, 1, 45.34
1735776458, 9, 2, 10, 0, 0, 0.01%, 0, 0, 1, 45.06
1735776463, 9, 3, 10, 0, 0, 0.01%, 0, 0, 1, 43.83
1735776468, 9, 4, 10, 0, 0, 0.01%, 0, 0, 1, 43.80
1735776473, 9, 5, 10, 0, 0, 0.01%, 0, 0, 1, 43.69
1735776478, 9, 6, 10, 0, 0, 0.01%, 0, 0, 1, 46.09
1735776483, 9, 7, 10, 0, 0, 0.01%, 0, 0, 1, 44.12
1735776488, 9, 8, 10, 0, 0, 0.01%, 0, 0, 1, 45.64
1735776493, 9, 9, 10, 0, 0, 0.01%, 0, 0, 1, 47.09
1735776503, 10, 0, 10, 0, 0, 0.01%, 0, 0, 1, 45.61
1735776509, 10, 1, 10, 0, 0, 0.01%, 0, 0, 1, 45.44
1735776514, 10, 2, 10, 0, 0, 0.01%, 0, 0, 1, 44.78
1735776519, 10, 3, 10, 0, 0, 0.01%, 0, 0, 1, 48.11
1735776524, 10, 4, 10, 0, 0, 0.01%, 0, 0, 1, 45.55
1735776529, 10, 5, 10, 0, 0, 0.01%, 0, 0, 1, 44.02
1735776534, 10, 6, 10, 0, 0, 0.01%, 0, 0, 1, 43.77
1735776539, 10, 7, 10, 0, 0, 0.01%, 0, 0, 1, 48.49
1735776544, 10, 8, 10, 0, 0, 0.01%, 0, 0, 1, 46.91
1735776549, 10, 9, 10, 0, 0, 0.01%, 0, 0, 1, 47.44
1735776559, 11, 0, 10, 0, 0, 0.01%, 0, 0, 1, 45.62
1735776565, 11, 1, 10, 0, 0, 0.01%, 0, 0, 1, 46.29
1735776570, 11, 2, 10, 0, 0, 0.01%, 0, 0, 1, 46.86
1735776575, 11, 3, 10, 0, 0, 0.01%, 0, 0, 1, 47.27
1735776580, 11, 4, 10, 0, 0, 0.01%, 0, 0, 1, 50.15
1735776585, 11, 5, 10, 0, 0, 0.01%, 0, 0, 1, 47.79
1735776590, 11, 6, 10, 0, 0, 0.01%, 0, 0, 1, 50.18
1735776595, 11, 7, 10, 0, 0, 0.01%, 0, 0, 1, 47.86
1735776600, 11, 8, 10, 0, 0, 0.01%, 0, 0, 1, 48.45
1735776605, 11, 9, 10, 0, 0, 0.01%, 0, 0, 1, 45.16
1735776610, 12, 0, 10, 0, 0, 0.01%, 0, 0, 1, 49.13
1735776615, 12, 1, 10, 0, 0, 0.01%, 0, 0, 1, 45.00
1735776620, 12, 2, 10, 0, 0, 0.01%, 0, 0, 1, 49.47
1735776625, 12, 3, 10, 0, 0, 0.01%, 0, 0, 1, 47.42
1735776631, 12, 4, 10, 0, 0, 0.01%, 0, 0, 1, 49.10
1735776641, 12, 5, 10, 0, 0, 0.01%, 0, 0, 1, 48.46
1735776646, 12, 6, 10, 0, 0, 0.01%, 0, 0, 1, 48.81
1735776651, 12, 7, 10, 0, 0, 0.01%, 0, 0, 1, 46.83
1735776656, 12, 8, 10, 0, 0, 0.01%, 0, 0, 1, 47.65
1735776661, 12, 9, 10, 0, 0, 0.01%, 0, 0, 1, 46.45
1735776666, 13, 0, 10, 0, 0, 0.01%, 0, 0, 1, 46.20
1735776671, 13, 1, 10, 0, 0, 0.01%, 0, 0, 1, 46.62
1735776676, 13, 2, 10, 0, 0, 0.01%, 0, 0, 1, 51.01
1735776682, 13, 3, 10, 0, 0, 0.01%, 0, 0, 1, 47.65
1735776687, 13, 4, 10, 0, 0, 0.01%, 0, 0, 1, 47.21
1735776692, 13, 5, 10, 0, 0, 0.01%, 0, 0, 1, 47.79
1735776697, 13, 6, 10, 0, 0, 0.01%, 0, 0, 1, 47.35
1735776702, 13, 7, 10, 0, 0, 0.01%, 0, 0, 1, 48.12
1735776707, 13, 8, 10, 0, 0, 0.01%, 0, 0, 1, 47.78
1735776712, 13, 9, 10, 0, 0, 0.01%, 0, 0, 1, 45.43
1735776717, 14, 0, 10, 0, 0, 0.01%, 0, 0, 1, 47.06
1735776722, 14, 1, 10, 0, 0, 0.01%, 0, 0, 1, 48.44
1735776727, 14, 2, 10, 0, 0, 0.01%, 0, 0, 1, 48.65
1735776737, 14, 3, 10, 0, 0, 0.01%, 0, 0, 1, 44.13
1735776742, 14, 4, 10, 0, 0, 0.01%, 0, 0, 1, 48.03
1735776748, 14, 5, 10, 0, 0, 0.01%, 0, 0, 1, 46.98
1735776753, 14, 6, 10, 0, 0, 0.01%, 0, 0, 1, 48.27
1735776758, 14, 7, 10, 0, 0, 0.01%, 0, 0, 1, 45.49
1735776763, 14, 8, 10, 0, 0, 0.01%, 0, 0, 1, 46.13
1735776768, 14, 9, 10, 0, 0, 0.01%, 0, 0, 1, 46.52
1735776773, 15, 0, 10, 0, 0, 0.01%, 0, 0, 1, 46.30
1735776778, 15, 1, 10, 0, 0, 0.01%, 0, 0, 1, 48.98
1735776783, 15, 2, 10, 0, 0, 0.01%, 0, 0, 1, 46.29
1735776788, 15, 3, 10, 0, 0, 0.01%, 0, 0, 1, 49.29
1735776793, 15, 4, 10, 0, 0, 0.01%, 0, 0, 1, 45.27
1735776798, 15, 5, 10, 0, 0, 0.01%, 0, 0, 1, 48.78
1735776803, 15, 6, 10, 0, 0, 0.01%, 0, 0, 1, 47.27
1735776813, 15, 7, 10, 0, 0, 0.01%, 0, 0, 1, 47.70
1735776819, 15, 8, 10, 0, 0, 0.01%, 0, 0, 1, 49.56
1735776824, 15, 9, 10, 0, 0, 0.01%, 0, 0, 1, 41.56
1735776844, 16, 0, 10, 0, 0, 0.01%, 0, 0, 1, 44.07
1735776864, 16, 1, 10, 0, 0, 0.01%, 0, 0, 1, 47.25
1735776885, 16, 2, 10, 0, 0, 0.01%, 0, 0, 1, 43.32
1735776905, 16, 3, 10, 0, 0, 0.01%, 0, 0, 1, 45.26
1735776926, 16, 4, 10, 0, 0, 0.01%, 0, 0, 1, 45.40
1735776946, 16, 5, 10, 0, 0, 0.01%, 0, 0, 1, 47.95
1735776956, 16, 6, 10, 0, 0, 0.01%, 0, 0, 1, 47.40
1735776961, 16, 7, 10, 0, 0, 0.01%, 0, 0, 1, 47.01
1735776966, 16, 8, 10, 0, 0, 0.01%, 0, 0, 1, 46.02
1735776971, 16, 9, 10, 0, 0, 0.01%, 0, 0, 1, 47.43
1735776977, 17, 0, 10, 0, 0, 0.01%, 0, 0, 1, 47.08
1735776982, 17, 1, 10, 0, 0, 0.01%, 0, 0, 1, 47.14
1735776987, 17, 2, 10, 0, 0, 0.01%, 0, 0, 1, 45.70
1735776992, 17, 3, 10, 0, 0, 0.01%, 0, 0, 1, 47.96
1735776997, 17, 4, 10, 0, 0, 0.01%, 0, 0, 1, 47.99
1735777002, 17, 5, 10, 0, 0, 0.01%, 0, 0, 1, 48.96
1735777007, 17, 6, 10, 0, 0, 0.01%, 0, 0, 1, 48.87
1735777012, 17, 7, 10, 0, 0, 0.01%, 0, 0, 1, 46.22
1735777017, 17, 8, 10, 0, 0, 0.01%, 0, 0, 1, 47.92
1735777022, 17, 9, 10, 0, 0, 0.01%, 0, 0, 1, 46.91
1735777027, 18, 0, 10, 0, 0, 0.01%, 0, 0, 1, 47.48
1735777033, 18, 1, 10, 0, 0, 0.01%, 0, 0, 1, 46.74
1735777038, 18, 2, 10, 0, 0, 0.01%, 0, 0, 1, 50.00
1735777048, 18, 3, 10, 0, 0, 0.01%, 0, 0, 1, 46.90
1735777053, 18, 4, 10, 0, 0, 0.01%, 0, 0, 1, 48.63
1735777058, 18, 5, 10, 0, 0, 0.01%, 0, 0, 1, 47.93
1735777063, 18, 6, 10, 0, 0, 0.01%, 0, 0, 1, 46.59
1735777068, 18, 7, 10, 0, 0, 0.01%, 0, 0, 1, 47.30
1735777073, 18, 8, 10, 0, 0, 0.01%, 0, 0, 1, 47.98
1735777078, 18, 9, 10, 0, 0, 0.01%, 0, 0, 1, 48.06
1735777083, 19, 0, 10, 0, 0, 0.01%, 0, 0, 1, 45.89
1735777088, 19, 1, 10, 0, 0, 0.01%, 0, 0, 1, 47.01
1735777093, 19, 2, 10, 0, 0, 0.01%, 0, 0, 1, 46.84
1735777099, 19, 3, 10, 0, 0, 0.01%, 0, 0, 1, 50.59
1735777104, 19, 4, 10, 0, 0, 0.01%, 0, 0, 1, 47.06
1735777109, 19, 5, 10, 0, 0, 0.01%, 0, 0, 1, 50.02
1735777114, 19, 6, 10, 0, 0, 0.01%, 0, 0, 1, 46.27
1735777119, 19, 7, 10, 0, 0, 0.01%, 0, 0, 1, 45.07
1735777124, 19, 8, 10, 0, 0, 0.01%, 0, 0, 1, 47.91
1735777134, 19, 9, 10, 0, 0, 0.01%, 0, 0, 1, 47.11
1735777139, 20, 0, 10, 0, 0, 0.01%, 0, 0, 1, 45.49
1735777145, 20, 1, 10, 0, 0, 0.01%, 0, 0, 1, 47.17
1735777150, 20, 2, 10, 0, 0, 0.01%, 0, 0, 1, 46.47
1735777155, 20, 3, 10, 0, 0, 0.01%, 0, 0, 1, 46.51
1735777160, 20, 4, 10, 0, 0, 0.01%, 0, 0, 1, 46.84
1735777165, 20, 5, 10, 0, 0, 0.01%, 0, 0, 1, 48.22
1735777170, 20, 6, 10, 0, 0, 0.01%, 0, 0, 1, 48.42
1735777175, 20, 7, 10, 0, 0, 0.01%, 0, 0, 1, 46.23
1735777180, 20, 8, 10, 0, 0, 0.01%, 0, 0, 1, 50.21
1735777185, 20, 9, 10, 0, 0, 0.01%, 0, 0, 1, 49.39
1735777190, 21, 0, 10, 0, 0, 0.01%, 0, 0, 1, 48.31
1735777195, 21, 1, 10, 0, 0, 0.01%, 0, 0, 1, 48.76
1735777201, 21, 2, 10, 0, 0, 0.01%, 0, 0, 1, 50.21
1735777206, 21, 10, 11, 1, 1, 0.14%, 1, 0, 2, 53.32
1735777216, 21, 10, 12, 2, 1, 0.14%, 2, 0, 3, 52.55
1735777287, 21, 10, 13, 3, 1, 0.14%, 2, 0, 3, 48.99
1735777292, 21, 12, 20, 9, 1, 0.14%, 2, 0, 4, 65.69
1735777297, 21, 12, 21, 10, 1, 0.14%, 3, 0, 4, 101.87
1735777363, 21, 12, 22, 11, 1, 0.14%, 3, 0, 4, 60.56
1735777423, 21, 21, 22, 9, 1, 0.14%, 3, 0, 4, 59.17
1735777561, 21, 21, 23, 10, 1, 0.14%, 4, 0, 5, 63.49
1735777566, 21, 21, 24, 11, 1, 0.14%, 4, 0, 5, 65.07
1735777581, 21, 21, 25, 12, 1, 0.14%, 5, 0, 5, 68.25
1735777602, 21, 21, 26, 13, 1, 0.14%, 5, 0, 5, 68.29
1735777652, 21, 23, 26, 12, 1, 0.14%, 5, 0, 5, 86.89
1735777657, 21, 23, 27, 13, 1, 0.14%, 6, 0, 6, 105.27
1735777698, 21, 23, 29, 15, 1, 0.14%, 6, 0, 6, 63.94
1735777774, 21, 23, 30, 16, 1, 0.14%, 6, 0, 6, 66.48
1735777779, 21, 23, 31, 17, 1, 0.14%, 6, 0, 6, 61.39
1735777784, 21, 29, 31, 15, 1, 0.14%, 6, 0, 6, 65.18
1735777865, 22, 24, 31, 11, 0, 0.14%, 6, 0, 6, 74.83
1735777876, 22, 24, 32, 12, 0, 0.14%, 7, 0, 6, 110.20
1735778171, 25, 26, 32, 8, 0, 0.14%, 7, 0, 6, 77.67
1735778177, 25, 26, 33, 9, 0, 0.14%, 7, 0, 7, 100.18
1735778268, 26, 20, 33, 7, 0, 0.14%, 7, 0, 7, 85.61
1735778273, 26, 20, 34, 8, 0, 0.14%, 7, 0, 7, 102.35
1735778334, 27, 28, 34, 5, 0, 0.14%, 7, 0, 7, 62.88
1735778421, 28, 25, 34, 4, 0, 0.14%, 7, 0, 7, 69.87
1735778518, 29, 32, 34, 2, 0, 0.14%, 7, 0, 7, 63.85
1735778614, 30, 33, 34, 1, 0, 0.14%, 7, 0, 7, 78.14
1735778665, 30, 33, 35, 2, 0, 0.14%, 7, 0, 7, 66.98
1735778751, 31, 34, 35, 1, 0, 0.14%, 7, 0, 7, 90.59
1735778828, 31, 34, 36, 2, 0, 0.14%, 7, 0, 7, 69.60
1735778843, 31, 34, 37, 3, 0, 0.14%, 7, 0, 7, 62.39
1735778889, 31, 34, 38, 4, 0, 0.14%, 7, 0, 7, 56.76
1735778894, 31, 36, 38, 4, 1, 0.14%, 7, 0, 7, 61.38
1735779011, 32, 32, 38, 3, 0, 0.14%, 7, 0, 7, 67.75
1735779026, 33, 32, 38, 3, 0, 0.14%, 7, 0, 7, 66.65
1735779036, 34, 32, 38, 3, 0, 0.14%, 7, 0, 7, 54.83
1735779072, 34, 37, 38, 3, 0, 0.14%, 7, 0, 7, 62.82
1735779292, 35, 32, 38, 1, 0, 0.14%, 7, 0, 7, 66.97
1735779327, 36, 32, 38, 1, 0, 0.14%, 7, 0, 7, 51.49
1735779337, 36, 32, 39, 2, 0, 0.14%, 7, 0, 8, 66.17
1735779358, 36, 32, 40, 3, 0, 0.14%, 7, 0, 8, 69.67
1735779378, 36, 38, 40, 3, 1, 0.14%, 7, 0, 8, 84.78
1735779419, 36, 38, 41, 4, 1, 0.14%, 7, 0, 9, 63.34
1735779444, 36, 38, 42, 5, 1, 0.14%, 7, 0, 9, 66.69
1735779530, 36, 40, 42, 4, 1, 0.14%, 7, 0, 9, 97.43
1735779643, 36, 40, 43, 5, 1, 0.14%, 7, 0, 10, 77.66
1735779653, 36, 40, 44, 6, 1, 0.14%, 7, 0, 10, 84.88
1735779719, 36, 42, 44, 5, 1, 0.14%, 7, 0, 10, 96.68
1735779800, 38, 43, 44, 4, 0, 0.14%, 7, 0, 10, 61.81
1735779805, 40, 30, 44, 2, 0, 0.14%, 7, 0, 10, 66.89
1735779851, 40, 37, 44, 2, 0, 0.14%, 7, 0, 10, 67.27
1735779871, 41, 20, 44, 2, 0, 0.14%, 7, 0, 10, 62.87
1735779876, 41, 37, 44, 2, 0, 0.14%, 7, 0, 10, 73.91
1735779912, 42, 37, 44, 1, 0, 0.14%, 7, 0, 10, 63.90
1735779948, 43, 20, 44, 1, 0, 0.14%, 7, 0, 10, 62.73
1735779953, 43, 37, 44, 1, 0, 0.14%, 7, 0, 10, 70.75
1735779988, 44, 30, 44, 1, 0, 0.14%, 7, 0, 10, 57.25
1735780009, 44, 37, 44, 1, 0, 0.14%, 7, 0, 10, 69.33
1735780039, 45, 37, 44, 1, 0, 0.14%, 7, 0, 10, 66.61
1735780080, 45, 39, 44, 1, 0, 0.14%, 7, 0, 10, 106.62
1735780254, 46, 37, 44, 1, 0, 0.14%, 7, 0, 10, 66.38
1735780289, 47, 37, 44, 1, 0, 0.14%, 7, 0, 10, 68.58
1735780324, 48, 27, 44, 1, 0, 0.14%, 7, 0, 10, 84.39
1735780405, 48, 37, 44, 1, 0, 0.14%, 7, 0, 10, 65.81
1735780441, 49, 37, 44, 1, 0, 0.14%, 7, 0, 10, 70.10
1735780476, 49, 41, 44, 1, 0, 0.14%, 7, 0, 10, 60.70
1735780614, 49, 41, 45, 2, 0, 0.14%, 8, 0, 10, 85.43
1735780686, 50, 37, 45, 1, 0, 0.14%, 8, 0, 10, 71.36
1735780716, 50, 39, 45, 1, 0, 0.14%, 8, 0, 10, 66.42
1735780726, 51, 30, 45, 1, 0, 0.14%, 8, 0, 10, 61.87
1735780742, 51, 42, 45, 1, 0, 0.14%, 8, 0, 10, 72.54
1735780767, 52, 31, 45, 1, 0, 0.14%, 8, 0, 10, 80.80
1735781063, 54, 30, 45, 1, 0, 0.14%, 8, 0, 10, 58.69
1735781094, 57, 44, 45, 1, 0, 0.14%, 8, 0, 10, 77.52
1735781374, 58, 30, 45, 0, 0, 0.14%, 8, 0, 10, 62.88
1735781399, 58, 41, 45, 0, 0, 0.14%, 8, 0, 10, 65.73
1735781404, 59, 41, 45, 0, 0, 0.14%, 8, 0, 10, 75.94
1735781425, 60, 39, 45, 0, 0, 0.14%, 8, 0, 10, 75.08
1735781435, 60, 41, 45, 0, 0, 0.14%, 8, 0, 10, 77.21
1735781466, 60, 42, 45, 0, 0, 0.14%, 8, 0, 10, 70.61
1735781506, 61, 41, 45, 0, 0, 0.14%, 8, 0, 10, 82.05
1735781537, 62, 41, 45, 0, 0, 0.14%, 8, 0, 10, 71.98
1735781573, 63, 41, 45, 0, 0, 0.14%, 8, 0, 10, 73.65
1735781608, 63, 42, 45, 0, 0, 0.14%, 8, 0, 10, 68.23
1735781644, 64, 41, 45, 0, 0, 0.14%, 8, 0, 10, 75.85
1735781674, 67, 39, 45, 0, 0, 0.14%, 8, 0, 10, 70.54
1735781710, 75, 30, 45, 0, 0, 0.14%, 8, 0, 10, 59.51
1735781746, 75, 33, 45, 0, 0, 0.14%, 8, 0, 10, 64.41
1735781756, 77, 38, 45, 0, 0, 0.14%, 8, 0, 10, 66.63
1735781781, 80, 42, 45, 0, 0, 0.14%, 8, 0, 10, 64.43
1735781817, 81, 14, 45, 0, 0, 0.14%, 8, 0, 10, 66.29
1735781847, 81, 31, 45, 0, 0, 0.14%, 8, 0, 10, 62.03
1735781852, 82, 34, 45, 0, 0, 0.14%, 8, 0, 10, 66.33
1735781862, 83, 39, 45, 0, 0, 0.14%, 8, 0, 10, 77.26
1735781898, 85, 39, 45, 0, 0, 0.14%, 8, 0, 10, 74.14
1735781928, 87, 39, 45, 0, 0, 0.14%, 8, 0, 10, 72.86
1735781964, 93, 20, 45, 0, 0, 0.14%, 8, 0, 10, 60.69
1735781979, 93, 30, 45, 0, 0, 0.14%, 8, 0, 10, 58.47
1735782015, 94, 34, 45, 0, 0, 0.14%, 8, 0, 10, 69.60
1735782035, 96, 26, 45, 0, 0, 0.14%, 8, 0, 10, 63.24
1735782040, 98, 38, 45, 0, 0, 0.14%, 8, 0, 10, 62.36
1735782076, 99, 31, 45, 0, 0, 0.14%, 8, 0, 10, 70.60
1735782086, 100, 33, 45, 0, 0, 0.14%, 8, 0, 10, 67.10
1735782096, 103, 32, 45, 0, 0, 0.14%, 8, 0, 10, 72.22
1735782131, 103, 38, 45, 0, 0, 0.14%, 8, 0, 10, 70.81
1735782167, 104, 38, 45, 0, 0, 0.14%, 8, 0, 10, 65.58
1735782202, 105, 34, 45, 0, 0, 0.14%, 8, 0, 10, 70.01
1735782218, 106, 20, 45, 0, 0, 0.14%, 8, 0, 10, 61.41
1735782253, 107, 32, 45, 0, 0, 0.14%, 8, 0, 10, 68.66
1735782283, 108, 28, 45, 0, 0, 0.14%, 8, 0, 10, 68.31
1735782294, 108, 42, 45, 0, 0, 0.14%, 8, 0, 10, 69.28
1735782324, 110, 26, 45, 0, 0, 0.14%, 8, 0, 10, 69.45
1735782334, 111, 26, 45, 0, 0, 0.14%, 8, 0, 10, 68.81
1735782354, 111, 40, 45, 0, 0, 0.14%, 8, 0, 10, 70.50
1735782380, 112, 30, 45, 0, 0, 0.14%, 8, 0, 10, 58.54
1735782416, 112, 33, 45, 0, 0, 0.14%, 8, 0, 10, 64.70
1735782436, 112, 34, 45, 0, 0, 0.14%, 8, 0, 10, 68.03
1735782477, 115, 31, 45, 0, 0, 0.14%, 8, 0, 10, 77.58
1735782497, 117, 20, 45, 0, 0, 0.14%, 8, 0, 10, 61.26
1735782532, 119, 20, 45, 0, 0, 0.14%, 8, 0, 10, 62.50
1735782568, 121, 31, 45, 0, 0, 0.14%, 8, 0, 10, 67.89
1735782598, 121, 33, 45, 0, 0, 0.14%, 8, 0, 10, 63.10
1735782634, 122, 43, 45, 0, 0, 0.14%, 8, 0, 10, 71.82
1735782823, 123, 26, 45, 0, 0, 0.14%, 8, 0, 10, 67.87
1735782858, 123, 32, 45, 0, 0, 0.14%, 8, 0, 10, 65.29
1735782894, 124, 42, 45, 0, 0, 0.14%, 8, 0, 10, 63.81
1735782924, 125, 11, 45, 0, 0, 0.14%, 8, 0, 10, 71.03
1735782939, 126, 18, 45, 0, 0, 0.14%, 8, 0, 10, 70.64
1735782975, 127, 26, 45, 0, 0, 0.14%, 8, 0, 10, 63.79
1735783011, 127, 32, 45, 0, 0, 0.14%, 8, 0, 10, 69.23
1735783047, 128, 32, 45, 0, 0, 0.14%, 8, 0, 10, 65.67
1735783082, 129, 39, 45, 0, 0, 0.14%, 8, 0, 10, 84.20
1735783118, 131, 31, 45, 0, 0, 0.14%, 8, 0, 10, 74.45
1735783148, 133, 34, 45, 0, 0, 0.14%, 8, 0, 10, 61.17
1735783184, 135, 31, 45, 0, 0, 0.14%, 8, 0, 10, 68.00
1735783209, 136, 26, 45, 0, 0, 0.14%, 8, 0, 10, 75.17
1735783240, 136, 42, 45, 0, 0, 0.14%, 8, 0, 10, 62.94
1735783275, 137, 14, 45, 0, 0, 0.14%, 8, 0, 10, 61.98
1735783281, 138, 11, 45, 0, 0, 0.14%, 8, 0, 10, 60.74
1735783286, 138, 42, 45, 0, 0, 0.14%, 8, 0, 10, 65.63
1735783321, 139, 30, 45, 0, 0, 0.14%, 8, 0, 10, 61.48
1735783362, 143, 42, 45, 0, 0, 0.14%, 8, 0, 10, 69.11
1735783398, 144, 40, 45, 0, 0, 0.14%, 8, 0, 10, 67.82
1735783408, 145, 26, 45, 0, 0, 0.14%, 8, 0, 10, 62.48
1735783443, 145, 34, 45, 0, 0, 0.14%, 8, 0, 10, 60.51
1735783479, 149, 36, 45, 0, 0, 0.14%, 8, 0, 10, 63.71
1735783489, 149, 38, 45, 0, 0, 0.14%, 8, 0, 10, 65.81
1735783525, 151, 36, 45, 0, 0, 0.14%, 8, 0, 10, 72.55
1735783550, 152, 30, 45, 0, 0, 0.14%, 8, 0, 10, 62.47
1735783590, 152, 31, 45, 0, 0, 0.14%, 8, 0, 10, 64.72
1735783621, 157, 28, 45, 0, 0, 0.14%, 8, 0, 10, 67.97
1735783631, 159, 30, 45, 0, 0, 0.14%, 8, 0, 10, 62.04
1735783667, 159, 34, 45, 0, 0, 0.14%, 8, 0, 10, 66.82
1735783702, 160, 15, 45, 0, 0, 0.14%, 8, 0, 10, 74.89
1735783733, 160, 38, 45, 0, 0, 0.14%, 8, 0, 10, 63.56
1735783768, 164, 36, 45, 0, 0, 0.14%, 8, 0, 10, 67.85
1735783804, 166, 22, 45, 0, 0, 0.14%, 8, 0, 10, 117.67
1735783896, 166, 40, 45, 0, 0, 0.14%, 8, 0, 10, 77.26
1735783921, 167, 23, 45, 0, 0, 0.14%, 8, 0, 10, 64.34
1735783926, 168, 26, 45, 0, 0, 0.14%, 8, 0, 10, 65.97
1735783961, 169, 11, 45, 0, 0, 0.14%, 8, 0, 10, 56.76
1735783972, 169, 14, 45, 0, 0, 0.14%, 8, 0, 10, 60.54
1735783977, 170, 15, 45, 0, 0, 0.14%, 8, 0, 10, 63.90
1735783982, 170, 33, 45, 0, 0, 0.14%, 8, 0, 10, 66.72
1735784022, 171, 23, 45, 0, 0, 0.14%, 8, 0, 10, 61.99
1735784027, 171, 26, 45, 0, 0, 0.14%, 8, 0, 10, 63.21
1735784062, 171, 27, 45, 0, 0, 0.14%, 8, 0, 10, 69.97
1735784067, 172, 26, 45, 0, 0, 0.14%, 8, 0, 10, 67.04
1735784103, 174, 42, 45, 0, 0, 0.14%, 8, 0, 10, 71.01
1735784138, 175, 17, 45, 0, 0, 0.14%, 8, 0, 10, 60.03
1735784179, 176, 28, 45, 0, 0, 0.14%, 8, 0, 10, 61.72
1735784194, 177, 40, 45, 0, 0, 0.14%, 8, 0, 10, 60.98
1735784230, 178, 38, 45, 0, 0, 0.14%, 8, 0, 10, 64.27
1735784265, 179, 28, 45, 0, 0, 0.14%, 8, 0, 10, 56.78
1735784301, 182, 20, 45, 0, 0, 0.14%, 8, 0, 10, 69.64
1735784336, 183, 30, 45, 0, 0, 0.14%, 8, 0, 10, 58.58
1735784372, 185, 12, 45, 0, 0, 0.14%, 8, 0, 10, 72.20
1735784377, 186, 38, 45, 0, 0, 0.14%, 8, 0, 10, 65.63
1735784413, 188, 12, 45, 0, 0, 0.14%, 8, 0, 10, 62.43
1735784423, 190, 40, 45, 0, 0, 0.14%, 8, 0, 10, 75.90
1735784453, 191, 14, 45, 0, 0, 0.14%, 8, 0, 10, 61.37
1735784468, 191, 28, 45, 0, 0, 0.14%, 8, 0, 10, 69.66
1735784504, 191, 29, 45, 0, 0, 0.14%, 8, 0, 10, 59.40
1735784509, 192, 15, 45, 0, 0, 0.14%, 8, 0, 10, 57.96
1735784514, 192, 17, 45, 0, 0, 0.14%, 8, 0, 10, 58.63
1735784519, 193, 33, 45, 0, 0, 0.14%, 8, 0, 10, 62.72
1735784554, 194, 13, 45, 0, 0, 0.14%, 8, 0, 10, 64.32
1735784590, 194, 30, 45, 0, 0, 0.14%, 8, 0, 10, 55.67
1735784630, 198, 15, 45, 0, 0, 0.14%, 8, 0, 10, 61.68
1735784656, 198, 18, 45, 0, 0, 0.14%, 8, 0, 10, 59.76
1735784661, 198, 40, 45, 0, 0, 0.14%, 8, 0, 10, 64.27
1735784696, 199, 15, 45, 0, 0, 0.14%, 8, 0, 10, 63.92
1735784727, 200, 15, 45, 0, 0, 0.14%, 8, 0, 10, 63.68
1735784762, 200, 38, 45, 0, 0, 0.14%, 8, 0, 10, 69.09
1735784798, 201, 13, 45, 0, 0, 0.14%, 8, 0, 10, 62.75
1735784803, 201, 27, 45, 0, 0, 0.14%, 8, 0, 10, 68.68
1735784813, 201, 40, 45, 0, 0, 0.14%, 8, 0, 10, 69.13
1735784849, 202, 30, 45, 0, 0, 0.14%, 8, 0, 10, 53.49
1735784889, 202, 38, 45, 0, 0, 0.14%, 8, 0, 10, 57.64
1735784930, 203, 11, 45, 0, 0, 0.14%, 8, 0, 10, 57.02
1735784945, 203, 27, 45, 0, 0, 0.14%, 8, 0, 10, 56.85
1735784965, 203, 34, 45, 0, 0, 0.14%, 8, 0, 10, 65.79
1735785006, 204, 17, 45, 0, 0, 0.14%, 8, 0, 10, 56.46
1735785016, 204, 36, 45, 0, 0, 0.14%, 8, 0, 10, 62.09
1735785056, 206, 15, 45, 0, 0, 0.14%, 8, 0, 10, 58.88
1735785087, 206, 34, 45, 0, 0, 0.14%, 8, 0, 10, 62.30
1735785127, 207, 11, 45, 0, 0, 0.14%, 8, 0, 10, 60.96
1735785158, 207, 35, 45, 0, 0, 0.14%, 8, 0, 10, 59.63
1735785163, 210, 12, 45, 0, 0, 0.14%, 8, 0, 10, 66.43
1735785173, 210, 21, 45, 0, 0, 0.14%, 8, 0, 10, 56.64
1735785178, 211, 13, 45, 0, 0, 0.14%, 8, 0, 10, 58.55
1735785188, 211, 15, 45, 0, 0, 0.14%, 8, 0, 10, 58.00
1735785229, 212, 38, 45, 0, 0, 0.14%, 8, 0, 10, 64.32
1735785264, 213, 20, 45, 0, 0, 0.14%, 8, 0, 10, 64.10
1735785300, 213, 23, 45, 0, 0, 0.14%, 8, 0, 10, 68.08
1735785325, 213, 35, 45, 0, 0, 0.14%, 8, 0, 10, 80.21
1735785407, 214, 43, 45, 0, 0, 0.14%, 8, 0, 10, 72.73
1735785412, 215, 40, 45, 0, 0, 0.14%, 8, 0, 10, 77.92
1735785443, 216, 35, 45, 0, 0, 0.14%, 8, 0, 10, 70.43
1735785458, 220, 10, 45, 0, 0, 0.14%, 8, 0, 10, 66.24
1735785463, 221, 17, 45, 0, 0, 0.14%, 8, 0, 10, 62.88
1735785488, 222, 17, 45, 0, 0, 0.14%, 8, 0, 10, 61.22
1735785529, 222, 43, 45, 0, 0, 0.14%, 8, 0, 10, 74.68
1735785544, 223, 23, 45, 0, 0, 0.14%, 8, 0, 10, 73.06
1735785580, 223, 28, 45, 0, 0, 0.14%, 8, 0, 10, 69.33
1735785616, 223, 44, 45, 0, 0, 0.14%, 8, 0, 10, 64.30
1735785641, 224, 20, 45, 0, 0, 0.14%, 8, 0, 10, 60.74
1735785676, 224, 29, 45, 0, 0, 0.14%, 8, 0, 10, 69.01
1735785686, 225, 17, 45, 0, 0, 0.14%, 8, 0, 10, 60.92
1735785722, 227, 11, 45, 0, 0, 0.14%, 8, 0, 10, 59.65
1735785752, 227, 23, 45, 0, 0, 0.14%, 8, 0, 10, 69.93
1735785787, 227, 33, 45, 0, 0, 0.14%, 8, 0, 10, 61.26
1735785823, 228, 11, 45, 0, 0, 0.14%, 8, 0, 10, 62.94
1735785853, 228, 35, 45, 0, 0, 0.14%, 8, 0, 10, 67.18
1735785888, 232, 10, 45, 0, 0, 0.14%, 8, 0, 10, 68.66
1735785893, 232, 20, 45, 0, 0, 0.14%, 8, 0, 10, 69.20
1735785929, 234, 44, 45, 0, 0, 0.14%, 8, 0, 10, 76.06
1735785960, 235, 21, 45, 0, 0, 0.14%, 8, 0, 10, 71.28
1735785970, 235, 33, 45, 0, 0, 0.14%, 8, 0, 10, 66.46
1735786005, 238, 29, 45, 0, 0, 0.14%, 8, 0, 10, 57.62
1735786025, 239, 44, 45, 0, 0, 0.14%, 8, 0, 10, 72.56
1735786056, 242, 13, 45, 0, 0, 0.14%, 8, 0, 10, 67.90
1735786076, 242, 16, 45, 0, 0, 0.14%, 8, 0, 10, 82.61
1735786102, 242, 17, 45, 0, 0, 0.14%, 8, 0, 10, 60.12
1735786132, 242, 43, 45, 0, 0, 0.14%, 8, 0, 10, 71.17
1735786168, 245, 18, 45, 0, 0, 0.14%, 8, 0, 10, 63.24
1735786178, 247, 43, 45, 0, 0, 0.14%, 8, 0, 10, 72.04
1735786214, 248, 14, 45, 0, 0, 0.14%, 8, 0, 10, 59.72
1735786239, 249, 43, 45, 0, 0, 0.14%, 8, 0, 10, 78.35
1735786270, 251, 10, 45, 0, 0, 0.14%, 8, 0, 10, 64.51
1735786285, 251, 25, 45, 0, 0, 0.14%, 8, 0, 10, 62.71
1735786290, 252, 14, 45, 0, 0, 0.14%, 8, 0, 10, 58.05
1735786326, 254, 21, 45, 0, 0, 0.14%, 8, 0, 10, 74.81
1735786351, 254, 29, 45, 0, 0, 0.14%, 8, 0, 10, 65.47
1735786387, 256, 33, 45, 0, 0, 0.14%, 8, 0, 10, 65.17
1735786417, 257, 24, 45, 0, 0, 0.14%, 8, 0, 10, 61.39
1735786422, 258, 25, 45, 0, 0, 0.14%, 8, 0, 10, 63.59
1735786433, 259, 36, 45, 0, 0, 0.14%, 8, 0, 10, 69.86
1735786469, 260, 13, 45, 0, 0, 0.14%, 8, 0, 10, 59.09
1735786504, 261, 13, 45, 0, 0, 0.14%, 8, 0, 10, 53.13
1735786539, 262, 13, 45, 0, 0, 0.14%, 8, 0, 10, 60.38
1735786575, 265, 16, 45, 0, 0, 0.14%, 8, 0, 10, 60.15
1735786590, 267, 19, 45, 0, 0, 0.14%, 8, 0, 10, 85.11
1735786626, 268, 36, 45, 0, 0, 0.14%, 8, 0, 10, 67.33
1735786662, 271, 18, 45, 0, 0, 0.14%, 8, 0, 10, 61.96
1735786692, 271, 43, 45, 0, 0, 0.14%, 8, 0, 10, 66.04
1735786728, 272, 35, 45, 0, 0, 0.14%, 8, 0, 10, 74.77
1735786763, 273, 27, 45, 0, 0, 0.14%, 8, 0, 10, 67.26
