# unix_time, cycles_done, cur_path, paths_total, pending_total, pending_favs, map_size, unique_crashes, unique_hangs, max_depth, execs_per_sec
1734371827, 0, 0, 10, 10, 1, 0.01%, 0, 0, 1, 35.96
1734371832, 0, 3, 10, 10, 1, 0.01%, 0, 0, 1, 36.98
1734371847, 1, 0, 10, 3, 0, 0.01%, 0, 0, 1, 46.42
1734371852, 1, 1, 10, 2, 0, 0.01%, 0, 0, 1, 44.39
1734371857, 1, 2, 10, 1, 0, 0.01%, 0, 0, 1, 44.33
1734371862, 1, 3, 10, 0, 0, 0.01%, 0, 0, 1, 44.81
1734371872, 1, 4, 10, 0, 0, 0.01%, 0, 0, 1, 43.68
1734371877, 1, 5, 10, 0, 0, 0.01%, 0, 0, 1, 43.70
1734371883, 1, 6, 10, 0, 0, 0.01%, 0, 0, 1, 46.80
1734371888, 1, 7, 10, 0, 0, 0.01%, 0, 0, 1, 46.74
1734371893, 1, 8, 10, 0, 0, 0.01%, 0, 0, 1, 44.58
1734371898, 1, 9, 10, 0, 0, 0.01%, 0, 0, 1, 44.73
1734371903, 2, 0, 10, 0, 0, 0.01%, 0, 0, 1, 44.94
1734371908, 2, 1, 10, 0, 0, 0.01%, 0, 0, 1, 44.96
1734371918, 2, 2, 10, 0, 0, 0.01%, 0, 0, 1, 46.08
1734371923, 2, 3, 10, 0, 0, 0.01%, 0, 0, 1, 46.69
1734371928, 2, 4, 10, 0, 0, 0.01%, 0, 0, 1, 42.64
1734371933, 2, 5, 10, 0, 0, 0.01%, 0, 0, 1, 45.24
1734371938, 2, 6, 10, 0, 0, 0.01%, 0, 0, 1, 45.53
1734371943, 2, 7, 10, 0, 0, 0.01%, 0, 0, 1, 43.64
1734371948, 2, 8, 10, 0, 0, 0.01%, 0, 0, 1, 42.27
1734371953, 2, 9, 10, 0, 0, 0.01%, 0, 0, 1, 44.18
1734371963, 3, 0, 10, 0, 0, 0.01%, 0, 0, 1, 43.56
1734371968, 3, 1, 10, 0, 0, 0.01%, 0, 0, 1, 42.94
1734371973, 3, 2, 10, 0, 0, 0.01%, 0, 0, 1, 44.43
1734371978, 3, 3, 10, 0, 0, 0.01%, 0, 0, 1, 44.50
1734371984, 3, 4, 10, 0, 0, 0.01%, 0, 0, 1, 44.88
1734371989, 3, 5, 10, 0, 0, 0.01%, 0, 0, 1, 44.35
1734371994, 3, 6, 10, 0, 0, 0.01%, 0, 0, 1, 44.62
1734371999, 3, 7, 10, 0, 0, 0.01%, 0, 0, 1, 44.90
1734372009, 3, 8, 10, 0, 0, 0.01%, 0, 0, 1, 44.79
1734372014, 3, 9, 10, 0, 0, 0.01%, 0, 0, 1, 44.35
1734372019, 4, 0, 10, 0, 0, 0.01%, 0, 0, 1, 44.86
1734372024, 4, 1, 10, 0, 0, 0.01%, 0, 0, 1, 43.51
1734372029, 4, 2, 10, 0, 0, 0.01%, 0, 0, 1, 45.08
1734372034, 4, 3, 10, 0, 0, 0.01%, 0, 0, 1, 44.06
1734372039, 4, 4, 10, 0, 0, 0.01%, 0, 0, 1, 45.02
1734372044, 4, 5, 10, 0, 0, 0.01%, 0, 0, 1, 46.33
1734372055, 4, 6, 10, 0, 0, 0.01%, 0, 0, 1, 45.54
1734372060, 4, 7, 10, 0, 0, 0.01%, 0, 0, 1, 44.73
1734372065, 4, 8, 10, 0, 0, 0.01%, 0, 0, 1, 45.20
1734372070, 4, 9, 10, 0, 0, 0.01%, 0, 0, 1, 44.55
1734372075, 5, 0, 10, 0, 0, 0.01%, 0, 0, 1, 44.76
1734372080, 5, 1, 10, 0, 0, 0.01%, 0, 0, 1, 45.50
1734372085, 5, 2, 10, 0, 0, 0.01%, 0, 0, 1, 45.76
1734372090, 5, 3, 10, 0, 0, 0.01%, 0, 0, 1, 46.57
1734372095, 5, 4, 10, 0, 0, 0.01%, 0, 0, 1, 44.80
1734372105, 5, 5, 10, 0, 0, 0.01%, 0, 0, 1, 42.93
1734372110, 5, 6, 10, 0, 0, 0.01%, 0, 0, 1, 42.98
1734372116, 5, 7, 10, 0, 0, 0.01%, 0, 0, 1, 45.10
1734372121, 5, 8, 10, 0, 0, 0.01%, 0, 0, 1, 44.55
1734372126, 5, 9, 10, 0, 0, 0.01%, 0, 0, 1, 43.32
1734372131, 6, 0, 10, 0, 0, 0.01%, 0, 0, 1, 44.78
1734372136, 6, 1, 10, 0, 0, 0.01%, 0, 0, 1, 47.44
1734372141, 6, 2, 10, 0, 0, 0.01%, 0, 0, 1, 45.58
1734372151, 6, 3, 10, 0, 0, 0.01%, 0, 0, 1, 46.02
1734372156, 6, 4, 10, 0, 0, 0.01%, 0, 0, 1, 46.86
1734372161, 6, 5, 10, 0, 0, 0.01%, 0, 0, 1, 46.41
1734372166, 6, 6, 10, 0, 0, 0.01%, 0, 0, 1, 44.60
1734372171, 6, 7, 10, 0, 0, 0.01%, 0, 0, 1, 43.90
1734372176, 6, 8, 10, 0, 0, 0.01%, 0, 0, 1, 45.07
1734372182, 6, 9, 10, 0, 0, 0.01%, 0, 0, 1, 47.68
1734372187, 7, 0, 10, 0, 0, 0.01%, 0, 0, 1, 45.09
1734372192, 7, 1, 10, 0, 0, 0.01%, 0, 0, 1, 46.10
1734372202, 7, 2, 10, 0, 0, 0.01%, 0, 0, 1, 44.83
1734372207, 7, 3, 10, 0, 0, 0.01%, 0, 0, 1, 45.16
1734372212, 7, 4, 10, 0, 0, 0.01%, 0, 0, 1, 47.08
1734372217, 7, 5, 10, 0, 0, 0.01%, 0, 0, 1, 43.93
1734372222, 7, 6, 10, 0, 0, 0.01%, 0, 0, 1, 45.45
1734372227, 7, 7, 10, 0, 0, 0.01%, 0, 0, 1, 45.44
1734372232, 7, 8, 10, 0, 0, 0.01%, 0, 0, 1, 45.19
1734372237, 7, 9, 10, 0, 0, 0.01%, 0, 0, 1, 45.30
1734372242, 8, 0, 10, 0, 0, 0.01%, 0, 0, 1, 44.47
1734372252, 8, 1, 10, 0, 0, 0.01%, 0, 0, 1, 44.80
1734372257, 8, 2, 10, 0, 0, 0.01%, 0, 0, 1, 43.97
1734372263, 8, 3, 10, 0, 0, 0.01%, 0, 0, 1, 43.43
1734372268, 8, 4, 10, 0, 0, 0.01%, 0, 0, 1, 47.32
1734372273, 8, 5, 10, 0, 0, 0.01%, 0, 0, 1, 46.66
1734372278, 8, 6, 10, 0, 0, 0.01%, 0, 0, 1, 45.86
1734372283, 8, 7, 10, 0, 0, 0.01%, 0, 0, 1, 43.61
1734372288, 8, 8, 10, 0, 0, 0.01%, 0, 0, 1, 44.88
1734372293, 8, 9, 10, 0, 0, 0.01%, 0, 0, 1, 44.35
1734372303, 9, 0, 10, 0, 0, 0.01%, 0, 0, 1, 45.18
1734372308, 9, 1, 10, 0, 0, 0.01%, 0, 0, 1, 44.87
1734372313, 9, 2, 10, 0, 0, 0.01%, 0, 0, 1, 45.04
1734372318, 9, 3, 10, 0, 0, 0.01%, 0, 0, 1, 43.28
1734372323, 9, 4, 10, 0, 0, 0.01%, 0, 0, 1, 46.74
1734372329, 9, 5, 10, 0, 0, 0.01%, 0, 0, 1, 45.30
1734372334, 9, 6, 10, 0, 0, 0.01%, 0, 0, 1, 44.90
1734372339, 9, 7, 10, 0, 0, 0.01%, 0, 0, 1, 44.46
1734372349, 9, 8, 10, 0, 0, 0.01%, 0, 0, 1, 47.17
1734372354, 9, 9, 10, 0, 0, 0.01%, 0, 0, 1, 45.39
1734372359, 10, 0, 10, 0, 0, 0.01%, 0, 0, 1, 45.42
1734372364, 10, 1, 10, 0, 0, 0.01%, 0, 0, 1, 45.90
1734372369, 10, 2, 10, 0, 0, 0.01%, 0, 0, 1, 44.93
1734372374, 10, 3, 10, 0, 0, 0.01%, 0, 0, 1, 44.94
1734372379, 10, 4, 10, 0, 0, 0.01%, 0, 0, 1, 43.92
1734372384, 10, 5, 10, 0, 0, 0.01%, 0, 0, 1, 46.52
1734372389, 10, 6, 10, 0, 0, 0.01%, 0, 0, 1, 44.63
1734372399, 10, 7, 10, 0, 0, 0.01%, 0, 0, 1, 45.49
1734372405, 10, 8, 10, 0, 0, 0.01%, 0, 0, 1, 44.62
1734372410, 10, 9, 10, 0, 0, 0.01%, 0, 0, 1, 44.93
1734372415, 11, 0, 10, 0, 0, 0.01%, 0, 0, 1, 45.28
1734372420, 11, 1, 10, 0, 0, 0.01%, 0, 0, 1, 44.75
1734372425, 11, 2, 10, 0, 0, 0.01%, 0, 0, 1, 46.36
1734372430, 11, 3, 10, 0, 0, 0.01%, 0, 0, 1, 47.36
1734372435, 11, 4, 10, 0, 0, 0.01%, 0, 0, 1, 47.63
1734372440, 11, 5, 10, 0, 0, 0.01%, 0, 0, 1, 46.85
1734372445, 11, 6, 10, 0, 0, 0.01%, 0, 0, 1, 49.07
1734372450, 11, 7, 10, 0, 0, 0.01%, 0, 0, 1, 50.83
1734372460, 11, 8, 10, 0, 0, 0.01%, 0, 0, 1, 47.74
1734372465, 11, 9, 10, 0, 0, 0.01%, 0, 0, 1, 49.42
1734372471, 12, 0, 10, 0, 0, 0.01%, 0, 0, 1, 47.09
1734372476, 12, 1, 10, 0, 0, 0.01%, 0, 0, 1, 50.05
1734372481, 12, 2, 10, 0, 0, 0.01%, 0, 0, 1, 47.61
1734372486, 12, 3, 10, 0, 0, 0.01%, 0, 0, 1, 47.21
1734372491, 12, 4, 10, 0, 0, 0.01%, 0, 0, 1, 45.65
1734372496, 12, 5, 10, 0, 0, 0.01%, 0, 0, 1, 44.55
1734372501, 12, 6, 10, 0, 0, 0.01%, 0, 0, 1, 47.97
1734372506, 12, 7, 10, 0, 0, 0.01%, 0, 0, 1, 47.53
1734372511, 12, 8, 10, 0, 0, 0.01%, 0, 0, 1, 47.46
1734372516, 12, 9, 10, 0, 0, 0.01%, 0, 0, 1, 47.70
1734372521, 13, 0, 10, 0, 0, 0.01%, 0, 0, 1, 47.25
1734372526, 13, 1, 10, 0, 0, 0.01%, 0, 0, 1, 49.54
1734372531, 13, 2, 10, 0, 0, 0.01%, 0, 0, 1, 47.66
1734372537, 13, 3, 10, 0, 0, 0.01%, 0, 0, 1, 47.41
1734372547, 13, 4, 10, 0, 0, 0.01%, 0, 0, 1, 45.56
1734372552, 13, 5, 10, 0, 0, 0.01%, 0, 0, 1, 46.65
1734372557, 13, 6, 10, 0, 0, 0.01%, 0, 0, 1, 45.38
1734372562, 13, 7, 10, 0, 0, 0.01%, 0, 0, 1, 46.31
1734372567, 13, 8, 10, 0, 0, 0.01%, 0, 0, 1, 47.79
1734372572, 13, 9, 10, 0, 0, 0.01%, 0, 0, 1, 47.29
1734372577, 14, 0, 10, 0, 0, 0.01%, 0, 0, 1, 46.35
1734372582, 14, 1, 10, 0, 0, 0.01%, 0, 0, 1, 46.87
1734372587, 14, 2, 10, 0, 0, 0.01%, 0, 0, 1, 46.62
1734372593, 14, 3, 10, 0, 0, 0.01%, 0, 0, 1, 45.29
1734372598, 14, 4, 10, 0, 0, 0.01%, 0, 0, 1, 45.64
1734372603, 14, 5, 10, 0, 0, 0.01%, 0, 0, 1, 48.17
1734372613, 14, 6, 10, 0, 0, 0.01%, 0, 0, 1, 46.04
1734372618, 14, 7, 10, 0, 0, 0.01%, 0, 0, 1, 44.82
1734372623, 14, 8, 10, 0, 0, 0.01%, 0, 0, 1, 44.51
1734372628, 14, 9, 10, 0, 0, 0.01%, 0, 0, 1, 47.32
1734372633, 15, 0, 10, 0, 0, 0.01%, 0, 0, 1, 45.83
1734372638, 15, 1, 10, 0, 0, 0.01%, 0, 0, 1, 44.52
1734372643, 15, 2, 10, 0, 0, 0.01%, 0, 0, 1, 47.77
1734372648, 15, 3, 10, 0, 0, 0.01%, 0, 0, 1, 46.50
1734372653, 15, 4, 10, 0, 0, 0.01%, 0, 0, 1, 45.80
1734372674, 15, 5, 10, 0, 0, 0.01%, 0, 0, 1, 48.08
1734372694, 15, 6, 10, 0, 0, 0.01%, 0, 0, 1, 47.70
1734372714, 15, 7, 10, 0, 0, 0.01%, 0, 0, 1, 46.05
1734372735, 15, 8, 10, 0, 0, 0.01%, 0, 0, 1, 45.70
1734372755, 15, 9, 10, 0, 0, 0.01%, 0, 0, 1, 45.58
1734372776, 16, 0, 10, 0, 0, 0.01%, 0, 0, 1, 45.37
1734372796, 16, 1, 10, 0, 0, 0.01%, 0, 0, 1, 45.91
1734372816, 16, 2, 10, 0, 0, 0.01%, 0, 0, 1, 48.57
1734372821, 16, 3, 10, 0, 0, 0.01%, 0, 0, 1, 48.91
1734372827, 16, 4, 10, 0, 0, 0.01%, 0, 0, 1, 48.15
1734372837, 16, 5, 10, 0, 0, 0.01%, 0, 0, 1, 46.35
1734372842, 16, 6, 10, 0, 0, 0.01%, 0, 0, 1, 47.98
1734372847, 16, 7, 10, 0, 0, 0.01%, 0, 0, 1, 47.49
1734372852, 16, 8, 10, 0, 0, 0.01%, 0, 0, 1, 47.73
1734372857, 16, 9, 10, 0, 0, 0.01%, 0, 0, 1, 47.31
1734372862, 17, 0, 10, 0, 0, 0.01%, 0, 0, 1, 47.57
1734372867, 17, 1, 10, 0, 0, 0.01%, 0, 0, 1, 46.28
1734372872, 17, 2, 10, 0, 0, 0.01%, 0, 0, 1, 47.76
1734372877, 17, 3, 10, 0, 0, 0.01%, 0, 0, 1, 47.76
1734372882, 17, 4, 10, 0, 0, 0.01%, 0, 0, 1, 47.61
1734372887, 17, 5, 10, 0, 0, 0.01%, 0, 0, 1, 45.65
1734372893, 17, 6, 10, 0, 0, 0.01%, 0, 0, 1, 46.98
1734372898, 17, 7, 10, 0, 0, 0.01%, 0, 0, 1, 48.50
1734372903, 17, 8, 10, 0, 0, 0.01%, 0, 0, 1, 45.48
1734372908, 17, 9, 10, 0, 0, 0.01%, 0, 0, 1, 46.64
1734372913, 18, 0, 10, 0, 0, 0.01%, 0, 0, 1, 47.34
1734372918, 18, 1, 10, 0, 0, 0.01%, 0, 0, 1, 48.17
1734372928, 18, 2, 10, 0, 0, 0.01%, 0, 0, 1, 48.75
1734372933, 18, 3, 10, 0, 0, 0.01%, 0, 0, 1, 45.82
1734372938, 18, 4, 10, 0, 0, 0.01%, 0, 0, 1, 47.73
1734372943, 18, 5, 10, 0, 0, 0.01%, 0, 0, 1, 47.30
1734372949, 18, 6, 10, 0, 0, 0.01%, 0, 0, 1, 46.04
1734372954, 18, 7, 10, 0, 0, 0.01%, 0, 0, 1, 48.64
1734372959, 18, 8, 10, 0, 0, 0.01%, 0, 0, 1, 45.78
1734372964, 18, 9, 10, 0, 0, 0.01%, 0, 0, 1, 45.75
1734372969, 19, 0, 10, 0, 0, 0.01%, 0, 0, 1, 46.44
1734372974, 19, 1, 10, 0, 0, 0.01%, 0, 0, 1, 47.59
1734372979, 19, 2, 10, 0, 0, 0.01%, 0, 0, 1, 48.44
1734372984, 19, 3, 10, 0, 0, 0.01%, 0, 0, 1, 48.17
1734372989, 19, 4, 10, 0, 0, 0.01%, 0, 0, 1, 46.79
1734372994, 19, 5, 10, 0, 0, 0.01%, 0, 0, 1, 47.49
1734373000, 19, 6, 10, 0, 0, 0.01%, 0, 0, 1, 47.24
1734373005, 19, 7, 10, 0, 0, 0.01%, 0, 0, 1, 48.91
1734373010, 19, 8, 10, 0, 0, 0.01%, 0, 0, 1, 46.37
1734373015, 19, 9, 10, 0, 0, 0.01%, 0, 0, 1, 48.41
1734373025, 20, 0, 10, 0, 0, 0.01%, 0, 0, 1, 49.68
1734373030, 20, 1, 10, 0, 0, 0.01%, 0, 0, 1, 45.00
1734373035, 20, 2, 10, 0, 0, 0.01%, 0, 0, 1, 46.74
1734373040, 20, 3, 10, 0, 0, 0.01%, 0, 0, 1, 47.28
1734373045, 20, 4, 10, 0, 0, 0.01%, 0, 0, 1, 48.46
1734373050, 20, 5, 10, 0, 0, 0.01%, 0, 0, 1, 47.91
1734373056, 20, 6, 10, 0, 0, 0.01%, 0, 0, 1, 48.31
1734373061, 20, 7, 10, 0, 0, 0.01%, 0, 0, 1, 48.90
1734373066, 20, 8, 10, 0, 0, 0.01%, 0, 0, 1, 46.38
1734373071, 20, 9, 10, 0, 0, 0.01%, 0, 0, 1, 48.16
1734373076, 21, 0, 10, 0, 0, 0.01%, 0, 0, 1, 48.00
1734373081, 21, 1, 10, 0, 0, 0.01%, 0, 0, 1, 46.77
1734373086, 21, 2, 10, 0, 0, 0.01%, 0, 0, 1, 47.89
1734373091, 21, 10, 11, 1, 1, 0.14%, 1, 0, 2, 48.15
1734373101, 21, 10, 12, 2, 1, 0.14%, 2, 0, 3, 56.48
1734373178, 22, 11, 13, 1, 0, 0.14%, 3, 0, 4, 59.69
1734373183, 22, 11, 14, 2, 0, 0.14%, 3, 0, 4, 55.49
1734373188, 22, 11, 15, 3, 0, 0.14%, 5, 0, 4, 53.36
1734373223, 22, 11, 16, 4, 0, 0.14%, 5, 0, 4, 53.78
1734373300, 22, 12, 16, 4, 3, 0.14%, 5, 0, 4, 52.68
1734373346, 22, 12, 17, 5, 3, 0.14%, 5, 0, 5, 50.96
1734373361, 22, 12, 18, 6, 3, 0.14%, 5, 0, 5, 52.52
1734373442, 22, 12, 21, 9, 3, 0.14%, 5, 0, 5, 48.07
1734373453, 22, 12, 22, 10, 3, 0.14%, 5, 0, 5, 48.07
1734373463, 22, 13, 22, 9, 3, 0.14%, 5, 0, 5, 53.69
1734373524, 22, 13, 25, 12, 3, 0.14%, 5, 0, 5, 63.65
1734373539, 22, 14, 25, 11, 2, 0.14%, 5, 0, 5, 73.01
1734373569, 22, 14, 26, 12, 2, 0.14%, 5, 0, 5, 50.70
1734373651, 22, 14, 27, 13, 2, 0.14%, 6, 0, 5, 52.29
1734373661, 22, 17, 27, 12, 2, 0.14%, 6, 0, 5, 94.85
1734373737, 22, 25, 27, 11, 1, 0.14%, 6, 0, 5, 69.87
1734373808, 23, 16, 27, 10, 0, 0.14%, 6, 0, 5, 48.28
1734373813, 23, 24, 27, 8, 0, 0.14%, 6, 0, 5, 37.98
1734373819, 24, 16, 27, 7, 0, 0.14%, 6, 0, 5, 81.58
1734373916, 24, 16, 28, 8, 0, 0.14%, 7, 0, 6, 114.11
1734374215, 24, 27, 28, 8, 1, 0.14%, 7, 0, 6, 49.05
1734374220, 25, 13, 28, 7, 0, 0.14%, 7, 0, 6, 52.68
1734374251, 25, 14, 28, 7, 0, 0.14%, 7, 0, 6, 56.39
1734374281, 26, 13, 28, 7, 0, 0.14%, 7, 0, 6, 55.92
1734374327, 26, 14, 28, 7, 0, 0.14%, 7, 0, 6, 58.39
1734374363, 26, 22, 28, 5, 0, 0.14%, 7, 0, 6, 45.61
1734374368, 26, 25, 28, 4, 0, 0.14%, 7, 0, 6, 52.13
1734374399, 27, 13, 28, 4, 0, 0.14%, 7, 0, 6, 56.44
1734374404, 27, 13, 29, 5, 0, 0.14%, 7, 0, 6, 53.86
1734374450, 27, 13, 30, 6, 0, 0.14%, 7, 0, 6, 63.94
1734374455, 27, 29, 30, 6, 1, 0.14%, 7, 0, 6, 84.93
1734374526, 27, 29, 31, 7, 1, 0.14%, 7, 0, 6, 70.53
1734374536, 27, 29, 32, 8, 1, 0.14%, 7, 0, 6, 79.58
1734374541, 27, 29, 33, 9, 1, 0.14%, 7, 0, 6, 79.53
1734374562, 27, 29, 34, 10, 1, 0.14%, 7, 0, 6, 76.51
1734374602, 27, 30, 34, 9, 1, 0.14%, 7, 0, 6, 82.49
1734374703, 28, 14, 34, 8, 0, 0.14%, 7, 0, 6, 61.26
1734374739, 28, 25, 34, 8, 0, 0.14%, 7, 0, 6, 70.37
1734374774, 29, 14, 34, 8, 0, 0.14%, 7, 0, 6, 64.68
1734374815, 29, 25, 34, 7, 0, 0.14%, 7, 0, 6, 59.30
1734374835, 29, 26, 34, 7, 0, 0.14%, 7, 0, 6, 73.21
1734374840, 30, 25, 34, 5, 0, 0.14%, 7, 0, 6, 57.60
1734374845, 30, 25, 35, 6, 0, 0.14%, 7, 0, 6, 58.30
1734374886, 31, 14, 35, 5, 0, 0.14%, 7, 0, 6, 65.01
1734374927, 31, 34, 35, 5, 0, 0.14%, 7, 0, 6, 72.60
1734374947, 31, 34, 36, 6, 0, 0.14%, 7, 0, 7, 64.55
1734374952, 31, 34, 37, 7, 0, 0.14%, 7, 0, 7, 61.46
1734375038, 31, 35, 37, 7, 1, 0.14%, 7, 0, 7, 82.01
1734375114, 32, 14, 37, 6, 0, 0.14%, 7, 0, 7, 61.66
1734375150, 33, 14, 37, 6, 0, 0.14%, 7, 0, 7, 66.86
1734375185, 33, 32, 37, 6, 0, 0.14%, 7, 0, 7, 84.22
1734375292, 34, 14, 37, 5, 0, 0.14%, 7, 0, 7, 62.21
1734375333, 34, 25, 37, 5, 0, 0.14%, 7, 0, 7, 66.73
1734375363, 34, 25, 38, 6, 0, 0.14%, 7, 0, 7, 71.68
1734375368, 34, 36, 38, 6, 1, 0.14%, 7, 0, 7, 63.75
1734375374, 34, 37, 38, 5, 1, 0.14%, 7, 0, 7, 41.15
1734375379, 35, 14, 38, 4, 0, 0.14%, 7, 0, 7, 57.64
1734375414, 35, 37, 38, 4, 0, 0.14%, 7, 0, 7, 114.39
1734375699, 36, 14, 38, 4, 0, 0.14%, 7, 0, 7, 62.49
1734375734, 38, 26, 38, 3, 0, 0.14%, 7, 0, 7, 91.15
1734376070, 38, 30, 38, 3, 0, 0.14%, 7, 0, 7, 67.47
1734376080, 39, 14, 38, 2, 0, 0.14%, 7, 0, 7, 61.26
1734376116, 40, 14, 38, 1, 0, 0.14%, 7, 0, 7, 64.93
1734376152, 40, 31, 38, 1, 0, 0.14%, 7, 0, 7, 86.09
1734376259, 41, 14, 38, 1, 0, 0.14%, 7, 0, 7, 60.66
1734376294, 41, 25, 38, 1, 0, 0.14%, 7, 0, 7, 63.52
1734376330, 41, 33, 38, 1, 0, 0.14%, 7, 0, 7, 68.37
1734376508, 42, 14, 38, 0, 0, 0.14%, 7, 0, 7, 65.71
1734376513, 43, 14, 38, 0, 0, 0.14%, 7, 0, 7, 60.72
1734376518, 43, 37, 38, 0, 0, 0.14%, 7, 0, 7, 64.91
1734376529, 44, 14, 38, 0, 0, 0.14%, 7, 0, 7, 66.63
1734376534, 44, 25, 38, 0, 0, 0.14%, 7, 0, 7, 68.25
1734376569, 44, 37, 38, 0, 0, 0.14%, 7, 0, 7, 66.91
1734376580, 45, 13, 38, 0, 0, 0.14%, 7, 0, 7, 65.52
1734376615, 45, 14, 38, 0, 0, 0.14%, 7, 0, 7, 64.63
1734376620, 45, 37, 38, 0, 0, 0.14%, 7, 0, 7, 72.81
1734376636, 46, 14, 38, 0, 0, 0.14%, 7, 0, 7, 71.70
1734376646, 46, 37, 38, 0, 0, 0.14%, 7, 0, 7, 84.58
1734376676, 47, 14, 38, 0, 0, 0.14%, 7, 0, 7, 63.47
1734376681, 47, 37, 38, 0, 0, 0.14%, 7, 0, 7, 65.79
1734376717, 48, 14, 38, 0, 0, 0.14%, 7, 0, 7, 60.52
1734376722, 48, 31, 38, 0, 0, 0.14%, 7, 0, 7, 68.68
1734376727, 48, 37, 38, 0, 0, 0.14%, 7, 0, 7, 70.08
1734376763, 49, 14, 38, 0, 0, 0.14%, 7, 0, 7, 64.65
1734376768, 49, 31, 38, 0, 0, 0.14%, 7, 0, 7, 69.43
1734376788, 49, 37, 38, 0, 0, 0.14%, 7, 0, 7, 77.29
1734376824, 50, 14, 38, 0, 0, 0.14%, 7, 0, 7, 62.32
1734376829, 50, 31, 38, 0, 0, 0.14%, 7, 0, 7, 72.68
1734376864, 50, 33, 38, 0, 0, 0.14%, 7, 0, 7, 70.57
1734376869, 51, 14, 38, 0, 0, 0.14%, 7, 0, 7, 65.71
1734376874, 51, 31, 38, 0, 0, 0.14%, 7, 0, 7, 70.44
1734376910, 51, 33, 38, 0, 0, 0.14%, 7, 0, 7, 79.57
1734376920, 52, 14, 38, 0, 0, 0.14%, 7, 0, 7, 64.06
1734376930, 52, 31, 38, 0, 0, 0.14%, 7, 0, 7, 77.86
1734376961, 52, 33, 38, 0, 0, 0.14%, 7, 0, 7, 74.79
1734376991, 53, 14, 38, 0, 0, 0.14%, 7, 0, 7, 65.89
1734377001, 53, 31, 38, 0, 0, 0.14%, 7, 0, 7, 76.39
1734377032, 53, 33, 38, 0, 0, 0.14%, 7, 0, 7, 70.58
1734377067, 54, 14, 38, 0, 0, 0.14%, 7, 0, 7, 62.32
1734377072, 54, 33, 38, 0, 0, 0.14%, 7, 0, 7, 66.68
1734377108, 55, 14, 38, 0, 0, 0.14%, 7, 0, 7, 63.24
1734377113, 55, 33, 38, 0, 0, 0.14%, 7, 0, 7, 69.77
1734377149, 56, 14, 38, 0, 0, 0.14%, 7, 0, 7, 59.63
1734377154, 56, 33, 38, 0, 0, 0.14%, 7, 0, 7, 69.10
1734377184, 57, 14, 38, 0, 0, 0.14%, 7, 0, 7, 62.14
1734377194, 58, 14, 38, 0, 0, 0.14%, 7, 0, 7, 63.78
1734377200, 58, 26, 38, 0, 0, 0.14%, 7, 0, 7, 66.71
1734377205, 59, 14, 38, 0, 0, 0.14%, 7, 0, 7, 62.77
1734377210, 60, 14, 38, 0, 0, 0.14%, 7, 0, 7, 63.15
1734377220, 61, 14, 38, 0, 0, 0.14%, 7, 0, 7, 61.50
1734377225, 61, 25, 38, 0, 0, 0.14%, 7, 0, 7, 60.95
1734377266, 61, 26, 38, 0, 0, 0.14%, 7, 0, 7, 66.17
1734377276, 62, 14, 38, 0, 0, 0.14%, 7, 0, 7, 61.46
1734377286, 63, 14, 38, 0, 0, 0.14%, 7, 0, 7, 66.11
1734377291, 64, 14, 38, 0, 0, 0.14%, 7, 0, 7, 62.02
1734377296, 65, 14, 38, 0, 0, 0.14%, 7, 0, 7, 64.61
1734377306, 66, 14, 38, 0, 0, 0.14%, 7, 0, 7, 64.06
1734377311, 67, 14, 38, 0, 0, 0.14%, 7, 0, 7, 62.04
1734377316, 68, 14, 38, 0, 0, 0.14%, 7, 0, 7, 58.87
1734377327, 68, 30, 38, 0, 0, 0.14%, 7, 0, 7, 68.55
1734377342, 69, 14, 38, 0, 0, 0.14%, 7, 0, 7, 67.12
1734377352, 70, 14, 38, 0, 0, 0.14%, 7, 0, 7, 61.58
1734377357, 71, 14, 38, 0, 0, 0.14%, 7, 0, 7, 64.12
1734377362, 72, 13, 38, 0, 0, 0.14%, 7, 0, 7, 66.56
1734377403, 72, 14, 38, 0, 0, 0.14%, 7, 0, 7, 60.88
1734377408, 73, 14, 38, 0, 0, 0.14%, 7, 0, 7, 65.25
1734377413, 74, 14, 38, 0, 0, 0.14%, 7, 0, 7, 68.15
1734377423, 75, 13, 38, 0, 0, 0.14%, 7, 0, 7, 59.96
1734377458, 75, 14, 38, 0, 0, 0.14%, 7, 0, 7, 63.31
1734377463, 76, 14, 38, 0, 0, 0.14%, 7, 0, 7, 63.60
1734377473, 77, 14, 38, 0, 0, 0.14%, 7, 0, 7, 65.98
1734377478, 78, 14, 38, 0, 0, 0.14%, 7, 0, 7, 66.71
1734377483, 79, 14, 38, 0, 0, 0.14%, 7, 0, 7, 68.63
1734377493, 80, 14, 38, 0, 0, 0.14%, 7, 0, 7, 62.84
1734377498, 81, 14, 38, 0, 0, 0.14%, 7, 0, 7, 62.72
1734377503, 90, 26, 38, 0, 0, 0.14%, 7, 0, 7, 71.78
1734377529, 90, 30, 38, 0, 0, 0.14%, 7, 0, 7, 63.10
1734377564, 96, 30, 38, 0, 0, 0.14%, 7, 0, 7, 67.97
1734377600, 98, 18, 38, 0, 0, 0.14%, 7, 0, 7, 77.47
1734377635, 98, 36, 38, 0, 0, 0.14%, 7, 0, 7, 78.96
1734378047, 99, 25, 38, 0, 0, 0.14%, 7, 0, 7, 63.02
1734378083, 100, 26, 38, 0, 0, 0.14%, 7, 0, 7, 70.74
1734378113, 100, 27, 38, 0, 0, 0.14%, 7, 0, 7, 93.17
1734378450, 105, 30, 38, 0, 0, 0.14%, 7, 0, 7, 72.00
1734378480, 110, 30, 38, 0, 0, 0.14%, 7, 0, 7, 61.23
1734378521, 111, 26, 38, 0, 0, 0.14%, 7, 0, 7, 74.33
1734378546, 120, 13, 38, 0, 0, 0.14%, 7, 0, 7, 66.10
1734378581, 123, 32, 38, 0, 0, 0.14%, 7, 0, 7, 73.64
1734378597, 125, 18, 38, 0, 0, 0.14%, 7, 0, 7, 64.27
1734378602, 134, 27, 38, 0, 0, 0.14%, 7, 0, 7, 67.03
1734378607, 137, 18, 38, 0, 0, 0.14%, 7, 0, 7, 67.39
1734378612, 137, 25, 38, 0, 0, 0.14%, 7, 0, 7, 62.93
1734378652, 138, 25, 38, 0, 0, 0.14%, 7, 0, 7, 59.79
1734378688, 139, 18, 38, 0, 0, 0.14%, 7, 0, 7, 69.48
1734378708, 139, 36, 38, 0, 0, 0.14%, 7, 0, 7, 66.42
1734378713, 140, 12, 38, 0, 0, 0.14%, 7, 0, 7, 62.55
1734378718, 141, 13, 38, 0, 0, 0.14%, 7, 0, 7, 63.47
1734378759, 141, 22, 38, 0, 0, 0.14%, 7, 0, 7, 72.64
1734378805, 142, 26, 38, 0, 0, 0.14%, 7, 0, 7, 63.82
1734378841, 143, 35, 38, 0, 0, 0.14%, 7, 0, 7, 66.40
1734378851, 144, 18, 38, 0, 0, 0.14%, 7, 0, 7, 66.46
1734378881, 147, 36, 38, 0, 0, 0.14%, 7, 0, 7, 70.92
1734378896, 151, 22, 38, 0, 0, 0.14%, 7, 0, 7, 62.36
1734378901, 151, 32, 38, 0, 0, 0.14%, 7, 0, 7, 74.55
1734378932, 152, 25, 38, 0, 0, 0.14%, 7, 0, 7, 72.96
1734378967, 155, 16, 38, 0, 0, 0.14%, 7, 0, 7, 69.31
1734378973, 155, 30, 38, 0, 0, 0.14%, 7, 0, 7, 67.97
1734379008, 155, 32, 38, 0, 0, 0.14%, 7, 0, 7, 65.91
1734379038, 156, 29, 38, 0, 0, 0.14%, 7, 0, 7, 67.11
1734379049, 157, 25, 38, 0, 0, 0.14%, 7, 0, 7, 63.91
1734379084, 157, 27, 38, 0, 0, 0.14%, 7, 0, 7, 66.32
1734379094, 158, 27, 38, 0, 0, 0.14%, 7, 0, 7, 70.27
1734379125, 159, 13, 38, 0, 0, 0.14%, 7, 0, 7, 63.47
1734379160, 159, 34, 38, 0, 0, 0.14%, 7, 0, 7, 67.38
1734379170, 160, 20, 38, 0, 0, 0.14%, 7, 0, 7, 89.36
1734379318, 161, 32, 38, 0, 0, 0.14%, 7, 0, 7, 72.76
1734379354, 162, 13, 38, 0, 0, 0.14%, 7, 0, 7, 64.33
1734379389, 164, 12, 38, 0, 0, 0.14%, 7, 0, 7, 56.08
1734379400, 166, 35, 38, 0, 0, 0.14%, 7, 0, 7, 65.18
1734379420, 166, 36, 38, 0, 0, 0.14%, 7, 0, 7, 73.67
1734379446, 168, 19, 38, 0, 0, 0.14%, 7, 0, 7, 74.40
1734379486, 168, 22, 38, 0, 0, 0.14%, 7, 0, 7, 65.44
1734379502, 169, 16, 38, 0, 0, 0.14%, 7, 0, 7, 73.90
1734379517, 169, 28, 38, 0, 0, 0.14%, 7, 0, 7, 87.30
1734379558, 170, 21, 38, 0, 0, 0.14%, 7, 0, 7, 62.80
1734379588, 170, 35, 38, 0, 0, 0.14%, 7, 0, 7, 67.59
1734379619, 174, 13, 38, 0, 0, 0.14%, 7, 0, 7, 61.87
1734379654, 174, 35, 38, 0, 0, 0.14%, 7, 0, 7, 62.99
1734379689, 175, 20, 38, 0, 0, 0.14%, 7, 0, 7, 70.84
1734379695, 175, 21, 38, 0, 0, 0.14%, 7, 0, 7, 63.23
1734379700, 178, 36, 38, 0, 0, 0.14%, 7, 0, 7, 85.61
1734379730, 180, 19, 38, 0, 0, 0.14%, 7, 0, 7, 65.24
1734379736, 181, 22, 38, 0, 0, 0.14%, 7, 0, 7, 58.84
1734379761, 182, 35, 38, 0, 0, 0.14%, 7, 0, 7, 67.51
1734379796, 183, 22, 38, 0, 0, 0.14%, 7, 0, 7, 71.01
1734379832, 184, 22, 38, 0, 0, 0.14%, 7, 0, 7, 61.20
1734379867, 184, 34, 38, 0, 0, 0.14%, 7, 0, 7, 64.75
1734379883, 186, 16, 38, 0, 0, 0.14%, 7, 0, 7, 70.02
1734379913, 187, 28, 38, 0, 0, 0.14%, 7, 0, 7, 67.56
1734379918, 187, 29, 38, 0, 0, 0.14%, 7, 0, 7, 69.45
1734379938, 189, 12, 38, 0, 0, 0.14%, 7, 0, 7, 67.94
1734379959, 191, 19, 38, 0, 0, 0.14%, 7, 0, 7, 64.17
1734379969, 195, 20, 38, 0, 0, 0.14%, 7, 0, 7, 65.73
1734379979, 198, 28, 38, 0, 0, 0.14%, 7, 0, 7, 67.64
1734379994, 198, 35, 38, 0, 0, 0.14%, 7, 0, 7, 65.06
1734380025, 199, 21, 38, 0, 0, 0.14%, 7, 0, 7, 67.58
1734380040, 199, 36, 38, 0, 0, 0.14%, 7, 0, 7, 81.24
1734380071, 201, 20, 38, 0, 0, 0.14%, 7, 0, 7, 71.74
1734380091, 201, 27, 38, 0, 0, 0.14%, 7, 0, 7, 66.82
1734380122, 203, 35, 38, 0, 0, 0.14%, 7, 0, 7, 68.13
1734380157, 204, 36, 38, 0, 0, 0.14%, 7, 0, 7, 78.78
1734380188, 206, 20, 38, 0, 0, 0.14%, 7, 0, 7, 72.32
1734380223, 209, 21, 38, 0, 0, 0.14%, 7, 0, 7, 61.34
1734380249, 210, 12, 38, 0, 0, 0.14%, 7, 0, 7, 63.15
1734380284, 211, 34, 38, 0, 0, 0.14%, 7, 0, 7, 62.37
1734380304, 212, 21, 38, 0, 0, 0.14%, 7, 0, 7, 64.98
1734380340, 212, 22, 38, 0, 0, 0.14%, 7, 0, 7, 58.13
1734380375, 213, 13, 38, 0, 0, 0.14%, 7, 0, 7, 66.04
1734380416, 214, 12, 38, 0, 0, 0.14%, 7, 0, 7, 61.46
1734380451, 215, 11, 38, 0, 0, 0.14%, 7, 0, 7, 60.85
1734380456, 215, 19, 38, 0, 0, 0.14%, 7, 0, 7, 64.66
1734380477, 215, 24, 38, 0, 0, 0.14%, 7, 0, 7, 96.42
1734381191, 215, 29, 38, 0, 0, 0.14%, 7, 0, 7, 69.65
1734381221, 218, 16, 38, 0, 0, 0.14%, 7, 0, 7, 66.32
1734381257, 222, 11, 38, 0, 0, 0.14%, 7, 0, 7, 66.03
1734381262, 222, 18, 38, 0, 0, 0.14%, 7, 0, 7, 64.06
1734381297, 222, 29, 38, 0, 0, 0.14%, 7, 0, 7, 72.27
1734381328, 223, 11, 38, 0, 0, 0.14%, 7, 0, 7, 62.17
1734381343, 224, 34, 38, 0, 0, 0.14%, 7, 0, 7, 63.95
1734381378, 226, 18, 38, 0, 0, 0.14%, 7, 0, 7, 64.61
1734381414, 228, 17, 38, 0, 0, 0.14%, 7, 0, 7, 59.98
1734381419, 229, 19, 38, 0, 0, 0.14%, 7, 0, 7, 62.56
1734381455, 231, 29, 38, 0, 0, 0.14%, 7, 0, 7, 74.96
1734381490, 233, 21, 38, 0, 0, 0.14%, 7, 0, 7, 59.67
1734381531, 233, 27, 38, 0, 0, 0.14%, 7, 0, 7, 64.43
1734381566, 234, 13, 38, 0, 0, 0.14%, 7, 0, 7, 58.46
1734381602, 234, 24, 38, 0, 0, 0.14%, 7, 0, 7, 68.77
1734381607, 236, 34, 38, 0, 0, 0.14%, 7, 0, 7, 62.26
1734381642, 238, 12, 38, 0, 0, 0.14%, 7, 0, 7, 65.10
1734381673, 240, 18, 38, 0, 0, 0.14%, 7, 0, 7, 63.49
1734381709, 240, 19, 38, 0, 0, 0.14%, 7, 0, 7, 66.79
1734381744, 240, 29, 38, 0, 0, 0.14%, 7, 0, 7, 64.48
1734381780, 240, 32, 38, 0, 0, 0.14%, 7, 0, 7, 74.12
1734381815, 243, 28, 38, 0, 0, 0.14%, 7, 0, 7, 65.67
1734381841, 244, 16, 38, 0, 0, 0.14%, 7, 0, 7, 69.61
1734381871, 245, 27, 38, 0, 0, 0.14%, 7, 0, 7, 73.41
1734381902, 247, 21, 38, 0, 0, 0.14%, 7, 0, 7, 60.13
1734381942, 247, 24, 38, 0, 0, 0.14%, 7, 0, 7, 80.18
1734381953, 247, 34, 38, 0, 0, 0.14%, 7, 0, 7, 65.61
1734381988, 248, 20, 38, 0, 0, 0.14%, 7, 0, 7, 73.42
1734382024, 250, 10, 38, 0, 0, 0.14%, 7, 0, 7, 66.10
1734382029, 250, 29, 38, 0, 0, 0.14%, 7, 0, 7, 62.71
1734382065, 251, 17, 38, 0, 0, 0.14%, 7, 0, 7, 66.93
1734382075, 251, 18, 38, 0, 0, 0.14%, 7, 0, 7, 68.72
1734382110, 251, 35, 38, 0, 0, 0.14%, 7, 0, 7, 66.76
1734382146, 253, 34, 38, 0, 0, 0.14%, 7, 0, 7, 62.44
1734382181, 257, 28, 38, 0, 0, 0.14%, 7, 0, 7, 65.39
1734382217, 261, 34, 38, 0, 0, 0.14%, 7, 0, 7, 64.86
1734382252, 262, 28, 38, 0, 0, 0.14%, 7, 0, 7, 70.89
1734382287, 263, 17, 38, 0, 0, 0.14%, 7, 0, 7, 63.24
1734382313, 264, 11, 38, 0, 0, 0.14%, 7, 0, 7, 54.41
1734382338, 268, 10, 38, 0, 0, 0.14%, 7, 0, 7, 62.45
1734382349, 268, 27, 38, 0, 0, 0.14%, 7, 0, 7, 68.00
1734382374, 274, 22, 38, 0, 0, 0.14%, 7, 0, 7, 67.41
1734382410, 278, 11, 38, 0, 0, 0.14%, 7, 0, 7, 59.22
1734382445, 278, 12, 38, 0, 0, 0.14%, 7, 0, 7, 59.79
1734382475, 295, 28, 38, 0, 0, 0.14%, 7, 0, 7, 62.77
1734382516, 299, 34, 38, 0, 0, 0.14%, 7, 0, 7, 64.88
1734382552, 306, 12, 38, 0, 0, 0.14%, 7, 0, 7, 62.92
1734382582, 308, 17, 38, 0, 0, 0.14%, 7, 0, 7, 65.98
1734382612, 308, 20, 38, 0, 0, 0.14%, 7, 0, 7, 67.40
1734382648, 309, 19, 38, 0, 0, 0.14%, 7, 0, 7, 65.13
1734382683, 310, 11, 38, 0, 0, 0.14%, 7, 0, 7, 60.57
1734382713, 310, 20, 38, 0, 0, 0.14%, 7, 0, 7, 64.09
1734382749, 310, 28, 38, 0, 0, 0.14%, 7, 0, 7, 69.16
1734382785, 313, 17, 38, 0, 0, 0.14%, 7, 0, 7, 63.43
1734382810, 317, 11, 38, 0, 0, 0.14%, 7, 0, 7, 66.18
1734382840, 317, 32, 38, 0, 0, 0.14%, 7, 0, 7, 77.22
1734382876, 319, 17, 38, 0, 0, 0.14%, 7, 0, 7, 66.08
1734382907, 326, 10, 38, 0, 0, 0.14%, 7, 0, 7, 60.24
1734382922, 337, 17, 38, 0, 0, 0.14%, 7, 0, 7, 67.02
1734382952, 339, 15, 38, 0, 0, 0.14%, 7, 0, 7, 73.77
1734383008, 343, 15, 38, 0, 0, 0.14%, 7, 0, 7, 69.02
1734383013, 343, 16, 38, 0, 0, 0.14%, 7, 0, 7, 61.32
1734383049, 352, 10, 38, 0, 0, 0.14%, 7, 0, 7, 59.75
1734383074, 361, 16, 38, 0, 0, 0.14%, 7, 0, 7, 73.46
1734383100, 364, 16, 38, 0, 0, 0.14%, 7, 0, 7, 71.63
1734383136, 366, 32, 38, 0, 0, 0.14%, 7, 0, 7, 70.31
1734383166, 370, 23, 38, 0, 0, 0.14%, 7, 0, 7, 83.91
1734383665, 376, 15, 38, 0, 0, 0.14%, 7, 0, 7, 65.47
1734383686, 387, 10, 38, 0, 0, 0.14%, 7, 0, 7, 58.99
1734383721, 393, 15, 38, 0, 0, 0.14%, 7, 0, 7, 56.66
1734383762, 402, 15, 38, 0, 0, 0.14%, 7, 0, 7, 65.41
1734383797, 404, 23, 38, 0, 0, 0.14%, 7, 0, 7, 68.48
1734383807, 424, 32, 38, 0, 0, 0.14%, 7, 0, 7, 66.21
1734383843, 429, 32, 38, 0, 0, 0.14%, 7, 0, 7, 69.04
1734383878, 9714, 0, 38, 0, 0, 0.14%, 7, 0, 7, 0.00
1734383884, 21692, 0, 38, 0, 0, 0.14%, 7, 0, 7, 0.00
1734383889, 33204, 0, 38, 0, 0, 0.14%, 7, 0, 7, 0.00
1734383894, 44725, 0, 38, 0, 0, 0.14%, 7, 0, 7, 0.00
1734383899, 56414, 0, 38, 0, 0, 0.14%, 7, 0, 7, 0.00
1734383904, 67569, 0, 38, 0, 0, 0.14%, 7, 0, 7, 0.00
1734383910, 78759, 0, 38, 0, 0, 0.14%, 7, 0, 7, 0.00
1734383915, 89706, 0, 38, 0, 0, 0.14%, 7, 0, 7, 0.00
1734383920, 100792, 0, 38, 0, 0, 0.14%, 7, 0, 7, 0.00
1734383925, 112735, 0, 38, 0, 0, 0.14%, 7, 0, 7, 0.00
1734383930, 124343, 0, 38, 0, 0, 0.14%, 7, 0, 7, 0.00
1734383936, 135868, 0, 38, 0, 0, 0.14%, 7, 0, 7, 0.00
1734383941, 147419, 0, 38, 0, 0, 0.14%, 7, 0, 7, 0.00
1734383946, 158919, 0, 38, 0, 0, 0.14%, 7, 0, 7, 0.00
1734383951, 170478, 0, 38, 0, 0, 0.14%, 7, 0, 7, 0.00
1734383956, 182431, 0, 38, 0, 0, 0.14%, 7, 0, 7, 0.00
1734383962, 193998, 0, 38, 0, 0, 0.14%, 7, 0, 7, 0.00
1734383967, 205567, 0, 38, 0, 0, 0.14%, 7, 0, 7, 0.00
1734383972, 216639, 0, 38, 0, 0, 0.14%, 7, 0, 7, 0.00
1734383977, 228630, 0, 38, 0, 0, 0.14%, 7, 0, 7, 0.00
1734383982, 240131, 0, 38, 0, 0, 0.14%, 7, 0, 7, 0.00
1734383988, 251652, 0, 38, 0, 0, 0.14%, 7, 0, 7, 0.00
1734383993, 263218, 0, 38, 0, 0, 0.14%, 7, 0, 7, 0.00
1734383998, 274327, 0, 38, 0, 0, 0.14%, 7, 0, 7, 0.00
1734384003, 286750, 0, 38, 0, 0, 0.14%, 7, 0, 7, 0.00
1734384008, 298714, 0, 38, 0, 0, 0.14%, 7, 0, 7, 0.00
1734384014, 310265, 0, 38, 0, 0, 0.14%, 7, 0, 7, 0.00
1734384019, 321768, 0, 38, 0, 0, 0.14%, 7, 0, 7, 0.00
1734384024, 333768, 0, 38, 0, 0, 0.14%, 7, 0, 7, 0.00
1734384029, 345328, 0, 38, 0, 0, 0.14%, 7, 0, 7, 0.00
1734384034, 356865, 0, 38, 0, 0, 0.14%, 7, 0, 7, 0.00
1734384040, 368371, 0, 38, 0, 0, 0.14%, 7, 0, 7, 0.00
1734384045, 380356, 0, 38, 0, 0, 0.14%, 7, 0, 7, 0.00
1734384050, 391913, 0, 38, 0, 0, 0.14%, 7, 0, 7, 0.00
1734384055, 403420, 0, 38, 0, 0, 0.14%, 7, 0, 7, 0.00
1734384060, 415368, 0, 38, 0, 0, 0.14%, 7, 0, 7, 0.00
1734384066, 426947, 0, 38, 0, 0, 0.14%, 7, 0, 7, 0.00
1734384071, 438936, 0, 38, 0, 0, 0.14%, 7, 0, 7, 0.00
1734384076, 450497, 0, 38, 0, 0, 0.14%, 7, 0, 7, 0.00
1734384081, 462004, 0, 38, 0, 0, 0.14%, 7, 0, 7, 0.00
1734384086, 474023, 0, 38, 0, 0, 0.14%, 7, 0, 7, 0.00
1734384092, 485150, 0, 38, 0, 0, 0.14%, 7, 0, 7, 0.00
1734384097, 496678, 0, 38, 0, 0, 0.14%, 7, 0, 7, 0.00
1734384102, 508657, 0, 38, 0, 0, 0.14%, 7, 0, 7, 0.00
1734384107, 520172, 0, 38, 0, 0, 0.14%, 7, 0, 7, 0.00
1734384112, 531664, 0, 38, 0, 0, 0.14%, 7, 0, 7, 0.00
1734384118, 543426, 0, 38, 0, 0, 0.14%, 7, 0, 7, 0.00
1734384123, 555156, 0, 38, 0, 0, 0.14%, 7, 0, 7, 0.00
1734384128, 566714, 0, 38, 0, 0, 0.14%, 7, 0, 7, 0.00
1734384133, 578252, 0, 38, 0, 0, 0.14%, 7, 0, 7, 0.00
1734384138, 589787, 0, 38, 0, 0, 0.14%, 7, 0, 7, 0.00
1734384144, 601728, 0, 38, 0, 0, 0.14%, 7, 0, 7, 0.00
1734384149, 613223, 0, 38, 0, 0, 0.14%, 7, 0, 7, 0.00
1734384154, 625177, 0, 38, 0, 0, 0.14%, 7, 0, 7, 0.00
1734384159, 636704, 0, 38, 0, 0, 0.14%, 7, 0, 7, 0.00
1734384164, 648557, 0, 38, 0, 0, 0.14%, 7, 0, 7, 0.00
1734384170, 660269, 0, 38, 0, 0, 0.14%, 7, 0, 7, 0.00
1734384175, 671820, 0, 38, 0, 0, 0.14%, 7, 0, 7, 0.00
1734384180, 683350, 0, 38, 0, 0, 0.14%, 7, 0, 7, 0.00
1734384185, 694897, 0, 38, 0, 0, 0.14%, 7, 0, 7, 0.00
1734384190, 707296, 0, 38, 0, 0, 0.14%, 7, 0, 7, 0.00
1734384196, 718789, 0, 38, 0, 0, 0.14%, 7, 0, 7, 0.00
1734384201, 730327, 0, 38, 0, 0, 0.14%, 7, 0, 7, 0.00
1734384206, 742745, 0, 38, 0, 0, 0.14%, 7, 0, 7, 0.00
1734384211, 753804, 0, 38, 0, 0, 0.14%, 7, 0, 7, 0.00
1734384216, 765763, 0, 38, 0, 0, 0.14%, 7, 0, 7, 0.00
1734384222, 777282, 0, 38, 0, 0, 0.14%, 7, 0, 7, 0.00
1734384227, 788800, 0, 38, 0, 0, 0.14%, 7, 0, 7, 0.00
1734384232, 800784, 0, 38, 0, 0, 0.14%, 7, 0, 7, 0.00
1734384237, 812754, 0, 38, 0, 0, 0.14%, 7, 0, 7, 0.00
1734384242, 824288, 0, 38, 0, 0, 0.14%, 7, 0, 7, 0.00
1734384248, 836264, 0, 38, 0, 0, 0.14%, 7, 0, 7, 0.00
1734384253, 847821, 0, 38, 0, 0, 0.14%, 7, 0, 7, 0.00
1734384258, 859798, 0, 38, 0, 0, 0.14%, 7, 0, 7, 0.00
1734384263, 870889, 0, 38, 0, 0, 0.14%, 7, 0, 7, 0.00
1734384268, 882410, 0, 38, 0, 0, 0.14%, 7, 0, 7, 0.00
1734384274, 893940, 0, 38, 0, 0, 0.14%, 7, 0, 7, 0.00
1734384279, 905476, 0, 38, 0, 0, 0.14%, 7, 0, 7, 0.00
1734384284, 917429, 0, 38, 0, 0, 0.14%, 7, 0, 7, 0.00
1734384289, 928959, 0, 38, 0, 0, 0.14%, 7, 0, 7, 0.00
1734384294, 940492, 0, 38, 0, 0, 0.14%, 7, 0, 7, 0.00
1734384300, 952021, 0, 38, 0, 0, 0.14%, 7, 0, 7, 0.00
1734384305, 963517, 0, 38, 0, 0, 0.14%, 7, 0, 7, 0.00
1734384310, 975520, 0, 38, 0, 0, 0.14%, 7, 0, 7, 0.00
1734384315, 987030, 0, 38, 0, 0, 0.14%, 7, 0, 7, 0.00
1734384320, 998538, 0, 38, 0, 0, 0.14%, 7, 0, 7, 0.00
1734384326, 1010061, 0, 38, 0, 0, 0.14%, 7, 0, 7, 0.00
1734384331, 1021561, 0, 38, 0, 0, 0.14%, 7, 0, 7, 0.00
1734384336, 1032617, 0, 38, 0, 0, 0.14%, 7, 0, 7, 0.00
1734384341, 1044590, 0, 38, 0, 0, 0.14%, 7, 0, 7, 0.00
1734384346, 1055713, 0, 38, 0, 0, 0.14%, 7, 0, 7, 0.00
1734384352, 1067706, 0, 38, 0, 0, 0.14%, 7, 0, 7, 0.00
1734384357, 1079182, 0, 38, 0, 0, 0.14%, 7, 0, 7, 0.00
1734384362, 1090663, 0, 38, 0, 0, 0.14%, 7, 0, 7, 0.00
1734384367, 1102186, 0, 38, 0, 0, 0.14%, 7, 0, 7, 0.00
1734384372, 1113723, 0, 38, 0, 0, 0.14%, 7, 0, 7, 0.00
1734384378, 1125670, 0, 38, 0, 0, 0.14%, 7, 0, 7, 0.00
1734384383, 1137570, 0, 38, 0, 0, 0.14%, 7, 0, 7, 0.00
1734384388, 1149179, 0, 38, 0, 0, 0.14%, 7, 0, 7, 0.00
1734384393, 1161162, 0, 38, 0, 0, 0.14%, 7, 0, 7, 0.00
1734384398, 1172267, 0, 38, 0, 0, 0.14%, 7, 0, 7, 0.00
1734384404, 1184222, 0, 38, 0, 0, 0.14%, 7, 0, 7, 0.00
1734384409, 1195769, 0, 38, 0, 0, 0.14%, 7, 0, 7, 0.00
1734384414, 1207332, 0, 38, 0, 0, 0.14%, 7, 0, 7, 0.00
1734384419, 1218860, 0, 38, 0, 0, 0.14%, 7, 0, 7, 0.00
1734384424, 1230362, 0, 38, 0, 0, 0.14%, 7, 0, 7, 0.00
1734384430, 1242808, 0, 38, 0, 0, 0.14%, 7, 0, 7, 0.00
1734384435, 1254354, 0, 38, 0, 0, 0.14%, 7, 0, 7, 0.00
1734384440, 1265872, 0, 38, 0, 0, 0.14%, 7, 0, 7, 0.00
1734384445, 1277873, 0, 38, 0, 0, 0.14%, 7, 0, 7, 0.00
1734384450, 1289377, 0, 38, 0, 0, 0.14%, 7, 0, 7, 0.00
1734384456, 1300906, 0, 38, 0, 0, 0.14%, 7, 0, 7, 0.00
1734384461, 1311968, 0, 38, 0, 0, 0.14%, 7, 0, 7, 0.00
1734384466, 1323497, 0, 38, 0, 0, 0.14%, 7, 0, 7, 0.00
1734384471, 1335034, 0, 38, 0, 0, 0.14%, 7, 0, 7, 0.00
1734384476, 1347460, 0, 38, 0, 0, 0.14%, 7, 0, 7, 0.00
1734384482, 1359404, 0, 38, 0, 0, 0.14%, 7, 0, 7, 0.00
1734384487, 1370948, 0, 38, 0, 0, 0.14%, 7, 0, 7, 0.00
1734384492, 1382464, 0, 38, 0, 0, 0.14%, 7, 0, 7, 0.00
1734384497, 1394423, 0, 38, 0, 0, 0.14%, 7, 0, 7, 0.00
1734384502, 1405909, 0, 38, 0, 0, 0.14%, 7, 0, 7, 0.00
1734384508, 1417460, 0, 38, 0, 0, 0.14%, 7, 0, 7, 0.00
1734384513, 1428992, 0, 38, 0, 0, 0.14%, 7, 0, 7, 0.00
1734384518, 1440535, 0, 38, 0, 0, 0.14%, 7, 0, 7, 0.00
1734384523, 1452519, 0, 38, 0, 0, 0.14%, 7, 0, 7, 0.00
1734384528, 1464492, 0, 38, 0, 0, 0.14%, 7, 0, 7, 0.00
1734384534, 1476017, 0, 38, 0, 0, 0.14%, 7, 0, 7, 0.00
1734384539, 1487550, 0, 38, 0, 0, 0.14%, 7, 0, 7, 0.00
1734384544, 1499394, 0, 38, 0, 0, 0.14%, 7, 0, 7, 0.00
1734384549, 1511030, 0, 38, 0, 0, 0.14%, 7, 0, 7, 0.00
1734384554, 1522576, 0, 38, 0, 0, 0.14%, 7, 0, 7, 0.00
1734384560, 1534073, 0, 38, 0, 0, 0.14%, 7, 0, 7, 0.00
1734384565, 1545749, 0, 38, 0, 0, 0.14%, 7, 0, 7, 0.00
1734384570, 1557562, 0, 38, 0, 0, 0.14%, 7, 0, 7, 0.00
1734384575, 1569104, 0, 38, 0, 0, 0.14%, 7, 0, 7, 0.00
1734384580, 1580656, 0, 38, 0, 0, 0.14%, 7, 0, 7, 0.00
1734384586, 1591756, 0, 38, 0, 0, 0.14%, 7, 0, 7, 0.00
1734384591, 1603732, 0, 38, 0, 0, 0.14%, 7, 0, 7, 0.00
1734384596, 1615257, 0, 38, 0, 0, 0.14%, 7, 0, 7, 0.00
1734384601, 1626792, 0, 38, 0, 0, 0.14%, 7, 0, 7, 0.00
1734384606, 1637875, 0, 38, 0, 0, 0.14%, 7, 0, 7, 0.00
1734384612, 1649393, 0, 38, 0, 0, 0.14%, 7, 0, 7, 0.00
1734384617, 1661326, 0, 38, 0, 0, 0.14%, 7, 0, 7, 0.00
1734384622, 1673262, 0, 38, 0, 0, 0.14%, 7, 0, 7, 0.00
1734384627, 1685193, 0, 38, 0, 0, 0.14%, 7, 0, 7, 0.00
1734384632, 1696652, 0, 38, 0, 0, 0.14%, 7, 0, 7, 0.00
1734384638, 1708204, 0, 38, 0, 0, 0.14%, 7, 0, 7, 0.00
1734384643, 1720157, 0, 38, 0, 0, 0.14%, 7, 0, 7, 0.00
1734384648, 1731675, 0, 38, 0, 0, 0.14%, 7, 0, 7, 0.00
1734384653, 1743220, 0, 38, 0, 0, 0.14%, 7, 0, 7, 0.00
1734384658, 1754333, 0, 38, 0, 0, 0.14%, 7, 0, 7, 0.00
1734384664, 1766281, 0, 38, 0, 0, 0.14%, 7, 0, 7, 0.00
1734384669, 1777788, 0, 38, 0, 0, 0.14%, 7, 0, 7, 0.00
1734384674, 1789797, 0, 38, 0, 0, 0.14%, 7, 0, 7, 0.00
1734384679, 1801330, 0, 38, 0, 0, 0.14%, 7, 0, 7, 0.00
1734384684, 1813255, 0, 38, 0, 0, 0.14%, 7, 0, 7, 0.00
1734384690, 1824780, 0, 38, 0, 0, 0.14%, 7, 0, 7, 0.00
1734384695, 1836304, 0, 38, 0, 0, 0.14%, 7, 0, 7, 0.00
1734384700, 1847845, 0, 38, 0, 0, 0.14%, 7, 0, 7, 0.00
1734384705, 1859377, 0, 38, 0, 0, 0.14%, 7, 0, 7, 0.00
1734384710, 1871352, 0, 38, 0, 0, 0.14%, 7, 0, 7, 0.00
1734384716, 1882885, 0, 38, 0, 0, 0.14%, 7, 0, 7, 0.00
1734384721, 1894392, 0, 38, 0, 0, 0.14%, 7, 0, 7, 0.00
1734384726, 1905884, 0, 38, 0, 0, 0.14%, 7, 0, 7, 0.00
1734384731, 1917424, 0, 38, 0, 0, 0.14%, 7, 0, 7, 0.00
1734384736, 1928954, 0, 38, 0, 0, 0.14%, 7, 0, 7, 0.00
1734384742, 1940477, 0, 38, 0, 0, 0.14%, 7, 0, 7, 0.00
1734384747, 1952005, 0, 38, 0, 0, 0.14%, 7, 0, 7, 0.00
1734384752, 1963553, 0, 38, 0, 0, 0.14%, 7, 0, 7, 0.00
1734384757, 1975142, 0, 38, 0, 0, 0.14%, 7, 0, 7, 0.00
1734384762, 1987008, 0, 38, 0, 0, 0.14%, 7, 0, 7, 0.00
1734384768, 1998994, 0, 38, 0, 0, 0.14%, 7, 0, 7, 0.00
1734384773, 2010527, 0, 38, 0, 0, 0.14%, 7, 0, 7, 0.00
1734384778, 2022079, 0, 38, 0, 0, 0.14%, 7, 0, 7, 0.00
1734384783, 2034011, 0, 38, 0, 0, 0.14%, 7, 0, 7, 0.00
1734384788, 2045538, 0, 38, 0, 0, 0.14%, 7, 0, 7, 0.00
1734384794, 2057019, 0, 38, 0, 0, 0.14%, 7, 0, 7, 0.00
1734384799, 2068534, 0, 38, 0, 0, 0.14%, 7, 0, 7, 0.00
1734384804, 2080055, 0, 38, 0, 0, 0.14%, 7, 0, 7, 0.00
1734384809, 2091988, 0, 38, 0, 0, 0.14%, 7, 0, 7, 0.00
1734384814, 2103953, 0, 38, 0, 0, 0.14%, 7, 0, 7, 0.00
1734384820, 2115506, 0, 38, 0, 0, 0.14%, 7, 0, 7, 0.00
1734384825, 2126998, 0, 38, 0, 0, 0.14%, 7, 0, 7, 0.00
1734384830, 2138981, 0, 38, 0, 0, 0.14%, 7, 0, 7, 0.00
1734384835, 2150484, 0, 38, 0, 0, 0.14%, 7, 0, 7, 0.00
1734384840, 2162044, 0, 38, 0, 0, 0.14%, 7, 0, 7, 0.00
1734384846, 2173580, 0, 38, 0, 0, 0.14%, 7, 0, 7, 0.00
1734384851, 2185139, 0, 38, 0, 0, 0.14%, 7, 0, 7, 0.00
1734384856, 2197100, 0, 38, 0, 0, 0.14%, 7, 0, 7, 0.00
1734384861, 2209042, 0, 38, 0, 0, 0.14%, 7, 0, 7, 0.00
1734384866, 2220629, 0, 38, 0, 0, 0.14%, 7, 0, 7, 0.00
1734384872, 2231726, 0, 38, 0, 0, 0.14%, 7, 0, 7, 0.00
1734384877, 2243718, 0, 38, 0, 0, 0.14%, 7, 0, 7, 0.00
1734384882, 2255269, 0, 38, 0, 0, 0.14%, 7, 0, 7, 0.00
1734384887, 2266807, 0, 38, 0, 0, 0.14%, 7, 0, 7, 0.00
1734384892, 2277862, 0, 38, 0, 0, 0.14%, 7, 0, 7, 0.00
1734384898, 2289376, 0, 38, 0, 0, 0.14%, 7, 0, 7, 0.00
1734384903, 2301297, 0, 38, 0, 0, 0.14%, 7, 0, 7, 0.00
1734384908, 2312841, 0, 38, 0, 0, 0.14%, 7, 0, 7, 0.00
1734384913, 2323956, 0, 38, 0, 0, 0.14%, 7, 0, 7, 0.00
1734384918, 2335490, 0, 38, 0, 0, 0.14%, 7, 0, 7, 0.00
1734384924, 2347328, 0, 38, 0, 0, 0.14%, 7, 0, 7, 0.00
1734384929, 2358980, 0, 38, 0, 0, 0.14%, 7, 0, 7, 0.00
1734384934, 2370536, 0, 38, 0, 0, 0.14%, 7, 0, 7, 0.00
1734384939, 2382086, 0, 38, 0, 0, 0.14%, 7, 0, 7, 0.00
1734384944, 2394069, 0, 38, 0, 0, 0.14%, 7, 0, 7, 0.00
1734384950, 2406025, 0, 38, 0, 0, 0.14%, 7, 0, 7, 0.00
1734384955, 2417086, 0, 38, 0, 0, 0.14%, 7, 0, 7, 0.00
1734384960, 2429069, 0, 38, 0, 0, 0.14%, 7, 0, 7, 0.00
1734384965, 2440573, 0, 38, 0, 0, 0.14%, 7, 0, 7, 0.00
1734384970, 2452073, 0, 38, 0, 0, 0.14%, 7, 0, 7, 0.00
1734384976, 2464055, 0, 38, 0, 0, 0.14%, 7, 0, 7, 0.00
1734384981, 2475556, 0, 38, 0, 0, 0.14%, 7, 0, 7, 0.00
1734384986, 2487094, 0, 38, 0, 0, 0.14%, 7, 0, 7, 0.00
1734384991, 2498614, 0, 38, 0, 0, 0.14%, 7, 0, 7, 0.00
1734384996, 2510602, 0, 38, 0, 0, 0.14%, 7, 0, 7, 0.00
1734385002, 2522153, 0, 38, 0, 0, 0.14%, 7, 0, 7, 0.00
1734385007, 2534160, 0, 38, 0, 0, 0.14%, 7, 0, 7, 0.00
1734385012, 2545678, 0, 38, 0, 0, 0.14%, 7, 0, 7, 0.00
1734385017, 2557226, 0, 38, 0, 0, 0.14%, 7, 0, 7, 0.00
1734385022, 2569218, 0, 38, 0, 0, 0.14%, 7, 0, 7, 0.00
1734385028, 2580722, 0, 38, 0, 0, 0.14%, 7, 0, 7, 0.00
1734385033, 2592239, 0, 38, 0, 0, 0.14%, 7, 0, 7, 0.00
1734385038, 2603770, 0, 38, 0, 0, 0.14%, 7, 0, 7, 0.00
1734385043, 2615726, 0, 38, 0, 0, 0.14%, 7, 0, 7, 0.00
1734385048, 2627252, 0, 38, 0, 0, 0.14%, 7, 0, 7, 0.00
1734385054, 2638731, 0, 38, 0, 0, 0.14%, 7, 0, 7, 0.00
1734385059, 2650640, 0, 38, 0, 0, 0.14%, 7, 0, 7, 0.00
1734385064, 2662183, 0, 38, 0, 0, 0.14%, 7, 0, 7, 0.00
1734385069, 2674171, 0, 38, 0, 0, 0.14%, 7, 0, 7, 0.00
1734385074, 2685674, 0, 38, 0, 0, 0.14%, 7, 0, 7, 0.00
1734385080, 2697184, 0, 38, 0, 0, 0.14%, 7, 0, 7, 0.00
1734385085, 2708997, 0, 38, 0, 0, 0.14%, 7, 0, 7, 0.00
1734385090, 2720362, 0, 38, 0, 0, 0.14%, 7, 0, 7, 0.00
1734385095, 2732208, 0, 38, 0, 0, 0.14%, 7, 0, 7, 0.00
1734385100, 2743716, 0, 38, 0, 0, 0.14%, 7, 0, 7, 0.00
1734385106, 2754754, 0, 38, 0, 0, 0.14%, 7, 0, 7, 0.00
1734385111, 2767186, 0, 38, 0, 0, 0.14%, 7, 0, 7, 0.00
1734385116, 2778702, 0, 38, 0, 0, 0.14%, 7, 0, 7, 0.00
1734385121, 2790211, 0, 38, 0, 0, 0.14%, 7, 0, 7, 0.00
1734385126, 2801772, 0, 38, 0, 0, 0.14%, 7, 0, 7, 0.00
1734385132, 2812895, 0, 38, 0, 0, 0.14%, 7, 0, 7, 0.00
1734385137, 2824845, 0, 38, 0, 0, 0.14%, 7, 0, 7, 0.00
1734385142, 2836377, 0, 38, 0, 0, 0.14%, 7, 0, 7, 0.00
1734385147, 2847908, 0, 38, 0, 0, 0.14%, 7, 0, 7, 0.00
1734385152, 2859398, 0, 38, 0, 0, 0.14%, 7, 0, 7, 0.00
1734385158, 2871785, 0, 38, 0, 0, 0.14%, 7, 0, 7, 0.00
1734385163, 2883316, 0, 38, 0, 0, 0.14%, 7, 0, 7, 0.00
1734385168, 2894881, 0, 38, 0, 0, 0.14%, 7, 0, 7, 0.00
1734385173, 2906369, 0, 38, 0, 0, 0.14%, 7, 0, 7, 0.00
1734385178, 2917908, 0, 38, 0, 0, 0.14%, 7, 0, 7, 0.00
1734385184, 2929447, 0, 38, 0, 0, 0.14%, 7, 0, 7, 0.00
1734385189, 2941383, 0, 38, 0, 0, 0.14%, 7, 0, 7, 0.00
1734385194, 2952912, 0, 38, 0, 0, 0.14%, 7, 0, 7, 0.00
1734385199, 2964910, 0, 38, 0, 0, 0.14%, 7, 0, 7, 0.00
1734385204, 2976432, 0, 38, 0, 0, 0.14%, 7, 0, 7, 0.00
1734385210, 2988379, 0, 38, 0, 0, 0.14%, 7, 0, 7, 0.00
1734385215, 2999910, 0, 38, 0, 0, 0.14%, 7, 0, 7, 0.00
1734385220, 3011408, 0, 38, 0, 0, 0.14%, 7, 0, 7, 0.00
1734385225, 3022945, 0, 38, 0, 0, 0.14%, 7, 0, 7, 0.00
1734385230, 3034481, 0, 38, 0, 0, 0.14%, 7, 0, 7, 0.00
1734385236, 3046441, 0, 38, 0, 0, 0.14%, 7, 0, 7, 0.00
1734385241, 3057963, 0, 38, 0, 0, 0.14%, 7, 0, 7, 0.00
1734385246, 3069460, 0, 38, 0, 0, 0.14%, 7, 0, 7, 0.00
1734385251, 3081445, 0, 38, 0, 0, 0.14%, 7, 0, 7, 0.00
1734385256, 3093246, 0, 38, 0, 0, 0.14%, 7, 0, 7, 0.00
1734385262, 3104859, 0, 38, 0, 0, 0.14%, 7, 0, 7, 0.00
1734385267, 3116355, 0, 38, 0, 0, 0.14%, 7, 0, 7, 0.00
1734385272, 3127825, 0, 38, 0, 0, 0.14%, 7, 0, 7, 0.00
1734385277, 3139814, 0, 38, 0, 0, 0.14%, 7, 0, 7, 0.00
1734385282, 3151332, 0, 38, 0, 0, 0.14%, 7, 0, 7, 0.00
1734385288, 3162876, 0, 38, 0, 0, 0.14%, 7, 0, 7, 0.00
1734385293, 3174395, 0, 38, 0, 0, 0.14%, 7, 0, 7, 0.00
1734385298, 3186390, 0, 38, 0, 0, 0.14%, 7, 0, 7, 0.00
1734385303, 3197859, 0, 38, 0, 0, 0.14%, 7, 0, 7, 0.00
1734385308, 3209429, 0, 38, 0, 0, 0.14%, 7, 0, 7, 0.00
1734385314, 3220956, 0, 38, 0, 0, 0.14%, 7, 0, 7, 0.00
1734385319, 3232456, 0, 38, 0, 0, 0.14%, 7, 0, 7, 0.00
1734385324, 3243986, 0, 38, 0, 0, 0.14%, 7, 0, 7, 0.00
1734385329, 3255937, 0, 38, 0, 0, 0.14%, 7, 0, 7, 0.00
1734385334, 3267497, 0, 38, 0, 0, 0.14%, 7, 0, 7, 0.00
1734385340, 3279029, 0, 38, 0, 0, 0.14%, 7, 0, 7, 0.00
1734385345, 3290586, 0, 38, 0, 0, 0.14%, 7, 0, 7, 0.00
1734385350, 3303004, 0, 38, 0, 0, 0.14%, 7, 0, 7, 0.00
1734385355, 3314557, 0, 38, 0, 0, 0.14%, 7, 0, 7, 0.00
1734385360, 3326059, 0, 38, 0, 0, 0.14%, 7, 0, 7, 0.00
1734385366, 3337613, 0, 38, 0, 0, 0.14%, 7, 0, 7, 0.00
1734385371, 3349153, 0, 38, 0, 0, 0.14%, 7, 0, 7, 0.00
1734385376, 3360704, 0, 38, 0, 0, 0.14%, 7, 0, 7, 0.00
1734385381, 3372228, 0, 38, 0, 0, 0.14%, 7, 0, 7, 0.00
1734385386, 3383729, 0, 38, 0, 0, 0.14%, 7, 0, 7, 0.00
1734385392, 3395227, 0, 38, 0, 0, 0.14%, 7, 0, 7, 0.00
1734385397, 3406731, 0, 38, 0, 0, 0.14%, 7, 0, 7, 0.00
1734385402, 3418702, 0, 38, 0, 0, 0.14%, 7, 0, 7, 0.00
1734385407, 3430186, 0, 38, 0, 0, 0.14%, 7, 0, 7, 0.00
1734385412, 3441699, 0, 38, 0, 0, 0.14%, 7, 0, 7, 0.00
1734385418, 3453667, 0, 38, 0, 0, 0.14%, 7, 0, 7, 0.00
1734385423, 3464762, 0, 38, 0, 0, 0.14%, 7, 0, 7, 0.00
1734385428, 3476351, 0, 38, 0, 0, 0.14%, 7, 0, 7, 0.00
1734385433, 3487873, 0, 38, 0, 0, 0.14%, 7, 0, 7, 0.00
1734385438, 3499387, 0, 38, 0, 0, 0.14%, 7, 0, 7, 0.00
1734385444, 3511754, 0, 38, 0, 0, 0.14%, 7, 0, 7, 0.00
1734385449, 3523276, 0, 38, 0, 0, 0.14%, 7, 0, 7, 0.00
1734385454, 3534852, 0, 38, 0, 0, 0.14%, 7, 0, 7, 0.00
1734385459, 3546366, 0, 38, 0, 0, 0.14%, 7, 0, 7, 0.00
1734385464, 3557905, 0, 38, 0, 0, 0.14%, 7, 0, 7, 0.00
1734385470, 3569902, 0, 38, 0, 0, 0.14%, 7, 0, 7, 0.00
1734385475, 3581434, 0, 38, 0, 0, 0.14%, 7, 0, 7, 0.00
1734385480, 3592945, 0, 38, 0, 0, 0.14%, 7, 0, 7, 0.00
1734385485, 3604460, 0, 38, 0, 0, 0.14%, 7, 0, 7, 0.00
1734385490, 3615566, 0, 38, 0, 0, 0.14%, 7, 0, 7, 0.00
1734385496, 3627546, 0, 38, 0, 0, 0.14%, 7, 0, 7, 0.00
1734385501, 3639081, 0, 38, 0, 0, 0.14%, 7, 0, 7, 0.00
1734385506, 3650620, 0, 38, 0, 0, 0.14%, 7, 0, 7, 0.00
1734385511, 3662162, 0, 38, 0, 0, 0.14%, 7, 0, 7, 0.00
1734385516, 3673714, 0, 38, 0, 0, 0.14%, 7, 0, 7, 0.00
1734385522, 3685695, 0, 38, 0, 0, 0.14%, 7, 0, 7, 0.00
1734385527, 3697222, 0, 38, 0, 0, 0.14%, 7, 0, 7, 0.00
1734385532, 3708752, 0, 38, 0, 0, 0.14%, 7, 0, 7, 0.00
1734385537, 3720244, 0, 38, 0, 0, 0.14%, 7, 0, 7, 0.00
1734385542, 3732218, 0, 38, 0, 0, 0.14%, 7, 0, 7, 0.00
1734385548, 3744166, 0, 38, 0, 0, 0.14%, 7, 0, 7, 0.00
1734385553, 3755695, 0, 38, 0, 0, 0.14%, 7, 0, 7, 0.00
1734385558, 3767194, 0, 38, 0, 0, 0.14%, 7, 0, 7, 0.00
1734385563, 3778713, 0, 38, 0, 0, 0.14%, 7, 0, 7, 0.00
1734385568, 3790222, 0, 38, 0, 0, 0.14%, 7, 0, 7, 0.00
1734385574, 3801745, 0, 38, 0, 0, 0.14%, 7, 0, 7, 0.00
1734385579, 3813240, 0, 38, 0, 0, 0.14%, 7, 0, 7, 0.00
1734385584, 3825297, 0, 38, 0, 0, 0.14%, 7, 0, 7, 0.00
1734385589, 3837097, 0, 38, 0, 0, 0.14%, 7, 0, 7, 0.00
1734385594, 3848669, 0, 38, 0, 0, 0.14%, 7, 0, 7, 0.00
1734385600, 3860182, 0, 38, 0, 0, 0.14%, 7, 0, 7, 0.00
1734385605, 3872167, 0, 38, 0, 0, 0.14%, 7, 0, 7, 0.00
1734385610, 3883668, 0, 38, 0, 0, 0.14%, 7, 0, 7, 0.00
1734385615, 3895598, 0, 38, 0, 0, 0.14%, 7, 0, 7, 0.00
1734385620, 3907109, 0, 38, 0, 0, 0.14%, 7, 0, 7, 0.00
1734385626, 3918662, 0, 38, 0, 0, 0.14%, 7, 0, 7, 0.00
1734385631, 3929728, 0, 38, 0, 0, 0.14%, 7, 0, 7, 0.00
1734385636, 3942109, 0, 38, 0, 0, 0.14%, 7, 0, 7, 0.00
1734385641, 3954030, 0, 38, 0, 0, 0.14%, 7, 0, 7, 0.00
1734385646, 3965578, 0, 38, 0, 0, 0.14%, 7, 0, 7, 0.00
1734385652, 3977075, 0, 38, 0, 0, 0.14%, 7, 0, 7, 0.00
1734385657, 3988608, 0, 38, 0, 0, 0.14%, 7, 0, 7, 0.00
1734385662, 4000598, 0, 38, 0, 0, 0.14%, 7, 0, 7, 0.00
1734385667, 4012155, 0, 38, 0, 0, 0.14%, 7, 0, 7, 0.00
1734385672, 4023672, 0, 38, 0, 0, 0.14%, 7, 0, 7, 0.00
1734385678, 4035200, 0, 38, 0, 0, 0.14%, 7, 0, 7, 0.00
1734385683, 4046736, 0, 38, 0, 0, 0.14%, 7, 0, 7, 0.00
1734385688, 4058216, 0, 38, 0, 0, 0.14%, 7, 0, 7, 0.00
1734385693, 4070113, 0, 38, 0, 0, 0.14%, 7, 0, 7, 0.00
1734385698, 4081637, 0, 38, 0, 0, 0.14%, 7, 0, 7, 0.00
1734385704, 4093174, 0, 38, 0, 0, 0.14%, 7, 0, 7, 0.00
1734385709, 4105143, 0, 38, 0, 0, 0.14%, 7, 0, 7, 0.00
1734385714, 4116654, 0, 38, 0, 0, 0.14%, 7, 0, 7, 0.00
1734385719, 4128195, 0, 38, 0, 0, 0.14%, 7, 0, 7, 0.00
1734385724, 4139732, 0, 38, 0, 0, 0.14%, 7, 0, 7, 0.00
1734385730, 4151678, 0, 38, 0, 0, 0.14%, 7, 0, 7, 0.00
1734385735, 4163207, 0, 38, 0, 0, 0.14%, 7, 0, 7, 0.00
1734385740, 4174782, 0, 38, 0, 0, 0.14%, 7, 0, 7, 0.00
1734385745, 4186264, 0, 38, 0, 0, 0.14%, 7, 0, 7, 0.00
1734385750, 4197327, 0, 38, 0, 0, 0.14%, 7, 0, 7, 0.00
1734385756, 4209280, 0, 38, 0, 0, 0.14%, 7, 0, 7, 0.00
1734385761, 4220761, 0, 38, 0, 0, 0.14%, 7, 0, 7, 0.00
1734385766, 4232297, 0, 38, 0, 0, 0.14%, 7, 0, 7, 0.00
1734385771, 4244271, 0, 38, 0, 0, 0.14%, 7, 0, 7, 0.00
1734385776, 4256275, 0, 38, 0, 0, 0.14%, 7, 0, 7, 0.00
1734385782, 4267774, 0, 38, 0, 0, 0.14%, 7, 0, 7, 0.00
1734385787, 4279288, 0, 38, 0, 0, 0.14%, 7, 0, 7, 0.00
1734385792, 4290827, 0, 38, 0, 0, 0.14%, 7, 0, 7, 0.00
1734385797, 4302360, 0, 38, 0, 0, 0.14%, 7, 0, 7, 0.00
1734385802, 4314152, 0, 38, 0, 0, 0.14%, 7, 0, 7, 0.00
1734385808, 4325903, 0, 38, 0, 0, 0.14%, 7, 0, 7, 0.00
1734385813, 4337451, 0, 38, 0, 0, 0.14%, 7, 0, 7, 0.00
1734385818, 4348980, 0, 38, 0, 0, 0.14%, 7, 0, 7, 0.00
1734385823, 4360504, 0, 38, 0, 0, 0.14%, 7, 0, 7, 0.00
1734385828, 4372426, 0, 38, 0, 0, 0.14%, 7, 0, 7, 0.00
1734385834, 4384382, 0, 38, 0, 0, 0.14%, 7, 0, 7, 0.00
1734385839, 4395889, 0, 38, 0, 0, 0.14%, 7, 0, 7, 0.00
1734385844, 4407444, 0, 38, 0, 0, 0.14%, 7, 0, 7, 0.00
1734385849, 4418962, 0, 38, 0, 0, 0.14%, 7, 0, 7, 0.00
1734385854, 4430923, 0, 38, 0, 0, 0.14%, 7, 0, 7, 0.00
1734385860, 4442438, 0, 38, 0, 0, 0.14%, 7, 0, 7, 0.00
1734385865, 4453942, 0, 38, 0, 0, 0.14%, 7, 0, 7, 0.00
1734385870, 4465435, 0, 38, 0, 0, 0.14%, 7, 0, 7, 0.00
1734385875, 4477384, 0, 38, 0, 0, 0.14%, 7, 0, 7, 0.00
1734385880, 4488921, 0, 38, 0, 0, 0.14%, 7, 0, 7, 0.00
1734385886, 4500439, 0, 38, 0, 0, 0.14%, 7, 0, 7, 0.00
1734385891, 4511974, 0, 38, 0, 0, 0.14%, 7, 0, 7, 0.00
1734385896, 4523496, 0, 38, 0, 0, 0.14%, 7, 0, 7, 0.00
1734385901, 4535459, 0, 38, 0, 0, 0.14%, 7, 0, 7, 0.00
1734385906, 4547007, 0, 38, 0, 0, 0.14%, 7, 0, 7, 0.00
1734385912, 4558547, 0, 38, 0, 0, 0.14%, 7, 0, 7, 0.00
1734385917, 4570071, 0, 38, 0, 0, 0.14%, 7, 0, 7, 0.00
1734385922, 4582967, 0, 38, 0, 0, 0.14%, 7, 0, 7, 0.00
1734385927, 4594501, 0, 38, 0, 0, 0.14%, 7, 0, 7, 0.00
1734385932, 4606030, 0, 38, 0, 0, 0.14%, 7, 0, 7, 0.00
1734385938, 4617552, 0, 38, 0, 0, 0.14%, 7, 0, 7, 0.00
1734385943, 4629064, 0, 38, 0, 0, 0.14%, 7, 0, 7, 0.00
1734385948, 4641014, 0, 38, 0, 0, 0.14%, 7, 0, 7, 0.00
1734385953, 4652515, 0, 38, 0, 0, 0.14%, 7, 0, 7, 0.00
1734385958, 4664021, 0, 38, 0, 0, 0.14%, 7, 0, 7, 0.00
1734385964, 4675727, 0, 38, 0, 0, 0.14%, 7, 0, 7, 0.00
1734385969, 4687107, 0, 38, 0, 0, 0.14%, 7, 0, 7, 0.00
1734385974, 4699075, 0, 38, 0, 0, 0.14%, 7, 0, 7, 0.00
1734385979, 4710611, 0, 38, 0, 0, 0.14%, 7, 0, 7, 0.00
1734385984, 4722141, 0, 38, 0, 0, 0.14%, 7, 0, 7, 0.00
1734385990, 4734100, 0, 38, 0, 0, 0.14%, 7, 0, 7, 0.00
1734385995, 4745638, 0, 38, 0, 0, 0.14%, 7, 0, 7, 0.00
1734386000, 4757154, 0, 38, 0, 0, 0.14%, 7, 0, 7, 0.00
1734386005, 4768680, 0, 38, 0, 0, 0.14%, 7, 0, 7, 0.00
1734386010, 4780222, 0, 38, 0, 0, 0.14%, 7, 0, 7, 0.00
1734386016, 4792151, 0, 38, 0, 0, 0.14%, 7, 0, 7, 0.00
1734386021, 4803718, 0, 38, 0, 0, 0.14%, 7, 0, 7, 0.00
1734386026, 4815238, 0, 38, 0, 0, 0.14%, 7, 0, 7, 0.00
1734386031, 4826706, 0, 38, 0, 0, 0.14%, 7, 0, 7, 0.00
1734386036, 4838207, 0, 38, 0, 0, 0.14%, 7, 0, 7, 0.00
1734386042, 4850173, 0, 38, 0, 0, 0.14%, 7, 0, 7, 0.00
1734386047, 4861731, 0, 38, 0, 0, 0.14%, 7, 0, 7, 0.00
1734386052, 4873208, 0, 38, 0, 0, 0.14%, 7, 0, 7, 0.00
1734386057, 4884730, 0, 38, 0, 0, 0.14%, 7, 0, 7, 0.00
1734386062, 4896205, 0, 38, 0, 0, 0.14%, 7, 0, 7, 0.00
1734386068, 4908537, 0, 38, 0, 0, 0.14%, 7, 0, 7, 0.00
1734386073, 4920054, 0, 38, 0, 0, 0.14%, 7, 0, 7, 0.00
1734386078, 4931642, 0, 38, 0, 0, 0.14%, 7, 0, 7, 0.00
1734386083, 4943215, 0, 38, 0, 0, 0.14%, 7, 0, 7, 0.00
1734386088, 4954725, 0, 38, 0, 0, 0.14%, 7, 0, 7, 0.00
1734386094, 4966295, 0, 38, 0, 0, 0.14%, 7, 0, 7, 0.00
1734386099, 4977821, 0, 38, 0, 0, 0.14%, 7, 0, 7, 0.00
1734386104, 4989332, 0, 38, 0, 0, 0.14%, 7, 0, 7, 0.00
1734386109, 5001271, 0, 38, 0, 0, 0.14%, 7, 0, 7, 0.00
1734386114, 5012776, 0, 38, 0, 0, 0.14%, 7, 0, 7, 0.00
1734386120, 5024277, 0, 38, 0, 0, 0.14%, 7, 0, 7, 0.00
1734386125, 5036256, 0, 38, 0, 0, 0.14%, 7, 0, 7, 0.00
1734386130, 5047331, 0, 38, 0, 0, 0.14%, 7, 0, 7, 0.00
1734386135, 5059295, 0, 38, 0, 0, 0.14%, 7, 0, 7, 0.00
1734386140, 5070814, 0, 38, 0, 0, 0.14%, 7, 0, 7, 0.00
1734386146, 5082333, 0, 38, 0, 0, 0.14%, 7, 0, 7, 0.00
1734386151, 5093867, 0, 38, 0, 0, 0.14%, 7, 0, 7, 0.00
1734386156, 5105385, 0, 38, 0, 0, 0.14%, 7, 0, 7, 0.00
1734386161, 5117381, 0, 38, 0, 0, 0.14%, 7, 0, 7, 0.00
1734386166, 5128885, 0, 38, 0, 0, 0.14%, 7, 0, 7, 0.00
1734386172, 5140382, 0, 38, 0, 0, 0.14%, 7, 0, 7, 0.00
1734386177, 5151892, 0, 38, 0, 0, 0.14%, 7, 0, 7, 0.00
1734386182, 5163429, 0, 38, 0, 0, 0.14%, 7, 0, 7, 0.00
1734386187, 5174971, 0, 38, 0, 0, 0.14%, 7, 0, 7, 0.00
1734386192, 5186474, 0, 38, 0, 0, 0.14%, 7, 0, 7, 0.00
1734386198, 5198031, 0, 38, 0, 0, 0.14%, 7, 0, 7, 0.00
1734386203, 5209549, 0, 38, 0, 0, 0.14%, 7, 0, 7, 0.00
1734386208, 5221969, 0, 38, 0, 0, 0.14%, 7, 0, 7, 0.00
1734386213, 5233485, 0, 38, 0, 0, 0.14%, 7, 0, 7, 0.00
1734386218, 5245040, 0, 38, 0, 0, 0.14%, 7, 0, 7, 0.00
1734386224, 5256582, 0, 38, 0, 0, 0.14%, 7, 0, 7, 0.00
1734386229, 5268099, 0, 38, 0, 0, 0.14%, 7, 0, 7, 0.00
1734386234, 5280062, 0, 38, 0, 0, 0.14%, 7, 0, 7, 0.00
1734386239, 5291571, 0, 38, 0, 0, 0.14%, 7, 0, 7, 0.00
1734386244, 5303071, 0, 38, 0, 0, 0.14%, 7, 0, 7, 0.00
1734386250, 5315017, 0, 38, 0, 0, 0.14%, 7, 0, 7, 0.00
1734386255, 5326967, 0, 38, 0, 0, 0.14%, 7, 0, 7, 0.00
1734386260, 5338479, 0, 38, 0, 0, 0.14%, 7, 0, 7, 0.00
1734386265, 5349584, 0, 38, 0, 0, 0.14%, 7, 0, 7, 0.00
1734386270, 5361126, 0, 38, 0, 0, 0.14%, 7, 0, 7, 0.00
1734386276, 5372622, 0, 38, 0, 0, 0.14%, 7, 0, 7, 0.00
1734386281, 5384556, 0, 38, 0, 0, 0.14%, 7, 0, 7, 0.00
1734386286, 5396093, 0, 38, 0, 0, 0.14%, 7, 0, 7, 0.00
1734386291, 5407634, 0, 38, 0, 0, 0.14%, 7, 0, 7, 0.00
1734386296, 5419127, 0, 38, 0, 0, 0.14%, 7, 0, 7, 0.00
1734386302, 5431526, 0, 38, 0, 0, 0.14%, 7, 0, 7, 0.00
1734386307, 5443069, 0, 38, 0, 0, 0.14%, 7, 0, 7, 0.00
1734386312, 5454598, 0, 38, 0, 0, 0.14%, 7, 0, 7, 0.00
1734386317, 5465671, 0, 38, 0, 0, 0.14%, 7, 0, 7, 0.00
1734386322, 5477197, 0, 38, 0, 0, 0.14%, 7, 0, 7, 0.00
1734386328, 5489191, 0, 38, 0, 0, 0.14%, 7, 0, 7, 0.00
1734386333, 5500781, 0, 38, 0, 0, 0.14%, 7, 0, 7, 0.00
1734386338, 5512327, 0, 38, 0, 0, 0.14%, 7, 0, 7, 0.00
1734386343, 5523860, 0, 38, 0, 0, 0.14%, 7, 0, 7, 0.00
1734386348, 5535859, 0, 38, 0, 0, 0.14%, 7, 0, 7, 0.00
1734386354, 5548210, 0, 38, 0, 0, 0.14%, 7, 0, 7, 0.00
1734386359, 5559302, 0, 38, 0, 0, 0.14%, 7, 0, 7, 0.00
1734386364, 5570841, 0, 38, 0, 0, 0.14%, 7, 0, 7, 0.00
1734386369, 5582801, 0, 38, 0, 0, 0.14%, 7, 0, 7, 0.00
1734386374, 5594336, 0, 38, 0, 0, 0.14%, 7, 0, 7, 0.00
1734386380, 5605882, 0, 38, 0, 0, 0.14%, 7, 0, 7, 0.00
1734386385, 5617374, 0, 38, 0, 0, 0.14%, 7, 0, 7, 0.00
1734386390, 5628898, 0, 38, 0, 0, 0.14%, 7, 0, 7, 0.00
1734386395, 5640512, 0, 38, 0, 0, 0.14%, 7, 0, 7, 0.00
1734386400, 5652817, 0, 38, 0, 0, 0.14%, 7, 0, 7, 0.00
1734386406, 5664327, 0, 38, 0, 0, 0.14%, 7, 0, 7, 0.00
1734386411, 5675881, 0, 38, 0, 0, 0.14%, 7, 0, 7, 0.00
1734386416, 5687404, 0, 38, 0, 0, 0.14%, 7, 0, 7, 0.00
1734386421, 5699360, 0, 38, 0, 0, 0.14%, 7, 0, 7, 0.00
1734386426, 5710872, 0, 38, 0, 0, 0.14%, 7, 0, 7, 0.00
1734386432, 5722387, 0, 38, 0, 0, 0.14%, 7, 0, 7, 0.00
1734386437, 5733951, 0, 38, 0, 0, 0.14%, 7, 0, 7, 0.00
1734386442, 5745457, 0, 38, 0, 0, 0.14%, 7, 0, 7, 0.00
1734386447, 5757870, 0, 38, 0, 0, 0.14%, 7, 0, 7, 0.00
1734386452, 5769406, 0, 38, 0, 0, 0.14%, 7, 0, 7, 0.00
1734386458, 5781356, 0, 38, 0, 0, 0.14%, 7, 0, 7, 0.00
1734386463, 5792869, 0, 38, 0, 0, 0.14%, 7, 0, 7, 0.00
1734386468, 5804826, 0, 38, 0, 0, 0.14%, 7, 0, 7, 0.00
1734386473, 5816337, 0, 38, 0, 0, 0.14%, 7, 0, 7, 0.00
1734386478, 5827853, 0, 38, 0, 0, 0.14%, 7, 0, 7, 0.00
1734386484, 5839391, 0, 38, 0, 0, 0.14%, 7, 0, 7, 0.00
1734386489, 5851337, 0, 38, 0, 0, 0.14%, 7, 0, 7, 0.00
1734386494, 5863305, 0, 38, 0, 0, 0.14%, 7, 0, 7, 0.00
1734386499, 5874822, 0, 38, 0, 0, 0.14%, 7, 0, 7, 0.00
1734386504, 5886771, 0, 38, 0, 0, 0.14%, 7, 0, 7, 0.00
1734386510, 5898306, 0, 38, 0, 0, 0.14%, 7, 0, 7, 0.00
1734386515, 5910273, 0, 38, 0, 0, 0.14%, 7, 0, 7, 0.00
1734386520, 5921782, 0, 38, 0, 0, 0.14%, 7, 0, 7, 0.00
1734386525, 5933283, 0, 38, 0, 0, 0.14%, 7, 0, 7, 0.00
1734386530, 5944773, 0, 38, 0, 0, 0.14%, 7, 0, 7, 0.00
1734386536, 5956306, 0, 38, 0, 0, 0.14%, 7, 0, 7, 0.00
1734386541, 5968264, 0, 38, 0, 0, 0.14%, 7, 0, 7, 0.00
1734386546, 5979793, 0, 38, 0, 0, 0.14%, 7, 0, 7, 0.00
1734386551, 5991304, 0, 38, 0, 0, 0.14%, 7, 0, 7, 0.00
1734386556, 6003306, 0, 38, 0, 0, 0.14%, 7, 0, 7, 0.00
1734386562, 6014859, 0, 38, 0, 0, 0.14%, 7, 0, 7, 0.00
1734386567, 6026821, 0, 38, 0, 0, 0.14%, 7, 0, 7, 0.00
1734386572, 6038345, 0, 38, 0, 0, 0.14%, 7, 0, 7, 0.00
1734386577, 6049876, 0, 38, 0, 0, 0.14%, 7, 0, 7, 0.00
1734386582, 6061394, 0, 38, 0, 0, 0.14%, 7, 0, 7, 0.00
1734386588, 6073337, 0, 38, 0, 0, 0.14%, 7, 0, 7, 0.00
1734386593, 6084858, 0, 38, 0, 0, 0.14%, 7, 0, 7, 0.00
1734386598, 6096393, 0, 38, 0, 0, 0.14%, 7, 0, 7, 0.00
1734386603, 6107900, 0, 38, 0, 0, 0.14%, 7, 0, 7, 0.00
1734386608, 6119391, 0, 38, 0, 0, 0.14%, 7, 0, 7, 0.00
1734386614, 6131380, 0, 38, 0, 0, 0.14%, 7, 0, 7, 0.00
1734386619, 6142916, 0, 38, 0, 0, 0.14%, 7, 0, 7, 0.00
1734386624, 6154426, 0, 38, 0, 0, 0.14%, 7, 0, 7, 0.00
1734386629, 6165950, 0, 38, 0, 0, 0.14%, 7, 0, 7, 0.00
1734386634, 6177926, 0, 38, 0, 0, 0.14%, 7, 0, 7, 0.00
1734386640, 6189481, 0, 38, 0, 0, 0.14%, 7, 0, 7, 0.00
1734386645, 6201024, 0, 38, 0, 0, 0.14%, 7, 0, 7, 0.00
1734386650, 6212582, 0, 38, 0, 0, 0.14%, 7, 0, 7, 0.00
1734386655, 6224093, 0, 38, 0, 0, 0.14%, 7, 0, 7, 0.00
1734386660, 6236029, 0, 38, 0, 0, 0.14%, 7, 0, 7, 0.00
1734386666, 6247526, 0, 38, 0, 0, 0.14%, 7, 0, 7, 0.00
1734386671, 6259036, 0, 38, 0, 0, 0.14%, 7, 0, 7, 0.00
1734386676, 6270578, 0, 38, 0, 0, 0.14%, 7, 0, 7, 0.00
1734386681, 6282960, 0, 38, 0, 0, 0.14%, 7, 0, 7, 0.00
1734386686, 6294464, 0, 38, 0, 0, 0.14%, 7, 0, 7, 0.00
1734386692, 6305962, 0, 38, 0, 0, 0.14%, 7, 0, 7, 0.00
1734386697, 6317470, 0, 38, 0, 0, 0.14%, 7, 0, 7, 0.00
1734386702, 6328987, 0, 38, 0, 0, 0.14%, 7, 0, 7, 0.00
1734386707, 6340978, 0, 38, 0, 0, 0.14%, 7, 0, 7, 0.00
1734386712, 6352501, 0, 38, 0, 0, 0.14%, 7, 0, 7, 0.00
1734386718, 6364055, 0, 38, 0, 0, 0.14%, 7, 0, 7, 0.00
1734386723, 6375798, 0, 38, 0, 0, 0.14%, 7, 0, 7, 0.00
1734386728, 6387638, 0, 38, 0, 0, 0.14%, 7, 0, 7, 0.00
1734386733, 6399995, 0, 38, 0, 0, 0.14%, 7, 0, 7, 0.00
1734386738, 6411513, 0, 38, 0, 0, 0.14%, 7, 0, 7, 0.00
1734386744, 6423041, 0, 38, 0, 0, 0.14%, 7, 0, 7, 0.00
1734386749, 6434915, 0, 38, 0, 0, 0.14%, 7, 0, 7, 0.00
1734386754, 6446571, 0, 38, 0, 0, 0.14%, 7, 0, 7, 0.00
1734386759, 6458083, 0, 38, 0, 0, 0.14%, 7, 0, 7, 0.00
1734386764, 6469543, 0, 38, 0, 0, 0.14%, 7, 0, 7, 0.00
1734386770, 6481094, 0, 38, 0, 0, 0.14%, 7, 0, 7, 0.00
1734386775, 6492665, 0, 38, 0, 0, 0.14%, 7, 0, 7, 0.00
1734386780, 6505008, 0, 38, 0, 0, 0.14%, 7, 0, 7, 0.00
1734386785, 6516561, 0, 38, 0, 0, 0.14%, 7, 0, 7, 0.00
1734386790, 6528504, 0, 38, 0, 0, 0.14%, 7, 0, 7, 0.00
1734386796, 6540011, 0, 38, 0, 0, 0.14%, 7, 0, 7, 0.00
1734386801, 6551980, 0, 38, 0, 0, 0.14%, 7, 0, 7, 0.00
1734386806, 6563546, 0, 38, 0, 0, 0.14%, 7, 0, 7, 0.00
1734386811, 6575051, 0, 38, 0, 0, 0.14%, 7, 0, 7, 0.00
1734386816, 6586172, 0, 38, 0, 0, 0.14%, 7, 0, 7, 0.00
1734386822, 6597681, 0, 38, 0, 0, 0.14%, 7, 0, 7, 0.00
1734386827, 6609679, 0, 38, 0, 0, 0.14%, 7, 0, 7, 0.00
1734386832, 6621189, 0, 38, 0, 0, 0.14%, 7, 0, 7, 0.00
1734386837, 6632733, 0, 38, 0, 0, 0.14%, 7, 0, 7, 0.00
1734386842, 6644708, 0, 38, 0, 0, 0.14%, 7, 0, 7, 0.00
1734386848, 6656616, 0, 38, 0, 0, 0.14%, 7, 0, 7, 0.00
1734386853, 6668171, 0, 38, 0, 0, 0.14%, 7, 0, 7, 0.00
1734386858, 6679679, 0, 38, 0, 0, 0.14%, 7, 0, 7, 0.00
1734386863, 6691196, 0, 38, 0, 0, 0.14%, 7, 0, 7, 0.00
1734386868, 6703138, 0, 38, 0, 0, 0.14%, 7, 0, 7, 0.00
1734386874, 6715108, 0, 38, 0, 0, 0.14%, 7, 0, 7, 0.00
1734386879, 6726214, 0, 38, 0, 0, 0.14%, 7, 0, 7, 0.00
1734386884, 6737727, 0, 38, 0, 0, 0.14%, 7, 0, 7, 0.00
1734386889, 6749235, 0, 38, 0, 0, 0.14%, 7, 0, 7, 0.00
1734386894, 6761211, 0, 38, 0, 0, 0.14%, 7, 0, 7, 0.00
1734386900, 6772742, 0, 38, 0, 0, 0.14%, 7, 0, 7, 0.00
1734386905, 6784271, 0, 38, 0, 0, 0.14%, 7, 0, 7, 0.00
1734386910, 6795784, 0, 38, 0, 0, 0.14%, 7, 0, 7, 0.00
1734386915, 6807748, 0, 38, 0, 0, 0.14%, 7, 0, 7, 0.00
1734386920, 6819265, 0, 38, 0, 0, 0.14%, 7, 0, 7, 0.00
1734386926, 6830766, 0, 38, 0, 0, 0.14%, 7, 0, 7, 0.00
1734386931, 6842286, 0, 38, 0, 0, 0.14%, 7, 0, 7, 0.00
1734386936, 6854275, 0, 38, 0, 0, 0.14%, 7, 0, 7, 0.00
1734386941, 6866081, 0, 38, 0, 0, 0.14%, 7, 0, 7, 0.00
1734386946, 6877750, 0, 38, 0, 0, 0.14%, 7, 0, 7, 0.00
1734386952, 6889303, 0, 38, 0, 0, 0.14%, 7, 0, 7, 0.00
1734386957, 6900802, 0, 38, 0, 0, 0.14%, 7, 0, 7, 0.00
1734386962, 6911918, 0, 38, 0, 0, 0.14%, 7, 0, 7, 0.00
1734386967, 6923454, 0, 38, 0, 0, 0.14%, 7, 0, 7, 0.00
1734386972, 6935465, 0, 38, 0, 0, 0.14%, 7, 0, 7, 0.00
1734386978, 6947431, 0, 38, 0, 0, 0.14%, 7, 0, 7, 0.00
1734386983, 6958925, 0, 38, 0, 0, 0.14%, 7, 0, 7, 0.00
1734386988, 6970870, 0, 38, 0, 0, 0.14%, 7, 0, 7, 0.00
1734386993, 6982400, 0, 38, 0, 0, 0.14%, 7, 0, 7, 0.00
1734386998, 6993483, 0, 38, 0, 0, 0.14%, 7, 0, 7, 0.00
1734387004, 7005012, 0, 38, 0, 0, 0.14%, 7, 0, 7, 0.00
1734387009, 7016514, 0, 38, 0, 0, 0.14%, 7, 0, 7, 0.00
1734387014, 7028096, 0, 38, 0, 0, 0.14%, 7, 0, 7, 0.00
1734387019, 7039945, 0, 38, 0, 0, 0.14%, 7, 0, 7, 0.00
1734387024, 7051915, 0, 38, 0, 0, 0.14%, 7, 0, 7, 0.00
1734387030, 7063423, 0, 38, 0, 0, 0.14%, 7, 0, 7, 0.00
1734387035, 7074965, 0, 38, 0, 0, 0.14%, 7, 0, 7, 0.00
1734387040, 7086938, 0, 38, 0, 0, 0.14%, 7, 0, 7, 0.00
1734387045, 7098465, 0, 38, 0, 0, 0.14%, 7, 0, 7, 0.00
1734387050, 7110014, 0, 38, 0, 0, 0.14%, 7, 0, 7, 0.00
1734387056, 7121523, 0, 38, 0, 0, 0.14%, 7, 0, 7, 0.00
1734387061, 7133031, 0, 38, 0, 0, 0.14%, 7, 0, 7, 0.00
1734387066, 7145003, 0, 38, 0, 0, 0.14%, 7, 0, 7, 0.00
1734387071, 7156990, 0, 38, 0, 0, 0.14%, 7, 0, 7, 0.00
1734387076, 7168506, 0, 38, 0, 0, 0.14%, 7, 0, 7, 0.00
1734387082, 7180074, 0, 38, 0, 0, 0.14%, 7, 0, 7, 0.00
1734387087, 7191619, 0, 38, 0, 0, 0.14%, 7, 0, 7, 0.00
1734387092, 7203110, 0, 38, 0, 0, 0.14%, 7, 0, 7, 0.00
1734387097, 7214592, 0, 38, 0, 0, 0.14%, 7, 0, 7, 0.00
1734387102, 7226057, 0, 38, 0, 0, 0.14%, 7, 0, 7, 0.00
1734387108, 7238053, 0, 38, 0, 0, 0.14%, 7, 0, 7, 0.00
1734387113, 7249559, 0, 38, 0, 0, 0.14%, 7, 0, 7, 0.00
1734387118, 7261097, 0, 38, 0, 0, 0.14%, 7, 0, 7, 0.00
1734387123, 7272567, 0, 38, 0, 0, 0.14%, 7, 0, 7, 0.00
1734387128, 7284101, 0, 38, 0, 0, 0.14%, 7, 0, 7, 0.00
1734387134, 7296079, 0, 38, 0, 0, 0.14%, 7, 0, 7, 0.00
1734387139, 7307574, 0, 38, 0, 0, 0.14%, 7, 0, 7, 0.00
1734387144, 7319102, 0, 38, 0, 0, 0.14%, 7, 0, 7, 0.00
1734387149, 7330606, 0, 38, 0, 0, 0.14%, 7, 0, 7, 0.00
1734387154, 7342132, 0, 38, 0, 0, 0.14%, 7, 0, 7, 0.00
1734387160, 7354116, 0, 38, 0, 0, 0.14%, 7, 0, 7, 0.00
1734387165, 7366090, 0, 38, 0, 0, 0.14%, 7, 0, 7, 0.00
1734387170, 7378035, 0, 38, 0, 0, 0.14%, 7, 0, 7, 0.00
1734387175, 7389546, 0, 38, 0, 0, 0.14%, 7, 0, 7, 0.00
1734387180, 7401545, 0, 38, 0, 0, 0.14%, 7, 0, 7, 0.00
1734387186, 7413055, 0, 38, 0, 0, 0.14%, 7, 0, 7, 0.00
1734387191, 7424593, 0, 38, 0, 0, 0.14%, 7, 0, 7, 0.00
1734387196, 7436116, 0, 38, 0, 0, 0.14%, 7, 0, 7, 0.00
1734387201, 7447637, 0, 38, 0, 0, 0.14%, 7, 0, 7, 0.00
1734387206, 7459148, 0, 38, 0, 0, 0.14%, 7, 0, 7, 0.00
1734387212, 7471113, 0, 38, 0, 0, 0.14%, 7, 0, 7, 0.00
1734387217, 7483072, 0, 38, 0, 0, 0.14%, 7, 0, 7, 0.00
1734387222, 7494592, 0, 38, 0, 0, 0.14%, 7, 0, 7, 0.00
1734387227, 7506078, 0, 38, 0, 0, 0.14%, 7, 0, 7, 0.00
1734387232, 7517949, 0, 38, 0, 0, 0.14%, 7, 0, 7, 0.00
1734387238, 7529647, 0, 38, 0, 0, 0.14%, 7, 0, 7, 0.00
1734387243, 7541165, 0, 38, 0, 0, 0.14%, 7, 0, 7, 0.00
1734387248, 7552745, 0, 38, 0, 0, 0.14%, 7, 0, 7, 0.00
1734387253, 7564261, 0, 38, 0, 0, 0.14%, 7, 0, 7, 0.00
1734387258, 7576217, 0, 38, 0, 0, 0.14%, 7, 0, 7, 0.00
1734387264, 7588179, 0, 38, 0, 0, 0.14%, 7, 0, 7, 0.00
1734387269, 7599730, 0, 38, 0, 0, 0.14%, 7, 0, 7, 0.00
1734387274, 7611309, 0, 38, 0, 0, 0.14%, 7, 0, 7, 0.00
1734387279, 7622827, 0, 38, 0, 0, 0.14%, 7, 0, 7, 0.00
1734387284, 7634761, 0, 38, 0, 0, 0.14%, 7, 0, 7, 0.00
1734387290, 7646308, 0, 38, 0, 0, 0.14%, 7, 0, 7, 0.00
1734387295, 7657853, 0, 38, 0, 0, 0.14%, 7, 0, 7, 0.00
1734387300, 7669376, 0, 38, 0, 0, 0.14%, 7, 0, 7, 0.00
1734387305, 7680927, 0, 38, 0, 0, 0.14%, 7, 0, 7, 0.00
1734387310, 7693281, 0, 38, 0, 0, 0.14%, 7, 0, 7, 0.00
1734387316, 7704841, 0, 38, 0, 0, 0.14%, 7, 0, 7, 0.00
1734387321, 7716383, 0, 38, 0, 0, 0.14%, 7, 0, 7, 0.00
1734387326, 7727500, 0, 38, 0, 0, 0.14%, 7, 0, 7, 0.00
1734387331, 7739453, 0, 38, 0, 0, 0.14%, 7, 0, 7, 0.00
1734387336, 7751008, 0, 38, 0, 0, 0.14%, 7, 0, 7, 0.00
1734387342, 7762514, 0, 38, 0, 0, 0.14%, 7, 0, 7, 0.00
1734387347, 7773613, 0, 38, 0, 0, 0.14%, 7, 0, 7, 0.00
1734387352, 7785570, 0, 38, 0, 0, 0.14%, 7, 0, 7, 0.00
1734387357, 7797552, 0, 38, 0, 0, 0.14%, 7, 0, 7, 0.00
1734387362, 7808637, 0, 38, 0, 0, 0.14%, 7, 0, 7, 0.00
1734387368, 7820131, 0, 38, 0, 0, 0.14%, 7, 0, 7, 0.00
1734387373, 7831680, 0, 38, 0, 0, 0.14%, 7, 0, 7, 0.00
1734387378, 7843523, 0, 38, 0, 0, 0.14%, 7, 0, 7, 0.00
1734387383, 7855205, 0, 38, 0, 0, 0.14%, 7, 0, 7, 0.00
1734387388, 7866763, 0, 38, 0, 0, 0.14%, 7, 0, 7, 0.00
1734387394, 7878311, 0, 38, 0, 0, 0.14%, 7, 0, 7, 0.00
1734387399, 7890312, 0, 38, 0, 0, 0.14%, 7, 0, 7, 0.00
1734387404, 7901864, 0, 38, 0, 0, 0.14%, 7, 0, 7, 0.00
1734387409, 7913439, 0, 38, 0, 0, 0.14%, 7, 0, 7, 0.00
1734387414, 7925390, 0, 38, 0, 0, 0.14%, 7, 0, 7, 0.00
1734387420, 7936920, 0, 38, 0, 0, 0.14%, 7, 0, 7, 0.00
1734387425, 7948917, 0, 38, 0, 0, 0.14%, 7, 0, 7, 0.00
1734387430, 7960437, 0, 38, 0, 0, 0.14%, 7, 0, 7, 0.00
1734387435, 7971962, 0, 38, 0, 0, 0.14%, 7, 0, 7, 0.00
1734387440, 7983491, 0, 38, 0, 0, 0.14%, 7, 0, 7, 0.00
1734387446, 7995079, 0, 38, 0, 0, 0.14%, 7, 0, 7, 0.00
1734387451, 8007077, 0, 38, 0, 0, 0.14%, 7, 0, 7, 0.00
1734387456, 8018577, 0, 38, 0, 0, 0.14%, 7, 0, 7, 0.00
1734387461, 8030095, 0, 38, 0, 0, 0.14%, 7, 0, 7, 0.00
1734387466, 8041612, 0, 38, 0, 0, 0.14%, 7, 0, 7, 0.00
1734387472, 8053106, 0, 38, 0, 0, 0.14%, 7, 0, 7, 0.00
1734387477, 8064636, 0, 38, 0, 0, 0.14%, 7, 0, 7, 0.00
1734387482, 8076162, 0, 38, 0, 0, 0.14%, 7, 0, 7, 0.00
1734387487, 8087668, 0, 38, 0, 0, 0.14%, 7, 0, 7, 0.00
1734387492, 8099221, 0, 38, 0, 0, 0.14%, 7, 0, 7, 0.00
1734387498, 8110704, 0, 38, 0, 0, 0.14%, 7, 0, 7, 0.00
1734387503, 8122634, 0, 38, 0, 0, 0.14%, 7, 0, 7, 0.00
1734387508, 8134168, 0, 38, 0, 0, 0.14%, 7, 0, 7, 0.00
1734387513, 8146122, 0, 38, 0, 0, 0.14%, 7, 0, 7, 0.00
1734387518, 8157654, 0, 38, 0, 0, 0.14%, 7, 0, 7, 0.00
1734387524, 8169658, 0, 38, 0, 0, 0.14%, 7, 0, 7, 0.00
1734387529, 8181262, 0, 38, 0, 0, 0.14%, 7, 0, 7, 0.00
1734387534, 8192778, 0, 38, 0, 0, 0.14%, 7, 0, 7, 0.00
1734387539, 8204238, 0, 38, 0, 0, 0.14%, 7, 0, 7, 0.00
1734387544, 8216230, 0, 38, 0, 0, 0.14%, 7, 0, 7, 0.00
1734387550, 8228178, 0, 38, 0, 0, 0.14%, 7, 0, 7, 0.00
1734387555, 8240118, 0, 38, 0, 0, 0.14%, 7, 0, 7, 0.00
1734387560, 8251635, 0, 38, 0, 0, 0.14%, 7, 0, 7, 0.00
1734387565, 8263585, 0, 38, 0, 0, 0.14%, 7, 0, 7, 0.00
1734387570, 8275576, 0, 38, 0, 0, 0.14%, 7, 0, 7, 0.00
1734387576, 8287147, 0, 38, 0, 0, 0.14%, 7, 0, 7, 0.00
1734387581, 8298674, 0, 38, 0, 0, 0.14%, 7, 0, 7, 0.00
1734387586, 8310191, 0, 38, 0, 0, 0.14%, 7, 0, 7, 0.00
1734387591, 8321708, 0, 38, 0, 0, 0.14%, 7, 0, 7, 0.00
1734387596, 8333676, 0, 38, 0, 0, 0.14%, 7, 0, 7, 0.00
1734387602, 8345198, 0, 38, 0, 0, 0.14%, 7, 0, 7, 0.00
1734387607, 8356764, 0, 38, 0, 0, 0.14%, 7, 0, 7, 0.00
1734387612, 8368305, 0, 38, 0, 0, 0.14%, 7, 0, 7, 0.00
1734387617, 8379838, 0, 38, 0, 0, 0.14%, 7, 0, 7, 0.00
1734387622, 8391840, 0, 38, 0, 0, 0.14%, 7, 0, 7, 0.00
1734387628, 8403381, 0, 38, 0, 0, 0.14%, 7, 0, 7, 0.00
1734387633, 8414901, 0, 38, 0, 0, 0.14%, 7, 0, 7, 0.00
1734387638, 8426453, 0, 38, 0, 0, 0.14%, 7, 0, 7, 0.00
1734387643, 8438424, 0, 38, 0, 0, 0.14%, 7, 0, 7, 0.00
1734387648, 8449950, 0, 38, 0, 0, 0.14%, 7, 0, 7, 0.00
1734387654, 8461463, 0, 38, 0, 0, 0.14%, 7, 0, 7, 0.00
1734387659, 8472945, 0, 38, 0, 0, 0.14%, 7, 0, 7, 0.00
1734387664, 8484898, 0, 38, 0, 0, 0.14%, 7, 0, 7, 0.00
1734387669, 8496883, 0, 38, 0, 0, 0.14%, 7, 0, 7, 0.00
1734387674, 8508375, 0, 38, 0, 0, 0.14%, 7, 0, 7, 0.00
1734387680, 8519897, 0, 38, 0, 0, 0.14%, 7, 0, 7, 0.00
1734387685, 8531438, 0, 38, 0, 0, 0.14%, 7, 0, 7, 0.00
1734387690, 8543023, 0, 38, 0, 0, 0.14%, 7, 0, 7, 0.00
1734387695, 8554958, 0, 38, 0, 0, 0.14%, 7, 0, 7, 0.00
1734387700, 8566480, 0, 38, 0, 0, 0.14%, 7, 0, 7, 0.00
1734387706, 8578026, 0, 38, 0, 0, 0.14%, 7, 0, 7, 0.00
1734387711, 8589569, 0, 38, 0, 0, 0.14%, 7, 0, 7, 0.00
1734387716, 8601571, 0, 38, 0, 0, 0.14%, 7, 0, 7, 0.00
1734387721, 8613117, 0, 38, 0, 0, 0.14%, 7, 0, 7, 0.00
1734387726, 8624628, 0, 38, 0, 0, 0.14%, 7, 0, 7, 0.00
1734387732, 8636126, 0, 38, 0, 0, 0.14%, 7, 0, 7, 0.00
1734387737, 8647675, 0, 38, 0, 0, 0.14%, 7, 0, 7, 0.00
1734387742, 8659629, 0, 38, 0, 0, 0.14%, 7, 0, 7, 0.00
1734387747, 8671168, 0, 38, 0, 0, 0.14%, 7, 0, 7, 0.00
1734387752, 8682685, 0, 38, 0, 0, 0.14%, 7, 0, 7, 0.00
1734387758, 8694639, 0, 38, 0, 0, 0.14%, 7, 0, 7, 0.00
1734387763, 8706603, 0, 38, 0, 0, 0.14%, 7, 0, 7, 0.00
1734387768, 8718139, 0, 38, 0, 0, 0.14%, 7, 0, 7, 0.00
1734387773, 8729611, 0, 38, 0, 0, 0.14%, 7, 0, 7, 0.00
1734387778, 8741138, 0, 38, 0, 0, 0.14%, 7, 0, 7, 0.00
1734387784, 8752667, 0, 38, 0, 0, 0.14%, 7, 0, 7, 0.00
1734387789, 8765084, 0, 38, 0, 0, 0.14%, 7, 0, 7, 0.00
1734387794, 8776625, 0, 38, 0, 0, 0.14%, 7, 0, 7, 0.00
1734387799, 8788149, 0, 38, 0, 0, 0.14%, 7, 0, 7, 0.00
1734387804, 8800066, 0, 38, 0, 0, 0.14%, 7, 0, 7, 0.00
1734387810, 8811854, 0, 38, 0, 0, 0.14%, 7, 0, 7, 0.00
1734387815, 8823541, 0, 38, 0, 0, 0.14%, 7, 0, 7, 0.00
1734387820, 8835073, 0, 38, 0, 0, 0.14%, 7, 0, 7, 0.00
1734387825, 8846594, 0, 38, 0, 0, 0.14%, 7, 0, 7, 0.00
1734387830, 8858540, 0, 38, 0, 0, 0.14%, 7, 0, 7, 0.00
1734387836, 8870092, 0, 38, 0, 0, 0.14%, 7, 0, 7, 0.00
1734387841, 8881583, 0, 38, 0, 0, 0.14%, 7, 0, 7, 0.00
1734387846, 8893099, 0, 38, 0, 0, 0.14%, 7, 0, 7, 0.00
1734387851, 8904644, 0, 38, 0, 0, 0.14%, 7, 0, 7, 0.00
1734387856, 8916169, 0, 38, 0, 0, 0.14%, 7, 0, 7, 0.00
1734387862, 8928149, 0, 38, 0, 0, 0.14%, 7, 0, 7, 0.00
1734387867, 8939670, 0, 38, 0, 0, 0.14%, 7, 0, 7, 0.00
1734387872, 8951202, 0, 38, 0, 0, 0.14%, 7, 0, 7, 0.00
1734387877, 8962701, 0, 38, 0, 0, 0.14%, 7, 0, 7, 0.00
1734387882, 8974649, 0, 38, 0, 0, 0.14%, 7, 0, 7, 0.00
1734387888, 8986221, 0, 38, 0, 0, 0.14%, 7, 0, 7, 0.00
1734387893, 8997756, 0, 38, 0, 0, 0.14%, 7, 0, 7, 0.00
1734387898, 9010171, 0, 38, 0, 0, 0.14%, 7, 0, 7, 0.00
1734387903, 9021278, 0, 38, 0, 0, 0.14%, 7, 0, 7, 0.00
1734387908, 9033254, 0, 38, 0, 0, 0.14%, 7, 0, 7, 0.00
1734387914, 9044773, 0, 38, 0, 0, 0.14%, 7, 0, 7, 0.00
1734387919, 9056317, 0, 38, 0, 0, 0.14%, 7, 0, 7, 0.00
1734387924, 9067846, 0, 38, 0, 0, 0.14%, 7, 0, 7, 0.00
1734387929, 9079394, 0, 38, 0, 0, 0.14%, 7, 0, 7, 0.00
1734387934, 9091355, 0, 38, 0, 0, 0.14%, 7, 0, 7, 0.00
1734387940, 9102889, 0, 38, 0, 0, 0.14%, 7, 0, 7, 0.00
1734387945, 9114433, 0, 38, 0, 0, 0.14%, 7, 0, 7, 0.00
1734387950, 9125976, 0, 38, 0, 0, 0.14%, 7, 0, 7, 0.00
1734387955, 9137929, 0, 38, 0, 0, 0.14%, 7, 0, 7, 0.00
1734387960, 9149417, 0, 38, 0, 0, 0.14%, 7, 0, 7, 0.00
1734387966, 9160952, 0, 38, 0, 0, 0.14%, 7, 0, 7, 0.00
1734387971, 9172935, 0, 38, 0, 0, 0.14%, 7, 0, 7, 0.00
1734387976, 9184045, 0, 38, 0, 0, 0.14%, 7, 0, 7, 0.00
1734387981, 9196037, 0, 38, 0, 0, 0.14%, 7, 0, 7, 0.00
1734387986, 9207529, 0, 38, 0, 0, 0.14%, 7, 0, 7, 0.00
1734387992, 9219480, 0, 38, 0, 0, 0.14%, 7, 0, 7, 0.00
1734387997, 9231018, 0, 38, 0, 0, 0.14%, 7, 0, 7, 0.00
1734388002, 9242966, 0, 38, 0, 0, 0.14%, 7, 0, 7, 0.00
1734388007, 9254514, 0, 38, 0, 0, 0.14%, 7, 0, 7, 0.00
1734388012, 9266047, 0, 38, 0, 0, 0.14%, 7, 0, 7, 0.00
1734388018, 9277567, 0, 38, 0, 0, 0.14%, 7, 0, 7, 0.00
1734388023, 9289073, 0, 38, 0, 0, 0.14%, 7, 0, 7, 0.00
1734388028, 9300991, 0, 38, 0, 0, 0.14%, 7, 0, 7, 0.00
1734388033, 9312566, 0, 38, 0, 0, 0.14%, 7, 0, 7, 0.00
1734388038, 9324517, 0, 38, 0, 0, 0.14%, 7, 0, 7, 0.00
1734388044, 9336477, 0, 38, 0, 0, 0.14%, 7, 0, 7, 0.00
1734388049, 9348256, 0, 38, 0, 0, 0.14%, 7, 0, 7, 0.00
1734388054, 9359997, 0, 38, 0, 0, 0.14%, 7, 0, 7, 0.00
1734388059, 9371484, 0, 38, 0, 0, 0.14%, 7, 0, 7, 0.00
1734388064, 9383286, 0, 38, 0, 0, 0.14%, 7, 0, 7, 0.00
1734388070, 9394557, 0, 38, 0, 0, 0.14%, 7, 0, 7, 0.00
1734388075, 9407422, 0, 38, 0, 0, 0.14%, 7, 0, 7, 0.00
1734388080, 9418936, 0, 38, 0, 0, 0.14%, 7, 0, 7, 0.00
1734388085, 9430472, 0, 38, 0, 0, 0.14%, 7, 0, 7, 0.00
1734388090, 9442451, 0, 38, 0, 0, 0.14%, 7, 0, 7, 0.00
1734388096, 9454434, 0, 38, 0, 0, 0.14%, 7, 0, 7, 0.00
1734388101, 9465960, 0, 38, 0, 0, 0.14%, 7, 0, 7, 0.00
1734388106, 9477486, 0, 38, 0, 0, 0.14%, 7, 0, 7, 0.00
1734388111, 9489022, 0, 38, 0, 0, 0.14%, 7, 0, 7, 0.00
1734388116, 9500662, 0, 38, 0, 0, 0.14%, 7, 0, 7, 0.00
1734388122, 9512550, 0, 38, 0, 0, 0.14%, 7, 0, 7, 0.00
1734388127, 9524118, 0, 38, 0, 0, 0.14%, 7, 0, 7, 0.00
1734388132, 9535640, 0, 38, 0, 0, 0.14%, 7, 0, 7, 0.00
1734388137, 9547596, 0, 38, 0, 0, 0.14%, 7, 0, 7, 0.00
1734388142, 9559111, 0, 38, 0, 0, 0.14%, 7, 0, 7, 0.00
1734388148, 9571092, 0, 38, 0, 0, 0.14%, 7, 0, 7, 0.00
1734388153, 9582580, 0, 38, 0, 0, 0.14%, 7, 0, 7, 0.00
1734388158, 9594120, 0, 38, 0, 0, 0.14%, 7, 0, 7, 0.00
1734388163, 9605674, 0, 38, 0, 0, 0.14%, 7, 0, 7, 0.00
1734388168, 9617638, 0, 38, 0, 0, 0.14%, 7, 0, 7, 0.00
1734388174, 9629116, 0, 38, 0, 0, 0.14%, 7, 0, 7, 0.00
1734388179, 9640639, 0, 38, 0, 0, 0.14%, 7, 0, 7, 0.00
1734388184, 9652621, 0, 38, 0, 0, 0.14%, 7, 0, 7, 0.00
1734388189, 9664080, 0, 38, 0, 0, 0.14%, 7, 0, 7, 0.00
1734388194, 9675624, 0, 38, 0, 0, 0.14%, 7, 0, 7, 0.00
1734388200, 9687126, 0, 38, 0, 0, 0.14%, 7, 0, 7, 0.00
1734388205, 9698617, 0, 38, 0, 0, 0.14%, 7, 0, 7, 0.00
1734388210, 9710117, 0, 38, 0, 0, 0.14%, 7, 0, 7, 0.00
1734388215, 9721655, 0, 38, 0, 0, 0.14%, 7, 0, 7, 0.00
1734388220, 9733607, 0, 38, 0, 0, 0.14%, 7, 0, 7, 0.00
1734388226, 9745105, 0, 38, 0, 0, 0.14%, 7, 0, 7, 0.00
1734388231, 9756588, 0, 38, 0, 0, 0.14%, 7, 0, 7, 0.00
1734388236, 9768085, 0, 38, 0, 0, 0.14%, 7, 0, 7, 0.00
1734388241, 9780024, 0, 38, 0, 0, 0.14%, 7, 0, 7, 0.00
1734388246, 9791564, 0, 38, 0, 0, 0.14%, 7, 0, 7, 0.00
1734388252, 9803045, 0, 38, 0, 0, 0.14%, 7, 0, 7, 0.00
1734388257, 9814551, 0, 38, 0, 0, 0.14%, 7, 0, 7, 0.00
1734388262, 9826040, 0, 38, 0, 0, 0.14%, 7, 0, 7, 0.00
1734388267, 9837999, 0, 38, 0, 0, 0.14%, 7, 0, 7, 0.00
1734388272, 9849556, 0, 38, 0, 0, 0.14%, 7, 0, 7, 0.00
1734388278, 9861118, 0, 38, 0, 0, 0.14%, 7, 0, 7, 0.00
1734388283, 9873534, 0, 38, 0, 0, 0.14%, 7, 0, 7, 0.00
1734388288, 9885062, 0, 38, 0, 0, 0.14%, 7, 0, 7, 0.00
1734388293, 9897015, 0, 38, 0, 0, 0.14%, 7, 0, 7, 0.00
1734388298, 9908514, 0, 38, 0, 0, 0.14%, 7, 0, 7, 0.00
1734388304, 9920015, 0, 38, 0, 0, 0.14%, 7, 0, 7, 0.00
1734388309, 9931108, 0, 38, 0, 0, 0.14%, 7, 0, 7, 0.00
1734388314, 9943512, 0, 38, 0, 0, 0.14%, 7, 0, 7, 0.00
1734388319, 9955032, 0, 38, 0, 0, 0.14%, 7, 0, 7, 0.00
1734388324, 9966572, 0, 38, 0, 0, 0.14%, 7, 0, 7, 0.00
1734388330, 9978098, 0, 38, 0, 0, 0.14%, 7, 0, 7, 0.00
1734388335, 9989643, 0, 38, 0, 0, 0.14%, 7, 0, 7, 0.00
1734388340, 10001600, 0, 38, 0, 0, 0.14%, 7, 0, 7, 0.00
1734388345, 10013164, 0, 38, 0, 0, 0.14%, 7, 0, 7, 0.00
1734388350, 10024727, 0, 38, 0, 0, 0.14%, 7, 0, 7, 0.00
1734388356, 10036245, 0, 38, 0, 0, 0.14%, 7, 0, 7, 0.00
1734388361, 10048676, 0, 38, 0, 0, 0.14%, 7, 0, 7, 0.00
1734388366, 10060186, 0, 38, 0, 0, 0.14%, 7, 0, 7, 0.00
1734388371, 10071699, 0, 38, 0, 0, 0.14%, 7, 0, 7, 0.00
1734388376, 10083207, 0, 38, 0, 0, 0.14%, 7, 0, 7, 0.00
1734388382, 10094758, 0, 38, 0, 0, 0.14%, 7, 0, 7, 0.00
1734388387, 10106724, 0, 38, 0, 0, 0.14%, 7, 0, 7, 0.00
1734388392, 10118216, 0, 38, 0, 0, 0.14%, 7, 0, 7, 0.00
1734388397, 10129729, 0, 38, 0, 0, 0.14%, 7, 0, 7, 0.00
1734388402, 10141389, 0, 38, 0, 0, 0.14%, 7, 0, 7, 0.00
1734388408, 10153228, 0, 38, 0, 0, 0.14%, 7, 0, 7, 0.00
1734388413, 10165600, 0, 38, 0, 0, 0.14%, 7, 0, 7, 0.00
1734388418, 10177120, 0, 38, 0, 0, 0.14%, 7, 0, 7, 0.00
1734388423, 10188687, 0, 38, 0, 0, 0.14%, 7, 0, 7, 0.00
1734388428, 10200208, 0, 38, 0, 0, 0.14%, 7, 0, 7, 0.00
1734388434, 10212153, 0, 38, 0, 0, 0.14%, 7, 0, 7, 0.00
1734388439, 10223664, 0, 38, 0, 0, 0.14%, 7, 0, 7, 0.00
1734388444, 10235179, 0, 38, 0, 0, 0.14%, 7, 0, 7, 0.00
1734388449, 10246717, 0, 38, 0, 0, 0.14%, 7, 0, 7, 0.00
1734388454, 10258708, 0, 38, 0, 0, 0.14%, 7, 0, 7, 0.00
1734388460, 10270684, 0, 38, 0, 0, 0.14%, 7, 0, 7, 0.00
1734388465, 10282219, 0, 38, 0, 0, 0.14%, 7, 0, 7, 0.00
1734388470, 10293730, 0, 38, 0, 0, 0.14%, 7, 0, 7, 0.00
1734388475, 10305747, 0, 38, 0, 0, 0.14%, 7, 0, 7, 0.00
1734388480, 10317279, 0, 38, 0, 0, 0.14%, 7, 0, 7, 0.00
1734388486, 10328799, 0, 38, 0, 0, 0.14%, 7, 0, 7, 0.00
1734388491, 10340332, 0, 38, 0, 0, 0.14%, 7, 0, 7, 0.00
1734388496, 10351857, 0, 38, 0, 0, 0.14%, 7, 0, 7, 0.00
1734388501, 10363789, 0, 38, 0, 0, 0.14%, 7, 0, 7, 0.00
1734388506, 10375322, 0, 38, 0, 0, 0.14%, 7, 0, 7, 0.00
1734388512, 10387323, 0, 38, 0, 0, 0.14%, 7, 0, 7, 0.00
1734388517, 10398841, 0, 38, 0, 0, 0.14%, 7, 0, 7, 0.00
1734388522, 10410375, 0, 38, 0, 0, 0.14%, 7, 0, 7, 0.00
1734388527, 10422116, 0, 38, 0, 0, 0.14%, 7, 0, 7, 0.00
1734388532, 10433866, 0, 38, 0, 0, 0.14%, 7, 0, 7, 0.00
1734388538, 10445397, 0, 38, 0, 0, 0.14%, 7, 0, 7, 0.00
1734388543, 10456879, 0, 38, 0, 0, 0.14%, 7, 0, 7, 0.00
1734388548, 10468879, 0, 38, 0, 0, 0.14%, 7, 0, 7, 0.00
1734388553, 10480784, 0, 38, 0, 0, 0.14%, 7, 0, 7, 0.00
1734388558, 10492311, 0, 38, 0, 0, 0.14%, 7, 0, 7, 0.00
1734388564, 10504284, 0, 38, 0, 0, 0.14%, 7, 0, 7, 0.00
1734388569, 10515816, 0, 38, 0, 0, 0.14%, 7, 0, 7, 0.00
1734388574, 10528220, 0, 38, 0, 0, 0.14%, 7, 0, 7, 0.00
1734388579, 10539760, 0, 38, 0, 0, 0.14%, 7, 0, 7, 0.00
1734388584, 10551276, 0, 38, 0, 0, 0.14%, 7, 0, 7, 0.00
1734388590, 10563254, 0, 38, 0, 0, 0.14%, 7, 0, 7, 0.00
1734388595, 10574320, 0, 38, 0, 0, 0.14%, 7, 0, 7, 0.00
1734388600, 10586303, 0, 38, 0, 0, 0.14%, 7, 0, 7, 0.00
1734388605, 10597836, 0, 38, 0, 0, 0.14%, 7, 0, 7, 0.00
1734388610, 10609341, 0, 38, 0, 0, 0.14%, 7, 0, 7, 0.00
1734388616, 10621818, 0, 38, 0, 0, 0.14%, 7, 0, 7, 0.00
1734388621, 10632925, 0, 38, 0, 0, 0.14%, 7, 0, 7, 0.00
1734388626, 10644941, 0, 38, 0, 0, 0.14%, 7, 0, 7, 0.00
1734388631, 10656423, 0, 38, 0, 0, 0.14%, 7, 0, 7, 0.00
1734388636, 10667948, 0, 38, 0, 0, 0.14%, 7, 0, 7, 0.00
1734388642, 10679458, 0, 38, 0, 0, 0.14%, 7, 0, 7, 0.00
1734388647, 10691394, 0, 38, 0, 0, 0.14%, 7, 0, 7, 0.00
1734388652, 10702929, 0, 38, 0, 0, 0.14%, 7, 0, 7, 0.00
1734388657, 10714497, 0, 38, 0, 0, 0.14%, 7, 0, 7, 0.00
1734388662, 10726447, 0, 38, 0, 0, 0.14%, 7, 0, 7, 0.00
1734388668, 10737973, 0, 38, 0, 0, 0.14%, 7, 0, 7, 0.00
1734388673, 10749931, 0, 38, 0, 0, 0.14%, 7, 0, 7, 0.00
1734388678, 10761455, 0, 38, 0, 0, 0.14%, 7, 0, 7, 0.00
1734388683, 10772960, 0, 38, 0, 0, 0.14%, 7, 0, 7, 0.00
1734388688, 10784507, 0, 38, 0, 0, 0.14%, 7, 0, 7, 0.00
1734388694, 10796105, 0, 38, 0, 0, 0.14%, 7, 0, 7, 0.00
1734388699, 10808011, 0, 38, 0, 0, 0.14%, 7, 0, 7, 0.00
1734388704, 10819549, 0, 38, 0, 0, 0.14%, 7, 0, 7, 0.00
1734388709, 10831113, 0, 38, 0, 0, 0.14%, 7, 0, 7, 0.00
1734388714, 10842669, 0, 38, 0, 0, 0.14%, 7, 0, 7, 0.00
1734388720, 10854634, 0, 38, 0, 0, 0.14%, 7, 0, 7, 0.00
1734388725, 10866125, 0, 38, 0, 0, 0.14%, 7, 0, 7, 0.00
1734388730, 10877658, 0, 38, 0, 0, 0.14%, 7, 0, 7, 0.00
1734388735, 10889182, 0, 38, 0, 0, 0.14%, 7, 0, 7, 0.00
1734388740, 10900743, 0, 38, 0, 0, 0.14%, 7, 0, 7, 0.00
1734388746, 10912696, 0, 38, 0, 0, 0.14%, 7, 0, 7, 0.00
1734388751, 10924251, 0, 38, 0, 0, 0.14%, 7, 0, 7, 0.00
1734388756, 10935775, 0, 38, 0, 0, 0.14%, 7, 0, 7, 0.00
1734388761, 10947285, 0, 38, 0, 0, 0.14%, 7, 0, 7, 0.00
1734388766, 10959243, 0, 38, 0, 0, 0.14%, 7, 0, 7, 0.00
1734388772, 10970805, 0, 38, 0, 0, 0.14%, 7, 0, 7, 0.00
1734388777, 10982361, 0, 38, 0, 0, 0.14%, 7, 0, 7, 0.00
1734388782, 10994316, 0, 38, 0, 0, 0.14%, 7, 0, 7, 0.00
1734388787, 11005838, 0, 38, 0, 0, 0.14%, 7, 0, 7, 0.00
1734388792, 11018248, 0, 38, 0, 0, 0.14%, 7, 0, 7, 0.00
1734388798, 11029773, 0, 38, 0, 0, 0.14%, 7, 0, 7, 0.00
1734388803, 11041287, 0, 38, 0, 0, 0.14%, 7, 0, 7, 0.00
1734388808, 11053231, 0, 38, 0, 0, 0.14%, 7, 0, 7, 0.00
1734388813, 11064628, 0, 38, 0, 0, 0.14%, 7, 0, 7, 0.00
1734388818, 11076377, 0, 38, 0, 0, 0.14%, 7, 0, 7, 0.00
1734388824, 11087904, 0, 38, 0, 0, 0.14%, 7, 0, 7, 0.00
1734388829, 11099374, 0, 38, 0, 0, 0.14%, 7, 0, 7, 0.00
1734388834, 11110951, 0, 38, 0, 0, 0.14%, 7, 0, 7, 0.00
1734388839, 11123370, 0, 38, 0, 0, 0.14%, 7, 0, 7, 0.00
1734388844, 11134895, 0, 38, 0, 0, 0.14%, 7, 0, 7, 0.00
1734388850, 11146444, 0, 38, 0, 0, 0.14%, 7, 0, 7, 0.00
1734388855, 11157979, 0, 38, 0, 0, 0.14%, 7, 0, 7, 0.00
1734388860, 11169915, 0, 38, 0, 0, 0.14%, 7, 0, 7, 0.00
1734388865, 11181437, 0, 38, 0, 0, 0.14%, 7, 0, 7, 0.00
1734388870, 11192949, 0, 38, 0, 0, 0.14%, 7, 0, 7, 0.00
1734388876, 11204491, 0, 38, 0, 0, 0.14%, 7, 0, 7, 0.00
1734388881, 11216144, 0, 38, 0, 0, 0.14%, 7, 0, 7, 0.00
1734388886, 11228417, 0, 38, 0, 0, 0.14%, 7, 0, 7, 0.00
1734388891, 11239958, 0, 38, 0, 0, 0.14%, 7, 0, 7, 0.00
1734388896, 11251951, 0, 38, 0, 0, 0.14%, 7, 0, 7, 0.00
1734388902, 11263475, 0, 38, 0, 0, 0.14%, 7, 0, 7, 0.00
1734388907, 11275448, 0, 38, 0, 0, 0.14%, 7, 0, 7, 0.00
1734388912, 11286983, 0, 38, 0, 0, 0.14%, 7, 0, 7, 0.00
1734388917, 11298561, 0, 38, 0, 0, 0.14%, 7, 0, 7, 0.00
1734388922, 11310086, 0, 38, 0, 0, 0.14%, 7, 0, 7, 0.00
1734388928, 11321640, 0, 38, 0, 0, 0.14%, 7, 0, 7, 0.00
1734388933, 11333628, 0, 38, 0, 0, 0.14%, 7, 0, 7, 0.00
1734388938, 11345170, 0, 38, 0, 0, 0.14%, 7, 0, 7, 0.00
1734388943, 11356681, 0, 38, 0, 0, 0.14%, 7, 0, 7, 0.00
1734388948, 11368646, 0, 38, 0, 0, 0.14%, 7, 0, 7, 0.00
1734388954, 11380165, 0, 38, 0, 0, 0.14%, 7, 0, 7, 0.00
1734388959, 11392118, 0, 38, 0, 0, 0.14%, 7, 0, 7, 0.00
1734388964, 11403643, 0, 38, 0, 0, 0.14%, 7, 0, 7, 0.00
1734388969, 11415153, 0, 38, 0, 0, 0.14%, 7, 0, 7, 0.00
1734388974, 11426665, 0, 38, 0, 0, 0.14%, 7, 0, 7, 0.00
1734388980, 11438649, 0, 38, 0, 0, 0.14%, 7, 0, 7, 0.00
1734388985, 11450171, 0, 38, 0, 0, 0.14%, 7, 0, 7, 0.00
1734388990, 11461684, 0, 38, 0, 0, 0.14%, 7, 0, 7, 0.00
1734388995, 11474110, 0, 38, 0, 0, 0.14%, 7, 0, 7, 0.00
1734389000, 11485185, 0, 38, 0, 0, 0.14%, 7, 0, 7, 0.00
1734389006, 11497114, 0, 38, 0, 0, 0.14%, 7, 0, 7, 0.00
1734389011, 11508673, 0, 38, 0, 0, 0.14%, 7, 0, 7, 0.00
1734389016, 11520173, 0, 38, 0, 0, 0.14%, 7, 0, 7, 0.00
1734389021, 11531678, 0, 38, 0, 0, 0.14%, 7, 0, 7, 0.00
1734389026, 11543651, 0, 38, 0, 0, 0.14%, 7, 0, 7, 0.00
1734389032, 11555619, 0, 38, 0, 0, 0.14%, 7, 0, 7, 0.00
1734389037, 11567136, 0, 38, 0, 0, 0.14%, 7, 0, 7, 0.00
1734389042, 11578672, 0, 38, 0, 0, 0.14%, 7, 0, 7, 0.00
1734389047, 11590233, 0, 38, 0, 0, 0.14%, 7, 0, 7, 0.00
1734389052, 11602182, 0, 38, 0, 0, 0.14%, 7, 0, 7, 0.00
1734389058, 11613738, 0, 38, 0, 0, 0.14%, 7, 0, 7, 0.00
1734389063, 11625286, 0, 38, 0, 0, 0.14%, 7, 0, 7, 0.00
1734389068, 11636384, 0, 38, 0, 0, 0.14%, 7, 0, 7, 0.00
1734389073, 11648355, 0, 38, 0, 0, 0.14%, 7, 0, 7, 0.00
1734389078, 11660354, 0, 38, 0, 0, 0.14%, 7, 0, 7, 0.00
1734389084, 11671859, 0, 38, 0, 0, 0.14%, 7, 0, 7, 0.00
1734389089, 11683384, 0, 38, 0, 0, 0.14%, 7, 0, 7, 0.00
1734389094, 11695324, 0, 38, 0, 0, 0.14%, 7, 0, 7, 0.00
1734389099, 11707333, 0, 38, 0, 0, 0.14%, 7, 0, 7, 0.00
1734389104, 11719277, 0, 38, 0, 0, 0.14%, 7, 0, 7, 0.00
1734389110, 11730826, 0, 38, 0, 0, 0.14%, 7, 0, 7, 0.00
1734389115, 11742552, 0, 38, 0, 0, 0.14%, 7, 0, 7, 0.00
1734389120, 11753948, 0, 38, 0, 0, 0.14%, 7, 0, 7, 0.00
1734389125, 11765844, 0, 38, 0, 0, 0.14%, 7, 0, 7, 0.00
1734389130, 11777784, 0, 38, 0, 0, 0.14%, 7, 0, 7, 0.00
1734389136, 11789278, 0, 38, 0, 0, 0.14%, 7, 0, 7, 0.00
1734389141, 11800800, 0, 38, 0, 0, 0.14%, 7, 0, 7, 0.00
1734389146, 11812763, 0, 38, 0, 0, 0.14%, 7, 0, 7, 0.00
1734389151, 11824289, 0, 38, 0, 0, 0.14%, 7, 0, 7, 0.00
1734389156, 11835846, 0, 38, 0, 0, 0.14%, 7, 0, 7, 0.00
1734389162, 11847412, 0, 38, 0, 0, 0.14%, 7, 0, 7, 0.00
1734389167, 11859400, 0, 38, 0, 0, 0.14%, 7, 0, 7, 0.00
1734389172, 11871401, 0, 38, 0, 0, 0.14%, 7, 0, 7, 0.00
1734389177, 11883411, 0, 38, 0, 0, 0.14%, 7, 0, 7, 0.00
1734389182, 11894941, 0, 38, 0, 0, 0.14%, 7, 0, 7, 0.00
1734389188, 11906913, 0, 38, 0, 0, 0.14%, 7, 0, 7, 0.00
1734389193, 11918878, 0, 38, 0, 0, 0.14%, 7, 0, 7, 0.00
1734389198, 11930402, 0, 38, 0, 0, 0.14%, 7, 0, 7, 0.00
1734389203, 11941966, 0, 38, 0, 0, 0.14%, 7, 0, 7, 0.00
1734389208, 11953732, 0, 38, 0, 0, 0.14%, 7, 0, 7, 0.00
1734389214, 11965457, 0, 38, 0, 0, 0.14%, 7, 0, 7, 0.00
1734389219, 11976990, 0, 38, 0, 0, 0.14%, 7, 0, 7, 0.00
1734389224, 11988951, 0, 38, 0, 0, 0.14%, 7, 0, 7, 0.00
1734389229, 12000486, 0, 38, 0, 0, 0.14%, 7, 0, 7, 0.00
1734389234, 12012815, 0, 38, 0, 0, 0.14%, 7, 0, 7, 0.00
1734389240, 12024331, 0, 38, 0, 0, 0.14%, 7, 0, 7, 0.00
1734389245, 12035890, 0, 38, 0, 0, 0.14%, 7, 0, 7, 0.00
1734389250, 12047422, 0, 38, 0, 0, 0.14%, 7, 0, 7, 0.00
1734389255, 12058925, 0, 38, 0, 0, 0.14%, 7, 0, 7, 0.00
1734389260, 12070924, 0, 38, 0, 0, 0.14%, 7, 0, 7, 0.00
1734389266, 12082445, 0, 38, 0, 0, 0.14%, 7, 0, 7, 0.00
1734389271, 12094400, 0, 38, 0, 0, 0.14%, 7, 0, 7, 0.00
1734389276, 12105949, 0, 38, 0, 0, 0.14%, 7, 0, 7, 0.00
1734389281, 12118333, 0, 38, 0, 0, 0.14%, 7, 0, 7, 0.00
1734389286, 12129859, 0, 38, 0, 0, 0.14%, 7, 0, 7, 0.00
1734389292, 12141351, 0, 38, 0, 0, 0.14%, 7, 0, 7, 0.00
1734389297, 12152865, 0, 38, 0, 0, 0.14%, 7, 0, 7, 0.00
1734389302, 12164379, 0, 38, 0, 0, 0.14%, 7, 0, 7, 0.00
1734389307, 12176341, 0, 38, 0, 0, 0.14%, 7, 0, 7, 0.00
1734389312, 12187822, 0, 38, 0, 0, 0.14%, 7, 0, 7, 0.00
1734389318, 12199374, 0, 38, 0, 0, 0.14%, 7, 0, 7, 0.00
1734389323, 12211363, 0, 38, 0, 0, 0.14%, 7, 0, 7, 0.00
1734389328, 12223348, 0, 38, 0, 0, 0.14%, 7, 0, 7, 0.00
1734389333, 12234872, 0, 38, 0, 0, 0.14%, 7, 0, 7, 0.00
1734389338, 12246363, 0, 38, 0, 0, 0.14%, 7, 0, 7, 0.00
1734389344, 12258289, 0, 38, 0, 0, 0.14%, 7, 0, 7, 0.00
1734389349, 12269395, 0, 38, 0, 0, 0.14%, 7, 0, 7, 0.00
1734389354, 12281382, 0, 38, 0, 0, 0.14%, 7, 0, 7, 0.00
1734389359, 12292940, 0, 38, 0, 0, 0.14%, 7, 0, 7, 0.00
1734389364, 12304475, 0, 38, 0, 0, 0.14%, 7, 0, 7, 0.00
1734389370, 12316501, 0, 38, 0, 0, 0.14%, 7, 0, 7, 0.00
1734389375, 12328902, 0, 38, 0, 0, 0.14%, 7, 0, 7, 0.00
1734389380, 12340433, 0, 38, 0, 0, 0.14%, 7, 0, 7, 0.00
1734389385, 12351949, 0, 38, 0, 0, 0.14%, 7, 0, 7, 0.00
1734389390, 12363462, 0, 38, 0, 0, 0.14%, 7, 0, 7, 0.00
1734389396, 12375480, 0, 38, 0, 0, 0.14%, 7, 0, 7, 0.00
1734389401, 12387026, 0, 38, 0, 0, 0.14%, 7, 0, 7, 0.00
1734389406, 12398545, 0, 38, 0, 0, 0.14%, 7, 0, 7, 0.00
1734389411, 12410072, 0, 38, 0, 0, 0.14%, 7, 0, 7, 0.00
1734389416, 12422029, 0, 38, 0, 0, 0.14%, 7, 0, 7, 0.00
1734389422, 12433550, 0, 38, 0, 0, 0.14%, 7, 0, 7, 0.00
1734389427, 12445505, 0, 38, 0, 0, 0.14%, 7, 0, 7, 0.00
1734389432, 12457047, 0, 38, 0, 0, 0.14%, 7, 0, 7, 0.00
1734389437, 12468570, 0, 38, 0, 0, 0.14%, 7, 0, 7, 0.00
1734389442, 12480117, 0, 38, 0, 0, 0.14%, 7, 0, 7, 0.00
1734389448, 12492149, 0, 38, 0, 0, 0.14%, 7, 0, 7, 0.00
1734389453, 12503712, 0, 38, 0, 0, 0.14%, 7, 0, 7, 0.00
1734389458, 12515230, 0, 38, 0, 0, 0.14%, 7, 0, 7, 0.00
1734389463, 12527183, 0, 38, 0, 0, 0.14%, 7, 0, 7, 0.00
1734389468, 12539572, 0, 38, 0, 0, 0.14%, 7, 0, 7, 0.00
1734389474, 12551064, 0, 38, 0, 0, 0.14%, 7, 0, 7, 0.00
1734389479, 12562587, 0, 38, 0, 0, 0.14%, 7, 0, 7, 0.00
1734389484, 12574563, 0, 38, 0, 0, 0.14%, 7, 0, 7, 0.00
1734389489, 12586095, 0, 38, 0, 0, 0.14%, 7, 0, 7, 0.00
1734389494, 12598116, 0, 38, 0, 0, 0.14%, 7, 0, 7, 0.00
1734389500, 12609654, 0, 38, 0, 0, 0.14%, 7, 0, 7, 0.00
1734389505, 12621182, 0, 38, 0, 0, 0.14%, 7, 0, 7, 0.00
1734389510, 12632695, 0, 38, 0, 0, 0.14%, 7, 0, 7, 0.00
1734389515, 12644210, 0, 38, 0, 0, 0.14%, 7, 0, 7, 0.00
1734389520, 12656211, 0, 38, 0, 0, 0.14%, 7, 0, 7, 0.00
1734389526, 12667775, 0, 38, 0, 0, 0.14%, 7, 0, 7, 0.00
1734389531, 12679749, 0, 38, 0, 0, 0.14%, 7, 0, 7, 0.00
1734389536, 12691264, 0, 38, 0, 0, 0.14%, 7, 0, 7, 0.00
1734389541, 12703235, 0, 38, 0, 0, 0.14%, 7, 0, 7, 0.00
1734389546, 12714724, 0, 38, 0, 0, 0.14%, 7, 0, 7, 0.00
1734389552, 12726255, 0, 38, 0, 0, 0.14%, 7, 0, 7, 0.00
1734389557, 12738200, 0, 38, 0, 0, 0.14%, 7, 0, 7, 0.00
1734389562, 12749252, 0, 38, 0, 0, 0.14%, 7, 0, 7, 0.00
1734389567, 12760809, 0, 38, 0, 0, 0.14%, 7, 0, 7, 0.00
1734389572, 12772340, 0, 38, 0, 0, 0.14%, 7, 0, 7, 0.00
1734389578, 12783886, 0, 38, 0, 0, 0.14%, 7, 0, 7, 0.00
1734389583, 12795710, 0, 38, 0, 0, 0.14%, 7, 0, 7, 0.00
1734389588, 12807109, 0, 38, 0, 0, 0.14%, 7, 0, 7, 0.00
1734389593, 12818908, 0, 38, 0, 0, 0.14%, 7, 0, 7, 0.00
1734389598, 12830426, 0, 38, 0, 0, 0.14%, 7, 0, 7, 0.00
1734389604, 12841939, 0, 38, 0, 0, 0.14%, 7, 0, 7, 0.00
1734389609, 12853907, 0, 38, 0, 0, 0.14%, 7, 0, 7, 0.00
1734389614, 12866305, 0, 38, 0, 0, 0.14%, 7, 0, 7, 0.00
1734389619, 12877826, 0, 38, 0, 0, 0.14%, 7, 0, 7, 0.00
1734389624, 12889334, 0, 38, 0, 0, 0.14%, 7, 0, 7, 0.00
1734389630, 12900853, 0, 38, 0, 0, 0.14%, 7, 0, 7, 0.00
1734389635, 12912592, 0, 38, 0, 0, 0.14%, 7, 0, 7, 0.00
1734389640, 12924334, 0, 38, 0, 0, 0.14%, 7, 0, 7, 0.00
1734389645, 12935875, 0, 38, 0, 0, 0.14%, 7, 0, 7, 0.00
1734389650, 12947382, 0, 38, 0, 0, 0.14%, 7, 0, 7, 0.00
1734389656, 12959339, 0, 38, 0, 0, 0.14%, 7, 0, 7, 0.00
1734389661, 12970895, 0, 38, 0, 0, 0.14%, 7, 0, 7, 0.00
1734389666, 12982878, 0, 38, 0, 0, 0.14%, 7, 0, 7, 0.00
1734389671, 12994456, 0, 38, 0, 0, 0.14%, 7, 0, 7, 0.00
1734389676, 13005853, 0, 38, 0, 0, 0.14%, 7, 0, 7, 0.00
1734389682, 13017584, 0, 38, 0, 0, 0.14%, 7, 0, 7, 0.00
1734389687, 13029318, 0, 38, 0, 0, 0.14%, 7, 0, 7, 0.00
1734389692, 13040868, 0, 38, 0, 0, 0.14%, 7, 0, 7, 0.00
1734389697, 13052394, 0, 38, 0, 0, 0.14%, 7, 0, 7, 0.00
1734389702, 13063926, 0, 38, 0, 0, 0.14%, 7, 0, 7, 0.00
1734389708, 13076317, 0, 38, 0, 0, 0.14%, 7, 0, 7, 0.00
1734389713, 13088272, 0, 38, 0, 0, 0.14%, 7, 0, 7, 0.00
1734389718, 13099793, 0, 38, 0, 0, 0.14%, 7, 0, 7, 0.00
1734389723, 13111285, 0, 38, 0, 0, 0.14%, 7, 0, 7, 0.00
1734389728, 13123256, 0, 38, 0, 0, 0.14%, 7, 0, 7, 0.00
1734389734, 13134780, 0, 38, 0, 0, 0.14%, 7, 0, 7, 0.00
1734389739, 13146316, 0, 38, 0, 0, 0.14%, 7, 0, 7, 0.00
1734389744, 13157856, 0, 38, 0, 0, 0.14%, 7, 0, 7, 0.00
1734389749, 13169371, 0, 38, 0, 0, 0.14%, 7, 0, 7, 0.00
1734389754, 13182223, 0, 38, 0, 0, 0.14%, 7, 0, 7, 0.00
1734389760, 13193741, 0, 38, 0, 0, 0.14%, 7, 0, 7, 0.00
1734389765, 13205264, 0, 38, 0, 0, 0.14%, 7, 0, 7, 0.00
1734389770, 13216796, 0, 38, 0, 0, 0.14%, 7, 0, 7, 0.00
1734389775, 13228311, 0, 38, 0, 0, 0.14%, 7, 0, 7, 0.00
1734389780, 13240278, 0, 38, 0, 0, 0.14%, 7, 0, 7, 0.00
1734389786, 13251835, 0, 38, 0, 0, 0.14%, 7, 0, 7, 0.00
1734389791, 13263371, 0, 38, 0, 0, 0.14%, 7, 0, 7, 0.00
1734389796, 13275325, 0, 38, 0, 0, 0.14%, 7, 0, 7, 0.00
1734389801, 13287301, 0, 38, 0, 0, 0.14%, 7, 0, 7, 0.00
1734389806, 13298830, 0, 38, 0, 0, 0.14%, 7, 0, 7, 0.00
1734389812, 13310795, 0, 38, 0, 0, 0.14%, 7, 0, 7, 0.00
1734389817, 13322345, 0, 38, 0, 0, 0.14%, 7, 0, 7, 0.00
