# unix_time, cycles_done, cur_path, paths_total, pending_total, pending_favs, map_size, unique_crashes, unique_hangs, max_depth, execs_per_sec
1733875384, 0, 0, 10, 10, 1, 0.01%, 0, 0, 1, 36.31
1733875389, 0, 4, 10, 10, 1, 0.01%, 0, 0, 1, 36.36
1733875404, 1, 0, 10, 4, 0, 0.01%, 0, 0, 1, 44.36
1733875410, 1, 1, 10, 3, 0, 0.01%, 0, 0, 1, 44.11
1733875415, 1, 2, 10, 2, 0, 0.01%, 0, 0, 1, 42.71
1733875425, 1, 3, 10, 1, 0, 0.01%, 0, 0, 1, 44.36
1733875430, 1, 4, 10, 0, 0, 0.01%, 0, 0, 1, 45.16
1733875435, 1, 5, 10, 0, 0, 0.01%, 0, 0, 1, 44.62
1733875440, 1, 6, 10, 0, 0, 0.01%, 0, 0, 1, 44.91
1733875445, 1, 7, 10, 0, 0, 0.01%, 0, 0, 1, 45.86
1733875450, 1, 8, 10, 0, 0, 0.01%, 0, 0, 1, 43.36
1733875455, 1, 9, 10, 0, 0, 0.01%, 0, 0, 1, 44.41
1733875460, 2, 0, 10, 0, 0, 0.01%, 0, 0, 1, 45.20
1733875470, 2, 1, 10, 0, 0, 0.01%, 0, 0, 1, 42.65
1733875476, 2, 2, 10, 0, 0, 0.01%, 0, 0, 1, 43.40
1733875481, 2, 3, 10, 0, 0, 0.01%, 0, 0, 1, 44.81
1733875486, 2, 4, 10, 0, 0, 0.01%, 0, 0, 1, 44.52
1733875491, 2, 5, 10, 0, 0, 0.01%, 0, 0, 1, 41.98
1733875496, 2, 6, 10, 0, 0, 0.01%, 0, 0, 1, 43.02
1733875506, 2, 7, 10, 0, 0, 0.01%, 0, 0, 1, 44.78
1733875511, 2, 8, 10, 0, 0, 0.01%, 0, 0, 1, 43.25
1733875516, 2, 9, 10, 0, 0, 0.01%, 0, 0, 1, 44.32
1733875521, 3, 0, 10, 0, 0, 0.01%, 0, 0, 1, 44.56
1733875526, 3, 1, 10, 0, 0, 0.01%, 0, 0, 1, 45.23
1733875531, 3, 2, 10, 0, 0, 0.01%, 0, 0, 1, 43.71
1733875536, 3, 3, 10, 0, 0, 0.01%, 0, 0, 1, 44.70
1733875542, 3, 4, 10, 0, 0, 0.01%, 0, 0, 1, 44.94
1733875552, 3, 5, 10, 0, 0, 0.01%, 0, 0, 1, 44.17
1733875557, 3, 6, 10, 0, 0, 0.01%, 0, 0, 1, 43.62
1733875562, 3, 7, 10, 0, 0, 0.01%, 0, 0, 1, 44.00
1733875567, 3, 8, 10, 0, 0, 0.01%, 0, 0, 1, 45.95
1733875572, 3, 9, 10, 0, 0, 0.01%, 0, 0, 1, 43.51
1733875577, 4, 0, 10, 0, 0, 0.01%, 0, 0, 1, 43.13
1733875582, 4, 1, 10, 0, 0, 0.01%, 0, 0, 1, 44.28
1733875592, 4, 2, 10, 0, 0, 0.01%, 0, 0, 1, 42.50
1733875597, 4, 3, 10, 0, 0, 0.01%, 0, 0, 1, 44.72
1733875602, 4, 4, 10, 0, 0, 0.01%, 0, 0, 1, 44.24
1733875608, 4, 5, 10, 0, 0, 0.01%, 0, 0, 1, 45.65
1733875613, 4, 6, 10, 0, 0, 0.01%, 0, 0, 1, 43.46
1733875618, 4, 7, 10, 0, 0, 0.01%, 0, 0, 1, 43.64
1733875628, 4, 8, 10, 0, 0, 0.01%, 0, 0, 1, 43.89
1733875633, 4, 9, 10, 0, 0, 0.01%, 0, 0, 1, 44.56
1733875638, 5, 0, 10, 0, 0, 0.01%, 0, 0, 1, 44.51
1733875643, 5, 1, 10, 0, 0, 0.01%, 0, 0, 1, 42.92
1733875648, 5, 2, 10, 0, 0, 0.01%, 0, 0, 1, 43.68
1733875653, 5, 3, 10, 0, 0, 0.01%, 0, 0, 1, 44.57
1733875658, 5, 4, 10, 0, 0, 0.01%, 0, 0, 1, 43.17
1733875669, 5, 5, 10, 0, 0, 0.01%, 0, 0, 1, 44.87
1733875674, 5, 6, 10, 0, 0, 0.01%, 0, 0, 1, 43.51
1733875679, 5, 7, 10, 0, 0, 0.01%, 0, 0, 1, 42.99
1733875684, 5, 8, 10, 0, 0, 0.01%, 0, 0, 1, 44.38
1733875689, 5, 9, 10, 0, 0, 0.01%, 0, 0, 1, 44.00
1733875694, 6, 0, 10, 0, 0, 0.01%, 0, 0, 1, 44.32
1733875699, 6, 1, 10, 0, 0, 0.01%, 0, 0, 1, 43.07
1733875709, 6, 2, 10, 0, 0, 0.01%, 0, 0, 1, 44.45
1733875714, 6, 3, 10, 0, 0, 0.01%, 0, 0, 1, 44.70
1733875719, 6, 4, 10, 0, 0, 0.01%, 0, 0, 1, 44.14
1733875724, 6, 5, 10, 0, 0, 0.01%, 0, 0, 1, 44.84
1733875729, 6, 6, 10, 0, 0, 0.01%, 0, 0, 1, 43.76
1733875734, 6, 7, 10, 0, 0, 0.01%, 0, 0, 1, 43.01
1733875740, 6, 8, 10, 0, 0, 0.01%, 0, 0, 1, 43.78
1733875745, 6, 8, 11, 1, 0, 0.14%, 1, 0, 2, 43.97
1733875750, 6, 10, 11, 1, 1, 0.14%, 1, 0, 2, 53.56
1733875831, 11, 10, 11, 0, 0, 0.14%, 1, 0, 2, 45.00
1733875841, 12, 10, 11, 0, 0, 0.14%, 1, 0, 2, 45.67
1733875862, 13, 10, 11, 0, 0, 0.14%, 1, 0, 2, 45.59
1733875867, 13, 10, 12, 1, 0, 0.14%, 2, 0, 3, 44.72
1733875923, 13, 11, 12, 1, 1, 0.14%, 2, 0, 3, 57.82
1733875928, 13, 11, 13, 2, 1, 0.14%, 3, 0, 4, 60.31
1733875994, 13, 11, 14, 3, 1, 0.14%, 3, 0, 4, 45.40
1733876009, 13, 12, 14, 2, 2, 0.14%, 3, 0, 4, 61.39
1733876055, 13, 12, 15, 3, 2, 0.14%, 3, 0, 5, 50.25
1733876101, 13, 12, 16, 4, 2, 0.14%, 3, 0, 5, 49.39
1733876172, 13, 14, 16, 3, 2, 0.14%, 3, 0, 5, 39.98
1733876361, 13, 14, 23, 10, 2, 0.14%, 3, 0, 6, 92.39
1733876366, 13, 14, 24, 11, 2, 0.14%, 3, 0, 6, 98.66
1733876427, 13, 14, 26, 13, 2, 0.14%, 5, 0, 6, 101.36
1733878079, 13, 14, 27, 14, 2, 0.14%, 5, 0, 6, 55.17
1733878089, 13, 26, 27, 12, 1, 0.14%, 5, 0, 6, 74.15
1733878176, 14, 17, 27, 11, 0, 0.14%, 5, 0, 6, 45.57
1733878181, 16, 24, 27, 5, 0, 0.14%, 5, 0, 6, 36.17
1733878186, 20, 26, 28, 3, 0, 0.14%, 6, 0, 7, 44.13
1733878196, 20, 27, 28, 3, 1, 0.14%, 6, 0, 7, 43.54
1733878294, 20, 27, 29, 4, 1, 0.14%, 7, 0, 8, 88.86
1733879880, 20, 27, 31, 6, 1, 0.14%, 7, 0, 8, 98.76
1733879885, 20, 27, 32, 7, 1, 0.14%, 7, 0, 8, 94.24
1733879895, 20, 27, 34, 9, 1, 0.14%, 7, 0, 8, 94.05
1733879900, 20, 27, 35, 10, 1, 0.14%, 8, 0, 8, 90.80
1733879921, 20, 27, 36, 11, 1, 0.14%, 8, 0, 8, 93.92
1733879951, 20, 28, 36, 10, 2, 0.14%, 8, 0, 8, 40.81
1733879962, 20, 34, 36, 9, 1, 0.14%, 8, 0, 8, 34.06
1733880256, 21, 16, 36, 8, 0, 0.14%, 8, 0, 8, 61.64
1733880302, 21, 31, 36, 8, 0, 0.14%, 8, 0, 8, 47.96
1733880317, 21, 35, 36, 7, 0, 0.14%, 8, 0, 8, 33.24
1733880327, 23, 16, 36, 5, 0, 0.14%, 8, 0, 8, 38.49
1733880337, 24, 16, 36, 4, 0, 0.14%, 8, 0, 8, 50.55
1733880347, 25, 16, 36, 4, 0, 0.14%, 8, 0, 8, 58.78
1733880368, 25, 16, 38, 6, 0, 0.14%, 8, 0, 8, 72.61
1733880383, 25, 37, 38, 6, 1, 0.14%, 8, 0, 8, 51.79
1733880393, 26, 29, 38, 4, 0, 0.14%, 8, 0, 8, 34.01
1733880403, 26, 37, 38, 3, 0, 0.14%, 8, 0, 8, 43.40
1733882163, 27, 32, 38, 3, 0, 0.14%, 8, 0, 8, 53.88
1733883628, 27, 32, 39, 4, 0, 0.14%, 8, 0, 9, 89.87
1733883689, 27, 38, 39, 3, 1, 0.14%, 8, 0, 9, 48.12
1733884318, 27, 38, 40, 4, 1, 0.14%, 8, 0, 10, 83.47
1733884343, 27, 38, 41, 5, 1, 0.14%, 8, 0, 10, 86.79
1733884405, 28, 39, 41, 3, 0, 0.14%, 8, 0, 10, 48.40
1733885113, 28, 40, 41, 2, 0, 0.14%, 8, 0, 10, 74.04
1733885240, 28, 40, 42, 3, 0, 0.14%, 8, 0, 11, 72.76
1733885291, 29, 41, 42, 2, 0, 0.14%, 8, 0, 11, 69.87
1733885419, 29, 41, 43, 3, 0, 0.14%, 8, 0, 12, 78.29
1733885501, 29, 42, 43, 3, 1, 0.14%, 8, 0, 12, 63.69
1733885805, 33, 33, 43, 2, 0, 0.14%, 8, 0, 12, 56.10
1733885810, 37, 36, 43, 1, 0, 0.14%, 8, 0, 12, 38.11
1733885820, 38, 37, 43, 0, 0, 0.14%, 8, 0, 12, 54.85
1733885825, 39, 37, 43, 0, 0, 0.14%, 8, 0, 12, 74.98
1733885835, 39, 42, 43, 0, 0, 0.14%, 8, 0, 12, 72.71
1733885841, 40, 10, 43, 0, 0, 0.14%, 8, 0, 12, 62.12
1733885846, 40, 16, 43, 0, 0, 0.14%, 8, 0, 12, 60.30
1733885871, 40, 37, 43, 0, 0, 0.14%, 8, 0, 12, 73.22
1733885902, 40, 42, 43, 0, 0, 0.14%, 8, 0, 12, 81.80
1733885912, 41, 10, 43, 0, 0, 0.14%, 8, 0, 12, 64.23
1733885917, 41, 37, 43, 0, 0, 0.14%, 8, 0, 12, 75.46
1733885943, 41, 42, 43, 0, 0, 0.14%, 8, 0, 12, 70.23
1733885974, 42, 42, 43, 0, 0, 0.14%, 8, 0, 12, 73.90
1733886004, 43, 42, 43, 0, 0, 0.14%, 8, 0, 12, 66.68
1733886040, 44, 26, 43, 0, 0, 0.14%, 8, 0, 12, 62.15
1733886045, 44, 42, 43, 0, 0, 0.14%, 8, 0, 12, 59.49
1733886080, 45, 16, 43, 0, 0, 0.14%, 8, 0, 12, 70.05
1733886116, 52, 31, 43, 0, 0, 0.14%, 8, 0, 12, 79.32
1733887914, 54, 16, 43, 0, 0, 0.14%, 8, 0, 12, 58.49
1733887950, 59, 26, 43, 0, 0, 0.14%, 8, 0, 12, 60.26
1733887970, 76, 30, 43, 0, 0, 0.14%, 8, 0, 12, 88.63
1733888265, 77, 26, 43, 0, 0, 0.14%, 8, 0, 12, 63.71
1733888301, 89, 18, 43, 0, 0, 0.14%, 8, 0, 12, 75.51
1733888336, 92, 35, 43, 0, 0, 0.14%, 8, 0, 12, 81.92
1733890130, 94, 21, 43, 0, 0, 0.14%, 8, 0, 12, 71.12
1733890182, 97, 10, 43, 0, 0, 0.14%, 8, 0, 12, 54.70
1733890187, 97, 26, 43, 0, 0, 0.14%, 8, 0, 12, 60.59
1733890222, 98, 34, 43, 0, 0, 0.14%, 8, 0, 12, 63.17
1733890227, 106, 18, 43, 0, 0, 0.14%, 8, 0, 12, 67.01
1733890242, 108, 26, 43, 0, 0, 0.14%, 8, 0, 12, 58.59
1733890278, 108, 34, 43, 0, 0, 0.14%, 8, 0, 12, 76.38
1733890298, 112, 28, 43, 0, 0, 0.14%, 8, 0, 12, 82.14
1733892098, 112, 34, 43, 0, 0, 0.14%, 8, 0, 12, 77.31
1733892134, 115, 33, 43, 0, 0, 0.14%, 8, 0, 12, 82.16
1733892428, 116, 10, 43, 0, 0, 0.14%, 8, 0, 12, 62.70
1733892443, 116, 18, 43, 0, 0, 0.14%, 8, 0, 12, 59.28
1733892463, 117, 10, 43, 0, 0, 0.14%, 8, 0, 12, 55.80
1733892488, 118, 10, 43, 0, 0, 0.14%, 8, 0, 12, 65.50
1733892519, 118, 34, 43, 0, 0, 0.14%, 8, 0, 12, 78.52
1733892555, 120, 15, 43, 0, 0, 0.14%, 8, 0, 12, 88.77
1733892580, 120, 18, 43, 0, 0, 0.14%, 8, 0, 12, 58.31
1733892605, 132, 11, 43, 0, 0, 0.14%, 8, 0, 12, 60.65
1733892615, 134, 10, 43, 0, 0, 0.14%, 8, 0, 12, 53.39
1733892646, 135, 26, 43, 0, 0, 0.14%, 8, 0, 12, 65.54
1733892687, 138, 21, 43, 0, 0, 0.14%, 8, 0, 12, 54.27
1733892692, 139, 15, 43, 0, 0, 0.14%, 8, 0, 12, 65.58
1733892697, 140, 38, 43, 0, 0, 0.14%, 8, 0, 12, 65.88
1733892702, 142, 15, 43, 0, 0, 0.14%, 8, 0, 12, 60.32
1733892717, 148, 26, 43, 0, 0, 0.14%, 8, 0, 12, 53.81
1733892753, 148, 30, 43, 0, 0, 0.14%, 8, 0, 12, 70.10
1733892758, 149, 21, 43, 0, 0, 0.14%, 8, 0, 12, 64.89
1733892768, 149, 41, 43, 0, 0, 0.14%, 8, 0, 12, 69.24
1733892773, 150, 18, 43, 0, 0, 0.14%, 8, 0, 12, 62.30
1733892808, 150, 21, 43, 0, 0, 0.14%, 8, 0, 12, 56.88
1733892823, 152, 11, 43, 0, 0, 0.14%, 8, 0, 12, 60.39
1733892839, 155, 20, 43, 0, 0, 0.14%, 8, 0, 12, 65.37
1733892890, 157, 15, 43, 0, 0, 0.14%, 8, 0, 12, 59.19
1733892915, 157, 41, 43, 0, 0, 0.14%, 8, 0, 12, 68.69
1733892930, 160, 33, 43, 0, 0, 0.14%, 8, 0, 12, 74.42
1733892935, 161, 30, 43, 0, 0, 0.14%, 8, 0, 12, 74.67
1733892956, 165, 28, 43, 0, 0, 0.14%, 8, 0, 12, 78.29
1733892961, 166, 19, 43, 0, 0, 0.14%, 8, 0, 12, 94.46
1733892986, 167, 33, 43, 0, 0, 0.14%, 8, 0, 12, 73.97
1733893007, 167, 41, 43, 0, 0, 0.14%, 8, 0, 12, 77.18
1733893042, 169, 13, 43, 0, 0, 0.14%, 8, 0, 12, 73.95
1733893114, 169, 21, 43, 0, 0, 0.14%, 8, 0, 12, 58.96
1733893150, 170, 11, 43, 0, 0, 0.14%, 8, 0, 12, 62.39
1733893170, 171, 33, 43, 0, 0, 0.14%, 8, 0, 12, 72.71
1733893205, 173, 15, 43, 0, 0, 0.14%, 8, 0, 12, 58.84
1733893241, 173, 26, 43, 0, 0, 0.14%, 8, 0, 12, 68.99
1733893281, 175, 15, 43, 0, 0, 0.14%, 8, 0, 12, 56.82
1733893322, 175, 34, 43, 0, 0, 0.14%, 8, 0, 12, 77.92
1733893353, 178, 15, 43, 0, 0, 0.14%, 8, 0, 12, 62.63
