# unix_time, cycles_done, cur_path, paths_total, pending_total, pending_favs, map_size, unique_crashes, unique_hangs, max_depth, execs_per_sec
1734407827, 0, 0, 10, 10, 1, 0.01%, 0, 0, 1, 35.67
1734407832, 0, 4, 10, 10, 1, 0.01%, 0, 0, 1, 36.77
1734407847, 1, 0, 10, 4, 0, 0.01%, 0, 0, 1, 44.76
1734407852, 1, 1, 10, 3, 0, 0.01%, 0, 0, 1, 45.77
1734407857, 1, 2, 10, 2, 0, 0.01%, 0, 0, 1, 43.59
1734407862, 1, 3, 10, 1, 0, 0.01%, 0, 0, 1, 45.09
1734407872, 1, 4, 10, 0, 0, 0.01%, 0, 0, 1, 44.34
1734407877, 1, 5, 10, 0, 0, 0.01%, 0, 0, 1, 42.69
1734407882, 1, 6, 10, 0, 0, 0.01%, 0, 0, 1, 46.79
1734407887, 1, 7, 10, 0, 0, 0.01%, 0, 0, 1, 45.07
1734407892, 1, 8, 10, 0, 0, 0.01%, 0, 0, 1, 45.77
1734407898, 1, 9, 10, 0, 0, 0.01%, 0, 0, 1, 45.46
1734407903, 2, 0, 10, 0, 0, 0.01%, 0, 0, 1, 45.85
1734407908, 2, 1, 10, 0, 0, 0.01%, 0, 0, 1, 43.39
1734407918, 2, 2, 10, 0, 0, 0.01%, 0, 0, 1, 46.13
1734407923, 2, 3, 10, 0, 0, 0.01%, 0, 0, 1, 43.54
1734407928, 2, 4, 10, 0, 0, 0.01%, 0, 0, 1, 45.76
1734407933, 2, 5, 10, 0, 0, 0.01%, 0, 0, 1, 46.24
1734407938, 2, 6, 10, 0, 0, 0.01%, 0, 0, 1, 45.50
1734407943, 2, 7, 10, 0, 0, 0.01%, 0, 0, 1, 43.96
1734407948, 2, 8, 10, 0, 0, 0.01%, 0, 0, 1, 42.77
1734407953, 2, 9, 10, 0, 0, 0.01%, 0, 0, 1, 46.19
1734407963, 3, 0, 10, 0, 0, 0.01%, 0, 0, 1, 45.82
1734407968, 3, 1, 10, 0, 0, 0.01%, 0, 0, 1, 43.51
1734407973, 3, 2, 10, 0, 0, 0.01%, 0, 0, 1, 43.66
1734407979, 3, 3, 10, 0, 0, 0.01%, 0, 0, 1, 44.34
1734407984, 3, 4, 10, 0, 0, 0.01%, 0, 0, 1, 47.07
1734407989, 3, 5, 10, 0, 0, 0.01%, 0, 0, 1, 44.85
1734407994, 3, 6, 10, 0, 0, 0.01%, 0, 0, 1, 44.80
1734407999, 3, 7, 10, 0, 0, 0.01%, 0, 0, 1, 44.22
1734408009, 3, 8, 10, 0, 0, 0.01%, 0, 0, 1, 44.50
1734408014, 3, 9, 10, 0, 0, 0.01%, 0, 0, 1, 43.58
1734408019, 4, 0, 10, 0, 0, 0.01%, 0, 0, 1, 44.25
1734408024, 4, 1, 10, 0, 0, 0.01%, 0, 0, 1, 43.91
1734408029, 4, 2, 10, 0, 0, 0.01%, 0, 0, 1, 45.10
1734408034, 4, 3, 10, 0, 0, 0.01%, 0, 0, 1, 45.16
1734408039, 4, 4, 10, 0, 0, 0.01%, 0, 0, 1, 43.27
1734408045, 4, 5, 10, 0, 0, 0.01%, 0, 0, 1, 45.72
1734408055, 4, 6, 10, 0, 0, 0.01%, 0, 0, 1, 46.49
1734408060, 4, 7, 10, 0, 0, 0.01%, 0, 0, 1, 44.40
1734408065, 4, 8, 10, 0, 0, 0.01%, 0, 0, 1, 44.45
1734408070, 4, 9, 10, 0, 0, 0.01%, 0, 0, 1, 43.69
1734408075, 5, 0, 10, 0, 0, 0.01%, 0, 0, 1, 44.51
1734408080, 5, 1, 10, 0, 0, 0.01%, 0, 0, 1, 42.80
1734408085, 5, 2, 10, 0, 0, 0.01%, 0, 0, 1, 45.22
1734408095, 5, 3, 10, 0, 0, 0.01%, 0, 0, 1, 45.96
1734408100, 5, 4, 10, 0, 0, 0.01%, 0, 0, 1, 44.15
1734408105, 5, 5, 10, 0, 0, 0.01%, 0, 0, 1, 45.80
1734408110, 5, 6, 10, 0, 0, 0.01%, 0, 0, 1, 45.35
1734408115, 5, 7, 10, 0, 0, 0.01%, 0, 0, 1, 45.03
1734408121, 5, 8, 10, 0, 0, 0.01%, 0, 0, 1, 45.16
1734408126, 5, 9, 10, 0, 0, 0.01%, 0, 0, 1, 46.76
1734408131, 6, 0, 10, 0, 0, 0.01%, 0, 0, 1, 45.84
1734408136, 6, 1, 10, 0, 0, 0.01%, 0, 0, 1, 43.13
1734408146, 6, 2, 10, 0, 0, 0.01%, 0, 0, 1, 44.82
1734408151, 6, 3, 10, 0, 0, 0.01%, 0, 0, 1, 46.71
1734408156, 6, 4, 10, 0, 0, 0.01%, 0, 0, 1, 45.27
1734408161, 6, 5, 10, 0, 0, 0.01%, 0, 0, 1, 45.49
1734408166, 6, 6, 10, 0, 0, 0.01%, 0, 0, 1, 45.59
1734408171, 6, 7, 10, 0, 0, 0.01%, 0, 0, 1, 45.32
1734408176, 6, 8, 10, 0, 0, 0.01%, 0, 0, 1, 44.51
1734408182, 6, 9, 10, 0, 0, 0.01%, 0, 0, 1, 44.09
1734408187, 7, 0, 10, 0, 0, 0.01%, 0, 0, 1, 45.88
1734408197, 7, 1, 10, 0, 0, 0.01%, 0, 0, 1, 45.02
1734408202, 7, 2, 10, 0, 0, 0.01%, 0, 0, 1, 43.68
1734408207, 7, 3, 10, 0, 0, 0.01%, 0, 0, 1, 44.20
1734408212, 7, 4, 10, 0, 0, 0.01%, 0, 0, 1, 46.71
1734408217, 7, 5, 10, 0, 0, 0.01%, 0, 0, 1, 45.11
1734408222, 7, 6, 10, 0, 0, 0.01%, 0, 0, 1, 46.12
1734408227, 7, 7, 10, 0, 0, 0.01%, 0, 0, 1, 45.38
1734408233, 7, 8, 10, 0, 0, 0.01%, 0, 0, 1, 45.75
1734408238, 7, 9, 10, 0, 0, 0.01%, 0, 0, 1, 45.66
1734408248, 8, 0, 10, 0, 0, 0.01%, 0, 0, 1, 44.40
1734408253, 8, 1, 10, 0, 0, 0.01%, 0, 0, 1, 45.00
1734408258, 8, 2, 10, 0, 0, 0.01%, 0, 0, 1, 47.18
1734408263, 8, 3, 10, 0, 0, 0.01%, 0, 0, 1, 45.35
1734408268, 8, 4, 10, 0, 0, 0.01%, 0, 0, 1, 46.18
1734408273, 8, 5, 10, 0, 0, 0.01%, 0, 0, 1, 46.54
1734408278, 8, 6, 10, 0, 0, 0.01%, 0, 0, 1, 45.57
1734408283, 8, 7, 10, 0, 0, 0.01%, 0, 0, 1, 44.79
1734408288, 8, 8, 10, 0, 0, 0.01%, 0, 0, 1, 44.66
1734408299, 8, 9, 10, 0, 0, 0.01%, 0, 0, 1, 44.42
1734408304, 9, 0, 10, 0, 0, 0.01%, 0, 0, 1, 44.47
1734408309, 9, 1, 10, 0, 0, 0.01%, 0, 0, 1, 46.65
1734408314, 9, 2, 10, 0, 0, 0.01%, 0, 0, 1, 44.99
1734408319, 9, 3, 10, 0, 0, 0.01%, 0, 0, 1, 43.88
1734408324, 9, 4, 10, 0, 0, 0.01%, 0, 0, 1, 44.32
1734408329, 9, 5, 10, 0, 0, 0.01%, 0, 0, 1, 43.98
1734408334, 9, 6, 10, 0, 0, 0.01%, 0, 0, 1, 45.15
1734408344, 9, 7, 10, 0, 0, 0.01%, 0, 0, 1, 43.46
1734408349, 9, 8, 10, 0, 0, 0.01%, 0, 0, 1, 43.50
1734408354, 9, 9, 10, 0, 0, 0.01%, 0, 0, 1, 45.48
1734408359, 10, 0, 10, 0, 0, 0.01%, 0, 0, 1, 45.05
1734408365, 10, 1, 10, 0, 0, 0.01%, 0, 0, 1, 44.77
1734408370, 10, 2, 10, 0, 0, 0.01%, 0, 0, 1, 43.75
1734408375, 10, 3, 10, 0, 0, 0.01%, 0, 0, 1, 44.09
1734408380, 10, 4, 10, 0, 0, 0.01%, 0, 0, 1, 45.79
1734408390, 10, 5, 10, 0, 0, 0.01%, 0, 0, 1, 44.79
1734408395, 10, 6, 10, 0, 0, 0.01%, 0, 0, 1, 42.78
1734408400, 10, 7, 10, 0, 0, 0.01%, 0, 0, 1, 43.40
1734408405, 10, 8, 10, 0, 0, 0.01%, 0, 0, 1, 44.33
1734408410, 10, 9, 10, 0, 0, 0.01%, 0, 0, 1, 44.56
1734408415, 11, 0, 10, 0, 0, 0.01%, 0, 0, 1, 45.10
1734408420, 11, 1, 10, 0, 0, 0.01%, 0, 0, 1, 45.45
1734408425, 11, 2, 10, 0, 0, 0.01%, 0, 0, 1, 46.40
1734408435, 11, 3, 10, 0, 0, 0.01%, 0, 0, 1, 44.59
1734408441, 11, 4, 10, 0, 0, 0.01%, 0, 0, 1, 44.00
1734408446, 11, 5, 10, 0, 0, 0.01%, 0, 0, 1, 45.09
1734408451, 11, 6, 10, 0, 0, 0.01%, 0, 0, 1, 43.81
1734408456, 11, 7, 10, 0, 0, 0.01%, 0, 0, 1, 43.86
1734408461, 11, 8, 10, 0, 0, 0.01%, 0, 0, 1, 46.30
1734408466, 11, 9, 10, 0, 0, 0.01%, 0, 0, 1, 47.85
1734408471, 12, 0, 10, 0, 0, 0.01%, 0, 0, 1, 44.71
1734408476, 12, 1, 10, 0, 0, 0.01%, 0, 0, 1, 48.27
1734408481, 12, 2, 10, 0, 0, 0.01%, 0, 0, 1, 44.95
1734408486, 12, 3, 10, 0, 0, 0.01%, 0, 0, 1, 49.00
1734408496, 12, 4, 10, 0, 0, 0.01%, 0, 0, 1, 49.83
1734408502, 12, 5, 10, 0, 0, 0.01%, 0, 0, 1, 47.84
1734408507, 12, 6, 10, 0, 0, 0.01%, 0, 0, 1, 46.62
1734408512, 12, 7, 10, 0, 0, 0.01%, 0, 0, 1, 45.05
1734408517, 12, 8, 10, 0, 0, 0.01%, 0, 0, 1, 46.45
1734408522, 12, 9, 10, 0, 0, 0.01%, 0, 0, 1, 47.65
1734408527, 13, 0, 10, 0, 0, 0.01%, 0, 0, 1, 47.20
1734408532, 13, 1, 10, 0, 0, 0.01%, 0, 0, 1, 47.04
1734408537, 13, 2, 10, 0, 0, 0.01%, 0, 0, 1, 46.15
1734408542, 13, 10, 11, 1, 1, 0.14%, 1, 0, 2, 45.35
1734408552, 13, 10, 12, 2, 1, 0.14%, 2, 0, 3, 53.28
1734408624, 13, 11, 12, 1, 1, 0.14%, 2, 0, 3, 60.17
1734408629, 13, 11, 13, 2, 1, 0.14%, 3, 0, 4, 66.57
1734408639, 13, 11, 14, 3, 1, 0.14%, 3, 0, 4, 51.49
1734408664, 13, 11, 15, 4, 1, 0.14%, 3, 0, 4, 52.81
1734408690, 13, 11, 16, 5, 1, 0.14%, 3, 0, 4, 49.80
1734408746, 13, 12, 16, 4, 2, 0.14%, 3, 0, 4, 48.48
1734408812, 13, 12, 17, 5, 2, 0.14%, 3, 0, 5, 50.88
1734408822, 13, 12, 18, 6, 2, 0.14%, 4, 0, 5, 49.70
1734408842, 13, 12, 19, 7, 2, 0.14%, 5, 0, 5, 51.36
1734408903, 13, 12, 21, 9, 2, 0.14%, 5, 0, 5, 47.17
1734408918, 13, 17, 21, 7, 2, 0.14%, 5, 0, 5, 86.35
1734408933, 13, 17, 23, 9, 2, 0.14%, 5, 0, 6, 54.67
1734408964, 13, 17, 24, 10, 2, 0.14%, 5, 0, 6, 54.56
1734409020, 13, 17, 25, 11, 2, 0.14%, 5, 0, 6, 58.03
1734409030, 13, 17, 26, 12, 2, 0.14%, 5, 0, 6, 66.96
1734409040, 13, 23, 26, 11, 2, 0.14%, 5, 0, 6, 93.14
1734409091, 13, 23, 27, 12, 2, 0.14%, 5, 0, 7, 58.51
1734409121, 13, 23, 28, 13, 2, 0.14%, 5, 0, 7, 60.60
1734409147, 13, 23, 29, 14, 2, 0.14%, 5, 0, 7, 56.62
1734409167, 13, 25, 29, 13, 2, 0.14%, 5, 0, 7, 72.75
1734409370, 13, 27, 30, 13, 2, 0.14%, 5, 0, 7, 62.86
1734409406, 13, 27, 31, 14, 2, 0.14%, 5, 0, 8, 62.56
1734409462, 13, 29, 31, 13, 2, 0.14%, 5, 0, 8, 50.78
1734409467, 14, 24, 31, 10, 0, 0.14%, 5, 0, 8, 78.97
1734409563, 14, 24, 32, 11, 0, 0.14%, 5, 0, 8, 65.66
1734409573, 14, 31, 32, 10, 1, 0.14%, 5, 0, 8, 57.04
1734409706, 14, 31, 33, 11, 1, 0.14%, 6, 0, 8, 104.91
1734410276, 16, 30, 33, 6, 0, 0.14%, 6, 0, 8, 60.94
1734410342, 16, 30, 35, 8, 0, 0.14%, 6, 0, 9, 58.70
1734410352, 16, 30, 36, 9, 0, 0.14%, 6, 0, 9, 63.45
1734410398, 16, 30, 37, 10, 0, 0.14%, 6, 0, 9, 66.54
1734410439, 16, 34, 37, 10, 1, 0.14%, 6, 0, 9, 82.91
1734410556, 16, 36, 37, 9, 0, 0.14%, 6, 0, 9, 50.84
1734410754, 18, 35, 37, 8, 0, 0.14%, 6, 0, 9, 85.56
1734410892, 18, 35, 38, 9, 0, 0.14%, 7, 0, 10, 88.57
1734410974, 19, 16, 38, 7, 1, 0.14%, 7, 0, 10, 86.25
1734411019, 19, 37, 38, 6, 1, 0.14%, 7, 0, 10, 57.67
1734411274, 20, 22, 38, 4, 0, 0.14%, 7, 0, 10, 54.64
1734411788, 21, 15, 38, 3, 0, 0.14%, 7, 0, 10, 73.20
1734411853, 21, 19, 38, 3, 0, 0.14%, 7, 0, 10, 88.72
1734411930, 21, 28, 38, 2, 0, 0.14%, 7, 0, 10, 66.48
1734412012, 24, 33, 38, 1, 0, 0.14%, 7, 0, 10, 44.79
1734412022, 26, 28, 38, 0, 0, 0.14%, 7, 0, 10, 37.41
1734412032, 27, 28, 38, 0, 0, 0.14%, 7, 0, 10, 69.30
1734412042, 28, 28, 38, 0, 0, 0.14%, 7, 0, 10, 69.50
1734412067, 29, 28, 38, 0, 0, 0.14%, 7, 0, 10, 77.80
1734412103, 30, 27, 38, 0, 0, 0.14%, 7, 0, 10, 72.84
1734412123, 30, 28, 38, 0, 0, 0.14%, 7, 0, 10, 73.92
1734412159, 31, 28, 38, 0, 0, 0.14%, 7, 0, 10, 72.25
1734412195, 32, 22, 38, 0, 0, 0.14%, 7, 0, 10, 66.39
1734412200, 32, 28, 38, 0, 0, 0.14%, 7, 0, 10, 71.02
1734412230, 33, 22, 38, 0, 0, 0.14%, 7, 0, 10, 72.11
1734412245, 33, 28, 38, 0, 0, 0.14%, 7, 0, 10, 71.35
1734412276, 34, 22, 38, 0, 0, 0.14%, 7, 0, 10, 67.93
1734412306, 34, 28, 38, 0, 0, 0.14%, 7, 0, 10, 70.42
1734412337, 35, 16, 38, 0, 0, 0.14%, 7, 0, 10, 65.34
1734412347, 35, 22, 38, 0, 0, 0.14%, 7, 0, 10, 73.53
1734412377, 35, 28, 38, 0, 0, 0.14%, 7, 0, 10, 71.36
1734412408, 36, 28, 38, 0, 0, 0.14%, 7, 0, 10, 79.68
1734412443, 46, 30, 38, 0, 0, 0.14%, 7, 0, 10, 71.54
1734412453, 52, 29, 38, 0, 0, 0.14%, 7, 0, 10, 110.31
1734412976, 68, 21, 38, 0, 0, 0.14%, 7, 0, 10, 77.72
1734413048, 71, 16, 38, 0, 0, 0.14%, 7, 0, 10, 70.16
1734413053, 71, 30, 38, 0, 0, 0.14%, 7, 0, 10, 69.55
1734413068, 72, 23, 38, 0, 0, 0.14%, 7, 0, 10, 72.01
1734413073, 73, 34, 38, 0, 0, 0.14%, 7, 0, 10, 69.29
1734413083, 77, 14, 38, 0, 0, 0.14%, 7, 0, 10, 85.92
1734413104, 77, 26, 38, 0, 0, 0.14%, 7, 0, 10, 94.44
1734413180, 78, 27, 38, 0, 0, 0.14%, 7, 0, 10, 65.07
1734413210, 80, 16, 38, 0, 0, 0.14%, 7, 0, 10, 65.70
1734413220, 82, 27, 38, 0, 0, 0.14%, 7, 0, 10, 67.26
1734413240, 85, 12, 38, 0, 0, 0.14%, 7, 0, 10, 73.31
1734413246, 86, 32, 38, 0, 0, 0.14%, 7, 0, 10, 88.45
1734413581, 94, 16, 38, 0, 0, 0.14%, 7, 0, 10, 65.64
1734413606, 96, 33, 38, 0, 0, 0.14%, 7, 0, 10, 109.81
1734415383, 99, 16, 38, 0, 0, 0.14%, 7, 0, 10, 67.86
1734415419, 101, 34, 38, 0, 0, 0.14%, 7, 0, 10, 77.96
1734415434, 108, 19, 38, 0, 0, 0.14%, 7, 0, 10, 79.03
1734415439, 109, 34, 38, 0, 0, 0.14%, 7, 0, 10, 68.74
1734415474, 110, 14, 38, 0, 0, 0.14%, 7, 0, 10, 65.51
1734415479, 111, 23, 38, 0, 0, 0.14%, 7, 0, 10, 69.01
1734415484, 112, 19, 38, 0, 0, 0.14%, 7, 0, 10, 78.06
1734415494, 114, 14, 38, 0, 0, 0.14%, 7, 0, 10, 65.80
1734415505, 114, 23, 38, 0, 0, 0.14%, 7, 0, 10, 74.16
1734415515, 116, 27, 38, 0, 0, 0.14%, 7, 0, 10, 65.66
1734415550, 120, 17, 38, 0, 0, 0.14%, 7, 0, 10, 68.93
1734415555, 122, 27, 38, 0, 0, 0.14%, 7, 0, 10, 67.34
1734415591, 123, 27, 38, 0, 0, 0.14%, 7, 0, 10, 72.68
1734415622, 126, 17, 38, 0, 0, 0.14%, 7, 0, 10, 69.66
1734415637, 128, 20, 38, 0, 0, 0.14%, 7, 0, 10, 89.64
1734415795, 131, 14, 38, 0, 0, 0.14%, 7, 0, 10, 69.88
1734415815, 132, 16, 38, 0, 0, 0.14%, 7, 0, 10, 62.51
1734415851, 134, 17, 38, 0, 0, 0.14%, 7, 0, 10, 60.23
1734415886, 135, 33, 38, 0, 0, 0.14%, 7, 0, 10, 75.25
1734415891, 137, 37, 38, 0, 0, 0.14%, 7, 0, 10, 72.35
1734415902, 138, 34, 38, 0, 0, 0.14%, 7, 0, 10, 75.44
1734415937, 139, 10, 38, 0, 0, 0.14%, 7, 0, 10, 75.65
1734415942, 140, 30, 38, 0, 0, 0.14%, 7, 0, 10, 72.47
1734415978, 141, 32, 38, 0, 0, 0.14%, 7, 0, 10, 68.92
1734415983, 144, 14, 38, 0, 0, 0.14%, 7, 0, 10, 66.65
1734416018, 145, 14, 38, 0, 0, 0.14%, 7, 0, 10, 60.68
1734416054, 147, 13, 38, 0, 0, 0.14%, 7, 0, 10, 79.81
1734416095, 150, 26, 38, 0, 0, 0.14%, 7, 0, 10, 61.83
1734416100, 152, 30, 38, 0, 0, 0.14%, 7, 0, 10, 67.01
1734416131, 153, 11, 38, 0, 0, 0.14%, 7, 0, 10, 74.71
1734416136, 153, 18, 38, 0, 0, 0.14%, 7, 0, 10, 84.35
1734416156, 155, 23, 38, 0, 0, 0.14%, 7, 0, 10, 67.17
1734416191, 156, 18, 38, 0, 0, 0.14%, 7, 0, 10, 64.37
1734416196, 157, 19, 38, 0, 0, 0.14%, 7, 0, 10, 66.18
1734416217, 157, 33, 38, 0, 0, 0.14%, 7, 0, 10, 80.25
1734416238, 161, 23, 38, 0, 0, 0.14%, 7, 0, 10, 68.87
1734416268, 163, 11, 38, 0, 0, 0.14%, 7, 0, 10, 63.26
1734416273, 163, 24, 38, 0, 0, 0.14%, 7, 0, 10, 59.04
1734416283, 167, 36, 38, 0, 0, 0.14%, 7, 0, 10, 74.92
1734416288, 168, 18, 38, 0, 0, 0.14%, 7, 0, 10, 76.43
1734416314, 168, 32, 38, 0, 0, 0.14%, 7, 0, 10, 73.23
1734416329, 170, 10, 38, 0, 0, 0.14%, 7, 0, 10, 62.61
1734416334, 170, 16, 38, 0, 0, 0.14%, 7, 0, 10, 67.77
1734416370, 173, 27, 38, 0, 0, 0.14%, 7, 0, 10, 71.22
1734416405, 175, 16, 38, 0, 0, 0.14%, 7, 0, 10, 65.36
1734416441, 175, 36, 38, 0, 0, 0.14%, 7, 0, 10, 80.73
1734416461, 177, 26, 38, 0, 0, 0.14%, 7, 0, 10, 69.95
1734416471, 178, 34, 38, 0, 0, 0.14%, 7, 0, 10, 74.09
1734416502, 179, 26, 38, 0, 0, 0.14%, 7, 0, 10, 65.74
1734416537, 179, 35, 38, 0, 0, 0.14%, 7, 0, 10, 72.62
1734416542, 180, 12, 38, 0, 0, 0.14%, 7, 0, 10, 71.90
1734416547, 180, 37, 38, 0, 0, 0.14%, 7, 0, 10, 71.44
1734416578, 181, 16, 38, 0, 0, 0.14%, 7, 0, 10, 70.37
1734416613, 182, 21, 38, 0, 0, 0.14%, 7, 0, 10, 64.58
1734416618, 183, 17, 38, 0, 0, 0.14%, 7, 0, 10, 71.16
1734416654, 186, 10, 38, 0, 0, 0.14%, 7, 0, 10, 62.74
1734416664, 186, 23, 38, 0, 0, 0.14%, 7, 0, 10, 66.82
1734416699, 187, 10, 38, 0, 0, 0.14%, 7, 0, 10, 60.52
1734416715, 187, 18, 38, 0, 0, 0.14%, 7, 0, 10, 69.16
1734416750, 187, 30, 38, 0, 0, 0.14%, 7, 0, 10, 74.98
1734416781, 188, 37, 38, 0, 0, 0.14%, 7, 0, 10, 78.10
1734416811, 189, 10, 38, 0, 0, 0.14%, 7, 0, 10, 66.81
1734416847, 189, 14, 38, 0, 0, 0.14%, 7, 0, 10, 69.24
1734416882, 189, 36, 38, 0, 0, 0.14%, 7, 0, 10, 65.52
1734416918, 189, 37, 38, 0, 0, 0.14%, 7, 0, 10, 80.27
1734416948, 191, 24, 38, 0, 0, 0.14%, 7, 0, 10, 72.98
1734416969, 191, 32, 38, 0, 0, 0.14%, 7, 0, 10, 76.43
1734416999, 192, 17, 38, 0, 0, 0.14%, 7, 0, 10, 62.90
1734417034, 192, 36, 38, 0, 0, 0.14%, 7, 0, 10, 80.12
1734417065, 193, 35, 38, 0, 0, 0.14%, 7, 0, 10, 83.47
1734417080, 193, 36, 38, 0, 0, 0.14%, 7, 0, 10, 77.96
1734417116, 195, 20, 38, 0, 0, 0.14%, 7, 0, 10, 72.71
1734417121, 195, 35, 38, 0, 0, 0.14%, 7, 0, 10, 70.06
1734417156, 196, 12, 38, 0, 0, 0.14%, 7, 0, 10, 64.85
1734417161, 196, 24, 38, 0, 0, 0.14%, 7, 0, 10, 65.02
1734417197, 197, 11, 38, 0, 0, 0.14%, 7, 0, 10, 65.94
1734417207, 197, 12, 38, 0, 0, 0.14%, 7, 0, 10, 65.73
1734417232, 197, 32, 38, 0, 0, 0.14%, 7, 0, 10, 71.20
1734417267, 198, 13, 38, 0, 0, 0.14%, 7, 0, 10, 74.59
1734417277, 198, 33, 38, 0, 0, 0.14%, 7, 0, 10, 87.58
1734417308, 199, 11, 38, 0, 0, 0.14%, 7, 0, 10, 63.76
1734417328, 199, 30, 38, 0, 0, 0.14%, 7, 0, 10, 67.26
1734417364, 201, 18, 38, 0, 0, 0.14%, 7, 0, 10, 64.26
1734417399, 202, 15, 38, 0, 0, 0.14%, 7, 0, 10, 68.82
1734417404, 202, 25, 38, 0, 0, 0.14%, 7, 0, 10, 70.73
1734417409, 202, 33, 38, 0, 0, 0.14%, 7, 0, 10, 92.39
1734417440, 203, 16, 38, 0, 0, 0.14%, 7, 0, 10, 64.13
1734417475, 204, 10, 38, 0, 0, 0.14%, 7, 0, 10, 70.22
1734417511, 204, 37, 38, 0, 0, 0.14%, 7, 0, 10, 72.66
1734417541, 205, 16, 38, 0, 0, 0.14%, 7, 0, 10, 69.13
1734417577, 205, 18, 38, 0, 0, 0.14%, 7, 0, 10, 66.92
1734417613, 205, 21, 38, 0, 0, 0.14%, 7, 0, 10, 67.90
1734417623, 205, 30, 38, 0, 0, 0.14%, 7, 0, 10, 73.48
1734417658, 206, 33, 38, 0, 0, 0.14%, 7, 0, 10, 98.90
1734417684, 207, 21, 38, 0, 0, 0.14%, 7, 0, 10, 69.76
1734417719, 207, 35, 38, 0, 0, 0.14%, 7, 0, 10, 84.08
1734417750, 208, 16, 38, 0, 0, 0.14%, 7, 0, 10, 65.94
1734417786, 209, 10, 38, 0, 0, 0.14%, 7, 0, 10, 61.22
1734417821, 209, 14, 38, 0, 0, 0.14%, 7, 0, 10, 66.52
1734417852, 209, 27, 38, 0, 0, 0.14%, 7, 0, 10, 71.05
1734417882, 210, 19, 38, 0, 0, 0.14%, 7, 0, 10, 77.77
1734417918, 210, 24, 38, 0, 0, 0.14%, 7, 0, 10, 71.33
1734417953, 211, 27, 38, 0, 0, 0.14%, 7, 0, 10, 69.65
1734417983, 211, 33, 38, 0, 0, 0.14%, 7, 0, 10, 78.69
1734418014, 213, 20, 38, 0, 0, 0.14%, 7, 0, 10, 77.08
1734418019, 214, 17, 38, 0, 0, 0.14%, 7, 0, 10, 66.88
1734418054, 214, 21, 38, 0, 0, 0.14%, 7, 0, 10, 73.01
1734418090, 215, 20, 38, 0, 0, 0.14%, 7, 0, 10, 67.31
1734418110, 216, 32, 38, 0, 0, 0.14%, 7, 0, 10, 73.08
1734418141, 217, 26, 38, 0, 0, 0.14%, 7, 0, 10, 63.11
1734418181, 219, 17, 38, 0, 0, 0.14%, 7, 0, 10, 61.64
1734418217, 219, 34, 38, 0, 0, 0.14%, 7, 0, 10, 72.64
1734418247, 220, 11, 38, 0, 0, 0.14%, 7, 0, 10, 69.08
1734418278, 221, 19, 38, 0, 0, 0.14%, 7, 0, 10, 80.87
1734418313, 223, 16, 38, 0, 0, 0.14%, 7, 0, 10, 63.79
1734418344, 223, 21, 38, 0, 0, 0.14%, 7, 0, 10, 75.56
1734418380, 223, 33, 38, 0, 0, 0.14%, 7, 0, 10, 78.91
1734418410, 225, 19, 38, 0, 0, 0.14%, 7, 0, 10, 65.62
1734418441, 225, 20, 38, 0, 0, 0.14%, 7, 0, 10, 80.11
1734418476, 226, 33, 38, 0, 0, 0.14%, 7, 0, 10, 89.97
1734418507, 227, 13, 38, 0, 0, 0.14%, 7, 0, 10, 69.39
1734418532, 227, 35, 38, 0, 0, 0.14%, 7, 0, 10, 86.03
1734418562, 229, 11, 38, 0, 0, 0.14%, 7, 0, 10, 65.29
1734418593, 229, 24, 38, 0, 0, 0.14%, 7, 0, 10, 73.36
1734418628, 230, 12, 38, 0, 0, 0.14%, 7, 0, 10, 64.13
1734418664, 230, 30, 38, 0, 0, 0.14%, 7, 0, 10, 73.08
1734418694, 231, 34, 38, 0, 0, 0.14%, 7, 0, 10, 72.93
1734418730, 233, 11, 38, 0, 0, 0.14%, 7, 0, 10, 63.95
1734418765, 233, 21, 38, 0, 0, 0.14%, 7, 0, 10, 60.04
1734418801, 233, 31, 38, 0, 0, 0.14%, 7, 0, 10, 65.43
1734418806, 234, 19, 38, 0, 0, 0.14%, 7, 0, 10, 71.24
1734418841, 235, 23, 38, 0, 0, 0.14%, 7, 0, 10, 64.45
1734418877, 236, 12, 38, 0, 0, 0.14%, 7, 0, 10, 66.62
1734418907, 236, 15, 38, 0, 0, 0.14%, 7, 0, 10, 69.86
1734418922, 236, 26, 38, 0, 0, 0.14%, 7, 0, 10, 72.91
1734418953, 236, 37, 38, 0, 0, 0.14%, 7, 0, 10, 85.46
1734418983, 237, 13, 38, 0, 0, 0.14%, 7, 0, 10, 68.75
1734419019, 238, 18, 38, 0, 0, 0.14%, 7, 0, 10, 61.56
1734419055, 239, 13, 38, 0, 0, 0.14%, 7, 0, 10, 67.54
1734419090, 240, 35, 38, 0, 0, 0.14%, 7, 0, 10, 87.52
1734419120, 242, 20, 38, 0, 0, 0.14%, 7, 0, 10, 71.01
1734419156, 246, 20, 38, 0, 0, 0.14%, 7, 0, 10, 70.38
1734419186, 247, 34, 38, 0, 0, 0.14%, 7, 0, 10, 67.48
1734419222, 248, 36, 38, 0, 0, 0.14%, 7, 0, 10, 77.17
1734419252, 250, 25, 38, 0, 0, 0.14%, 7, 0, 10, 81.97
1734419262, 254, 26, 38, 0, 0, 0.14%, 7, 0, 10, 72.58
1734419293, 255, 11, 38, 0, 0, 0.14%, 7, 0, 10, 67.47
1734419328, 255, 20, 38, 0, 0, 0.14%, 7, 0, 10, 66.48
1734419359, 258, 15, 38, 0, 0, 0.14%, 7, 0, 10, 61.89
1734419384, 259, 35, 38, 0, 0, 0.14%, 7, 0, 10, 78.08
1734419415, 262, 12, 38, 0, 0, 0.14%, 7, 0, 10, 67.37
1734419445, 263, 12, 38, 0, 0, 0.14%, 7, 0, 10, 70.90
1734419481, 264, 36, 38, 0, 0, 0.14%, 7, 0, 10, 77.19
1734419516, 265, 17, 38, 0, 0, 0.14%, 7, 0, 10, 66.42
1734419547, 265, 34, 38, 0, 0, 0.14%, 7, 0, 10, 81.59
1734419583, 266, 27, 38, 0, 0, 0.14%, 7, 0, 10, 76.68
1734419618, 267, 26, 38, 0, 0, 0.14%, 7, 0, 10, 64.61
1734419649, 268, 37, 38, 0, 0, 0.14%, 7, 0, 10, 75.99
1734419684, 271, 25, 38, 0, 0, 0.14%, 7, 0, 10, 77.93
1734419700, 271, 35, 38, 0, 0, 0.14%, 7, 0, 10, 86.89
1734419730, 272, 17, 38, 0, 0, 0.14%, 7, 0, 10, 72.00
1734419765, 272, 23, 38, 0, 0, 0.14%, 7, 0, 10, 67.44
1734419796, 273, 21, 38, 0, 0, 0.14%, 7, 0, 10, 61.98
1734419831, 273, 31, 38, 0, 0, 0.14%, 7, 0, 10, 63.56
1734419846, 274, 31, 38, 0, 0, 0.14%, 7, 0, 10, 75.19
1734419872, 279, 14, 38, 0, 0, 0.14%, 7, 0, 10, 60.11
1734419897, 279, 27, 38, 0, 0, 0.14%, 7, 0, 10, 75.28
1734419933, 280, 30, 38, 0, 0, 0.14%, 7, 0, 10, 78.55
1734419964, 281, 15, 38, 0, 0, 0.14%, 7, 0, 10, 65.54
1734419999, 282, 12, 38, 0, 0, 0.14%, 7, 0, 10, 57.80
1734420035, 282, 13, 38, 0, 0, 0.14%, 7, 0, 10, 70.96
1734420070, 287, 14, 38, 0, 0, 0.14%, 7, 0, 10, 65.98
1734420096, 288, 18, 38, 0, 0, 0.14%, 7, 0, 10, 73.38
1734420131, 289, 21, 38, 0, 0, 0.14%, 7, 0, 10, 65.11
1734420166, 290, 21, 38, 0, 0, 0.14%, 7, 0, 10, 59.91
1734420202, 290, 27, 38, 0, 0, 0.14%, 7, 0, 10, 75.44
1734420233, 290, 33, 38, 0, 0, 0.14%, 7, 0, 10, 82.98
1734420263, 295, 27, 38, 0, 0, 0.14%, 7, 0, 10, 71.91
1734420299, 298, 31, 38, 0, 0, 0.14%, 7, 0, 10, 65.80
1734420335, 299, 26, 38, 0, 0, 0.14%, 7, 0, 10, 69.72
1734420370, 299, 33, 38, 0, 0, 0.14%, 7, 0, 10, 89.38
1734420395, 301, 30, 38, 0, 0, 0.14%, 7, 0, 10, 81.66
1734420431, 303, 18, 38, 0, 0, 0.14%, 7, 0, 10, 62.54
1734420466, 304, 31, 38, 0, 0, 0.14%, 7, 0, 10, 70.43
1734420497, 306, 25, 38, 0, 0, 0.14%, 7, 0, 10, 71.31
1734420527, 307, 25, 38, 0, 0, 0.14%, 7, 0, 10, 78.65
1734420558, 310, 36, 38, 0, 0, 0.14%, 7, 0, 10, 71.10
1734420588, 313, 26, 38, 0, 0, 0.14%, 7, 0, 10, 77.70
1734420624, 314, 23, 38, 0, 0, 0.14%, 7, 0, 10, 69.10
1734420659, 316, 34, 38, 0, 0, 0.14%, 7, 0, 10, 77.13
1734420690, 316, 36, 38, 0, 0, 0.14%, 7, 0, 10, 74.82
1734420720, 319, 34, 38, 0, 0, 0.14%, 7, 0, 10, 78.86
1734420756, 322, 23, 38, 0, 0, 0.14%, 7, 0, 10, 67.52
1734420786, 322, 26, 38, 0, 0, 0.14%, 7, 0, 10, 73.85
1734420817, 325, 27, 38, 0, 0, 0.14%, 7, 0, 10, 72.36
1734420852, 327, 25, 38, 0, 0, 0.14%, 7, 0, 10, 79.05
1734420883, 328, 15, 38, 0, 0, 0.14%, 7, 0, 10, 72.96
1734420913, 328, 31, 38, 0, 0, 0.14%, 7, 0, 10, 75.36
1734420949, 329, 25, 38, 0, 0, 0.14%, 7, 0, 10, 80.52
1734420979, 331, 26, 38, 0, 0, 0.14%, 7, 0, 10, 70.42
1734421015, 331, 30, 38, 0, 0, 0.14%, 7, 0, 10, 70.72
1734421045, 332, 26, 38, 0, 0, 0.14%, 7, 0, 10, 66.42
1734421081, 333, 25, 38, 0, 0, 0.14%, 7, 0, 10, 74.74
1734421116, 333, 27, 38, 0, 0, 0.14%, 7, 0, 10, 64.87
1734421122, 334, 12, 38, 0, 0, 0.14%, 7, 0, 10, 63.43
1734421157, 334, 15, 38, 0, 0, 0.14%, 7, 0, 10, 71.43
1734421187, 335, 26, 38, 0, 0, 0.14%, 7, 0, 10, 70.43
1734421192, 336, 15, 38, 0, 0, 0.14%, 7, 0, 10, 67.38
1734421228, 340, 29, 38, 0, 0, 0.14%, 7, 0, 10, 69.84
1734421233, 346, 12, 38, 0, 0, 0.14%, 7, 0, 10, 65.76
1734421269, 351, 36, 38, 0, 0, 0.14%, 7, 0, 10, 84.69
1734421299, 352, 26, 38, 0, 0, 0.14%, 7, 0, 10, 72.04
1734421304, 357, 29, 38, 0, 0, 0.14%, 7, 0, 10, 76.23
1734421320, 364, 36, 38, 0, 0, 0.14%, 7, 0, 10, 78.39
1734421350, 368, 30, 38, 0, 0, 0.14%, 7, 0, 10, 67.09
1734421386, 372, 26, 38, 0, 0, 0.14%, 7, 0, 10, 72.34
1734421391, 384, 29, 38, 0, 0, 0.14%, 7, 0, 10, 80.90
1734421417, 385, 26, 38, 0, 0, 0.14%, 7, 0, 10, 75.30
1734421422, 390, 26, 38, 0, 0, 0.14%, 7, 0, 10, 66.96
1734421427, 396, 29, 38, 0, 0, 0.14%, 7, 0, 10, 71.67
1734421462, 397, 30, 38, 0, 0, 0.14%, 7, 0, 10, 71.63
1734421467, 398, 27, 38, 0, 0, 0.14%, 7, 0, 10, 74.92
1734421473, 400, 26, 38, 0, 0, 0.14%, 7, 0, 10, 70.27
1734421483, 403, 26, 38, 0, 0, 0.14%, 7, 0, 10, 63.89
1734421488, 408, 30, 38, 0, 0, 0.14%, 7, 0, 10, 75.24
1734421498, 409, 27, 38, 0, 0, 0.14%, 7, 0, 10, 73.05
1734421503, 431, 27, 38, 0, 0, 0.14%, 7, 0, 10, 71.98
1734421508, 450, 29, 38, 0, 0, 0.14%, 7, 0, 10, 75.71
1734421539, 451, 30, 38, 0, 0, 0.14%, 7, 0, 10, 72.67
1734421549, 462, 26, 38, 0, 0, 0.14%, 7, 0, 10, 69.53
1734421559, 464, 27, 38, 0, 0, 0.14%, 7, 0, 10, 66.43
1734421564, 466, 26, 38, 0, 0, 0.14%, 7, 0, 10, 68.62
1734421569, 472, 30, 38, 0, 0, 0.14%, 7, 0, 10, 70.45
1734421579, 484, 27, 38, 0, 0, 0.14%, 7, 0, 10, 73.58
1734421584, 485, 27, 38, 0, 0, 0.14%, 7, 0, 10, 73.94
1734421589, 486, 26, 38, 0, 0, 0.14%, 7, 0, 10, 67.81
1734421599, 486, 30, 38, 0, 0, 0.14%, 7, 0, 10, 73.35
1734421604, 490, 30, 38, 0, 0, 0.14%, 7, 0, 10, 68.83
1734421614, 500, 30, 38, 0, 0, 0.14%, 7, 0, 10, 72.62
1734421625, 505, 27, 38, 0, 0, 0.14%, 7, 0, 10, 70.94
1734421630, 508, 30, 38, 0, 0, 0.14%, 7, 0, 10, 74.54
1734421640, 527, 26, 38, 0, 0, 0.14%, 7, 0, 10, 66.64
1734421645, 532, 26, 38, 0, 0, 0.14%, 7, 0, 10, 62.41
1734421655, 544, 26, 38, 0, 0, 0.14%, 7, 0, 10, 69.71
1734421660, 546, 30, 38, 0, 0, 0.14%, 7, 0, 10, 71.79
1734421670, 554, 26, 38, 0, 0, 0.14%, 7, 0, 10, 67.79
1734421675, 566, 26, 38, 0, 0, 0.14%, 7, 0, 10, 68.99
1734421680, 571, 27, 38, 0, 0, 0.14%, 7, 0, 10, 68.74
1734421685, 572, 26, 38, 0, 0, 0.14%, 7, 0, 10, 69.17
1734421691, 578, 27, 38, 0, 0, 0.14%, 7, 0, 10, 69.67
1734421701, 578, 30, 38, 0, 0, 0.14%, 7, 0, 10, 70.97
1734421711, 582, 30, 38, 0, 0, 0.14%, 7, 0, 10, 66.39
1734421721, 593, 26, 38, 0, 0, 0.14%, 7, 0, 10, 68.86
1734421726, 596, 30, 38, 0, 0, 0.14%, 7, 0, 10, 67.76
1734421736, 613, 26, 38, 0, 0, 0.14%, 7, 0, 10, 71.37
1734421741, 622, 26, 38, 0, 0, 0.14%, 7, 0, 10, 71.07
1734421746, 622, 27, 38, 0, 0, 0.14%, 7, 0, 10, 69.71
1734421751, 636, 27, 38, 0, 0, 0.14%, 7, 0, 10, 68.89
1734421762, 637, 26, 38, 0, 0, 0.14%, 7, 0, 10, 66.40
1734421767, 644, 27, 38, 0, 0, 0.14%, 7, 0, 10, 69.24
1734421772, 650, 30, 38, 0, 0, 0.14%, 7, 0, 10, 71.08
1734421782, 661, 27, 38, 0, 0, 0.14%, 7, 0, 10, 68.81
1734421787, 663, 26, 38, 0, 0, 0.14%, 7, 0, 10, 68.82
1734421792, 668, 26, 38, 0, 0, 0.14%, 7, 0, 10, 66.74
1734421797, 673, 27, 38, 0, 0, 0.14%, 7, 0, 10, 62.78
1734421807, 675, 30, 38, 0, 0, 0.14%, 7, 0, 10, 70.07
1734421817, 681, 27, 38, 0, 0, 0.14%, 7, 0, 10, 65.85
1734421822, 684, 26, 38, 0, 0, 0.14%, 7, 0, 10, 66.24
1734421827, 687, 30, 38, 0, 0, 0.14%, 7, 0, 10, 69.39
1734421838, 690, 30, 38, 0, 0, 0.14%, 7, 0, 10, 68.36
1734421848, 696, 26, 38, 0, 0, 0.14%, 7, 0, 10, 68.14
1734421853, 699, 30, 38, 0, 0, 0.14%, 7, 0, 10, 70.16
1734421863, 703, 26, 38, 0, 0, 0.14%, 7, 0, 10, 66.28
1734421868, 712, 27, 38, 0, 0, 0.14%, 7, 0, 10, 70.82
1734421873, 720, 26, 38, 0, 0, 0.14%, 7, 0, 10, 66.19
1734421883, 736, 30, 38, 0, 0, 0.14%, 7, 0, 10, 72.64
1734421888, 742, 30, 38, 0, 0, 0.14%, 7, 0, 10, 70.88
1734421898, 755, 30, 38, 0, 0, 0.14%, 7, 0, 10, 68.34
1734421908, 758, 26, 38, 0, 0, 0.14%, 7, 0, 10, 67.16
1734421913, 759, 27, 38, 0, 0, 0.14%, 7, 0, 10, 72.07
1734421923, 760, 27, 38, 0, 0, 0.14%, 7, 0, 10, 67.27
1734421929, 769, 26, 38, 0, 0, 0.14%, 7, 0, 10, 66.30
1734421934, 770, 27, 38, 0, 0, 0.14%, 7, 0, 10, 71.03
1734421939, 778, 27, 38, 0, 0, 0.14%, 7, 0, 10, 73.63
1734421949, 797, 30, 38, 0, 0, 0.14%, 7, 0, 10, 64.66
1734421959, 805, 30, 38, 0, 0, 0.14%, 7, 0, 10, 70.64
1734421964, 815, 26, 38, 0, 0, 0.14%, 7, 0, 10, 67.68
1734421974, 836, 26, 38, 0, 0, 0.14%, 7, 0, 10, 69.37
1734421979, 837, 27, 38, 0, 0, 0.14%, 7, 0, 10, 71.20
1734421984, 840, 27, 38, 0, 0, 0.14%, 7, 0, 10, 73.80
1734421989, 861, 30, 38, 0, 0, 0.14%, 7, 0, 10, 73.08
1734422000, 868, 26, 38, 0, 0, 0.14%, 7, 0, 10, 65.14
1734422005, 872, 27, 38, 0, 0, 0.14%, 7, 0, 10, 66.62
1734422015, 873, 27, 38, 0, 0, 0.14%, 7, 0, 10, 71.59
1734422020, 887, 30, 38, 0, 0, 0.14%, 7, 0, 10, 73.08
1734422030, 890, 30, 38, 0, 0, 0.14%, 7, 0, 10, 71.20
1734422035, 896, 30, 38, 0, 0, 0.14%, 7, 0, 10, 76.83
1734422045, 898, 30, 38, 0, 0, 0.14%, 7, 0, 10, 69.46
1734422056, 913, 26, 38, 0, 0, 0.14%, 7, 0, 10, 67.87
1734422061, 914, 30, 38, 0, 0, 0.14%, 7, 0, 10, 68.51
1734422071, 918, 27, 38, 0, 0, 0.14%, 7, 0, 10, 67.13
1734422081, 946, 26, 38, 0, 0, 0.14%, 7, 0, 10, 64.71
1734422086, 960, 27, 38, 0, 0, 0.14%, 7, 0, 10, 66.24
1734422091, 975, 26, 38, 0, 0, 0.14%, 7, 0, 10, 63.22
1734422101, 992, 26, 38, 0, 0, 0.14%, 7, 0, 10, 71.49
1734422106, 997, 30, 38, 0, 0, 0.14%, 7, 0, 10, 69.07
1734422117, 1004, 30, 38, 0, 0, 0.14%, 7, 0, 10, 73.00
1734422122, 1007, 26, 38, 0, 0, 0.14%, 7, 0, 10, 74.00
1734422132, 1021, 27, 38, 0, 0, 0.14%, 7, 0, 10, 70.61
1734422137, 1022, 30, 38, 0, 0, 0.14%, 7, 0, 10, 71.10
1734422147, 1048, 27, 38, 0, 0, 0.14%, 7, 0, 10, 68.33
1734422152, 1061, 27, 38, 0, 0, 0.14%, 7, 0, 10, 72.30
1734422157, 1074, 26, 38, 0, 0, 0.14%, 7, 0, 10, 72.90
1734422162, 1102, 30, 38, 0, 0, 0.14%, 7, 0, 10, 67.71
1734422172, 1120, 27, 38, 0, 0, 0.14%, 7, 0, 10, 73.61
1734422177, 1125, 27, 38, 0, 0, 0.14%, 7, 0, 10, 67.86
1734422187, 1137, 30, 38, 0, 0, 0.14%, 7, 0, 10, 72.14
1734422197, 1138, 30, 38, 0, 0, 0.14%, 7, 0, 10, 68.69
1734422203, 1149, 30, 38, 0, 0, 0.14%, 7, 0, 10, 71.59
1734422213, 1160, 27, 38, 0, 0, 0.14%, 7, 0, 10, 67.56
1734422223, 1177, 30, 38, 0, 0, 0.14%, 7, 0, 10, 64.24
1734422228, 1178, 30, 38, 0, 0, 0.14%, 7, 0, 10, 62.96
1734422238, 1201, 30, 38, 0, 0, 0.14%, 7, 0, 10, 69.16
1734422248, 1204, 30, 38, 0, 0, 0.14%, 7, 0, 10, 69.99
1734422258, 1210, 27, 38, 0, 0, 0.14%, 7, 0, 10, 70.77
1734422263, 1215, 30, 38, 0, 0, 0.14%, 7, 0, 10, 69.30
1734422273, 1236, 27, 38, 0, 0, 0.14%, 7, 0, 10, 73.01
1734422278, 1251, 27, 38, 0, 0, 0.14%, 7, 0, 10, 64.69
1734422289, 1255, 30, 38, 0, 0, 0.14%, 7, 0, 10, 64.69
1734422299, 1256, 27, 38, 0, 0, 0.14%, 7, 0, 10, 68.69
1734422304, 1259, 27, 38, 0, 0, 0.14%, 7, 0, 10, 70.12
1734422309, 1265, 27, 38, 0, 0, 0.14%, 7, 0, 10, 72.94
1734422314, 1276, 27, 38, 0, 0, 0.14%, 7, 0, 10, 76.51
1734422319, 1301, 30, 38, 0, 0, 0.14%, 7, 0, 10, 73.24
1734422329, 1311, 30, 38, 0, 0, 0.14%, 7, 0, 10, 67.97
1734422340, 1328, 27, 38, 0, 0, 0.14%, 7, 0, 10, 70.77
1734422345, 1341, 27, 38, 0, 0, 0.14%, 7, 0, 10, 77.86
1734422350, 1341, 30, 38, 0, 0, 0.14%, 7, 0, 10, 72.00
1734422360, 1342, 27, 38, 0, 0, 0.14%, 7, 0, 10, 70.20
1734422365, 1348, 30, 38, 0, 0, 0.14%, 7, 0, 10, 69.55
1734422375, 1371, 27, 38, 0, 0, 0.14%, 7, 0, 10, 69.95
1734422385, 1379, 30, 38, 0, 0, 0.14%, 7, 0, 10, 67.14
1734422395, 1406, 27, 38, 0, 0, 0.14%, 7, 0, 10, 73.76
1734422401, 1406, 30, 38, 0, 0, 0.14%, 7, 0, 10, 71.52
1734422411, 1442, 30, 38, 0, 0, 0.14%, 7, 0, 10, 69.93
1734422421, 1444, 27, 38, 0, 0, 0.14%, 7, 0, 10, 67.14
1734422426, 1456, 30, 38, 0, 0, 0.14%, 7, 0, 10, 69.89
1734422436, 1472, 27, 38, 0, 0, 0.14%, 7, 0, 10, 65.35
1734422441, 1490, 30, 38, 0, 0, 0.14%, 7, 0, 10, 70.85
1734422452, 1495, 30, 38, 0, 0, 0.14%, 7, 0, 10, 69.27
1734422462, 1498, 27, 38, 0, 0, 0.14%, 7, 0, 10, 70.67
1734422467, 1509, 27, 38, 0, 0, 0.14%, 7, 0, 10, 71.70
1734422472, 1510, 30, 38, 0, 0, 0.14%, 7, 0, 10, 68.48
1734422482, 1517, 27, 38, 0, 0, 0.14%, 7, 0, 10, 70.94
1734422487, 1539, 30, 38, 0, 0, 0.14%, 7, 0, 10, 67.41
1734422497, 1559, 30, 38, 0, 0, 0.14%, 7, 0, 10, 73.25
1734422508, 1564, 30, 38, 0, 0, 0.14%, 7, 0, 10, 73.84
1734422518, 1587, 30, 38, 0, 0, 0.14%, 7, 0, 10, 69.08
1734422528, 1596, 30, 38, 0, 0, 0.14%, 7, 0, 10, 67.71
1734422538, 1604, 30, 38, 0, 0, 0.14%, 7, 0, 10, 69.04
1734422543, 1625, 30, 38, 0, 0, 0.14%, 7, 0, 10, 67.80
1734422553, 1649, 30, 38, 0, 0, 0.14%, 7, 0, 10, 60.43
1734422563, 1655, 30, 38, 0, 0, 0.14%, 7, 0, 10, 69.29
1734422573, 1663, 27, 38, 0, 0, 0.14%, 7, 0, 10, 68.05
1734422579, 1687, 27, 38, 0, 0, 0.14%, 7, 0, 10, 66.05
1734422589, 1738, 27, 38, 0, 0, 0.14%, 7, 0, 10, 65.94
1734422594, 1755, 27, 38, 0, 0, 0.14%, 7, 0, 10, 67.93
1734422599, 1771, 27, 38, 0, 0, 0.14%, 7, 0, 10, 67.42
1734422609, 1774, 27, 38, 0, 0, 0.14%, 7, 0, 10, 67.66
1734422614, 1786, 27, 38, 0, 0, 0.14%, 7, 0, 10, 68.58
1734422619, 1817, 27, 38, 0, 0, 0.14%, 7, 0, 10, 69.45
1734422624, 1822, 27, 38, 0, 0, 0.14%, 7, 0, 10, 70.27
1734422630, 1826, 27, 38, 0, 0, 0.14%, 7, 0, 10, 72.88
1734422640, 1839, 27, 38, 0, 0, 0.14%, 7, 0, 10, 68.13
1734422645, 1840, 27, 38, 0, 0, 0.14%, 7, 0, 10, 72.15
1734422650, 1861, 27, 38, 0, 0, 0.14%, 7, 0, 10, 70.92
1734422655, 1888, 27, 38, 0, 0, 0.14%, 7, 0, 10, 75.50
1734422665, 1899, 27, 38, 0, 0, 0.14%, 7, 0, 10, 77.19
1734422670, 1901, 27, 38, 0, 0, 0.14%, 7, 0, 10, 67.64
1734422675, 1935, 27, 38, 0, 0, 0.14%, 7, 0, 10, 70.74
1734422680, 1940, 27, 38, 0, 0, 0.14%, 7, 0, 10, 69.92
1734422690, 2020, 27, 38, 0, 0, 0.14%, 7, 0, 10, 73.01
1734422696, 2025, 27, 38, 0, 0, 0.14%, 7, 0, 10, 66.82
1734422701, 2077, 27, 38, 0, 0, 0.14%, 7, 0, 10, 72.46
1734422706, 2089, 27, 38, 0, 0, 0.14%, 7, 0, 10, 68.76
1734422711, 2106, 27, 38, 0, 0, 0.14%, 7, 0, 10, 70.53
1734422721, 2128, 27, 38, 0, 0, 0.14%, 7, 0, 10, 70.07
1734422726, 2137, 27, 38, 0, 0, 0.14%, 7, 0, 10, 65.22
1734422731, 2169, 27, 38, 0, 0, 0.14%, 7, 0, 10, 71.29
1734422736, 2176, 27, 38, 0, 0, 0.14%, 7, 0, 10, 69.49
1734422747, 2230, 27, 38, 0, 0, 0.14%, 7, 0, 10, 68.37
1734422752, 2231, 27, 38, 0, 0, 0.14%, 7, 0, 10, 69.47
1734422757, 2251, 27, 38, 0, 0, 0.14%, 7, 0, 10, 73.41
1734422762, 2272, 27, 38, 0, 0, 0.14%, 7, 0, 10, 69.09
1734422772, 2297, 27, 38, 0, 0, 0.14%, 7, 0, 10, 70.29
1734422777, 2311, 27, 38, 0, 0, 0.14%, 7, 0, 10, 68.91
1734422782, 2319, 27, 38, 0, 0, 0.14%, 7, 0, 10, 71.54
1734422787, 2329, 27, 38, 0, 0, 0.14%, 7, 0, 10, 72.48
1734422793, 2354, 27, 38, 0, 0, 0.14%, 7, 0, 10, 70.76
1734422803, 2389, 27, 38, 0, 0, 0.14%, 7, 0, 10, 73.57
1734422808, 2392, 27, 38, 0, 0, 0.14%, 7, 0, 10, 76.54
1734422813, 9049, 0, 38, 0, 0, 0.14%, 7, 0, 10, 0.00
1734422818, 26194, 0, 38, 0, 0, 0.14%, 7, 0, 10, 0.00
1734422823, 43966, 0, 38, 0, 0, 0.14%, 7, 0, 10, 0.00
1734422829, 61153, 0, 38, 0, 0, 0.14%, 7, 0, 10, 0.00
1734422834, 78392, 0, 38, 0, 0, 0.14%, 7, 0, 10, 0.00
1734422839, 96108, 0, 38, 0, 0, 0.14%, 7, 0, 10, 0.00
1734422844, 113254, 0, 38, 0, 0, 0.14%, 7, 0, 10, 0.00
1734422849, 130472, 0, 38, 0, 0, 0.14%, 7, 0, 10, 0.00
1734422855, 147618, 0, 38, 0, 0, 0.14%, 7, 0, 10, 0.00
1734422860, 165399, 0, 38, 0, 0, 0.14%, 7, 0, 10, 0.00
1734422865, 182579, 0, 38, 0, 0, 0.14%, 7, 0, 10, 0.00
1734422870, 200361, 0, 38, 0, 0, 0.14%, 7, 0, 10, 0.00
1734422875, 217504, 0, 38, 0, 0, 0.14%, 7, 0, 10, 0.00
1734422881, 234673, 0, 38, 0, 0, 0.14%, 7, 0, 10, 0.00
1734422886, 252416, 0, 38, 0, 0, 0.14%, 7, 0, 10, 0.00
1734422891, 269589, 0, 38, 0, 0, 0.14%, 7, 0, 10, 0.00
1734422896, 286764, 0, 38, 0, 0, 0.14%, 7, 0, 10, 0.00
1734422901, 303861, 0, 38, 0, 0, 0.14%, 7, 0, 10, 0.00
1734422907, 320940, 0, 38, 0, 0, 0.14%, 7, 0, 10, 0.00
1734422912, 338755, 0, 38, 0, 0, 0.14%, 7, 0, 10, 0.00
1734422917, 356590, 0, 38, 0, 0, 0.14%, 7, 0, 10, 0.00
1734422922, 373676, 0, 38, 0, 0, 0.14%, 7, 0, 10, 0.00
1734422927, 391495, 0, 38, 0, 0, 0.14%, 7, 0, 10, 0.00
1734422933, 409232, 0, 38, 0, 0, 0.14%, 7, 0, 10, 0.00
1734422938, 426319, 0, 38, 0, 0, 0.14%, 7, 0, 10, 0.00
1734422943, 443473, 0, 38, 0, 0, 0.14%, 7, 0, 10, 0.00
1734422948, 460698, 0, 38, 0, 0, 0.14%, 7, 0, 10, 0.00
1734422953, 477919, 0, 38, 0, 0, 0.14%, 7, 0, 10, 0.00
1734422959, 495661, 0, 38, 0, 0, 0.14%, 7, 0, 10, 0.00
1734422964, 513461, 0, 38, 0, 0, 0.14%, 7, 0, 10, 0.00
1734422969, 530609, 0, 38, 0, 0, 0.14%, 7, 0, 10, 0.00
1734422974, 547759, 0, 38, 0, 0, 0.14%, 7, 0, 10, 0.00
1734422979, 565598, 0, 38, 0, 0, 0.14%, 7, 0, 10, 0.00
1734422985, 582777, 0, 38, 0, 0, 0.14%, 7, 0, 10, 0.00
1734422990, 599889, 0, 38, 0, 0, 0.14%, 7, 0, 10, 0.00
1734422995, 616992, 0, 38, 0, 0, 0.14%, 7, 0, 10, 0.00
1734423000, 634150, 0, 38, 0, 0, 0.14%, 7, 0, 10, 0.00
1734423005, 651863, 0, 38, 0, 0, 0.14%, 7, 0, 10, 0.00
1734423011, 669014, 0, 38, 0, 0, 0.14%, 7, 0, 10, 0.00
1734423016, 686200, 0, 38, 0, 0, 0.14%, 7, 0, 10, 0.00
1734423021, 703981, 0, 38, 0, 0, 0.14%, 7, 0, 10, 0.00
1734423026, 721646, 0, 38, 0, 0, 0.14%, 7, 0, 10, 0.00
1734423031, 738987, 0, 38, 0, 0, 0.14%, 7, 0, 10, 0.00
1734423037, 756138, 0, 38, 0, 0, 0.14%, 7, 0, 10, 0.00
1734423042, 773228, 0, 38, 0, 0, 0.14%, 7, 0, 10, 0.00
1734423047, 790336, 0, 38, 0, 0, 0.14%, 7, 0, 10, 0.00
1734423052, 808146, 0, 38, 0, 0, 0.14%, 7, 0, 10, 0.00
1734423057, 825268, 0, 38, 0, 0, 0.14%, 7, 0, 10, 0.00
1734423063, 842389, 0, 38, 0, 0, 0.14%, 7, 0, 10, 0.00
1734423068, 859446, 0, 38, 0, 0, 0.14%, 7, 0, 10, 0.00
1734423073, 876573, 0, 38, 0, 0, 0.14%, 7, 0, 10, 0.00
1734423078, 894404, 0, 38, 0, 0, 0.14%, 7, 0, 10, 0.00
1734423083, 911526, 0, 38, 0, 0, 0.14%, 7, 0, 10, 0.00
1734423089, 928579, 0, 38, 0, 0, 0.14%, 7, 0, 10, 0.00
1734423094, 946373, 0, 38, 0, 0, 0.14%, 7, 0, 10, 0.00
1734423099, 963482, 0, 38, 0, 0, 0.14%, 7, 0, 10, 0.00
1734423104, 981213, 0, 38, 0, 0, 0.14%, 7, 0, 10, 0.00
1734423109, 998358, 0, 38, 0, 0, 0.14%, 7, 0, 10, 0.00
1734423115, 1015440, 0, 38, 0, 0, 0.14%, 7, 0, 10, 0.00
1734423120, 1032499, 0, 38, 0, 0, 0.14%, 7, 0, 10, 0.00
1734423125, 1050313, 0, 38, 0, 0, 0.14%, 7, 0, 10, 0.00
1734423130, 1067431, 0, 38, 0, 0, 0.14%, 7, 0, 10, 0.00
1734423135, 1084489, 0, 38, 0, 0, 0.14%, 7, 0, 10, 0.00
1734423141, 1101605, 0, 38, 0, 0, 0.14%, 7, 0, 10, 0.00
1734423146, 1119383, 0, 38, 0, 0, 0.14%, 7, 0, 10, 0.00
1734423151, 1136579, 0, 38, 0, 0, 0.14%, 7, 0, 10, 0.00
1734423156, 1153731, 0, 38, 0, 0, 0.14%, 7, 0, 10, 0.00
1734423161, 1170880, 0, 38, 0, 0, 0.14%, 7, 0, 10, 0.00
1734423167, 1189339, 0, 38, 0, 0, 0.14%, 7, 0, 10, 0.00
1734423172, 1206526, 0, 38, 0, 0, 0.14%, 7, 0, 10, 0.00
1734423177, 1223683, 0, 38, 0, 0, 0.14%, 7, 0, 10, 0.00
1734423182, 1240785, 0, 38, 0, 0, 0.14%, 7, 0, 10, 0.00
1734423187, 1258595, 0, 38, 0, 0, 0.14%, 7, 0, 10, 0.00
1734423193, 1275224, 0, 38, 0, 0, 0.14%, 7, 0, 10, 0.00
1734423198, 1292936, 0, 38, 0, 0, 0.14%, 7, 0, 10, 0.00
1734423203, 1310046, 0, 38, 0, 0, 0.14%, 7, 0, 10, 0.00
1734423208, 1327186, 0, 38, 0, 0, 0.14%, 7, 0, 10, 0.00
1734423213, 1344989, 0, 38, 0, 0, 0.14%, 7, 0, 10, 0.00
1734423219, 1362140, 0, 38, 0, 0, 0.14%, 7, 0, 10, 0.00
1734423224, 1379274, 0, 38, 0, 0, 0.14%, 7, 0, 10, 0.00
1734423229, 1396458, 0, 38, 0, 0, 0.14%, 7, 0, 10, 0.00
1734423234, 1413531, 0, 38, 0, 0, 0.14%, 7, 0, 10, 0.00
1734423239, 1431408, 0, 38, 0, 0, 0.14%, 7, 0, 10, 0.00
1734423245, 1449176, 0, 38, 0, 0, 0.14%, 7, 0, 10, 0.00
1734423250, 1466309, 0, 38, 0, 0, 0.14%, 7, 0, 10, 0.00
1734423255, 1483465, 0, 38, 0, 0, 0.14%, 7, 0, 10, 0.00
1734423260, 1500520, 0, 38, 0, 0, 0.14%, 7, 0, 10, 0.00
1734423265, 1518237, 0, 38, 0, 0, 0.14%, 7, 0, 10, 0.00
1734423271, 1535422, 0, 38, 0, 0, 0.14%, 7, 0, 10, 0.00
1734423276, 1552599, 0, 38, 0, 0, 0.14%, 7, 0, 10, 0.00
1734423281, 1569770, 0, 38, 0, 0, 0.14%, 7, 0, 10, 0.00
1734423286, 1586941, 0, 38, 0, 0, 0.14%, 7, 0, 10, 0.00
1734423291, 1604738, 0, 38, 0, 0, 0.14%, 7, 0, 10, 0.00
1734423297, 1622528, 0, 38, 0, 0, 0.14%, 7, 0, 10, 0.00
1734423302, 1639749, 0, 38, 0, 0, 0.14%, 7, 0, 10, 0.00
1734423307, 1658163, 0, 38, 0, 0, 0.14%, 7, 0, 10, 0.00
1734423312, 1675242, 0, 38, 0, 0, 0.14%, 7, 0, 10, 0.00
1734423317, 1692297, 0, 38, 0, 0, 0.14%, 7, 0, 10, 0.00
1734423323, 1709408, 0, 38, 0, 0, 0.14%, 7, 0, 10, 0.00
1734423328, 1726507, 0, 38, 0, 0, 0.14%, 7, 0, 10, 0.00
1734423333, 1744318, 0, 38, 0, 0, 0.14%, 7, 0, 10, 0.00
1734423338, 1761499, 0, 38, 0, 0, 0.14%, 7, 0, 10, 0.00
1734423343, 1779299, 0, 38, 0, 0, 0.14%, 7, 0, 10, 0.00
1734423349, 1796419, 0, 38, 0, 0, 0.14%, 7, 0, 10, 0.00
1734423354, 1813523, 0, 38, 0, 0, 0.14%, 7, 0, 10, 0.00
1734423359, 1831353, 0, 38, 0, 0, 0.14%, 7, 0, 10, 0.00
1734423364, 1848486, 0, 38, 0, 0, 0.14%, 7, 0, 10, 0.00
1734423369, 1865700, 0, 38, 0, 0, 0.14%, 7, 0, 10, 0.00
1734423375, 1882851, 0, 38, 0, 0, 0.14%, 7, 0, 10, 0.00
1734423380, 1900024, 0, 38, 0, 0, 0.14%, 7, 0, 10, 0.00
1734423385, 1917839, 0, 38, 0, 0, 0.14%, 7, 0, 10, 0.00
1734423390, 1935624, 0, 38, 0, 0, 0.14%, 7, 0, 10, 0.00
1734423395, 1952753, 0, 38, 0, 0, 0.14%, 7, 0, 10, 0.00
1734423401, 1969939, 0, 38, 0, 0, 0.14%, 7, 0, 10, 0.00
1734423406, 1987757, 0, 38, 0, 0, 0.14%, 7, 0, 10, 0.00
1734423411, 2005645, 0, 38, 0, 0, 0.14%, 7, 0, 10, 0.00
1734423416, 2022676, 0, 38, 0, 0, 0.14%, 7, 0, 10, 0.00
1734423421, 2039777, 0, 38, 0, 0, 0.14%, 7, 0, 10, 0.00
1734423427, 2056862, 0, 38, 0, 0, 0.14%, 7, 0, 10, 0.00
1734423432, 2074714, 0, 38, 0, 0, 0.14%, 7, 0, 10, 0.00
1734423437, 2091814, 0, 38, 0, 0, 0.14%, 7, 0, 10, 0.00
1734423442, 2108994, 0, 38, 0, 0, 0.14%, 7, 0, 10, 0.00
1734423447, 2126150, 0, 38, 0, 0, 0.14%, 7, 0, 10, 0.00
1734423453, 2143933, 0, 38, 0, 0, 0.14%, 7, 0, 10, 0.00
1734423458, 2161375, 0, 38, 0, 0, 0.14%, 7, 0, 10, 0.00
1734423463, 2178918, 0, 38, 0, 0, 0.14%, 7, 0, 10, 0.00
1734423468, 2196133, 0, 38, 0, 0, 0.14%, 7, 0, 10, 0.00
1734423473, 2213902, 0, 38, 0, 0, 0.14%, 7, 0, 10, 0.00
1734423479, 2231130, 0, 38, 0, 0, 0.14%, 7, 0, 10, 0.00
1734423484, 2248293, 0, 38, 0, 0, 0.14%, 7, 0, 10, 0.00
1734423489, 2265477, 0, 38, 0, 0, 0.14%, 7, 0, 10, 0.00
1734423494, 2282639, 0, 38, 0, 0, 0.14%, 7, 0, 10, 0.00
1734423499, 2300368, 0, 38, 0, 0, 0.14%, 7, 0, 10, 0.00
1734423505, 2317404, 0, 38, 0, 0, 0.14%, 7, 0, 10, 0.00
1734423510, 2334507, 0, 38, 0, 0, 0.14%, 7, 0, 10, 0.00
1734423515, 2351673, 0, 38, 0, 0, 0.14%, 7, 0, 10, 0.00
1734423520, 2368840, 0, 38, 0, 0, 0.14%, 7, 0, 10, 0.00
1734423525, 2386638, 0, 38, 0, 0, 0.14%, 7, 0, 10, 0.00
1734423531, 2404423, 0, 38, 0, 0, 0.14%, 7, 0, 10, 0.00
1734423536, 2422183, 0, 38, 0, 0, 0.14%, 7, 0, 10, 0.00
1734423541, 2439953, 0, 38, 0, 0, 0.14%, 7, 0, 10, 0.00
1734423546, 2456479, 0, 38, 0, 0, 0.14%, 7, 0, 10, 0.00
1734423551, 2474265, 0, 38, 0, 0, 0.14%, 7, 0, 10, 0.00
1734423557, 2491464, 0, 38, 0, 0, 0.14%, 7, 0, 10, 0.00
1734423562, 2508579, 0, 38, 0, 0, 0.14%, 7, 0, 10, 0.00
1734423567, 2526090, 0, 38, 0, 0, 0.14%, 7, 0, 10, 0.00
1734423572, 2543062, 0, 38, 0, 0, 0.14%, 7, 0, 10, 0.00
1734423577, 2560684, 0, 38, 0, 0, 0.14%, 7, 0, 10, 0.00
1734423583, 2577808, 0, 38, 0, 0, 0.14%, 7, 0, 10, 0.00
1734423588, 2594946, 0, 38, 0, 0, 0.14%, 7, 0, 10, 0.00
1734423593, 2613324, 0, 38, 0, 0, 0.14%, 7, 0, 10, 0.00
1734423598, 2630476, 0, 38, 0, 0, 0.14%, 7, 0, 10, 0.00
1734423603, 2647575, 0, 38, 0, 0, 0.14%, 7, 0, 10, 0.00
1734423609, 2664655, 0, 38, 0, 0, 0.14%, 7, 0, 10, 0.00
1734423614, 2681819, 0, 38, 0, 0, 0.14%, 7, 0, 10, 0.00
1734423619, 2699572, 0, 38, 0, 0, 0.14%, 7, 0, 10, 0.00
1734423624, 2716720, 0, 38, 0, 0, 0.14%, 7, 0, 10, 0.00
1734423629, 2734489, 0, 38, 0, 0, 0.14%, 7, 0, 10, 0.00
1734423635, 2751652, 0, 38, 0, 0, 0.14%, 7, 0, 10, 0.00
1734423640, 2768775, 0, 38, 0, 0, 0.14%, 7, 0, 10, 0.00
1734423645, 2786587, 0, 38, 0, 0, 0.14%, 7, 0, 10, 0.00
1734423650, 2803746, 0, 38, 0, 0, 0.14%, 7, 0, 10, 0.00
1734423655, 2820834, 0, 38, 0, 0, 0.14%, 7, 0, 10, 0.00
1734423661, 2837979, 0, 38, 0, 0, 0.14%, 7, 0, 10, 0.00
1734423666, 2855024, 0, 38, 0, 0, 0.14%, 7, 0, 10, 0.00
1734423671, 2872865, 0, 38, 0, 0, 0.14%, 7, 0, 10, 0.00
1734423676, 2890595, 0, 38, 0, 0, 0.14%, 7, 0, 10, 0.00
1734423681, 2908338, 0, 38, 0, 0, 0.14%, 7, 0, 10, 0.00
1734423687, 2925473, 0, 38, 0, 0, 0.14%, 7, 0, 10, 0.00
1734423692, 2943380, 0, 38, 0, 0, 0.14%, 7, 0, 10, 0.00
1734423697, 2960442, 0, 38, 0, 0, 0.14%, 7, 0, 10, 0.00
1734423702, 2977565, 0, 38, 0, 0, 0.14%, 7, 0, 10, 0.00
1734423707, 2994728, 0, 38, 0, 0, 0.14%, 7, 0, 10, 0.00
1734423713, 3011876, 0, 38, 0, 0, 0.14%, 7, 0, 10, 0.00
1734423718, 3029623, 0, 38, 0, 0, 0.14%, 7, 0, 10, 0.00
1734423723, 3046759, 0, 38, 0, 0, 0.14%, 7, 0, 10, 0.00
1734423728, 3063891, 0, 38, 0, 0, 0.14%, 7, 0, 10, 0.00
1734423733, 3081722, 0, 38, 0, 0, 0.14%, 7, 0, 10, 0.00
1734423739, 3099349, 0, 38, 0, 0, 0.14%, 7, 0, 10, 0.00
1734423744, 3116692, 0, 38, 0, 0, 0.14%, 7, 0, 10, 0.00
1734423749, 3133853, 0, 38, 0, 0, 0.14%, 7, 0, 10, 0.00
1734423754, 3151026, 0, 38, 0, 0, 0.14%, 7, 0, 10, 0.00
1734423759, 3168752, 0, 38, 0, 0, 0.14%, 7, 0, 10, 0.00
1734423765, 3185867, 0, 38, 0, 0, 0.14%, 7, 0, 10, 0.00
1734423770, 3202957, 0, 38, 0, 0, 0.14%, 7, 0, 10, 0.00
1734423775, 3220058, 0, 38, 0, 0, 0.14%, 7, 0, 10, 0.00
1734423780, 3237225, 0, 38, 0, 0, 0.14%, 7, 0, 10, 0.00
1734423785, 3255645, 0, 38, 0, 0, 0.14%, 7, 0, 10, 0.00
1734423791, 3272778, 0, 38, 0, 0, 0.14%, 7, 0, 10, 0.00
1734423796, 3289952, 0, 38, 0, 0, 0.14%, 7, 0, 10, 0.00
1734423801, 3307094, 0, 38, 0, 0, 0.14%, 7, 0, 10, 0.00
1734423806, 3324228, 0, 38, 0, 0, 0.14%, 7, 0, 10, 0.00
1734423811, 3342001, 0, 38, 0, 0, 0.14%, 7, 0, 10, 0.00
1734423817, 3359148, 0, 38, 0, 0, 0.14%, 7, 0, 10, 0.00
1734423822, 3376912, 0, 38, 0, 0, 0.14%, 7, 0, 10, 0.00
1734423827, 3394098, 0, 38, 0, 0, 0.14%, 7, 0, 10, 0.00
1734423832, 3412533, 0, 38, 0, 0, 0.14%, 7, 0, 10, 0.00
1734423837, 3429676, 0, 38, 0, 0, 0.14%, 7, 0, 10, 0.00
1734423843, 3446702, 0, 38, 0, 0, 0.14%, 7, 0, 10, 0.00
1734423848, 3463833, 0, 38, 0, 0, 0.14%, 7, 0, 10, 0.00
1734423853, 3480900, 0, 38, 0, 0, 0.14%, 7, 0, 10, 0.00
1734423858, 3498707, 0, 38, 0, 0, 0.14%, 7, 0, 10, 0.00
1734423863, 3515855, 0, 38, 0, 0, 0.14%, 7, 0, 10, 0.00
1734423869, 3533625, 0, 38, 0, 0, 0.14%, 7, 0, 10, 0.00
1734423874, 3550771, 0, 38, 0, 0, 0.14%, 7, 0, 10, 0.00
1734423879, 3567957, 0, 38, 0, 0, 0.14%, 7, 0, 10, 0.00
1734423884, 3585776, 0, 38, 0, 0, 0.14%, 7, 0, 10, 0.00
1734423889, 3602937, 0, 38, 0, 0, 0.14%, 7, 0, 10, 0.00
1734423895, 3620067, 0, 38, 0, 0, 0.14%, 7, 0, 10, 0.00
1734423900, 3637843, 0, 38, 0, 0, 0.14%, 7, 0, 10, 0.00
1734423905, 3654950, 0, 38, 0, 0, 0.14%, 7, 0, 10, 0.00
1734423910, 3672135, 0, 38, 0, 0, 0.14%, 7, 0, 10, 0.00
1734423915, 3689857, 0, 38, 0, 0, 0.14%, 7, 0, 10, 0.00
1734423921, 3707627, 0, 38, 0, 0, 0.14%, 7, 0, 10, 0.00
1734423926, 3724113, 0, 38, 0, 0, 0.14%, 7, 0, 10, 0.00
1734423931, 3741946, 0, 38, 0, 0, 0.14%, 7, 0, 10, 0.00
1734423936, 3759117, 0, 38, 0, 0, 0.14%, 7, 0, 10, 0.00
1734423941, 3776259, 0, 38, 0, 0, 0.14%, 7, 0, 10, 0.00
1734423947, 3794076, 0, 38, 0, 0, 0.14%, 7, 0, 10, 0.00
1734423952, 3811175, 0, 38, 0, 0, 0.14%, 7, 0, 10, 0.00
1734423957, 3828329, 0, 38, 0, 0, 0.14%, 7, 0, 10, 0.00
1734423962, 3845459, 0, 38, 0, 0, 0.14%, 7, 0, 10, 0.00
1734423967, 3862562, 0, 38, 0, 0, 0.14%, 7, 0, 10, 0.00
1734423973, 3879577, 0, 38, 0, 0, 0.14%, 7, 0, 10, 0.00
1734423978, 3897351, 0, 38, 0, 0, 0.14%, 7, 0, 10, 0.00
1734423983, 3914474, 0, 38, 0, 0, 0.14%, 7, 0, 10, 0.00
1734423988, 3931604, 0, 38, 0, 0, 0.14%, 7, 0, 10, 0.00
1734423993, 3948684, 0, 38, 0, 0, 0.14%, 7, 0, 10, 0.00
1734423999, 3966495, 0, 38, 0, 0, 0.14%, 7, 0, 10, 0.00
1734424004, 3983645, 0, 38, 0, 0, 0.14%, 7, 0, 10, 0.00
1734424009, 4000779, 0, 38, 0, 0, 0.14%, 7, 0, 10, 0.00
1734424014, 4017937, 0, 38, 0, 0, 0.14%, 7, 0, 10, 0.00
1734424019, 4036428, 0, 38, 0, 0, 0.14%, 7, 0, 10, 0.00
1734424025, 4053604, 0, 38, 0, 0, 0.14%, 7, 0, 10, 0.00
1734424030, 4070753, 0, 38, 0, 0, 0.14%, 7, 0, 10, 0.00
1734424035, 4089219, 0, 38, 0, 0, 0.14%, 7, 0, 10, 0.00
1734424040, 4106245, 0, 38, 0, 0, 0.14%, 7, 0, 10, 0.00
1734424045, 4124069, 0, 38, 0, 0, 0.14%, 7, 0, 10, 0.00
1734424051, 4141218, 0, 38, 0, 0, 0.14%, 7, 0, 10, 0.00
1734424056, 4158420, 0, 38, 0, 0, 0.14%, 7, 0, 10, 0.00
1734424061, 4175497, 0, 38, 0, 0, 0.14%, 7, 0, 10, 0.00
1734424066, 4193937, 0, 38, 0, 0, 0.14%, 7, 0, 10, 0.00
1734424071, 4211082, 0, 38, 0, 0, 0.14%, 7, 0, 10, 0.00
1734424077, 4228307, 0, 38, 0, 0, 0.14%, 7, 0, 10, 0.00
1734424082, 4245441, 0, 38, 0, 0, 0.14%, 7, 0, 10, 0.00
1734424087, 4262653, 0, 38, 0, 0, 0.14%, 7, 0, 10, 0.00
1734424092, 4280373, 0, 38, 0, 0, 0.14%, 7, 0, 10, 0.00
1734424097, 4297565, 0, 38, 0, 0, 0.14%, 7, 0, 10, 0.00
1734424103, 4314644, 0, 38, 0, 0, 0.14%, 7, 0, 10, 0.00
1734424108, 4332459, 0, 38, 0, 0, 0.14%, 7, 0, 10, 0.00
1734424113, 4349718, 0, 38, 0, 0, 0.14%, 7, 0, 10, 0.00
1734424118, 4367513, 0, 38, 0, 0, 0.14%, 7, 0, 10, 0.00
1734424123, 4384647, 0, 38, 0, 0, 0.14%, 7, 0, 10, 0.00
1734424129, 4401695, 0, 38, 0, 0, 0.14%, 7, 0, 10, 0.00
1734424134, 4418824, 0, 38, 0, 0, 0.14%, 7, 0, 10, 0.00
1734424139, 4436626, 0, 38, 0, 0, 0.14%, 7, 0, 10, 0.00
1734424144, 4453792, 0, 38, 0, 0, 0.14%, 7, 0, 10, 0.00
1734424149, 4470911, 0, 38, 0, 0, 0.14%, 7, 0, 10, 0.00
1734424155, 4488665, 0, 38, 0, 0, 0.14%, 7, 0, 10, 0.00
1734424160, 4505903, 0, 38, 0, 0, 0.14%, 7, 0, 10, 0.00
1734424165, 4523607, 0, 38, 0, 0, 0.14%, 7, 0, 10, 0.00
1734424170, 4540741, 0, 38, 0, 0, 0.14%, 7, 0, 10, 0.00
1734424175, 4557907, 0, 38, 0, 0, 0.14%, 7, 0, 10, 0.00
1734424181, 4575755, 0, 38, 0, 0, 0.14%, 7, 0, 10, 0.00
1734424186, 4592855, 0, 38, 0, 0, 0.14%, 7, 0, 10, 0.00
1734424191, 4611353, 0, 38, 0, 0, 0.14%, 7, 0, 10, 0.00
1734424196, 4628476, 0, 38, 0, 0, 0.14%, 7, 0, 10, 0.00
1734424201, 4646257, 0, 38, 0, 0, 0.14%, 7, 0, 10, 0.00
1734424207, 4664766, 0, 38, 0, 0, 0.14%, 7, 0, 10, 0.00
1734424212, 4681911, 0, 38, 0, 0, 0.14%, 7, 0, 10, 0.00
1734424217, 4699184, 0, 38, 0, 0, 0.14%, 7, 0, 10, 0.00
1734424222, 4716360, 0, 38, 0, 0, 0.14%, 7, 0, 10, 0.00
1734424227, 4733436, 0, 38, 0, 0, 0.14%, 7, 0, 10, 0.00
1734424233, 4750787, 0, 38, 0, 0, 0.14%, 7, 0, 10, 0.00
1734424238, 4768372, 0, 38, 0, 0, 0.14%, 7, 0, 10, 0.00
1734424243, 4785586, 0, 38, 0, 0, 0.14%, 7, 0, 10, 0.00
1734424248, 4803427, 0, 38, 0, 0, 0.14%, 7, 0, 10, 0.00
1734424253, 4820597, 0, 38, 0, 0, 0.14%, 7, 0, 10, 0.00
1734424259, 4839050, 0, 38, 0, 0, 0.14%, 7, 0, 10, 0.00
1734424264, 4856179, 0, 38, 0, 0, 0.14%, 7, 0, 10, 0.00
1734424269, 4873315, 0, 38, 0, 0, 0.14%, 7, 0, 10, 0.00
1734424274, 4890467, 0, 38, 0, 0, 0.14%, 7, 0, 10, 0.00
1734424279, 4907591, 0, 38, 0, 0, 0.14%, 7, 0, 10, 0.00
1734424285, 4925335, 0, 38, 0, 0, 0.14%, 7, 0, 10, 0.00
1734424290, 4942511, 0, 38, 0, 0, 0.14%, 7, 0, 10, 0.00
1734424295, 4959689, 0, 38, 0, 0, 0.14%, 7, 0, 10, 0.00
1734424300, 4978173, 0, 38, 0, 0, 0.14%, 7, 0, 10, 0.00
1734424305, 4995333, 0, 38, 0, 0, 0.14%, 7, 0, 10, 0.00
1734424311, 5013143, 0, 38, 0, 0, 0.14%, 7, 0, 10, 0.00
1734424316, 5030306, 0, 38, 0, 0, 0.14%, 7, 0, 10, 0.00
1734424321, 5047415, 0, 38, 0, 0, 0.14%, 7, 0, 10, 0.00
1734424326, 5065162, 0, 38, 0, 0, 0.14%, 7, 0, 10, 0.00
1734424331, 5082308, 0, 38, 0, 0, 0.14%, 7, 0, 10, 0.00
1734424337, 5099449, 0, 38, 0, 0, 0.14%, 7, 0, 10, 0.00
1734424342, 5116862, 0, 38, 0, 0, 0.14%, 7, 0, 10, 0.00
1734424347, 5134304, 0, 38, 0, 0, 0.14%, 7, 0, 10, 0.00
1734424352, 5152118, 0, 38, 0, 0, 0.14%, 7, 0, 10, 0.00
1734424357, 5169253, 0, 38, 0, 0, 0.14%, 7, 0, 10, 0.00
1734424363, 5186386, 0, 38, 0, 0, 0.14%, 7, 0, 10, 0.00
1734424368, 5204269, 0, 38, 0, 0, 0.14%, 7, 0, 10, 0.00
1734424373, 5221352, 0, 38, 0, 0, 0.14%, 7, 0, 10, 0.00
1734424378, 5239162, 0, 38, 0, 0, 0.14%, 7, 0, 10, 0.00
1734424383, 5256318, 0, 38, 0, 0, 0.14%, 7, 0, 10, 0.00
1734424389, 5273736, 0, 38, 0, 0, 0.14%, 7, 0, 10, 0.00
1734424394, 5291309, 0, 38, 0, 0, 0.14%, 7, 0, 10, 0.00
1734424399, 5309166, 0, 38, 0, 0, 0.14%, 7, 0, 10, 0.00
1734424404, 5326368, 0, 38, 0, 0, 0.14%, 7, 0, 10, 0.00
1734424409, 5343438, 0, 38, 0, 0, 0.14%, 7, 0, 10, 0.00
1734424415, 5360603, 0, 38, 0, 0, 0.14%, 7, 0, 10, 0.00
1734424420, 5377731, 0, 38, 0, 0, 0.14%, 7, 0, 10, 0.00
1734424425, 5395473, 0, 38, 0, 0, 0.14%, 7, 0, 10, 0.00
1734424430, 5412683, 0, 38, 0, 0, 0.14%, 7, 0, 10, 0.00
1734424435, 5430514, 0, 38, 0, 0, 0.14%, 7, 0, 10, 0.00
1734424441, 5447684, 0, 38, 0, 0, 0.14%, 7, 0, 10, 0.00
1734424446, 5466109, 0, 38, 0, 0, 0.14%, 7, 0, 10, 0.00
1734424451, 5483282, 0, 38, 0, 0, 0.14%, 7, 0, 10, 0.00
1734424456, 5500435, 0, 38, 0, 0, 0.14%, 7, 0, 10, 0.00
1734424461, 5517517, 0, 38, 0, 0, 0.14%, 7, 0, 10, 0.00
1734424467, 5534695, 0, 38, 0, 0, 0.14%, 7, 0, 10, 0.00
1734424472, 5552489, 0, 38, 0, 0, 0.14%, 7, 0, 10, 0.00
1734424477, 5569574, 0, 38, 0, 0, 0.14%, 7, 0, 10, 0.00
1734424482, 5586713, 0, 38, 0, 0, 0.14%, 7, 0, 10, 0.00
1734424487, 5604541, 0, 38, 0, 0, 0.14%, 7, 0, 10, 0.00
1734424493, 5622180, 0, 38, 0, 0, 0.14%, 7, 0, 10, 0.00
1734424498, 5639341, 0, 38, 0, 0, 0.14%, 7, 0, 10, 0.00
1734424503, 5656465, 0, 38, 0, 0, 0.14%, 7, 0, 10, 0.00
1734424508, 5673647, 0, 38, 0, 0, 0.14%, 7, 0, 10, 0.00
1734424513, 5691406, 0, 38, 0, 0, 0.14%, 7, 0, 10, 0.00
1734424519, 5708526, 0, 38, 0, 0, 0.14%, 7, 0, 10, 0.00
1734424524, 5725622, 0, 38, 0, 0, 0.14%, 7, 0, 10, 0.00
1734424529, 5742804, 0, 38, 0, 0, 0.14%, 7, 0, 10, 0.00
1734424534, 5760017, 0, 38, 0, 0, 0.14%, 7, 0, 10, 0.00
1734424539, 5778423, 0, 38, 0, 0, 0.14%, 7, 0, 10, 0.00
1734424545, 5795586, 0, 38, 0, 0, 0.14%, 7, 0, 10, 0.00
1734424550, 5812754, 0, 38, 0, 0, 0.14%, 7, 0, 10, 0.00
1734424555, 5829927, 0, 38, 0, 0, 0.14%, 7, 0, 10, 0.00
1734424560, 5847039, 0, 38, 0, 0, 0.14%, 7, 0, 10, 0.00
1734424565, 5864809, 0, 38, 0, 0, 0.14%, 7, 0, 10, 0.00
1734424571, 5881947, 0, 38, 0, 0, 0.14%, 7, 0, 10, 0.00
1734424576, 5899096, 0, 38, 0, 0, 0.14%, 7, 0, 10, 0.00
1734424581, 5916835, 0, 38, 0, 0, 0.14%, 7, 0, 10, 0.00
1734424586, 5933996, 0, 38, 0, 0, 0.14%, 7, 0, 10, 0.00
1734424591, 5951878, 0, 38, 0, 0, 0.14%, 7, 0, 10, 0.00
1734424597, 5968979, 0, 38, 0, 0, 0.14%, 7, 0, 10, 0.00
1734424602, 5986140, 0, 38, 0, 0, 0.14%, 7, 0, 10, 0.00
1734424607, 6003944, 0, 38, 0, 0, 0.14%, 7, 0, 10, 0.00
1734424612, 6021062, 0, 38, 0, 0, 0.14%, 7, 0, 10, 0.00
1734424617, 6038203, 0, 38, 0, 0, 0.14%, 7, 0, 10, 0.00
1734424623, 6055361, 0, 38, 0, 0, 0.14%, 7, 0, 10, 0.00
1734424628, 6073169, 0, 38, 0, 0, 0.14%, 7, 0, 10, 0.00
1734424633, 6090357, 0, 38, 0, 0, 0.14%, 7, 0, 10, 0.00
1734424638, 6108797, 0, 38, 0, 0, 0.14%, 7, 0, 10, 0.00
1734424643, 6125988, 0, 38, 0, 0, 0.14%, 7, 0, 10, 0.00
1734424649, 6143115, 0, 38, 0, 0, 0.14%, 7, 0, 10, 0.00
1734424654, 6160197, 0, 38, 0, 0, 0.14%, 7, 0, 10, 0.00
1734424659, 6177967, 0, 38, 0, 0, 0.14%, 7, 0, 10, 0.00
1734424664, 6195096, 0, 38, 0, 0, 0.14%, 7, 0, 10, 0.00
1734424669, 6212294, 0, 38, 0, 0, 0.14%, 7, 0, 10, 0.00
1734424675, 6230086, 0, 38, 0, 0, 0.14%, 7, 0, 10, 0.00
1734424680, 6247216, 0, 38, 0, 0, 0.14%, 7, 0, 10, 0.00
1734424685, 6265649, 0, 38, 0, 0, 0.14%, 7, 0, 10, 0.00
1734424690, 6282853, 0, 38, 0, 0, 0.14%, 7, 0, 10, 0.00
1734424695, 6299996, 0, 38, 0, 0, 0.14%, 7, 0, 10, 0.00
1734424701, 6317521, 0, 38, 0, 0, 0.14%, 7, 0, 10, 0.00
1734424706, 6334941, 0, 38, 0, 0, 0.14%, 7, 0, 10, 0.00
1734424711, 6352084, 0, 38, 0, 0, 0.14%, 7, 0, 10, 0.00
1734424716, 6369221, 0, 38, 0, 0, 0.14%, 7, 0, 10, 0.00
1734424721, 6387013, 0, 38, 0, 0, 0.14%, 7, 0, 10, 0.00
1734424727, 6404077, 0, 38, 0, 0, 0.14%, 7, 0, 10, 0.00
1734424732, 6421880, 0, 38, 0, 0, 0.14%, 7, 0, 10, 0.00
1734424737, 6439029, 0, 38, 0, 0, 0.14%, 7, 0, 10, 0.00
1734424742, 6456144, 0, 38, 0, 0, 0.14%, 7, 0, 10, 0.00
1734424747, 6473361, 0, 38, 0, 0, 0.14%, 7, 0, 10, 0.00
1734424753, 6490838, 0, 38, 0, 0, 0.14%, 7, 0, 10, 0.00
1734424758, 6508470, 0, 38, 0, 0, 0.14%, 7, 0, 10, 0.00
1734424763, 6525644, 0, 38, 0, 0, 0.14%, 7, 0, 10, 0.00
1734424768, 6543424, 0, 38, 0, 0, 0.14%, 7, 0, 10, 0.00
1734424773, 6561858, 0, 38, 0, 0, 0.14%, 7, 0, 10, 0.00
1734424779, 6578981, 0, 38, 0, 0, 0.14%, 7, 0, 10, 0.00
1734424784, 6596793, 0, 38, 0, 0, 0.14%, 7, 0, 10, 0.00
1734424789, 6613922, 0, 38, 0, 0, 0.14%, 7, 0, 10, 0.00
1734424794, 6631066, 0, 38, 0, 0, 0.14%, 7, 0, 10, 0.00
1734424799, 6648242, 0, 38, 0, 0, 0.14%, 7, 0, 10, 0.00
1734424805, 6666008, 0, 38, 0, 0, 0.14%, 7, 0, 10, 0.00
1734424810, 6683138, 0, 38, 0, 0, 0.14%, 7, 0, 10, 0.00
1734424815, 6700896, 0, 38, 0, 0, 0.14%, 7, 0, 10, 0.00
1734424820, 6717931, 0, 38, 0, 0, 0.14%, 7, 0, 10, 0.00
1734424825, 6736352, 0, 38, 0, 0, 0.14%, 7, 0, 10, 0.00
1734424831, 6753466, 0, 38, 0, 0, 0.14%, 7, 0, 10, 0.00
1734424836, 6770690, 0, 38, 0, 0, 0.14%, 7, 0, 10, 0.00
1734424841, 6788575, 0, 38, 0, 0, 0.14%, 7, 0, 10, 0.00
1734424846, 6805088, 0, 38, 0, 0, 0.14%, 7, 0, 10, 0.00
1734424851, 6822869, 0, 38, 0, 0, 0.14%, 7, 0, 10, 0.00
1734424857, 6839977, 0, 38, 0, 0, 0.14%, 7, 0, 10, 0.00
1734424862, 6857079, 0, 38, 0, 0, 0.14%, 7, 0, 10, 0.00
1734424867, 6874214, 0, 38, 0, 0, 0.14%, 7, 0, 10, 0.00
1734424872, 6891983, 0, 38, 0, 0, 0.14%, 7, 0, 10, 0.00
1734424877, 6909102, 0, 38, 0, 0, 0.14%, 7, 0, 10, 0.00
1734424883, 6926226, 0, 38, 0, 0, 0.14%, 7, 0, 10, 0.00
1734424888, 6943424, 0, 38, 0, 0, 0.14%, 7, 0, 10, 0.00
1734424893, 6960615, 0, 38, 0, 0, 0.14%, 7, 0, 10, 0.00
1734424898, 6978456, 0, 38, 0, 0, 0.14%, 7, 0, 10, 0.00
1734424903, 6995627, 0, 38, 0, 0, 0.14%, 7, 0, 10, 0.00
1734424909, 7012778, 0, 38, 0, 0, 0.14%, 7, 0, 10, 0.00
1734424914, 7029900, 0, 38, 0, 0, 0.14%, 7, 0, 10, 0.00
1734424919, 7048396, 0, 38, 0, 0, 0.14%, 7, 0, 10, 0.00
1734424924, 7065528, 0, 38, 0, 0, 0.14%, 7, 0, 10, 0.00
1734424929, 7082645, 0, 38, 0, 0, 0.14%, 7, 0, 10, 0.00
1734424935, 7099785, 0, 38, 0, 0, 0.14%, 7, 0, 10, 0.00
1734424940, 7116855, 0, 38, 0, 0, 0.14%, 7, 0, 10, 0.00
1734424945, 7134645, 0, 38, 0, 0, 0.14%, 7, 0, 10, 0.00
1734424950, 7151752, 0, 38, 0, 0, 0.14%, 7, 0, 10, 0.00
1734424955, 7168982, 0, 38, 0, 0, 0.14%, 7, 0, 10, 0.00
1734424961, 7186157, 0, 38, 0, 0, 0.14%, 7, 0, 10, 0.00
1734424966, 7203862, 0, 38, 0, 0, 0.14%, 7, 0, 10, 0.00
1734424971, 7221133, 0, 38, 0, 0, 0.14%, 7, 0, 10, 0.00
1734424976, 7238311, 0, 38, 0, 0, 0.14%, 7, 0, 10, 0.00
1734424981, 7255460, 0, 38, 0, 0, 0.14%, 7, 0, 10, 0.00
1734424987, 7272919, 0, 38, 0, 0, 0.14%, 7, 0, 10, 0.00
1734424992, 7290409, 0, 38, 0, 0, 0.14%, 7, 0, 10, 0.00
1734424997, 7307490, 0, 38, 0, 0, 0.14%, 7, 0, 10, 0.00
1734425002, 7324647, 0, 38, 0, 0, 0.14%, 7, 0, 10, 0.00
1734425007, 7342466, 0, 38, 0, 0, 0.14%, 7, 0, 10, 0.00
1734425013, 7360903, 0, 38, 0, 0, 0.14%, 7, 0, 10, 0.00
1734425018, 7378008, 0, 38, 0, 0, 0.14%, 7, 0, 10, 0.00
1734425023, 7395113, 0, 38, 0, 0, 0.14%, 7, 0, 10, 0.00
1734425028, 7412197, 0, 38, 0, 0, 0.14%, 7, 0, 10, 0.00
1734425033, 7429321, 0, 38, 0, 0, 0.14%, 7, 0, 10, 0.00
1734425039, 7447164, 0, 38, 0, 0, 0.14%, 7, 0, 10, 0.00
1734425044, 7464298, 0, 38, 0, 0, 0.14%, 7, 0, 10, 0.00
1734425049, 7481452, 0, 38, 0, 0, 0.14%, 7, 0, 10, 0.00
1734425054, 7498718, 0, 38, 0, 0, 0.14%, 7, 0, 10, 0.00
1734425059, 7515850, 0, 38, 0, 0, 0.14%, 7, 0, 10, 0.00
1734425065, 7533616, 0, 38, 0, 0, 0.14%, 7, 0, 10, 0.00
1734425070, 7550713, 0, 38, 0, 0, 0.14%, 7, 0, 10, 0.00
1734425075, 7567853, 0, 38, 0, 0, 0.14%, 7, 0, 10, 0.00
1734425080, 7584965, 0, 38, 0, 0, 0.14%, 7, 0, 10, 0.00
1734425085, 7602724, 0, 38, 0, 0, 0.14%, 7, 0, 10, 0.00
1734425091, 7619858, 0, 38, 0, 0, 0.14%, 7, 0, 10, 0.00
1734425096, 7636985, 0, 38, 0, 0, 0.14%, 7, 0, 10, 0.00
1734425101, 7654806, 0, 38, 0, 0, 0.14%, 7, 0, 10, 0.00
1734425106, 7672569, 0, 38, 0, 0, 0.14%, 7, 0, 10, 0.00
1734425111, 7689647, 0, 38, 0, 0, 0.14%, 7, 0, 10, 0.00
1734425117, 7706825, 0, 38, 0, 0, 0.14%, 7, 0, 10, 0.00
1734425122, 7723971, 0, 38, 0, 0, 0.14%, 7, 0, 10, 0.00
1734425127, 7741171, 0, 38, 0, 0, 0.14%, 7, 0, 10, 0.00
1734425132, 7758261, 0, 38, 0, 0, 0.14%, 7, 0, 10, 0.00
1734425137, 7776070, 0, 38, 0, 0, 0.14%, 7, 0, 10, 0.00
1734425143, 7793270, 0, 38, 0, 0, 0.14%, 7, 0, 10, 0.00
1734425148, 7810433, 0, 38, 0, 0, 0.14%, 7, 0, 10, 0.00
1734425153, 7827625, 0, 38, 0, 0, 0.14%, 7, 0, 10, 0.00
1734425158, 7844703, 0, 38, 0, 0, 0.14%, 7, 0, 10, 0.00
1734425163, 7862501, 0, 38, 0, 0, 0.14%, 7, 0, 10, 0.00
1734425169, 7879649, 0, 38, 0, 0, 0.14%, 7, 0, 10, 0.00
1734425174, 7896828, 0, 38, 0, 0, 0.14%, 7, 0, 10, 0.00
1734425179, 7914145, 0, 38, 0, 0, 0.14%, 7, 0, 10, 0.00
1734425184, 7931790, 0, 38, 0, 0, 0.14%, 7, 0, 10, 0.00
1734425189, 7949034, 0, 38, 0, 0, 0.14%, 7, 0, 10, 0.00
1734425195, 7966779, 0, 38, 0, 0, 0.14%, 7, 0, 10, 0.00
1734425200, 7983323, 0, 38, 0, 0, 0.14%, 7, 0, 10, 0.00
1734425205, 8001129, 0, 38, 0, 0, 0.14%, 7, 0, 10, 0.00
1734425210, 8018235, 0, 38, 0, 0, 0.14%, 7, 0, 10, 0.00
1734425215, 8035378, 0, 38, 0, 0, 0.14%, 7, 0, 10, 0.00
1734425221, 8052508, 0, 38, 0, 0, 0.14%, 7, 0, 10, 0.00
1734425226, 8070296, 0, 38, 0, 0, 0.14%, 7, 0, 10, 0.00
1734425231, 8087421, 0, 38, 0, 0, 0.14%, 7, 0, 10, 0.00
1734425236, 8104664, 0, 38, 0, 0, 0.14%, 7, 0, 10, 0.00
1734425241, 8122514, 0, 38, 0, 0, 0.14%, 7, 0, 10, 0.00
1734425247, 8138953, 0, 38, 0, 0, 0.14%, 7, 0, 10, 0.00
1734425252, 8157415, 0, 38, 0, 0, 0.14%, 7, 0, 10, 0.00
1734425257, 8174642, 0, 38, 0, 0, 0.14%, 7, 0, 10, 0.00
1734425262, 8191793, 0, 38, 0, 0, 0.14%, 7, 0, 10, 0.00
1734425267, 8209008, 0, 38, 0, 0, 0.14%, 7, 0, 10, 0.00
1734425273, 8226277, 0, 38, 0, 0, 0.14%, 7, 0, 10, 0.00
1734425278, 8244003, 0, 38, 0, 0, 0.14%, 7, 0, 10, 0.00
1734425283, 8261167, 0, 38, 0, 0, 0.14%, 7, 0, 10, 0.00
1734425288, 8279038, 0, 38, 0, 0, 0.14%, 7, 0, 10, 0.00
1734425293, 8296779, 0, 38, 0, 0, 0.14%, 7, 0, 10, 0.00
1734425299, 8314576, 0, 38, 0, 0, 0.14%, 7, 0, 10, 0.00
1734425304, 8331655, 0, 38, 0, 0, 0.14%, 7, 0, 10, 0.00
1734425309, 8348804, 0, 38, 0, 0, 0.14%, 7, 0, 10, 0.00
1734425314, 8366541, 0, 38, 0, 0, 0.14%, 7, 0, 10, 0.00
1734425319, 8384335, 0, 38, 0, 0, 0.14%, 7, 0, 10, 0.00
1734425325, 8402103, 0, 38, 0, 0, 0.14%, 7, 0, 10, 0.00
1734425330, 8419303, 0, 38, 0, 0, 0.14%, 7, 0, 10, 0.00
1734425335, 8436584, 0, 38, 0, 0, 0.14%, 7, 0, 10, 0.00
1734425340, 8453725, 0, 38, 0, 0, 0.14%, 7, 0, 10, 0.00
1734425345, 8471482, 0, 38, 0, 0, 0.14%, 7, 0, 10, 0.00
1734425351, 8488656, 0, 38, 0, 0, 0.14%, 7, 0, 10, 0.00
1734425356, 8505846, 0, 38, 0, 0, 0.14%, 7, 0, 10, 0.00
1734425361, 8522968, 0, 38, 0, 0, 0.14%, 7, 0, 10, 0.00
1734425366, 8540129, 0, 38, 0, 0, 0.14%, 7, 0, 10, 0.00
1734425371, 8557263, 0, 38, 0, 0, 0.14%, 7, 0, 10, 0.00
1734425377, 8574323, 0, 38, 0, 0, 0.14%, 7, 0, 10, 0.00
1734425382, 8591406, 0, 38, 0, 0, 0.14%, 7, 0, 10, 0.00
1734425387, 8608594, 0, 38, 0, 0, 0.14%, 7, 0, 10, 0.00
1734425392, 8626259, 0, 38, 0, 0, 0.14%, 7, 0, 10, 0.00
1734425397, 8643621, 0, 38, 0, 0, 0.14%, 7, 0, 10, 0.00
1734425403, 8660790, 0, 38, 0, 0, 0.14%, 7, 0, 10, 0.00
1734425408, 8677971, 0, 38, 0, 0, 0.14%, 7, 0, 10, 0.00
1734425413, 8695486, 0, 38, 0, 0, 0.14%, 7, 0, 10, 0.00
1734425418, 8712976, 0, 38, 0, 0, 0.14%, 7, 0, 10, 0.00
1734425423, 8730115, 0, 38, 0, 0, 0.14%, 7, 0, 10, 0.00
1734425429, 8747884, 0, 38, 0, 0, 0.14%, 7, 0, 10, 0.00
1734425434, 8765720, 0, 38, 0, 0, 0.14%, 7, 0, 10, 0.00
1734425439, 8783380, 0, 38, 0, 0, 0.14%, 7, 0, 10, 0.00
1734425444, 8800617, 0, 38, 0, 0, 0.14%, 7, 0, 10, 0.00
1734425449, 8817766, 0, 38, 0, 0, 0.14%, 7, 0, 10, 0.00
1734425455, 8834925, 0, 38, 0, 0, 0.14%, 7, 0, 10, 0.00
1734425460, 8852123, 0, 38, 0, 0, 0.14%, 7, 0, 10, 0.00
1734425465, 8869873, 0, 38, 0, 0, 0.14%, 7, 0, 10, 0.00
1734425470, 8887007, 0, 38, 0, 0, 0.14%, 7, 0, 10, 0.00
1734425475, 8904025, 0, 38, 0, 0, 0.14%, 7, 0, 10, 0.00
1734425481, 8921274, 0, 38, 0, 0, 0.14%, 7, 0, 10, 0.00
1734425486, 8938421, 0, 38, 0, 0, 0.14%, 7, 0, 10, 0.00
1734425491, 8956228, 0, 38, 0, 0, 0.14%, 7, 0, 10, 0.00
1734425496, 8973419, 0, 38, 0, 0, 0.14%, 7, 0, 10, 0.00
1734425501, 8990605, 0, 38, 0, 0, 0.14%, 7, 0, 10, 0.00
1734425507, 9007698, 0, 38, 0, 0, 0.14%, 7, 0, 10, 0.00
1734425512, 9025550, 0, 38, 0, 0, 0.14%, 7, 0, 10, 0.00
1734425517, 9042673, 0, 38, 0, 0, 0.14%, 7, 0, 10, 0.00
1734425522, 9059782, 0, 38, 0, 0, 0.14%, 7, 0, 10, 0.00
1734425527, 9077606, 0, 38, 0, 0, 0.14%, 7, 0, 10, 0.00
1734425533, 9094102, 0, 38, 0, 0, 0.14%, 7, 0, 10, 0.00
1734425538, 9112018, 0, 38, 0, 0, 0.14%, 7, 0, 10, 0.00
1734425543, 9129228, 0, 38, 0, 0, 0.14%, 7, 0, 10, 0.00
1734425548, 9146336, 0, 38, 0, 0, 0.14%, 7, 0, 10, 0.00
1734425553, 9163878, 0, 38, 0, 0, 0.14%, 7, 0, 10, 0.00
1734425559, 9180860, 0, 38, 0, 0, 0.14%, 7, 0, 10, 0.00
1734425564, 9198492, 0, 38, 0, 0, 0.14%, 7, 0, 10, 0.00
1734425569, 9215596, 0, 38, 0, 0, 0.14%, 7, 0, 10, 0.00
1734425574, 9232719, 0, 38, 0, 0, 0.14%, 7, 0, 10, 0.00
1734425579, 9249897, 0, 38, 0, 0, 0.14%, 7, 0, 10, 0.00
1734425585, 9267708, 0, 38, 0, 0, 0.14%, 7, 0, 10, 0.00
1734425590, 9284843, 0, 38, 0, 0, 0.14%, 7, 0, 10, 0.00
1734425595, 9301986, 0, 38, 0, 0, 0.14%, 7, 0, 10, 0.00
1734425600, 9319117, 0, 38, 0, 0, 0.14%, 7, 0, 10, 0.00
1734425605, 9336458, 0, 38, 0, 0, 0.14%, 7, 0, 10, 0.00
1734425611, 9353993, 0, 38, 0, 0, 0.14%, 7, 0, 10, 0.00
1734425616, 9371163, 0, 38, 0, 0, 0.14%, 7, 0, 10, 0.00
1734425621, 9388886, 0, 38, 0, 0, 0.14%, 7, 0, 10, 0.00
1734425626, 9405991, 0, 38, 0, 0, 0.14%, 7, 0, 10, 0.00
1734425631, 9423814, 0, 38, 0, 0, 0.14%, 7, 0, 10, 0.00
1734425637, 9440968, 0, 38, 0, 0, 0.14%, 7, 0, 10, 0.00
1734425642, 9458793, 0, 38, 0, 0, 0.14%, 7, 0, 10, 0.00
1734425647, 9475934, 0, 38, 0, 0, 0.14%, 7, 0, 10, 0.00
1734425652, 9493075, 0, 38, 0, 0, 0.14%, 7, 0, 10, 0.00
1734425657, 9510903, 0, 38, 0, 0, 0.14%, 7, 0, 10, 0.00
1734425663, 9528100, 0, 38, 0, 0, 0.14%, 7, 0, 10, 0.00
1734425668, 9545887, 0, 38, 0, 0, 0.14%, 7, 0, 10, 0.00
1734425673, 9563702, 0, 38, 0, 0, 0.14%, 7, 0, 10, 0.00
1734425678, 9580842, 0, 38, 0, 0, 0.14%, 7, 0, 10, 0.00
1734425683, 9597906, 0, 38, 0, 0, 0.14%, 7, 0, 10, 0.00
1734425689, 9614900, 0, 38, 0, 0, 0.14%, 7, 0, 10, 0.00
1734425694, 9632665, 0, 38, 0, 0, 0.14%, 7, 0, 10, 0.00
1734425699, 9649884, 0, 38, 0, 0, 0.14%, 7, 0, 10, 0.00
1734425704, 9667596, 0, 38, 0, 0, 0.14%, 7, 0, 10, 0.00
1734425709, 9684653, 0, 38, 0, 0, 0.14%, 7, 0, 10, 0.00
1734425715, 9701721, 0, 38, 0, 0, 0.14%, 7, 0, 10, 0.00
1734425720, 9718862, 0, 38, 0, 0, 0.14%, 7, 0, 10, 0.00
1734425725, 9737254, 0, 38, 0, 0, 0.14%, 7, 0, 10, 0.00
1734425730, 9753703, 0, 38, 0, 0, 0.14%, 7, 0, 10, 0.00
1734425735, 9770940, 0, 38, 0, 0, 0.14%, 7, 0, 10, 0.00
1734425741, 9788052, 0, 38, 0, 0, 0.14%, 7, 0, 10, 0.00
1734425746, 9805205, 0, 38, 0, 0, 0.14%, 7, 0, 10, 0.00
1734425751, 9822928, 0, 38, 0, 0, 0.14%, 7, 0, 10, 0.00
1734425756, 9840093, 0, 38, 0, 0, 0.14%, 7, 0, 10, 0.00
1734425761, 9857278, 0, 38, 0, 0, 0.14%, 7, 0, 10, 0.00
1734425767, 9875203, 0, 38, 0, 0, 0.14%, 7, 0, 10, 0.00
1734425772, 9892813, 0, 38, 0, 0, 0.14%, 7, 0, 10, 0.00
1734425777, 9910058, 0, 38, 0, 0, 0.14%, 7, 0, 10, 0.00
1734425782, 9927256, 0, 38, 0, 0, 0.14%, 7, 0, 10, 0.00
1734425787, 9944285, 0, 38, 0, 0, 0.14%, 7, 0, 10, 0.00
1734425793, 9962183, 0, 38, 0, 0, 0.14%, 7, 0, 10, 0.00
1734425798, 9979300, 0, 38, 0, 0, 0.14%, 7, 0, 10, 0.00
1734425803, 9996373, 0, 38, 0, 0, 0.14%, 7, 0, 10, 0.00
1734425808, 10013466, 0, 38, 0, 0, 0.14%, 7, 0, 10, 0.00
1734425813, 10031259, 0, 38, 0, 0, 0.14%, 7, 0, 10, 0.00
1734425819, 10048859, 0, 38, 0, 0, 0.14%, 7, 0, 10, 0.00
