# unix_time, cycles_done, cur_path, paths_total, pending_total, pending_favs, map_size, unique_crashes, unique_hangs, max_depth, execs_per_sec
1733639709, 0, 0, 10, 10, 1, 0.01%, 0, 0, 1, 36.15
1733639714, 0, 4, 10, 10, 1, 0.01%, 0, 0, 1, 36.19
1733639730, 1, 0, 10, 4, 0, 0.01%, 0, 0, 1, 44.65
1733639735, 1, 1, 10, 3, 0, 0.01%, 0, 0, 1, 43.27
1733639740, 1, 1, 11, 4, 0, 0.14%, 1, 0, 2, 43.00
1733639745, 1, 10, 11, 3, 1, 0.14%, 1, 0, 2, 54.02
1733639750, 1, 10, 12, 4, 1, 0.14%, 2, 0, 3, 53.99
1733639790, 2, 11, 12, 2, 0, 0.14%, 2, 0, 3, 57.37
1733639795, 2, 11, 13, 3, 0, 0.14%, 3, 0, 4, 60.41
1733639816, 2, 12, 13, 3, 1, 0.14%, 3, 0, 4, 59.61
1733639872, 2, 12, 14, 4, 1, 0.14%, 3, 0, 5, 48.53
1733639882, 2, 12, 15, 5, 1, 0.14%, 3, 0, 5, 49.60
1733639948, 2, 13, 16, 5, 1, 0.14%, 3, 0, 6, 52.94
1733640009, 4, 15, 17, 2, 0, 0.14%, 3, 0, 7, 78.13
1733640040, 4, 15, 19, 4, 0, 0.14%, 3, 0, 7, 50.77
1733640045, 4, 18, 19, 3, 1, 0.14%, 3, 0, 7, 60.93
1733640161, 7, 16, 19, 1, 0, 0.14%, 3, 0, 7, 59.68
1733640191, 8, 14, 19, 1, 0, 0.14%, 3, 0, 7, 74.07
1733640258, 8, 16, 19, 1, 0, 0.14%, 3, 0, 7, 46.56
1733640263, 9, 14, 19, 1, 0, 0.14%, 3, 0, 7, 50.08
1733640273, 9, 16, 19, 1, 0, 0.14%, 3, 0, 7, 51.95
1733640288, 10, 14, 19, 1, 0, 0.14%, 3, 0, 7, 48.32
1733640309, 10, 16, 19, 1, 0, 0.14%, 3, 0, 7, 50.02
1733640354, 11, 14, 20, 2, 0, 0.14%, 4, 0, 7, 56.23
1733640395, 11, 19, 21, 3, 1, 0.14%, 5, 0, 7, 86.84
1733640415, 11, 19, 22, 4, 1, 0.14%, 5, 0, 7, 59.83
1733640420, 11, 19, 23, 5, 1, 0.14%, 5, 0, 7, 58.19
1733640466, 11, 19, 24, 6, 1, 0.14%, 5, 0, 7, 55.67
1733640517, 11, 21, 24, 4, 1, 0.14%, 5, 0, 7, 54.36
1733640588, 11, 21, 25, 5, 1, 0.14%, 5, 0, 8, 46.84
1733640603, 11, 24, 28, 7, 1, 0.14%, 5, 0, 9, 62.62
1733640767, 11, 24, 29, 8, 1, 0.14%, 5, 0, 9, 63.14
1733640854, 11, 24, 30, 9, 1, 0.14%, 5, 0, 9, 61.65
1733640889, 11, 28, 30, 8, 2, 0.14%, 5, 0, 9, 76.18
1733640899, 11, 28, 32, 10, 2, 0.14%, 6, 0, 10, 94.31
1733641133, 11, 28, 33, 11, 2, 0.14%, 6, 0, 10, 72.00
1733641144, 11, 28, 34, 12, 2, 0.14%, 6, 0, 10, 73.76
1733641174, 11, 28, 35, 13, 2, 0.14%, 6, 0, 10, 73.98
1733641215, 11, 28, 36, 14, 2, 0.14%, 6, 0, 10, 74.00
1733641235, 11, 29, 36, 13, 2, 0.14%, 6, 0, 10, 64.57
1733641367, 11, 35, 36, 12, 1, 0.14%, 6, 0, 10, 80.49
1733641567, 12, 27, 36, 10, 0, 0.14%, 6, 0, 10, 66.57
1733641572, 12, 32, 36, 9, 0, 0.14%, 6, 0, 10, 104.46
1733641873, 12, 34, 36, 8, 0, 0.14%, 6, 0, 10, 57.03
1733642261, 13, 23, 36, 7, 0, 0.14%, 6, 0, 10, 72.75
1733642302, 13, 23, 37, 8, 0, 0.14%, 6, 0, 10, 68.54
1733642383, 13, 36, 37, 7, 1, 0.14%, 6, 0, 10, 79.62
1733642434, 13, 36, 38, 8, 1, 0.14%, 6, 0, 10, 69.82
1733642475, 13, 36, 39, 9, 1, 0.14%, 6, 0, 10, 68.00
1733642516, 13, 36, 40, 10, 1, 0.14%, 6, 0, 10, 68.03
1733642541, 13, 38, 40, 9, 1, 0.14%, 6, 0, 10, 88.93
1733642643, 13, 39, 40, 8, 0, 0.14%, 6, 0, 10, 72.78
1733642914, 15, 17, 40, 7, 0, 0.14%, 6, 0, 10, 55.57
1733642919, 15, 33, 40, 3, 0, 0.14%, 6, 0, 10, 72.95
1733643170, 16, 37, 40, 2, 0, 0.14%, 6, 0, 10, 48.29
1733645146, 21, 37, 40, 1, 0, 0.14%, 6, 0, 10, 76.58
1733645151, 22, 14, 40, 1, 0, 0.14%, 6, 0, 10, 68.72
1733645171, 22, 37, 40, 0, 0, 0.14%, 6, 0, 10, 62.80
1733645186, 23, 37, 40, 0, 0, 0.14%, 6, 0, 10, 84.48
1733645212, 24, 37, 40, 0, 0, 0.14%, 6, 0, 10, 82.14
1733645247, 25, 37, 40, 0, 0, 0.14%, 6, 0, 10, 77.80
1733645278, 26, 37, 40, 0, 0, 0.14%, 6, 0, 10, 81.90
1733645313, 27, 37, 40, 0, 0, 0.14%, 6, 0, 10, 91.74
1733645344, 28, 30, 40, 0, 0, 0.14%, 6, 0, 10, 110.96
1733645593, 28, 37, 40, 0, 0, 0.14%, 6, 0, 10, 89.33
1733645624, 29, 37, 40, 0, 0, 0.14%, 6, 0, 10, 73.02
1733645660, 30, 37, 40, 0, 0, 0.14%, 6, 0, 10, 80.26
1733645690, 31, 37, 40, 0, 0, 0.14%, 6, 0, 10, 81.22
1733645726, 32, 30, 40, 0, 0, 0.14%, 6, 0, 10, 62.54
1733645731, 33, 30, 40, 0, 0, 0.14%, 6, 0, 10, 70.75
1733645751, 34, 30, 40, 0, 0, 0.14%, 6, 0, 10, 69.15
1733645787, 35, 30, 40, 0, 0, 0.14%, 6, 0, 10, 74.61
1733645822, 36, 30, 40, 0, 0, 0.14%, 6, 0, 10, 68.26
1733645858, 37, 30, 40, 0, 0, 0.14%, 6, 0, 10, 67.05
1733645889, 38, 21, 40, 0, 0, 0.14%, 6, 0, 10, 59.67
1733645899, 40, 14, 40, 0, 0, 0.14%, 6, 0, 10, 66.74
1733645929, 41, 19, 40, 0, 0, 0.14%, 6, 0, 10, 68.97
1733645939, 43, 14, 40, 0, 0, 0.14%, 6, 0, 10, 67.32
1733645975, 46, 21, 40, 0, 0, 0.14%, 6, 0, 10, 60.77
1733645995, 58, 14, 40, 0, 0, 0.14%, 6, 0, 10, 65.68
1733646031, 58, 16, 40, 0, 0, 0.14%, 6, 0, 10, 66.36
1733646071, 64, 36, 40, 0, 0, 0.14%, 6, 0, 10, 60.24
1733646076, 71, 14, 40, 0, 0, 0.14%, 6, 0, 10, 66.83
1733646112, 81, 21, 40, 0, 0, 0.14%, 6, 0, 10, 64.22
1733646132, 81, 38, 40, 0, 0, 0.14%, 6, 0, 10, 64.45
1733646137, 83, 38, 40, 0, 0, 0.14%, 6, 0, 10, 72.28
1733646157, 84, 16, 40, 0, 0, 0.14%, 6, 0, 10, 61.16
1733646193, 85, 19, 40, 0, 0, 0.14%, 6, 0, 10, 68.74
1733646213, 89, 38, 40, 0, 0, 0.14%, 6, 0, 10, 65.92
1733646248, 90, 14, 40, 0, 0, 0.14%, 6, 0, 10, 65.92
1733646279, 92, 36, 40, 0, 0, 0.14%, 6, 0, 10, 59.35
1733646294, 93, 33, 40, 0, 0, 0.14%, 6, 0, 10, 67.18
1733646304, 95, 19, 40, 0, 0, 0.14%, 6, 0, 10, 60.96
1733646320, 95, 21, 40, 0, 0, 0.14%, 6, 0, 10, 57.29
1733646340, 96, 22, 40, 0, 0, 0.14%, 6, 0, 10, 79.64
1733646381, 97, 15, 40, 0, 0, 0.14%, 6, 0, 10, 61.39
1733646386, 99, 13, 40, 0, 0, 0.14%, 6, 0, 10, 60.19
1733646391, 104, 16, 40, 0, 0, 0.14%, 6, 0, 10, 64.29
1733646431, 105, 14, 40, 0, 0, 0.14%, 6, 0, 10, 68.13
1733646467, 105, 15, 40, 0, 0, 0.14%, 6, 0, 10, 62.68
1733646477, 106, 13, 40, 0, 0, 0.14%, 6, 0, 10, 61.92
1733646487, 106, 15, 40, 0, 0, 0.14%, 6, 0, 10, 60.50
1733646507, 115, 36, 40, 0, 0, 0.14%, 6, 0, 10, 61.21
1733646533, 118, 15, 40, 0, 0, 0.14%, 6, 0, 10, 63.02
1733646568, 120, 25, 40, 0, 0, 0.14%, 6, 0, 10, 65.47
1733646614, 123, 21, 40, 0, 0, 0.14%, 6, 0, 10, 59.12
1733646640, 125, 36, 40, 0, 0, 0.14%, 6, 0, 10, 71.72
1733646681, 128, 33, 40, 0, 0, 0.14%, 6, 0, 10, 72.00
1733646712, 129, 22, 40, 0, 0, 0.14%, 6, 0, 10, 64.79
1733646717, 130, 11, 40, 0, 0, 0.14%, 6, 0, 10, 62.13
1733646722, 135, 20, 40, 0, 0, 0.14%, 6, 0, 10, 71.39
1733646762, 135, 36, 40, 0, 0, 0.14%, 6, 0, 10, 72.80
1733646798, 136, 33, 40, 0, 0, 0.14%, 6, 0, 10, 76.99
1733646834, 137, 20, 40, 0, 0, 0.14%, 6, 0, 10, 64.97
1733646839, 139, 13, 40, 0, 0, 0.14%, 6, 0, 10, 65.58
1733646864, 140, 17, 40, 0, 0, 0.14%, 6, 0, 10, 61.73
1733646869, 143, 39, 40, 0, 0, 0.14%, 6, 0, 10, 65.15
1733646874, 144, 11, 40, 0, 0, 0.14%, 6, 0, 10, 61.63
1733646884, 149, 14, 40, 0, 0, 0.14%, 6, 0, 10, 64.37
1733646920, 150, 17, 40, 0, 0, 0.14%, 6, 0, 10, 68.47
1733646986, 150, 21, 40, 0, 0, 0.14%, 6, 0, 10, 60.86
1733647021, 151, 25, 40, 0, 0, 0.14%, 6, 0, 10, 62.80
1733647027, 152, 26, 40, 0, 0, 0.14%, 6, 0, 10, 68.25
1733647083, 154, 25, 40, 0, 0, 0.14%, 6, 0, 10, 64.57
1733647098, 156, 21, 40, 0, 0, 0.14%, 6, 0, 10, 61.78
1733647134, 158, 13, 40, 0, 0, 0.14%, 6, 0, 10, 63.54
1733647174, 158, 36, 40, 0, 0, 0.14%, 6, 0, 10, 64.40
1733647210, 162, 38, 40, 0, 0, 0.14%, 6, 0, 10, 66.79
1733647245, 163, 18, 40, 0, 0, 0.14%, 6, 0, 10, 68.31
1733647250, 163, 21, 40, 0, 0, 0.14%, 6, 0, 10, 60.30
1733647291, 163, 25, 40, 0, 0, 0.14%, 6, 0, 10, 58.45
1733647311, 164, 17, 40, 0, 0, 0.14%, 6, 0, 10, 57.33
1733647322, 164, 19, 40, 0, 0, 0.14%, 6, 0, 10, 65.45
1733647347, 165, 38, 40, 0, 0, 0.14%, 6, 0, 10, 68.97
1733647382, 166, 11, 40, 0, 0, 0.14%, 6, 0, 10, 57.88
1733647392, 166, 36, 40, 0, 0, 0.14%, 6, 0, 10, 66.30
1733647428, 168, 15, 40, 0, 0, 0.14%, 6, 0, 10, 63.39
1733647464, 168, 22, 40, 0, 0, 0.14%, 6, 0, 10, 60.75
1733647489, 169, 14, 40, 0, 0, 0.14%, 6, 0, 10, 61.52
1733647524, 171, 17, 40, 0, 0, 0.14%, 6, 0, 10, 57.58
1733647550, 171, 33, 40, 0, 0, 0.14%, 6, 0, 10, 79.57
1733647586, 172, 11, 40, 0, 0, 0.14%, 6, 0, 10, 58.46
1733647611, 174, 15, 40, 0, 0, 0.14%, 6, 0, 10, 58.06
1733647646, 174, 25, 40, 0, 0, 0.14%, 6, 0, 10, 62.21
1733647682, 175, 22, 40, 0, 0, 0.14%, 6, 0, 10, 64.09
1733647717, 175, 32, 40, 0, 0, 0.14%, 6, 0, 10, 66.65
1733647727, 176, 21, 40, 0, 0, 0.14%, 6, 0, 10, 58.55
1733647768, 176, 23, 40, 0, 0, 0.14%, 6, 0, 10, 66.56
1733647773, 177, 22, 40, 0, 0, 0.14%, 6, 0, 10, 67.25
1733647808, 178, 32, 40, 0, 0, 0.14%, 6, 0, 10, 59.45
1733647838, 180, 25, 40, 0, 0, 0.14%, 6, 0, 10, 62.90
1733647874, 181, 10, 40, 0, 0, 0.14%, 6, 0, 10, 62.25
1733647879, 181, 15, 40, 0, 0, 0.14%, 6, 0, 10, 61.86
1733647910, 181, 20, 40, 0, 0, 0.14%, 6, 0, 10, 71.09
1733647930, 181, 24, 40, 0, 0, 0.14%, 6, 0, 10, 68.08
1733647935, 184, 22, 40, 0, 0, 0.14%, 6, 0, 10, 66.02
1733647971, 186, 34, 40, 0, 0, 0.14%, 6, 0, 10, 62.23
1733647981, 187, 15, 40, 0, 0, 0.14%, 6, 0, 10, 64.57
1733648021, 189, 14, 40, 0, 0, 0.14%, 6, 0, 10, 61.24
1733648057, 189, 22, 40, 0, 0, 0.14%, 6, 0, 10, 61.98
1733648093, 189, 36, 40, 0, 0, 0.14%, 6, 0, 10, 70.43
1733648128, 190, 17, 40, 0, 0, 0.14%, 6, 0, 10, 61.34
1733648169, 190, 36, 40, 0, 0, 0.14%, 6, 0, 10, 65.76
1733648204, 191, 36, 40, 0, 0, 0.14%, 6, 0, 10, 68.13
1733648240, 192, 38, 40, 0, 0, 0.14%, 6, 0, 10, 68.95
1733648275, 193, 19, 40, 0, 0, 0.14%, 6, 0, 10, 62.14
1733648311, 193, 31, 40, 0, 0, 0.14%, 6, 0, 10, 81.86
1733648576, 193, 38, 40, 0, 0, 0.14%, 6, 0, 10, 73.00
1733648612, 195, 13, 40, 0, 0, 0.14%, 6, 0, 10, 59.82
1733648647, 198, 20, 40, 0, 0, 0.14%, 6, 0, 10, 56.67
1733648688, 198, 21, 40, 0, 0, 0.14%, 6, 0, 10, 60.93
1733648728, 199, 36, 40, 0, 0, 0.14%, 6, 0, 10, 67.93
1733648764, 201, 28, 40, 0, 0, 0.14%, 6, 0, 10, 67.03
1733648774, 201, 39, 40, 0, 0, 0.14%, 6, 0, 10, 68.76
1733648794, 202, 11, 40, 0, 0, 0.14%, 6, 0, 10, 58.44
1733648834, 203, 13, 40, 0, 0, 0.14%, 6, 0, 10, 61.37
1733648870, 203, 22, 40, 0, 0, 0.14%, 6, 0, 10, 59.74
1733648911, 203, 34, 40, 0, 0, 0.14%, 6, 0, 10, 70.81
1733648931, 203, 38, 40, 0, 0, 0.14%, 6, 0, 10, 69.39
1733648967, 206, 11, 40, 0, 0, 0.14%, 6, 0, 10, 57.54
1733649007, 206, 24, 40, 0, 0, 0.14%, 6, 0, 10, 61.11
1733649018, 206, 32, 40, 0, 0, 0.14%, 6, 0, 10, 70.73
1733649054, 207, 17, 40, 0, 0, 0.14%, 6, 0, 10, 62.20
1733649094, 208, 15, 40, 0, 0, 0.14%, 6, 0, 10, 57.22
1733649124, 210, 38, 40, 0, 0, 0.14%, 6, 0, 10, 62.07
1733649160, 212, 20, 40, 0, 0, 0.14%, 6, 0, 10, 70.55
1733649196, 212, 23, 40, 0, 0, 0.14%, 6, 0, 10, 67.42
1733649211, 213, 17, 40, 0, 0, 0.14%, 6, 0, 10, 60.00
1733649246, 213, 22, 40, 0, 0, 0.14%, 6, 0, 10, 64.44
1733649282, 214, 16, 40, 0, 0, 0.14%, 6, 0, 10, 61.32
1733649317, 214, 18, 40, 0, 0, 0.14%, 6, 0, 10, 60.76
1733649327, 216, 21, 40, 0, 0, 0.14%, 6, 0, 10, 59.97
1733649363, 218, 17, 40, 0, 0, 0.14%, 6, 0, 10, 67.23
1733649403, 218, 18, 40, 0, 0, 0.14%, 6, 0, 10, 61.41
1733649424, 218, 29, 40, 0, 0, 0.14%, 6, 0, 10, 68.65
1733649434, 218, 32, 40, 0, 0, 0.14%, 6, 0, 10, 73.92
1733649470, 219, 22, 40, 0, 0, 0.14%, 6, 0, 10, 64.85
1733649500, 220, 26, 40, 0, 0, 0.14%, 6, 0, 10, 68.83
1733649510, 221, 21, 40, 0, 0, 0.14%, 6, 0, 10, 62.44
1733649546, 223, 34, 40, 0, 0, 0.14%, 6, 0, 10, 70.27
1733649581, 226, 11, 40, 0, 0, 0.14%, 6, 0, 10, 59.62
1733649622, 226, 38, 40, 0, 0, 0.14%, 6, 0, 10, 67.03
1733649657, 227, 23, 40, 0, 0, 0.14%, 6, 0, 10, 61.13
1733649688, 227, 25, 40, 0, 0, 0.14%, 6, 0, 10, 62.68
1733649723, 228, 20, 40, 0, 0, 0.14%, 6, 0, 10, 64.79
1733649758, 228, 28, 40, 0, 0, 0.14%, 6, 0, 10, 69.18
1733649779, 229, 23, 40, 0, 0, 0.14%, 6, 0, 10, 64.97
1733649814, 229, 35, 40, 0, 0, 0.14%, 6, 0, 10, 70.58
1733649824, 230, 33, 40, 0, 0, 0.14%, 6, 0, 10, 67.58
1733649860, 231, 33, 40, 0, 0, 0.14%, 6, 0, 10, 66.78
1733649895, 232, 34, 40, 0, 0, 0.14%, 6, 0, 10, 65.53
1733649936, 233, 24, 40, 0, 0, 0.14%, 6, 0, 10, 66.47
1733649966, 233, 27, 40, 0, 0, 0.14%, 6, 0, 10, 73.48
1733650038, 237, 20, 40, 0, 0, 0.14%, 6, 0, 10, 58.70
1733650073, 237, 27, 40, 0, 0, 0.14%, 6, 0, 10, 67.27
1733650089, 237, 38, 40, 0, 0, 0.14%, 6, 0, 10, 65.44
1733650124, 238, 16, 40, 0, 0, 0.14%, 6, 0, 10, 58.49
1733650160, 238, 20, 40, 0, 0, 0.14%, 6, 0, 10, 68.36
1733650201, 238, 32, 40, 0, 0, 0.14%, 6, 0, 10, 71.81
1733650236, 241, 16, 40, 0, 0, 0.14%, 6, 0, 10, 59.79
1733650272, 241, 18, 40, 0, 0, 0.14%, 6, 0, 10, 65.16
1733650312, 241, 27, 40, 0, 0, 0.14%, 6, 0, 10, 67.73
1733650343, 241, 32, 40, 0, 0, 0.14%, 6, 0, 10, 69.30
1733650378, 243, 39, 40, 0, 0, 0.14%, 6, 0, 10, 63.39
1733650414, 244, 23, 40, 0, 0, 0.14%, 6, 0, 10, 65.34
1733650454, 244, 35, 40, 0, 0, 0.14%, 6, 0, 10, 73.35
1733650474, 245, 16, 40, 0, 0, 0.14%, 6, 0, 10, 58.45
1733650515, 246, 22, 40, 0, 0, 0.14%, 6, 0, 10, 65.94
1733650550, 246, 29, 40, 0, 0, 0.14%, 6, 0, 10, 68.77
1733650565, 249, 18, 40, 0, 0, 0.14%, 6, 0, 10, 62.27
1733650606, 249, 23, 40, 0, 0, 0.14%, 6, 0, 10, 66.32
1733650641, 249, 35, 40, 0, 0, 0.14%, 6, 0, 10, 74.69
1733650676, 251, 16, 40, 0, 0, 0.14%, 6, 0, 10, 60.31
1733650717, 254, 18, 40, 0, 0, 0.14%, 6, 0, 10, 59.49
1733650752, 254, 39, 40, 0, 0, 0.14%, 6, 0, 10, 63.07
1733650788, 255, 20, 40, 0, 0, 0.14%, 6, 0, 10, 66.05
1733650823, 255, 21, 40, 0, 0, 0.14%, 6, 0, 10, 61.54
1733650864, 255, 23, 40, 0, 0, 0.14%, 6, 0, 10, 66.53
1733650900, 256, 27, 40, 0, 0, 0.14%, 6, 0, 10, 64.40
1733650935, 257, 22, 40, 0, 0, 0.14%, 6, 0, 10, 62.22
1733650970, 258, 21, 40, 0, 0, 0.14%, 6, 0, 10, 68.88
1733651006, 260, 10, 40, 0, 0, 0.14%, 6, 0, 10, 61.49
1733651011, 261, 21, 40, 0, 0, 0.14%, 6, 0, 10, 59.23
1733651016, 262, 10, 40, 0, 0, 0.14%, 6, 0, 10, 62.93
1733651026, 262, 13, 40, 0, 0, 0.14%, 6, 0, 10, 61.09
1733651062, 263, 28, 40, 0, 0, 0.14%, 6, 0, 10, 71.79
1733651097, 264, 28, 40, 0, 0, 0.14%, 6, 0, 10, 74.70
1733651133, 264, 29, 40, 0, 0, 0.14%, 6, 0, 10, 69.31
1733651168, 265, 27, 40, 0, 0, 0.14%, 6, 0, 10, 68.25
1733651204, 267, 28, 40, 0, 0, 0.14%, 6, 0, 10, 71.49
1733651234, 268, 25, 40, 0, 0, 0.14%, 6, 0, 10, 54.69
1733651270, 273, 26, 40, 0, 0, 0.14%, 6, 0, 10, 61.45
1733651290, 274, 10, 40, 0, 0, 0.14%, 6, 0, 10, 59.19
1733651300, 275, 16, 40, 0, 0, 0.14%, 6, 0, 10, 62.47
1733651341, 278, 12, 40, 0, 0, 0.14%, 6, 0, 10, 55.00
1733651356, 278, 24, 40, 0, 0, 0.14%, 6, 0, 10, 70.86
1733651387, 281, 10, 40, 0, 0, 0.14%, 6, 0, 10, 60.36
1733651417, 284, 21, 40, 0, 0, 0.14%, 6, 0, 10, 64.77
1733651422, 284, 29, 40, 0, 0, 0.14%, 6, 0, 10, 65.04
1733651457, 285, 12, 40, 0, 0, 0.14%, 6, 0, 10, 59.71
1733651483, 288, 29, 40, 0, 0, 0.14%, 6, 0, 10, 64.26
1733651518, 291, 29, 40, 0, 0, 0.14%, 6, 0, 10, 68.04
1733651554, 292, 10, 40, 0, 0, 0.14%, 6, 0, 10, 63.26
1733651594, 294, 20, 40, 0, 0, 0.14%, 6, 0, 10, 63.60
1733651630, 295, 11, 40, 0, 0, 0.14%, 6, 0, 10, 58.17
1733651671, 296, 12, 40, 0, 0, 0.14%, 6, 0, 10, 58.73
1733651701, 297, 19, 40, 0, 0, 0.14%, 6, 0, 10, 60.62
1733651737, 298, 11, 40, 0, 0, 0.14%, 6, 0, 10, 61.63
1733651773, 299, 20, 40, 0, 0, 0.14%, 6, 0, 10, 66.48
1733651808, 301, 26, 40, 0, 0, 0.14%, 6, 0, 10, 67.83
1733651844, 303, 12, 40, 0, 0, 0.14%, 6, 0, 10, 56.52
1733651874, 304, 24, 40, 0, 0, 0.14%, 6, 0, 10, 63.92
1733651910, 304, 26, 40, 0, 0, 0.14%, 6, 0, 10, 67.79
1733651940, 305, 39, 40, 0, 0, 0.14%, 6, 0, 10, 66.20
1733651981, 306, 24, 40, 0, 0, 0.14%, 6, 0, 10, 70.27
1733652011, 308, 28, 40, 0, 0, 0.14%, 6, 0, 10, 74.11
1733652042, 308, 35, 40, 0, 0, 0.14%, 6, 0, 10, 61.89
1733652077, 309, 35, 40, 0, 0, 0.14%, 6, 0, 10, 66.84
1733652113, 310, 39, 40, 0, 0, 0.14%, 6, 0, 10, 61.03
1733652149, 312, 29, 40, 0, 0, 0.14%, 6, 0, 10, 64.11
1733652184, 313, 29, 40, 0, 0, 0.14%, 6, 0, 10, 66.34
1733652220, 315, 28, 40, 0, 0, 0.14%, 6, 0, 10, 62.27
1733652255, 315, 29, 40, 0, 0, 0.14%, 6, 0, 10, 62.24
1733652291, 316, 35, 40, 0, 0, 0.14%, 6, 0, 10, 75.43
1733652326, 317, 21, 40, 0, 0, 0.14%, 6, 0, 10, 58.91
1733652331, 317, 39, 40, 0, 0, 0.14%, 6, 0, 10, 65.31
1733652367, 318, 19, 40, 0, 0, 0.14%, 6, 0, 10, 62.32
1733652402, 320, 34, 40, 0, 0, 0.14%, 6, 0, 10, 63.38
1733652438, 323, 20, 40, 0, 0, 0.14%, 6, 0, 10, 57.11
1733652478, 324, 31, 40, 0, 0, 0.14%, 6, 0, 10, 66.30
1733652489, 325, 35, 40, 0, 0, 0.14%, 6, 0, 10, 72.11
1733652524, 326, 34, 40, 0, 0, 0.14%, 6, 0, 10, 58.61
1733652560, 329, 24, 40, 0, 0, 0.14%, 6, 0, 10, 56.89
1733652595, 331, 39, 40, 0, 0, 0.14%, 6, 0, 10, 67.76
1733652631, 333, 21, 40, 0, 0, 0.14%, 6, 0, 10, 57.27
1733652636, 345, 21, 40, 0, 0, 0.14%, 6, 0, 10, 59.41
1733652646, 355, 31, 40, 0, 0, 0.14%, 6, 0, 10, 66.98
1733652667, 360, 12, 40, 0, 0, 0.14%, 6, 0, 10, 54.89
1733652702, 378, 21, 40, 0, 0, 0.14%, 6, 0, 10, 59.56
1733652707, 401, 21, 40, 0, 0, 0.14%, 6, 0, 10, 62.16
1733652712, 404, 19, 40, 0, 0, 0.14%, 6, 0, 10, 63.08
1733652748, 406, 19, 40, 0, 0, 0.14%, 6, 0, 10, 60.67
1733652788, 409, 21, 40, 0, 0, 0.14%, 6, 0, 10, 64.86
1733652794, 411, 31, 40, 0, 0, 0.14%, 6, 0, 10, 68.72
1733652829, 413, 26, 40, 0, 0, 0.14%, 6, 0, 10, 63.86
1733652870, 415, 31, 40, 0, 0, 0.14%, 6, 0, 10, 68.35
1733652905, 421, 26, 40, 0, 0, 0.14%, 6, 0, 10, 59.83
1733652940, 428, 21, 40, 0, 0, 0.14%, 6, 0, 10, 59.89
1733652946, 436, 31, 40, 0, 0, 0.14%, 6, 0, 10, 70.24
1733652981, 457, 19, 40, 0, 0, 0.14%, 6, 0, 10, 66.07
1733653016, 459, 21, 40, 0, 0, 0.14%, 6, 0, 10, 62.95
1733653021, 462, 31, 40, 0, 0, 0.14%, 6, 0, 10, 68.69
1733653057, 479, 19, 40, 0, 0, 0.14%, 6, 0, 10, 67.62
1733653092, 490, 21, 40, 0, 0, 0.14%, 6, 0, 10, 67.30
1733653097, 502, 21, 40, 0, 0, 0.14%, 6, 0, 10, 62.45
1733653102, 509, 21, 40, 0, 0, 0.14%, 6, 0, 10, 63.13
1733653107, 515, 19, 40, 0, 0, 0.14%, 6, 0, 10, 57.70
1733653148, 529, 19, 40, 0, 0, 0.14%, 6, 0, 10, 62.95
1733653183, 540, 19, 40, 0, 0, 0.14%, 6, 0, 10, 68.69
1733653188, 558, 19, 40, 0, 0, 0.14%, 6, 0, 10, 63.21
1733653193, 570, 21, 40, 0, 0, 0.14%, 6, 0, 10, 65.87
1733653198, 572, 21, 40, 0, 0, 0.14%, 6, 0, 10, 64.23
1733653203, 575, 21, 40, 0, 0, 0.14%, 6, 0, 10, 61.00
1733653208, 580, 19, 40, 0, 0, 0.14%, 6, 0, 10, 60.24
1733653213, 598, 19, 40, 0, 0, 0.14%, 6, 0, 10, 63.09
1733653219, 613, 19, 40, 0, 0, 0.14%, 6, 0, 10, 59.49
1733653224, 615, 19, 40, 0, 0, 0.14%, 6, 0, 10, 60.80
1733653229, 622, 19, 40, 0, 0, 0.14%, 6, 0, 10, 64.14
1733653234, 636, 19, 40, 0, 0, 0.14%, 6, 0, 10, 60.50
1733653239, 642, 21, 40, 0, 0, 0.14%, 6, 0, 10, 61.70
1733653249, 680, 21, 40, 0, 0, 0.14%, 6, 0, 10, 68.00
1733653259, 682, 21, 40, 0, 0, 0.14%, 6, 0, 10, 60.96
1733653264, 699, 21, 40, 0, 0, 0.14%, 6, 0, 10, 62.28
1733653269, 700, 21, 40, 0, 0, 0.14%, 6, 0, 10, 62.68
1733653274, 702, 21, 40, 0, 0, 0.14%, 6, 0, 10, 63.12
1733653280, 703, 21, 40, 0, 0, 0.14%, 6, 0, 10, 62.74
1733653285, 709, 21, 40, 0, 0, 0.14%, 6, 0, 10, 62.26
1733653290, 737, 21, 40, 0, 0, 0.14%, 6, 0, 10, 63.44
1733653295, 743, 21, 40, 0, 0, 0.14%, 6, 0, 10, 63.30
1733653300, 748, 19, 40, 0, 0, 0.14%, 6, 0, 10, 62.07
1733653305, 752, 19, 40, 0, 0, 0.14%, 6, 0, 10, 65.46
1733653310, 760, 21, 40, 0, 0, 0.14%, 6, 0, 10, 62.48
1733653315, 768, 21, 40, 0, 0, 0.14%, 6, 0, 10, 60.63
1733653325, 793, 19, 40, 0, 0, 0.14%, 6, 0, 10, 63.19
1733653330, 801, 21, 40, 0, 0, 0.14%, 6, 0, 10, 61.70
1733653335, 844, 19, 40, 0, 0, 0.14%, 6, 0, 10, 62.74
1733653340, 877, 19, 40, 0, 0, 0.14%, 6, 0, 10, 62.64
1733653346, 889, 19, 40, 0, 0, 0.14%, 6, 0, 10, 65.08
1733653351, 892, 19, 40, 0, 0, 0.14%, 6, 0, 10, 64.02
1733653356, 894, 19, 40, 0, 0, 0.14%, 6, 0, 10, 60.58
1733653361, 908, 19, 40, 0, 0, 0.14%, 6, 0, 10, 63.24
1733653366, 928, 19, 40, 0, 0, 0.14%, 6, 0, 10, 64.31
1733653371, 935, 19, 40, 0, 0, 0.14%, 6, 0, 10, 61.42
1733653376, 947, 19, 40, 0, 0, 0.14%, 6, 0, 10, 61.20
1733653381, 963, 19, 40, 0, 0, 0.14%, 6, 0, 10, 62.90
1733653386, 993, 19, 40, 0, 0, 0.14%, 6, 0, 10, 62.00
1733653396, 1046, 19, 40, 0, 0, 0.14%, 6, 0, 10, 64.13
1733653401, 1129, 19, 40, 0, 0, 0.14%, 6, 0, 10, 66.54
1733653407, 1187, 19, 40, 0, 0, 0.14%, 6, 0, 10, 58.96
1733653412, 1207, 19, 40, 0, 0, 0.14%, 6, 0, 10, 68.62
1733653417, 1208, 19, 40, 0, 0, 0.14%, 6, 0, 10, 64.03
1733653422, 1237, 19, 40, 0, 0, 0.14%, 6, 0, 10, 62.75
1733653427, 1499, 0, 40, 0, 0, 0.14%, 6, 0, 10, 60.84
1733653432, 17680, 0, 40, 0, 0, 0.14%, 6, 0, 10, 0.00
1733653437, 33856, 0, 40, 0, 0, 0.14%, 6, 0, 10, 0.00
1733653442, 50034, 0, 40, 0, 0, 0.14%, 6, 0, 10, 0.00
1733653447, 66238, 0, 40, 0, 0, 0.14%, 6, 0, 10, 0.00
1733653453, 82454, 0, 40, 0, 0, 0.14%, 6, 0, 10, 0.00
1733653458, 98555, 0, 40, 0, 0, 0.14%, 6, 0, 10, 0.00
1733653463, 114675, 0, 40, 0, 0, 0.14%, 6, 0, 10, 0.00
1733653468, 130890, 0, 40, 0, 0, 0.14%, 6, 0, 10, 0.00
1733653473, 147003, 0, 40, 0, 0, 0.14%, 6, 0, 10, 0.00
1733653479, 163183, 0, 40, 0, 0, 0.14%, 6, 0, 10, 0.00
1733653484, 179353, 0, 40, 0, 0, 0.14%, 6, 0, 10, 0.00
1733653489, 195559, 0, 40, 0, 0, 0.14%, 6, 0, 10, 0.00
1733653494, 211690, 0, 40, 0, 0, 0.14%, 6, 0, 10, 0.00
1733653499, 227846, 0, 40, 0, 0, 0.14%, 6, 0, 10, 0.00
1733653505, 244037, 0, 40, 0, 0, 0.14%, 6, 0, 10, 0.00
1733653510, 260218, 0, 40, 0, 0, 0.14%, 6, 0, 10, 0.00
1733653515, 276370, 0, 40, 0, 0, 0.14%, 6, 0, 10, 0.00
1733653520, 292500, 0, 40, 0, 0, 0.14%, 6, 0, 10, 0.00
1733653525, 308630, 0, 40, 0, 0, 0.14%, 6, 0, 10, 0.00
1733653531, 324876, 0, 40, 0, 0, 0.14%, 6, 0, 10, 0.00
1733653536, 341021, 0, 40, 0, 0, 0.14%, 6, 0, 10, 0.00
1733653541, 357241, 0, 40, 0, 0, 0.14%, 6, 0, 10, 0.00
1733653546, 373408, 0, 40, 0, 0, 0.14%, 6, 0, 10, 0.00
1733653551, 389582, 0, 40, 0, 0, 0.14%, 6, 0, 10, 0.00
1733653557, 405809, 0, 40, 0, 0, 0.14%, 6, 0, 10, 0.00
1733653562, 421978, 0, 40, 0, 0, 0.14%, 6, 0, 10, 0.00
1733653567, 438095, 0, 40, 0, 0, 0.14%, 6, 0, 10, 0.00
1733653572, 454226, 0, 40, 0, 0, 0.14%, 6, 0, 10, 0.00
1733653577, 470359, 0, 40, 0, 0, 0.14%, 6, 0, 10, 0.00
1733653583, 486492, 0, 40, 0, 0, 0.14%, 6, 0, 10, 0.00
1733653588, 502647, 0, 40, 0, 0, 0.14%, 6, 0, 10, 0.00
1733653593, 518859, 0, 40, 0, 0, 0.14%, 6, 0, 10, 0.00
1733653598, 535059, 0, 40, 0, 0, 0.14%, 6, 0, 10, 0.00
1733653603, 551204, 0, 40, 0, 0, 0.14%, 6, 0, 10, 0.00
1733653609, 567346, 0, 40, 0, 0, 0.14%, 6, 0, 10, 0.00
1733653614, 583513, 0, 40, 0, 0, 0.14%, 6, 0, 10, 0.00
1733653619, 599680, 0, 40, 0, 0, 0.14%, 6, 0, 10, 0.00
1733653624, 615822, 0, 40, 0, 0, 0.14%, 6, 0, 10, 0.00
1733653629, 631982, 0, 40, 0, 0, 0.14%, 6, 0, 10, 0.00
1733653635, 648113, 0, 40, 0, 0, 0.14%, 6, 0, 10, 0.00
1733653640, 664278, 0, 40, 0, 0, 0.14%, 6, 0, 10, 0.00
1733653645, 680426, 0, 40, 0, 0, 0.14%, 6, 0, 10, 0.00
1733653650, 696596, 0, 40, 0, 0, 0.14%, 6, 0, 10, 0.00
1733653655, 712870, 0, 40, 0, 0, 0.14%, 6, 0, 10, 0.00
1733653661, 729034, 0, 40, 0, 0, 0.14%, 6, 0, 10, 0.00
1733653666, 745149, 0, 40, 0, 0, 0.14%, 6, 0, 10, 0.00
1733653671, 761297, 0, 40, 0, 0, 0.14%, 6, 0, 10, 0.00
1733653676, 777473, 0, 40, 0, 0, 0.14%, 6, 0, 10, 0.00
1733653681, 793686, 0, 40, 0, 0, 0.14%, 6, 0, 10, 0.00
1733653687, 809885, 0, 40, 0, 0, 0.14%, 6, 0, 10, 0.00
1733653692, 825960, 0, 40, 0, 0, 0.14%, 6, 0, 10, 0.00
1733653697, 842088, 0, 40, 0, 0, 0.14%, 6, 0, 10, 0.00
1733653702, 858192, 0, 40, 0, 0, 0.14%, 6, 0, 10, 0.00
1733653707, 874409, 0, 40, 0, 0, 0.14%, 6, 0, 10, 0.00
1733653713, 890638, 0, 40, 0, 0, 0.14%, 6, 0, 10, 0.00
1733653718, 906766, 0, 40, 0, 0, 0.14%, 6, 0, 10, 0.00
1733653723, 922979, 0, 40, 0, 0, 0.14%, 6, 0, 10, 0.00
1733653728, 939148, 0, 40, 0, 0, 0.14%, 6, 0, 10, 0.00
1733653733, 955251, 0, 40, 0, 0, 0.14%, 6, 0, 10, 0.00
1733653739, 971489, 0, 40, 0, 0, 0.14%, 6, 0, 10, 0.00
1733653744, 987653, 0, 40, 0, 0, 0.14%, 6, 0, 10, 0.00
1733653749, 1003822, 0, 40, 0, 0, 0.14%, 6, 0, 10, 0.00
1733653754, 1019979, 0, 40, 0, 0, 0.14%, 6, 0, 10, 0.00
1733653759, 1036207, 0, 40, 0, 0, 0.14%, 6, 0, 10, 0.00
1733653765, 1052325, 0, 40, 0, 0, 0.14%, 6, 0, 10, 0.00
1733653770, 1068479, 0, 40, 0, 0, 0.14%, 6, 0, 10, 0.00
1733653775, 1084588, 0, 40, 0, 0, 0.14%, 6, 0, 10, 0.00
1733653780, 1100694, 0, 40, 0, 0, 0.14%, 6, 0, 10, 0.00
1733653785, 1116876, 0, 40, 0, 0, 0.14%, 6, 0, 10, 0.00
1733653791, 1133078, 0, 40, 0, 0, 0.14%, 6, 0, 10, 0.00
1733653796, 1149303, 0, 40, 0, 0, 0.14%, 6, 0, 10, 0.00
1733653801, 1165478, 0, 40, 0, 0, 0.14%, 6, 0, 10, 0.00
1733653806, 1181661, 0, 40, 0, 0, 0.14%, 6, 0, 10, 0.00
1733653811, 1197874, 0, 40, 0, 0, 0.14%, 6, 0, 10, 0.00
1733653817, 1214110, 0, 40, 0, 0, 0.14%, 6, 0, 10, 0.00
1733653822, 1230308, 0, 40, 0, 0, 0.14%, 6, 0, 10, 0.00
1733653827, 1246465, 0, 40, 0, 0, 0.14%, 6, 0, 10, 0.00
1733653832, 1262620, 0, 40, 0, 0, 0.14%, 6, 0, 10, 0.00
1733653837, 1278802, 0, 40, 0, 0, 0.14%, 6, 0, 10, 0.00
1733653843, 1295002, 0, 40, 0, 0, 0.14%, 6, 0, 10, 0.00
1733653848, 1311176, 0, 40, 0, 0, 0.14%, 6, 0, 10, 0.00
1733653853, 1327408, 0, 40, 0, 0, 0.14%, 6, 0, 10, 0.00
1733653858, 1343556, 0, 40, 0, 0, 0.14%, 6, 0, 10, 0.00
1733653863, 1359706, 0, 40, 0, 0, 0.14%, 6, 0, 10, 0.00
1733653869, 1375836, 0, 40, 0, 0, 0.14%, 6, 0, 10, 0.00
1733653874, 1392005, 0, 40, 0, 0, 0.14%, 6, 0, 10, 0.00
1733653879, 1408185, 0, 40, 0, 0, 0.14%, 6, 0, 10, 0.00
1733653884, 1424340, 0, 40, 0, 0, 0.14%, 6, 0, 10, 0.00
1733653889, 1440501, 0, 40, 0, 0, 0.14%, 6, 0, 10, 0.00
1733653895, 1456606, 0, 40, 0, 0, 0.14%, 6, 0, 10, 0.00
1733653900, 1472838, 0, 40, 0, 0, 0.14%, 6, 0, 10, 0.00
1733653905, 1489020, 0, 40, 0, 0, 0.14%, 6, 0, 10, 0.00
1733653910, 1505264, 0, 40, 0, 0, 0.14%, 6, 0, 10, 0.00
1733653915, 1521410, 0, 40, 0, 0, 0.14%, 6, 0, 10, 0.00
1733653921, 1537517, 0, 40, 0, 0, 0.14%, 6, 0, 10, 0.00
1733653926, 1553693, 0, 40, 0, 0, 0.14%, 6, 0, 10, 0.00
1733653931, 1569826, 0, 40, 0, 0, 0.14%, 6, 0, 10, 0.00
1733653936, 1585929, 0, 40, 0, 0, 0.14%, 6, 0, 10, 0.00
1733653941, 1602150, 0, 40, 0, 0, 0.14%, 6, 0, 10, 0.00
1733653947, 1618419, 0, 40, 0, 0, 0.14%, 6, 0, 10, 0.00
1733653952, 1634572, 0, 40, 0, 0, 0.14%, 6, 0, 10, 0.00
1733653957, 1650647, 0, 40, 0, 0, 0.14%, 6, 0, 10, 0.00
1733653962, 1666912, 0, 40, 0, 0, 0.14%, 6, 0, 10, 0.00
1733653967, 1683041, 0, 40, 0, 0, 0.14%, 6, 0, 10, 0.00
1733653973, 1699240, 0, 40, 0, 0, 0.14%, 6, 0, 10, 0.00
1733653978, 1715427, 0, 40, 0, 0, 0.14%, 6, 0, 10, 0.00
1733653983, 1731534, 0, 40, 0, 0, 0.14%, 6, 0, 10, 0.00
1733653988, 1747647, 0, 40, 0, 0, 0.14%, 6, 0, 10, 0.00
1733653993, 1763876, 0, 40, 0, 0, 0.14%, 6, 0, 10, 0.00
1733653999, 1780080, 0, 40, 0, 0, 0.14%, 6, 0, 10, 0.00
1733654004, 1796201, 0, 40, 0, 0, 0.14%, 6, 0, 10, 0.00
1733654009, 1812414, 0, 40, 0, 0, 0.14%, 6, 0, 10, 0.00
1733654014, 1828624, 0, 40, 0, 0, 0.14%, 6, 0, 10, 0.00
1733654019, 1844861, 0, 40, 0, 0, 0.14%, 6, 0, 10, 0.00
1733654025, 1861036, 0, 40, 0, 0, 0.14%, 6, 0, 10, 0.00
1733654030, 1877189, 0, 40, 0, 0, 0.14%, 6, 0, 10, 0.00
1733654035, 1893322, 0, 40, 0, 0, 0.14%, 6, 0, 10, 0.00
1733654040, 1909641, 0, 40, 0, 0, 0.14%, 6, 0, 10, 0.00
1733654045, 1925801, 0, 40, 0, 0, 0.14%, 6, 0, 10, 0.00
1733654051, 1941928, 0, 40, 0, 0, 0.14%, 6, 0, 10, 0.00
1733654056, 1958173, 0, 40, 0, 0, 0.14%, 6, 0, 10, 0.00
1733654061, 1974337, 0, 40, 0, 0, 0.14%, 6, 0, 10, 0.00
1733654066, 1990484, 0, 40, 0, 0, 0.14%, 6, 0, 10, 0.00
1733654071, 2006670, 0, 40, 0, 0, 0.14%, 6, 0, 10, 0.00
1733654077, 2022859, 0, 40, 0, 0, 0.14%, 6, 0, 10, 0.00
1733654082, 2039054, 0, 40, 0, 0, 0.14%, 6, 0, 10, 0.00
1733654087, 2055195, 0, 40, 0, 0, 0.14%, 6, 0, 10, 0.00
1733654092, 2071404, 0, 40, 0, 0, 0.14%, 6, 0, 10, 0.00
1733654097, 2087552, 0, 40, 0, 0, 0.14%, 6, 0, 10, 0.00
1733654103, 2103661, 0, 40, 0, 0, 0.14%, 6, 0, 10, 0.00
1733654108, 2119782, 0, 40, 0, 0, 0.14%, 6, 0, 10, 0.00
1733654113, 2135933, 0, 40, 0, 0, 0.14%, 6, 0, 10, 0.00
1733654118, 2152056, 0, 40, 0, 0, 0.14%, 6, 0, 10, 0.00
1733654123, 2168226, 0, 40, 0, 0, 0.14%, 6, 0, 10, 0.00
1733654129, 2184417, 0, 40, 0, 0, 0.14%, 6, 0, 10, 0.00
1733654134, 2200613, 0, 40, 0, 0, 0.14%, 6, 0, 10, 0.00
1733654139, 2216782, 0, 40, 0, 0, 0.14%, 6, 0, 10, 0.00
1733654144, 2232978, 0, 40, 0, 0, 0.14%, 6, 0, 10, 0.00
1733654149, 2249160, 0, 40, 0, 0, 0.14%, 6, 0, 10, 0.00
1733654155, 2265303, 0, 40, 0, 0, 0.14%, 6, 0, 10, 0.00
1733654160, 2281464, 0, 40, 0, 0, 0.14%, 6, 0, 10, 0.00
1733654165, 2297688, 0, 40, 0, 0, 0.14%, 6, 0, 10, 0.00
1733654170, 2313824, 0, 40, 0, 0, 0.14%, 6, 0, 10, 0.00
1733654175, 2330025, 0, 40, 0, 0, 0.14%, 6, 0, 10, 0.00
1733654181, 2346099, 0, 40, 0, 0, 0.14%, 6, 0, 10, 0.00
1733654186, 2362267, 0, 40, 0, 0, 0.14%, 6, 0, 10, 0.00
1733654191, 2378449, 0, 40, 0, 0, 0.14%, 6, 0, 10, 0.00
1733654196, 2394584, 0, 40, 0, 0, 0.14%, 6, 0, 10, 0.00
1733654201, 2410741, 0, 40, 0, 0, 0.14%, 6, 0, 10, 0.00
1733654207, 2427009, 0, 40, 0, 0, 0.14%, 6, 0, 10, 0.00
1733654212, 2443183, 0, 40, 0, 0, 0.14%, 6, 0, 10, 0.00
1733654217, 2459328, 0, 40, 0, 0, 0.14%, 6, 0, 10, 0.00
1733654222, 2475460, 0, 40, 0, 0, 0.14%, 6, 0, 10, 0.00
1733654227, 2491704, 0, 40, 0, 0, 0.14%, 6, 0, 10, 0.00
1733654233, 2507873, 0, 40, 0, 0, 0.14%, 6, 0, 10, 0.00
1733654238, 2524037, 0, 40, 0, 0, 0.14%, 6, 0, 10, 0.00
1733654243, 2540268, 0, 40, 0, 0, 0.14%, 6, 0, 10, 0.00
1733654248, 2556478, 0, 40, 0, 0, 0.14%, 6, 0, 10, 0.00
1733654253, 2572719, 0, 40, 0, 0, 0.14%, 6, 0, 10, 0.00
1733654259, 2588866, 0, 40, 0, 0, 0.14%, 6, 0, 10, 0.00
1733654264, 2605030, 0, 40, 0, 0, 0.14%, 6, 0, 10, 0.00
1733654269, 2621155, 0, 40, 0, 0, 0.14%, 6, 0, 10, 0.00
1733654274, 2637333, 0, 40, 0, 0, 0.14%, 6, 0, 10, 0.00
1733654279, 2653567, 0, 40, 0, 0, 0.14%, 6, 0, 10, 0.00
1733654285, 2669759, 0, 40, 0, 0, 0.14%, 6, 0, 10, 0.00
1733654290, 2685939, 0, 40, 0, 0, 0.14%, 6, 0, 10, 0.00
1733654295, 2702080, 0, 40, 0, 0, 0.14%, 6, 0, 10, 0.00
1733654300, 2718272, 0, 40, 0, 0, 0.14%, 6, 0, 10, 0.00
1733654305, 2734476, 0, 40, 0, 0, 0.14%, 6, 0, 10, 0.00
1733654311, 2750536, 0, 40, 0, 0, 0.14%, 6, 0, 10, 0.00
1733654316, 2766719, 0, 40, 0, 0, 0.14%, 6, 0, 10, 0.00
1733654321, 2782839, 0, 40, 0, 0, 0.14%, 6, 0, 10, 0.00
1733654326, 2798994, 0, 40, 0, 0, 0.14%, 6, 0, 10, 0.00
1733654331, 2815159, 0, 40, 0, 0, 0.14%, 6, 0, 10, 0.00
1733654337, 2831341, 0, 40, 0, 0, 0.14%, 6, 0, 10, 0.00
1733654342, 2847505, 0, 40, 0, 0, 0.14%, 6, 0, 10, 0.00
1733654347, 2863649, 0, 40, 0, 0, 0.14%, 6, 0, 10, 0.00
1733654352, 2879843, 0, 40, 0, 0, 0.14%, 6, 0, 10, 0.00
1733654357, 2896106, 0, 40, 0, 0, 0.14%, 6, 0, 10, 0.00
1733654363, 2912266, 0, 40, 0, 0, 0.14%, 6, 0, 10, 0.00
1733654368, 2928423, 0, 40, 0, 0, 0.14%, 6, 0, 10, 0.00
1733654373, 2944627, 0, 40, 0, 0, 0.14%, 6, 0, 10, 0.00
1733654378, 2960751, 0, 40, 0, 0, 0.14%, 6, 0, 10, 0.00
1733654383, 2976909, 0, 40, 0, 0, 0.14%, 6, 0, 10, 0.00
1733654389, 2993174, 0, 40, 0, 0, 0.14%, 6, 0, 10, 0.00
1733654394, 3009349, 0, 40, 0, 0, 0.14%, 6, 0, 10, 0.00
1733654399, 3025472, 0, 40, 0, 0, 0.14%, 6, 0, 10, 0.00
1733654404, 3041591, 0, 40, 0, 0, 0.14%, 6, 0, 10, 0.00
1733654409, 3057757, 0, 40, 0, 0, 0.14%, 6, 0, 10, 0.00
1733654415, 3073947, 0, 40, 0, 0, 0.14%, 6, 0, 10, 0.00
1733654420, 3090084, 0, 40, 0, 0, 0.14%, 6, 0, 10, 0.00
1733654425, 3106148, 0, 40, 0, 0, 0.14%, 6, 0, 10, 0.00
1733654430, 3122333, 0, 40, 0, 0, 0.14%, 6, 0, 10, 0.00
1733654435, 3138527, 0, 40, 0, 0, 0.14%, 6, 0, 10, 0.00
1733654441, 3154791, 0, 40, 0, 0, 0.14%, 6, 0, 10, 0.00
1733654446, 3170961, 0, 40, 0, 0, 0.14%, 6, 0, 10, 0.00
1733654451, 3187166, 0, 40, 0, 0, 0.14%, 6, 0, 10, 0.00
1733654456, 3203377, 0, 40, 0, 0, 0.14%, 6, 0, 10, 0.00
1733654461, 3219538, 0, 40, 0, 0, 0.14%, 6, 0, 10, 0.00
1733654467, 3235694, 0, 40, 0, 0, 0.14%, 6, 0, 10, 0.00
1733654472, 3251849, 0, 40, 0, 0, 0.14%, 6, 0, 10, 0.00
1733654477, 3268067, 0, 40, 0, 0, 0.14%, 6, 0, 10, 0.00
1733654482, 3284246, 0, 40, 0, 0, 0.14%, 6, 0, 10, 0.00
1733654487, 3300387, 0, 40, 0, 0, 0.14%, 6, 0, 10, 0.00
1733654493, 3316638, 0, 40, 0, 0, 0.14%, 6, 0, 10, 0.00
1733654498, 3332751, 0, 40, 0, 0, 0.14%, 6, 0, 10, 0.00
1733654503, 3348921, 0, 40, 0, 0, 0.14%, 6, 0, 10, 0.00
1733654508, 3365029, 0, 40, 0, 0, 0.14%, 6, 0, 10, 0.00
1733654513, 3381224, 0, 40, 0, 0, 0.14%, 6, 0, 10, 0.00
1733654519, 3397323, 0, 40, 0, 0, 0.14%, 6, 0, 10, 0.00
1733654524, 3413484, 0, 40, 0, 0, 0.14%, 6, 0, 10, 0.00
1733654529, 3429696, 0, 40, 0, 0, 0.14%, 6, 0, 10, 0.00
1733654534, 3445877, 0, 40, 0, 0, 0.14%, 6, 0, 10, 0.00
1733654539, 3461993, 0, 40, 0, 0, 0.14%, 6, 0, 10, 0.00
1733654545, 3478165, 0, 40, 0, 0, 0.14%, 6, 0, 10, 0.00
1733654550, 3494323, 0, 40, 0, 0, 0.14%, 6, 0, 10, 0.00
1733654555, 3510503, 0, 40, 0, 0, 0.14%, 6, 0, 10, 0.00
1733654560, 3526675, 0, 40, 0, 0, 0.14%, 6, 0, 10, 0.00
1733654565, 3542872, 0, 40, 0, 0, 0.14%, 6, 0, 10, 0.00
1733654571, 3559008, 0, 40, 0, 0, 0.14%, 6, 0, 10, 0.00
1733654576, 3575196, 0, 40, 0, 0, 0.14%, 6, 0, 10, 0.00
1733654581, 3591332, 0, 40, 0, 0, 0.14%, 6, 0, 10, 0.00
1733654586, 3607454, 0, 40, 0, 0, 0.14%, 6, 0, 10, 0.00
1733654591, 3623682, 0, 40, 0, 0, 0.14%, 6, 0, 10, 0.00
1733654597, 3639861, 0, 40, 0, 0, 0.14%, 6, 0, 10, 0.00
1733654602, 3656028, 0, 40, 0, 0, 0.14%, 6, 0, 10, 0.00
1733654607, 3672273, 0, 40, 0, 0, 0.14%, 6, 0, 10, 0.00
1733654612, 3688492, 0, 40, 0, 0, 0.14%, 6, 0, 10, 0.00
1733654617, 3704684, 0, 40, 0, 0, 0.14%, 6, 0, 10, 0.00
1733654623, 3720856, 0, 40, 0, 0, 0.14%, 6, 0, 10, 0.00
1733654628, 3737040, 0, 40, 0, 0, 0.14%, 6, 0, 10, 0.00
1733654633, 3753259, 0, 40, 0, 0, 0.14%, 6, 0, 10, 0.00
1733654638, 3769405, 0, 40, 0, 0, 0.14%, 6, 0, 10, 0.00
1733654643, 3785545, 0, 40, 0, 0, 0.14%, 6, 0, 10, 0.00
1733654649, 3801681, 0, 40, 0, 0, 0.14%, 6, 0, 10, 0.00
1733654654, 3817859, 0, 40, 0, 0, 0.14%, 6, 0, 10, 0.00
1733654659, 3834023, 0, 40, 0, 0, 0.14%, 6, 0, 10, 0.00
1733654664, 3850244, 0, 40, 0, 0, 0.14%, 6, 0, 10, 0.00
1733654669, 3866342, 0, 40, 0, 0, 0.14%, 6, 0, 10, 0.00
1733654675, 3882470, 0, 40, 0, 0, 0.14%, 6, 0, 10, 0.00
1733654680, 3898596, 0, 40, 0, 0, 0.14%, 6, 0, 10, 0.00
1733654685, 3914778, 0, 40, 0, 0, 0.14%, 6, 0, 10, 0.00
1733654690, 3931023, 0, 40, 0, 0, 0.14%, 6, 0, 10, 0.00
1733654695, 3947171, 0, 40, 0, 0, 0.14%, 6, 0, 10, 0.00
1733654701, 3963268, 0, 40, 0, 0, 0.14%, 6, 0, 10, 0.00
1733654706, 3979332, 0, 40, 0, 0, 0.14%, 6, 0, 10, 0.00
1733654711, 3995435, 0, 40, 0, 0, 0.14%, 6, 0, 10, 0.00
1733654716, 4011574, 0, 40, 0, 0, 0.14%, 6, 0, 10, 0.00
1733654721, 4027698, 0, 40, 0, 0, 0.14%, 6, 0, 10, 0.00
1733654727, 4043862, 0, 40, 0, 0, 0.14%, 6, 0, 10, 0.00
1733654732, 4060109, 0, 40, 0, 0, 0.14%, 6, 0, 10, 0.00
1733654737, 4076236, 0, 40, 0, 0, 0.14%, 6, 0, 10, 0.00
1733654742, 4092386, 0, 40, 0, 0, 0.14%, 6, 0, 10, 0.00
1733654747, 4108502, 0, 40, 0, 0, 0.14%, 6, 0, 10, 0.00
1733654753, 4124642, 0, 40, 0, 0, 0.14%, 6, 0, 10, 0.00
1733654758, 4140800, 0, 40, 0, 0, 0.14%, 6, 0, 10, 0.00
1733654763, 4156952, 0, 40, 0, 0, 0.14%, 6, 0, 10, 0.00
1733654768, 4173154, 0, 40, 0, 0, 0.14%, 6, 0, 10, 0.00
1733654773, 4189346, 0, 40, 0, 0, 0.14%, 6, 0, 10, 0.00
1733654779, 4205577, 0, 40, 0, 0, 0.14%, 6, 0, 10, 0.00
1733654784, 4221695, 0, 40, 0, 0, 0.14%, 6, 0, 10, 0.00
1733654789, 4237900, 0, 40, 0, 0, 0.14%, 6, 0, 10, 0.00
1733654794, 4254070, 0, 40, 0, 0, 0.14%, 6, 0, 10, 0.00
1733654799, 4270316, 0, 40, 0, 0, 0.14%, 6, 0, 10, 0.00
1733654805, 4286512, 0, 40, 0, 0, 0.14%, 6, 0, 10, 0.00
1733654810, 4302653, 0, 40, 0, 0, 0.14%, 6, 0, 10, 0.00
1733654815, 4318815, 0, 40, 0, 0, 0.14%, 6, 0, 10, 0.00
1733654820, 4335001, 0, 40, 0, 0, 0.14%, 6, 0, 10, 0.00
1733654825, 4351142, 0, 40, 0, 0, 0.14%, 6, 0, 10, 0.00
1733654831, 4367331, 0, 40, 0, 0, 0.14%, 6, 0, 10, 0.00
1733654836, 4383504, 0, 40, 0, 0, 0.14%, 6, 0, 10, 0.00
1733654841, 4399637, 0, 40, 0, 0, 0.14%, 6, 0, 10, 0.00
1733654846, 4415809, 0, 40, 0, 0, 0.14%, 6, 0, 10, 0.00
1733654851, 4431973, 0, 40, 0, 0, 0.14%, 6, 0, 10, 0.00
1733654857, 4448127, 0, 40, 0, 0, 0.14%, 6, 0, 10, 0.00
1733654862, 4464302, 0, 40, 0, 0, 0.14%, 6, 0, 10, 0.00
1733654867, 4480462, 0, 40, 0, 0, 0.14%, 6, 0, 10, 0.00
1733654872, 4496631, 0, 40, 0, 0, 0.14%, 6, 0, 10, 0.00
1733654877, 4512774, 0, 40, 0, 0, 0.14%, 6, 0, 10, 0.00
1733654883, 4528986, 0, 40, 0, 0, 0.14%, 6, 0, 10, 0.00
1733654888, 4545182, 0, 40, 0, 0, 0.14%, 6, 0, 10, 0.00
1733654893, 4561330, 0, 40, 0, 0, 0.14%, 6, 0, 10, 0.00
1733654898, 4577495, 0, 40, 0, 0, 0.14%, 6, 0, 10, 0.00
1733654903, 4593603, 0, 40, 0, 0, 0.14%, 6, 0, 10, 0.00
1733654909, 4609766, 0, 40, 0, 0, 0.14%, 6, 0, 10, 0.00
1733654914, 4625974, 0, 40, 0, 0, 0.14%, 6, 0, 10, 0.00
1733654919, 4642154, 0, 40, 0, 0, 0.14%, 6, 0, 10, 0.00
1733654924, 4658313, 0, 40, 0, 0, 0.14%, 6, 0, 10, 0.00
1733654929, 4674556, 0, 40, 0, 0, 0.14%, 6, 0, 10, 0.00
1733654935, 4690705, 0, 40, 0, 0, 0.14%, 6, 0, 10, 0.00
1733654940, 4706866, 0, 40, 0, 0, 0.14%, 6, 0, 10, 0.00
1733654945, 4723010, 0, 40, 0, 0, 0.14%, 6, 0, 10, 0.00
1733654950, 4739156, 0, 40, 0, 0, 0.14%, 6, 0, 10, 0.00
1733654955, 4755297, 0, 40, 0, 0, 0.14%, 6, 0, 10, 0.00
1733654961, 4771450, 0, 40, 0, 0, 0.14%, 6, 0, 10, 0.00
1733654966, 4787536, 0, 40, 0, 0, 0.14%, 6, 0, 10, 0.00
1733654971, 4803677, 0, 40, 0, 0, 0.14%, 6, 0, 10, 0.00
1733654976, 4819896, 0, 40, 0, 0, 0.14%, 6, 0, 10, 0.00
1733654981, 4836046, 0, 40, 0, 0, 0.14%, 6, 0, 10, 0.00
1733654987, 4852215, 0, 40, 0, 0, 0.14%, 6, 0, 10, 0.00
1733654992, 4868397, 0, 40, 0, 0, 0.14%, 6, 0, 10, 0.00
1733654997, 4884544, 0, 40, 0, 0, 0.14%, 6, 0, 10, 0.00
1733655002, 4900697, 0, 40, 0, 0, 0.14%, 6, 0, 10, 0.00
1733655007, 4916903, 0, 40, 0, 0, 0.14%, 6, 0, 10, 0.00
1733655013, 4933077, 0, 40, 0, 0, 0.14%, 6, 0, 10, 0.00
1733655018, 4949171, 0, 40, 0, 0, 0.14%, 6, 0, 10, 0.00
1733655023, 4965268, 0, 40, 0, 0, 0.14%, 6, 0, 10, 0.00
1733655028, 4981440, 0, 40, 0, 0, 0.14%, 6, 0, 10, 0.00
1733655033, 4997599, 0, 40, 0, 0, 0.14%, 6, 0, 10, 0.00
1733655039, 5013762, 0, 40, 0, 0, 0.14%, 6, 0, 10, 0.00
1733655044, 5029993, 0, 40, 0, 0, 0.14%, 6, 0, 10, 0.00
1733655049, 5046108, 0, 40, 0, 0, 0.14%, 6, 0, 10, 0.00
1733655054, 5062234, 0, 40, 0, 0, 0.14%, 6, 0, 10, 0.00
1733655059, 5078346, 0, 40, 0, 0, 0.14%, 6, 0, 10, 0.00
1733655065, 5094575, 0, 40, 0, 0, 0.14%, 6, 0, 10, 0.00
1733655070, 5110744, 0, 40, 0, 0, 0.14%, 6, 0, 10, 0.00
1733655075, 5126816, 0, 40, 0, 0, 0.14%, 6, 0, 10, 0.00
1733655080, 5142969, 0, 40, 0, 0, 0.14%, 6, 0, 10, 0.00
1733655085, 5159061, 0, 40, 0, 0, 0.14%, 6, 0, 10, 0.00
1733655091, 5175250, 0, 40, 0, 0, 0.14%, 6, 0, 10, 0.00
1733655096, 5191378, 0, 40, 0, 0, 0.14%, 6, 0, 10, 0.00
1733655101, 5207514, 0, 40, 0, 0, 0.14%, 6, 0, 10, 0.00
1733655106, 5223678, 0, 40, 0, 0, 0.14%, 6, 0, 10, 0.00
1733655111, 5239889, 0, 40, 0, 0, 0.14%, 6, 0, 10, 0.00
1733655117, 5256043, 0, 40, 0, 0, 0.14%, 6, 0, 10, 0.00
1733655122, 5272190, 0, 40, 0, 0, 0.14%, 6, 0, 10, 0.00
1733655127, 5288405, 0, 40, 0, 0, 0.14%, 6, 0, 10, 0.00
1733655132, 5304560, 0, 40, 0, 0, 0.14%, 6, 0, 10, 0.00
1733655137, 5320715, 0, 40, 0, 0, 0.14%, 6, 0, 10, 0.00
1733655143, 5336866, 0, 40, 0, 0, 0.14%, 6, 0, 10, 0.00
1733655148, 5353012, 0, 40, 0, 0, 0.14%, 6, 0, 10, 0.00
1733655153, 5369178, 0, 40, 0, 0, 0.14%, 6, 0, 10, 0.00
1733655158, 5385349, 0, 40, 0, 0, 0.14%, 6, 0, 10, 0.00
1733655163, 5401499, 0, 40, 0, 0, 0.14%, 6, 0, 10, 0.00
1733655169, 5417700, 0, 40, 0, 0, 0.14%, 6, 0, 10, 0.00
1733655174, 5433897, 0, 40, 0, 0, 0.14%, 6, 0, 10, 0.00
1733655179, 5450007, 0, 40, 0, 0, 0.14%, 6, 0, 10, 0.00
1733655184, 5466178, 0, 40, 0, 0, 0.14%, 6, 0, 10, 0.00
1733655189, 5482385, 0, 40, 0, 0, 0.14%, 6, 0, 10, 0.00
1733655195, 5498572, 0, 40, 0, 0, 0.14%, 6, 0, 10, 0.00
1733655200, 5514623, 0, 40, 0, 0, 0.14%, 6, 0, 10, 0.00
1733655205, 5530738, 0, 40, 0, 0, 0.14%, 6, 0, 10, 0.00
1733655210, 5546901, 0, 40, 0, 0, 0.14%, 6, 0, 10, 0.00
1733655215, 5563028, 0, 40, 0, 0, 0.14%, 6, 0, 10, 0.00
1733655221, 5579223, 0, 40, 0, 0, 0.14%, 6, 0, 10, 0.00
1733655226, 5595373, 0, 40, 0, 0, 0.14%, 6, 0, 10, 0.00
1733655231, 5611569, 0, 40, 0, 0, 0.14%, 6, 0, 10, 0.00
1733655236, 5627696, 0, 40, 0, 0, 0.14%, 6, 0, 10, 0.00
1733655241, 5643909, 0, 40, 0, 0, 0.14%, 6, 0, 10, 0.00
1733655247, 5660061, 0, 40, 0, 0, 0.14%, 6, 0, 10, 0.00
1733655252, 5676205, 0, 40, 0, 0, 0.14%, 6, 0, 10, 0.00
1733655257, 5692367, 0, 40, 0, 0, 0.14%, 6, 0, 10, 0.00
1733655262, 5708468, 0, 40, 0, 0, 0.14%, 6, 0, 10, 0.00
1733655267, 5724640, 0, 40, 0, 0, 0.14%, 6, 0, 10, 0.00
1733655273, 5740868, 0, 40, 0, 0, 0.14%, 6, 0, 10, 0.00
1733655278, 5756989, 0, 40, 0, 0, 0.14%, 6, 0, 10, 0.00
1733655283, 5773226, 0, 40, 0, 0, 0.14%, 6, 0, 10, 0.00
1733655288, 5789395, 0, 40, 0, 0, 0.14%, 6, 0, 10, 0.00
1733655293, 5805512, 0, 40, 0, 0, 0.14%, 6, 0, 10, 0.00
1733655299, 5821617, 0, 40, 0, 0, 0.14%, 6, 0, 10, 0.00
1733655304, 5837806, 0, 40, 0, 0, 0.14%, 6, 0, 10, 0.00
1733655309, 5853999, 0, 40, 0, 0, 0.14%, 6, 0, 10, 0.00
1733655314, 5870133, 0, 40, 0, 0, 0.14%, 6, 0, 10, 0.00
1733655319, 5886239, 0, 40, 0, 0, 0.14%, 6, 0, 10, 0.00
1733655325, 5902370, 0, 40, 0, 0, 0.14%, 6, 0, 10, 0.00
1733655330, 5918573, 0, 40, 0, 0, 0.14%, 6, 0, 10, 0.00
1733655335, 5934736, 0, 40, 0, 0, 0.14%, 6, 0, 10, 0.00
1733655340, 5950852, 0, 40, 0, 0, 0.14%, 6, 0, 10, 0.00
1733655345, 5967022, 0, 40, 0, 0, 0.14%, 6, 0, 10, 0.00
1733655351, 5983099, 0, 40, 0, 0, 0.14%, 6, 0, 10, 0.00
1733655356, 5999239, 0, 40, 0, 0, 0.14%, 6, 0, 10, 0.00
1733655361, 6015375, 0, 40, 0, 0, 0.14%, 6, 0, 10, 0.00
1733655366, 6031501, 0, 40, 0, 0, 0.14%, 6, 0, 10, 0.00
1733655371, 6047652, 0, 40, 0, 0, 0.14%, 6, 0, 10, 0.00
1733655377, 6063900, 0, 40, 0, 0, 0.14%, 6, 0, 10, 0.00
1733655382, 6080060, 0, 40, 0, 0, 0.14%, 6, 0, 10, 0.00
1733655387, 6096254, 0, 40, 0, 0, 0.14%, 6, 0, 10, 0.00
1733655392, 6112456, 0, 40, 0, 0, 0.14%, 6, 0, 10, 0.00
1733655397, 6128698, 0, 40, 0, 0, 0.14%, 6, 0, 10, 0.00
1733655403, 6144811, 0, 40, 0, 0, 0.14%, 6, 0, 10, 0.00
1733655408, 6160938, 0, 40, 0, 0, 0.14%, 6, 0, 10, 0.00
1733655413, 6177098, 0, 40, 0, 0, 0.14%, 6, 0, 10, 0.00
1733655418, 6193233, 0, 40, 0, 0, 0.14%, 6, 0, 10, 0.00
1733655423, 6209368, 0, 40, 0, 0, 0.14%, 6, 0, 10, 0.00
1733655429, 6225540, 0, 40, 0, 0, 0.14%, 6, 0, 10, 0.00
1733655434, 6241715, 0, 40, 0, 0, 0.14%, 6, 0, 10, 0.00
1733655439, 6257862, 0, 40, 0, 0, 0.14%, 6, 0, 10, 0.00
1733655444, 6273946, 0, 40, 0, 0, 0.14%, 6, 0, 10, 0.00
1733655449, 6290147, 0, 40, 0, 0, 0.14%, 6, 0, 10, 0.00
1733655455, 6306298, 0, 40, 0, 0, 0.14%, 6, 0, 10, 0.00
1733655460, 6322465, 0, 40, 0, 0, 0.14%, 6, 0, 10, 0.00
1733655465, 6338605, 0, 40, 0, 0, 0.14%, 6, 0, 10, 0.00
1733655470, 6354783, 0, 40, 0, 0, 0.14%, 6, 0, 10, 0.00
1733655475, 6370943, 0, 40, 0, 0, 0.14%, 6, 0, 10, 0.00
1733655481, 6387036, 0, 40, 0, 0, 0.14%, 6, 0, 10, 0.00
1733655486, 6403162, 0, 40, 0, 0, 0.14%, 6, 0, 10, 0.00
1733655491, 6419324, 0, 40, 0, 0, 0.14%, 6, 0, 10, 0.00
1733655496, 6435478, 0, 40, 0, 0, 0.14%, 6, 0, 10, 0.00
1733655501, 6451715, 0, 40, 0, 0, 0.14%, 6, 0, 10, 0.00
1733655507, 6467759, 0, 40, 0, 0, 0.14%, 6, 0, 10, 0.00
1733655512, 6483928, 0, 40, 0, 0, 0.14%, 6, 0, 10, 0.00
1733655517, 6500075, 0, 40, 0, 0, 0.14%, 6, 0, 10, 0.00
1733655522, 6516264, 0, 40, 0, 0, 0.14%, 6, 0, 10, 0.00
1733655527, 6532384, 0, 40, 0, 0, 0.14%, 6, 0, 10, 0.00
1733655533, 6548535, 0, 40, 0, 0, 0.14%, 6, 0, 10, 0.00
1733655538, 6564704, 0, 40, 0, 0, 0.14%, 6, 0, 10, 0.00
1733655543, 6580854, 0, 40, 0, 0, 0.14%, 6, 0, 10, 0.00
1733655548, 6597058, 0, 40, 0, 0, 0.14%, 6, 0, 10, 0.00
1733655553, 6613208, 0, 40, 0, 0, 0.14%, 6, 0, 10, 0.00
1733655559, 6629386, 0, 40, 0, 0, 0.14%, 6, 0, 10, 0.00
1733655564, 6645510, 0, 40, 0, 0, 0.14%, 6, 0, 10, 0.00
1733655569, 6661599, 0, 40, 0, 0, 0.14%, 6, 0, 10, 0.00
1733655574, 6677782, 0, 40, 0, 0, 0.14%, 6, 0, 10, 0.00
1733655579, 6693976, 0, 40, 0, 0, 0.14%, 6, 0, 10, 0.00
1733655585, 6710199, 0, 40, 0, 0, 0.14%, 6, 0, 10, 0.00
1733655590, 6726340, 0, 40, 0, 0, 0.14%, 6, 0, 10, 0.00
1733655595, 6742501, 0, 40, 0, 0, 0.14%, 6, 0, 10, 0.00
1733655600, 6758585, 0, 40, 0, 0, 0.14%, 6, 0, 10, 0.00
1733655605, 6774669, 0, 40, 0, 0, 0.14%, 6, 0, 10, 0.00
1733655611, 6790769, 0, 40, 0, 0, 0.14%, 6, 0, 10, 0.00
1733655616, 6806884, 0, 40, 0, 0, 0.14%, 6, 0, 10, 0.00
1733655621, 6823022, 0, 40, 0, 0, 0.14%, 6, 0, 10, 0.00
1733655626, 6839254, 0, 40, 0, 0, 0.14%, 6, 0, 10, 0.00
1733655631, 6855392, 0, 40, 0, 0, 0.14%, 6, 0, 10, 0.00
1733655637, 6871585, 0, 40, 0, 0, 0.14%, 6, 0, 10, 0.00
1733655642, 6887747, 0, 40, 0, 0, 0.14%, 6, 0, 10, 0.00
1733655647, 6903937, 0, 40, 0, 0, 0.14%, 6, 0, 10, 0.00
1733655652, 6920157, 0, 40, 0, 0, 0.14%, 6, 0, 10, 0.00
1733655657, 6936329, 0, 40, 0, 0, 0.14%, 6, 0, 10, 0.00
1733655663, 6952474, 0, 40, 0, 0, 0.14%, 6, 0, 10, 0.00
1733655668, 6968623, 0, 40, 0, 0, 0.14%, 6, 0, 10, 0.00
1733655673, 6984798, 0, 40, 0, 0, 0.14%, 6, 0, 10, 0.00
1733655678, 7000971, 0, 40, 0, 0, 0.14%, 6, 0, 10, 0.00
1733655683, 7017098, 0, 40, 0, 0, 0.14%, 6, 0, 10, 0.00
1733655689, 7033245, 0, 40, 0, 0, 0.14%, 6, 0, 10, 0.00
1733655694, 7049399, 0, 40, 0, 0, 0.14%, 6, 0, 10, 0.00
1733655699, 7065611, 0, 40, 0, 0, 0.14%, 6, 0, 10, 0.00
1733655704, 7081847, 0, 40, 0, 0, 0.14%, 6, 0, 10, 0.00
1733655709, 7097985, 0, 40, 0, 0, 0.14%, 6, 0, 10, 0.00
1733655715, 7114127, 0, 40, 0, 0, 0.14%, 6, 0, 10, 0.00
1733655720, 7130211, 0, 40, 0, 0, 0.14%, 6, 0, 10, 0.00
1733655725, 7146413, 0, 40, 0, 0, 0.14%, 6, 0, 10, 0.00
1733655730, 7162617, 0, 40, 0, 0, 0.14%, 6, 0, 10, 0.00
1733655735, 7178741, 0, 40, 0, 0, 0.14%, 6, 0, 10, 0.00
1733655741, 7194914, 0, 40, 0, 0, 0.14%, 6, 0, 10, 0.00
1733655746, 7211108, 0, 40, 0, 0, 0.14%, 6, 0, 10, 0.00
1733655751, 7227307, 0, 40, 0, 0, 0.14%, 6, 0, 10, 0.00
1733655756, 7243519, 0, 40, 0, 0, 0.14%, 6, 0, 10, 0.00
1733655761, 7259774, 0, 40, 0, 0, 0.14%, 6, 0, 10, 0.00
1733655767, 7275878, 0, 40, 0, 0, 0.14%, 6, 0, 10, 0.00
1733655772, 7292097, 0, 40, 0, 0, 0.14%, 6, 0, 10, 0.00
1733655777, 7308243, 0, 40, 0, 0, 0.14%, 6, 0, 10, 0.00
1733655782, 7324456, 0, 40, 0, 0, 0.14%, 6, 0, 10, 0.00
1733655787, 7340598, 0, 40, 0, 0, 0.14%, 6, 0, 10, 0.00
1733655793, 7356748, 0, 40, 0, 0, 0.14%, 6, 0, 10, 0.00
1733655798, 7372982, 0, 40, 0, 0, 0.14%, 6, 0, 10, 0.00
1733655803, 7389136, 0, 40, 0, 0, 0.14%, 6, 0, 10, 0.00
1733655808, 7405390, 0, 40, 0, 0, 0.14%, 6, 0, 10, 0.00
1733655813, 7421549, 0, 40, 0, 0, 0.14%, 6, 0, 10, 0.00
1733655819, 7437714, 0, 40, 0, 0, 0.14%, 6, 0, 10, 0.00
1733655824, 7453951, 0, 40, 0, 0, 0.14%, 6, 0, 10, 0.00
1733655829, 7470108, 0, 40, 0, 0, 0.14%, 6, 0, 10, 0.00
1733655834, 7486294, 0, 40, 0, 0, 0.14%, 6, 0, 10, 0.00
1733655839, 7502499, 0, 40, 0, 0, 0.14%, 6, 0, 10, 0.00
1733655845, 7518684, 0, 40, 0, 0, 0.14%, 6, 0, 10, 0.00
1733655850, 7534774, 0, 40, 0, 0, 0.14%, 6, 0, 10, 0.00
1733655855, 7550958, 0, 40, 0, 0, 0.14%, 6, 0, 10, 0.00
1733655860, 7567050, 0, 40, 0, 0, 0.14%, 6, 0, 10, 0.00
1733655865, 7583166, 0, 40, 0, 0, 0.14%, 6, 0, 10, 0.00
1733655871, 7599301, 0, 40, 0, 0, 0.14%, 6, 0, 10, 0.00
1733655876, 7615498, 0, 40, 0, 0, 0.14%, 6, 0, 10, 0.00
1733655881, 7631607, 0, 40, 0, 0, 0.14%, 6, 0, 10, 0.00
1733655886, 7647765, 0, 40, 0, 0, 0.14%, 6, 0, 10, 0.00
1733655891, 7663954, 0, 40, 0, 0, 0.14%, 6, 0, 10, 0.00
1733655897, 7680096, 0, 40, 0, 0, 0.14%, 6, 0, 10, 0.00
1733655902, 7696307, 0, 40, 0, 0, 0.14%, 6, 0, 10, 0.00
1733655907, 7712563, 0, 40, 0, 0, 0.14%, 6, 0, 10, 0.00
1733655912, 7728770, 0, 40, 0, 0, 0.14%, 6, 0, 10, 0.00
1733655917, 7744839, 0, 40, 0, 0, 0.14%, 6, 0, 10, 0.00
1733655923, 7761045, 0, 40, 0, 0, 0.14%, 6, 0, 10, 0.00
1733655928, 7777189, 0, 40, 0, 0, 0.14%, 6, 0, 10, 0.00
1733655933, 7793353, 0, 40, 0, 0, 0.14%, 6, 0, 10, 0.00
1733655938, 7809455, 0, 40, 0, 0, 0.14%, 6, 0, 10, 0.00
1733655943, 7825599, 0, 40, 0, 0, 0.14%, 6, 0, 10, 0.00
1733655949, 7841748, 0, 40, 0, 0, 0.14%, 6, 0, 10, 0.00
1733655954, 7857871, 0, 40, 0, 0, 0.14%, 6, 0, 10, 0.00
1733655959, 7874075, 0, 40, 0, 0, 0.14%, 6, 0, 10, 0.00
1733655964, 7890324, 0, 40, 0, 0, 0.14%, 6, 0, 10, 0.00
1733655969, 7906564, 0, 40, 0, 0, 0.14%, 6, 0, 10, 0.00
1733655975, 7922777, 0, 40, 0, 0, 0.14%, 6, 0, 10, 0.00
1733655980, 7938918, 0, 40, 0, 0, 0.14%, 6, 0, 10, 0.00
1733655985, 7955073, 0, 40, 0, 0, 0.14%, 6, 0, 10, 0.00
1733655990, 7971268, 0, 40, 0, 0, 0.14%, 6, 0, 10, 0.00
1733655995, 7987416, 0, 40, 0, 0, 0.14%, 6, 0, 10, 0.00
1733656001, 8003587, 0, 40, 0, 0, 0.14%, 6, 0, 10, 0.00
1733656006, 8019793, 0, 40, 0, 0, 0.14%, 6, 0, 10, 0.00
1733656011, 8035998, 0, 40, 0, 0, 0.14%, 6, 0, 10, 0.00
1733656016, 8052135, 0, 40, 0, 0, 0.14%, 6, 0, 10, 0.00
1733656021, 8068291, 0, 40, 0, 0, 0.14%, 6, 0, 10, 0.00
1733656027, 8084506, 0, 40, 0, 0, 0.14%, 6, 0, 10, 0.00
1733656032, 8100651, 0, 40, 0, 0, 0.14%, 6, 0, 10, 0.00
1733656037, 8116839, 0, 40, 0, 0, 0.14%, 6, 0, 10, 0.00
1733656042, 8133038, 0, 40, 0, 0, 0.14%, 6, 0, 10, 0.00
1733656047, 8149272, 0, 40, 0, 0, 0.14%, 6, 0, 10, 0.00
1733656053, 8165501, 0, 40, 0, 0, 0.14%, 6, 0, 10, 0.00
1733656058, 8181718, 0, 40, 0, 0, 0.14%, 6, 0, 10, 0.00
1733656063, 8197825, 0, 40, 0, 0, 0.14%, 6, 0, 10, 0.00
1733656068, 8214024, 0, 40, 0, 0, 0.14%, 6, 0, 10, 0.00
1733656073, 8230159, 0, 40, 0, 0, 0.14%, 6, 0, 10, 0.00
1733656079, 8246360, 0, 40, 0, 0, 0.14%, 6, 0, 10, 0.00
1733656084, 8262488, 0, 40, 0, 0, 0.14%, 6, 0, 10, 0.00
1733656089, 8278713, 0, 40, 0, 0, 0.14%, 6, 0, 10, 0.00
1733656094, 8294923, 0, 40, 0, 0, 0.14%, 6, 0, 10, 0.00
1733656099, 8311172, 0, 40, 0, 0, 0.14%, 6, 0, 10, 0.00
1733656105, 8327312, 0, 40, 0, 0, 0.14%, 6, 0, 10, 0.00
1733656110, 8343460, 0, 40, 0, 0, 0.14%, 6, 0, 10, 0.00
1733656115, 8359634, 0, 40, 0, 0, 0.14%, 6, 0, 10, 0.00
1733656120, 8375829, 0, 40, 0, 0, 0.14%, 6, 0, 10, 0.00
1733656125, 8391924, 0, 40, 0, 0, 0.14%, 6, 0, 10, 0.00
1733656131, 8408060, 0, 40, 0, 0, 0.14%, 6, 0, 10, 0.00
1733656136, 8424174, 0, 40, 0, 0, 0.14%, 6, 0, 10, 0.00
1733656141, 8440328, 0, 40, 0, 0, 0.14%, 6, 0, 10, 0.00
1733656146, 8456449, 0, 40, 0, 0, 0.14%, 6, 0, 10, 0.00
1733656151, 8472542, 0, 40, 0, 0, 0.14%, 6, 0, 10, 0.00
1733656157, 8488730, 0, 40, 0, 0, 0.14%, 6, 0, 10, 0.00
1733656162, 8504962, 0, 40, 0, 0, 0.14%, 6, 0, 10, 0.00
1733656167, 8521136, 0, 40, 0, 0, 0.14%, 6, 0, 10, 0.00
1733656172, 8537367, 0, 40, 0, 0, 0.14%, 6, 0, 10, 0.00
1733656177, 8553509, 0, 40, 0, 0, 0.14%, 6, 0, 10, 0.00
1733656183, 8569701, 0, 40, 0, 0, 0.14%, 6, 0, 10, 0.00
1733656188, 8585871, 0, 40, 0, 0, 0.14%, 6, 0, 10, 0.00
1733656193, 8602087, 0, 40, 0, 0, 0.14%, 6, 0, 10, 0.00
1733656198, 8618290, 0, 40, 0, 0, 0.14%, 6, 0, 10, 0.00
1733656203, 8634452, 0, 40, 0, 0, 0.14%, 6, 0, 10, 0.00
1733656209, 8650694, 0, 40, 0, 0, 0.14%, 6, 0, 10, 0.00
1733656214, 8666893, 0, 40, 0, 0, 0.14%, 6, 0, 10, 0.00
1733656219, 8683063, 0, 40, 0, 0, 0.14%, 6, 0, 10, 0.00
1733656224, 8699198, 0, 40, 0, 0, 0.14%, 6, 0, 10, 0.00
1733656229, 8715358, 0, 40, 0, 0, 0.14%, 6, 0, 10, 0.00
1733656235, 8731475, 0, 40, 0, 0, 0.14%, 6, 0, 10, 0.00
1733656240, 8747616, 0, 40, 0, 0, 0.14%, 6, 0, 10, 0.00
1733656245, 8763722, 0, 40, 0, 0, 0.14%, 6, 0, 10, 0.00
1733656250, 8779893, 0, 40, 0, 0, 0.14%, 6, 0, 10, 0.00
1733656255, 8796121, 0, 40, 0, 0, 0.14%, 6, 0, 10, 0.00
1733656261, 8812294, 0, 40, 0, 0, 0.14%, 6, 0, 10, 0.00
1733656266, 8828443, 0, 40, 0, 0, 0.14%, 6, 0, 10, 0.00
1733656271, 8844623, 0, 40, 0, 0, 0.14%, 6, 0, 10, 0.00
1733656276, 8860878, 0, 40, 0, 0, 0.14%, 6, 0, 10, 0.00
1733656281, 8877040, 0, 40, 0, 0, 0.14%, 6, 0, 10, 0.00
1733656287, 8893188, 0, 40, 0, 0, 0.14%, 6, 0, 10, 0.00
1733656292, 8909406, 0, 40, 0, 0, 0.14%, 6, 0, 10, 0.00
1733656297, 8925558, 0, 40, 0, 0, 0.14%, 6, 0, 10, 0.00
1733656302, 8941752, 0, 40, 0, 0, 0.14%, 6, 0, 10, 0.00
1733656307, 8957966, 0, 40, 0, 0, 0.14%, 6, 0, 10, 0.00
1733656313, 8974061, 0, 40, 0, 0, 0.14%, 6, 0, 10, 0.00
1733656318, 8990223, 0, 40, 0, 0, 0.14%, 6, 0, 10, 0.00
1733656323, 9006358, 0, 40, 0, 0, 0.14%, 6, 0, 10, 0.00
1733656328, 9022446, 0, 40, 0, 0, 0.14%, 6, 0, 10, 0.00
1733656333, 9038655, 0, 40, 0, 0, 0.14%, 6, 0, 10, 0.00
1733656339, 9054771, 0, 40, 0, 0, 0.14%, 6, 0, 10, 0.00
1733656344, 9070966, 0, 40, 0, 0, 0.14%, 6, 0, 10, 0.00
1733656349, 9087158, 0, 40, 0, 0, 0.14%, 6, 0, 10, 0.00
1733656354, 9103342, 0, 40, 0, 0, 0.14%, 6, 0, 10, 0.00
1733656359, 9119506, 0, 40, 0, 0, 0.14%, 6, 0, 10, 0.00
1733656365, 9135619, 0, 40, 0, 0, 0.14%, 6, 0, 10, 0.00
1733656370, 9151864, 0, 40, 0, 0, 0.14%, 6, 0, 10, 0.00
1733656375, 9168044, 0, 40, 0, 0, 0.14%, 6, 0, 10, 0.00
1733656380, 9184229, 0, 40, 0, 0, 0.14%, 6, 0, 10, 0.00
1733656385, 9200343, 0, 40, 0, 0, 0.14%, 6, 0, 10, 0.00
1733656391, 9216473, 0, 40, 0, 0, 0.14%, 6, 0, 10, 0.00
1733656396, 9232668, 0, 40, 0, 0, 0.14%, 6, 0, 10, 0.00
1733656401, 9248882, 0, 40, 0, 0, 0.14%, 6, 0, 10, 0.00
1733656406, 9264999, 0, 40, 0, 0, 0.14%, 6, 0, 10, 0.00
1733656411, 9281203, 0, 40, 0, 0, 0.14%, 6, 0, 10, 0.00
1733656417, 9297396, 0, 40, 0, 0, 0.14%, 6, 0, 10, 0.00
1733656422, 9313578, 0, 40, 0, 0, 0.14%, 6, 0, 10, 0.00
1733656427, 9329755, 0, 40, 0, 0, 0.14%, 6, 0, 10, 0.00
1733656432, 9345912, 0, 40, 0, 0, 0.14%, 6, 0, 10, 0.00
1733656437, 9362105, 0, 40, 0, 0, 0.14%, 6, 0, 10, 0.00
1733656443, 9378300, 0, 40, 0, 0, 0.14%, 6, 0, 10, 0.00
1733656448, 9394584, 0, 40, 0, 0, 0.14%, 6, 0, 10, 0.00
1733656453, 9410836, 0, 40, 0, 0, 0.14%, 6, 0, 10, 0.00
1733656458, 9427041, 0, 40, 0, 0, 0.14%, 6, 0, 10, 0.00
1733656463, 9443132, 0, 40, 0, 0, 0.14%, 6, 0, 10, 0.00
1733656469, 9459334, 0, 40, 0, 0, 0.14%, 6, 0, 10, 0.00
1733656474, 9475536, 0, 40, 0, 0, 0.14%, 6, 0, 10, 0.00
1733656479, 9491726, 0, 40, 0, 0, 0.14%, 6, 0, 10, 0.00
1733656484, 9507893, 0, 40, 0, 0, 0.14%, 6, 0, 10, 0.00
1733656489, 9524060, 0, 40, 0, 0, 0.14%, 6, 0, 10, 0.00
1733656495, 9540282, 0, 40, 0, 0, 0.14%, 6, 0, 10, 0.00
1733656500, 9556472, 0, 40, 0, 0, 0.14%, 6, 0, 10, 0.00
1733656505, 9572648, 0, 40, 0, 0, 0.14%, 6, 0, 10, 0.00
1733656510, 9588728, 0, 40, 0, 0, 0.14%, 6, 0, 10, 0.00
1733656515, 9604824, 0, 40, 0, 0, 0.14%, 6, 0, 10, 0.00
1733656521, 9621033, 0, 40, 0, 0, 0.14%, 6, 0, 10, 0.00
1733656526, 9637194, 0, 40, 0, 0, 0.14%, 6, 0, 10, 0.00
1733656531, 9653313, 0, 40, 0, 0, 0.14%, 6, 0, 10, 0.00
1733656536, 9669494, 0, 40, 0, 0, 0.14%, 6, 0, 10, 0.00
1733656541, 9685703, 0, 40, 0, 0, 0.14%, 6, 0, 10, 0.00
1733656547, 9701913, 0, 40, 0, 0, 0.14%, 6, 0, 10, 0.00
1733656552, 9718090, 0, 40, 0, 0, 0.14%, 6, 0, 10, 0.00
1733656557, 9734361, 0, 40, 0, 0, 0.14%, 6, 0, 10, 0.00
1733656562, 9750491, 0, 40, 0, 0, 0.14%, 6, 0, 10, 0.00
1733656567, 9766671, 0, 40, 0, 0, 0.14%, 6, 0, 10, 0.00
1733656573, 9782872, 0, 40, 0, 0, 0.14%, 6, 0, 10, 0.00
1733656578, 9799041, 0, 40, 0, 0, 0.14%, 6, 0, 10, 0.00
1733656583, 9815176, 0, 40, 0, 0, 0.14%, 6, 0, 10, 0.00
1733656588, 9831456, 0, 40, 0, 0, 0.14%, 6, 0, 10, 0.00
1733656593, 9847628, 0, 40, 0, 0, 0.14%, 6, 0, 10, 0.00
1733656599, 9863862, 0, 40, 0, 0, 0.14%, 6, 0, 10, 0.00
1733656604, 9880118, 0, 40, 0, 0, 0.14%, 6, 0, 10, 0.00
1733656609, 9896298, 0, 40, 0, 0, 0.14%, 6, 0, 10, 0.00
1733656614, 9912465, 0, 40, 0, 0, 0.14%, 6, 0, 10, 0.00
1733656619, 9928626, 0, 40, 0, 0, 0.14%, 6, 0, 10, 0.00
1733656625, 9944826, 0, 40, 0, 0, 0.14%, 6, 0, 10, 0.00
1733656630, 9960875, 0, 40, 0, 0, 0.14%, 6, 0, 10, 0.00
1733656635, 9976993, 0, 40, 0, 0, 0.14%, 6, 0, 10, 0.00
1733656640, 9993147, 0, 40, 0, 0, 0.14%, 6, 0, 10, 0.00
1733656645, 10009217, 0, 40, 0, 0, 0.14%, 6, 0, 10, 0.00
1733656651, 10025410, 0, 40, 0, 0, 0.14%, 6, 0, 10, 0.00
1733656656, 10041596, 0, 40, 0, 0, 0.14%, 6, 0, 10, 0.00
1733656661, 10057738, 0, 40, 0, 0, 0.14%, 6, 0, 10, 0.00
1733656666, 10073918, 0, 40, 0, 0, 0.14%, 6, 0, 10, 0.00
1733656671, 10090115, 0, 40, 0, 0, 0.14%, 6, 0, 10, 0.00
1733656677, 10106297, 0, 40, 0, 0, 0.14%, 6, 0, 10, 0.00
1733656682, 10122558, 0, 40, 0, 0, 0.14%, 6, 0, 10, 0.00
1733656687, 10138759, 0, 40, 0, 0, 0.14%, 6, 0, 10, 0.00
1733656692, 10154906, 0, 40, 0, 0, 0.14%, 6, 0, 10, 0.00
1733656697, 10171095, 0, 40, 0, 0, 0.14%, 6, 0, 10, 0.00
1733656703, 10187276, 0, 40, 0, 0, 0.14%, 6, 0, 10, 0.00
1733656708, 10203410, 0, 40, 0, 0, 0.14%, 6, 0, 10, 0.00
1733656713, 10219604, 0, 40, 0, 0, 0.14%, 6, 0, 10, 0.00
1733656718, 10235821, 0, 40, 0, 0, 0.14%, 6, 0, 10, 0.00
1733656723, 10251970, 0, 40, 0, 0, 0.14%, 6, 0, 10, 0.00
1733656729, 10268165, 0, 40, 0, 0, 0.14%, 6, 0, 10, 0.00
1733656734, 10284327, 0, 40, 0, 0, 0.14%, 6, 0, 10, 0.00
1733656739, 10300539, 0, 40, 0, 0, 0.14%, 6, 0, 10, 0.00
1733656744, 10316744, 0, 40, 0, 0, 0.14%, 6, 0, 10, 0.00
1733656749, 10332886, 0, 40, 0, 0, 0.14%, 6, 0, 10, 0.00
1733656755, 10349059, 0, 40, 0, 0, 0.14%, 6, 0, 10, 0.00
1733656760, 10365296, 0, 40, 0, 0, 0.14%, 6, 0, 10, 0.00
1733656765, 10381411, 0, 40, 0, 0, 0.14%, 6, 0, 10, 0.00
1733656770, 10397559, 0, 40, 0, 0, 0.14%, 6, 0, 10, 0.00
1733656775, 10413739, 0, 40, 0, 0, 0.14%, 6, 0, 10, 0.00
1733656781, 10429928, 0, 40, 0, 0, 0.14%, 6, 0, 10, 0.00
1733656786, 10446114, 0, 40, 0, 0, 0.14%, 6, 0, 10, 0.00
1733656791, 10462337, 0, 40, 0, 0, 0.14%, 6, 0, 10, 0.00
1733656796, 10478497, 0, 40, 0, 0, 0.14%, 6, 0, 10, 0.00
1733656801, 10494611, 0, 40, 0, 0, 0.14%, 6, 0, 10, 0.00
1733656807, 10510752, 0, 40, 0, 0, 0.14%, 6, 0, 10, 0.00
1733656812, 10526905, 0, 40, 0, 0, 0.14%, 6, 0, 10, 0.00
1733656817, 10543071, 0, 40, 0, 0, 0.14%, 6, 0, 10, 0.00
1733656822, 10559215, 0, 40, 0, 0, 0.14%, 6, 0, 10, 0.00
1733656827, 10575365, 0, 40, 0, 0, 0.14%, 6, 0, 10, 0.00
1733656833, 10591584, 0, 40, 0, 0, 0.14%, 6, 0, 10, 0.00
1733656838, 10607728, 0, 40, 0, 0, 0.14%, 6, 0, 10, 0.00
1733656843, 10623870, 0, 40, 0, 0, 0.14%, 6, 0, 10, 0.00
1733656848, 10639963, 0, 40, 0, 0, 0.14%, 6, 0, 10, 0.00
1733656853, 10656137, 0, 40, 0, 0, 0.14%, 6, 0, 10, 0.00
1733656859, 10672266, 0, 40, 0, 0, 0.14%, 6, 0, 10, 0.00
1733656864, 10688386, 0, 40, 0, 0, 0.14%, 6, 0, 10, 0.00
1733656869, 10704602, 0, 40, 0, 0, 0.14%, 6, 0, 10, 0.00
1733656874, 10720830, 0, 40, 0, 0, 0.14%, 6, 0, 10, 0.00
1733656879, 10736998, 0, 40, 0, 0, 0.14%, 6, 0, 10, 0.00
1733656885, 10753088, 0, 40, 0, 0, 0.14%, 6, 0, 10, 0.00
1733656890, 10769250, 0, 40, 0, 0, 0.14%, 6, 0, 10, 0.00
1733656895, 10785388, 0, 40, 0, 0, 0.14%, 6, 0, 10, 0.00
1733656900, 10801547, 0, 40, 0, 0, 0.14%, 6, 0, 10, 0.00
1733656905, 10817720, 0, 40, 0, 0, 0.14%, 6, 0, 10, 0.00
1733656911, 10833886, 0, 40, 0, 0, 0.14%, 6, 0, 10, 0.00
1733656916, 10850027, 0, 40, 0, 0, 0.14%, 6, 0, 10, 0.00
1733656921, 10866153, 0, 40, 0, 0, 0.14%, 6, 0, 10, 0.00
1733656926, 10882321, 0, 40, 0, 0, 0.14%, 6, 0, 10, 0.00
1733656931, 10898490, 0, 40, 0, 0, 0.14%, 6, 0, 10, 0.00
1733656937, 10914667, 0, 40, 0, 0, 0.14%, 6, 0, 10, 0.00
1733656942, 10930900, 0, 40, 0, 0, 0.14%, 6, 0, 10, 0.00
1733656947, 10947123, 0, 40, 0, 0, 0.14%, 6, 0, 10, 0.00
1733656952, 10963270, 0, 40, 0, 0, 0.14%, 6, 0, 10, 0.00
1733656957, 10979432, 0, 40, 0, 0, 0.14%, 6, 0, 10, 0.00
1733656963, 10995573, 0, 40, 0, 0, 0.14%, 6, 0, 10, 0.00
1733656968, 11011799, 0, 40, 0, 0, 0.14%, 6, 0, 10, 0.00
1733656973, 11027991, 0, 40, 0, 0, 0.14%, 6, 0, 10, 0.00
1733656978, 11044122, 0, 40, 0, 0, 0.14%, 6, 0, 10, 0.00
1733656983, 11060164, 0, 40, 0, 0, 0.14%, 6, 0, 10, 0.00
1733656989, 11076325, 0, 40, 0, 0, 0.14%, 6, 0, 10, 0.00
1733656994, 11092516, 0, 40, 0, 0, 0.14%, 6, 0, 10, 0.00
1733656999, 11108753, 0, 40, 0, 0, 0.14%, 6, 0, 10, 0.00
1733657004, 11124891, 0, 40, 0, 0, 0.14%, 6, 0, 10, 0.00
1733657009, 11141138, 0, 40, 0, 0, 0.14%, 6, 0, 10, 0.00
1733657015, 11157295, 0, 40, 0, 0, 0.14%, 6, 0, 10, 0.00
1733657020, 11173468, 0, 40, 0, 0, 0.14%, 6, 0, 10, 0.00
1733657025, 11189600, 0, 40, 0, 0, 0.14%, 6, 0, 10, 0.00
1733657030, 11205824, 0, 40, 0, 0, 0.14%, 6, 0, 10, 0.00
1733657035, 11222025, 0, 40, 0, 0, 0.14%, 6, 0, 10, 0.00
1733657041, 11238206, 0, 40, 0, 0, 0.14%, 6, 0, 10, 0.00
1733657046, 11254359, 0, 40, 0, 0, 0.14%, 6, 0, 10, 0.00
1733657051, 11270489, 0, 40, 0, 0, 0.14%, 6, 0, 10, 0.00
1733657056, 11286610, 0, 40, 0, 0, 0.14%, 6, 0, 10, 0.00
1733657061, 11302762, 0, 40, 0, 0, 0.14%, 6, 0, 10, 0.00
1733657067, 11318936, 0, 40, 0, 0, 0.14%, 6, 0, 10, 0.00
1733657072, 11335190, 0, 40, 0, 0, 0.14%, 6, 0, 10, 0.00
1733657077, 11351365, 0, 40, 0, 0, 0.14%, 6, 0, 10, 0.00
1733657082, 11367526, 0, 40, 0, 0, 0.14%, 6, 0, 10, 0.00
1733657087, 11383705, 0, 40, 0, 0, 0.14%, 6, 0, 10, 0.00
1733657093, 11399890, 0, 40, 0, 0, 0.14%, 6, 0, 10, 0.00
1733657098, 11416030, 0, 40, 0, 0, 0.14%, 6, 0, 10, 0.00
1733657103, 11432096, 0, 40, 0, 0, 0.14%, 6, 0, 10, 0.00
1733657108, 11448268, 0, 40, 0, 0, 0.14%, 6, 0, 10, 0.00
1733657113, 11464417, 0, 40, 0, 0, 0.14%, 6, 0, 10, 0.00
1733657119, 11480606, 0, 40, 0, 0, 0.14%, 6, 0, 10, 0.00
1733657124, 11496791, 0, 40, 0, 0, 0.14%, 6, 0, 10, 0.00
1733657129, 11512959, 0, 40, 0, 0, 0.14%, 6, 0, 10, 0.00
1733657134, 11529046, 0, 40, 0, 0, 0.14%, 6, 0, 10, 0.00
1733657139, 11545192, 0, 40, 0, 0, 0.14%, 6, 0, 10, 0.00
1733657145, 11561403, 0, 40, 0, 0, 0.14%, 6, 0, 10, 0.00
1733657150, 11577486, 0, 40, 0, 0, 0.14%, 6, 0, 10, 0.00
1733657155, 11593673, 0, 40, 0, 0, 0.14%, 6, 0, 10, 0.00
1733657160, 11609800, 0, 40, 0, 0, 0.14%, 6, 0, 10, 0.00
1733657165, 11626002, 0, 40, 0, 0, 0.14%, 6, 0, 10, 0.00
1733657171, 11642154, 0, 40, 0, 0, 0.14%, 6, 0, 10, 0.00
1733657176, 11658361, 0, 40, 0, 0, 0.14%, 6, 0, 10, 0.00
1733657181, 11674548, 0, 40, 0, 0, 0.14%, 6, 0, 10, 0.00
1733657186, 11690695, 0, 40, 0, 0, 0.14%, 6, 0, 10, 0.00
1733657191, 11706763, 0, 40, 0, 0, 0.14%, 6, 0, 10, 0.00
1733657197, 11722886, 0, 40, 0, 0, 0.14%, 6, 0, 10, 0.00
1733657202, 11739080, 0, 40, 0, 0, 0.14%, 6, 0, 10, 0.00
1733657207, 11755266, 0, 40, 0, 0, 0.14%, 6, 0, 10, 0.00
1733657212, 11771371, 0, 40, 0, 0, 0.14%, 6, 0, 10, 0.00
1733657217, 11787522, 0, 40, 0, 0, 0.14%, 6, 0, 10, 0.00
1733657223, 11803681, 0, 40, 0, 0, 0.14%, 6, 0, 10, 0.00
1733657228, 11819933, 0, 40, 0, 0, 0.14%, 6, 0, 10, 0.00
1733657233, 11836083, 0, 40, 0, 0, 0.14%, 6, 0, 10, 0.00
1733657238, 11852290, 0, 40, 0, 0, 0.14%, 6, 0, 10, 0.00
1733657243, 11868435, 0, 40, 0, 0, 0.14%, 6, 0, 10, 0.00
1733657249, 11884595, 0, 40, 0, 0, 0.14%, 6, 0, 10, 0.00
1733657254, 11900733, 0, 40, 0, 0, 0.14%, 6, 0, 10, 0.00
1733657259, 11916902, 0, 40, 0, 0, 0.14%, 6, 0, 10, 0.00
1733657264, 11933036, 0, 40, 0, 0, 0.14%, 6, 0, 10, 0.00
1733657269, 11949168, 0, 40, 0, 0, 0.14%, 6, 0, 10, 0.00
1733657275, 11965405, 0, 40, 0, 0, 0.14%, 6, 0, 10, 0.00
1733657280, 11981654, 0, 40, 0, 0, 0.14%, 6, 0, 10, 0.00
1733657285, 11997802, 0, 40, 0, 0, 0.14%, 6, 0, 10, 0.00
1733657290, 12013976, 0, 40, 0, 0, 0.14%, 6, 0, 10, 0.00
1733657295, 12030101, 0, 40, 0, 0, 0.14%, 6, 0, 10, 0.00
1733657301, 12046272, 0, 40, 0, 0, 0.14%, 6, 0, 10, 0.00
1733657306, 12062445, 0, 40, 0, 0, 0.14%, 6, 0, 10, 0.00
1733657311, 12078632, 0, 40, 0, 0, 0.14%, 6, 0, 10, 0.00
1733657316, 12094816, 0, 40, 0, 0, 0.14%, 6, 0, 10, 0.00
1733657321, 12111003, 0, 40, 0, 0, 0.14%, 6, 0, 10, 0.00
1733657327, 12127084, 0, 40, 0, 0, 0.14%, 6, 0, 10, 0.00
1733657332, 12143273, 0, 40, 0, 0, 0.14%, 6, 0, 10, 0.00
1733657337, 12159475, 0, 40, 0, 0, 0.14%, 6, 0, 10, 0.00
1733657342, 12175663, 0, 40, 0, 0, 0.14%, 6, 0, 10, 0.00
1733657347, 12191807, 0, 40, 0, 0, 0.14%, 6, 0, 10, 0.00
1733657353, 12208015, 0, 40, 0, 0, 0.14%, 6, 0, 10, 0.00
1733657358, 12224206, 0, 40, 0, 0, 0.14%, 6, 0, 10, 0.00
1733657363, 12240431, 0, 40, 0, 0, 0.14%, 6, 0, 10, 0.00
1733657368, 12256634, 0, 40, 0, 0, 0.14%, 6, 0, 10, 0.00
1733657373, 12272785, 0, 40, 0, 0, 0.14%, 6, 0, 10, 0.00
1733657379, 12288883, 0, 40, 0, 0, 0.14%, 6, 0, 10, 0.00
1733657384, 12305021, 0, 40, 0, 0, 0.14%, 6, 0, 10, 0.00
1733657389, 12321181, 0, 40, 0, 0, 0.14%, 6, 0, 10, 0.00
1733657394, 12337319, 0, 40, 0, 0, 0.14%, 6, 0, 10, 0.00
1733657399, 12353508, 0, 40, 0, 0, 0.14%, 6, 0, 10, 0.00
1733657405, 12369688, 0, 40, 0, 0, 0.14%, 6, 0, 10, 0.00
1733657410, 12385831, 0, 40, 0, 0, 0.14%, 6, 0, 10, 0.00
1733657415, 12401891, 0, 40, 0, 0, 0.14%, 6, 0, 10, 0.00
1733657420, 12418035, 0, 40, 0, 0, 0.14%, 6, 0, 10, 0.00
1733657425, 12434113, 0, 40, 0, 0, 0.14%, 6, 0, 10, 0.00
1733657431, 12450216, 0, 40, 0, 0, 0.14%, 6, 0, 10, 0.00
1733657436, 12466385, 0, 40, 0, 0, 0.14%, 6, 0, 10, 0.00
1733657441, 12482594, 0, 40, 0, 0, 0.14%, 6, 0, 10, 0.00
1733657446, 12498716, 0, 40, 0, 0, 0.14%, 6, 0, 10, 0.00
1733657451, 12514947, 0, 40, 0, 0, 0.14%, 6, 0, 10, 0.00
1733657457, 12531067, 0, 40, 0, 0, 0.14%, 6, 0, 10, 0.00
1733657462, 12547256, 0, 40, 0, 0, 0.14%, 6, 0, 10, 0.00
1733657467, 12563386, 0, 40, 0, 0, 0.14%, 6, 0, 10, 0.00
1733657472, 12579516, 0, 40, 0, 0, 0.14%, 6, 0, 10, 0.00
1733657477, 12595688, 0, 40, 0, 0, 0.14%, 6, 0, 10, 0.00
1733657483, 12611837, 0, 40, 0, 0, 0.14%, 6, 0, 10, 0.00
1733657488, 12627997, 0, 40, 0, 0, 0.14%, 6, 0, 10, 0.00
1733657493, 12644145, 0, 40, 0, 0, 0.14%, 6, 0, 10, 0.00
1733657498, 12660327, 0, 40, 0, 0, 0.14%, 6, 0, 10, 0.00
1733657503, 12676469, 0, 40, 0, 0, 0.14%, 6, 0, 10, 0.00
1733657509, 12692548, 0, 40, 0, 0, 0.14%, 6, 0, 10, 0.00
1733657514, 12708760, 0, 40, 0, 0, 0.14%, 6, 0, 10, 0.00
1733657519, 12724850, 0, 40, 0, 0, 0.14%, 6, 0, 10, 0.00
1733657524, 12741011, 0, 40, 0, 0, 0.14%, 6, 0, 10, 0.00
1733657529, 12757204, 0, 40, 0, 0, 0.14%, 6, 0, 10, 0.00
1733657535, 12773377, 0, 40, 0, 0, 0.14%, 6, 0, 10, 0.00
1733657540, 12789536, 0, 40, 0, 0, 0.14%, 6, 0, 10, 0.00
1733657545, 12805700, 0, 40, 0, 0, 0.14%, 6, 0, 10, 0.00
1733657550, 12821887, 0, 40, 0, 0, 0.14%, 6, 0, 10, 0.00
1733657555, 12838044, 0, 40, 0, 0, 0.14%, 6, 0, 10, 0.00
1733657561, 12854276, 0, 40, 0, 0, 0.14%, 6, 0, 10, 0.00
1733657566, 12870442, 0, 40, 0, 0, 0.14%, 6, 0, 10, 0.00
1733657571, 12886593, 0, 40, 0, 0, 0.14%, 6, 0, 10, 0.00
1733657576, 12902796, 0, 40, 0, 0, 0.14%, 6, 0, 10, 0.00
1733657581, 12919015, 0, 40, 0, 0, 0.14%, 6, 0, 10, 0.00
1733657587, 12935168, 0, 40, 0, 0, 0.14%, 6, 0, 10, 0.00
1733657592, 12951341, 0, 40, 0, 0, 0.14%, 6, 0, 10, 0.00
1733657597, 12967506, 0, 40, 0, 0, 0.14%, 6, 0, 10, 0.00
1733657602, 12983653, 0, 40, 0, 0, 0.14%, 6, 0, 10, 0.00
1733657607, 12999801, 0, 40, 0, 0, 0.14%, 6, 0, 10, 0.00
1733657613, 13015983, 0, 40, 0, 0, 0.14%, 6, 0, 10, 0.00
1733657618, 13032158, 0, 40, 0, 0, 0.14%, 6, 0, 10, 0.00
1733657623, 13048336, 0, 40, 0, 0, 0.14%, 6, 0, 10, 0.00
1733657628, 13064478, 0, 40, 0, 0, 0.14%, 6, 0, 10, 0.00
1733657633, 13080600, 0, 40, 0, 0, 0.14%, 6, 0, 10, 0.00
1733657639, 13096737, 0, 40, 0, 0, 0.14%, 6, 0, 10, 0.00
1733657644, 13112810, 0, 40, 0, 0, 0.14%, 6, 0, 10, 0.00
1733657649, 13129013, 0, 40, 0, 0, 0.14%, 6, 0, 10, 0.00
1733657654, 13145154, 0, 40, 0, 0, 0.14%, 6, 0, 10, 0.00
1733657659, 13161185, 0, 40, 0, 0, 0.14%, 6, 0, 10, 0.00
1733657665, 13177266, 0, 40, 0, 0, 0.14%, 6, 0, 10, 0.00
1733657670, 13193367, 0, 40, 0, 0, 0.14%, 6, 0, 10, 0.00
1733657675, 13209537, 0, 40, 0, 0, 0.14%, 6, 0, 10, 0.00
1733657680, 13225678, 0, 40, 0, 0, 0.14%, 6, 0, 10, 0.00
1733657685, 13241806, 0, 40, 0, 0, 0.14%, 6, 0, 10, 0.00
1733657691, 13257953, 0, 40, 0, 0, 0.14%, 6, 0, 10, 0.00
1733657696, 13274098, 0, 40, 0, 0, 0.14%, 6, 0, 10, 0.00
1733657701, 13290284, 0, 40, 0, 0, 0.14%, 6, 0, 10, 0.00
