# unix_time, cycles_done, cur_path, paths_total, pending_total, pending_favs, map_size, unique_crashes, unique_hangs, max_depth, execs_per_sec
1735633317, 0, 0, 10, 10, 1, 0.01%, 0, 0, 1, 37.84
1735633322, 0, 4, 10, 10, 1, 0.01%, 0, 0, 1, 38.18
1735633338, 1, 0, 10, 4, 0, 0.01%, 0, 0, 1, 45.41
1735633343, 1, 1, 10, 3, 0, 0.01%, 0, 0, 1, 46.23
1735633348, 1, 2, 10, 2, 0, 0.01%, 0, 0, 1, 43.61
1735633353, 1, 3, 10, 1, 0, 0.01%, 0, 0, 1, 43.59
1735633358, 1, 4, 10, 0, 0, 0.01%, 0, 0, 1, 45.85
1735633368, 1, 5, 10, 0, 0, 0.01%, 0, 0, 1, 43.78
1735633373, 1, 6, 10, 0, 0, 0.01%, 0, 0, 1, 44.38
1735633378, 1, 7, 10, 0, 0, 0.01%, 0, 0, 1, 44.83
1735633383, 1, 8, 10, 0, 0, 0.01%, 0, 0, 1, 47.09
1735633388, 1, 9, 10, 0, 0, 0.01%, 0, 0, 1, 45.77
1735633393, 2, 0, 10, 0, 0, 0.01%, 0, 0, 1, 45.59
1735633399, 2, 1, 10, 0, 0, 0.01%, 0, 0, 1, 47.09
1735633404, 2, 2, 10, 0, 0, 0.01%, 0, 0, 1, 46.62
1735633414, 2, 3, 10, 0, 0, 0.01%, 0, 0, 1, 45.31
1735633419, 2, 4, 10, 0, 0, 0.01%, 0, 0, 1, 44.06
1735633424, 2, 5, 10, 0, 0, 0.01%, 0, 0, 1, 45.99
1735633429, 2, 6, 10, 0, 0, 0.01%, 0, 0, 1, 46.14
1735633434, 2, 7, 10, 0, 0, 0.01%, 0, 0, 1, 44.84
1735633439, 2, 8, 10, 0, 0, 0.01%, 0, 0, 1, 44.47
1735633445, 2, 9, 10, 0, 0, 0.01%, 0, 0, 1, 46.26
1735633450, 3, 0, 10, 0, 0, 0.01%, 0, 0, 1, 44.79
1735633460, 3, 1, 10, 0, 0, 0.01%, 0, 0, 1, 44.77
1735633465, 3, 2, 10, 0, 0, 0.01%, 0, 0, 1, 43.21
1735633470, 3, 3, 10, 0, 0, 0.01%, 0, 0, 1, 44.06
1735633475, 3, 4, 10, 0, 0, 0.01%, 0, 0, 1, 45.48
1735633480, 3, 5, 10, 0, 0, 0.01%, 0, 0, 1, 44.02
1735633485, 3, 6, 10, 0, 0, 0.01%, 0, 0, 1, 45.06
1735633490, 3, 7, 10, 0, 0, 0.01%, 0, 0, 1, 45.20
1735633495, 3, 8, 10, 0, 0, 0.01%, 0, 0, 1, 44.07
1735633505, 3, 9, 10, 0, 0, 0.01%, 0, 0, 1, 46.50
1735633511, 4, 0, 10, 0, 0, 0.01%, 0, 0, 1, 46.30
1735633516, 4, 1, 10, 0, 0, 0.01%, 0, 0, 1, 46.50
1735633521, 4, 2, 10, 0, 0, 0.01%, 0, 0, 1, 46.92
1735633526, 4, 3, 10, 0, 0, 0.01%, 0, 0, 1, 44.93
1735633531, 4, 4, 10, 0, 0, 0.01%, 0, 0, 1, 44.25
1735633536, 4, 5, 10, 0, 0, 0.01%, 0, 0, 1, 43.98
1735633541, 4, 6, 10, 0, 0, 0.01%, 0, 0, 1, 44.44
1735633546, 4, 7, 10, 0, 0, 0.01%, 0, 0, 1, 45.37
1735633556, 4, 8, 10, 0, 0, 0.01%, 0, 0, 1, 45.16
1735633561, 4, 9, 10, 0, 0, 0.01%, 0, 0, 1, 44.89
1735633566, 5, 0, 10, 0, 0, 0.01%, 0, 0, 1, 47.01
1735633571, 5, 1, 10, 0, 0, 0.01%, 0, 0, 1, 46.46
1735633576, 5, 2, 10, 0, 0, 0.01%, 0, 0, 1, 45.21
1735633581, 5, 3, 10, 0, 0, 0.01%, 0, 0, 1, 45.18
1735633587, 5, 4, 10, 0, 0, 0.01%, 0, 0, 1, 44.06
1735633592, 5, 5, 10, 0, 0, 0.01%, 0, 0, 1, 45.94
1735633602, 5, 6, 10, 0, 0, 0.01%, 0, 0, 1, 45.72
1735633607, 5, 7, 10, 0, 0, 0.01%, 0, 0, 1, 44.69
1735633612, 5, 8, 10, 0, 0, 0.01%, 0, 0, 1, 44.78
1735633617, 5, 9, 10, 0, 0, 0.01%, 0, 0, 1, 42.84
1735633622, 6, 0, 10, 0, 0, 0.01%, 0, 0, 1, 44.54
1735633627, 6, 1, 10, 0, 0, 0.01%, 0, 0, 1, 43.29
1735633632, 6, 2, 10, 0, 0, 0.01%, 0, 0, 1, 44.16
1735633637, 6, 3, 10, 0, 0, 0.01%, 0, 0, 1, 43.52
1735633648, 6, 4, 10, 0, 0, 0.01%, 0, 0, 1, 44.39
1735633653, 6, 5, 10, 0, 0, 0.01%, 0, 0, 1, 45.44
1735633658, 6, 6, 10, 0, 0, 0.01%, 0, 0, 1, 45.48
1735633663, 6, 7, 10, 0, 0, 0.01%, 0, 0, 1, 45.60
1735633668, 6, 8, 10, 0, 0, 0.01%, 0, 0, 1, 42.80
1735633673, 6, 9, 10, 0, 0, 0.01%, 0, 0, 1, 43.52
1735633678, 7, 0, 10, 0, 0, 0.01%, 0, 0, 1, 46.34
1735633683, 7, 1, 10, 0, 0, 0.01%, 0, 0, 1, 44.70
1735633693, 7, 2, 10, 0, 0, 0.01%, 0, 0, 1, 43.11
1735633698, 7, 3, 10, 0, 0, 0.01%, 0, 0, 1, 43.94
1735633703, 7, 4, 10, 0, 0, 0.01%, 0, 0, 1, 45.61
1735633708, 7, 5, 10, 0, 0, 0.01%, 0, 0, 1, 43.69
1735633713, 7, 6, 10, 0, 0, 0.01%, 0, 0, 1, 44.60
1735633718, 7, 7, 10, 0, 0, 0.01%, 0, 0, 1, 44.18
1735633724, 7, 8, 10, 0, 0, 0.01%, 0, 0, 1, 44.35
1735633734, 7, 9, 10, 0, 0, 0.01%, 0, 0, 1, 44.79
1735633739, 8, 0, 10, 0, 0, 0.01%, 0, 0, 1, 45.08
1735633744, 8, 1, 10, 0, 0, 0.01%, 0, 0, 1, 45.16
1735633749, 8, 2, 10, 0, 0, 0.01%, 0, 0, 1, 44.90
1735633754, 8, 3, 10, 0, 0, 0.01%, 0, 0, 1, 42.95
1735633759, 8, 4, 10, 0, 0, 0.01%, 0, 0, 1, 45.18
1735633764, 8, 5, 10, 0, 0, 0.01%, 0, 0, 1, 44.44
1735633769, 8, 6, 10, 0, 0, 0.01%, 0, 0, 1, 43.58
1735633780, 8, 7, 10, 0, 0, 0.01%, 0, 0, 1, 45.62
1735633785, 8, 8, 10, 0, 0, 0.01%, 0, 0, 1, 45.24
1735633790, 8, 9, 10, 0, 0, 0.01%, 0, 0, 1, 45.35
1735633795, 9, 0, 10, 0, 0, 0.01%, 0, 0, 1, 43.92
1735633800, 9, 1, 10, 0, 0, 0.01%, 0, 0, 1, 42.87
1735633805, 9, 2, 10, 0, 0, 0.01%, 0, 0, 1, 45.48
1735633810, 9, 3, 10, 0, 0, 0.01%, 0, 0, 1, 42.75
1735633815, 9, 4, 10, 0, 0, 0.01%, 0, 0, 1, 45.62
1735633826, 9, 5, 10, 0, 0, 0.01%, 0, 0, 1, 43.89
1735633831, 9, 6, 10, 0, 0, 0.01%, 0, 0, 1, 44.52
1735633836, 9, 7, 10, 0, 0, 0.01%, 0, 0, 1, 43.73
1735633841, 9, 8, 10, 0, 0, 0.01%, 0, 0, 1, 43.30
1735633846, 9, 9, 10, 0, 0, 0.01%, 0, 0, 1, 43.82
1735633851, 10, 0, 10, 0, 0, 0.01%, 0, 0, 1, 43.41
1735633856, 10, 1, 10, 0, 0, 0.01%, 0, 0, 1, 47.16
1735633866, 10, 2, 10, 0, 0, 0.01%, 0, 0, 1, 47.16
1735633871, 10, 3, 10, 0, 0, 0.01%, 0, 0, 1, 44.50
1735633876, 10, 4, 10, 0, 0, 0.01%, 0, 0, 1, 47.16
1735633881, 10, 5, 10, 0, 0, 0.01%, 0, 0, 1, 46.09
1735633886, 10, 6, 10, 0, 0, 0.01%, 0, 0, 1, 46.60
1735633891, 10, 7, 10, 0, 0, 0.01%, 0, 0, 1, 45.35
1735633897, 10, 8, 10, 0, 0, 0.01%, 0, 0, 1, 47.93
1735633902, 10, 9, 10, 0, 0, 0.01%, 0, 0, 1, 45.03
1735633907, 11, 0, 10, 0, 0, 0.01%, 0, 0, 1, 46.08
1735633912, 11, 1, 10, 0, 0, 0.01%, 0, 0, 1, 46.69
1735633917, 11, 2, 10, 0, 0, 0.01%, 0, 0, 1, 47.06
1735633927, 11, 3, 10, 0, 0, 0.01%, 0, 0, 1, 46.80
1735633932, 11, 4, 10, 0, 0, 0.01%, 0, 0, 1, 48.79
1735633937, 11, 5, 10, 0, 0, 0.01%, 0, 0, 1, 46.97
1735633943, 11, 6, 10, 0, 0, 0.01%, 0, 0, 1, 48.30
1735633948, 11, 7, 10, 0, 0, 0.01%, 0, 0, 1, 48.25
1735633953, 11, 8, 10, 0, 0, 0.01%, 0, 0, 1, 48.88
1735633958, 11, 9, 10, 0, 0, 0.01%, 0, 0, 1, 45.98
1735633963, 12, 0, 10, 0, 0, 0.01%, 0, 0, 1, 46.27
1735633968, 12, 1, 10, 0, 0, 0.01%, 0, 0, 1, 46.90
1735633973, 12, 2, 10, 0, 0, 0.01%, 0, 0, 1, 47.93
1735633978, 12, 3, 10, 0, 0, 0.01%, 0, 0, 1, 49.10
1735633983, 12, 4, 10, 0, 0, 0.01%, 0, 0, 1, 48.92
1735633988, 12, 5, 10, 0, 0, 0.01%, 0, 0, 1, 49.05
1735633993, 12, 6, 10, 0, 0, 0.01%, 0, 0, 1, 47.47
1735633998, 12, 7, 10, 0, 0, 0.01%, 0, 0, 1, 48.14
1735634003, 12, 8, 10, 0, 0, 0.01%, 0, 0, 1, 46.36
1735634008, 12, 9, 10, 0, 0, 0.01%, 0, 0, 1, 48.71
1735634019, 13, 0, 10, 0, 0, 0.01%, 0, 0, 1, 48.47
1735634024, 13, 1, 10, 0, 0, 0.01%, 0, 0, 1, 44.49
1735634029, 13, 2, 10, 0, 0, 0.01%, 0, 0, 1, 44.66
1735634034, 13, 3, 10, 0, 0, 0.01%, 0, 0, 1, 49.00
1735634039, 13, 4, 10, 0, 0, 0.01%, 0, 0, 1, 47.40
1735634044, 13, 5, 10, 0, 0, 0.01%, 0, 0, 1, 47.52
1735634049, 13, 6, 10, 0, 0, 0.01%, 0, 0, 1, 49.62
1735634054, 13, 7, 10, 0, 0, 0.01%, 0, 0, 1, 47.98
1735634059, 13, 8, 10, 0, 0, 0.01%, 0, 0, 1, 47.63
1735634064, 13, 9, 10, 0, 0, 0.01%, 0, 0, 1, 49.54
1735634069, 14, 0, 10, 0, 0, 0.01%, 0, 0, 1, 47.00
1735634074, 14, 1, 10, 0, 0, 0.01%, 0, 0, 1, 47.69
1735634079, 14, 2, 10, 0, 0, 0.01%, 0, 0, 1, 47.38
1735634089, 14, 3, 10, 0, 0, 0.01%, 0, 0, 1, 46.48
1735634094, 14, 4, 10, 0, 0, 0.01%, 0, 0, 1, 46.65
1735634100, 14, 5, 10, 0, 0, 0.01%, 0, 0, 1, 47.20
1735634105, 14, 6, 10, 0, 0, 0.01%, 0, 0, 1, 46.92
1735634110, 14, 7, 10, 0, 0, 0.01%, 0, 0, 1, 45.65
1735634115, 14, 8, 10, 0, 0, 0.01%, 0, 0, 1, 48.69
1735634120, 14, 9, 10, 0, 0, 0.01%, 0, 0, 1, 45.25
1735634125, 15, 0, 10, 0, 0, 0.01%, 0, 0, 1, 46.22
1735634130, 15, 1, 10, 0, 0, 0.01%, 0, 0, 1, 46.97
1735634135, 15, 2, 10, 0, 0, 0.01%, 0, 0, 1, 47.31
1735634140, 15, 3, 10, 0, 0, 0.01%, 0, 0, 1, 45.33
1735634145, 15, 4, 10, 0, 0, 0.01%, 0, 0, 1, 48.86
1735634155, 15, 5, 10, 0, 0, 0.01%, 0, 0, 1, 40.40
1735634171, 15, 6, 10, 0, 0, 0.01%, 0, 0, 1, 50.48
1735634191, 15, 7, 10, 0, 0, 0.01%, 0, 0, 1, 44.98
1735634212, 15, 8, 10, 0, 0, 0.01%, 0, 0, 1, 47.31
1735634232, 15, 9, 10, 0, 0, 0.01%, 0, 0, 1, 44.31
1735634252, 16, 0, 10, 0, 0, 0.01%, 0, 0, 1, 47.84
1735634278, 16, 1, 10, 0, 0, 0.01%, 0, 0, 1, 39.36
1735634298, 16, 2, 10, 0, 0, 0.01%, 0, 0, 1, 42.27
1735634318, 16, 3, 10, 0, 0, 0.01%, 0, 0, 1, 46.89
1735634323, 16, 4, 10, 0, 0, 0.01%, 0, 0, 1, 50.29
1735634328, 16, 5, 10, 0, 0, 0.01%, 0, 0, 1, 50.60
1735634334, 16, 6, 10, 0, 0, 0.01%, 0, 0, 1, 50.76
1735634339, 16, 7, 10, 0, 0, 0.01%, 0, 0, 1, 46.42
1735634344, 16, 8, 10, 0, 0, 0.01%, 0, 0, 1, 47.01
1735634349, 16, 9, 10, 0, 0, 0.01%, 0, 0, 1, 45.29
1735634354, 17, 0, 10, 0, 0, 0.01%, 0, 0, 1, 47.48
1735634359, 17, 1, 10, 0, 0, 0.01%, 0, 0, 1, 46.45
1735634364, 17, 2, 10, 0, 0, 0.01%, 0, 0, 1, 46.78
1735634369, 17, 3, 10, 0, 0, 0.01%, 0, 0, 1, 45.87
1735634374, 17, 4, 10, 0, 0, 0.01%, 0, 0, 1, 46.96
1735634384, 17, 5, 10, 0, 0, 0.01%, 0, 0, 1, 47.38
1735634389, 17, 6, 10, 0, 0, 0.01%, 0, 0, 1, 49.14
1735634394, 17, 7, 10, 0, 0, 0.01%, 0, 0, 1, 46.50
1735634399, 17, 8, 10, 0, 0, 0.01%, 0, 0, 1, 47.49
1735634404, 17, 9, 10, 0, 0, 0.01%, 0, 0, 1, 46.10
1735634410, 18, 0, 10, 0, 0, 0.01%, 0, 0, 1, 46.61
1735634415, 18, 1, 10, 0, 0, 0.01%, 0, 0, 1, 46.35
1735634420, 18, 2, 10, 0, 0, 0.01%, 0, 0, 1, 49.15
1735634425, 18, 3, 10, 0, 0, 0.01%, 0, 0, 1, 47.76
1735634430, 18, 4, 10, 0, 0, 0.01%, 0, 0, 1, 48.92
1735634435, 18, 5, 10, 0, 0, 0.01%, 0, 0, 1, 46.21
1735634440, 18, 6, 10, 0, 0, 0.01%, 0, 0, 1, 48.38
1735634445, 18, 7, 10, 0, 0, 0.01%, 0, 0, 1, 44.59
1735634450, 18, 8, 10, 0, 0, 0.01%, 0, 0, 1, 45.54
1735634455, 18, 9, 10, 0, 0, 0.01%, 0, 0, 1, 47.28
1735634460, 19, 0, 10, 0, 0, 0.01%, 0, 0, 1, 49.23
1735634471, 19, 1, 10, 0, 0, 0.01%, 0, 0, 1, 48.67
1735634476, 19, 2, 10, 0, 0, 0.01%, 0, 0, 1, 46.28
1735634481, 19, 3, 10, 0, 0, 0.01%, 0, 0, 1, 45.58
1735634486, 19, 4, 10, 0, 0, 0.01%, 0, 0, 1, 47.23
1735634491, 19, 5, 10, 0, 0, 0.01%, 0, 0, 1, 47.25
1735634496, 19, 6, 10, 0, 0, 0.01%, 0, 0, 1, 47.94
1735634501, 19, 7, 10, 0, 0, 0.01%, 0, 0, 1, 45.61
1735634506, 19, 8, 10, 0, 0, 0.01%, 0, 0, 1, 48.93
1735634511, 19, 9, 10, 0, 0, 0.01%, 0, 0, 1, 47.74
1735634516, 20, 0, 10, 0, 0, 0.01%, 0, 0, 1, 47.49
1735634521, 20, 1, 10, 0, 0, 0.01%, 0, 0, 1, 47.59
1735634527, 20, 2, 10, 0, 0, 0.01%, 0, 0, 1, 48.75
1735634532, 20, 3, 10, 0, 0, 0.01%, 0, 0, 1, 47.62
1735634537, 20, 4, 10, 0, 0, 0.01%, 0, 0, 1, 47.44
1735634542, 20, 5, 10, 0, 0, 0.01%, 0, 0, 1, 48.05
1735634547, 20, 6, 10, 0, 0, 0.01%, 0, 0, 1, 46.52
1735634557, 20, 7, 10, 0, 0, 0.01%, 0, 0, 1, 45.90
1735634562, 20, 8, 10, 0, 0, 0.01%, 0, 0, 1, 49.71
1735634567, 20, 9, 10, 0, 0, 0.01%, 0, 0, 1, 48.14
1735634572, 21, 0, 10, 0, 0, 0.01%, 0, 0, 1, 46.93
1735634577, 21, 1, 10, 0, 0, 0.01%, 0, 0, 1, 47.75
1735634582, 21, 2, 10, 0, 0, 0.01%, 0, 0, 1, 46.20
1735634587, 21, 3, 10, 0, 0, 0.01%, 0, 0, 1, 46.07
1735634592, 21, 4, 10, 0, 0, 0.01%, 0, 0, 1, 47.78
1735634597, 21, 5, 10, 0, 0, 0.01%, 0, 0, 1, 49.04
1735634602, 21, 6, 10, 0, 0, 0.01%, 0, 0, 1, 48.23
1735634608, 21, 7, 10, 0, 0, 0.01%, 0, 0, 1, 44.85
1735634613, 21, 8, 10, 0, 0, 0.01%, 0, 0, 1, 46.69
1735634618, 21, 9, 10, 0, 0, 0.01%, 0, 0, 1, 47.16
1735634623, 22, 0, 10, 0, 0, 0.01%, 0, 0, 1, 48.19
1735634628, 22, 1, 10, 0, 0, 0.01%, 0, 0, 1, 46.89
1735634638, 22, 2, 10, 0, 0, 0.01%, 0, 0, 1, 47.70
1735634643, 22, 3, 10, 0, 0, 0.01%, 0, 0, 1, 48.55
1735634648, 22, 4, 10, 0, 0, 0.01%, 0, 0, 1, 47.15
1735634653, 22, 5, 10, 0, 0, 0.01%, 0, 0, 1, 49.58
1735634658, 22, 6, 10, 0, 0, 0.01%, 0, 0, 1, 48.79
1735634663, 22, 7, 10, 0, 0, 0.01%, 0, 0, 1, 47.20
1735634668, 22, 8, 10, 0, 0, 0.01%, 0, 0, 1, 46.73
1735634674, 22, 9, 10, 0, 0, 0.01%, 0, 0, 1, 50.19
1735634679, 23, 0, 10, 0, 0, 0.01%, 0, 0, 1, 47.66
1735634684, 23, 1, 10, 0, 0, 0.01%, 0, 0, 1, 46.23
1735634689, 23, 2, 10, 0, 0, 0.01%, 0, 0, 1, 49.20
1735634694, 23, 3, 10, 0, 0, 0.01%, 0, 0, 1, 47.37
1735634699, 23, 4, 10, 0, 0, 0.01%, 0, 0, 1, 48.05
1735634704, 23, 5, 10, 0, 0, 0.01%, 0, 0, 1, 45.84
1735634709, 23, 6, 10, 0, 0, 0.01%, 0, 0, 1, 46.49
1735634714, 23, 7, 10, 0, 0, 0.01%, 0, 0, 1, 49.09
1735634719, 23, 8, 10, 0, 0, 0.01%, 0, 0, 1, 48.15
1735634729, 23, 9, 10, 0, 0, 0.01%, 0, 0, 1, 47.51
1735634734, 24, 0, 10, 0, 0, 0.01%, 0, 0, 1, 49.03
1735634739, 24, 1, 10, 0, 0, 0.01%, 0, 0, 1, 46.50
1735634744, 24, 2, 10, 0, 0, 0.01%, 0, 0, 1, 46.07
1735634749, 24, 3, 10, 0, 0, 0.01%, 0, 0, 1, 47.87
1735634755, 24, 4, 10, 0, 0, 0.01%, 0, 0, 1, 47.65
1735634760, 24, 5, 10, 0, 0, 0.01%, 0, 0, 1, 47.69
1735634765, 24, 6, 10, 0, 0, 0.01%, 0, 0, 1, 47.34
1735634770, 24, 7, 10, 0, 0, 0.01%, 0, 0, 1, 47.65
1735634775, 24, 8, 10, 0, 0, 0.01%, 0, 0, 1, 48.70
1735634780, 24, 9, 10, 0, 0, 0.01%, 0, 0, 1, 45.29
1735634785, 25, 0, 10, 0, 0, 0.01%, 0, 0, 1, 47.13
1735634790, 25, 1, 10, 0, 0, 0.01%, 0, 0, 1, 48.49
1735634800, 25, 2, 10, 0, 0, 0.01%, 0, 0, 1, 47.10
1735634805, 25, 3, 10, 0, 0, 0.01%, 0, 0, 1, 45.38
1735634810, 25, 4, 10, 0, 0, 0.01%, 0, 0, 1, 44.05
1735634815, 25, 5, 10, 0, 0, 0.01%, 0, 0, 1, 50.72
1735634821, 25, 6, 10, 0, 0, 0.01%, 0, 0, 1, 48.97
1735634826, 25, 7, 10, 0, 0, 0.01%, 0, 0, 1, 47.17
1735634831, 25, 8, 10, 0, 0, 0.01%, 0, 0, 1, 46.11
1735634836, 25, 9, 10, 0, 0, 0.01%, 0, 0, 1, 46.71
1735634841, 26, 0, 10, 0, 0, 0.01%, 0, 0, 1, 45.09
1735634846, 26, 1, 10, 0, 0, 0.01%, 0, 0, 1, 47.03
1735634851, 26, 2, 10, 0, 0, 0.01%, 0, 0, 1, 47.65
1735634856, 26, 3, 10, 0, 0, 0.01%, 0, 0, 1, 44.58
1735634861, 26, 4, 10, 0, 0, 0.01%, 0, 0, 1, 46.93
1735634866, 26, 5, 10, 0, 0, 0.01%, 0, 0, 1, 46.02
1735634877, 26, 6, 10, 0, 0, 0.01%, 0, 0, 1, 49.57
1735634882, 26, 7, 10, 0, 0, 0.01%, 0, 0, 1, 48.93
1735634887, 26, 8, 10, 0, 0, 0.01%, 0, 0, 1, 48.20
1735634892, 26, 9, 10, 0, 0, 0.01%, 0, 0, 1, 46.73
1735634897, 27, 0, 10, 0, 0, 0.01%, 0, 0, 1, 47.64
1735634902, 27, 1, 10, 0, 0, 0.01%, 0, 0, 1, 46.61
1735634907, 27, 2, 10, 0, 0, 0.01%, 0, 0, 1, 47.38
1735634912, 27, 3, 10, 0, 0, 0.01%, 0, 0, 1, 47.94
1735634917, 27, 4, 10, 0, 0, 0.01%, 0, 0, 1, 47.12
1735634922, 27, 5, 10, 0, 0, 0.01%, 0, 0, 1, 45.74
1735634927, 27, 6, 10, 0, 0, 0.01%, 0, 0, 1, 49.21
1735634932, 27, 7, 10, 0, 0, 0.01%, 0, 0, 1, 49.48
1735634937, 27, 8, 10, 0, 0, 0.01%, 0, 0, 1, 48.38
1735634942, 27, 9, 10, 0, 0, 0.01%, 0, 0, 1, 45.93
1735634947, 28, 0, 10, 0, 0, 0.01%, 0, 0, 1, 48.87
1735634952, 28, 1, 10, 0, 0, 0.01%, 0, 0, 1, 48.49
1735634962, 28, 2, 11, 1, 0, 0.14%, 1, 0, 2, 45.83
1735634967, 31, 10, 11, 0, 0, 0.14%, 1, 0, 2, 59.66
1735634973, 31, 10, 12, 1, 0, 0.14%, 1, 0, 3, 49.40
1735634978, 31, 10, 12, 1, 0, 0.14%, 2, 0, 3, 52.23
1735635049, 31, 11, 13, 2, 1, 0.14%, 3, 0, 4, 72.80
1735635069, 31, 11, 14, 3, 1, 0.14%, 3, 0, 4, 50.42
1735635090, 31, 11, 15, 4, 1, 0.14%, 3, 0, 4, 47.66
1735635110, 31, 11, 16, 5, 1, 0.14%, 3, 0, 4, 53.01
1735635145, 31, 11, 17, 6, 1, 0.14%, 4, 0, 4, 52.58
1735635176, 31, 12, 17, 5, 3, 0.14%, 4, 0, 4, 64.60
1735635272, 31, 12, 20, 8, 3, 0.14%, 4, 0, 5, 52.50
1735635277, 31, 16, 21, 8, 2, 0.14%, 5, 0, 5, 79.58
1735635328, 31, 16, 22, 9, 2, 0.14%, 5, 0, 5, 52.42
1735635399, 32, 13, 22, 5, 0, 0.14%, 5, 0, 5, 43.29
1735635405, 32, 19, 22, 3, 0, 0.14%, 5, 0, 5, 80.55
1735635476, 32, 21, 22, 3, 0, 0.14%, 5, 0, 5, 57.41
1735635501, 32, 21, 23, 4, 0, 0.14%, 5, 0, 6, 60.16
1735635522, 32, 21, 24, 5, 0, 0.14%, 5, 0, 6, 58.81
1735635537, 32, 21, 26, 7, 0, 0.14%, 5, 0, 6, 58.69
1735635597, 32, 24, 26, 7, 2, 0.14%, 5, 0, 6, 61.20
1735635623, 32, 24, 27, 8, 2, 0.14%, 5, 0, 7, 60.21
1735635674, 32, 24, 28, 9, 2, 0.14%, 5, 0, 7, 58.07
1735635725, 32, 26, 28, 7, 1, 0.14%, 5, 0, 7, 59.52
1735635750, 32, 26, 29, 8, 1, 0.14%, 5, 0, 8, 53.99
1735635852, 33, 25, 29, 5, 0, 0.14%, 5, 0, 8, 70.48
1735635902, 33, 25, 30, 6, 0, 0.14%, 5, 0, 8, 57.38
1735635907, 33, 25, 31, 7, 0, 0.14%, 5, 0, 8, 58.49
1735635943, 33, 25, 32, 8, 0, 0.14%, 5, 0, 8, 56.03
1735635963, 33, 25, 33, 9, 0, 0.14%, 5, 0, 8, 58.44
1735635973, 34, 28, 33, 6, 0, 0.14%, 5, 0, 8, 58.09
1735635999, 34, 28, 34, 7, 0, 0.14%, 5, 0, 9, 82.13
1735636014, 34, 28, 35, 8, 0, 0.14%, 5, 0, 9, 59.05
1735636141, 36, 27, 35, 7, 0, 0.14%, 5, 0, 9, 44.75
1735636151, 36, 32, 35, 6, 0, 0.14%, 5, 0, 9, 75.85
1735636228, 36, 32, 36, 7, 0, 0.14%, 5, 0, 9, 71.01
1735636294, 36, 35, 36, 7, 1, 0.14%, 5, 0, 9, 82.19
1735636406, 37, 27, 36, 6, 0, 0.14%, 5, 0, 9, 83.01
1735637676, 37, 27, 37, 7, 0, 0.14%, 6, 0, 9, 98.43
1735637732, 37, 36, 37, 7, 1, 0.14%, 6, 0, 9, 55.08
1735638097, 37, 36, 38, 8, 1, 0.14%, 6, 0, 9, 103.34
1735638200, 37, 36, 39, 9, 1, 0.14%, 6, 0, 9, 82.78
1735638205, 37, 36, 39, 9, 1, 0.14%, 7, 0, 9, 91.43
1735638271, 37, 38, 39, 7, 1, 0.14%, 7, 0, 9, 47.93
1735638543, 38, 37, 39, 5, 0, 0.14%, 7, 0, 9, 85.80
1735639047, 45, 17, 39, 3, 0, 0.14%, 7, 0, 9, 55.90
1735639118, 47, 38, 39, 1, 0, 0.14%, 7, 0, 9, 63.67
1735639129, 48, 31, 39, 1, 0, 0.14%, 7, 0, 9, 107.29
1735639364, 48, 38, 39, 1, 0, 0.14%, 7, 0, 9, 77.73
1735639379, 49, 38, 39, 1, 0, 0.14%, 7, 0, 9, 75.63
1735639414, 50, 13, 39, 1, 0, 0.14%, 7, 0, 9, 93.76
1735639857, 50, 38, 39, 1, 0, 0.14%, 7, 0, 9, 69.46
1735639887, 51, 38, 39, 1, 0, 0.14%, 7, 0, 9, 71.40
1735639923, 52, 31, 39, 1, 0, 0.14%, 7, 0, 9, 67.65
1735639928, 52, 38, 39, 1, 0, 0.14%, 7, 0, 9, 71.82
1735639964, 53, 31, 39, 0, 0, 0.14%, 7, 0, 9, 69.54
1735639974, 54, 18, 39, 0, 0, 0.14%, 7, 0, 9, 67.13
1735640025, 55, 18, 39, 0, 0, 0.14%, 7, 0, 9, 67.67
1735640030, 56, 18, 39, 0, 0, 0.14%, 7, 0, 9, 63.47
1735640040, 57, 18, 39, 0, 0, 0.14%, 7, 0, 9, 60.87
1735640060, 58, 18, 39, 0, 0, 0.14%, 7, 0, 9, 66.38
1735640085, 58, 31, 39, 0, 0, 0.14%, 7, 0, 9, 69.10
1735640116, 59, 18, 39, 0, 0, 0.14%, 7, 0, 9, 70.29
1735640152, 59, 23, 39, 0, 0, 0.14%, 7, 0, 9, 86.81
1735640223, 60, 18, 39, 0, 0, 0.14%, 7, 0, 9, 67.47
1735640258, 60, 30, 39, 0, 0, 0.14%, 7, 0, 9, 88.95
1735640329, 61, 18, 39, 0, 0, 0.14%, 7, 0, 9, 68.43
1735640360, 61, 30, 39, 0, 0, 0.14%, 7, 0, 9, 69.08
1735640385, 61, 31, 39, 0, 0, 0.14%, 7, 0, 9, 65.39
1735640421, 62, 30, 39, 0, 0, 0.14%, 7, 0, 9, 62.49
1735640446, 63, 30, 39, 0, 0, 0.14%, 7, 0, 9, 63.63
1735640481, 64, 30, 39, 0, 0, 0.14%, 7, 0, 9, 70.07
1735640512, 65, 30, 39, 0, 0, 0.14%, 7, 0, 9, 60.43
1735640548, 66, 30, 39, 0, 0, 0.14%, 7, 0, 9, 62.83
1735640583, 67, 30, 39, 0, 0, 0.14%, 7, 0, 9, 65.81
1735640614, 68, 30, 39, 0, 0, 0.14%, 7, 0, 9, 64.63
1735640644, 81, 35, 40, 1, 0, 0.14%, 7, 0, 9, 67.21
1735640654, 81, 39, 40, 1, 1, 0.14%, 7, 0, 9, 63.54
1735641860, 81, 39, 41, 2, 1, 0.14%, 7, 0, 10, 97.36
1735641947, 83, 35, 41, 0, 0, 0.14%, 7, 0, 10, 58.61
1735641962, 86, 40, 41, 0, 0, 0.14%, 7, 0, 10, 117.13
1735642345, 89, 40, 41, 0, 0, 0.14%, 7, 0, 10, 77.80
1735642371, 90, 40, 41, 0, 0, 0.14%, 7, 0, 10, 77.44
1735642401, 91, 40, 41, 0, 0, 0.14%, 7, 0, 10, 77.70
1735642437, 92, 40, 41, 0, 0, 0.14%, 7, 0, 10, 86.06
1735642467, 93, 40, 41, 0, 0, 0.14%, 7, 0, 10, 89.22
1735642498, 94, 40, 41, 0, 0, 0.14%, 7, 0, 10, 89.24
1735642528, 95, 40, 41, 0, 0, 0.14%, 7, 0, 10, 72.05
1735642559, 96, 40, 41, 0, 0, 0.14%, 7, 0, 10, 73.39
1735642590, 98, 19, 41, 0, 0, 0.14%, 7, 0, 10, 69.94
1735642600, 98, 31, 41, 0, 0, 0.14%, 7, 0, 10, 70.81
1735642636, 99, 19, 41, 0, 0, 0.14%, 7, 0, 10, 63.06
1735642646, 101, 35, 41, 0, 0, 0.14%, 7, 0, 10, 62.87
1735642671, 103, 19, 41, 0, 0, 0.14%, 7, 0, 10, 66.38
1735642697, 103, 31, 41, 0, 0, 0.14%, 7, 0, 10, 76.58
1735642733, 109, 31, 41, 0, 0, 0.14%, 7, 0, 10, 70.57
1735642763, 111, 22, 41, 0, 0, 0.14%, 7, 0, 10, 65.71
1735642819, 113, 19, 41, 0, 0, 0.14%, 7, 0, 10, 71.78
1735642855, 119, 12, 41, 0, 0, 0.14%, 7, 0, 10, 67.04
1735642885, 123, 20, 41, 0, 0, 0.14%, 7, 0, 10, 70.40
1735642931, 128, 20, 41, 0, 0, 0.14%, 7, 0, 10, 65.97
1735642947, 129, 17, 41, 0, 0, 0.14%, 7, 0, 10, 70.94
1735642952, 129, 19, 41, 0, 0, 0.14%, 7, 0, 10, 63.92
1735642982, 130, 16, 41, 0, 0, 0.14%, 7, 0, 10, 61.19
1735642993, 131, 20, 41, 0, 0, 0.14%, 7, 0, 10, 63.30
1735643028, 133, 23, 41, 0, 0, 0.14%, 7, 0, 10, 65.91
1735643043, 138, 33, 41, 0, 0, 0.14%, 7, 0, 10, 71.48
1735643130, 139, 19, 41, 0, 0, 0.14%, 7, 0, 10, 67.02
1735643165, 141, 37, 41, 0, 0, 0.14%, 7, 0, 10, 67.51
1735643171, 142, 35, 41, 0, 0, 0.14%, 7, 0, 10, 70.75
1735643206, 147, 10, 41, 0, 0, 0.14%, 7, 0, 10, 64.75
1735643211, 152, 23, 41, 0, 0, 0.14%, 7, 0, 10, 61.15
1735643216, 152, 32, 41, 0, 0, 0.14%, 7, 0, 10, 65.74
1735643221, 152, 37, 41, 0, 0, 0.14%, 7, 0, 10, 71.98
1735643237, 153, 10, 41, 0, 0, 0.14%, 7, 0, 10, 57.77
1735643242, 156, 37, 41, 0, 0, 0.14%, 7, 0, 10, 85.19
1735643267, 160, 23, 41, 0, 0, 0.14%, 7, 0, 10, 66.00
1735643282, 161, 23, 41, 0, 0, 0.14%, 7, 0, 10, 65.80
1735643318, 162, 37, 41, 0, 0, 0.14%, 7, 0, 10, 83.15
1735643354, 167, 14, 41, 0, 0, 0.14%, 7, 0, 10, 92.58
1735643400, 169, 27, 41, 0, 0, 0.14%, 7, 0, 10, 74.99
1735643405, 169, 35, 41, 0, 0, 0.14%, 7, 0, 10, 72.96
1735643440, 172, 34, 41, 0, 0, 0.14%, 7, 0, 10, 76.43
1735643517, 174, 14, 41, 0, 0, 0.14%, 7, 0, 10, 62.96
1735643522, 174, 17, 41, 0, 0, 0.14%, 7, 0, 10, 65.18
1735643532, 175, 14, 41, 0, 0, 0.14%, 7, 0, 10, 66.20
1735643558, 175, 21, 41, 0, 0, 0.14%, 7, 0, 10, 65.46
1735643563, 176, 20, 41, 0, 0, 0.14%, 7, 0, 10, 61.73
1735643598, 177, 21, 41, 0, 0, 0.14%, 7, 0, 10, 71.07
1735643613, 177, 27, 41, 0, 0, 0.14%, 7, 0, 10, 75.59
1735643624, 178, 10, 41, 0, 0, 0.14%, 7, 0, 10, 61.95
1735643639, 179, 10, 41, 0, 0, 0.14%, 7, 0, 10, 57.60
1735643664, 180, 21, 41, 0, 0, 0.14%, 7, 0, 10, 64.92
1735643694, 181, 34, 41, 0, 0, 0.14%, 7, 0, 10, 64.69
1735643710, 182, 16, 41, 0, 0, 0.14%, 7, 0, 10, 57.45
1735643725, 182, 23, 41, 0, 0, 0.14%, 7, 0, 10, 62.51
1735643760, 185, 16, 41, 0, 0, 0.14%, 7, 0, 10, 66.55
1735643781, 185, 37, 41, 0, 0, 0.14%, 7, 0, 10, 76.89
1735643817, 187, 21, 41, 0, 0, 0.14%, 7, 0, 10, 65.19
1735643852, 189, 33, 41, 0, 0, 0.14%, 7, 0, 10, 65.15
1735643867, 191, 37, 41, 0, 0, 0.14%, 7, 0, 10, 84.79
1735643898, 197, 16, 41, 0, 0, 0.14%, 7, 0, 10, 65.42
1735643933, 197, 32, 41, 0, 0, 0.14%, 7, 0, 10, 64.36
1735643943, 198, 21, 41, 0, 0, 0.14%, 7, 0, 10, 68.96
1735643979, 199, 32, 41, 0, 0, 0.14%, 7, 0, 10, 68.45
1735643994, 200, 10, 41, 0, 0, 0.14%, 7, 0, 10, 57.37
1735644030, 200, 23, 41, 0, 0, 0.14%, 7, 0, 10, 64.24
1735644065, 201, 12, 41, 0, 0, 0.14%, 7, 0, 10, 64.06
1735644096, 201, 19, 41, 0, 0, 0.14%, 7, 0, 10, 61.11
