# unix_time, cycles_done, cur_path, paths_total, pending_total, pending_favs, map_size, unique_crashes, unique_hangs, max_depth, execs_per_sec
1734068962, 0, 0, 10, 10, 1, 0.01%, 0, 0, 1, 35.57
1734068967, 0, 3, 10, 10, 1, 0.01%, 0, 0, 1, 35.55
1734068982, 1, 0, 10, 3, 0, 0.01%, 0, 0, 1, 42.93
1734068987, 1, 1, 10, 2, 0, 0.01%, 0, 0, 1, 44.03
1734068997, 1, 2, 10, 1, 0, 0.01%, 0, 0, 1, 43.08
1734069002, 1, 3, 10, 0, 0, 0.01%, 0, 0, 1, 44.00
1734069007, 1, 4, 10, 0, 0, 0.01%, 0, 0, 1, 41.83
1734069013, 1, 5, 10, 0, 0, 0.01%, 0, 0, 1, 41.74
1734069018, 1, 6, 10, 0, 0, 0.01%, 0, 0, 1, 42.00
1734069023, 1, 7, 10, 0, 0, 0.01%, 0, 0, 1, 44.52
1734069033, 1, 8, 10, 0, 0, 0.01%, 0, 0, 1, 41.65
1734069038, 1, 9, 10, 0, 0, 0.01%, 0, 0, 1, 43.28
1734069043, 2, 0, 10, 0, 0, 0.01%, 0, 0, 1, 42.80
1734069048, 2, 1, 10, 0, 0, 0.01%, 0, 0, 1, 42.09
1734069053, 2, 2, 10, 0, 0, 0.01%, 0, 0, 1, 41.73
1734069064, 2, 3, 10, 0, 0, 0.01%, 0, 0, 1, 43.55
1734069069, 2, 4, 10, 0, 0, 0.01%, 0, 0, 1, 43.42
1734069074, 2, 5, 10, 0, 0, 0.01%, 0, 0, 1, 40.73
1734069079, 2, 6, 10, 0, 0, 0.01%, 0, 0, 1, 42.04
1734069084, 2, 7, 10, 0, 0, 0.01%, 0, 0, 1, 42.35
1734069089, 2, 8, 10, 0, 0, 0.01%, 0, 0, 1, 41.76
1734069099, 2, 9, 10, 0, 0, 0.01%, 0, 0, 1, 42.25
1734069104, 3, 0, 10, 0, 0, 0.01%, 0, 0, 1, 41.45
1734069109, 3, 1, 10, 0, 0, 0.01%, 0, 0, 1, 42.20
1734069115, 3, 2, 10, 0, 0, 0.01%, 0, 0, 1, 43.61
1734069120, 3, 3, 10, 0, 0, 0.01%, 0, 0, 1, 43.41
1734069130, 3, 4, 10, 0, 0, 0.01%, 0, 0, 1, 44.07
1734069135, 3, 5, 10, 0, 0, 0.01%, 0, 0, 1, 43.23
1734069140, 3, 6, 10, 0, 0, 0.01%, 0, 0, 1, 42.71
1734069145, 3, 7, 10, 0, 0, 0.01%, 0, 0, 1, 43.69
1734069150, 3, 8, 10, 0, 0, 0.01%, 0, 0, 1, 43.74
1734069155, 3, 9, 10, 0, 0, 0.01%, 0, 0, 1, 41.75
1734069161, 4, 0, 10, 0, 0, 0.01%, 0, 0, 1, 43.35
1734069171, 4, 1, 10, 0, 0, 0.01%, 0, 0, 1, 44.73
1734069176, 4, 2, 10, 0, 0, 0.01%, 0, 0, 1, 42.27
1734069181, 4, 3, 10, 0, 0, 0.01%, 0, 0, 1, 42.01
1734069186, 4, 4, 10, 0, 0, 0.01%, 0, 0, 1, 42.63
1734069191, 4, 5, 10, 0, 0, 0.01%, 0, 0, 1, 41.50
1734069201, 4, 6, 10, 0, 0, 0.01%, 0, 0, 1, 42.06
1734069206, 4, 7, 10, 0, 0, 0.01%, 0, 0, 1, 43.73
1734069211, 4, 8, 10, 0, 0, 0.01%, 0, 0, 1, 44.69
1734069217, 4, 9, 10, 0, 0, 0.01%, 0, 0, 1, 41.40
1734069222, 5, 0, 10, 0, 0, 0.01%, 0, 0, 1, 43.81
1734069227, 5, 1, 10, 0, 0, 0.01%, 0, 0, 1, 42.01
1734069237, 5, 2, 10, 0, 0, 0.01%, 0, 0, 1, 44.18
1734069242, 5, 3, 10, 0, 0, 0.01%, 0, 0, 1, 42.04
1734069247, 5, 4, 10, 0, 0, 0.01%, 0, 0, 1, 42.91
1734069252, 5, 5, 10, 0, 0, 0.01%, 0, 0, 1, 43.37
1734069257, 5, 6, 10, 0, 0, 0.01%, 0, 0, 1, 42.42
1734069262, 5, 7, 10, 0, 0, 0.01%, 0, 0, 1, 42.19
1734069273, 5, 8, 10, 0, 0, 0.01%, 0, 0, 1, 43.45
1734069278, 5, 9, 10, 0, 0, 0.01%, 0, 0, 1, 42.42
1734069283, 6, 0, 10, 0, 0, 0.01%, 0, 0, 1, 42.94
1734069288, 6, 1, 10, 0, 0, 0.01%, 0, 0, 1, 41.56
1734069293, 6, 2, 10, 0, 0, 0.01%, 0, 0, 1, 41.80
1734069303, 6, 3, 10, 0, 0, 0.01%, 0, 0, 1, 41.99
1734069308, 6, 4, 10, 0, 0, 0.01%, 0, 0, 1, 43.27
1734069313, 6, 5, 10, 0, 0, 0.01%, 0, 0, 1, 42.79
1734069319, 6, 6, 10, 0, 0, 0.01%, 0, 0, 1, 44.21
1734069324, 6, 7, 10, 0, 0, 0.01%, 0, 0, 1, 42.17
1734069329, 6, 8, 10, 0, 0, 0.01%, 0, 0, 1, 42.73
1734069339, 6, 9, 10, 0, 0, 0.01%, 0, 0, 1, 43.61
1734069344, 7, 0, 10, 0, 0, 0.01%, 0, 0, 1, 43.42
1734069349, 7, 1, 10, 0, 0, 0.01%, 0, 0, 1, 42.98
1734069354, 7, 2, 10, 0, 0, 0.01%, 0, 0, 1, 41.92
1734069359, 7, 3, 10, 0, 0, 0.01%, 0, 0, 1, 42.96
1734069364, 7, 4, 10, 0, 0, 0.01%, 0, 0, 1, 43.35
1734069374, 7, 5, 10, 0, 0, 0.01%, 0, 0, 1, 42.86
1734069380, 7, 6, 10, 0, 0, 0.01%, 0, 0, 1, 42.66
1734069385, 7, 7, 10, 0, 0, 0.01%, 0, 0, 1, 42.77
1734069390, 7, 8, 10, 0, 0, 0.01%, 0, 0, 1, 42.63
1734069395, 7, 9, 10, 0, 0, 0.01%, 0, 0, 1, 45.00
1734069400, 8, 0, 10, 0, 0, 0.01%, 0, 0, 1, 44.12
1734069410, 8, 1, 10, 0, 0, 0.01%, 0, 0, 1, 42.97
1734069415, 8, 2, 10, 0, 0, 0.01%, 0, 0, 1, 43.68
1734069420, 8, 3, 10, 0, 0, 0.01%, 0, 0, 1, 44.42
1734069425, 8, 4, 10, 0, 0, 0.01%, 0, 0, 1, 44.31
1734069431, 8, 5, 10, 0, 0, 0.01%, 0, 0, 1, 41.55
1734069436, 8, 6, 10, 0, 0, 0.01%, 0, 0, 1, 42.54
1734069446, 8, 7, 10, 0, 0, 0.01%, 0, 0, 1, 42.51
1734069451, 8, 8, 10, 0, 0, 0.01%, 0, 0, 1, 42.21
1734069456, 8, 9, 10, 0, 0, 0.01%, 0, 0, 1, 44.09
1734069461, 9, 0, 10, 0, 0, 0.01%, 0, 0, 1, 43.59
1734069466, 9, 1, 10, 0, 0, 0.01%, 0, 0, 1, 42.65
1734069471, 9, 2, 10, 0, 0, 0.01%, 0, 0, 1, 43.03
1734069482, 9, 3, 10, 0, 0, 0.01%, 0, 0, 1, 42.47
1734069487, 9, 4, 10, 0, 0, 0.01%, 0, 0, 1, 42.52
1734069492, 9, 5, 10, 0, 0, 0.01%, 0, 0, 1, 43.42
1734069497, 9, 6, 10, 0, 0, 0.01%, 0, 0, 1, 42.49
1734069502, 9, 7, 10, 0, 0, 0.01%, 0, 0, 1, 43.46
1734069507, 9, 8, 10, 0, 0, 0.01%, 0, 0, 1, 45.17
1734069517, 9, 9, 10, 0, 0, 0.01%, 0, 0, 1, 42.26
1734069522, 10, 0, 10, 0, 0, 0.01%, 0, 0, 1, 44.27
1734069527, 10, 1, 10, 0, 0, 0.01%, 0, 0, 1, 44.59
1734069532, 10, 2, 10, 0, 0, 0.01%, 0, 0, 1, 43.97
1734069538, 10, 3, 10, 0, 0, 0.01%, 0, 0, 1, 43.89
1734069543, 10, 4, 10, 0, 0, 0.01%, 0, 0, 1, 42.38
1734069548, 10, 5, 10, 0, 0, 0.01%, 0, 0, 1, 44.35
1734069558, 10, 6, 10, 0, 0, 0.01%, 0, 0, 1, 42.98
1734069563, 10, 7, 10, 0, 0, 0.01%, 0, 0, 1, 45.73
1734069568, 10, 8, 10, 0, 0, 0.01%, 0, 0, 1, 45.79
1734069573, 10, 10, 11, 1, 1, 0.14%, 1, 0, 2, 63.00
1734069655, 15, 10, 11, 0, 0, 0.14%, 1, 0, 2, 46.21
1734069665, 16, 10, 11, 0, 0, 0.14%, 1, 0, 2, 49.10
1734069685, 17, 10, 11, 0, 0, 0.14%, 1, 0, 2, 49.42
1734069710, 18, 10, 11, 0, 0, 0.14%, 1, 0, 2, 47.24
1734069762, 19, 10, 11, 0, 0, 0.14%, 1, 0, 2, 46.25
1734069797, 19, 10, 12, 1, 0, 0.14%, 2, 0, 3, 45.06
1734069817, 19, 11, 13, 2, 1, 0.14%, 3, 0, 4, 71.46
1734069832, 19, 11, 14, 3, 1, 0.14%, 3, 0, 4, 50.52
1734069939, 19, 12, 14, 2, 2, 0.14%, 3, 0, 4, 72.25
1734070016, 19, 12, 15, 3, 2, 0.14%, 4, 0, 5, 47.67
1734070046, 19, 14, 17, 4, 1, 0.14%, 5, 0, 6, 53.84
1734070066, 19, 14, 18, 5, 1, 0.14%, 5, 0, 6, 54.86
1734070092, 19, 14, 20, 7, 1, 0.14%, 5, 0, 6, 55.43
1734070112, 19, 14, 21, 8, 1, 0.14%, 5, 0, 6, 52.94
1734070127, 19, 14, 22, 9, 1, 0.14%, 5, 0, 6, 56.27
1734070193, 19, 14, 23, 10, 1, 0.14%, 5, 0, 6, 50.16
1734070219, 20, 16, 23, 5, 0, 0.14%, 5, 0, 6, 72.73
1734070234, 20, 16, 24, 6, 0, 0.14%, 5, 0, 7, 58.39
1734070325, 20, 16, 25, 7, 0, 0.14%, 5, 0, 7, 57.32
1734070345, 20, 24, 25, 7, 1, 0.14%, 5, 0, 7, 58.47
1734070356, 20, 24, 26, 8, 1, 0.14%, 6, 0, 8, 85.54
1734070681, 22, 12, 26, 5, 0, 0.14%, 6, 0, 8, 46.15
1734070716, 23, 12, 26, 5, 0, 0.14%, 6, 0, 8, 50.53
1734070746, 23, 20, 26, 5, 0, 0.14%, 6, 0, 8, 76.49
1734070792, 23, 20, 27, 6, 0, 0.14%, 6, 0, 8, 57.24
1734070894, 23, 26, 27, 6, 1, 0.14%, 6, 0, 8, 73.02
1734070945, 23, 26, 28, 7, 1, 0.14%, 6, 0, 8, 59.79
1734071041, 23, 27, 28, 6, 1, 0.14%, 6, 0, 8, 73.76
1734071107, 23, 27, 29, 7, 1, 0.14%, 6, 0, 9, 60.47
1734071224, 23, 28, 29, 6, 1, 0.14%, 6, 0, 9, 53.98
1734071320, 23, 28, 30, 7, 1, 0.14%, 6, 0, 10, 61.60
1734071371, 23, 28, 31, 8, 1, 0.14%, 6, 0, 10, 63.90
1734071411, 23, 30, 31, 7, 1, 0.14%, 6, 0, 10, 72.50
1734071543, 24, 12, 31, 6, 0, 0.14%, 6, 0, 10, 58.31
1734071589, 24, 19, 31, 5, 0, 0.14%, 6, 0, 10, 47.29
1734071599, 26, 12, 31, 3, 0, 0.14%, 6, 0, 10, 49.29
1734071640, 26, 18, 31, 3, 0, 0.14%, 6, 0, 10, 42.44
1734071645, 26, 25, 31, 2, 0, 0.14%, 6, 0, 10, 83.37
1734071945, 27, 18, 31, 2, 0, 0.14%, 6, 0, 10, 100.21
1734072206, 30, 30, 31, 1, 0, 0.14%, 6, 0, 10, 62.68
1734072226, 31, 25, 31, 1, 0, 0.14%, 6, 0, 10, 67.22
1734072236, 31, 30, 31, 1, 0, 0.14%, 6, 0, 10, 65.36
1734072257, 32, 10, 31, 1, 0, 0.14%, 6, 0, 10, 54.24
1734072282, 32, 25, 31, 1, 0, 0.14%, 6, 0, 10, 70.52
1734072312, 32, 30, 31, 1, 0, 0.14%, 6, 0, 10, 69.73
1734072323, 32, 30, 32, 2, 0, 0.14%, 6, 0, 11, 67.85
1734072348, 32, 31, 32, 2, 1, 0.14%, 6, 0, 11, 86.21
1734072434, 32, 31, 33, 3, 1, 0.14%, 6, 0, 12, 63.86
1734072450, 32, 31, 34, 4, 1, 0.14%, 6, 0, 12, 62.26
1734072520, 32, 32, 34, 3, 1, 0.14%, 6, 0, 12, 55.25
1734072668, 32, 33, 34, 2, 0, 0.14%, 6, 0, 12, 97.78
1734072942, 33, 21, 34, 1, 0, 0.14%, 6, 0, 12, 84.24
1734072998, 33, 25, 34, 1, 0, 0.14%, 6, 0, 12, 65.92
1734073034, 34, 25, 34, 1, 0, 0.14%, 6, 0, 12, 61.99
1734073069, 35, 25, 34, 1, 0, 0.14%, 6, 0, 12, 66.02
1734073105, 36, 25, 34, 1, 0, 0.14%, 6, 0, 12, 50.31
1734073145, 36, 29, 34, 1, 0, 0.14%, 6, 0, 12, 46.71
1734074440, 36, 29, 35, 2, 0, 0.14%, 7, 0, 12, 88.10
1734074516, 37, 34, 35, 0, 0, 0.14%, 7, 0, 12, 72.73
1734074791, 39, 10, 35, 0, 0, 0.14%, 7, 0, 12, 53.12
1734074821, 40, 30, 35, 0, 0, 0.14%, 7, 0, 12, 62.89
1734074862, 46, 34, 35, 0, 0, 0.14%, 7, 0, 12, 65.59
1734074872, 47, 34, 35, 0, 0, 0.14%, 7, 0, 12, 71.16
1734074902, 48, 34, 35, 0, 0, 0.14%, 7, 0, 12, 67.15
1734074937, 49, 34, 35, 0, 0, 0.14%, 7, 0, 12, 61.80
1734074973, 50, 12, 35, 0, 0, 0.14%, 7, 0, 12, 61.30
1734075009, 50, 34, 35, 0, 0, 0.14%, 7, 0, 12, 72.53
1734075044, 51, 34, 35, 0, 0, 0.14%, 7, 0, 12, 76.70
1734075049, 51, 34, 36, 1, 0, 0.14%, 7, 0, 12, 72.99
1734075090, 51, 35, 36, 1, 1, 0.14%, 7, 0, 12, 91.58
1734075299, 51, 35, 37, 2, 1, 0.14%, 7, 0, 13, 72.26
1734075401, 51, 36, 37, 1, 1, 0.14%, 7, 0, 13, 60.65
1734075656, 51, 36, 39, 3, 1, 0.14%, 7, 0, 14, 70.98
1734075733, 51, 37, 39, 2, 1, 0.14%, 7, 0, 14, 100.26
1734076038, 53, 21, 39, 0, 0, 0.14%, 7, 0, 14, 56.23
1734076043, 53, 38, 39, 0, 0, 0.14%, 7, 0, 14, 84.29
1734076349, 56, 10, 39, 0, 0, 0.14%, 7, 0, 14, 59.24
1734076385, 56, 12, 39, 0, 0, 0.14%, 7, 0, 14, 59.86
1734076420, 61, 21, 39, 0, 0, 0.14%, 7, 0, 14, 61.02
1734076435, 61, 37, 39, 0, 0, 0.14%, 7, 0, 14, 74.60
1734076471, 61, 38, 39, 0, 0, 0.14%, 7, 0, 14, 66.69
1734076507, 62, 37, 39, 0, 0, 0.14%, 7, 0, 14, 74.79
1734076538, 62, 38, 39, 0, 0, 0.14%, 7, 0, 14, 68.02
1734076573, 63, 37, 39, 0, 0, 0.14%, 7, 0, 14, 72.73
1734076609, 63, 38, 39, 0, 0, 0.14%, 7, 0, 14, 53.26
1734076649, 64, 37, 39, 0, 0, 0.14%, 7, 0, 14, 70.07
1734076685, 64, 38, 39, 0, 0, 0.14%, 7, 0, 14, 74.46
1734076720, 65, 37, 39, 0, 0, 0.14%, 7, 0, 14, 59.11
1734076761, 65, 38, 39, 0, 0, 0.14%, 7, 0, 14, 72.99
1734076796, 66, 37, 39, 0, 0, 0.14%, 7, 0, 14, 73.46
1734076832, 66, 38, 39, 0, 0, 0.14%, 7, 0, 14, 75.51
1734076868, 67, 10, 39, 0, 0, 0.14%, 7, 0, 14, 52.54
1734076903, 67, 38, 39, 0, 0, 0.14%, 7, 0, 14, 70.12
1734076944, 68, 30, 39, 0, 0, 0.14%, 7, 0, 14, 65.25
1734076980, 74, 10, 39, 0, 0, 0.14%, 7, 0, 14, 54.70
1734077015, 78, 10, 39, 0, 0, 0.14%, 7, 0, 14, 64.17
1734077056, 79, 21, 39, 0, 0, 0.14%, 7, 0, 14, 58.70
1734077081, 81, 12, 39, 0, 0, 0.14%, 7, 0, 14, 59.38
1734077121, 86, 12, 39, 0, 0, 0.14%, 7, 0, 14, 58.99
1734077157, 86, 21, 39, 0, 0, 0.14%, 7, 0, 14, 58.17
1734077197, 86, 30, 39, 0, 0, 0.14%, 7, 0, 14, 54.11
1734077238, 96, 30, 39, 0, 0, 0.14%, 7, 0, 14, 69.54
1734077273, 108, 13, 39, 0, 0, 0.14%, 7, 0, 14, 70.17
1734077308, 113, 12, 39, 0, 0, 0.14%, 7, 0, 14, 57.89
1734077349, 113, 30, 39, 0, 0, 0.14%, 7, 0, 14, 65.24
1734077389, 115, 22, 39, 0, 0, 0.14%, 7, 0, 14, 86.92
1734077440, 118, 24, 39, 0, 0, 0.14%, 7, 0, 14, 62.30
1734077445, 128, 20, 39, 0, 0, 0.14%, 7, 0, 14, 60.42
1734077450, 133, 27, 39, 0, 0, 0.14%, 7, 0, 14, 65.09
1734077466, 133, 28, 39, 0, 0, 0.14%, 7, 0, 14, 64.74
1734077476, 134, 23, 39, 0, 0, 0.14%, 7, 0, 14, 58.57
1734077481, 135, 28, 39, 0, 0, 0.14%, 7, 0, 14, 64.88
1734077517, 136, 33, 39, 0, 0, 0.14%, 7, 0, 14, 66.36
1734077527, 137, 28, 39, 0, 0, 0.14%, 7, 0, 14, 67.32
1734077562, 139, 33, 39, 0, 0, 0.14%, 7, 0, 14, 67.52
1734077592, 140, 27, 39, 0, 0, 0.14%, 7, 0, 14, 61.93
1734077613, 142, 24, 39, 0, 0, 0.14%, 7, 0, 14, 64.73
1734077623, 142, 30, 39, 0, 0, 0.14%, 7, 0, 14, 65.24
1734077658, 145, 22, 39, 0, 0, 0.14%, 7, 0, 14, 64.17
1734077664, 148, 28, 39, 0, 0, 0.14%, 7, 0, 14, 66.52
1734077699, 150, 33, 39, 0, 0, 0.14%, 7, 0, 14, 63.75
1734077739, 151, 23, 39, 0, 0, 0.14%, 7, 0, 14, 60.41
1734077744, 152, 15, 39, 0, 0, 0.14%, 7, 0, 14, 72.25
1734077770, 153, 31, 39, 0, 0, 0.14%, 7, 0, 14, 63.94
1734077805, 154, 12, 39, 0, 0, 0.14%, 7, 0, 14, 66.93
1734077846, 154, 32, 39, 0, 0, 0.14%, 7, 0, 14, 66.89
1734077881, 155, 31, 39, 0, 0, 0.14%, 7, 0, 14, 59.91
1734077891, 156, 15, 39, 0, 0, 0.14%, 7, 0, 14, 57.78
1734077907, 156, 32, 39, 0, 0, 0.14%, 7, 0, 14, 63.16
1734077943, 160, 21, 39, 0, 0, 0.14%, 7, 0, 14, 60.38
1734077979, 161, 27, 39, 0, 0, 0.14%, 7, 0, 14, 70.65
1734078014, 161, 32, 39, 0, 0, 0.14%, 7, 0, 14, 63.64
1734078050, 162, 22, 39, 0, 0, 0.14%, 7, 0, 14, 67.26
1734078060, 165, 12, 39, 0, 0, 0.14%, 7, 0, 14, 56.16
1734078101, 165, 22, 39, 0, 0, 0.14%, 7, 0, 14, 61.63
1734078126, 166, 15, 39, 0, 0, 0.14%, 7, 0, 14, 58.91
1734078151, 167, 35, 39, 0, 0, 0.14%, 7, 0, 14, 69.20
1734078192, 170, 32, 39, 0, 0, 0.14%, 7, 0, 14, 60.52
1734078227, 172, 24, 39, 0, 0, 0.14%, 7, 0, 14, 69.42
1734078247, 177, 15, 39, 0, 0, 0.14%, 7, 0, 14, 58.93
1734078283, 178, 31, 39, 0, 0, 0.14%, 7, 0, 14, 66.55
1734078313, 182, 33, 39, 0, 0, 0.14%, 7, 0, 14, 65.69
1734078354, 183, 24, 39, 0, 0, 0.14%, 7, 0, 14, 71.41
1734078385, 183, 33, 39, 0, 0, 0.14%, 7, 0, 14, 66.39
1734078425, 186, 21, 39, 0, 0, 0.14%, 7, 0, 14, 59.67
1734078461, 186, 22, 39, 0, 0, 0.14%, 7, 0, 14, 63.38
1734078491, 188, 23, 39, 0, 0, 0.14%, 7, 0, 14, 66.56
1734078542, 189, 12, 39, 0, 0, 0.14%, 7, 0, 14, 63.75
1734078582, 190, 31, 39, 0, 0, 0.14%, 7, 0, 14, 62.24
1734078618, 192, 20, 39, 0, 0, 0.14%, 7, 0, 14, 54.92
1734078628, 195, 28, 39, 0, 0, 0.14%, 7, 0, 14, 65.39
1734078669, 196, 12, 39, 0, 0, 0.14%, 7, 0, 14, 55.45
1734078704, 196, 16, 39, 0, 0, 0.14%, 7, 0, 14, 59.99
1734078710, 196, 20, 39, 0, 0, 0.14%, 7, 0, 14, 58.98
1734078730, 196, 24, 39, 0, 0, 0.14%, 7, 0, 14, 69.35
1734078765, 196, 33, 39, 0, 0, 0.14%, 7, 0, 14, 62.27
1734078801, 197, 20, 39, 0, 0, 0.14%, 7, 0, 14, 63.56
1734078836, 199, 22, 39, 0, 0, 0.14%, 7, 0, 14, 72.69
1734078877, 200, 28, 39, 0, 0, 0.14%, 7, 0, 14, 63.70
1734078917, 207, 23, 39, 0, 0, 0.14%, 7, 0, 14, 58.74
1734078922, 207, 27, 39, 0, 0, 0.14%, 7, 0, 14, 69.03
1734078958, 209, 22, 39, 0, 0, 0.14%, 7, 0, 14, 63.42
1734078993, 209, 26, 39, 0, 0, 0.14%, 7, 0, 14, 69.60
1734079003, 213, 36, 39, 0, 0, 0.14%, 7, 0, 14, 67.20
1734079039, 214, 26, 39, 0, 0, 0.14%, 7, 0, 14, 61.13
1734079054, 218, 20, 39, 0, 0, 0.14%, 7, 0, 14, 61.52
1734079089, 219, 26, 39, 0, 0, 0.14%, 7, 0, 14, 65.29
1734079120, 220, 26, 39, 0, 0, 0.14%, 7, 0, 14, 63.49
1734079160, 220, 28, 39, 0, 0, 0.14%, 7, 0, 14, 60.93
1734079201, 220, 36, 39, 0, 0, 0.14%, 7, 0, 14, 66.72
1734079236, 224, 13, 39, 0, 0, 0.14%, 7, 0, 14, 54.06
1734079241, 224, 23, 39, 0, 0, 0.14%, 7, 0, 14, 53.99
1734079256, 224, 27, 39, 0, 0, 0.14%, 7, 0, 14, 68.40
1734079292, 226, 16, 39, 0, 0, 0.14%, 7, 0, 14, 57.72
1734079307, 227, 24, 39, 0, 0, 0.14%, 7, 0, 14, 55.28
1734079348, 229, 36, 39, 0, 0, 0.14%, 7, 0, 14, 74.63
1734079384, 230, 24, 39, 0, 0, 0.14%, 7, 0, 14, 65.30
1734079419, 233, 13, 39, 0, 0, 0.14%, 7, 0, 14, 55.13
1734079429, 235, 31, 39, 0, 0, 0.14%, 7, 0, 14, 63.94
1734079465, 237, 32, 39, 0, 0, 0.14%, 7, 0, 14, 61.17
1734079500, 237, 36, 39, 0, 0, 0.14%, 7, 0, 14, 67.88
1734079535, 238, 17, 39, 0, 0, 0.14%, 7, 0, 14, 57.02
1734079571, 241, 21, 39, 0, 0, 0.14%, 7, 0, 14, 57.42
1734079612, 242, 13, 39, 0, 0, 0.14%, 7, 0, 14, 56.13
1734079632, 244, 16, 39, 0, 0, 0.14%, 7, 0, 14, 62.10
1734079652, 245, 13, 39, 0, 0, 0.14%, 7, 0, 14, 58.35
1734079693, 247, 17, 39, 0, 0, 0.14%, 7, 0, 14, 58.94
1734079698, 248, 19, 39, 0, 0, 0.14%, 7, 0, 14, 66.68
1734081371, 249, 21, 39, 0, 0, 0.14%, 7, 0, 14, 57.30
1734081412, 254, 31, 39, 0, 0, 0.14%, 7, 0, 14, 61.18
1734081447, 256, 13, 39, 0, 0, 0.14%, 7, 0, 14, 59.58
1734081483, 256, 14, 39, 0, 0, 0.14%, 7, 0, 14, 62.62
1734081488, 258, 13, 39, 0, 0, 0.14%, 7, 0, 14, 58.98
1734081529, 258, 27, 39, 0, 0, 0.14%, 7, 0, 14, 61.29
1734081569, 258, 32, 39, 0, 0, 0.14%, 7, 0, 14, 66.76
1734081605, 259, 29, 39, 0, 0, 0.14%, 7, 0, 14, 72.62
1734081615, 260, 28, 39, 0, 0, 0.14%, 7, 0, 14, 58.66
1734081650, 261, 27, 39, 0, 0, 0.14%, 7, 0, 14, 62.90
1734081691, 262, 14, 39, 0, 0, 0.14%, 7, 0, 14, 54.34
1734081696, 263, 15, 39, 0, 0, 0.14%, 7, 0, 14, 58.66
1734081732, 264, 32, 39, 0, 0, 0.14%, 7, 0, 14, 58.27
1734081767, 265, 13, 39, 0, 0, 0.14%, 7, 0, 14, 71.24
1734081808, 266, 27, 39, 0, 0, 0.14%, 7, 0, 14, 62.53
1734081843, 270, 13, 39, 0, 0, 0.14%, 7, 0, 14, 63.38
1734081884, 270, 18, 39, 0, 0, 0.14%, 7, 0, 14, 62.02
1734081889, 271, 11, 39, 0, 0, 0.14%, 7, 0, 14, 61.73
1734081894, 271, 35, 39, 0, 0, 0.14%, 7, 0, 14, 73.00
1734081930, 272, 31, 39, 0, 0, 0.14%, 7, 0, 14, 65.60
1734081965, 273, 16, 39, 0, 0, 0.14%, 7, 0, 14, 66.44
1734082000, 276, 17, 39, 0, 0, 0.14%, 7, 0, 14, 65.96
1734082011, 277, 23, 39, 0, 0, 0.14%, 7, 0, 14, 61.21
1734082046, 277, 31, 39, 0, 0, 0.14%, 7, 0, 14, 63.01
1734082087, 277, 32, 39, 0, 0, 0.14%, 7, 0, 14, 63.41
1734082122, 278, 11, 39, 0, 0, 0.14%, 7, 0, 14, 54.48
1734082127, 279, 20, 39, 0, 0, 0.14%, 7, 0, 14, 62.22
1734082133, 281, 18, 39, 0, 0, 0.14%, 7, 0, 14, 63.40
1734082148, 281, 35, 39, 0, 0, 0.14%, 7, 0, 14, 67.99
1734082183, 282, 11, 39, 0, 0, 0.14%, 7, 0, 14, 63.12
1734082193, 282, 18, 39, 0, 0, 0.14%, 7, 0, 14, 65.96
1734082224, 282, 27, 39, 0, 0, 0.14%, 7, 0, 14, 73.27
1734082259, 285, 14, 39, 0, 0, 0.14%, 7, 0, 14, 56.77
1734082274, 285, 29, 39, 0, 0, 0.14%, 7, 0, 14, 80.46
1734082294, 285, 32, 39, 0, 0, 0.14%, 7, 0, 14, 67.73
1734082330, 286, 35, 39, 0, 0, 0.14%, 7, 0, 14, 74.57
1734082365, 287, 18, 39, 0, 0, 0.14%, 7, 0, 14, 72.25
1734082401, 287, 20, 39, 0, 0, 0.14%, 7, 0, 14, 67.80
1734082416, 288, 36, 39, 0, 0, 0.14%, 7, 0, 14, 77.66
1734082447, 291, 36, 39, 0, 0, 0.14%, 7, 0, 14, 71.93
1734082483, 292, 26, 39, 0, 0, 0.14%, 7, 0, 14, 66.26
1734082518, 294, 15, 39, 0, 0, 0.14%, 7, 0, 14, 75.89
1734082559, 295, 23, 39, 0, 0, 0.14%, 7, 0, 14, 58.71
1734082594, 297, 23, 39, 0, 0, 0.14%, 7, 0, 14, 65.75
1734082635, 297, 36, 39, 0, 0, 0.14%, 7, 0, 14, 72.91
1734082670, 300, 23, 39, 0, 0, 0.14%, 7, 0, 14, 57.99
1734082706, 303, 17, 39, 0, 0, 0.14%, 7, 0, 14, 72.87
1734082726, 305, 22, 39, 0, 0, 0.14%, 7, 0, 14, 63.19
1734082767, 306, 23, 39, 0, 0, 0.14%, 7, 0, 14, 55.77
1734082802, 308, 31, 39, 0, 0, 0.14%, 7, 0, 14, 65.89
1734082843, 309, 26, 39, 0, 0, 0.14%, 7, 0, 14, 65.75
1734082879, 310, 16, 39, 0, 0, 0.14%, 7, 0, 14, 59.10
1734082920, 311, 13, 39, 0, 0, 0.14%, 7, 0, 14, 55.68
1734082961, 311, 32, 39, 0, 0, 0.14%, 7, 0, 14, 61.78
1734083001, 312, 15, 39, 0, 0, 0.14%, 7, 0, 14, 66.44
1734083037, 316, 35, 39, 0, 0, 0.14%, 7, 0, 14, 61.25
1734083077, 317, 15, 39, 0, 0, 0.14%, 7, 0, 14, 60.34
1734083113, 318, 22, 39, 0, 0, 0.14%, 7, 0, 14, 66.24
1734083148, 319, 16, 39, 0, 0, 0.14%, 7, 0, 14, 64.18
1734083189, 319, 17, 39, 0, 0, 0.14%, 7, 0, 14, 55.56
1734083229, 319, 35, 39, 0, 0, 0.14%, 7, 0, 14, 74.72
1734083265, 323, 17, 39, 0, 0, 0.14%, 7, 0, 14, 58.77
1734083306, 327, 11, 39, 0, 0, 0.14%, 7, 0, 14, 51.01
1734083321, 332, 17, 39, 0, 0, 0.14%, 7, 0, 14, 61.29
1734083362, 338, 18, 39, 0, 0, 0.14%, 7, 0, 14, 74.03
1734083397, 339, 14, 39, 0, 0, 0.14%, 7, 0, 14, 59.38
1734083428, 342, 17, 39, 0, 0, 0.14%, 7, 0, 14, 58.16
1734083469, 343, 29, 39, 0, 0, 0.14%, 7, 0, 14, 60.85
1734083504, 347, 22, 39, 0, 0, 0.14%, 7, 0, 14, 68.57
1734083540, 347, 35, 39, 0, 0, 0.14%, 7, 0, 14, 69.77
1734083575, 349, 26, 39, 0, 0, 0.14%, 7, 0, 14, 66.33
1734083616, 350, 11, 39, 0, 0, 0.14%, 7, 0, 14, 54.53
1734083647, 351, 11, 39, 0, 0, 0.14%, 7, 0, 14, 56.87
1734083687, 353, 11, 39, 0, 0, 0.14%, 7, 0, 14, 58.10
1734083717, 353, 29, 39, 0, 0, 0.14%, 7, 0, 14, 68.23
1734083753, 354, 14, 39, 0, 0, 0.14%, 7, 0, 14, 62.78
1734083789, 355, 14, 39, 0, 0, 0.14%, 7, 0, 14, 60.65
1734083824, 355, 29, 39, 0, 0, 0.14%, 7, 0, 14, 73.31
1734083860, 366, 18, 39, 0, 0, 0.14%, 7, 0, 14, 67.65
1734083896, 367, 11, 39, 0, 0, 0.14%, 7, 0, 14, 57.33
1734083931, 370, 11, 39, 0, 0, 0.14%, 7, 0, 14, 58.15
1734083967, 375, 26, 39, 0, 0, 0.14%, 7, 0, 14, 57.14
1734084007, 380, 26, 39, 0, 0, 0.14%, 7, 0, 14, 65.99
1734084043, 420, 19, 39, 0, 0, 0.14%, 7, 0, 14, 64.07
1734084048, 456, 19, 39, 0, 0, 0.14%, 7, 0, 14, 70.07
1734084063, 9974, 0, 39, 0, 0, 0.14%, 7, 0, 14, 0.00
1734084068, 26419, 0, 39, 0, 0, 0.14%, 7, 0, 14, 0.00
1734084073, 42969, 0, 39, 0, 0, 0.14%, 7, 0, 14, 0.00
1734084078, 59422, 0, 39, 0, 0, 0.14%, 7, 0, 14, 0.00
1734084084, 75869, 0, 39, 0, 0, 0.14%, 7, 0, 14, 0.00
1734084089, 92433, 0, 39, 0, 0, 0.14%, 7, 0, 14, 0.00
1734084094, 108999, 0, 39, 0, 0, 0.14%, 7, 0, 14, 0.00
1734084099, 125478, 0, 39, 0, 0, 0.14%, 7, 0, 14, 0.00
1734084104, 141992, 0, 39, 0, 0, 0.14%, 7, 0, 14, 0.00
1734084110, 158500, 0, 39, 0, 0, 0.14%, 7, 0, 14, 0.00
1734084115, 174982, 0, 39, 0, 0, 0.14%, 7, 0, 14, 0.00
1734084120, 191482, 0, 39, 0, 0, 0.14%, 7, 0, 14, 0.00
1734084125, 207955, 0, 39, 0, 0, 0.14%, 7, 0, 14, 0.00
1734084130, 224448, 0, 39, 0, 0, 0.14%, 7, 0, 14, 0.00
1734084136, 240929, 0, 39, 0, 0, 0.14%, 7, 0, 14, 0.00
1734084141, 257386, 0, 39, 0, 0, 0.14%, 7, 0, 14, 0.00
1734084146, 273910, 0, 39, 0, 0, 0.14%, 7, 0, 14, 0.00
1734084151, 290359, 0, 39, 0, 0, 0.14%, 7, 0, 14, 0.00
1734084156, 306831, 0, 39, 0, 0, 0.14%, 7, 0, 14, 0.00
1734084162, 323249, 0, 39, 0, 0, 0.14%, 7, 0, 14, 0.00
1734084167, 339774, 0, 39, 0, 0, 0.14%, 7, 0, 14, 0.00
1734084172, 356355, 0, 39, 0, 0, 0.14%, 7, 0, 14, 0.00
1734084177, 372855, 0, 39, 0, 0, 0.14%, 7, 0, 14, 0.00
1734084182, 389350, 0, 39, 0, 0, 0.14%, 7, 0, 14, 0.00
1734084188, 405864, 0, 39, 0, 0, 0.14%, 7, 0, 14, 0.00
1734084193, 422357, 0, 39, 0, 0, 0.14%, 7, 0, 14, 0.00
1734084198, 438839, 0, 39, 0, 0, 0.14%, 7, 0, 14, 0.00
1734084203, 455347, 0, 39, 0, 0, 0.14%, 7, 0, 14, 0.00
1734084208, 471851, 0, 39, 0, 0, 0.14%, 7, 0, 14, 0.00
1734084214, 488343, 0, 39, 0, 0, 0.14%, 7, 0, 14, 0.00
1734084219, 504859, 0, 39, 0, 0, 0.14%, 7, 0, 14, 0.00
1734084224, 521343, 0, 39, 0, 0, 0.14%, 7, 0, 14, 0.00
1734084229, 537800, 0, 39, 0, 0, 0.14%, 7, 0, 14, 0.00
1734084234, 554319, 0, 39, 0, 0, 0.14%, 7, 0, 14, 0.00
1734084240, 570759, 0, 39, 0, 0, 0.14%, 7, 0, 14, 0.00
1734084245, 587214, 0, 39, 0, 0, 0.14%, 7, 0, 14, 0.00
1734084250, 603640, 0, 39, 0, 0, 0.14%, 7, 0, 14, 0.00
1734084255, 620060, 0, 39, 0, 0, 0.14%, 7, 0, 14, 0.00
1734084260, 636545, 0, 39, 0, 0, 0.14%, 7, 0, 14, 0.00
1734084266, 653006, 0, 39, 0, 0, 0.14%, 7, 0, 14, 0.00
1734084271, 669468, 0, 39, 0, 0, 0.14%, 7, 0, 14, 0.00
1734084276, 685968, 0, 39, 0, 0, 0.14%, 7, 0, 14, 0.00
1734084281, 702509, 0, 39, 0, 0, 0.14%, 7, 0, 14, 0.00
1734084286, 719000, 0, 39, 0, 0, 0.14%, 7, 0, 14, 0.00
1734084292, 735497, 0, 39, 0, 0, 0.14%, 7, 0, 14, 0.00
1734084297, 752033, 0, 39, 0, 0, 0.14%, 7, 0, 14, 0.00
1734084302, 768600, 0, 39, 0, 0, 0.14%, 7, 0, 14, 0.00
1734084307, 785156, 0, 39, 0, 0, 0.14%, 7, 0, 14, 0.00
1734084312, 801706, 0, 39, 0, 0, 0.14%, 7, 0, 14, 0.00
1734084318, 818231, 0, 39, 0, 0, 0.14%, 7, 0, 14, 0.00
1734084323, 834648, 0, 39, 0, 0, 0.14%, 7, 0, 14, 0.00
1734084328, 851088, 0, 39, 0, 0, 0.14%, 7, 0, 14, 0.00
1734084333, 867582, 0, 39, 0, 0, 0.14%, 7, 0, 14, 0.00
1734084338, 884133, 0, 39, 0, 0, 0.14%, 7, 0, 14, 0.00
1734084344, 900629, 0, 39, 0, 0, 0.14%, 7, 0, 14, 0.00
1734084349, 917096, 0, 39, 0, 0, 0.14%, 7, 0, 14, 0.00
1734084354, 933622, 0, 39, 0, 0, 0.14%, 7, 0, 14, 0.00
1734084359, 950150, 0, 39, 0, 0, 0.14%, 7, 0, 14, 0.00
1734084364, 966707, 0, 39, 0, 0, 0.14%, 7, 0, 14, 0.00
1734084370, 983096, 0, 39, 0, 0, 0.14%, 7, 0, 14, 0.00
1734084375, 999562, 0, 39, 0, 0, 0.14%, 7, 0, 14, 0.00
1734084380, 1016084, 0, 39, 0, 0, 0.14%, 7, 0, 14, 0.00
1734084385, 1032661, 0, 39, 0, 0, 0.14%, 7, 0, 14, 0.00
1734084390, 1049151, 0, 39, 0, 0, 0.14%, 7, 0, 14, 0.00
1734084396, 1065621, 0, 39, 0, 0, 0.14%, 7, 0, 14, 0.00
1734084401, 1082130, 0, 39, 0, 0, 0.14%, 7, 0, 14, 0.00
1734084406, 1098592, 0, 39, 0, 0, 0.14%, 7, 0, 14, 0.00
1734084411, 1115089, 0, 39, 0, 0, 0.14%, 7, 0, 14, 0.00
1734084416, 1131581, 0, 39, 0, 0, 0.14%, 7, 0, 14, 0.00
1734084422, 1148125, 0, 39, 0, 0, 0.14%, 7, 0, 14, 0.00
1734084427, 1164518, 0, 39, 0, 0, 0.14%, 7, 0, 14, 0.00
1734084432, 1181038, 0, 39, 0, 0, 0.14%, 7, 0, 14, 0.00
1734084437, 1197601, 0, 39, 0, 0, 0.14%, 7, 0, 14, 0.00
1734084442, 1214049, 0, 39, 0, 0, 0.14%, 7, 0, 14, 0.00
1734084448, 1230598, 0, 39, 0, 0, 0.14%, 7, 0, 14, 0.00
1734084453, 1247073, 0, 39, 0, 0, 0.14%, 7, 0, 14, 0.00
1734084458, 1263618, 0, 39, 0, 0, 0.14%, 7, 0, 14, 0.00
1734084463, 1280093, 0, 39, 0, 0, 0.14%, 7, 0, 14, 0.00
1734084468, 1296623, 0, 39, 0, 0, 0.14%, 7, 0, 14, 0.00
1734084474, 1313141, 0, 39, 0, 0, 0.14%, 7, 0, 14, 0.00
1734084479, 1329680, 0, 39, 0, 0, 0.14%, 7, 0, 14, 0.00
1734084484, 1346149, 0, 39, 0, 0, 0.14%, 7, 0, 14, 0.00
1734084489, 1362597, 0, 39, 0, 0, 0.14%, 7, 0, 14, 0.00
1734084494, 1379036, 0, 39, 0, 0, 0.14%, 7, 0, 14, 0.00
1734084500, 1395575, 0, 39, 0, 0, 0.14%, 7, 0, 14, 0.00
1734084505, 1412076, 0, 39, 0, 0, 0.14%, 7, 0, 14, 0.00
1734084510, 1428544, 0, 39, 0, 0, 0.14%, 7, 0, 14, 0.00
1734084515, 1444971, 0, 39, 0, 0, 0.14%, 7, 0, 14, 0.00
1734084520, 1461494, 0, 39, 0, 0, 0.14%, 7, 0, 14, 0.00
1734084526, 1477952, 0, 39, 0, 0, 0.14%, 7, 0, 14, 0.00
1734084531, 1494460, 0, 39, 0, 0, 0.14%, 7, 0, 14, 0.00
1734084536, 1511040, 0, 39, 0, 0, 0.14%, 7, 0, 14, 0.00
1734084541, 1527595, 0, 39, 0, 0, 0.14%, 7, 0, 14, 0.00
1734084546, 1544069, 0, 39, 0, 0, 0.14%, 7, 0, 14, 0.00
1734084552, 1560586, 0, 39, 0, 0, 0.14%, 7, 0, 14, 0.00
1734084557, 1577115, 0, 39, 0, 0, 0.14%, 7, 0, 14, 0.00
1734084562, 1593582, 0, 39, 0, 0, 0.14%, 7, 0, 14, 0.00
1734084567, 1610073, 0, 39, 0, 0, 0.14%, 7, 0, 14, 0.00
1734084572, 1626637, 0, 39, 0, 0, 0.14%, 7, 0, 14, 0.00
1734084578, 1643132, 0, 39, 0, 0, 0.14%, 7, 0, 14, 0.00
1734084583, 1659552, 0, 39, 0, 0, 0.14%, 7, 0, 14, 0.00
1734084588, 1676046, 0, 39, 0, 0, 0.14%, 7, 0, 14, 0.00
1734084593, 1692410, 0, 39, 0, 0, 0.14%, 7, 0, 14, 0.00
1734084598, 1708975, 0, 39, 0, 0, 0.14%, 7, 0, 14, 0.00
1734084604, 1725455, 0, 39, 0, 0, 0.14%, 7, 0, 14, 0.00
1734084609, 1741926, 0, 39, 0, 0, 0.14%, 7, 0, 14, 0.00
1734084614, 1758430, 0, 39, 0, 0, 0.14%, 7, 0, 14, 0.00
1734084619, 1774911, 0, 39, 0, 0, 0.14%, 7, 0, 14, 0.00
1734084624, 1791305, 0, 39, 0, 0, 0.14%, 7, 0, 14, 0.00
1734084630, 1807764, 0, 39, 0, 0, 0.14%, 7, 0, 14, 0.00
1734084635, 1824243, 0, 39, 0, 0, 0.14%, 7, 0, 14, 0.00
1734084640, 1840625, 0, 39, 0, 0, 0.14%, 7, 0, 14, 0.00
1734084645, 1857177, 0, 39, 0, 0, 0.14%, 7, 0, 14, 0.00
1734084650, 1873640, 0, 39, 0, 0, 0.14%, 7, 0, 14, 0.00
1734084656, 1890083, 0, 39, 0, 0, 0.14%, 7, 0, 14, 0.00
1734084661, 1906582, 0, 39, 0, 0, 0.14%, 7, 0, 14, 0.00
1734084666, 1923060, 0, 39, 0, 0, 0.14%, 7, 0, 14, 0.00
1734084671, 1939505, 0, 39, 0, 0, 0.14%, 7, 0, 14, 0.00
1734084676, 1956036, 0, 39, 0, 0, 0.14%, 7, 0, 14, 0.00
1734084682, 1972568, 0, 39, 0, 0, 0.14%, 7, 0, 14, 0.00
1734084687, 1989059, 0, 39, 0, 0, 0.14%, 7, 0, 14, 0.00
1734084692, 2005602, 0, 39, 0, 0, 0.14%, 7, 0, 14, 0.00
1734084697, 2022116, 0, 39, 0, 0, 0.14%, 7, 0, 14, 0.00
1734084702, 2038575, 0, 39, 0, 0, 0.14%, 7, 0, 14, 0.00
1734084708, 2055002, 0, 39, 0, 0, 0.14%, 7, 0, 14, 0.00
1734084713, 2071475, 0, 39, 0, 0, 0.14%, 7, 0, 14, 0.00
1734084718, 2087958, 0, 39, 0, 0, 0.14%, 7, 0, 14, 0.00
1734084723, 2104447, 0, 39, 0, 0, 0.14%, 7, 0, 14, 0.00
1734084728, 2120956, 0, 39, 0, 0, 0.14%, 7, 0, 14, 0.00
1734084734, 2137447, 0, 39, 0, 0, 0.14%, 7, 0, 14, 0.00
1734084739, 2153997, 0, 39, 0, 0, 0.14%, 7, 0, 14, 0.00
1734084744, 2170538, 0, 39, 0, 0, 0.14%, 7, 0, 14, 0.00
1734084749, 2187053, 0, 39, 0, 0, 0.14%, 7, 0, 14, 0.00
1734084754, 2203541, 0, 39, 0, 0, 0.14%, 7, 0, 14, 0.00
1734084760, 2219973, 0, 39, 0, 0, 0.14%, 7, 0, 14, 0.00
1734084765, 2236454, 0, 39, 0, 0, 0.14%, 7, 0, 14, 0.00
1734084770, 2252912, 0, 39, 0, 0, 0.14%, 7, 0, 14, 0.00
1734084775, 2269472, 0, 39, 0, 0, 0.14%, 7, 0, 14, 0.00
1734084780, 2285905, 0, 39, 0, 0, 0.14%, 7, 0, 14, 0.00
1734084786, 2302356, 0, 39, 0, 0, 0.14%, 7, 0, 14, 0.00
1734084791, 2318845, 0, 39, 0, 0, 0.14%, 7, 0, 14, 0.00
1734084796, 2335289, 0, 39, 0, 0, 0.14%, 7, 0, 14, 0.00
1734084801, 2351799, 0, 39, 0, 0, 0.14%, 7, 0, 14, 0.00
1734084806, 2368286, 0, 39, 0, 0, 0.14%, 7, 0, 14, 0.00
1734084812, 2384784, 0, 39, 0, 0, 0.14%, 7, 0, 14, 0.00
1734084817, 2401245, 0, 39, 0, 0, 0.14%, 7, 0, 14, 0.00
1734084822, 2417753, 0, 39, 0, 0, 0.14%, 7, 0, 14, 0.00
1734084827, 2434234, 0, 39, 0, 0, 0.14%, 7, 0, 14, 0.00
1734084832, 2450738, 0, 39, 0, 0, 0.14%, 7, 0, 14, 0.00
1734084838, 2467322, 0, 39, 0, 0, 0.14%, 7, 0, 14, 0.00
1734084843, 2483846, 0, 39, 0, 0, 0.14%, 7, 0, 14, 0.00
1734084848, 2500289, 0, 39, 0, 0, 0.14%, 7, 0, 14, 0.00
1734084853, 2516743, 0, 39, 0, 0, 0.14%, 7, 0, 14, 0.00
1734084858, 2533121, 0, 39, 0, 0, 0.14%, 7, 0, 14, 0.00
1734084864, 2549565, 0, 39, 0, 0, 0.14%, 7, 0, 14, 0.00
1734084869, 2566090, 0, 39, 0, 0, 0.14%, 7, 0, 14, 0.00
1734084874, 2582566, 0, 39, 0, 0, 0.14%, 7, 0, 14, 0.00
1734084879, 2599102, 0, 39, 0, 0, 0.14%, 7, 0, 14, 0.00
1734084884, 2615614, 0, 39, 0, 0, 0.14%, 7, 0, 14, 0.00
1734084890, 2632150, 0, 39, 0, 0, 0.14%, 7, 0, 14, 0.00
1734084895, 2648587, 0, 39, 0, 0, 0.14%, 7, 0, 14, 0.00
1734084900, 2665015, 0, 39, 0, 0, 0.14%, 7, 0, 14, 0.00
1734084905, 2681450, 0, 39, 0, 0, 0.14%, 7, 0, 14, 0.00
1734084910, 2697987, 0, 39, 0, 0, 0.14%, 7, 0, 14, 0.00
1734084916, 2714445, 0, 39, 0, 0, 0.14%, 7, 0, 14, 0.00
1734084921, 2730951, 0, 39, 0, 0, 0.14%, 7, 0, 14, 0.00
1734084926, 2747451, 0, 39, 0, 0, 0.14%, 7, 0, 14, 0.00
1734084931, 2763888, 0, 39, 0, 0, 0.14%, 7, 0, 14, 0.00
1734084936, 2780457, 0, 39, 0, 0, 0.14%, 7, 0, 14, 0.00
1734084942, 2796901, 0, 39, 0, 0, 0.14%, 7, 0, 14, 0.00
1734084947, 2813397, 0, 39, 0, 0, 0.14%, 7, 0, 14, 0.00
1734084952, 2829890, 0, 39, 0, 0, 0.14%, 7, 0, 14, 0.00
1734084957, 2846282, 0, 39, 0, 0, 0.14%, 7, 0, 14, 0.00
1734084962, 2862779, 0, 39, 0, 0, 0.14%, 7, 0, 14, 0.00
1734084968, 2879319, 0, 39, 0, 0, 0.14%, 7, 0, 14, 0.00
1734084973, 2895796, 0, 39, 0, 0, 0.14%, 7, 0, 14, 0.00
1734084978, 2912271, 0, 39, 0, 0, 0.14%, 7, 0, 14, 0.00
1734084983, 2928742, 0, 39, 0, 0, 0.14%, 7, 0, 14, 0.00
1734084988, 2945236, 0, 39, 0, 0, 0.14%, 7, 0, 14, 0.00
1734084994, 2961776, 0, 39, 0, 0, 0.14%, 7, 0, 14, 0.00
1734084999, 2978322, 0, 39, 0, 0, 0.14%, 7, 0, 14, 0.00
1734085004, 2994801, 0, 39, 0, 0, 0.14%, 7, 0, 14, 0.00
1734085009, 3011339, 0, 39, 0, 0, 0.14%, 7, 0, 14, 0.00
1734085014, 3027852, 0, 39, 0, 0, 0.14%, 7, 0, 14, 0.00
1734085020, 3044277, 0, 39, 0, 0, 0.14%, 7, 0, 14, 0.00
1734085025, 3060735, 0, 39, 0, 0, 0.14%, 7, 0, 14, 0.00
1734085030, 3077239, 0, 39, 0, 0, 0.14%, 7, 0, 14, 0.00
1734085035, 3093756, 0, 39, 0, 0, 0.14%, 7, 0, 14, 0.00
1734085040, 3110309, 0, 39, 0, 0, 0.14%, 7, 0, 14, 0.00
1734085046, 3126786, 0, 39, 0, 0, 0.14%, 7, 0, 14, 0.00
1734085051, 3143300, 0, 39, 0, 0, 0.14%, 7, 0, 14, 0.00
1734085056, 3159728, 0, 39, 0, 0, 0.14%, 7, 0, 14, 0.00
1734085061, 3176190, 0, 39, 0, 0, 0.14%, 7, 0, 14, 0.00
1734085066, 3192667, 0, 39, 0, 0, 0.14%, 7, 0, 14, 0.00
1734085072, 3209175, 0, 39, 0, 0, 0.14%, 7, 0, 14, 0.00
1734085077, 3225673, 0, 39, 0, 0, 0.14%, 7, 0, 14, 0.00
1734085082, 3242197, 0, 39, 0, 0, 0.14%, 7, 0, 14, 0.00
1734085087, 3258707, 0, 39, 0, 0, 0.14%, 7, 0, 14, 0.00
1734085092, 3275218, 0, 39, 0, 0, 0.14%, 7, 0, 14, 0.00
1734085098, 3291674, 0, 39, 0, 0, 0.14%, 7, 0, 14, 0.00
1734085103, 3308157, 0, 39, 0, 0, 0.14%, 7, 0, 14, 0.00
1734085108, 3324705, 0, 39, 0, 0, 0.14%, 7, 0, 14, 0.00
1734085113, 3341208, 0, 39, 0, 0, 0.14%, 7, 0, 14, 0.00
1734085118, 3357816, 0, 39, 0, 0, 0.14%, 7, 0, 14, 0.00
1734085124, 3374333, 0, 39, 0, 0, 0.14%, 7, 0, 14, 0.00
1734085129, 3390814, 0, 39, 0, 0, 0.14%, 7, 0, 14, 0.00
1734085134, 3407259, 0, 39, 0, 0, 0.14%, 7, 0, 14, 0.00
1734085139, 3423755, 0, 39, 0, 0, 0.14%, 7, 0, 14, 0.00
1734085144, 3440242, 0, 39, 0, 0, 0.14%, 7, 0, 14, 0.00
1734085150, 3456739, 0, 39, 0, 0, 0.14%, 7, 0, 14, 0.00
1734085155, 3473199, 0, 39, 0, 0, 0.14%, 7, 0, 14, 0.00
1734085160, 3489743, 0, 39, 0, 0, 0.14%, 7, 0, 14, 0.00
1734085165, 3506163, 0, 39, 0, 0, 0.14%, 7, 0, 14, 0.00
1734085170, 3522625, 0, 39, 0, 0, 0.14%, 7, 0, 14, 0.00
1734085176, 3539158, 0, 39, 0, 0, 0.14%, 7, 0, 14, 0.00
1734085181, 3555601, 0, 39, 0, 0, 0.14%, 7, 0, 14, 0.00
1734085186, 3572126, 0, 39, 0, 0, 0.14%, 7, 0, 14, 0.00
1734085191, 3588566, 0, 39, 0, 0, 0.14%, 7, 0, 14, 0.00
1734085196, 3605071, 0, 39, 0, 0, 0.14%, 7, 0, 14, 0.00
1734085202, 3621569, 0, 39, 0, 0, 0.14%, 7, 0, 14, 0.00
1734085207, 3638063, 0, 39, 0, 0, 0.14%, 7, 0, 14, 0.00
1734085212, 3654538, 0, 39, 0, 0, 0.14%, 7, 0, 14, 0.00
1734085217, 3671077, 0, 39, 0, 0, 0.14%, 7, 0, 14, 0.00
1734085222, 3687569, 0, 39, 0, 0, 0.14%, 7, 0, 14, 0.00
1734085228, 3704094, 0, 39, 0, 0, 0.14%, 7, 0, 14, 0.00
1734085233, 3720552, 0, 39, 0, 0, 0.14%, 7, 0, 14, 0.00
1734085238, 3737043, 0, 39, 0, 0, 0.14%, 7, 0, 14, 0.00
1734085243, 3753524, 0, 39, 0, 0, 0.14%, 7, 0, 14, 0.00
1734085248, 3769990, 0, 39, 0, 0, 0.14%, 7, 0, 14, 0.00
1734085254, 3786463, 0, 39, 0, 0, 0.14%, 7, 0, 14, 0.00
1734085259, 3803033, 0, 39, 0, 0, 0.14%, 7, 0, 14, 0.00
1734085264, 3819615, 0, 39, 0, 0, 0.14%, 7, 0, 14, 0.00
1734085269, 3836112, 0, 39, 0, 0, 0.14%, 7, 0, 14, 0.00
1734085274, 3852581, 0, 39, 0, 0, 0.14%, 7, 0, 14, 0.00
1734085280, 3869048, 0, 39, 0, 0, 0.14%, 7, 0, 14, 0.00
1734085285, 3885557, 0, 39, 0, 0, 0.14%, 7, 0, 14, 0.00
1734085290, 3901968, 0, 39, 0, 0, 0.14%, 7, 0, 14, 0.00
1734085295, 3918462, 0, 39, 0, 0, 0.14%, 7, 0, 14, 0.00
1734085300, 3934913, 0, 39, 0, 0, 0.14%, 7, 0, 14, 0.00
1734085306, 3951399, 0, 39, 0, 0, 0.14%, 7, 0, 14, 0.00
1734085311, 3967897, 0, 39, 0, 0, 0.14%, 7, 0, 14, 0.00
1734085316, 3984386, 0, 39, 0, 0, 0.14%, 7, 0, 14, 0.00
1734085321, 4000906, 0, 39, 0, 0, 0.14%, 7, 0, 14, 0.00
1734085326, 4017349, 0, 39, 0, 0, 0.14%, 7, 0, 14, 0.00
1734085332, 4033818, 0, 39, 0, 0, 0.14%, 7, 0, 14, 0.00
1734085337, 4050302, 0, 39, 0, 0, 0.14%, 7, 0, 14, 0.00
1734085342, 4066811, 0, 39, 0, 0, 0.14%, 7, 0, 14, 0.00
1734085347, 4083314, 0, 39, 0, 0, 0.14%, 7, 0, 14, 0.00
1734085352, 4099779, 0, 39, 0, 0, 0.14%, 7, 0, 14, 0.00
1734085358, 4116350, 0, 39, 0, 0, 0.14%, 7, 0, 14, 0.00
1734085363, 4132827, 0, 39, 0, 0, 0.14%, 7, 0, 14, 0.00
1734085368, 4149311, 0, 39, 0, 0, 0.14%, 7, 0, 14, 0.00
1734085373, 4165884, 0, 39, 0, 0, 0.14%, 7, 0, 14, 0.00
1734085378, 4182303, 0, 39, 0, 0, 0.14%, 7, 0, 14, 0.00
1734085384, 4198791, 0, 39, 0, 0, 0.14%, 7, 0, 14, 0.00
1734085389, 4215278, 0, 39, 0, 0, 0.14%, 7, 0, 14, 0.00
1734085394, 4231729, 0, 39, 0, 0, 0.14%, 7, 0, 14, 0.00
1734085399, 4248185, 0, 39, 0, 0, 0.14%, 7, 0, 14, 0.00
1734085404, 4264711, 0, 39, 0, 0, 0.14%, 7, 0, 14, 0.00
1734085410, 4281200, 0, 39, 0, 0, 0.14%, 7, 0, 14, 0.00
1734085415, 4297780, 0, 39, 0, 0, 0.14%, 7, 0, 14, 0.00
1734085420, 4314325, 0, 39, 0, 0, 0.14%, 7, 0, 14, 0.00
1734085425, 4330797, 0, 39, 0, 0, 0.14%, 7, 0, 14, 0.00
1734085430, 4347279, 0, 39, 0, 0, 0.14%, 7, 0, 14, 0.00
1734085436, 4363938, 0, 39, 0, 0, 0.14%, 7, 0, 14, 0.00
1734085441, 4380520, 0, 39, 0, 0, 0.14%, 7, 0, 14, 0.00
1734085446, 4397005, 0, 39, 0, 0, 0.14%, 7, 0, 14, 0.00
1734085451, 4413522, 0, 39, 0, 0, 0.14%, 7, 0, 14, 0.00
1734085456, 4430002, 0, 39, 0, 0, 0.14%, 7, 0, 14, 0.00
1734085462, 4446507, 0, 39, 0, 0, 0.14%, 7, 0, 14, 0.00
1734085467, 4463044, 0, 39, 0, 0, 0.14%, 7, 0, 14, 0.00
1734085472, 4479521, 0, 39, 0, 0, 0.14%, 7, 0, 14, 0.00
1734085477, 4496047, 0, 39, 0, 0, 0.14%, 7, 0, 14, 0.00
1734085482, 4512492, 0, 39, 0, 0, 0.14%, 7, 0, 14, 0.00
1734085488, 4528958, 0, 39, 0, 0, 0.14%, 7, 0, 14, 0.00
1734085493, 4545419, 0, 39, 0, 0, 0.14%, 7, 0, 14, 0.00
1734085498, 4561920, 0, 39, 0, 0, 0.14%, 7, 0, 14, 0.00
1734085503, 4578399, 0, 39, 0, 0, 0.14%, 7, 0, 14, 0.00
1734085508, 4594866, 0, 39, 0, 0, 0.14%, 7, 0, 14, 0.00
1734085514, 4611333, 0, 39, 0, 0, 0.14%, 7, 0, 14, 0.00
1734085519, 4627822, 0, 39, 0, 0, 0.14%, 7, 0, 14, 0.00
1734085524, 4644308, 0, 39, 0, 0, 0.14%, 7, 0, 14, 0.00
1734085529, 4660744, 0, 39, 0, 0, 0.14%, 7, 0, 14, 0.00
1734085534, 4677173, 0, 39, 0, 0, 0.14%, 7, 0, 14, 0.00
1734085540, 4693631, 0, 39, 0, 0, 0.14%, 7, 0, 14, 0.00
1734085545, 4710125, 0, 39, 0, 0, 0.14%, 7, 0, 14, 0.00
1734085550, 4726653, 0, 39, 0, 0, 0.14%, 7, 0, 14, 0.00
1734085555, 4743171, 0, 39, 0, 0, 0.14%, 7, 0, 14, 0.00
1734085560, 4759642, 0, 39, 0, 0, 0.14%, 7, 0, 14, 0.00
1734085566, 4776172, 0, 39, 0, 0, 0.14%, 7, 0, 14, 0.00
1734085571, 4792598, 0, 39, 0, 0, 0.14%, 7, 0, 14, 0.00
1734085576, 4809089, 0, 39, 0, 0, 0.14%, 7, 0, 14, 0.00
1734085581, 4825560, 0, 39, 0, 0, 0.14%, 7, 0, 14, 0.00
1734085586, 4842014, 0, 39, 0, 0, 0.14%, 7, 0, 14, 0.00
1734085592, 4858506, 0, 39, 0, 0, 0.14%, 7, 0, 14, 0.00
1734085597, 4874976, 0, 39, 0, 0, 0.14%, 7, 0, 14, 0.00
1734085602, 4891364, 0, 39, 0, 0, 0.14%, 7, 0, 14, 0.00
1734085607, 4907849, 0, 39, 0, 0, 0.14%, 7, 0, 14, 0.00
1734085612, 4924293, 0, 39, 0, 0, 0.14%, 7, 0, 14, 0.00
1734085618, 4940783, 0, 39, 0, 0, 0.14%, 7, 0, 14, 0.00
1734085623, 4957271, 0, 39, 0, 0, 0.14%, 7, 0, 14, 0.00
1734085628, 4973764, 0, 39, 0, 0, 0.14%, 7, 0, 14, 0.00
1734085633, 4990223, 0, 39, 0, 0, 0.14%, 7, 0, 14, 0.00
1734085638, 5006791, 0, 39, 0, 0, 0.14%, 7, 0, 14, 0.00
1734085644, 5023302, 0, 39, 0, 0, 0.14%, 7, 0, 14, 0.00
1734085649, 5039747, 0, 39, 0, 0, 0.14%, 7, 0, 14, 0.00
1734085654, 5056241, 0, 39, 0, 0, 0.14%, 7, 0, 14, 0.00
1734085659, 5072800, 0, 39, 0, 0, 0.14%, 7, 0, 14, 0.00
1734085664, 5089267, 0, 39, 0, 0, 0.14%, 7, 0, 14, 0.00
1734085670, 5105701, 0, 39, 0, 0, 0.14%, 7, 0, 14, 0.00
1734085675, 5122160, 0, 39, 0, 0, 0.14%, 7, 0, 14, 0.00
1734085680, 5138574, 0, 39, 0, 0, 0.14%, 7, 0, 14, 0.00
1734085685, 5155057, 0, 39, 0, 0, 0.14%, 7, 0, 14, 0.00
1734085690, 5171572, 0, 39, 0, 0, 0.14%, 7, 0, 14, 0.00
1734085696, 5188078, 0, 39, 0, 0, 0.14%, 7, 0, 14, 0.00
1734085701, 5204575, 0, 39, 0, 0, 0.14%, 7, 0, 14, 0.00
1734085706, 5221041, 0, 39, 0, 0, 0.14%, 7, 0, 14, 0.00
1734085711, 5237537, 0, 39, 0, 0, 0.14%, 7, 0, 14, 0.00
1734085716, 5254056, 0, 39, 0, 0, 0.14%, 7, 0, 14, 0.00
1734085722, 5270547, 0, 39, 0, 0, 0.14%, 7, 0, 14, 0.00
1734085727, 5287088, 0, 39, 0, 0, 0.14%, 7, 0, 14, 0.00
1734085732, 5303646, 0, 39, 0, 0, 0.14%, 7, 0, 14, 0.00
1734085737, 5320125, 0, 39, 0, 0, 0.14%, 7, 0, 14, 0.00
1734085742, 5336568, 0, 39, 0, 0, 0.14%, 7, 0, 14, 0.00
1734085748, 5352945, 0, 39, 0, 0, 0.14%, 7, 0, 14, 0.00
1734085753, 5369494, 0, 39, 0, 0, 0.14%, 7, 0, 14, 0.00
1734085758, 5385910, 0, 39, 0, 0, 0.14%, 7, 0, 14, 0.00
1734085763, 5402373, 0, 39, 0, 0, 0.14%, 7, 0, 14, 0.00
1734085768, 5418939, 0, 39, 0, 0, 0.14%, 7, 0, 14, 0.00
1734085774, 5435441, 0, 39, 0, 0, 0.14%, 7, 0, 14, 0.00
1734085779, 5451938, 0, 39, 0, 0, 0.14%, 7, 0, 14, 0.00
1734085784, 5468404, 0, 39, 0, 0, 0.14%, 7, 0, 14, 0.00
1734085789, 5484803, 0, 39, 0, 0, 0.14%, 7, 0, 14, 0.00
1734085794, 5501322, 0, 39, 0, 0, 0.14%, 7, 0, 14, 0.00
1734085800, 5517791, 0, 39, 0, 0, 0.14%, 7, 0, 14, 0.00
1734085805, 5534312, 0, 39, 0, 0, 0.14%, 7, 0, 14, 0.00
1734085810, 5550777, 0, 39, 0, 0, 0.14%, 7, 0, 14, 0.00
1734085815, 5567259, 0, 39, 0, 0, 0.14%, 7, 0, 14, 0.00
1734085820, 5583724, 0, 39, 0, 0, 0.14%, 7, 0, 14, 0.00
1734085826, 5600186, 0, 39, 0, 0, 0.14%, 7, 0, 14, 0.00
1734085831, 5616617, 0, 39, 0, 0, 0.14%, 7, 0, 14, 0.00
1734085836, 5633068, 0, 39, 0, 0, 0.14%, 7, 0, 14, 0.00
1734085841, 5649610, 0, 39, 0, 0, 0.14%, 7, 0, 14, 0.00
1734085846, 5666071, 0, 39, 0, 0, 0.14%, 7, 0, 14, 0.00
1734085852, 5682521, 0, 39, 0, 0, 0.14%, 7, 0, 14, 0.00
1734085857, 5698959, 0, 39, 0, 0, 0.14%, 7, 0, 14, 0.00
1734085862, 5715427, 0, 39, 0, 0, 0.14%, 7, 0, 14, 0.00
1734085867, 5731920, 0, 39, 0, 0, 0.14%, 7, 0, 14, 0.00
1734085872, 5748376, 0, 39, 0, 0, 0.14%, 7, 0, 14, 0.00
1734085878, 5764757, 0, 39, 0, 0, 0.14%, 7, 0, 14, 0.00
1734085883, 5781309, 0, 39, 0, 0, 0.14%, 7, 0, 14, 0.00
1734085888, 5797847, 0, 39, 0, 0, 0.14%, 7, 0, 14, 0.00
1734085893, 5814306, 0, 39, 0, 0, 0.14%, 7, 0, 14, 0.00
1734085898, 5830814, 0, 39, 0, 0, 0.14%, 7, 0, 14, 0.00
1734085904, 5847337, 0, 39, 0, 0, 0.14%, 7, 0, 14, 0.00
1734085909, 5863815, 0, 39, 0, 0, 0.14%, 7, 0, 14, 0.00
1734085914, 5880358, 0, 39, 0, 0, 0.14%, 7, 0, 14, 0.00
1734085919, 5896769, 0, 39, 0, 0, 0.14%, 7, 0, 14, 0.00
1734085924, 5913320, 0, 39, 0, 0, 0.14%, 7, 0, 14, 0.00
1734085930, 5929798, 0, 39, 0, 0, 0.14%, 7, 0, 14, 0.00
1734085935, 5946330, 0, 39, 0, 0, 0.14%, 7, 0, 14, 0.00
1734085940, 5962777, 0, 39, 0, 0, 0.14%, 7, 0, 14, 0.00
1734085945, 5979259, 0, 39, 0, 0, 0.14%, 7, 0, 14, 0.00
1734085950, 5995735, 0, 39, 0, 0, 0.14%, 7, 0, 14, 0.00
1734085956, 6012200, 0, 39, 0, 0, 0.14%, 7, 0, 14, 0.00
1734085961, 6028709, 0, 39, 0, 0, 0.14%, 7, 0, 14, 0.00
1734085966, 6045217, 0, 39, 0, 0, 0.14%, 7, 0, 14, 0.00
1734085971, 6061674, 0, 39, 0, 0, 0.14%, 7, 0, 14, 0.00
1734085976, 6078195, 0, 39, 0, 0, 0.14%, 7, 0, 14, 0.00
1734085982, 6094663, 0, 39, 0, 0, 0.14%, 7, 0, 14, 0.00
1734085987, 6111194, 0, 39, 0, 0, 0.14%, 7, 0, 14, 0.00
1734085992, 6127599, 0, 39, 0, 0, 0.14%, 7, 0, 14, 0.00
1734085997, 6144152, 0, 39, 0, 0, 0.14%, 7, 0, 14, 0.00
1734086002, 6160599, 0, 39, 0, 0, 0.14%, 7, 0, 14, 0.00
1734086008, 6177049, 0, 39, 0, 0, 0.14%, 7, 0, 14, 0.00
1734086013, 6193538, 0, 39, 0, 0, 0.14%, 7, 0, 14, 0.00
1734086018, 6209988, 0, 39, 0, 0, 0.14%, 7, 0, 14, 0.00
1734086023, 6226539, 0, 39, 0, 0, 0.14%, 7, 0, 14, 0.00
1734086028, 6242952, 0, 39, 0, 0, 0.14%, 7, 0, 14, 0.00
1734086034, 6259396, 0, 39, 0, 0, 0.14%, 7, 0, 14, 0.00
1734086039, 6275929, 0, 39, 0, 0, 0.14%, 7, 0, 14, 0.00
1734086044, 6292418, 0, 39, 0, 0, 0.14%, 7, 0, 14, 0.00
1734086049, 6308917, 0, 39, 0, 0, 0.14%, 7, 0, 14, 0.00
1734086054, 6325413, 0, 39, 0, 0, 0.14%, 7, 0, 14, 0.00
1734086060, 6341963, 0, 39, 0, 0, 0.14%, 7, 0, 14, 0.00
1734086065, 6358435, 0, 39, 0, 0, 0.14%, 7, 0, 14, 0.00
1734086070, 6374913, 0, 39, 0, 0, 0.14%, 7, 0, 14, 0.00
1734086075, 6391416, 0, 39, 0, 0, 0.14%, 7, 0, 14, 0.00
1734086080, 6407792, 0, 39, 0, 0, 0.14%, 7, 0, 14, 0.00
1734086086, 6424335, 0, 39, 0, 0, 0.14%, 7, 0, 14, 0.00
1734086091, 6440838, 0, 39, 0, 0, 0.14%, 7, 0, 14, 0.00
1734086096, 6457388, 0, 39, 0, 0, 0.14%, 7, 0, 14, 0.00
1734086101, 6473796, 0, 39, 0, 0, 0.14%, 7, 0, 14, 0.00
1734086106, 6490171, 0, 39, 0, 0, 0.14%, 7, 0, 14, 0.00
1734086112, 6506599, 0, 39, 0, 0, 0.14%, 7, 0, 14, 0.00
1734086117, 6523035, 0, 39, 0, 0, 0.14%, 7, 0, 14, 0.00
1734086122, 6539551, 0, 39, 0, 0, 0.14%, 7, 0, 14, 0.00
1734086127, 6556066, 0, 39, 0, 0, 0.14%, 7, 0, 14, 0.00
1734086132, 6572538, 0, 39, 0, 0, 0.14%, 7, 0, 14, 0.00
1734086138, 6589008, 0, 39, 0, 0, 0.14%, 7, 0, 14, 0.00
1734086143, 6605539, 0, 39, 0, 0, 0.14%, 7, 0, 14, 0.00
1734086148, 6621988, 0, 39, 0, 0, 0.14%, 7, 0, 14, 0.00
1734086153, 6638464, 0, 39, 0, 0, 0.14%, 7, 0, 14, 0.00
1734086158, 6654930, 0, 39, 0, 0, 0.14%, 7, 0, 14, 0.00
1734086164, 6671449, 0, 39, 0, 0, 0.14%, 7, 0, 14, 0.00
1734086169, 6687978, 0, 39, 0, 0, 0.14%, 7, 0, 14, 0.00
1734086174, 6704413, 0, 39, 0, 0, 0.14%, 7, 0, 14, 0.00
1734086179, 6720802, 0, 39, 0, 0, 0.14%, 7, 0, 14, 0.00
1734086184, 6737251, 0, 39, 0, 0, 0.14%, 7, 0, 14, 0.00
1734086190, 6753771, 0, 39, 0, 0, 0.14%, 7, 0, 14, 0.00
1734086195, 6770194, 0, 39, 0, 0, 0.14%, 7, 0, 14, 0.00
1734086200, 6786641, 0, 39, 0, 0, 0.14%, 7, 0, 14, 0.00
1734086205, 6803148, 0, 39, 0, 0, 0.14%, 7, 0, 14, 0.00
1734086210, 6819619, 0, 39, 0, 0, 0.14%, 7, 0, 14, 0.00
1734086216, 6836135, 0, 39, 0, 0, 0.14%, 7, 0, 14, 0.00
1734086221, 6852706, 0, 39, 0, 0, 0.14%, 7, 0, 14, 0.00
1734086226, 6869254, 0, 39, 0, 0, 0.14%, 7, 0, 14, 0.00
1734086231, 6885757, 0, 39, 0, 0, 0.14%, 7, 0, 14, 0.00
1734086236, 6902291, 0, 39, 0, 0, 0.14%, 7, 0, 14, 0.00
1734086242, 6918719, 0, 39, 0, 0, 0.14%, 7, 0, 14, 0.00
1734086247, 6935120, 0, 39, 0, 0, 0.14%, 7, 0, 14, 0.00
1734086252, 6951581, 0, 39, 0, 0, 0.14%, 7, 0, 14, 0.00
1734086257, 6968054, 0, 39, 0, 0, 0.14%, 7, 0, 14, 0.00
1734086262, 6984491, 0, 39, 0, 0, 0.14%, 7, 0, 14, 0.00
1734086268, 7000976, 0, 39, 0, 0, 0.14%, 7, 0, 14, 0.00
1734086273, 7017378, 0, 39, 0, 0, 0.14%, 7, 0, 14, 0.00
1734086278, 7033896, 0, 39, 0, 0, 0.14%, 7, 0, 14, 0.00
1734086283, 7050402, 0, 39, 0, 0, 0.14%, 7, 0, 14, 0.00
1734086288, 7066905, 0, 39, 0, 0, 0.14%, 7, 0, 14, 0.00
1734086294, 7083382, 0, 39, 0, 0, 0.14%, 7, 0, 14, 0.00
1734086299, 7099992, 0, 39, 0, 0, 0.14%, 7, 0, 14, 0.00
1734086304, 7116571, 0, 39, 0, 0, 0.14%, 7, 0, 14, 0.00
1734086309, 7133020, 0, 39, 0, 0, 0.14%, 7, 0, 14, 0.00
1734086314, 7149559, 0, 39, 0, 0, 0.14%, 7, 0, 14, 0.00
1734086320, 7166134, 0, 39, 0, 0, 0.14%, 7, 0, 14, 0.00
1734086325, 7182600, 0, 39, 0, 0, 0.14%, 7, 0, 14, 0.00
1734086330, 7199032, 0, 39, 0, 0, 0.14%, 7, 0, 14, 0.00
1734086335, 7215503, 0, 39, 0, 0, 0.14%, 7, 0, 14, 0.00
1734086340, 7232027, 0, 39, 0, 0, 0.14%, 7, 0, 14, 0.00
1734086346, 7248554, 0, 39, 0, 0, 0.14%, 7, 0, 14, 0.00
1734086351, 7265037, 0, 39, 0, 0, 0.14%, 7, 0, 14, 0.00
1734086356, 7281549, 0, 39, 0, 0, 0.14%, 7, 0, 14, 0.00
1734086361, 7298074, 0, 39, 0, 0, 0.14%, 7, 0, 14, 0.00
1734086366, 7314625, 0, 39, 0, 0, 0.14%, 7, 0, 14, 0.00
1734086372, 7331075, 0, 39, 0, 0, 0.14%, 7, 0, 14, 0.00
1734086377, 7347528, 0, 39, 0, 0, 0.14%, 7, 0, 14, 0.00
1734086382, 7364081, 0, 39, 0, 0, 0.14%, 7, 0, 14, 0.00
1734086387, 7380545, 0, 39, 0, 0, 0.14%, 7, 0, 14, 0.00
1734086392, 7397092, 0, 39, 0, 0, 0.14%, 7, 0, 14, 0.00
1734086398, 7413638, 0, 39, 0, 0, 0.14%, 7, 0, 14, 0.00
1734086403, 7430167, 0, 39, 0, 0, 0.14%, 7, 0, 14, 0.00
1734086408, 7446711, 0, 39, 0, 0, 0.14%, 7, 0, 14, 0.00
1734086413, 7463224, 0, 39, 0, 0, 0.14%, 7, 0, 14, 0.00
1734086418, 7479737, 0, 39, 0, 0, 0.14%, 7, 0, 14, 0.00
1734086424, 7496220, 0, 39, 0, 0, 0.14%, 7, 0, 14, 0.00
1734086429, 7512747, 0, 39, 0, 0, 0.14%, 7, 0, 14, 0.00
1734086434, 7529201, 0, 39, 0, 0, 0.14%, 7, 0, 14, 0.00
1734086439, 7545703, 0, 39, 0, 0, 0.14%, 7, 0, 14, 0.00
1734086444, 7562233, 0, 39, 0, 0, 0.14%, 7, 0, 14, 0.00
1734086450, 7578723, 0, 39, 0, 0, 0.14%, 7, 0, 14, 0.00
1734086455, 7595117, 0, 39, 0, 0, 0.14%, 7, 0, 14, 0.00
1734086460, 7611534, 0, 39, 0, 0, 0.14%, 7, 0, 14, 0.00
1734086465, 7627988, 0, 39, 0, 0, 0.14%, 7, 0, 14, 0.00
1734086470, 7644425, 0, 39, 0, 0, 0.14%, 7, 0, 14, 0.00
1734086476, 7660886, 0, 39, 0, 0, 0.14%, 7, 0, 14, 0.00
1734086481, 7677358, 0, 39, 0, 0, 0.14%, 7, 0, 14, 0.00
1734086486, 7693890, 0, 39, 0, 0, 0.14%, 7, 0, 14, 0.00
1734086491, 7710361, 0, 39, 0, 0, 0.14%, 7, 0, 14, 0.00
1734086496, 7726879, 0, 39, 0, 0, 0.14%, 7, 0, 14, 0.00
1734086502, 7743382, 0, 39, 0, 0, 0.14%, 7, 0, 14, 0.00
1734086507, 7759865, 0, 39, 0, 0, 0.14%, 7, 0, 14, 0.00
1734086512, 7776292, 0, 39, 0, 0, 0.14%, 7, 0, 14, 0.00
1734086517, 7792647, 0, 39, 0, 0, 0.14%, 7, 0, 14, 0.00
1734086522, 7809109, 0, 39, 0, 0, 0.14%, 7, 0, 14, 0.00
1734086528, 7825612, 0, 39, 0, 0, 0.14%, 7, 0, 14, 0.00
1734086533, 7842064, 0, 39, 0, 0, 0.14%, 7, 0, 14, 0.00
1734086538, 7858568, 0, 39, 0, 0, 0.14%, 7, 0, 14, 0.00
1734086543, 7875023, 0, 39, 0, 0, 0.14%, 7, 0, 14, 0.00
1734086548, 7891534, 0, 39, 0, 0, 0.14%, 7, 0, 14, 0.00
1734086554, 7908006, 0, 39, 0, 0, 0.14%, 7, 0, 14, 0.00
1734086559, 7924523, 0, 39, 0, 0, 0.14%, 7, 0, 14, 0.00
1734086564, 7940974, 0, 39, 0, 0, 0.14%, 7, 0, 14, 0.00
1734086569, 7957389, 0, 39, 0, 0, 0.14%, 7, 0, 14, 0.00
1734086574, 7973917, 0, 39, 0, 0, 0.14%, 7, 0, 14, 0.00
1734086580, 7990386, 0, 39, 0, 0, 0.14%, 7, 0, 14, 0.00
1734086585, 8006842, 0, 39, 0, 0, 0.14%, 7, 0, 14, 0.00
1734086590, 8023318, 0, 39, 0, 0, 0.14%, 7, 0, 14, 0.00
1734086595, 8039818, 0, 39, 0, 0, 0.14%, 7, 0, 14, 0.00
1734086600, 8056314, 0, 39, 0, 0, 0.14%, 7, 0, 14, 0.00
1734086606, 8072736, 0, 39, 0, 0, 0.14%, 7, 0, 14, 0.00
1734086611, 8089249, 0, 39, 0, 0, 0.14%, 7, 0, 14, 0.00
1734086616, 8105712, 0, 39, 0, 0, 0.14%, 7, 0, 14, 0.00
1734086621, 8122192, 0, 39, 0, 0, 0.14%, 7, 0, 14, 0.00
1734086626, 8138614, 0, 39, 0, 0, 0.14%, 7, 0, 14, 0.00
1734086632, 8155102, 0, 39, 0, 0, 0.14%, 7, 0, 14, 0.00
1734086637, 8171536, 0, 39, 0, 0, 0.14%, 7, 0, 14, 0.00
1734086642, 8188057, 0, 39, 0, 0, 0.14%, 7, 0, 14, 0.00
1734086647, 8204500, 0, 39, 0, 0, 0.14%, 7, 0, 14, 0.00
1734086652, 8220962, 0, 39, 0, 0, 0.14%, 7, 0, 14, 0.00
1734086658, 8237396, 0, 39, 0, 0, 0.14%, 7, 0, 14, 0.00
1734086663, 8253826, 0, 39, 0, 0, 0.14%, 7, 0, 14, 0.00
1734086668, 8270281, 0, 39, 0, 0, 0.14%, 7, 0, 14, 0.00
1734086673, 8286784, 0, 39, 0, 0, 0.14%, 7, 0, 14, 0.00
1734086678, 8303262, 0, 39, 0, 0, 0.14%, 7, 0, 14, 0.00
1734086684, 8319796, 0, 39, 0, 0, 0.14%, 7, 0, 14, 0.00
1734086689, 8336247, 0, 39, 0, 0, 0.14%, 7, 0, 14, 0.00
1734086694, 8352728, 0, 39, 0, 0, 0.14%, 7, 0, 14, 0.00
1734086699, 8369259, 0, 39, 0, 0, 0.14%, 7, 0, 14, 0.00
1734086704, 8385688, 0, 39, 0, 0, 0.14%, 7, 0, 14, 0.00
1734086710, 8402180, 0, 39, 0, 0, 0.14%, 7, 0, 14, 0.00
1734086715, 8418599, 0, 39, 0, 0, 0.14%, 7, 0, 14, 0.00
1734086720, 8435047, 0, 39, 0, 0, 0.14%, 7, 0, 14, 0.00
1734086725, 8451550, 0, 39, 0, 0, 0.14%, 7, 0, 14, 0.00
1734086730, 8468053, 0, 39, 0, 0, 0.14%, 7, 0, 14, 0.00
1734086736, 8484578, 0, 39, 0, 0, 0.14%, 7, 0, 14, 0.00
1734086741, 8501067, 0, 39, 0, 0, 0.14%, 7, 0, 14, 0.00
1734086746, 8517540, 0, 39, 0, 0, 0.14%, 7, 0, 14, 0.00
1734086751, 8533912, 0, 39, 0, 0, 0.14%, 7, 0, 14, 0.00
1734086756, 8550424, 0, 39, 0, 0, 0.14%, 7, 0, 14, 0.00
1734086762, 8566872, 0, 39, 0, 0, 0.14%, 7, 0, 14, 0.00
1734086767, 8583323, 0, 39, 0, 0, 0.14%, 7, 0, 14, 0.00
1734086772, 8599893, 0, 39, 0, 0, 0.14%, 7, 0, 14, 0.00
1734086777, 8616346, 0, 39, 0, 0, 0.14%, 7, 0, 14, 0.00
1734086782, 8632768, 0, 39, 0, 0, 0.14%, 7, 0, 14, 0.00
1734086788, 8649206, 0, 39, 0, 0, 0.14%, 7, 0, 14, 0.00
1734086793, 8665672, 0, 39, 0, 0, 0.14%, 7, 0, 14, 0.00
1734086798, 8682141, 0, 39, 0, 0, 0.14%, 7, 0, 14, 0.00
1734086803, 8698695, 0, 39, 0, 0, 0.14%, 7, 0, 14, 0.00
1734086808, 8715125, 0, 39, 0, 0, 0.14%, 7, 0, 14, 0.00
1734086814, 8731582, 0, 39, 0, 0, 0.14%, 7, 0, 14, 0.00
1734086819, 8748024, 0, 39, 0, 0, 0.14%, 7, 0, 14, 0.00
1734086824, 8764455, 0, 39, 0, 0, 0.14%, 7, 0, 14, 0.00
1734086829, 8780901, 0, 39, 0, 0, 0.14%, 7, 0, 14, 0.00
1734086834, 8797336, 0, 39, 0, 0, 0.14%, 7, 0, 14, 0.00
1734086840, 8813763, 0, 39, 0, 0, 0.14%, 7, 0, 14, 0.00
1734086845, 8830303, 0, 39, 0, 0, 0.14%, 7, 0, 14, 0.00
1734086850, 8846774, 0, 39, 0, 0, 0.14%, 7, 0, 14, 0.00
1734086855, 8863166, 0, 39, 0, 0, 0.14%, 7, 0, 14, 0.00
1734086860, 8879723, 0, 39, 0, 0, 0.14%, 7, 0, 14, 0.00
1734086866, 8896185, 0, 39, 0, 0, 0.14%, 7, 0, 14, 0.00
1734086871, 8912639, 0, 39, 0, 0, 0.14%, 7, 0, 14, 0.00
1734086876, 8929110, 0, 39, 0, 0, 0.14%, 7, 0, 14, 0.00
1734086881, 8945578, 0, 39, 0, 0, 0.14%, 7, 0, 14, 0.00
1734086886, 8962059, 0, 39, 0, 0, 0.14%, 7, 0, 14, 0.00
1734086892, 8978524, 0, 39, 0, 0, 0.14%, 7, 0, 14, 0.00
1734086897, 8995030, 0, 39, 0, 0, 0.14%, 7, 0, 14, 0.00
1734086902, 9011471, 0, 39, 0, 0, 0.14%, 7, 0, 14, 0.00
1734086907, 9027944, 0, 39, 0, 0, 0.14%, 7, 0, 14, 0.00
1734086912, 9044455, 0, 39, 0, 0, 0.14%, 7, 0, 14, 0.00
1734086918, 9060927, 0, 39, 0, 0, 0.14%, 7, 0, 14, 0.00
1734086923, 9077466, 0, 39, 0, 0, 0.14%, 7, 0, 14, 0.00
1734086928, 9094022, 0, 39, 0, 0, 0.14%, 7, 0, 14, 0.00
1734086933, 9110490, 0, 39, 0, 0, 0.14%, 7, 0, 14, 0.00
1734086938, 9127001, 0, 39, 0, 0, 0.14%, 7, 0, 14, 0.00
1734086944, 9143527, 0, 39, 0, 0, 0.14%, 7, 0, 14, 0.00
1734086949, 9160057, 0, 39, 0, 0, 0.14%, 7, 0, 14, 0.00
1734086954, 9176555, 0, 39, 0, 0, 0.14%, 7, 0, 14, 0.00
