# unix_time, cycles_done, cur_path, paths_total, pending_total, pending_favs, map_size, unique_crashes, unique_hangs, max_depth, execs_per_sec
1734735271, 0, 0, 10, 10, 1, 0.01%, 0, 0, 1, 36.53
1734735276, 0, 3, 10, 10, 1, 0.01%, 0, 0, 1, 36.57
1734735291, 1, 0, 10, 3, 0, 0.01%, 0, 0, 1, 44.92
1734735296, 1, 1, 10, 2, 0, 0.01%, 0, 0, 1, 42.77
1734735307, 1, 2, 10, 1, 0, 0.01%, 0, 0, 1, 43.30
1734735312, 1, 3, 10, 0, 0, 0.01%, 0, 0, 1, 43.37
1734735317, 1, 4, 10, 0, 0, 0.01%, 0, 0, 1, 43.63
1734735322, 1, 5, 10, 0, 0, 0.01%, 0, 0, 1, 43.68
1734735327, 1, 6, 10, 0, 0, 0.01%, 0, 0, 1, 44.23
1734735332, 1, 7, 10, 0, 0, 0.01%, 0, 0, 1, 42.98
1734735337, 1, 8, 10, 0, 0, 0.01%, 0, 0, 1, 44.12
1734735347, 1, 9, 10, 0, 0, 0.01%, 0, 0, 1, 45.85
1734735352, 2, 0, 10, 0, 0, 0.01%, 0, 0, 1, 44.72
1734735357, 2, 1, 10, 0, 0, 0.01%, 0, 0, 1, 44.11
1734735362, 2, 2, 10, 0, 0, 0.01%, 0, 0, 1, 44.62
1734735368, 2, 3, 10, 0, 0, 0.01%, 0, 0, 1, 43.92
1734735373, 2, 4, 10, 0, 0, 0.01%, 0, 0, 1, 44.67
1734735378, 2, 5, 10, 0, 0, 0.01%, 0, 0, 1, 44.26
1734735383, 2, 6, 10, 0, 0, 0.01%, 0, 0, 1, 43.30
1734735393, 2, 7, 10, 0, 0, 0.01%, 0, 0, 1, 44.99
1734735398, 2, 8, 10, 0, 0, 0.01%, 0, 0, 1, 42.98
1734735403, 2, 9, 10, 0, 0, 0.01%, 0, 0, 1, 43.47
1734735408, 3, 0, 10, 0, 0, 0.01%, 0, 0, 1, 44.92
1734735413, 3, 1, 10, 0, 0, 0.01%, 0, 0, 1, 43.19
1734735418, 3, 2, 10, 0, 0, 0.01%, 0, 0, 1, 42.25
1734735423, 3, 3, 10, 0, 0, 0.01%, 0, 0, 1, 44.75
1734735434, 3, 4, 10, 0, 0, 0.01%, 0, 0, 1, 44.41
1734735439, 3, 5, 10, 0, 0, 0.01%, 0, 0, 1, 44.51
1734735444, 3, 6, 10, 0, 0, 0.01%, 0, 0, 1, 43.42
1734735449, 3, 7, 10, 0, 0, 0.01%, 0, 0, 1, 43.53
1734735454, 3, 8, 10, 0, 0, 0.01%, 0, 0, 1, 43.35
1734735459, 3, 9, 10, 0, 0, 0.01%, 0, 0, 1, 45.47
1734735469, 4, 0, 10, 0, 0, 0.01%, 0, 0, 1, 45.12
1734735474, 4, 1, 10, 0, 0, 0.01%, 0, 0, 1, 46.09
1734735479, 4, 2, 10, 0, 0, 0.01%, 0, 0, 1, 46.59
1734735484, 4, 3, 10, 0, 0, 0.01%, 0, 0, 1, 46.08
1734735489, 4, 4, 10, 0, 0, 0.01%, 0, 0, 1, 45.92
1734735494, 4, 5, 10, 0, 0, 0.01%, 0, 0, 1, 44.66
1734735499, 4, 6, 10, 0, 0, 0.01%, 0, 0, 1, 45.37
1734735505, 4, 7, 10, 0, 0, 0.01%, 0, 0, 1, 44.26
1734735510, 4, 8, 10, 0, 0, 0.01%, 0, 0, 1, 42.67
1734735520, 4, 9, 10, 0, 0, 0.01%, 0, 0, 1, 44.50
1734735525, 5, 0, 10, 0, 0, 0.01%, 0, 0, 1, 45.32
1734735530, 5, 1, 10, 0, 0, 0.01%, 0, 0, 1, 45.11
1734735535, 5, 2, 10, 0, 0, 0.01%, 0, 0, 1, 44.88
1734735540, 5, 3, 10, 0, 0, 0.01%, 0, 0, 1, 43.73
1734735545, 5, 4, 10, 0, 0, 0.01%, 0, 0, 1, 42.24
1734735550, 5, 5, 10, 0, 0, 0.01%, 0, 0, 1, 43.40
1734735555, 5, 6, 10, 0, 0, 0.01%, 0, 0, 1, 45.40
1734735565, 5, 7, 10, 0, 0, 0.01%, 0, 0, 1, 44.62
1734735570, 5, 8, 10, 0, 0, 0.01%, 0, 0, 1, 44.71
1734735576, 5, 9, 10, 0, 0, 0.01%, 0, 0, 1, 45.12
1734735581, 6, 0, 10, 0, 0, 0.01%, 0, 0, 1, 44.04
1734735586, 6, 1, 10, 0, 0, 0.01%, 0, 0, 1, 43.70
1734735591, 6, 2, 10, 0, 0, 0.01%, 0, 0, 1, 43.83
1734735596, 6, 3, 10, 0, 0, 0.01%, 0, 0, 1, 44.28
1734735606, 6, 4, 10, 0, 0, 0.01%, 0, 0, 1, 43.56
1734735611, 6, 5, 10, 0, 0, 0.01%, 0, 0, 1, 44.44
1734735616, 6, 6, 10, 0, 0, 0.01%, 0, 0, 1, 43.07
1734735621, 6, 7, 10, 0, 0, 0.01%, 0, 0, 1, 43.01
1734735626, 6, 8, 10, 0, 0, 0.01%, 0, 0, 1, 43.44
1734735632, 6, 9, 10, 0, 0, 0.01%, 0, 0, 1, 43.85
1734735637, 7, 0, 10, 0, 0, 0.01%, 0, 0, 1, 44.60
1734735647, 7, 1, 10, 0, 0, 0.01%, 0, 0, 1, 44.01
1734735652, 7, 2, 10, 0, 0, 0.01%, 0, 0, 1, 44.87
1734735657, 7, 3, 10, 0, 0, 0.01%, 0, 0, 1, 43.91
1734735662, 7, 4, 10, 0, 0, 0.01%, 0, 0, 1, 43.33
1734735667, 7, 5, 10, 0, 0, 0.01%, 0, 0, 1, 44.58
1734735672, 7, 6, 10, 0, 0, 0.01%, 0, 0, 1, 42.24
1734735677, 7, 7, 10, 0, 0, 0.01%, 0, 0, 1, 43.37
1734735688, 7, 8, 10, 0, 0, 0.01%, 0, 0, 1, 45.51
1734735693, 7, 9, 10, 0, 0, 0.01%, 0, 0, 1, 45.32
1734735698, 8, 0, 10, 0, 0, 0.01%, 0, 0, 1, 43.89
1734735703, 8, 1, 10, 0, 0, 0.01%, 0, 0, 1, 45.92
1734735708, 8, 2, 10, 0, 0, 0.01%, 0, 0, 1, 44.41
1734735713, 8, 3, 10, 0, 0, 0.01%, 0, 0, 1, 44.83
1734735718, 8, 4, 10, 0, 0, 0.01%, 0, 0, 1, 43.42
1734735723, 8, 5, 10, 0, 0, 0.01%, 0, 0, 1, 45.18
1734735733, 8, 6, 10, 0, 0, 0.01%, 0, 0, 1, 42.32
1734735738, 8, 7, 10, 0, 0, 0.01%, 0, 0, 1, 45.67
1734735743, 8, 8, 10, 0, 0, 0.01%, 0, 0, 1, 44.70
1734735749, 8, 9, 10, 0, 0, 0.01%, 0, 0, 1, 45.10
1734735754, 9, 0, 10, 0, 0, 0.01%, 0, 0, 1, 43.68
1734735759, 9, 1, 10, 0, 0, 0.01%, 0, 0, 1, 42.80
1734735764, 9, 2, 10, 0, 0, 0.01%, 0, 0, 1, 43.71
1734735774, 9, 3, 10, 0, 0, 0.01%, 0, 0, 1, 44.07
1734735779, 9, 4, 10, 0, 0, 0.01%, 0, 0, 1, 43.10
1734735784, 9, 5, 10, 0, 0, 0.01%, 0, 0, 1, 44.31
1734735789, 9, 6, 10, 0, 0, 0.01%, 0, 0, 1, 43.66
1734735794, 9, 7, 10, 0, 0, 0.01%, 0, 0, 1, 42.94
1734735800, 9, 8, 10, 0, 0, 0.01%, 0, 0, 1, 43.96
1734735805, 9, 9, 10, 0, 0, 0.01%, 0, 0, 1, 44.08
1734735815, 10, 0, 10, 0, 0, 0.01%, 0, 0, 1, 44.41
1734735820, 10, 1, 10, 0, 0, 0.01%, 0, 0, 1, 43.29
1734735825, 10, 2, 10, 0, 0, 0.01%, 0, 0, 1, 44.46
1734735830, 10, 3, 10, 0, 0, 0.01%, 0, 0, 1, 43.40
1734735835, 10, 4, 10, 0, 0, 0.01%, 0, 0, 1, 45.03
1734735840, 10, 5, 10, 0, 0, 0.01%, 0, 0, 1, 44.51
1734735845, 10, 6, 10, 0, 0, 0.01%, 0, 0, 1, 43.64
1734735850, 10, 7, 10, 0, 0, 0.01%, 0, 0, 1, 44.85
1734735861, 10, 8, 10, 0, 0, 0.01%, 0, 0, 1, 44.04
1734735866, 10, 9, 10, 0, 0, 0.01%, 0, 0, 1, 45.65
1734735871, 11, 0, 10, 0, 0, 0.01%, 0, 0, 1, 47.06
1734735876, 11, 1, 10, 0, 0, 0.01%, 0, 0, 1, 45.10
1734735881, 11, 2, 10, 0, 0, 0.01%, 0, 0, 1, 46.61
1734735886, 11, 3, 10, 0, 0, 0.01%, 0, 0, 1, 49.37
1734735891, 11, 4, 10, 0, 0, 0.01%, 0, 0, 1, 46.26
1734735896, 11, 5, 10, 0, 0, 0.01%, 0, 0, 1, 47.42
1734735901, 11, 6, 10, 0, 0, 0.01%, 0, 0, 1, 45.93
1734735906, 11, 7, 10, 0, 0, 0.01%, 0, 0, 1, 46.48
1734735916, 11, 8, 10, 0, 0, 0.01%, 0, 0, 1, 44.70
1734735921, 11, 9, 10, 0, 0, 0.01%, 0, 0, 1, 45.29
1734735927, 12, 0, 10, 0, 0, 0.01%, 0, 0, 1, 46.90
1734735932, 12, 1, 10, 0, 0, 0.01%, 0, 0, 1, 46.37
1734735937, 12, 2, 10, 0, 0, 0.01%, 0, 0, 1, 45.22
1734735942, 12, 3, 10, 0, 0, 0.01%, 0, 0, 1, 45.46
1734735947, 12, 4, 10, 0, 0, 0.01%, 0, 0, 1, 48.42
1734735952, 12, 5, 10, 0, 0, 0.01%, 0, 0, 1, 46.10
1734735957, 12, 6, 10, 0, 0, 0.01%, 0, 0, 1, 46.08
1734735962, 12, 7, 10, 0, 0, 0.01%, 0, 0, 1, 47.09
1734735967, 12, 8, 10, 0, 0, 0.01%, 0, 0, 1, 46.19
1734735977, 12, 9, 10, 0, 0, 0.01%, 0, 0, 1, 47.00
1734735983, 13, 0, 10, 0, 0, 0.01%, 0, 0, 1, 46.49
1734735988, 13, 1, 10, 0, 0, 0.01%, 0, 0, 1, 46.12
1734735993, 13, 2, 10, 0, 0, 0.01%, 0, 0, 1, 46.46
1734735998, 13, 3, 10, 0, 0, 0.01%, 0, 0, 1, 46.05
1734736003, 13, 4, 10, 0, 0, 0.01%, 0, 0, 1, 47.44
1734736008, 13, 5, 10, 0, 0, 0.01%, 0, 0, 1, 45.69
1734736013, 13, 6, 10, 0, 0, 0.01%, 0, 0, 1, 45.25
1734736018, 13, 7, 10, 0, 0, 0.01%, 0, 0, 1, 47.30
1734736023, 13, 8, 10, 0, 0, 0.01%, 0, 0, 1, 46.20
1734736028, 13, 9, 10, 0, 0, 0.01%, 0, 0, 1, 46.48
1734736039, 14, 0, 10, 0, 0, 0.01%, 0, 0, 1, 45.69
1734736044, 14, 1, 10, 0, 0, 0.01%, 0, 0, 1, 44.87
1734736049, 14, 2, 10, 0, 0, 0.01%, 0, 0, 1, 46.73
1734736054, 14, 3, 10, 0, 0, 0.01%, 0, 0, 1, 45.76
1734736059, 14, 4, 10, 0, 0, 0.01%, 0, 0, 1, 46.13
1734736064, 14, 5, 10, 0, 0, 0.01%, 0, 0, 1, 44.20
1734736069, 14, 6, 10, 0, 0, 0.01%, 0, 0, 1, 46.59
1734736074, 14, 7, 10, 0, 0, 0.01%, 0, 0, 1, 45.83
1734736079, 14, 8, 10, 0, 0, 0.01%, 0, 0, 1, 44.95
1734736084, 14, 9, 10, 0, 0, 0.01%, 0, 0, 1, 46.19
1734736094, 15, 0, 10, 0, 0, 0.01%, 0, 0, 1, 47.20
1734736100, 15, 1, 10, 0, 0, 0.01%, 0, 0, 1, 46.09
1734736105, 15, 2, 10, 0, 0, 0.01%, 0, 0, 1, 45.66
1734736110, 15, 3, 10, 0, 0, 0.01%, 0, 0, 1, 47.41
1734736115, 15, 4, 10, 0, 0, 0.01%, 0, 0, 1, 41.11
1734736135, 15, 5, 10, 0, 0, 0.01%, 0, 0, 1, 42.63
1734736156, 15, 6, 10, 0, 0, 0.01%, 0, 0, 1, 43.51
1734736176, 15, 7, 10, 0, 0, 0.01%, 0, 0, 1, 45.93
1734736201, 15, 8, 10, 0, 0, 0.01%, 0, 0, 1, 38.85
1734736222, 15, 9, 10, 0, 0, 0.01%, 0, 0, 1, 39.37
1734736242, 16, 0, 10, 0, 0, 0.01%, 0, 0, 1, 39.67
1734736262, 16, 1, 10, 0, 0, 0.01%, 0, 0, 1, 40.52
1734736283, 16, 2, 10, 0, 0, 0.01%, 0, 0, 1, 45.68
1734736288, 16, 3, 10, 0, 0, 0.01%, 0, 0, 1, 46.02
1734736293, 16, 4, 10, 0, 0, 0.01%, 0, 0, 1, 46.30
1734736298, 16, 5, 10, 0, 0, 0.01%, 0, 0, 1, 47.09
1734736303, 16, 6, 10, 0, 0, 0.01%, 0, 0, 1, 47.36
1734736308, 16, 7, 10, 0, 0, 0.01%, 0, 0, 1, 45.87
1734736318, 16, 8, 10, 0, 0, 0.01%, 0, 0, 1, 46.45
1734736323, 16, 9, 10, 0, 0, 0.01%, 0, 0, 1, 46.21
1734736328, 17, 0, 10, 0, 0, 0.01%, 0, 0, 1, 44.96
1734736333, 17, 1, 10, 0, 0, 0.01%, 0, 0, 1, 45.08
1734736338, 17, 2, 10, 0, 0, 0.01%, 0, 0, 1, 45.31
1734736344, 17, 3, 10, 0, 0, 0.01%, 0, 0, 1, 45.99
1734736349, 17, 4, 10, 0, 0, 0.01%, 0, 0, 1, 45.54
1734736354, 17, 5, 10, 0, 0, 0.01%, 0, 0, 1, 46.42
1734736359, 17, 6, 10, 0, 0, 0.01%, 0, 0, 1, 46.69
1734736364, 17, 7, 10, 0, 0, 0.01%, 0, 0, 1, 46.14
1734736374, 17, 8, 10, 0, 0, 0.01%, 0, 0, 1, 48.13
1734736379, 17, 9, 10, 0, 0, 0.01%, 0, 0, 1, 46.80
1734736384, 18, 0, 10, 0, 0, 0.01%, 0, 0, 1, 46.64
1734736390, 18, 1, 10, 0, 0, 0.01%, 0, 0, 1, 47.36
1734736395, 18, 2, 10, 0, 0, 0.01%, 0, 0, 1, 45.89
1734736400, 18, 3, 10, 0, 0, 0.01%, 0, 0, 1, 46.61
1734736405, 18, 4, 10, 0, 0, 0.01%, 0, 0, 1, 46.70
1734736410, 18, 5, 10, 0, 0, 0.01%, 0, 0, 1, 46.61
1734736415, 18, 6, 10, 0, 0, 0.01%, 0, 0, 1, 44.56
1734736420, 18, 7, 10, 0, 0, 0.01%, 0, 0, 1, 46.83
1734736425, 18, 8, 10, 0, 0, 0.01%, 0, 0, 1, 44.62
1734736430, 18, 9, 10, 0, 0, 0.01%, 0, 0, 1, 45.70
1734736440, 19, 0, 10, 0, 0, 0.01%, 0, 0, 1, 45.74
1734736445, 19, 1, 10, 0, 0, 0.01%, 0, 0, 1, 45.94
1734736451, 19, 2, 10, 0, 0, 0.01%, 0, 0, 1, 46.67
1734736456, 19, 3, 10, 0, 0, 0.01%, 0, 0, 1, 47.13
1734736461, 19, 4, 10, 0, 0, 0.01%, 0, 0, 1, 44.82
1734736466, 19, 5, 10, 0, 0, 0.01%, 0, 0, 1, 47.22
1734736471, 19, 6, 10, 0, 0, 0.01%, 0, 0, 1, 44.36
1734736476, 19, 7, 10, 0, 0, 0.01%, 0, 0, 1, 45.66
1734736481, 19, 8, 10, 0, 0, 0.01%, 0, 0, 1, 48.70
1734736486, 19, 9, 10, 0, 0, 0.01%, 0, 0, 1, 45.73
1734736496, 20, 0, 10, 0, 0, 0.01%, 0, 0, 1, 43.79
1734736501, 20, 1, 10, 0, 0, 0.01%, 0, 0, 1, 45.07
1734736506, 20, 2, 10, 0, 0, 0.01%, 0, 0, 1, 47.99
1734736512, 20, 3, 10, 0, 0, 0.01%, 0, 0, 1, 47.93
1734736517, 20, 4, 10, 0, 0, 0.01%, 0, 0, 1, 46.21
1734736522, 20, 5, 10, 0, 0, 0.01%, 0, 0, 1, 45.26
1734736527, 20, 6, 10, 0, 0, 0.01%, 0, 0, 1, 44.66
1734736532, 20, 7, 10, 0, 0, 0.01%, 0, 0, 1, 44.46
1734736537, 20, 8, 10, 0, 0, 0.01%, 0, 0, 1, 44.51
1734736542, 20, 9, 10, 0, 0, 0.01%, 0, 0, 1, 45.32
1734736552, 21, 0, 10, 0, 0, 0.01%, 0, 0, 1, 47.03
1734736557, 21, 1, 10, 0, 0, 0.01%, 0, 0, 1, 47.30
1734736562, 21, 2, 10, 0, 0, 0.01%, 0, 0, 1, 44.40
1734736567, 21, 3, 10, 0, 0, 0.01%, 0, 0, 1, 43.98
1734736572, 21, 4, 10, 0, 0, 0.01%, 0, 0, 1, 45.56
1734736578, 21, 5, 10, 0, 0, 0.01%, 0, 0, 1, 45.69
1734736583, 21, 6, 10, 0, 0, 0.01%, 0, 0, 1, 44.94
1734736588, 21, 7, 10, 0, 0, 0.01%, 0, 0, 1, 45.93
1734736593, 21, 8, 10, 0, 0, 0.01%, 0, 0, 1, 46.66
1734736598, 21, 9, 10, 0, 0, 0.01%, 0, 0, 1, 43.70
1734736608, 22, 0, 10, 0, 0, 0.01%, 0, 0, 1, 47.35
1734736613, 22, 1, 10, 0, 0, 0.01%, 0, 0, 1, 47.50
1734736618, 22, 2, 10, 0, 0, 0.01%, 0, 0, 1, 46.61
1734736623, 22, 3, 10, 0, 0, 0.01%, 0, 0, 1, 46.47
1734736629, 22, 4, 10, 0, 0, 0.01%, 0, 0, 1, 47.88
1734736634, 22, 5, 10, 0, 0, 0.01%, 0, 0, 1, 44.65
1734736639, 22, 6, 10, 0, 0, 0.01%, 0, 0, 1, 45.68
1734736644, 22, 7, 10, 0, 0, 0.01%, 0, 0, 1, 45.10
1734736649, 22, 8, 10, 0, 0, 0.01%, 0, 0, 1, 45.49
1734736654, 22, 9, 10, 0, 0, 0.01%, 0, 0, 1, 43.66
1734736664, 23, 0, 10, 0, 0, 0.01%, 0, 0, 1, 45.43
1734736669, 23, 1, 10, 0, 0, 0.01%, 0, 0, 1, 44.31
1734736674, 23, 2, 10, 0, 0, 0.01%, 0, 0, 1, 45.58
1734736679, 23, 3, 10, 0, 0, 0.01%, 0, 0, 1, 45.60
1734736684, 23, 4, 10, 0, 0, 0.01%, 0, 0, 1, 47.11
1734736689, 23, 5, 10, 0, 0, 0.01%, 0, 0, 1, 45.39
1734736695, 23, 6, 10, 0, 0, 0.01%, 0, 0, 1, 47.72
1734736700, 23, 7, 10, 0, 0, 0.01%, 0, 0, 1, 46.18
1734736705, 23, 8, 10, 0, 0, 0.01%, 0, 0, 1, 45.85
1734736710, 23, 9, 10, 0, 0, 0.01%, 0, 0, 1, 44.33
1734736720, 24, 0, 10, 0, 0, 0.01%, 0, 0, 1, 45.98
1734736725, 24, 1, 10, 0, 0, 0.01%, 0, 0, 1, 46.16
1734736730, 24, 2, 10, 0, 0, 0.01%, 0, 0, 1, 45.87
1734736735, 24, 3, 10, 0, 0, 0.01%, 0, 0, 1, 46.39
1734736740, 24, 4, 10, 0, 0, 0.01%, 0, 0, 1, 46.60
1734736745, 24, 5, 10, 0, 0, 0.01%, 0, 0, 1, 46.93
1734736751, 24, 6, 10, 0, 0, 0.01%, 0, 0, 1, 47.45
1734736756, 24, 7, 10, 0, 0, 0.01%, 0, 0, 1, 46.51
1734736761, 24, 8, 10, 0, 0, 0.01%, 0, 0, 1, 46.13
1734736766, 24, 9, 10, 0, 0, 0.01%, 0, 0, 1, 45.55
1734736771, 25, 0, 10, 0, 0, 0.01%, 0, 0, 1, 46.94
1734736781, 25, 1, 10, 0, 0, 0.01%, 0, 0, 1, 46.05
1734736786, 25, 2, 10, 0, 0, 0.01%, 0, 0, 1, 45.99
1734736791, 25, 3, 10, 0, 0, 0.01%, 0, 0, 1, 47.03
1734736796, 25, 4, 10, 0, 0, 0.01%, 0, 0, 1, 45.44
1734736801, 25, 5, 10, 0, 0, 0.01%, 0, 0, 1, 46.45
1734736806, 25, 6, 10, 0, 0, 0.01%, 0, 0, 1, 45.82
1734736811, 25, 7, 10, 0, 0, 0.01%, 0, 0, 1, 45.50
1734736817, 25, 8, 10, 0, 0, 0.01%, 0, 0, 1, 47.02
1734736822, 25, 9, 10, 0, 0, 0.01%, 0, 0, 1, 46.30
1734736827, 26, 0, 10, 0, 0, 0.01%, 0, 0, 1, 45.06
1734736832, 26, 1, 10, 0, 0, 0.01%, 0, 0, 1, 46.17
1734736842, 26, 2, 10, 0, 0, 0.01%, 0, 0, 1, 46.55
1734736847, 26, 3, 10, 0, 0, 0.01%, 0, 0, 1, 45.04
1734736852, 26, 4, 10, 0, 0, 0.01%, 0, 0, 1, 44.56
1734736857, 26, 5, 10, 0, 0, 0.01%, 0, 0, 1, 47.99
1734736862, 26, 6, 10, 0, 0, 0.01%, 0, 0, 1, 46.52
1734736867, 26, 7, 10, 0, 0, 0.01%, 0, 0, 1, 44.93
1734736872, 26, 8, 10, 0, 0, 0.01%, 0, 0, 1, 44.84
1734736877, 26, 9, 10, 0, 0, 0.01%, 0, 0, 1, 46.60
1734736883, 27, 0, 10, 0, 0, 0.01%, 0, 0, 1, 46.95
1734736888, 27, 1, 10, 0, 0, 0.01%, 0, 0, 1, 48.50
1734736893, 27, 2, 10, 0, 0, 0.01%, 0, 0, 1, 45.40
1734736903, 27, 3, 10, 0, 0, 0.01%, 0, 0, 1, 45.50
1734736908, 27, 4, 10, 0, 0, 0.01%, 0, 0, 1, 46.73
1734736913, 27, 5, 10, 0, 0, 0.01%, 0, 0, 1, 46.55
1734736918, 27, 6, 10, 0, 0, 0.01%, 0, 0, 1, 46.92
1734736923, 27, 7, 10, 0, 0, 0.01%, 0, 0, 1, 44.16
1734736928, 27, 8, 10, 0, 0, 0.01%, 0, 0, 1, 46.82
1734736933, 27, 9, 10, 0, 0, 0.01%, 0, 0, 1, 46.78
1734736939, 28, 0, 10, 0, 0, 0.01%, 0, 0, 1, 45.42
1734736944, 28, 1, 10, 0, 0, 0.01%, 0, 0, 1, 45.65
1734736949, 28, 2, 10, 0, 0, 0.01%, 0, 0, 1, 45.67
1734736954, 28, 3, 10, 0, 0, 0.01%, 0, 0, 1, 46.61
1734736959, 28, 4, 10, 0, 0, 0.01%, 0, 0, 1, 45.83
1734736969, 28, 5, 10, 0, 0, 0.01%, 0, 0, 1, 46.05
1734736974, 28, 6, 10, 0, 0, 0.01%, 0, 0, 1, 45.02
1734736979, 28, 7, 10, 0, 0, 0.01%, 0, 0, 1, 45.50
1734736984, 28, 8, 10, 0, 0, 0.01%, 0, 0, 1, 45.11
1734736990, 28, 9, 10, 0, 0, 0.01%, 0, 0, 1, 45.33
1734736995, 29, 0, 10, 0, 0, 0.01%, 0, 0, 1, 46.48
1734737000, 29, 1, 10, 0, 0, 0.01%, 0, 0, 1, 46.24
1734737005, 29, 2, 10, 0, 0, 0.01%, 0, 0, 1, 44.43
1734737010, 29, 3, 10, 0, 0, 0.01%, 0, 0, 1, 44.78
1734737015, 29, 4, 10, 0, 0, 0.01%, 0, 0, 1, 47.96
1734737020, 29, 5, 10, 0, 0, 0.01%, 0, 0, 1, 47.30
1734737031, 29, 6, 10, 0, 0, 0.01%, 0, 0, 1, 45.26
1734737036, 29, 7, 10, 0, 0, 0.01%, 0, 0, 1, 45.86
1734737041, 29, 8, 10, 0, 0, 0.01%, 0, 0, 1, 45.26
1734737046, 29, 9, 10, 0, 0, 0.01%, 0, 0, 1, 47.84
1734737051, 30, 0, 10, 0, 0, 0.01%, 0, 0, 1, 46.01
1734737056, 30, 1, 10, 0, 0, 0.01%, 0, 0, 1, 44.41
1734737061, 30, 2, 10, 0, 0, 0.01%, 0, 0, 1, 45.30
1734737066, 30, 3, 10, 0, 0, 0.01%, 0, 0, 1, 46.56
1734737071, 30, 4, 10, 0, 0, 0.01%, 0, 0, 1, 46.03
1734737076, 30, 5, 10, 0, 0, 0.01%, 0, 0, 1, 46.90
1734737086, 30, 6, 10, 0, 0, 0.01%, 0, 0, 1, 45.76
1734737092, 30, 7, 10, 0, 0, 0.01%, 0, 0, 1, 45.84
1734737097, 30, 8, 10, 0, 0, 0.01%, 0, 0, 1, 48.12
1734737102, 30, 9, 10, 0, 0, 0.01%, 0, 0, 1, 47.10
1734737107, 31, 0, 10, 0, 0, 0.01%, 0, 0, 1, 45.83
1734737112, 31, 1, 10, 0, 0, 0.01%, 0, 0, 1, 45.61
1734737117, 31, 2, 10, 0, 0, 0.01%, 0, 0, 1, 47.92
1734737122, 31, 3, 10, 0, 0, 0.01%, 0, 0, 1, 48.40
1734737127, 31, 4, 10, 0, 0, 0.01%, 0, 0, 1, 45.54
1734737132, 31, 5, 10, 0, 0, 0.01%, 0, 0, 1, 45.09
1734737137, 31, 6, 10, 0, 0, 0.01%, 0, 0, 1, 44.75
1734737142, 31, 7, 10, 0, 0, 0.01%, 0, 0, 1, 47.82
1734737148, 31, 8, 10, 0, 0, 0.01%, 0, 0, 1, 47.73
1734737153, 31, 9, 10, 0, 0, 0.01%, 0, 0, 1, 46.04
1734737163, 32, 0, 10, 0, 0, 0.01%, 0, 0, 1, 49.08
1734737168, 32, 1, 10, 0, 0, 0.01%, 0, 0, 1, 44.65
1734737173, 32, 2, 10, 0, 0, 0.01%, 0, 0, 1, 45.96
1734737178, 32, 3, 10, 0, 0, 0.01%, 0, 0, 1, 46.40
1734737183, 32, 4, 10, 0, 0, 0.01%, 0, 0, 1, 47.05
1734737188, 32, 5, 10, 0, 0, 0.01%, 0, 0, 1, 45.58
1734737193, 32, 6, 10, 0, 0, 0.01%, 0, 0, 1, 45.05
1734737199, 32, 7, 10, 0, 0, 0.01%, 0, 0, 1, 46.64
1734737204, 32, 8, 10, 0, 0, 0.01%, 0, 0, 1, 44.59
1734737209, 32, 9, 10, 0, 0, 0.01%, 0, 0, 1, 47.64
1734737214, 33, 0, 10, 0, 0, 0.01%, 0, 0, 1, 47.84
1734737219, 33, 1, 10, 0, 0, 0.01%, 0, 0, 1, 47.87
1734737229, 33, 2, 10, 0, 0, 0.01%, 0, 0, 1, 45.59
1734737234, 33, 3, 10, 0, 0, 0.01%, 0, 0, 1, 45.37
1734737239, 33, 4, 10, 0, 0, 0.01%, 0, 0, 1, 45.24
1734737244, 33, 5, 10, 0, 0, 0.01%, 0, 0, 1, 45.83
1734737250, 33, 6, 10, 0, 0, 0.01%, 0, 0, 1, 46.74
1734737255, 33, 7, 10, 0, 0, 0.01%, 0, 0, 1, 45.10
1734737260, 33, 8, 10, 0, 0, 0.01%, 0, 0, 1, 47.11
1734737265, 33, 9, 10, 0, 0, 0.01%, 0, 0, 1, 47.54
1734737270, 34, 0, 10, 0, 0, 0.01%, 0, 0, 1, 46.30
1734737275, 34, 1, 10, 0, 0, 0.01%, 0, 0, 1, 45.83
1734737280, 34, 2, 10, 0, 0, 0.01%, 0, 0, 1, 45.22
1734737290, 34, 3, 10, 0, 0, 0.01%, 0, 0, 1, 49.41
1734737295, 34, 4, 10, 0, 0, 0.01%, 0, 0, 1, 47.84
1734737300, 34, 5, 10, 0, 0, 0.01%, 0, 0, 1, 45.60
1734737306, 34, 6, 10, 0, 0, 0.01%, 0, 0, 1, 47.09
1734737311, 34, 7, 10, 0, 0, 0.01%, 0, 0, 1, 48.64
1734737316, 34, 8, 10, 0, 0, 0.01%, 0, 0, 1, 47.71
1734737321, 34, 9, 10, 0, 0, 0.01%, 0, 0, 1, 44.68
1734737326, 35, 0, 10, 0, 0, 0.01%, 0, 0, 1, 45.08
1734737331, 35, 1, 10, 0, 0, 0.01%, 0, 0, 1, 46.40
1734737336, 35, 2, 10, 0, 0, 0.01%, 0, 0, 1, 46.45
1734737341, 35, 3, 10, 0, 0, 0.01%, 0, 0, 1, 47.22
1734737346, 35, 4, 10, 0, 0, 0.01%, 0, 0, 1, 45.06
1734737351, 35, 5, 10, 0, 0, 0.01%, 0, 0, 1, 44.36
1734737362, 35, 6, 10, 0, 0, 0.01%, 0, 0, 1, 46.00
1734737367, 35, 7, 10, 0, 0, 0.01%, 0, 0, 1, 46.54
1734737372, 35, 8, 10, 0, 0, 0.01%, 0, 0, 1, 45.94
1734737377, 35, 9, 10, 0, 0, 0.01%, 0, 0, 1, 46.67
1734737382, 36, 0, 10, 0, 0, 0.01%, 0, 0, 1, 46.11
1734737387, 36, 1, 10, 0, 0, 0.01%, 0, 0, 1, 44.55
1734737392, 36, 2, 10, 0, 0, 0.01%, 0, 0, 1, 44.17
1734737397, 36, 3, 10, 0, 0, 0.01%, 0, 0, 1, 47.13
1734737402, 36, 4, 10, 0, 0, 0.01%, 0, 0, 1, 48.49
1734737407, 36, 5, 10, 0, 0, 0.01%, 0, 0, 1, 48.31
1734737413, 36, 6, 10, 0, 0, 0.01%, 0, 0, 1, 47.36
1734737418, 36, 7, 10, 0, 0, 0.01%, 0, 0, 1, 45.62
1734737428, 36, 8, 10, 0, 0, 0.01%, 0, 0, 1, 44.09
1734737433, 36, 9, 10, 0, 0, 0.01%, 0, 0, 1, 46.18
1734737438, 37, 0, 10, 0, 0, 0.01%, 0, 0, 1, 46.49
1734737443, 37, 1, 10, 0, 0, 0.01%, 0, 0, 1, 44.59
1734737448, 37, 2, 10, 0, 0, 0.01%, 0, 0, 1, 45.95
1734737454, 37, 3, 10, 0, 0, 0.01%, 0, 0, 1, 44.00
1734737459, 37, 4, 10, 0, 0, 0.01%, 0, 0, 1, 45.39
1734737464, 37, 5, 10, 0, 0, 0.01%, 0, 0, 1, 45.23
1734737469, 37, 6, 10, 0, 0, 0.01%, 0, 0, 1, 45.52
1734737479, 37, 7, 10, 0, 0, 0.01%, 0, 0, 1, 44.29
1734737484, 37, 8, 10, 0, 0, 0.01%, 0, 0, 1, 46.12
1734737489, 37, 9, 10, 0, 0, 0.01%, 0, 0, 1, 45.72
1734737494, 38, 0, 10, 0, 0, 0.01%, 0, 0, 1, 44.95
1734737499, 38, 1, 10, 0, 0, 0.01%, 0, 0, 1, 44.65
1734737504, 38, 2, 10, 0, 0, 0.01%, 0, 0, 1, 46.52
1734737510, 38, 3, 10, 0, 0, 0.01%, 0, 0, 1, 46.74
1734737515, 38, 4, 10, 0, 0, 0.01%, 0, 0, 1, 46.38
1734737520, 38, 5, 10, 0, 0, 0.01%, 0, 0, 1, 48.68
1734737525, 38, 6, 10, 0, 0, 0.01%, 0, 0, 1, 45.46
1734737535, 38, 7, 10, 0, 0, 0.01%, 0, 0, 1, 48.46
1734737540, 38, 8, 10, 0, 0, 0.01%, 0, 0, 1, 47.35
1734737545, 38, 9, 10, 0, 0, 0.01%, 0, 0, 1, 46.79
1734737550, 39, 0, 10, 0, 0, 0.01%, 0, 0, 1, 45.68
1734737555, 39, 1, 10, 0, 0, 0.01%, 0, 0, 1, 46.68
1734737560, 39, 2, 10, 0, 0, 0.01%, 0, 0, 1, 46.83
1734737565, 39, 3, 10, 0, 0, 0.01%, 0, 0, 1, 46.82
1734737570, 39, 4, 10, 0, 0, 0.01%, 0, 0, 1, 45.77
1734737575, 39, 5, 10, 0, 0, 0.01%, 0, 0, 1, 46.98
1734737581, 39, 6, 10, 0, 0, 0.01%, 0, 0, 1, 45.59
1734737586, 39, 7, 10, 0, 0, 0.01%, 0, 0, 1, 45.14
1734737596, 39, 8, 10, 0, 0, 0.01%, 0, 0, 1, 46.30
1734737601, 39, 9, 10, 0, 0, 0.01%, 0, 0, 1, 45.56
1734737606, 40, 0, 10, 0, 0, 0.01%, 0, 0, 1, 46.38
1734737611, 40, 1, 10, 0, 0, 0.01%, 0, 0, 1, 45.71
1734737616, 40, 2, 10, 0, 0, 0.01%, 0, 0, 1, 46.50
1734737621, 40, 3, 10, 0, 0, 0.01%, 0, 0, 1, 45.75
1734737626, 40, 4, 10, 0, 0, 0.01%, 0, 0, 1, 44.94
1734737631, 40, 5, 10, 0, 0, 0.01%, 0, 0, 1, 46.20
1734737636, 40, 6, 10, 0, 0, 0.01%, 0, 0, 1, 46.47
1734737641, 40, 7, 10, 0, 0, 0.01%, 0, 0, 1, 47.64
1734737647, 40, 8, 10, 0, 0, 0.01%, 0, 0, 1, 46.97
1734737652, 40, 9, 10, 0, 0, 0.01%, 0, 0, 1, 47.23
1734737662, 41, 0, 10, 0, 0, 0.01%, 0, 0, 1, 45.95
1734737667, 41, 1, 10, 0, 0, 0.01%, 0, 0, 1, 43.71
1734737672, 41, 2, 10, 0, 0, 0.01%, 0, 0, 1, 43.47
1734737677, 41, 3, 10, 0, 0, 0.01%, 0, 0, 1, 45.67
1734737682, 41, 4, 10, 0, 0, 0.01%, 0, 0, 1, 45.65
1734737687, 41, 5, 10, 0, 0, 0.01%, 0, 0, 1, 46.44
1734737692, 41, 6, 10, 0, 0, 0.01%, 0, 0, 1, 47.13
1734737697, 41, 7, 10, 0, 0, 0.01%, 0, 0, 1, 45.70
1734737707, 41, 8, 10, 0, 0, 0.01%, 0, 0, 1, 47.73
1734737712, 41, 9, 10, 0, 0, 0.01%, 0, 0, 1, 46.03
1734737718, 42, 0, 10, 0, 0, 0.01%, 0, 0, 1, 45.64
1734737723, 42, 1, 10, 0, 0, 0.01%, 0, 0, 1, 45.29
1734737728, 42, 2, 10, 0, 0, 0.01%, 0, 0, 1, 46.00
1734737733, 42, 3, 10, 0, 0, 0.01%, 0, 0, 1, 44.77
1734737738, 42, 4, 10, 0, 0, 0.01%, 0, 0, 1, 46.02
1734737743, 42, 5, 10, 0, 0, 0.01%, 0, 0, 1, 45.68
1734737748, 42, 6, 10, 0, 0, 0.01%, 0, 0, 1, 46.27
1734737753, 42, 7, 10, 0, 0, 0.01%, 0, 0, 1, 46.55
1734737758, 42, 8, 10, 0, 0, 0.01%, 0, 0, 1, 46.39
1734737769, 42, 9, 10, 0, 0, 0.01%, 0, 0, 1, 45.03
1734737774, 43, 0, 10, 0, 0, 0.01%, 0, 0, 1, 46.60
1734737779, 43, 1, 10, 0, 0, 0.01%, 0, 0, 1, 46.38
1734737784, 43, 2, 10, 0, 0, 0.01%, 0, 0, 1, 46.02
1734737789, 43, 3, 10, 0, 0, 0.01%, 0, 0, 1, 46.74
1734737794, 43, 4, 10, 0, 0, 0.01%, 0, 0, 1, 46.94
1734737799, 43, 5, 10, 0, 0, 0.01%, 0, 0, 1, 46.37
1734737804, 43, 6, 10, 0, 0, 0.01%, 0, 0, 1, 45.20
1734737809, 43, 7, 10, 0, 0, 0.01%, 0, 0, 1, 44.42
1734737814, 43, 8, 10, 0, 0, 0.01%, 0, 0, 1, 44.06
1734737819, 43, 9, 10, 0, 0, 0.01%, 0, 0, 1, 45.65
1734737830, 44, 0, 10, 0, 0, 0.01%, 0, 0, 1, 44.58
1734737835, 44, 1, 10, 0, 0, 0.01%, 0, 0, 1, 45.37
1734737840, 44, 2, 10, 0, 0, 0.01%, 0, 0, 1, 43.70
1734737845, 44, 3, 10, 0, 0, 0.01%, 0, 0, 1, 45.43
1734737850, 44, 4, 10, 0, 0, 0.01%, 0, 0, 1, 46.64
1734737855, 44, 5, 10, 0, 0, 0.01%, 0, 0, 1, 47.41
1734737860, 44, 6, 10, 0, 0, 0.01%, 0, 0, 1, 45.55
1734737865, 44, 7, 10, 0, 0, 0.01%, 0, 0, 1, 45.48
1734737870, 44, 8, 10, 0, 0, 0.01%, 0, 0, 1, 46.34
1734737875, 44, 9, 10, 0, 0, 0.01%, 0, 0, 1, 44.68
1734737885, 45, 0, 10, 0, 0, 0.01%, 0, 0, 1, 46.30
1734737891, 45, 1, 10, 0, 0, 0.01%, 0, 0, 1, 45.16
1734737896, 45, 2, 10, 0, 0, 0.01%, 0, 0, 1, 47.93
1734737901, 45, 3, 10, 0, 0, 0.01%, 0, 0, 1, 46.62
1734737906, 45, 4, 10, 0, 0, 0.01%, 0, 0, 1, 46.98
1734737911, 45, 5, 10, 0, 0, 0.01%, 0, 0, 1, 45.55
1734737916, 45, 6, 10, 0, 0, 0.01%, 0, 0, 1, 45.64
1734737921, 45, 7, 10, 0, 0, 0.01%, 0, 0, 1, 47.27
1734737926, 45, 8, 10, 0, 0, 0.01%, 0, 0, 1, 46.81
1734737931, 45, 9, 10, 0, 0, 0.01%, 0, 0, 1, 45.84
1734737936, 46, 0, 10, 0, 0, 0.01%, 0, 0, 1, 45.06
1734737947, 46, 1, 10, 0, 0, 0.01%, 0, 0, 1, 45.58
1734737952, 46, 2, 10, 0, 0, 0.01%, 0, 0, 1, 45.65
1734737957, 46, 3, 10, 0, 0, 0.01%, 0, 0, 1, 45.52
1734737962, 46, 4, 10, 0, 0, 0.01%, 0, 0, 1, 46.08
1734737967, 46, 5, 10, 0, 0, 0.01%, 0, 0, 1, 46.81
1734737972, 46, 6, 10, 0, 0, 0.01%, 0, 0, 1, 45.30
1734737977, 46, 7, 10, 0, 0, 0.01%, 0, 0, 1, 47.69
1734737982, 46, 8, 10, 0, 0, 0.01%, 0, 0, 1, 47.26
1734737987, 46, 9, 10, 0, 0, 0.01%, 0, 0, 1, 47.71
1734737992, 47, 0, 10, 0, 0, 0.01%, 0, 0, 1, 47.16
1734737998, 47, 1, 10, 0, 0, 0.01%, 0, 0, 1, 44.97
1734738008, 47, 2, 10, 0, 0, 0.01%, 0, 0, 1, 46.56
1734738013, 47, 3, 10, 0, 0, 0.01%, 0, 0, 1, 45.41
1734738018, 47, 4, 10, 0, 0, 0.01%, 0, 0, 1, 45.97
1734738023, 47, 5, 10, 0, 0, 0.01%, 0, 0, 1, 47.73
1734738028, 47, 6, 10, 0, 0, 0.01%, 0, 0, 1, 47.20
1734738033, 47, 7, 10, 0, 0, 0.01%, 0, 0, 1, 46.29
1734738038, 47, 8, 10, 0, 0, 0.01%, 0, 0, 1, 45.75
1734738043, 47, 9, 10, 0, 0, 0.01%, 0, 0, 1, 47.36
1734738049, 48, 0, 10, 0, 0, 0.01%, 0, 0, 1, 44.75
1734738054, 48, 1, 10, 0, 0, 0.01%, 0, 0, 1, 46.87
1734738059, 48, 2, 10, 0, 0, 0.01%, 0, 0, 1, 48.77
1734738064, 48, 3, 10, 0, 0, 0.01%, 0, 0, 1, 46.31
1734738074, 48, 4, 10, 0, 0, 0.01%, 0, 0, 1, 47.35
1734738079, 48, 5, 10, 0, 0, 0.01%, 0, 0, 1, 48.90
1734738084, 48, 6, 10, 0, 0, 0.01%, 0, 0, 1, 48.04
1734738089, 48, 7, 10, 0, 0, 0.01%, 0, 0, 1, 47.64
1734738095, 48, 8, 10, 0, 0, 0.01%, 0, 0, 1, 47.89
1734738100, 48, 9, 10, 0, 0, 0.01%, 0, 0, 1, 47.44
1734738105, 49, 0, 10, 0, 0, 0.01%, 0, 0, 1, 48.02
1734738110, 49, 1, 10, 0, 0, 0.01%, 0, 0, 1, 45.61
1734738115, 49, 2, 10, 0, 0, 0.01%, 0, 0, 1, 45.18
1734738120, 49, 3, 10, 0, 0, 0.01%, 0, 0, 1, 47.62
1734738125, 49, 4, 10, 0, 0, 0.01%, 0, 0, 1, 47.55
1734738130, 49, 5, 10, 0, 0, 0.01%, 0, 0, 1, 46.43
1734738135, 49, 6, 10, 0, 0, 0.01%, 0, 0, 1, 45.44
1734738140, 49, 7, 10, 0, 0, 0.01%, 0, 0, 1, 46.91
1734738146, 49, 8, 10, 0, 0, 0.01%, 0, 0, 1, 46.96
1734738156, 49, 9, 10, 0, 0, 0.01%, 0, 0, 1, 45.21
1734738161, 50, 0, 10, 0, 0, 0.01%, 0, 0, 1, 47.55
1734738166, 50, 1, 10, 0, 0, 0.01%, 0, 0, 1, 48.46
1734738171, 50, 2, 10, 0, 0, 0.01%, 0, 0, 1, 46.79
1734738176, 50, 3, 10, 0, 0, 0.01%, 0, 0, 1, 45.32
1734738181, 50, 4, 10, 0, 0, 0.01%, 0, 0, 1, 46.16
1734738186, 50, 5, 10, 0, 0, 0.01%, 0, 0, 1, 46.88
1734738191, 50, 6, 10, 0, 0, 0.01%, 0, 0, 1, 45.92
1734738196, 50, 7, 10, 0, 0, 0.01%, 0, 0, 1, 44.69
1734738202, 50, 8, 10, 0, 0, 0.01%, 0, 0, 1, 43.80
1734738207, 50, 8, 11, 1, 0, 0.14%, 1, 0, 2, 45.44
1734738212, 53, 10, 13, 2, 0, 0.14%, 3, 0, 3, 59.17
1734738288, 53, 12, 13, 1, 1, 0.14%, 3, 0, 3, 63.31
1734738365, 55, 12, 13, 0, 0, 0.14%, 3, 0, 3, 48.81
1734738375, 55, 12, 14, 1, 0, 0.14%, 4, 0, 4, 49.01
1734738400, 55, 12, 16, 3, 0, 0.14%, 4, 0, 4, 56.82
1734738405, 55, 12, 17, 4, 0, 0.14%, 4, 0, 4, 49.37
1734738415, 55, 15, 18, 5, 2, 0.14%, 5, 0, 5, 82.14
1734738451, 55, 15, 19, 6, 2, 0.14%, 5, 0, 5, 81.02
1734738456, 55, 15, 20, 7, 2, 0.14%, 5, 0, 5, 66.60
1734738471, 55, 15, 21, 8, 2, 0.14%, 5, 0, 5, 64.06
1734738476, 55, 15, 22, 9, 2, 0.14%, 5, 0, 5, 62.29
1734738491, 55, 15, 23, 10, 2, 0.14%, 5, 0, 5, 59.20
1734738502, 55, 15, 24, 11, 2, 0.14%, 5, 0, 5, 59.42
1734738522, 55, 15, 25, 12, 2, 0.14%, 5, 0, 5, 62.83
1734738553, 55, 15, 26, 13, 2, 0.14%, 5, 0, 5, 60.21
1734738583, 55, 16, 26, 12, 2, 0.14%, 5, 0, 5, 70.69
1734738670, 55, 24, 26, 11, 1, 0.14%, 5, 0, 5, 72.40
1734738705, 55, 24, 29, 14, 1, 0.14%, 5, 0, 6, 73.08
1734738710, 55, 24, 31, 16, 1, 0.14%, 5, 0, 6, 65.11
1734738726, 55, 24, 32, 17, 1, 0.14%, 5, 0, 6, 66.12
1734738731, 55, 24, 33, 18, 1, 0.14%, 5, 0, 6, 66.45
1734738792, 55, 24, 35, 20, 1, 0.14%, 6, 0, 6, 67.85
1734738797, 55, 27, 35, 19, 2, 0.14%, 6, 0, 6, 73.54
1734738863, 55, 27, 36, 20, 2, 0.14%, 6, 0, 7, 64.59
1734738873, 55, 35, 36, 19, 1, 0.14%, 6, 0, 7, 78.67
1734738959, 56, 28, 36, 16, 0, 0.14%, 6, 0, 7, 82.80
1734739051, 57, 13, 36, 15, 0, 0.14%, 6, 0, 7, 100.21
1734739220, 57, 25, 36, 12, 0, 0.14%, 6, 0, 7, 79.50
1734739286, 57, 25, 37, 13, 0, 0.14%, 6, 0, 7, 64.67
1734739362, 57, 36, 37, 12, 1, 0.14%, 6, 0, 7, 88.14
1734739484, 57, 37, 38, 12, 1, 0.14%, 6, 0, 7, 45.92
1734739582, 57, 37, 39, 13, 1, 0.14%, 7, 0, 8, 80.87
1734739869, 58, 26, 39, 11, 0, 0.14%, 7, 0, 8, 41.36
1734739874, 58, 32, 39, 9, 0, 0.14%, 7, 0, 8, 78.47
1734739981, 59, 34, 39, 7, 0, 0.14%, 7, 0, 8, 53.69
1734741730, 60, 22, 39, 4, 0, 0.14%, 7, 0, 8, 61.66
1734741812, 60, 29, 39, 3, 0, 0.14%, 7, 0, 8, 40.91
1734741822, 61, 29, 39, 2, 0, 0.14%, 7, 0, 8, 59.70
1734743408, 63, 38, 39, 2, 0, 0.14%, 7, 0, 8, 84.44
1734743792, 67, 38, 39, 1, 0, 0.14%, 7, 0, 8, 62.25
1734743813, 68, 38, 39, 1, 0, 0.14%, 7, 0, 8, 75.60
1734743853, 69, 38, 39, 0, 0, 0.14%, 7, 0, 8, 60.36
1734743889, 70, 23, 39, 0, 0, 0.14%, 7, 0, 8, 87.37
1734743970, 73, 33, 39, 0, 0, 0.14%, 7, 0, 8, 86.80
1734744355, 74, 23, 39, 0, 0, 0.14%, 7, 0, 8, 63.40
1734744381, 74, 33, 39, 0, 0, 0.14%, 7, 0, 8, 66.85
1734744401, 75, 12, 39, 0, 0, 0.14%, 7, 0, 8, 55.35
1734744411, 75, 23, 39, 0, 0, 0.14%, 7, 0, 8, 59.10
1734744447, 75, 33, 39, 0, 0, 0.14%, 7, 0, 8, 70.14
1734744488, 76, 12, 39, 0, 0, 0.14%, 7, 0, 8, 57.33
1734744503, 76, 23, 39, 0, 0, 0.14%, 7, 0, 8, 59.99
1734744544, 76, 33, 39, 0, 0, 0.14%, 7, 0, 8, 70.78
1734744579, 77, 23, 39, 0, 0, 0.14%, 7, 0, 8, 60.20
1734744615, 77, 33, 39, 0, 0, 0.14%, 7, 0, 8, 76.17
1734744651, 77, 38, 39, 0, 0, 0.14%, 7, 0, 8, 60.78
1734744686, 78, 23, 39, 0, 0, 0.14%, 7, 0, 8, 65.88
1734744722, 78, 33, 39, 0, 0, 0.14%, 7, 0, 8, 70.18
1734744757, 79, 23, 39, 0, 0, 0.14%, 7, 0, 8, 65.17
1734744793, 79, 33, 39, 0, 0, 0.14%, 7, 0, 8, 66.44
1734744829, 79, 38, 39, 0, 0, 0.14%, 7, 0, 8, 71.11
1734744864, 80, 23, 39, 0, 0, 0.14%, 7, 0, 8, 59.52
1734744869, 80, 23, 40, 1, 0, 0.14%, 7, 0, 8, 64.94
1734744915, 80, 39, 40, 1, 1, 0.14%, 7, 0, 8, 42.14
1734746044, 81, 33, 40, 0, 0, 0.14%, 7, 0, 8, 73.09
1734746080, 88, 20, 40, 0, 0, 0.14%, 7, 0, 8, 84.46
1734746131, 89, 20, 40, 0, 0, 0.14%, 7, 0, 8, 56.50
1734746146, 90, 12, 40, 0, 0, 0.14%, 7, 0, 8, 57.66
1734746176, 93, 39, 40, 0, 0, 0.14%, 7, 0, 8, 75.79
1734746192, 94, 39, 40, 0, 0, 0.14%, 7, 0, 8, 59.68
1734746227, 95, 30, 40, 0, 0, 0.14%, 7, 0, 8, 62.73
1734746288, 95, 39, 40, 0, 0, 0.14%, 7, 0, 8, 70.22
1734746324, 101, 14, 40, 0, 0, 0.14%, 7, 0, 8, 74.53
1734746394, 104, 12, 40, 0, 0, 0.14%, 7, 0, 8, 58.46
1734746430, 106, 38, 40, 0, 0, 0.14%, 7, 0, 8, 62.48
1734746461, 111, 23, 40, 0, 0, 0.14%, 7, 0, 8, 68.73
1734746496, 113, 20, 40, 0, 0, 0.14%, 7, 0, 8, 67.87
1734746537, 114, 18, 40, 0, 0, 0.14%, 7, 0, 8, 93.19
1734746588, 115, 30, 40, 0, 0, 0.14%, 7, 0, 8, 66.55
1734746608, 117, 17, 40, 0, 0, 0.14%, 7, 0, 8, 90.92
1734746679, 120, 23, 40, 0, 0, 0.14%, 7, 0, 8, 63.32
1734746715, 120, 30, 40, 0, 0, 0.14%, 7, 0, 8, 67.28
1734746755, 121, 13, 40, 0, 0, 0.14%, 7, 0, 8, 73.83
1734746771, 121, 36, 40, 0, 0, 0.14%, 7, 0, 8, 69.56
1734746786, 123, 14, 40, 0, 0, 0.14%, 7, 0, 8, 59.18
1734746806, 124, 27, 40, 0, 0, 0.14%, 7, 0, 8, 65.51
1734746826, 125, 15, 40, 0, 0, 0.14%, 7, 0, 8, 63.74
1734746842, 125, 30, 40, 0, 0, 0.14%, 7, 0, 8, 70.95
1734746877, 129, 18, 40, 0, 0, 0.14%, 7, 0, 8, 69.68
1734746918, 134, 15, 40, 0, 0, 0.14%, 7, 0, 8, 68.81
1734746953, 135, 22, 40, 0, 0, 0.14%, 7, 0, 8, 64.97
1734746974, 137, 27, 40, 0, 0, 0.14%, 7, 0, 8, 61.44
1734747009, 138, 11, 40, 0, 0, 0.14%, 7, 0, 8, 66.95
1734747039, 139, 12, 40, 0, 0, 0.14%, 7, 0, 8, 55.26
1734747070, 141, 29, 40, 0, 0, 0.14%, 7, 0, 8, 64.44
1734747090, 142, 15, 40, 0, 0, 0.14%, 7, 0, 8, 63.67
1734747126, 144, 27, 40, 0, 0, 0.14%, 7, 0, 8, 60.89
1734747161, 147, 11, 40, 0, 0, 0.14%, 7, 0, 8, 60.64
1734747182, 147, 15, 40, 0, 0, 0.14%, 7, 0, 8, 63.94
1734747217, 148, 30, 40, 0, 0, 0.14%, 7, 0, 8, 61.18
1734747258, 149, 15, 40, 0, 0, 0.14%, 7, 0, 8, 64.54
1734747293, 151, 12, 40, 0, 0, 0.14%, 7, 0, 8, 56.74
1734747333, 151, 27, 40, 0, 0, 0.14%, 7, 0, 8, 58.52
1734747369, 151, 29, 40, 0, 0, 0.14%, 7, 0, 8, 73.57
1734747405, 152, 18, 40, 0, 0, 0.14%, 7, 0, 8, 64.86
1734747440, 155, 18, 40, 0, 0, 0.14%, 7, 0, 8, 57.71
1734747481, 156, 17, 40, 0, 0, 0.14%, 7, 0, 8, 60.54
1734747516, 156, 20, 40, 0, 0, 0.14%, 7, 0, 8, 63.57
1734747557, 158, 13, 40, 0, 0, 0.14%, 7, 0, 8, 68.92
1734747592, 158, 36, 40, 0, 0, 0.14%, 7, 0, 8, 67.37
1734747628, 160, 14, 40, 0, 0, 0.14%, 7, 0, 8, 59.80
1734747669, 161, 17, 40, 0, 0, 0.14%, 7, 0, 8, 61.36
1734747704, 161, 19, 40, 0, 0, 0.14%, 7, 0, 8, 78.89
1734747760, 163, 17, 40, 0, 0, 0.14%, 7, 0, 8, 64.97
1734747801, 165, 19, 40, 0, 0, 0.14%, 7, 0, 8, 62.50
1734747841, 165, 20, 40, 0, 0, 0.14%, 7, 0, 8, 60.12
1734747877, 166, 22, 40, 0, 0, 0.14%, 7, 0, 8, 62.20
1734747913, 166, 40, 41, 1, 1, 0.14%, 8, 0, 8, 64.02
1734748912, 168, 11, 41, 0, 0, 0.14%, 8, 0, 8, 58.18
1734748947, 171, 30, 41, 0, 0, 0.14%, 8, 0, 8, 64.81
1734748983, 172, 12, 41, 0, 0, 0.14%, 8, 0, 8, 56.18
1734749023, 173, 16, 41, 0, 0, 0.14%, 8, 0, 8, 65.99
1734749044, 173, 18, 41, 0, 0, 0.14%, 8, 0, 8, 62.66
1734749079, 173, 27, 41, 0, 0, 0.14%, 8, 0, 8, 65.20
1734749115, 176, 27, 41, 0, 0, 0.14%, 8, 0, 8, 61.42
1734749156, 177, 25, 41, 0, 0, 0.14%, 8, 0, 8, 65.87
1734749171, 178, 40, 41, 0, 0, 0.14%, 8, 0, 8, 71.88
1734749191, 179, 16, 41, 0, 0, 0.14%, 8, 0, 8, 63.42
1734749227, 179, 40, 41, 0, 0, 0.14%, 8, 0, 8, 82.91
1734749257, 180, 40, 41, 0, 0, 0.14%, 8, 0, 8, 72.23
1734749293, 181, 25, 41, 0, 0, 0.14%, 8, 0, 8, 58.74
1734749333, 181, 40, 41, 0, 0, 0.14%, 8, 0, 8, 77.18
1734749363, 182, 15, 41, 0, 0, 0.14%, 8, 0, 8, 62.06
1734749399, 187, 31, 41, 0, 0, 0.14%, 8, 0, 8, 69.87
1734749480, 188, 23, 41, 0, 0, 0.14%, 8, 0, 8, 65.47
1734749521, 189, 21, 41, 0, 0, 0.14%, 8, 0, 8, 71.22
1734749572, 192, 13, 41, 0, 0, 0.14%, 8, 0, 8, 73.29
1734749607, 194, 15, 41, 0, 0, 0.14%, 8, 0, 8, 62.09
1734749643, 194, 16, 41, 0, 0, 0.14%, 8, 0, 8, 63.15
1734749678, 194, 28, 41, 0, 0, 0.14%, 8, 0, 8, 60.60
1734749699, 198, 27, 41, 0, 0, 0.14%, 8, 0, 8, 55.69
1734749739, 199, 15, 41, 0, 0, 0.14%, 8, 0, 8, 64.91
1734749775, 199, 19, 41, 0, 0, 0.14%, 8, 0, 8, 61.56
1734749810, 200, 23, 41, 0, 0, 0.14%, 8, 0, 8, 62.59
1734749851, 200, 25, 41, 0, 0, 0.14%, 8, 0, 8, 65.61
1734749886, 202, 12, 41, 0, 0, 0.14%, 8, 0, 8, 61.80
1734749922, 204, 27, 41, 0, 0, 0.14%, 8, 0, 8, 71.08
1734749963, 205, 17, 41, 0, 0, 0.14%, 8, 0, 8, 60.32
1734749998, 206, 14, 41, 0, 0, 0.14%, 8, 0, 8, 63.04
1734750034, 207, 29, 41, 0, 0, 0.14%, 8, 0, 8, 75.53
1734750070, 208, 14, 41, 0, 0, 0.14%, 8, 0, 8, 62.23
1734750105, 209, 15, 41, 0, 0, 0.14%, 8, 0, 8, 63.08
1734750141, 209, 25, 41, 0, 0, 0.14%, 8, 0, 8, 68.07
1734750177, 209, 31, 41, 0, 0, 0.14%, 8, 0, 8, 68.15
1734750192, 210, 20, 41, 0, 0, 0.14%, 8, 0, 8, 61.83
1734750233, 210, 22, 41, 0, 0, 0.14%, 8, 0, 8, 60.96
1734750268, 210, 35, 41, 0, 0, 0.14%, 8, 0, 8, 64.99
1734750289, 211, 27, 41, 0, 0, 0.14%, 8, 0, 8, 62.08
1734750324, 212, 17, 41, 0, 0, 0.14%, 8, 0, 8, 61.45
1734750360, 213, 14, 41, 0, 0, 0.14%, 8, 0, 8, 58.89
1734750400, 214, 17, 41, 0, 0, 0.14%, 8, 0, 8, 63.68
1734750441, 215, 28, 41, 0, 0, 0.14%, 8, 0, 8, 57.92
1734750476, 216, 29, 41, 0, 0, 0.14%, 8, 0, 8, 71.32
1734750512, 218, 14, 41, 0, 0, 0.14%, 8, 0, 8, 64.48
1734750548, 218, 30, 41, 0, 0, 0.14%, 8, 0, 8, 66.21
1734750588, 219, 14, 41, 0, 0, 0.14%, 8, 0, 8, 65.95
1734750624, 219, 20, 41, 0, 0, 0.14%, 8, 0, 8, 60.27
1734750664, 219, 22, 41, 0, 0, 0.14%, 8, 0, 8, 67.66
1734750695, 221, 15, 41, 0, 0, 0.14%, 8, 0, 8, 60.97
1734750731, 221, 30, 41, 0, 0, 0.14%, 8, 0, 8, 62.02
1734750771, 222, 18, 41, 0, 0, 0.14%, 8, 0, 8, 61.01
1734750807, 222, 19, 41, 0, 0, 0.14%, 8, 0, 8, 65.51
1734750848, 222, 29, 41, 0, 0, 0.14%, 8, 0, 8, 87.20
1734750878, 223, 24, 41, 0, 0, 0.14%, 8, 0, 8, 67.23
1734750898, 226, 18, 41, 0, 0, 0.14%, 8, 0, 8, 59.44
1734750939, 227, 10, 41, 0, 0, 0.14%, 8, 0, 8, 61.18
1734750944, 228, 17, 41, 0, 0, 0.14%, 8, 0, 8, 62.15
1734750984, 230, 28, 41, 0, 0, 0.14%, 8, 0, 8, 64.55
1734751020, 233, 20, 41, 0, 0, 0.14%, 8, 0, 8, 59.56
1734751055, 233, 21, 41, 0, 0, 0.14%, 8, 0, 8, 59.41
1734751096, 236, 13, 41, 0, 0, 0.14%, 8, 0, 8, 78.68
1734751127, 236, 35, 41, 0, 0, 0.14%, 8, 0, 8, 68.30
1734751167, 238, 13, 41, 0, 0, 0.14%, 8, 0, 8, 73.02
1734751203, 238, 19, 41, 0, 0, 0.14%, 8, 0, 8, 61.79
1734751238, 238, 27, 41, 0, 0, 0.14%, 8, 0, 8, 64.91
1734751279, 239, 35, 41, 0, 0, 0.14%, 8, 0, 8, 55.94
1734751314, 240, 14, 41, 0, 0, 0.14%, 8, 0, 8, 65.85
1734751355, 241, 12, 41, 0, 0, 0.14%, 8, 0, 8, 53.49
1734751390, 241, 22, 41, 0, 0, 0.14%, 8, 0, 8, 63.53
1734751431, 242, 17, 41, 0, 0, 0.14%, 8, 0, 8, 70.46
1734751466, 242, 20, 41, 0, 0, 0.14%, 8, 0, 8, 58.15
1734751502, 243, 11, 41, 0, 0, 0.14%, 8, 0, 8, 59.77
1734751537, 243, 24, 41, 0, 0, 0.14%, 8, 0, 8, 65.19
1734751573, 244, 10, 41, 0, 0, 0.14%, 8, 0, 8, 58.09
1734751588, 245, 10, 41, 0, 0, 0.14%, 8, 0, 8, 67.75
1734751629, 245, 28, 41, 0, 0, 0.14%, 8, 0, 8, 59.41
1734751664, 247, 13, 41, 0, 0, 0.14%, 8, 0, 8, 70.66
1734751700, 249, 10, 41, 0, 0, 0.14%, 8, 0, 8, 65.04
1734751740, 250, 22, 41, 0, 0, 0.14%, 8, 0, 8, 58.52
1734751771, 251, 10, 41, 0, 0, 0.14%, 8, 0, 8, 66.23
1734751806, 251, 31, 41, 0, 0, 0.14%, 8, 0, 8, 64.00
1734751847, 252, 20, 41, 0, 0, 0.14%, 8, 0, 8, 60.70
1734751888, 253, 18, 41, 0, 0, 0.14%, 8, 0, 8, 58.98
1734751923, 253, 19, 41, 0, 0, 0.14%, 8, 0, 8, 68.06
1734751959, 253, 30, 41, 0, 0, 0.14%, 8, 0, 8, 64.49
1734751995, 254, 14, 41, 0, 0, 0.14%, 8, 0, 8, 62.31
1734752035, 255, 15, 41, 0, 0, 0.14%, 8, 0, 8, 67.09
1734752066, 256, 27, 41, 0, 0, 0.14%, 8, 0, 8, 60.49
1734752101, 259, 35, 41, 0, 0, 0.14%, 8, 0, 8, 57.09
1734752142, 259, 37, 41, 0, 0, 0.14%, 8, 0, 8, 69.49
1734752167, 260, 21, 41, 0, 0, 0.14%, 8, 0, 8, 57.31
1734752208, 260, 30, 41, 0, 0, 0.14%, 8, 0, 8, 64.54
1734752243, 261, 12, 41, 0, 0, 0.14%, 8, 0, 8, 60.51
1734752279, 261, 22, 41, 0, 0, 0.14%, 8, 0, 8, 66.58
1734752314, 261, 30, 41, 0, 0, 0.14%, 8, 0, 8, 64.29
1734752355, 262, 10, 41, 0, 0, 0.14%, 8, 0, 8, 54.42
1734752391, 262, 35, 41, 0, 0, 0.14%, 8, 0, 8, 63.44
1734752432, 263, 28, 41, 0, 0, 0.14%, 8, 0, 8, 61.26
1734752467, 264, 16, 41, 0, 0, 0.14%, 8, 0, 8, 61.45
1734752503, 264, 25, 41, 0, 0, 0.14%, 8, 0, 8, 64.35
1734752538, 267, 11, 41, 0, 0, 0.14%, 8, 0, 8, 62.27
1734752579, 267, 21, 41, 0, 0, 0.14%, 8, 0, 8, 57.68
1734752620, 267, 24, 41, 0, 0, 0.14%, 8, 0, 8, 69.18
1734752660, 268, 10, 41, 0, 0, 0.14%, 8, 0, 8, 56.64
1734752696, 269, 19, 41, 0, 0, 0.14%, 8, 0, 8, 60.59
1734752737, 270, 14, 41, 0, 0, 0.14%, 8, 0, 8, 65.50
1734752772, 270, 22, 41, 0, 0, 0.14%, 8, 0, 8, 65.05
1734752807, 271, 12, 41, 0, 0, 0.14%, 8, 0, 8, 60.89
1734752848, 271, 22, 41, 0, 0, 0.14%, 8, 0, 8, 63.17
1734752884, 271, 35, 41, 0, 0, 0.14%, 8, 0, 8, 68.41
1734752919, 272, 17, 41, 0, 0, 0.14%, 8, 0, 8, 68.96
1734752960, 272, 21, 41, 0, 0, 0.14%, 8, 0, 8, 61.25
1734752995, 272, 28, 41, 0, 0, 0.14%, 8, 0, 8, 64.34
1734753031, 274, 11, 41, 0, 0, 0.14%, 8, 0, 8, 62.28
1734753072, 274, 31, 41, 0, 0, 0.14%, 8, 0, 8, 73.13
1734753107, 274, 32, 41, 0, 0, 0.14%, 8, 0, 8, 68.83
1734753138, 275, 12, 41, 0, 0, 0.14%, 8, 0, 8, 58.45
1734753173, 275, 31, 41, 0, 0, 0.14%, 8, 0, 8, 62.79
1734753208, 276, 19, 41, 0, 0, 0.14%, 8, 0, 8, 59.28
1734753249, 276, 22, 41, 0, 0, 0.14%, 8, 0, 8, 60.08
