# unix_time, cycles_done, cur_path, paths_total, pending_total, pending_favs, map_size, unique_crashes, unique_hangs, max_depth, execs_per_sec
1735515163, 0, 0, 10, 10, 1, 0.01%, 0, 0, 1, 41.22
1735515168, 0, 8, 10, 10, 1, 0.01%, 0, 0, 1, 39.60
1735515183, 1, 0, 10, 8, 0, 0.01%, 0, 0, 1, 45.29
1735515188, 1, 1, 10, 7, 0, 0.01%, 0, 0, 1, 46.65
1735515193, 1, 2, 10, 6, 0, 0.01%, 0, 0, 1, 45.53
1735515198, 1, 3, 10, 5, 0, 0.01%, 0, 0, 1, 46.01
1735515203, 1, 4, 10, 4, 0, 0.01%, 0, 0, 1, 45.97
1735515208, 1, 5, 10, 3, 0, 0.01%, 0, 0, 1, 46.50
1735515219, 1, 6, 10, 2, 0, 0.01%, 0, 0, 1, 45.47
1735515224, 1, 7, 10, 1, 0, 0.01%, 0, 0, 1, 47.00
1735515229, 1, 8, 10, 0, 0, 0.01%, 0, 0, 1, 45.37
1735515234, 1, 9, 10, 0, 0, 0.01%, 0, 0, 1, 45.67
1735515239, 2, 0, 10, 0, 0, 0.01%, 0, 0, 1, 47.13
1735515244, 2, 1, 10, 0, 0, 0.01%, 0, 0, 1, 46.35
1735515249, 2, 2, 10, 0, 0, 0.01%, 0, 0, 1, 45.61
1735515254, 2, 3, 10, 0, 0, 0.01%, 0, 0, 1, 46.00
1735515259, 2, 4, 10, 0, 0, 0.01%, 0, 0, 1, 46.15
1735515264, 2, 5, 10, 0, 0, 0.01%, 0, 0, 1, 47.09
1735515269, 2, 6, 10, 0, 0, 0.01%, 0, 0, 1, 45.06
1735515275, 2, 7, 10, 0, 0, 0.01%, 0, 0, 1, 45.82
1735515285, 2, 8, 10, 0, 0, 0.01%, 0, 0, 1, 44.36
1735515290, 2, 9, 10, 0, 0, 0.01%, 0, 0, 1, 44.28
1735515295, 3, 0, 10, 0, 0, 0.01%, 0, 0, 1, 45.55
1735515300, 3, 1, 10, 0, 0, 0.01%, 0, 0, 1, 46.54
1735515305, 3, 2, 10, 0, 0, 0.01%, 0, 0, 1, 46.05
1735515310, 3, 3, 10, 0, 0, 0.01%, 0, 0, 1, 45.01
1735515315, 3, 4, 10, 0, 0, 0.01%, 0, 0, 1, 46.91
1735515320, 3, 5, 10, 0, 0, 0.01%, 0, 0, 1, 45.95
1735515325, 3, 6, 10, 0, 0, 0.01%, 0, 0, 1, 46.90
1735515330, 3, 7, 10, 0, 0, 0.01%, 0, 0, 1, 48.00
1735515340, 3, 8, 10, 0, 0, 0.01%, 0, 0, 1, 47.04
1735515346, 3, 9, 10, 0, 0, 0.01%, 0, 0, 1, 46.88
1735515351, 4, 0, 10, 0, 0, 0.01%, 0, 0, 1, 47.82
1735515356, 4, 1, 10, 0, 0, 0.01%, 0, 0, 1, 45.51
1735515361, 4, 2, 10, 0, 0, 0.01%, 0, 0, 1, 45.22
1735515366, 4, 3, 10, 0, 0, 0.01%, 0, 0, 1, 45.48
1735515371, 4, 4, 10, 0, 0, 0.01%, 0, 0, 1, 45.87
1735515376, 4, 5, 10, 0, 0, 0.01%, 0, 0, 1, 45.00
1735515381, 4, 6, 10, 0, 0, 0.01%, 0, 0, 1, 46.95
1735515386, 4, 7, 10, 0, 0, 0.01%, 0, 0, 1, 46.32
1735515391, 4, 8, 10, 0, 0, 0.01%, 0, 0, 1, 45.48
1735515401, 4, 9, 10, 0, 0, 0.01%, 0, 0, 1, 47.72
1735515406, 5, 0, 10, 0, 0, 0.01%, 0, 0, 1, 45.43
1735515411, 5, 1, 10, 0, 0, 0.01%, 0, 0, 1, 47.63
1735515416, 5, 2, 10, 0, 0, 0.01%, 0, 0, 1, 46.66
1735515421, 5, 3, 10, 0, 0, 0.01%, 0, 0, 1, 46.26
1735515426, 5, 4, 10, 0, 0, 0.01%, 0, 0, 1, 45.42
1735515431, 5, 5, 10, 0, 0, 0.01%, 0, 0, 1, 48.01
1735515437, 5, 6, 10, 0, 0, 0.01%, 0, 0, 1, 47.27
1735515442, 5, 7, 10, 0, 0, 0.01%, 0, 0, 1, 47.48
1735515447, 5, 10, 11, 1, 1, 0.14%, 1, 0, 2, 51.13
1735515528, 11, 10, 11, 0, 0, 0.14%, 1, 0, 2, 49.11
1735515538, 12, 10, 11, 0, 0, 0.14%, 1, 0, 2, 47.45
1735515563, 13, 10, 11, 0, 0, 0.14%, 1, 0, 2, 49.07
1735515573, 13, 10, 12, 1, 0, 0.14%, 2, 0, 3, 45.82
1735515624, 13, 11, 12, 1, 1, 0.14%, 2, 0, 3, 53.24
1735515629, 13, 11, 13, 2, 1, 0.14%, 3, 0, 4, 60.23
1735515634, 13, 11, 14, 3, 1, 0.14%, 4, 0, 4, 56.05
1735515756, 13, 13, 15, 2, 1, 0.14%, 5, 0, 5, 73.09
1735515771, 13, 13, 16, 3, 1, 0.14%, 5, 0, 5, 57.83
1735515797, 13, 13, 17, 4, 1, 0.14%, 5, 0, 5, 51.55
1735515858, 13, 13, 18, 5, 1, 0.14%, 5, 0, 5, 53.42
1735515868, 13, 13, 19, 6, 1, 0.14%, 5, 0, 5, 52.82
1735515913, 13, 18, 19, 5, 1, 0.14%, 5, 0, 5, 69.75
1735515964, 13, 18, 20, 6, 1, 0.14%, 5, 0, 6, 58.83
1735515980, 13, 18, 21, 7, 1, 0.14%, 5, 0, 6, 60.39
1735515985, 13, 18, 22, 8, 1, 0.14%, 5, 0, 6, 56.70
1735516041, 13, 18, 23, 9, 1, 0.14%, 5, 0, 6, 53.38
1735516061, 13, 18, 26, 12, 1, 0.14%, 5, 0, 6, 61.45
1735516071, 13, 22, 26, 11, 2, 0.14%, 5, 0, 6, 86.06
1735516102, 13, 22, 27, 12, 2, 0.14%, 5, 0, 7, 63.24
1735516117, 13, 22, 28, 13, 2, 0.14%, 5, 0, 7, 66.07
1735516183, 13, 25, 28, 12, 1, 0.14%, 5, 0, 7, 49.87
1735516643, 13, 25, 29, 13, 1, 0.14%, 5, 0, 7, 68.26
1735516648, 13, 25, 30, 14, 1, 0.14%, 5, 0, 7, 88.22
1735516684, 13, 25, 31, 15, 1, 0.14%, 6, 0, 7, 81.28
1735516689, 13, 25, 32, 16, 1, 0.14%, 6, 0, 7, 82.67
1735516720, 13, 31, 32, 15, 1, 0.14%, 6, 0, 7, 98.75
1735516935, 13, 31, 33, 16, 1, 0.14%, 6, 0, 8, 82.41
1735517007, 13, 32, 33, 15, 1, 0.14%, 6, 0, 8, 80.37
1735517012, 13, 32, 34, 16, 1, 0.14%, 6, 0, 9, 99.37
1735517109, 13, 32, 35, 17, 1, 0.14%, 6, 0, 9, 71.76
1735517186, 13, 32, 37, 19, 1, 0.14%, 6, 0, 9, 66.51
1735517191, 13, 34, 37, 18, 2, 0.14%, 6, 0, 9, 91.55
1735517221, 13, 34, 38, 19, 2, 0.14%, 6, 0, 10, 113.48
1735517431, 13, 36, 38, 18, 2, 0.14%, 6, 0, 10, 73.91
1735517574, 14, 17, 38, 15, 0, 0.14%, 6, 0, 10, 83.63
1735517630, 14, 29, 38, 13, 0, 0.14%, 6, 0, 10, 63.41
1735518293, 14, 30, 38, 12, 0, 0.14%, 6, 0, 10, 76.39
1735518810, 14, 35, 38, 11, 0, 0.14%, 6, 0, 10, 57.61
1735518815, 15, 27, 38, 8, 0, 0.14%, 6, 0, 10, 40.91
1735518820, 15, 35, 38, 6, 0, 0.14%, 6, 0, 10, 91.84
1735519772, 16, 23, 38, 4, 0, 0.14%, 6, 0, 10, 45.78
1735519950, 19, 26, 38, 1, 0, 0.14%, 6, 0, 10, 73.96
1735520022, 21, 21, 38, 1, 0, 0.14%, 6, 0, 10, 75.09
1735520179, 24, 12, 38, 0, 0, 0.14%, 6, 0, 10, 56.62
1735520225, 26, 21, 38, 0, 0, 0.14%, 6, 0, 10, 74.40
1735520230, 26, 26, 38, 0, 0, 0.14%, 6, 0, 10, 68.36
1735520235, 27, 21, 38, 0, 0, 0.14%, 6, 0, 10, 72.67
1735520255, 27, 26, 38, 0, 0, 0.14%, 6, 0, 10, 69.63
1735520265, 27, 35, 38, 0, 0, 0.14%, 6, 0, 10, 73.68
1735520276, 28, 21, 38, 0, 0, 0.14%, 6, 0, 10, 78.27
1735520311, 28, 26, 38, 0, 0, 0.14%, 6, 0, 10, 68.32
1735520326, 28, 35, 38, 0, 0, 0.14%, 6, 0, 10, 74.55
1735520352, 29, 21, 38, 0, 0, 0.14%, 6, 0, 10, 68.87
1735520382, 29, 26, 38, 0, 0, 0.14%, 6, 0, 10, 68.74
1735520418, 29, 35, 38, 0, 0, 0.14%, 6, 0, 10, 73.07
1735520454, 30, 21, 38, 0, 0, 0.14%, 6, 0, 10, 73.37
1735520489, 30, 26, 38, 0, 0, 0.14%, 6, 0, 10, 71.14
1735520520, 31, 21, 38, 0, 0, 0.14%, 6, 0, 10, 80.73
1735520555, 31, 26, 38, 0, 0, 0.14%, 6, 0, 10, 65.29
1735520590, 32, 26, 38, 0, 0, 0.14%, 6, 0, 10, 68.80
1735520626, 33, 26, 38, 0, 0, 0.14%, 6, 0, 10, 66.47
1735520661, 48, 12, 38, 0, 0, 0.14%, 6, 0, 10, 64.88
1735520667, 50, 12, 38, 0, 0, 0.14%, 6, 0, 10, 60.88
1735520677, 51, 10, 38, 0, 0, 0.14%, 6, 0, 10, 63.15
1735520682, 53, 12, 38, 0, 0, 0.14%, 6, 0, 10, 67.86
1735520697, 53, 28, 38, 0, 0, 0.14%, 6, 0, 10, 110.40
1735521251, 55, 15, 38, 0, 0, 0.14%, 6, 0, 10, 67.65
1735521276, 62, 12, 38, 0, 0, 0.14%, 6, 0, 10, 59.77
1735521307, 72, 17, 38, 0, 0, 0.14%, 6, 0, 10, 63.13
1735521312, 79, 12, 38, 0, 0, 0.14%, 6, 0, 10, 61.93
1735521347, 86, 15, 38, 0, 0, 0.14%, 6, 0, 10, 63.22
1735521352, 86, 32, 38, 0, 0, 0.14%, 6, 0, 10, 66.88
1735521362, 88, 33, 38, 0, 0, 0.14%, 6, 0, 10, 80.48
1735521454, 94, 22, 38, 0, 0, 0.14%, 6, 0, 10, 66.95
1735521459, 96, 15, 38, 0, 0, 0.14%, 6, 0, 10, 63.93
1735521469, 102, 14, 38, 0, 0, 0.14%, 6, 0, 10, 86.47
1735521490, 103, 17, 38, 0, 0, 0.14%, 6, 0, 10, 71.22
1735521495, 104, 20, 38, 0, 0, 0.14%, 6, 0, 10, 64.48
1735522074, 104, 22, 38, 0, 0, 0.14%, 6, 0, 10, 69.08
1735522079, 105, 22, 38, 0, 0, 0.14%, 6, 0, 10, 72.70
1735522105, 111, 10, 38, 0, 0, 0.14%, 6, 0, 10, 62.36
1735522115, 114, 22, 38, 0, 0, 0.14%, 6, 0, 10, 70.02
1735522151, 114, 37, 38, 0, 0, 0.14%, 6, 0, 10, 87.41
1735522258, 119, 22, 38, 0, 0, 0.14%, 6, 0, 10, 64.29
1735522288, 126, 11, 38, 0, 0, 0.14%, 6, 0, 10, 71.51
1735522294, 128, 37, 38, 0, 0, 0.14%, 6, 0, 10, 70.00
1735522304, 132, 10, 38, 0, 0, 0.14%, 6, 0, 10, 67.59
1735522329, 132, 17, 38, 0, 0, 0.14%, 6, 0, 10, 69.28
1735522344, 139, 17, 38, 0, 0, 0.14%, 6, 0, 10, 65.57
1735522375, 140, 11, 39, 1, 0, 0.14%, 7, 0, 10, 64.97
1735522380, 140, 38, 39, 1, 1, 0.14%, 7, 0, 10, 50.77
1735522943, 148, 37, 39, 0, 0, 0.14%, 7, 0, 10, 65.07
1735522968, 152, 17, 39, 0, 0, 0.14%, 7, 0, 10, 73.82
1735523004, 152, 19, 39, 0, 0, 0.14%, 7, 0, 10, 85.56
1735523029, 152, 38, 39, 0, 0, 0.14%, 7, 0, 10, 82.44
1735523045, 153, 24, 39, 0, 0, 0.14%, 7, 0, 10, 88.42
1735523106, 153, 38, 39, 0, 0, 0.14%, 7, 0, 10, 63.49
1735523142, 154, 13, 39, 0, 0, 0.14%, 7, 0, 10, 58.21
1735523147, 154, 38, 39, 0, 0, 0.14%, 7, 0, 10, 74.96
1735523178, 155, 38, 39, 0, 0, 0.14%, 7, 0, 10, 88.92
1735523213, 158, 13, 39, 0, 0, 0.14%, 7, 0, 10, 65.52
1735523218, 163, 15, 39, 0, 0, 0.14%, 7, 0, 10, 67.29
1735523238, 164, 11, 39, 0, 0, 0.14%, 7, 0, 10, 66.23
1735523248, 164, 28, 39, 0, 0, 0.14%, 7, 0, 10, 74.44
1735523253, 166, 32, 39, 0, 0, 0.14%, 7, 0, 10, 71.02
1735523258, 167, 10, 39, 0, 0, 0.14%, 7, 0, 10, 65.82
1735523299, 167, 16, 39, 0, 0, 0.14%, 7, 0, 10, 91.16
1735523324, 168, 11, 39, 0, 0, 0.14%, 7, 0, 10, 60.66
1735523335, 168, 17, 39, 0, 0, 0.14%, 7, 0, 10, 66.27
1735523370, 171, 17, 39, 0, 0, 0.14%, 7, 0, 10, 66.90
1735523406, 172, 22, 39, 0, 0, 0.14%, 7, 0, 10, 61.13
1735523436, 174, 28, 39, 0, 0, 0.14%, 7, 0, 10, 82.19
1735523457, 175, 17, 39, 0, 0, 0.14%, 7, 0, 10, 63.91
1735523492, 178, 33, 39, 0, 0, 0.14%, 7, 0, 10, 71.96
1735523502, 180, 22, 39, 0, 0, 0.14%, 7, 0, 10, 63.80
1735523538, 180, 24, 39, 0, 0, 0.14%, 7, 0, 10, 60.70
1735523543, 181, 33, 39, 0, 0, 0.14%, 7, 0, 10, 69.17
1735523568, 182, 14, 39, 0, 0, 0.14%, 7, 0, 10, 58.99
1735523574, 182, 15, 39, 0, 0, 0.14%, 7, 0, 10, 64.98
1735523609, 183, 33, 39, 0, 0, 0.14%, 7, 0, 10, 63.56
1735523644, 183, 37, 39, 0, 0, 0.14%, 7, 0, 10, 68.90
1735523675, 184, 13, 39, 0, 0, 0.14%, 7, 0, 10, 61.46
1735523690, 185, 19, 39, 0, 0, 0.14%, 7, 0, 10, 67.11
1735523695, 185, 32, 39, 0, 0, 0.14%, 7, 0, 10, 75.43
1735523710, 186, 11, 39, 0, 0, 0.14%, 7, 0, 10, 67.42
1735523736, 186, 24, 39, 0, 0, 0.14%, 7, 0, 10, 78.67
1735523741, 186, 29, 39, 0, 0, 0.14%, 7, 0, 10, 78.87
1735523746, 187, 17, 39, 0, 0, 0.14%, 7, 0, 10, 71.13
1735523781, 191, 17, 39, 0, 0, 0.14%, 7, 0, 10, 71.91
1735523817, 191, 20, 39, 0, 0, 0.14%, 7, 0, 10, 73.76
1735523822, 192, 20, 39, 0, 0, 0.14%, 7, 0, 10, 61.20
1735523843, 192, 24, 39, 0, 0, 0.14%, 7, 0, 10, 63.32
1735523863, 195, 24, 39, 0, 0, 0.14%, 7, 0, 10, 68.68
1735523898, 195, 37, 39, 0, 0, 0.14%, 7, 0, 10, 68.84
1735523929, 196, 14, 39, 0, 0, 0.14%, 7, 0, 10, 72.83
1735523939, 197, 37, 39, 0, 0, 0.14%, 7, 0, 10, 66.73
1735523974, 198, 13, 39, 0, 0, 0.14%, 7, 0, 10, 57.44
1735523994, 202, 13, 39, 0, 0, 0.14%, 7, 0, 10, 66.50
1735524030, 208, 20, 39, 0, 0, 0.14%, 7, 0, 10, 82.74
1735524061, 208, 29, 39, 0, 0, 0.14%, 7, 0, 10, 86.52
1735524076, 209, 20, 39, 0, 0, 0.14%, 7, 0, 10, 65.01
1735524112, 210, 10, 39, 0, 0, 0.14%, 7, 0, 10, 63.03
1735524148, 212, 13, 39, 0, 0, 0.14%, 7, 0, 10, 71.34
1735524183, 212, 15, 39, 0, 0, 0.14%, 7, 0, 10, 65.08
1735524218, 212, 37, 39, 0, 0, 0.14%, 7, 0, 10, 73.00
1735524249, 214, 14, 39, 0, 0, 0.14%, 7, 0, 10, 76.39
1735524270, 215, 31, 39, 0, 0, 0.14%, 7, 0, 10, 71.16
1735524280, 215, 34, 39, 0, 0, 0.14%, 7, 0, 10, 74.81
1735524285, 216, 17, 39, 0, 0, 0.14%, 7, 0, 10, 69.78
1735524320, 216, 19, 39, 0, 0, 0.14%, 7, 0, 10, 68.77
1735524336, 217, 11, 39, 0, 0, 0.14%, 7, 0, 10, 61.01
1735524371, 217, 28, 39, 0, 0, 0.14%, 7, 0, 10, 84.51
1735524402, 218, 10, 39, 0, 0, 0.14%, 7, 0, 10, 60.09
1735524432, 220, 17, 39, 0, 0, 0.14%, 7, 0, 10, 77.41
1735524473, 221, 11, 39, 0, 0, 0.14%, 7, 0, 10, 55.24
1735524508, 221, 31, 39, 0, 0, 0.14%, 7, 0, 10, 74.84
1735524524, 221, 34, 39, 0, 0, 0.14%, 7, 0, 10, 77.52
1735524549, 222, 23, 39, 0, 0, 0.14%, 7, 0, 10, 76.23
1735524559, 224, 24, 39, 0, 0, 0.14%, 7, 0, 10, 73.06
1735524589, 225, 14, 39, 0, 0, 0.14%, 7, 0, 10, 67.34
1735524625, 226, 13, 39, 0, 0, 0.14%, 7, 0, 10, 64.19
1735524660, 226, 24, 39, 0, 0, 0.14%, 7, 0, 10, 74.70
1735524696, 228, 11, 39, 0, 0, 0.14%, 7, 0, 10, 61.56
1735524726, 228, 31, 39, 0, 0, 0.14%, 7, 0, 10, 70.26
1735524751, 233, 31, 39, 0, 0, 0.14%, 7, 0, 10, 70.37
1735524787, 234, 23, 39, 0, 0, 0.14%, 7, 0, 10, 79.42
1735524797, 235, 22, 39, 0, 0, 0.14%, 7, 0, 10, 64.90
1735524833, 235, 30, 39, 0, 0, 0.14%, 7, 0, 10, 72.83
1735524838, 235, 36, 39, 0, 0, 0.14%, 7, 0, 10, 69.87
1735524848, 237, 16, 39, 0, 0, 0.14%, 7, 0, 10, 64.84
1735524853, 237, 24, 39, 0, 0, 0.14%, 7, 0, 10, 76.35
1735524889, 237, 34, 39, 0, 0, 0.14%, 7, 0, 10, 71.50
1735524919, 238, 17, 39, 0, 0, 0.14%, 7, 0, 10, 64.88
1735524960, 238, 30, 39, 0, 0, 0.14%, 7, 0, 10, 74.04
1735524970, 240, 17, 39, 0, 0, 0.14%, 7, 0, 10, 69.48
1735524975, 241, 11, 39, 0, 0, 0.14%, 7, 0, 10, 64.17
1735525010, 241, 17, 39, 0, 0, 0.14%, 7, 0, 10, 62.94
1735525015, 244, 30, 39, 0, 0, 0.14%, 7, 0, 10, 81.36
1735525040, 248, 23, 39, 0, 0, 0.14%, 7, 0, 10, 77.77
1735525071, 249, 28, 39, 0, 0, 0.14%, 7, 0, 10, 73.88
1735525106, 249, 33, 39, 0, 0, 0.14%, 7, 0, 10, 64.21
1735525137, 249, 36, 39, 0, 0, 0.14%, 7, 0, 10, 70.77
1735525157, 251, 27, 39, 0, 0, 0.14%, 7, 0, 10, 68.14
1735525162, 253, 24, 39, 0, 0, 0.14%, 7, 0, 10, 73.10
1735525192, 255, 23, 39, 0, 0, 0.14%, 7, 0, 10, 84.69
1735525228, 257, 36, 39, 0, 0, 0.14%, 7, 0, 10, 65.65
1735525263, 259, 36, 39, 0, 0, 0.14%, 7, 0, 10, 66.77
1735525299, 261, 17, 39, 0, 0, 0.14%, 7, 0, 10, 63.45
1735525304, 262, 10, 39, 0, 0, 0.14%, 7, 0, 10, 59.58
1735525340, 262, 14, 39, 0, 0, 0.14%, 7, 0, 10, 65.39
1735525370, 262, 27, 39, 0, 0, 0.14%, 7, 0, 10, 70.02
1735525793, 266, 17, 39, 0, 0, 0.14%, 7, 0, 10, 69.13
1735525798, 266, 30, 39, 0, 0, 0.14%, 7, 0, 10, 80.48
1735525833, 267, 14, 39, 0, 0, 0.14%, 7, 0, 10, 65.85
1735525869, 267, 34, 39, 0, 0, 0.14%, 7, 0, 10, 79.96
1735525900, 268, 16, 39, 0, 0, 0.14%, 7, 0, 10, 66.35
1735525910, 268, 28, 39, 0, 0, 0.14%, 7, 0, 10, 76.65
1735525940, 268, 34, 39, 0, 0, 0.14%, 7, 0, 10, 63.65
