# unix_time, cycles_done, cur_path, paths_total, pending_total, pending_favs, map_size, unique_crashes, unique_hangs, max_depth, execs_per_sec
1734086962, 0, 0, 10, 10, 1, 0.01%, 0, 0, 1, 36.40
1734086967, 0, 4, 10, 10, 1, 0.01%, 0, 0, 1, 36.87
1734086982, 1, 0, 10, 4, 0, 0.01%, 0, 0, 1, 48.38
1734086987, 1, 1, 10, 3, 0, 0.01%, 0, 0, 1, 47.14
1734086992, 1, 2, 10, 2, 0, 0.01%, 0, 0, 1, 46.21
1734086998, 1, 3, 10, 1, 0, 0.01%, 0, 0, 1, 46.92
1734087003, 1, 4, 10, 0, 0, 0.01%, 0, 0, 1, 45.87
1734087008, 1, 5, 10, 0, 0, 0.01%, 0, 0, 1, 45.44
1734087013, 1, 6, 10, 0, 0, 0.01%, 0, 0, 1, 46.85
1734087018, 1, 7, 10, 0, 0, 0.01%, 0, 0, 1, 48.08
1734087028, 1, 8, 10, 0, 0, 0.01%, 0, 0, 1, 46.91
1734087033, 1, 9, 10, 0, 0, 0.01%, 0, 0, 1, 44.43
1734087039, 2, 0, 10, 0, 0, 0.01%, 0, 0, 1, 44.87
1734087044, 2, 1, 10, 0, 0, 0.01%, 0, 0, 1, 44.03
1734087049, 2, 2, 10, 0, 0, 0.01%, 0, 0, 1, 46.74
1734087054, 2, 3, 10, 0, 0, 0.01%, 0, 0, 1, 44.62
1734087059, 2, 4, 10, 0, 0, 0.01%, 0, 0, 1, 48.30
1734087064, 2, 5, 10, 0, 0, 0.01%, 0, 0, 1, 45.37
1734087069, 2, 6, 10, 0, 0, 0.01%, 0, 0, 1, 46.70
1734087074, 2, 7, 10, 0, 0, 0.01%, 0, 0, 1, 46.21
1734087079, 2, 8, 10, 0, 0, 0.01%, 0, 0, 1, 47.39
1734087090, 2, 9, 10, 0, 0, 0.01%, 0, 0, 1, 46.63
1734087095, 3, 0, 10, 0, 0, 0.01%, 0, 0, 1, 46.61
1734087100, 3, 1, 10, 0, 0, 0.01%, 0, 0, 1, 48.32
1734087105, 3, 2, 10, 0, 0, 0.01%, 0, 0, 1, 45.75
1734087110, 3, 3, 10, 0, 0, 0.01%, 0, 0, 1, 46.22
1734087115, 3, 4, 10, 0, 0, 0.01%, 0, 0, 1, 44.32
1734087120, 3, 5, 10, 0, 0, 0.01%, 0, 0, 1, 44.95
1734087126, 3, 6, 10, 0, 0, 0.01%, 0, 0, 1, 45.20
1734087131, 3, 7, 10, 0, 0, 0.01%, 0, 0, 1, 46.85
1734087136, 3, 8, 10, 0, 0, 0.01%, 0, 0, 1, 46.72
1734087141, 3, 9, 10, 0, 0, 0.01%, 0, 0, 1, 45.14
1734087146, 4, 0, 10, 0, 0, 0.01%, 0, 0, 1, 45.99
1734087156, 4, 1, 10, 0, 0, 0.01%, 0, 0, 1, 44.59
1734087161, 4, 2, 10, 0, 0, 0.01%, 0, 0, 1, 47.15
1734087166, 4, 3, 10, 0, 0, 0.01%, 0, 0, 1, 48.51
1734087172, 4, 4, 10, 0, 0, 0.01%, 0, 0, 1, 48.33
1734087177, 4, 5, 10, 0, 0, 0.01%, 0, 0, 1, 46.71
1734087182, 4, 6, 10, 0, 0, 0.01%, 0, 0, 1, 47.92
1734087187, 4, 7, 10, 0, 0, 0.01%, 0, 0, 1, 47.37
1734087192, 4, 8, 10, 0, 0, 0.01%, 0, 0, 1, 45.26
1734087197, 4, 9, 10, 0, 0, 0.01%, 0, 0, 1, 44.76
1734087202, 5, 0, 10, 0, 0, 0.01%, 0, 0, 1, 47.40
1734087207, 5, 1, 10, 0, 0, 0.01%, 0, 0, 1, 46.40
1734087212, 5, 2, 10, 0, 0, 0.01%, 0, 0, 1, 47.17
1734087218, 5, 3, 10, 0, 0, 0.01%, 0, 0, 1, 44.78
1734087228, 5, 4, 10, 0, 0, 0.01%, 0, 0, 1, 44.88
1734087233, 5, 5, 10, 0, 0, 0.01%, 0, 0, 1, 47.06
1734087238, 5, 6, 10, 0, 0, 0.01%, 0, 0, 1, 47.82
1734087243, 5, 7, 10, 0, 0, 0.01%, 0, 0, 1, 44.99
1734087248, 5, 8, 10, 0, 0, 0.01%, 0, 0, 1, 44.24
1734087254, 5, 9, 10, 0, 0, 0.01%, 0, 0, 1, 46.55
1734087259, 6, 0, 10, 0, 0, 0.01%, 0, 0, 1, 45.13
1734087264, 6, 1, 10, 0, 0, 0.01%, 0, 0, 1, 46.77
1734087269, 6, 2, 10, 0, 0, 0.01%, 0, 0, 1, 46.15
1734087274, 6, 3, 10, 0, 0, 0.01%, 0, 0, 1, 45.80
1734087284, 6, 4, 10, 0, 0, 0.01%, 0, 0, 1, 43.24
1734087289, 6, 5, 10, 0, 0, 0.01%, 0, 0, 1, 46.38
1734087294, 6, 6, 10, 0, 0, 0.01%, 0, 0, 1, 44.85
1734087299, 6, 7, 10, 0, 0, 0.01%, 0, 0, 1, 44.66
1734087305, 6, 8, 10, 0, 0, 0.01%, 0, 0, 1, 42.20
1734087310, 6, 9, 10, 0, 0, 0.01%, 0, 0, 1, 44.72
1734087315, 7, 0, 10, 0, 0, 0.01%, 0, 0, 1, 44.54
1734087320, 7, 1, 10, 0, 0, 0.01%, 0, 0, 1, 46.53
1734087325, 7, 2, 10, 0, 0, 0.01%, 0, 0, 1, 45.69
1734087335, 7, 3, 10, 0, 0, 0.01%, 0, 0, 1, 45.45
1734087340, 7, 4, 10, 0, 0, 0.01%, 0, 0, 1, 46.80
1734087345, 7, 5, 10, 0, 0, 0.01%, 0, 0, 1, 47.48
1734087351, 7, 6, 10, 0, 0, 0.01%, 0, 0, 1, 47.35
1734087356, 7, 7, 10, 0, 0, 0.01%, 0, 0, 1, 44.14
1734087361, 7, 8, 10, 0, 0, 0.01%, 0, 0, 1, 45.18
1734087366, 7, 9, 10, 0, 0, 0.01%, 0, 0, 1, 44.65
1734087371, 8, 0, 10, 0, 0, 0.01%, 0, 0, 1, 44.61
1734087376, 8, 1, 10, 0, 0, 0.01%, 0, 0, 1, 46.30
1734087381, 8, 2, 10, 0, 0, 0.01%, 0, 0, 1, 46.20
1734087391, 8, 3, 10, 0, 0, 0.01%, 0, 0, 1, 46.28
1734087397, 8, 4, 10, 0, 0, 0.01%, 0, 0, 1, 44.17
1734087402, 8, 5, 10, 0, 0, 0.01%, 0, 0, 1, 45.86
1734087407, 8, 6, 10, 0, 0, 0.01%, 0, 0, 1, 45.31
1734087412, 8, 7, 10, 0, 0, 0.01%, 0, 0, 1, 46.75
1734087417, 8, 8, 10, 0, 0, 0.01%, 0, 0, 1, 45.73
1734087422, 8, 9, 10, 0, 0, 0.01%, 0, 0, 1, 46.45
1734087427, 9, 0, 10, 0, 0, 0.01%, 0, 0, 1, 46.49
1734087432, 9, 1, 10, 0, 0, 0.01%, 0, 0, 1, 44.95
1734087437, 9, 2, 10, 0, 0, 0.01%, 0, 0, 1, 46.09
1734087443, 9, 3, 10, 0, 0, 0.01%, 0, 0, 1, 46.99
1734087453, 9, 4, 10, 0, 0, 0.01%, 0, 0, 1, 45.05
1734087458, 9, 5, 10, 0, 0, 0.01%, 0, 0, 1, 45.15
1734087463, 9, 6, 10, 0, 0, 0.01%, 0, 0, 1, 45.33
1734087468, 9, 7, 10, 0, 0, 0.01%, 0, 0, 1, 45.21
1734087473, 9, 8, 10, 0, 0, 0.01%, 0, 0, 1, 48.03
1734087478, 9, 9, 10, 0, 0, 0.01%, 0, 0, 1, 47.06
1734087484, 10, 0, 10, 0, 0, 0.01%, 0, 0, 1, 45.71
1734087489, 10, 1, 10, 0, 0, 0.01%, 0, 0, 1, 45.61
1734087494, 10, 2, 10, 0, 0, 0.01%, 0, 0, 1, 46.35
1734087499, 10, 3, 10, 0, 0, 0.01%, 0, 0, 1, 46.61
1734087509, 10, 4, 10, 0, 0, 0.01%, 0, 0, 1, 44.77
1734087514, 10, 5, 10, 0, 0, 0.01%, 0, 0, 1, 46.28
1734087519, 10, 6, 10, 0, 0, 0.01%, 0, 0, 1, 46.63
1734087524, 10, 7, 10, 0, 0, 0.01%, 0, 0, 1, 46.84
1734087530, 10, 8, 10, 0, 0, 0.01%, 0, 0, 1, 43.71
1734087535, 10, 9, 10, 0, 0, 0.01%, 0, 0, 1, 45.52
1734087540, 11, 0, 10, 0, 0, 0.01%, 0, 0, 1, 45.45
1734087545, 11, 1, 10, 0, 0, 0.01%, 0, 0, 1, 45.28
1734087550, 11, 2, 10, 0, 0, 0.01%, 0, 0, 1, 43.57
1734087555, 11, 3, 10, 0, 0, 0.01%, 0, 0, 1, 44.17
1734087565, 11, 4, 10, 0, 0, 0.01%, 0, 0, 1, 46.84
1734087571, 11, 5, 10, 0, 0, 0.01%, 0, 0, 1, 47.31
1734087576, 11, 6, 10, 0, 0, 0.01%, 0, 0, 1, 48.60
1734087581, 11, 7, 10, 0, 0, 0.01%, 0, 0, 1, 46.42
1734087586, 11, 8, 10, 0, 0, 0.01%, 0, 0, 1, 49.31
1734087591, 11, 9, 10, 0, 0, 0.01%, 0, 0, 1, 49.44
1734087596, 12, 0, 10, 0, 0, 0.01%, 0, 0, 1, 48.72
1734087601, 12, 1, 10, 0, 0, 0.01%, 0, 0, 1, 48.56
1734087606, 12, 2, 10, 0, 0, 0.01%, 0, 0, 1, 46.71
1734087611, 12, 3, 10, 0, 0, 0.01%, 0, 0, 1, 47.05
1734087616, 12, 4, 10, 0, 0, 0.01%, 0, 0, 1, 47.81
1734087621, 12, 5, 10, 0, 0, 0.01%, 0, 0, 1, 47.03
1734087626, 12, 6, 10, 0, 0, 0.01%, 0, 0, 1, 46.67
1734087632, 12, 7, 10, 0, 0, 0.01%, 0, 0, 1, 48.62
1734087637, 12, 8, 10, 0, 0, 0.01%, 0, 0, 1, 47.63
1734087642, 12, 9, 10, 0, 0, 0.01%, 0, 0, 1, 48.16
1734087647, 13, 0, 10, 0, 0, 0.01%, 0, 0, 1, 47.16
1734087657, 13, 1, 10, 0, 0, 0.01%, 0, 0, 1, 44.07
1734087662, 13, 2, 10, 0, 0, 0.01%, 0, 0, 1, 46.35
1734087667, 13, 3, 10, 0, 0, 0.01%, 0, 0, 1, 47.88
1734087672, 13, 4, 10, 0, 0, 0.01%, 0, 0, 1, 46.66
1734087678, 13, 5, 10, 0, 0, 0.01%, 0, 0, 1, 44.42
1734087683, 13, 6, 10, 0, 0, 0.01%, 0, 0, 1, 44.79
1734087688, 13, 7, 10, 0, 0, 0.01%, 0, 0, 1, 47.00
1734087693, 13, 8, 10, 0, 0, 0.01%, 0, 0, 1, 47.23
1734087698, 13, 9, 10, 0, 0, 0.01%, 0, 0, 1, 47.86
1734087703, 14, 0, 10, 0, 0, 0.01%, 0, 0, 1, 45.28
1734087708, 14, 1, 10, 0, 0, 0.01%, 0, 0, 1, 46.70
1734087713, 14, 2, 10, 0, 0, 0.01%, 0, 0, 1, 46.46
1734087718, 14, 3, 10, 0, 0, 0.01%, 0, 0, 1, 48.02
1734087723, 14, 4, 10, 0, 0, 0.01%, 0, 0, 1, 47.42
1734087729, 14, 5, 10, 0, 0, 0.01%, 0, 0, 1, 45.88
1734087734, 14, 6, 10, 0, 0, 0.01%, 0, 0, 1, 47.95
1734087744, 14, 7, 10, 0, 0, 0.01%, 0, 0, 1, 47.80
1734087749, 14, 8, 10, 0, 0, 0.01%, 0, 0, 1, 49.67
1734087754, 14, 9, 10, 0, 0, 0.01%, 0, 0, 1, 49.28
1734087759, 15, 0, 10, 0, 0, 0.01%, 0, 0, 1, 46.94
1734087764, 15, 1, 10, 0, 0, 0.01%, 0, 0, 1, 47.13
1734087770, 15, 2, 10, 0, 0, 0.01%, 0, 0, 1, 45.96
1734087775, 15, 3, 10, 0, 0, 0.01%, 0, 0, 1, 46.08
1734087780, 15, 4, 10, 0, 0, 0.01%, 0, 0, 1, 46.85
1734087785, 15, 5, 10, 0, 0, 0.01%, 0, 0, 1, 44.01
1734087805, 15, 6, 10, 0, 0, 0.01%, 0, 0, 1, 43.67
1734087826, 15, 7, 10, 0, 0, 0.01%, 0, 0, 1, 43.53
1734087846, 15, 8, 10, 0, 0, 0.01%, 0, 0, 1, 42.66
1734087867, 15, 9, 10, 0, 0, 0.01%, 0, 0, 1, 41.42
1734087887, 16, 0, 10, 0, 0, 0.01%, 0, 0, 1, 41.43
1734087908, 16, 1, 10, 0, 0, 0.01%, 0, 0, 1, 41.78
1734087923, 16, 2, 10, 0, 0, 0.01%, 0, 0, 1, 48.48
1734087944, 16, 3, 10, 0, 0, 0.01%, 0, 0, 1, 48.25
1734087954, 16, 4, 10, 0, 0, 0.01%, 0, 0, 1, 46.62
1734087959, 16, 5, 10, 0, 0, 0.01%, 0, 0, 1, 47.71
1734087964, 16, 6, 10, 0, 0, 0.01%, 0, 0, 1, 46.75
1734087970, 16, 7, 10, 0, 0, 0.01%, 0, 0, 1, 47.62
1734087975, 16, 8, 10, 0, 0, 0.01%, 0, 0, 1, 45.76
1734087980, 16, 9, 10, 0, 0, 0.01%, 0, 0, 1, 48.26
1734087985, 17, 0, 10, 0, 0, 0.01%, 0, 0, 1, 47.72
1734087990, 17, 1, 10, 0, 0, 0.01%, 0, 0, 1, 47.60
1734087995, 17, 2, 10, 0, 0, 0.01%, 0, 0, 1, 49.51
1734088000, 17, 3, 10, 0, 0, 0.01%, 0, 0, 1, 47.60
1734088005, 17, 4, 10, 0, 0, 0.01%, 0, 0, 1, 47.35
1734088010, 17, 5, 10, 0, 0, 0.01%, 0, 0, 1, 47.15
1734088016, 17, 6, 10, 0, 0, 0.01%, 0, 0, 1, 47.46
1734088021, 17, 7, 10, 0, 0, 0.01%, 0, 0, 1, 47.20
1734088026, 17, 8, 10, 0, 0, 0.01%, 0, 0, 1, 46.97
1734088031, 17, 9, 10, 0, 0, 0.01%, 0, 0, 1, 46.31
1734088036, 18, 0, 10, 0, 0, 0.01%, 0, 0, 1, 46.32
1734088046, 18, 1, 10, 0, 0, 0.01%, 0, 0, 1, 45.68
1734088051, 18, 2, 10, 0, 0, 0.01%, 0, 0, 1, 45.94
1734088056, 18, 3, 10, 0, 0, 0.01%, 0, 0, 1, 50.96
1734088062, 18, 4, 10, 0, 0, 0.01%, 0, 0, 1, 48.31
1734088067, 18, 5, 10, 0, 0, 0.01%, 0, 0, 1, 44.79
1734088072, 18, 6, 10, 0, 0, 0.01%, 0, 0, 1, 48.18
1734088077, 18, 7, 10, 0, 0, 0.01%, 0, 0, 1, 48.52
1734088082, 18, 8, 10, 0, 0, 0.01%, 0, 0, 1, 47.07
1734088087, 18, 9, 10, 0, 0, 0.01%, 0, 0, 1, 47.48
1734088092, 19, 0, 10, 0, 0, 0.01%, 0, 0, 1, 47.51
1734088097, 19, 1, 10, 0, 0, 0.01%, 0, 0, 1, 47.01
1734088102, 19, 2, 10, 0, 0, 0.01%, 0, 0, 1, 47.15
1734088108, 19, 3, 10, 0, 0, 0.01%, 0, 0, 1, 46.73
1734088113, 19, 4, 10, 0, 0, 0.01%, 0, 0, 1, 49.18
1734088118, 19, 5, 10, 0, 0, 0.01%, 0, 0, 1, 45.65
1734088123, 19, 6, 10, 0, 0, 0.01%, 0, 0, 1, 47.04
1734088133, 19, 7, 10, 0, 0, 0.01%, 0, 0, 1, 45.79
1734088138, 19, 8, 10, 0, 0, 0.01%, 0, 0, 1, 49.27
1734088143, 19, 9, 10, 0, 0, 0.01%, 0, 0, 1, 47.50
1734088148, 20, 0, 10, 0, 0, 0.01%, 0, 0, 1, 49.19
1734088153, 20, 1, 10, 0, 0, 0.01%, 0, 0, 1, 48.32
1734088159, 20, 2, 10, 0, 0, 0.01%, 0, 0, 1, 48.30
1734088164, 20, 3, 10, 0, 0, 0.01%, 0, 0, 1, 47.68
1734088169, 20, 4, 10, 0, 0, 0.01%, 0, 0, 1, 50.50
1734088174, 20, 5, 10, 0, 0, 0.01%, 0, 0, 1, 49.06
1734088179, 20, 6, 10, 0, 0, 0.01%, 0, 0, 1, 46.98
1734088184, 20, 7, 10, 0, 0, 0.01%, 0, 0, 1, 47.83
1734088189, 20, 8, 10, 0, 0, 0.01%, 0, 0, 1, 47.32
1734088194, 20, 9, 10, 0, 0, 0.01%, 0, 0, 1, 46.66
1734088200, 21, 0, 10, 0, 0, 0.01%, 0, 0, 1, 47.09
1734088205, 21, 1, 10, 0, 0, 0.01%, 0, 0, 1, 47.72
1734088210, 21, 2, 10, 0, 0, 0.01%, 0, 0, 1, 46.90
1734088215, 21, 3, 10, 0, 0, 0.01%, 0, 0, 1, 47.38
1734088220, 21, 4, 10, 0, 0, 0.01%, 0, 0, 1, 45.85
1734088225, 21, 5, 10, 0, 0, 0.01%, 0, 0, 1, 48.02
1734088235, 21, 6, 10, 0, 0, 0.01%, 0, 0, 1, 47.22
1734088240, 21, 7, 10, 0, 0, 0.01%, 0, 0, 1, 46.45
1734088245, 21, 8, 10, 0, 0, 0.01%, 0, 0, 1, 47.50
1734088251, 21, 9, 10, 0, 0, 0.01%, 0, 0, 1, 47.80
1734088256, 22, 0, 10, 0, 0, 0.01%, 0, 0, 1, 48.24
1734088261, 22, 1, 10, 0, 0, 0.01%, 0, 0, 1, 47.79
1734088266, 22, 2, 10, 0, 0, 0.01%, 0, 0, 1, 50.71
1734088271, 22, 3, 10, 0, 0, 0.01%, 0, 0, 1, 47.53
1734088276, 22, 4, 10, 0, 0, 0.01%, 0, 0, 1, 48.18
1734088281, 22, 5, 10, 0, 0, 0.01%, 0, 0, 1, 48.66
1734088286, 22, 6, 10, 0, 0, 0.01%, 0, 0, 1, 45.79
1734088291, 22, 7, 10, 0, 0, 0.01%, 0, 0, 1, 47.65
1734088296, 22, 8, 10, 0, 0, 0.01%, 0, 0, 1, 47.22
1734088301, 22, 9, 10, 0, 0, 0.01%, 0, 0, 1, 47.09
1734088307, 23, 0, 10, 0, 0, 0.01%, 0, 0, 1, 47.44
1734088312, 23, 1, 10, 0, 0, 0.01%, 0, 0, 1, 47.09
1734088317, 23, 2, 10, 0, 0, 0.01%, 0, 0, 1, 47.49
1734088322, 23, 3, 10, 0, 0, 0.01%, 0, 0, 1, 46.70
1734088332, 23, 4, 10, 0, 0, 0.01%, 0, 0, 1, 46.84
1734088337, 23, 5, 10, 0, 0, 0.01%, 0, 0, 1, 48.50
1734088342, 23, 6, 10, 0, 0, 0.01%, 0, 0, 1, 47.67
1734088347, 23, 7, 10, 0, 0, 0.01%, 0, 0, 1, 47.67
1734088353, 23, 8, 10, 0, 0, 0.01%, 0, 0, 1, 48.58
1734088358, 23, 9, 10, 0, 0, 0.01%, 0, 0, 1, 48.01
1734088363, 24, 0, 10, 0, 0, 0.01%, 0, 0, 1, 48.24
1734088368, 24, 1, 10, 0, 0, 0.01%, 0, 0, 1, 47.82
1734088373, 24, 2, 10, 0, 0, 0.01%, 0, 0, 1, 46.56
1734088378, 24, 3, 10, 0, 0, 0.01%, 0, 0, 1, 47.70
1734088383, 24, 4, 10, 0, 0, 0.01%, 0, 0, 1, 46.82
1734088388, 24, 5, 10, 0, 0, 0.01%, 0, 0, 1, 48.29
1734088394, 24, 6, 10, 0, 0, 0.01%, 0, 0, 1, 49.32
1734088399, 24, 7, 10, 0, 0, 0.01%, 0, 0, 1, 47.11
1734088404, 24, 8, 10, 0, 0, 0.01%, 0, 0, 1, 47.29
1734088409, 24, 9, 10, 0, 0, 0.01%, 0, 0, 1, 45.81
1734088414, 25, 0, 10, 0, 0, 0.01%, 0, 0, 1, 47.57
1734088419, 25, 1, 10, 0, 0, 0.01%, 0, 0, 1, 48.90
1734088424, 25, 2, 10, 0, 0, 0.01%, 0, 0, 1, 50.66
1734088429, 25, 3, 10, 0, 0, 0.01%, 0, 0, 1, 46.98
1734088434, 25, 4, 10, 0, 0, 0.01%, 0, 0, 1, 47.19
1734088440, 25, 5, 10, 0, 0, 0.01%, 0, 0, 1, 47.00
1734088445, 25, 6, 10, 0, 0, 0.01%, 0, 0, 1, 47.25
1734088450, 25, 7, 10, 0, 0, 0.01%, 0, 0, 1, 48.80
1734088455, 25, 8, 10, 0, 0, 0.01%, 0, 0, 1, 49.40
1734088465, 25, 9, 10, 0, 0, 0.01%, 0, 0, 1, 46.17
1734088470, 26, 0, 10, 0, 0, 0.01%, 0, 0, 1, 46.55
1734088475, 26, 1, 10, 0, 0, 0.01%, 0, 0, 1, 45.72
1734088481, 26, 2, 10, 0, 0, 0.01%, 0, 0, 1, 48.76
1734088486, 26, 3, 10, 0, 0, 0.01%, 0, 0, 1, 45.92
1734088491, 26, 4, 10, 0, 0, 0.01%, 0, 0, 1, 47.95
1734088496, 26, 5, 10, 0, 0, 0.01%, 0, 0, 1, 50.48
1734088501, 26, 6, 10, 0, 0, 0.01%, 0, 0, 1, 48.29
1734088506, 26, 7, 10, 0, 0, 0.01%, 0, 0, 1, 48.23
1734088511, 26, 8, 10, 0, 0, 0.01%, 0, 0, 1, 49.21
1734088516, 26, 9, 10, 0, 0, 0.01%, 0, 0, 1, 46.82
1734088521, 27, 0, 10, 0, 0, 0.01%, 0, 0, 1, 49.07
1734088527, 27, 1, 10, 0, 0, 0.01%, 0, 0, 1, 45.79
1734088532, 27, 2, 10, 0, 0, 0.01%, 0, 0, 1, 46.97
1734088537, 27, 3, 10, 0, 0, 0.01%, 0, 0, 1, 46.36
1734088542, 27, 4, 10, 0, 0, 0.01%, 0, 0, 1, 45.55
1734088547, 27, 5, 10, 0, 0, 0.01%, 0, 0, 1, 49.19
1734088557, 27, 6, 10, 0, 0, 0.01%, 0, 0, 1, 46.16
1734088562, 27, 7, 10, 0, 0, 0.01%, 0, 0, 1, 47.36
1734088567, 27, 8, 10, 0, 0, 0.01%, 0, 0, 1, 48.90
1734088572, 27, 9, 10, 0, 0, 0.01%, 0, 0, 1, 50.34
1734088578, 28, 0, 10, 0, 0, 0.01%, 0, 0, 1, 47.34
1734088583, 28, 1, 10, 0, 0, 0.01%, 0, 0, 1, 46.72
1734088588, 28, 2, 10, 0, 0, 0.01%, 0, 0, 1, 48.51
1734088593, 28, 3, 10, 0, 0, 0.01%, 0, 0, 1, 49.24
1734088598, 28, 4, 10, 0, 0, 0.01%, 0, 0, 1, 48.94
1734088603, 28, 5, 10, 0, 0, 0.01%, 0, 0, 1, 47.60
1734088608, 28, 6, 10, 0, 0, 0.01%, 0, 0, 1, 49.45
1734088613, 28, 7, 10, 0, 0, 0.01%, 0, 0, 1, 48.89
1734088618, 28, 8, 10, 0, 0, 0.01%, 0, 0, 1, 49.32
1734088624, 28, 9, 10, 0, 0, 0.01%, 0, 0, 1, 49.67
1734088629, 29, 0, 10, 0, 0, 0.01%, 0, 0, 1, 47.23
1734088634, 29, 1, 10, 0, 0, 0.01%, 0, 0, 1, 48.31
1734088639, 29, 2, 10, 0, 0, 0.01%, 0, 0, 1, 47.97
1734088644, 29, 3, 10, 0, 0, 0.01%, 0, 0, 1, 48.52
1734088649, 29, 4, 10, 0, 0, 0.01%, 0, 0, 1, 47.82
1734088654, 29, 5, 10, 0, 0, 0.01%, 0, 0, 1, 47.08
1734088659, 29, 6, 10, 0, 0, 0.01%, 0, 0, 1, 49.66
1734088664, 29, 7, 10, 0, 0, 0.01%, 0, 0, 1, 47.85
1734088669, 29, 8, 10, 0, 0, 0.01%, 0, 0, 1, 49.79
1734088679, 29, 9, 10, 0, 0, 0.01%, 0, 0, 1, 46.34
1734088685, 30, 0, 10, 0, 0, 0.01%, 0, 0, 1, 50.09
1734088690, 30, 1, 10, 0, 0, 0.01%, 0, 0, 1, 47.59
1734088695, 30, 2, 10, 0, 0, 0.01%, 0, 0, 1, 48.99
1734088700, 30, 3, 10, 0, 0, 0.01%, 0, 0, 1, 48.38
1734088705, 30, 4, 10, 0, 0, 0.01%, 0, 0, 1, 48.67
1734088710, 30, 5, 10, 0, 0, 0.01%, 0, 0, 1, 46.23
1734088715, 30, 6, 10, 0, 0, 0.01%, 0, 0, 1, 46.36
1734088720, 30, 7, 10, 0, 0, 0.01%, 0, 0, 1, 48.08
1734088725, 30, 8, 10, 0, 0, 0.01%, 0, 0, 1, 48.91
1734088731, 30, 9, 10, 0, 0, 0.01%, 0, 0, 1, 47.92
1734088736, 31, 0, 10, 0, 0, 0.01%, 0, 0, 1, 48.01
1734088741, 31, 1, 10, 0, 0, 0.01%, 0, 0, 1, 47.60
1734088746, 31, 2, 10, 0, 0, 0.01%, 0, 0, 1, 49.27
1734088751, 31, 3, 10, 0, 0, 0.01%, 0, 0, 1, 49.85
1734088756, 31, 4, 10, 0, 0, 0.01%, 0, 0, 1, 46.71
1734088761, 31, 5, 10, 0, 0, 0.01%, 0, 0, 1, 48.28
1734088766, 31, 6, 10, 0, 0, 0.01%, 0, 0, 1, 45.53
1734088771, 31, 7, 10, 0, 0, 0.01%, 0, 0, 1, 47.54
1734088777, 31, 8, 10, 0, 0, 0.01%, 0, 0, 1, 47.67
1734088782, 31, 9, 10, 0, 0, 0.01%, 0, 0, 1, 47.97
1734088792, 32, 0, 10, 0, 0, 0.01%, 0, 0, 1, 47.97
1734088797, 32, 1, 10, 0, 0, 0.01%, 0, 0, 1, 48.58
1734088802, 32, 2, 10, 0, 0, 0.01%, 0, 0, 1, 47.90
1734088807, 32, 3, 10, 0, 0, 0.01%, 0, 0, 1, 48.63
1734088812, 32, 4, 10, 0, 0, 0.01%, 0, 0, 1, 50.38
1734088817, 32, 5, 10, 0, 0, 0.01%, 0, 0, 1, 48.92
1734088822, 32, 6, 10, 0, 0, 0.01%, 0, 0, 1, 46.54
1734088828, 32, 7, 10, 0, 0, 0.01%, 0, 0, 1, 46.15
1734088833, 32, 8, 10, 0, 0, 0.01%, 0, 0, 1, 47.29
1734088838, 32, 9, 10, 0, 0, 0.01%, 0, 0, 1, 48.51
1734088843, 33, 0, 10, 0, 0, 0.01%, 0, 0, 1, 46.97
1734088848, 33, 1, 10, 0, 0, 0.01%, 0, 0, 1, 48.88
1734088853, 33, 2, 10, 0, 0, 0.01%, 0, 0, 1, 46.24
1734088858, 33, 3, 10, 0, 0, 0.01%, 0, 0, 1, 45.66
1734088863, 33, 4, 10, 0, 0, 0.01%, 0, 0, 1, 47.42
1734088868, 33, 5, 10, 0, 0, 0.01%, 0, 0, 1, 48.29
1734088873, 33, 6, 10, 0, 0, 0.01%, 0, 0, 1, 46.51
1734088884, 33, 7, 10, 0, 0, 0.01%, 0, 0, 1, 50.13
1734088889, 33, 8, 10, 0, 0, 0.01%, 0, 0, 1, 47.53
1734088894, 33, 9, 10, 0, 0, 0.01%, 0, 0, 1, 46.87
1734088899, 34, 0, 10, 0, 0, 0.01%, 0, 0, 1, 48.13
1734088904, 34, 1, 10, 0, 0, 0.01%, 0, 0, 1, 48.66
1734088909, 34, 2, 10, 0, 0, 0.01%, 0, 0, 1, 47.94
1734088914, 34, 3, 10, 0, 0, 0.01%, 0, 0, 1, 47.87
1734088920, 34, 4, 10, 0, 0, 0.01%, 0, 0, 1, 45.26
1734088925, 34, 5, 10, 0, 0, 0.01%, 0, 0, 1, 47.64
1734088930, 34, 6, 10, 0, 0, 0.01%, 0, 0, 1, 49.50
1734088935, 34, 7, 10, 0, 0, 0.01%, 0, 0, 1, 47.78
1734088940, 34, 8, 10, 0, 0, 0.01%, 0, 0, 1, 48.53
1734088945, 34, 9, 10, 0, 0, 0.01%, 0, 0, 1, 50.61
1734088950, 35, 0, 10, 0, 0, 0.01%, 0, 0, 1, 47.40
1734088955, 35, 1, 10, 0, 0, 0.01%, 0, 0, 1, 46.87
1734088960, 35, 2, 10, 0, 0, 0.01%, 0, 0, 1, 48.03
1734088965, 35, 3, 10, 0, 0, 0.01%, 0, 0, 1, 48.50
1734088971, 35, 4, 10, 0, 0, 0.01%, 0, 0, 1, 49.99
1734088976, 35, 5, 10, 0, 0, 0.01%, 0, 0, 1, 48.52
1734088981, 35, 6, 10, 0, 0, 0.01%, 0, 0, 1, 47.29
1734088986, 35, 7, 10, 0, 0, 0.01%, 0, 0, 1, 47.04
1734088991, 35, 8, 10, 0, 0, 0.01%, 0, 0, 1, 47.69
1734088996, 35, 9, 10, 0, 0, 0.01%, 0, 0, 1, 48.47
1734089006, 36, 0, 10, 0, 0, 0.01%, 0, 0, 1, 49.64
1734089011, 36, 1, 10, 0, 0, 0.01%, 0, 0, 1, 49.64
1734089017, 36, 2, 10, 0, 0, 0.01%, 0, 0, 1, 49.08
1734089022, 36, 3, 10, 0, 0, 0.01%, 0, 0, 1, 47.22
1734089027, 36, 4, 10, 0, 0, 0.01%, 0, 0, 1, 47.86
1734089032, 36, 5, 10, 0, 0, 0.01%, 0, 0, 1, 46.57
1734089037, 36, 6, 10, 0, 0, 0.01%, 0, 0, 1, 47.67
1734089042, 36, 7, 10, 0, 0, 0.01%, 0, 0, 1, 48.82
1734089047, 36, 8, 10, 0, 0, 0.01%, 0, 0, 1, 46.85
1734089052, 36, 9, 10, 0, 0, 0.01%, 0, 0, 1, 45.44
1734089057, 37, 0, 10, 0, 0, 0.01%, 0, 0, 1, 45.43
1734089062, 37, 1, 10, 0, 0, 0.01%, 0, 0, 1, 46.68
1734089068, 37, 2, 10, 0, 0, 0.01%, 0, 0, 1, 47.43
1734089073, 37, 3, 10, 0, 0, 0.01%, 0, 0, 1, 46.48
1734089078, 37, 4, 10, 0, 0, 0.01%, 0, 0, 1, 45.78
1734089083, 37, 5, 10, 0, 0, 0.01%, 0, 0, 1, 51.01
1734089088, 37, 6, 10, 0, 0, 0.01%, 0, 0, 1, 48.93
1734089093, 37, 7, 10, 0, 0, 0.01%, 0, 0, 1, 49.00
1734089098, 37, 8, 10, 0, 0, 0.01%, 0, 0, 1, 47.79
1734089108, 37, 9, 10, 0, 0, 0.01%, 0, 0, 1, 48.59
1734089113, 38, 0, 10, 0, 0, 0.01%, 0, 0, 1, 49.10
1734089119, 38, 1, 10, 0, 0, 0.01%, 0, 0, 1, 48.06
1734089124, 38, 2, 10, 0, 0, 0.01%, 0, 0, 1, 46.97
1734089129, 38, 3, 10, 0, 0, 0.01%, 0, 0, 1, 47.57
1734089134, 38, 4, 10, 0, 0, 0.01%, 0, 0, 1, 46.09
1734089139, 38, 5, 10, 0, 0, 0.01%, 0, 0, 1, 45.54
1734089144, 38, 6, 10, 0, 0, 0.01%, 0, 0, 1, 45.99
1734089149, 38, 7, 10, 0, 0, 0.01%, 0, 0, 1, 45.77
1734089154, 38, 8, 10, 0, 0, 0.01%, 0, 0, 1, 47.67
1734089159, 38, 9, 10, 0, 0, 0.01%, 0, 0, 1, 44.88
1734089164, 39, 0, 10, 0, 0, 0.01%, 0, 0, 1, 47.28
1734089170, 39, 1, 10, 0, 0, 0.01%, 0, 0, 1, 48.15
1734089175, 39, 2, 10, 0, 0, 0.01%, 0, 0, 1, 47.30
1734089180, 39, 3, 10, 0, 0, 0.01%, 0, 0, 1, 48.39
1734089190, 39, 4, 10, 0, 0, 0.01%, 0, 0, 1, 45.87
1734089195, 39, 5, 10, 0, 0, 0.01%, 0, 0, 1, 47.26
1734089200, 39, 6, 10, 0, 0, 0.01%, 0, 0, 1, 47.09
1734089205, 39, 7, 10, 0, 0, 0.01%, 0, 0, 1, 46.77
1734089211, 39, 8, 10, 0, 0, 0.01%, 0, 0, 1, 46.98
1734089216, 39, 9, 10, 0, 0, 0.01%, 0, 0, 1, 48.07
1734089221, 40, 0, 10, 0, 0, 0.01%, 0, 0, 1, 46.59
1734089226, 40, 1, 10, 0, 0, 0.01%, 0, 0, 1, 44.95
1734089231, 40, 2, 10, 0, 0, 0.01%, 0, 0, 1, 44.89
1734089236, 40, 3, 10, 0, 0, 0.01%, 0, 0, 1, 47.75
1734089241, 40, 4, 10, 0, 0, 0.01%, 0, 0, 1, 47.10
1734089246, 40, 5, 10, 0, 0, 0.01%, 0, 0, 1, 48.12
1734089251, 40, 6, 10, 0, 0, 0.01%, 0, 0, 1, 48.14
1734089256, 40, 7, 10, 0, 0, 0.01%, 0, 0, 1, 47.44
1734089261, 40, 8, 10, 0, 0, 0.01%, 0, 0, 1, 48.34
1734089267, 40, 9, 10, 0, 0, 0.01%, 0, 0, 1, 49.14
1734089277, 41, 0, 10, 0, 0, 0.01%, 0, 0, 1, 49.82
1734089282, 41, 1, 10, 0, 0, 0.01%, 0, 0, 1, 49.07
1734089287, 41, 2, 10, 0, 0, 0.01%, 0, 0, 1, 49.24
1734089292, 41, 3, 10, 0, 0, 0.01%, 0, 0, 1, 45.96
1734089297, 41, 4, 10, 0, 0, 0.01%, 0, 0, 1, 48.37
1734089302, 41, 5, 10, 0, 0, 0.01%, 0, 0, 1, 47.11
1734089307, 41, 6, 10, 0, 0, 0.01%, 0, 0, 1, 47.21
1734089312, 41, 7, 10, 0, 0, 0.01%, 0, 0, 1, 48.91
1734089317, 41, 8, 10, 0, 0, 0.01%, 0, 0, 1, 48.07
1734089323, 41, 9, 10, 0, 0, 0.01%, 0, 0, 1, 46.09
1734089328, 42, 0, 10, 0, 0, 0.01%, 0, 0, 1, 49.15
1734089333, 42, 1, 10, 0, 0, 0.01%, 0, 0, 1, 46.41
1734089338, 42, 2, 10, 0, 0, 0.01%, 0, 0, 1, 47.47
1734089343, 42, 3, 10, 0, 0, 0.01%, 0, 0, 1, 46.66
1734089348, 42, 4, 10, 0, 0, 0.01%, 0, 0, 1, 47.49
1734089353, 42, 5, 10, 0, 0, 0.01%, 0, 0, 1, 48.19
1734089358, 42, 6, 10, 0, 0, 0.01%, 0, 0, 1, 46.28
1734089364, 42, 7, 10, 0, 0, 0.01%, 0, 0, 1, 46.27
1734089369, 42, 8, 10, 0, 0, 0.01%, 0, 0, 1, 49.79
1734089374, 42, 9, 10, 0, 0, 0.01%, 0, 0, 1, 47.04
1734089384, 43, 0, 10, 0, 0, 0.01%, 0, 0, 1, 45.30
1734089389, 43, 1, 10, 0, 0, 0.01%, 0, 0, 1, 46.16
1734089394, 43, 2, 10, 0, 0, 0.01%, 0, 0, 1, 46.70
1734089399, 43, 3, 10, 0, 0, 0.01%, 0, 0, 1, 45.79
1734089404, 43, 4, 10, 0, 0, 0.01%, 0, 0, 1, 47.07
1734089409, 43, 5, 10, 0, 0, 0.01%, 0, 0, 1, 46.30
1734089415, 43, 6, 10, 0, 0, 0.01%, 0, 0, 1, 49.53
1734089420, 43, 7, 10, 0, 0, 0.01%, 0, 0, 1, 49.67
1734089425, 43, 8, 10, 0, 0, 0.01%, 0, 0, 1, 46.32
1734089430, 43, 9, 10, 0, 0, 0.01%, 0, 0, 1, 46.91
1734089435, 44, 0, 10, 0, 0, 0.01%, 0, 0, 1, 46.51
1734089440, 44, 1, 10, 0, 0, 0.01%, 0, 0, 1, 47.92
1734089445, 44, 2, 10, 0, 0, 0.01%, 0, 0, 1, 47.68
1734089450, 44, 3, 10, 0, 0, 0.01%, 0, 0, 1, 47.49
1734089455, 44, 4, 10, 0, 0, 0.01%, 0, 0, 1, 49.09
1734089460, 44, 5, 10, 0, 0, 0.01%, 0, 0, 1, 49.07
1734089465, 44, 6, 10, 0, 0, 0.01%, 0, 0, 1, 47.33
1734089476, 44, 7, 10, 0, 0, 0.01%, 0, 0, 1, 45.45
1734089481, 44, 8, 10, 0, 0, 0.01%, 0, 0, 1, 46.85
1734089486, 44, 9, 10, 0, 0, 0.01%, 0, 0, 1, 48.24
1734089491, 45, 0, 10, 0, 0, 0.01%, 0, 0, 1, 49.69
1734089496, 45, 1, 10, 0, 0, 0.01%, 0, 0, 1, 47.88
1734089501, 45, 2, 10, 0, 0, 0.01%, 0, 0, 1, 46.86
1734089506, 45, 3, 10, 0, 0, 0.01%, 0, 0, 1, 46.73
1734089512, 45, 4, 10, 0, 0, 0.01%, 0, 0, 1, 47.72
1734089517, 45, 5, 10, 0, 0, 0.01%, 0, 0, 1, 46.69
1734089522, 45, 6, 10, 0, 0, 0.01%, 0, 0, 1, 47.26
1734089527, 45, 7, 10, 0, 0, 0.01%, 0, 0, 1, 49.43
1734089532, 45, 8, 10, 0, 0, 0.01%, 0, 0, 1, 48.75
1734089537, 45, 9, 10, 0, 0, 0.01%, 0, 0, 1, 50.54
1734089542, 46, 0, 10, 0, 0, 0.01%, 0, 0, 1, 48.21
1734089548, 46, 1, 10, 0, 0, 0.01%, 0, 0, 1, 45.01
1734089553, 46, 2, 10, 0, 0, 0.01%, 0, 0, 1, 47.40
1734089558, 46, 3, 10, 0, 0, 0.01%, 0, 0, 1, 47.66
1734089563, 46, 4, 10, 0, 0, 0.01%, 0, 0, 1, 46.74
1734089568, 46, 5, 10, 0, 0, 0.01%, 0, 0, 1, 48.91
1734089573, 46, 6, 10, 0, 0, 0.01%, 0, 0, 1, 47.07
1734089583, 46, 7, 10, 0, 0, 0.01%, 0, 0, 1, 46.21
1734089588, 46, 8, 10, 0, 0, 0.01%, 0, 0, 1, 47.82
1734089593, 46, 9, 10, 0, 0, 0.01%, 0, 0, 1, 49.06
1734089598, 47, 0, 10, 0, 0, 0.01%, 0, 0, 1, 50.75
1734089604, 47, 1, 10, 0, 0, 0.01%, 0, 0, 1, 49.18
1734089609, 47, 2, 10, 0, 0, 0.01%, 0, 0, 1, 51.81
1734089614, 47, 3, 10, 0, 0, 0.01%, 0, 0, 1, 48.03
1734089619, 47, 4, 10, 0, 0, 0.01%, 0, 0, 1, 47.71
1734089624, 47, 5, 10, 0, 0, 0.01%, 0, 0, 1, 48.71
1734089629, 47, 6, 10, 0, 0, 0.01%, 0, 0, 1, 46.85
1734089634, 47, 7, 10, 0, 0, 0.01%, 0, 0, 1, 49.32
1734089639, 47, 8, 10, 0, 0, 0.01%, 0, 0, 1, 50.60
1734089644, 47, 9, 10, 0, 0, 0.01%, 0, 0, 1, 46.49
1734089650, 48, 0, 10, 0, 0, 0.01%, 0, 0, 1, 46.68
1734089655, 48, 1, 10, 0, 0, 0.01%, 0, 0, 1, 46.72
1734089660, 48, 2, 10, 0, 0, 0.01%, 0, 0, 1, 48.20
1734089665, 48, 3, 10, 0, 0, 0.01%, 0, 0, 1, 49.82
1734089670, 48, 4, 10, 0, 0, 0.01%, 0, 0, 1, 48.88
1734089675, 48, 5, 10, 0, 0, 0.01%, 0, 0, 1, 48.29
1734089680, 48, 6, 10, 0, 0, 0.01%, 0, 0, 1, 49.10
1734089685, 48, 7, 10, 0, 0, 0.01%, 0, 0, 1, 50.65
1734089690, 48, 8, 10, 0, 0, 0.01%, 0, 0, 1, 47.91
1734089695, 48, 9, 10, 0, 0, 0.01%, 0, 0, 1, 46.80
1734089701, 49, 0, 10, 0, 0, 0.01%, 0, 0, 1, 49.22
1734089706, 49, 1, 10, 0, 0, 0.01%, 0, 0, 1, 47.34
1734089711, 49, 2, 10, 0, 0, 0.01%, 0, 0, 1, 46.59
1734089721, 49, 3, 10, 0, 0, 0.01%, 0, 0, 1, 48.21
1734089726, 49, 4, 10, 0, 0, 0.01%, 0, 0, 1, 48.32
1734089731, 49, 5, 10, 0, 0, 0.01%, 0, 0, 1, 45.67
1734089737, 49, 6, 10, 0, 0, 0.01%, 0, 0, 1, 49.21
1734089742, 49, 7, 10, 0, 0, 0.01%, 0, 0, 1, 48.59
1734089747, 49, 8, 10, 0, 0, 0.01%, 0, 0, 1, 48.28
1734089752, 49, 9, 10, 0, 0, 0.01%, 0, 0, 1, 47.06
1734089757, 50, 0, 10, 0, 0, 0.01%, 0, 0, 1, 45.33
1734089762, 50, 1, 10, 0, 0, 0.01%, 0, 0, 1, 46.27
1734089767, 50, 2, 10, 0, 0, 0.01%, 0, 0, 1, 46.73
1734089772, 50, 3, 10, 0, 0, 0.01%, 0, 0, 1, 48.39
1734089777, 50, 4, 10, 0, 0, 0.01%, 0, 0, 1, 49.34
1734089783, 50, 5, 10, 0, 0, 0.01%, 0, 0, 1, 46.74
1734089788, 50, 6, 10, 0, 0, 0.01%, 0, 0, 1, 50.11
1734089793, 50, 7, 10, 0, 0, 0.01%, 0, 0, 1, 46.81
1734089798, 50, 8, 10, 0, 0, 0.01%, 0, 0, 1, 46.03
1734089803, 50, 9, 10, 0, 0, 0.01%, 0, 0, 1, 47.74
1734089808, 51, 0, 10, 0, 0, 0.01%, 0, 0, 1, 49.22
1734089813, 51, 1, 10, 0, 0, 0.01%, 0, 0, 1, 46.80
1734089818, 51, 2, 10, 0, 0, 0.01%, 0, 0, 1, 47.86
1734089823, 51, 3, 10, 0, 0, 0.01%, 0, 0, 1, 48.59
1734089828, 51, 4, 10, 0, 0, 0.01%, 0, 0, 1, 49.59
1734089839, 51, 5, 10, 0, 0, 0.01%, 0, 0, 1, 48.84
1734089844, 51, 6, 10, 0, 0, 0.01%, 0, 0, 1, 47.59
1734089849, 51, 7, 10, 0, 0, 0.01%, 0, 0, 1, 48.36
1734089854, 51, 8, 10, 0, 0, 0.01%, 0, 0, 1, 46.74
1734089859, 51, 9, 10, 0, 0, 0.01%, 0, 0, 1, 48.12
1734089864, 52, 0, 10, 0, 0, 0.01%, 0, 0, 1, 47.94
1734089869, 52, 1, 10, 0, 0, 0.01%, 0, 0, 1, 45.83
1734089874, 52, 2, 10, 0, 0, 0.01%, 0, 0, 1, 48.73
1734089879, 52, 3, 10, 0, 0, 0.01%, 0, 0, 1, 48.98
1734089885, 52, 4, 10, 0, 0, 0.01%, 0, 0, 1, 49.11
1734089890, 52, 5, 10, 0, 0, 0.01%, 0, 0, 1, 47.75
1734089895, 52, 6, 10, 0, 0, 0.01%, 0, 0, 1, 46.73
1734089900, 52, 7, 10, 0, 0, 0.01%, 0, 0, 1, 47.20
1734089905, 52, 8, 10, 0, 0, 0.01%, 0, 0, 1, 46.42
1734089910, 52, 9, 10, 0, 0, 0.01%, 0, 0, 1, 49.62
1734089915, 53, 0, 10, 0, 0, 0.01%, 0, 0, 1, 50.84
1734089920, 53, 1, 10, 0, 0, 0.01%, 0, 0, 1, 49.49
1734089926, 53, 2, 10, 0, 0, 0.01%, 0, 0, 1, 48.12
1734089931, 53, 3, 10, 0, 0, 0.01%, 0, 0, 1, 47.77
1734089936, 53, 4, 10, 0, 0, 0.01%, 0, 0, 1, 47.00
1734089941, 53, 5, 10, 0, 0, 0.01%, 0, 0, 1, 48.92
1734089946, 53, 6, 10, 0, 0, 0.01%, 0, 0, 1, 47.87
1734089951, 53, 7, 10, 0, 0, 0.01%, 0, 0, 1, 46.52
1734089956, 53, 8, 10, 0, 0, 0.01%, 0, 0, 1, 47.32
1734089967, 53, 9, 10, 0, 0, 0.01%, 0, 0, 1, 46.62
1734089972, 54, 0, 10, 0, 0, 0.01%, 0, 0, 1, 48.13
1734089977, 54, 1, 10, 0, 0, 0.01%, 0, 0, 1, 49.58
1734089982, 54, 2, 10, 0, 0, 0.01%, 0, 0, 1, 46.28
1734089987, 54, 3, 10, 0, 0, 0.01%, 0, 0, 1, 47.15
1734089992, 54, 4, 10, 0, 0, 0.01%, 0, 0, 1, 47.15
1734089997, 54, 5, 10, 0, 0, 0.01%, 0, 0, 1, 49.55
1734090002, 54, 6, 10, 0, 0, 0.01%, 0, 0, 1, 46.37
1734090007, 54, 7, 10, 0, 0, 0.01%, 0, 0, 1, 47.53
1734090012, 54, 8, 10, 0, 0, 0.01%, 0, 0, 1, 49.16
1734090018, 54, 9, 10, 0, 0, 0.01%, 0, 0, 1, 47.75
1734090023, 55, 0, 10, 0, 0, 0.01%, 0, 0, 1, 48.22
1734090028, 55, 1, 10, 0, 0, 0.01%, 0, 0, 1, 47.41
1734090033, 55, 2, 10, 0, 0, 0.01%, 0, 0, 1, 46.40
1734090038, 55, 3, 10, 0, 0, 0.01%, 0, 0, 1, 48.12
1734090043, 55, 4, 10, 0, 0, 0.01%, 0, 0, 1, 47.69
1734090048, 55, 5, 10, 0, 0, 0.01%, 0, 0, 1, 49.14
1734090058, 55, 6, 10, 0, 0, 0.01%, 0, 0, 1, 45.46
1734090063, 55, 7, 10, 0, 0, 0.01%, 0, 0, 1, 46.08
1734090068, 55, 8, 10, 0, 0, 0.01%, 0, 0, 1, 47.07
1734090074, 55, 9, 10, 0, 0, 0.01%, 0, 0, 1, 47.10
1734090079, 56, 0, 10, 0, 0, 0.01%, 0, 0, 1, 45.94
1734090084, 56, 1, 10, 0, 0, 0.01%, 0, 0, 1, 46.45
1734090089, 56, 2, 10, 0, 0, 0.01%, 0, 0, 1, 46.27
1734090094, 56, 3, 10, 0, 0, 0.01%, 0, 0, 1, 47.50
1734090099, 56, 4, 10, 0, 0, 0.01%, 0, 0, 1, 46.43
1734090104, 56, 5, 10, 0, 0, 0.01%, 0, 0, 1, 47.46
1734090109, 56, 6, 10, 0, 0, 0.01%, 0, 0, 1, 49.78
1734090114, 56, 7, 10, 0, 0, 0.01%, 0, 0, 1, 47.45
1734090120, 56, 8, 10, 0, 0, 0.01%, 0, 0, 1, 47.64
1734090125, 56, 9, 10, 0, 0, 0.01%, 0, 0, 1, 46.87
1734090130, 57, 0, 10, 0, 0, 0.01%, 0, 0, 1, 47.56
1734090135, 57, 1, 10, 0, 0, 0.01%, 0, 0, 1, 47.16
1734090145, 57, 2, 10, 0, 0, 0.01%, 0, 0, 1, 48.02
1734090150, 57, 3, 10, 0, 0, 0.01%, 0, 0, 1, 49.84
1734090155, 57, 4, 10, 0, 0, 0.01%, 0, 0, 1, 46.86
1734090160, 57, 5, 10, 0, 0, 0.01%, 0, 0, 1, 47.63
1734090165, 57, 6, 10, 0, 0, 0.01%, 0, 0, 1, 47.99
1734090170, 57, 7, 10, 0, 0, 0.01%, 0, 0, 1, 47.04
1734090176, 57, 8, 10, 0, 0, 0.01%, 0, 0, 1, 44.92
1734090181, 57, 9, 10, 0, 0, 0.01%, 0, 0, 1, 51.01
1734090186, 58, 0, 10, 0, 0, 0.01%, 0, 0, 1, 49.17
1734090191, 58, 1, 10, 0, 0, 0.01%, 0, 0, 1, 47.12
1734090196, 58, 2, 10, 0, 0, 0.01%, 0, 0, 1, 46.79
1734090201, 58, 3, 10, 0, 0, 0.01%, 0, 0, 1, 47.95
1734090206, 58, 4, 10, 0, 0, 0.01%, 0, 0, 1, 46.77
1734090211, 58, 5, 10, 0, 0, 0.01%, 0, 0, 1, 47.16
1734090216, 58, 6, 10, 0, 0, 0.01%, 0, 0, 1, 46.68
1734090221, 58, 7, 10, 0, 0, 0.01%, 0, 0, 1, 46.71
1734090226, 58, 8, 10, 0, 0, 0.01%, 0, 0, 1, 49.46
1734090232, 58, 9, 10, 0, 0, 0.01%, 0, 0, 1, 46.48
1734090237, 59, 0, 10, 0, 0, 0.01%, 0, 0, 1, 48.23
1734090247, 59, 1, 10, 0, 0, 0.01%, 0, 0, 1, 46.97
1734090252, 59, 2, 10, 0, 0, 0.01%, 0, 0, 1, 46.88
1734090257, 59, 3, 10, 0, 0, 0.01%, 0, 0, 1, 48.99
1734090262, 59, 4, 10, 0, 0, 0.01%, 0, 0, 1, 47.13
1734090267, 59, 5, 10, 0, 0, 0.01%, 0, 0, 1, 48.52
1734090272, 59, 6, 10, 0, 0, 0.01%, 0, 0, 1, 48.63
1734090278, 59, 7, 10, 0, 0, 0.01%, 0, 0, 1, 48.76
1734090283, 59, 8, 10, 0, 0, 0.01%, 0, 0, 1, 47.44
1734090288, 59, 9, 10, 0, 0, 0.01%, 0, 0, 1, 48.90
1734090293, 60, 0, 10, 0, 0, 0.01%, 0, 0, 1, 47.62
1734090298, 60, 1, 10, 0, 0, 0.01%, 0, 0, 1, 50.32
1734090303, 60, 2, 10, 0, 0, 0.01%, 0, 0, 1, 48.08
1734090308, 60, 3, 10, 0, 0, 0.01%, 0, 0, 1, 48.23
1734090313, 60, 4, 10, 0, 0, 0.01%, 0, 0, 1, 47.71
1734090318, 60, 5, 10, 0, 0, 0.01%, 0, 0, 1, 48.86
1734090324, 60, 6, 10, 0, 0, 0.01%, 0, 0, 1, 47.85
1734090329, 60, 7, 10, 0, 0, 0.01%, 0, 0, 1, 47.83
1734090334, 60, 8, 10, 0, 0, 0.01%, 0, 0, 1, 45.44
1734090339, 60, 9, 10, 0, 0, 0.01%, 0, 0, 1, 46.66
1734090344, 61, 0, 10, 0, 0, 0.01%, 0, 0, 1, 47.50
1734090349, 61, 1, 10, 0, 0, 0.01%, 0, 0, 1, 48.46
1734090359, 61, 2, 10, 0, 0, 0.01%, 0, 0, 1, 45.98
1734090365, 61, 3, 10, 0, 0, 0.01%, 0, 0, 1, 50.87
1734090370, 61, 4, 10, 0, 0, 0.01%, 0, 0, 1, 45.73
1734090375, 61, 5, 10, 0, 0, 0.01%, 0, 0, 1, 48.13
1734090380, 61, 6, 10, 0, 0, 0.01%, 0, 0, 1, 47.99
1734090385, 61, 7, 10, 0, 0, 0.01%, 0, 0, 1, 48.04
1734090390, 61, 8, 10, 0, 0, 0.01%, 0, 0, 1, 48.86
1734090395, 61, 9, 10, 0, 0, 0.01%, 0, 0, 1, 51.21
1734090400, 62, 0, 10, 0, 0, 0.01%, 0, 0, 1, 49.40
1734090405, 62, 1, 10, 0, 0, 0.01%, 0, 0, 1, 48.39
1734090410, 62, 2, 10, 0, 0, 0.01%, 0, 0, 1, 45.84
1734090415, 62, 3, 10, 0, 0, 0.01%, 0, 0, 1, 48.95
1734090421, 62, 4, 10, 0, 0, 0.01%, 0, 0, 1, 48.55
1734090426, 62, 5, 10, 0, 0, 0.01%, 0, 0, 1, 47.61
1734090431, 62, 6, 10, 0, 0, 0.01%, 0, 0, 1, 47.83
1734090436, 62, 7, 10, 0, 0, 0.01%, 0, 0, 1, 47.88
1734090441, 62, 8, 10, 0, 0, 0.01%, 0, 0, 1, 46.92
1734090446, 62, 9, 10, 0, 0, 0.01%, 0, 0, 1, 45.17
1734090456, 63, 0, 10, 0, 0, 0.01%, 0, 0, 1, 49.07
1734090461, 63, 1, 10, 0, 0, 0.01%, 0, 0, 1, 48.74
1734090467, 63, 2, 10, 0, 0, 0.01%, 0, 0, 1, 46.59
1734090472, 63, 3, 10, 0, 0, 0.01%, 0, 0, 1, 44.28
1734090477, 63, 4, 10, 0, 0, 0.01%, 0, 0, 1, 47.97
1734090482, 63, 5, 10, 0, 0, 0.01%, 0, 0, 1, 46.93
1734090487, 63, 6, 10, 0, 0, 0.01%, 0, 0, 1, 48.92
1734090492, 63, 7, 10, 0, 0, 0.01%, 0, 0, 1, 48.12
1734090497, 63, 8, 10, 0, 0, 0.01%, 0, 0, 1, 47.38
1734090502, 63, 9, 10, 0, 0, 0.01%, 0, 0, 1, 46.39
1734090507, 64, 0, 10, 0, 0, 0.01%, 0, 0, 1, 45.83
1734090512, 64, 1, 10, 0, 0, 0.01%, 0, 0, 1, 48.02
1734090518, 64, 2, 10, 0, 0, 0.01%, 0, 0, 1, 46.11
1734090523, 64, 3, 10, 0, 0, 0.01%, 0, 0, 1, 46.73
1734090528, 64, 4, 10, 0, 0, 0.01%, 0, 0, 1, 49.41
1734090533, 64, 5, 10, 0, 0, 0.01%, 0, 0, 1, 47.77
1734090538, 64, 6, 10, 0, 0, 0.01%, 0, 0, 1, 48.39
1734090548, 64, 7, 10, 0, 0, 0.01%, 0, 0, 1, 46.75
1734090553, 64, 8, 10, 0, 0, 0.01%, 0, 0, 1, 46.24
1734090558, 64, 9, 10, 0, 0, 0.01%, 0, 0, 1, 46.58
1734090563, 65, 0, 10, 0, 0, 0.01%, 0, 0, 1, 47.78
1734090568, 65, 1, 10, 0, 0, 0.01%, 0, 0, 1, 49.31
1734090574, 65, 2, 10, 0, 0, 0.01%, 0, 0, 1, 45.74
1734090579, 65, 3, 10, 0, 0, 0.01%, 0, 0, 1, 46.88
1734090584, 65, 4, 10, 0, 0, 0.01%, 0, 0, 1, 47.51
1734090589, 65, 5, 10, 0, 0, 0.01%, 0, 0, 1, 47.20
1734090594, 65, 6, 10, 0, 0, 0.01%, 0, 0, 1, 48.38
1734090599, 65, 7, 10, 0, 0, 0.01%, 0, 0, 1, 46.88
1734090604, 65, 8, 10, 0, 0, 0.01%, 0, 0, 1, 48.86
1734090609, 65, 9, 10, 0, 0, 0.01%, 0, 0, 1, 48.30
1734090614, 66, 0, 10, 0, 0, 0.01%, 0, 0, 1, 48.11
1734090620, 66, 1, 10, 0, 0, 0.01%, 0, 0, 1, 47.97
1734090625, 66, 2, 10, 0, 0, 0.01%, 0, 0, 1, 46.57
1734090630, 66, 3, 10, 0, 0, 0.01%, 0, 0, 1, 46.16
1734090640, 66, 4, 10, 0, 0, 0.01%, 0, 0, 1, 45.23
1734090645, 66, 5, 10, 0, 0, 0.01%, 0, 0, 1, 44.71
1734090650, 66, 6, 10, 0, 0, 0.01%, 0, 0, 1, 48.40
1734090656, 66, 7, 10, 0, 0, 0.01%, 0, 0, 1, 49.43
1734090661, 66, 8, 10, 0, 0, 0.01%, 0, 0, 1, 48.63
1734090666, 66, 9, 10, 0, 0, 0.01%, 0, 0, 1, 46.94
1734090671, 67, 0, 10, 0, 0, 0.01%, 0, 0, 1, 47.37
1734090676, 67, 1, 10, 0, 0, 0.01%, 0, 0, 1, 45.90
1734090681, 67, 2, 10, 0, 0, 0.01%, 0, 0, 1, 49.45
1734090686, 67, 3, 10, 0, 0, 0.01%, 0, 0, 1, 46.58
1734090691, 67, 4, 10, 0, 0, 0.01%, 0, 0, 1, 46.61
1734090696, 67, 5, 10, 0, 0, 0.01%, 0, 0, 1, 47.93
1734090701, 67, 6, 10, 0, 0, 0.01%, 0, 0, 1, 45.37
1734090707, 67, 7, 10, 0, 0, 0.01%, 0, 0, 1, 47.48
1734090712, 67, 8, 10, 0, 0, 0.01%, 0, 0, 1, 46.72
1734090722, 67, 9, 10, 0, 0, 0.01%, 0, 0, 1, 45.94
1734090727, 68, 0, 10, 0, 0, 0.01%, 0, 0, 1, 47.43
1734090732, 68, 1, 10, 0, 0, 0.01%, 0, 0, 1, 46.95
1734090737, 68, 2, 10, 0, 0, 0.01%, 0, 0, 1, 47.60
1734090742, 68, 3, 10, 0, 0, 0.01%, 0, 0, 1, 47.38
1734090747, 68, 4, 10, 0, 0, 0.01%, 0, 0, 1, 46.70
1734090753, 68, 5, 10, 0, 0, 0.01%, 0, 0, 1, 47.96
1734090758, 68, 6, 10, 0, 0, 0.01%, 0, 0, 1, 48.60
1734090763, 68, 7, 10, 0, 0, 0.01%, 0, 0, 1, 49.50
1734090768, 68, 8, 10, 0, 0, 0.01%, 0, 0, 1, 48.69
1734090773, 68, 9, 10, 0, 0, 0.01%, 0, 0, 1, 46.98
1734090778, 69, 0, 10, 0, 0, 0.01%, 0, 0, 1, 49.13
1734090783, 69, 1, 10, 0, 0, 0.01%, 0, 0, 1, 50.08
1734090788, 69, 2, 10, 0, 0, 0.01%, 0, 0, 1, 46.03
1734090793, 69, 3, 10, 0, 0, 0.01%, 0, 0, 1, 47.58
1734090798, 69, 4, 10, 0, 0, 0.01%, 0, 0, 1, 47.31
1734090804, 69, 5, 10, 0, 0, 0.01%, 0, 0, 1, 48.03
1734090809, 69, 6, 10, 0, 0, 0.01%, 0, 0, 1, 50.12
1734090819, 69, 7, 10, 0, 0, 0.01%, 0, 0, 1, 48.10
1734090824, 69, 8, 10, 0, 0, 0.01%, 0, 0, 1, 49.70
1734090829, 69, 9, 10, 0, 0, 0.01%, 0, 0, 1, 45.74
1734090834, 70, 0, 10, 0, 0, 0.01%, 0, 0, 1, 47.13
1734090839, 70, 1, 10, 0, 0, 0.01%, 0, 0, 1, 47.07
1734090844, 70, 2, 10, 0, 0, 0.01%, 0, 0, 1, 47.75
1734090849, 70, 3, 10, 0, 0, 0.01%, 0, 0, 1, 45.51
1734090855, 70, 4, 10, 0, 0, 0.01%, 0, 0, 1, 47.59
1734090860, 70, 5, 10, 0, 0, 0.01%, 0, 0, 1, 47.73
1734090865, 70, 6, 10, 0, 0, 0.01%, 0, 0, 1, 47.81
1734090870, 70, 7, 10, 0, 0, 0.01%, 0, 0, 1, 46.48
1734090875, 70, 8, 10, 0, 0, 0.01%, 0, 0, 1, 46.85
1734090880, 70, 9, 10, 0, 0, 0.01%, 0, 0, 1, 48.77
1734090885, 71, 0, 10, 0, 0, 0.01%, 0, 0, 1, 47.62
1734090890, 71, 1, 10, 0, 0, 0.01%, 0, 0, 1, 47.99
1734090895, 71, 2, 10, 0, 0, 0.01%, 0, 0, 1, 46.24
1734090900, 71, 3, 10, 0, 0, 0.01%, 0, 0, 1, 50.35
1734090906, 71, 4, 10, 0, 0, 0.01%, 0, 0, 1, 46.00
1734090916, 71, 5, 10, 0, 0, 0.01%, 0, 0, 1, 49.45
1734090921, 71, 6, 10, 0, 0, 0.01%, 0, 0, 1, 47.65
1734090926, 71, 7, 10, 0, 0, 0.01%, 0, 0, 1, 50.12
1734090931, 71, 8, 10, 0, 0, 0.01%, 0, 0, 1, 49.27
1734090936, 71, 9, 10, 0, 0, 0.01%, 0, 0, 1, 47.95
1734090941, 72, 0, 10, 0, 0, 0.01%, 0, 0, 1, 46.53
1734090946, 72, 1, 10, 0, 0, 0.01%, 0, 0, 1, 48.04
1734090951, 72, 2, 10, 0, 0, 0.01%, 0, 0, 1, 46.64
1734090956, 72, 3, 10, 0, 0, 0.01%, 0, 0, 1, 46.78
1734090961, 72, 4, 10, 0, 0, 0.01%, 0, 0, 1, 47.90
1734090967, 72, 5, 10, 0, 0, 0.01%, 0, 0, 1, 47.82
1734090972, 72, 6, 10, 0, 0, 0.01%, 0, 0, 1, 48.07
1734090977, 72, 7, 10, 0, 0, 0.01%, 0, 0, 1, 46.01
1734090982, 72, 8, 10, 0, 0, 0.01%, 0, 0, 1, 47.66
1734090987, 72, 9, 10, 0, 0, 0.01%, 0, 0, 1, 47.77
1734090992, 73, 0, 10, 0, 0, 0.01%, 0, 0, 1, 47.68
1734090997, 73, 1, 10, 0, 0, 0.01%, 0, 0, 1, 46.16
1734091002, 73, 2, 10, 0, 0, 0.01%, 0, 0, 1, 49.45
1734091007, 73, 3, 10, 0, 0, 0.01%, 0, 0, 1, 47.96
1734091018, 73, 4, 10, 0, 0, 0.01%, 0, 0, 1, 47.09
1734091023, 73, 5, 10, 0, 0, 0.01%, 0, 0, 1, 46.32
1734091028, 73, 6, 10, 0, 0, 0.01%, 0, 0, 1, 49.43
1734091033, 73, 7, 10, 0, 0, 0.01%, 0, 0, 1, 47.91
1734091038, 73, 8, 10, 0, 0, 0.01%, 0, 0, 1, 47.16
1734091043, 73, 9, 10, 0, 0, 0.01%, 0, 0, 1, 45.70
1734091048, 74, 0, 10, 0, 0, 0.01%, 0, 0, 1, 47.71
1734091053, 74, 1, 10, 0, 0, 0.01%, 0, 0, 1, 46.50
1734091058, 74, 2, 10, 0, 0, 0.01%, 0, 0, 1, 46.06
1734091063, 74, 3, 10, 0, 0, 0.01%, 0, 0, 1, 46.06
1734091069, 74, 4, 10, 0, 0, 0.01%, 0, 0, 1, 45.93
1734091074, 74, 5, 10, 0, 0, 0.01%, 0, 0, 1, 46.70
1734091079, 74, 6, 10, 0, 0, 0.01%, 0, 0, 1, 47.99
1734091084, 74, 7, 10, 0, 0, 0.01%, 0, 0, 1, 48.07
1734091089, 74, 8, 10, 0, 0, 0.01%, 0, 0, 1, 49.59
1734091094, 74, 9, 10, 0, 0, 0.01%, 0, 0, 1, 47.94
1734091099, 75, 0, 10, 0, 0, 0.01%, 0, 0, 1, 47.60
1734091104, 75, 1, 10, 0, 0, 0.01%, 0, 0, 1, 49.59
1734091114, 75, 2, 10, 0, 0, 0.01%, 0, 0, 1, 48.53
1734091120, 75, 3, 10, 0, 0, 0.01%, 0, 0, 1, 48.48
1734091125, 75, 4, 10, 0, 0, 0.01%, 0, 0, 1, 45.64
1734091130, 75, 5, 10, 0, 0, 0.01%, 0, 0, 1, 48.60
1734091135, 75, 6, 10, 0, 0, 0.01%, 0, 0, 1, 47.58
1734091140, 75, 7, 10, 0, 0, 0.01%, 0, 0, 1, 47.16
1734091145, 75, 8, 10, 0, 0, 0.01%, 0, 0, 1, 47.32
1734091150, 75, 9, 10, 0, 0, 0.01%, 0, 0, 1, 46.83
1734091155, 76, 0, 10, 0, 0, 0.01%, 0, 0, 1, 48.20
1734091160, 76, 1, 10, 0, 0, 0.01%, 0, 0, 1, 47.42
1734091166, 76, 2, 10, 0, 0, 0.01%, 0, 0, 1, 47.98
1734091171, 76, 3, 10, 0, 0, 0.01%, 0, 0, 1, 46.98
1734091176, 76, 4, 10, 0, 0, 0.01%, 0, 0, 1, 48.81
1734091181, 76, 5, 10, 0, 0, 0.01%, 0, 0, 1, 47.97
1734091186, 76, 6, 10, 0, 0, 0.01%, 0, 0, 1, 51.31
1734091191, 76, 7, 10, 0, 0, 0.01%, 0, 0, 1, 46.49
1734091201, 76, 8, 10, 0, 0, 0.01%, 0, 0, 1, 47.10
1734091206, 76, 9, 10, 0, 0, 0.01%, 0, 0, 1, 48.21
1734091211, 77, 0, 10, 0, 0, 0.01%, 0, 0, 1, 47.40
1734091216, 77, 1, 10, 0, 0, 0.01%, 0, 0, 1, 48.29
1734091222, 77, 2, 10, 0, 0, 0.01%, 0, 0, 1, 46.64
1734091227, 77, 3, 10, 0, 0, 0.01%, 0, 0, 1, 47.27
1734091232, 77, 4, 10, 0, 0, 0.01%, 0, 0, 1, 47.17
1734091237, 77, 5, 10, 0, 0, 0.01%, 0, 0, 1, 47.27
1734091242, 77, 6, 10, 0, 0, 0.01%, 0, 0, 1, 46.77
1734091247, 77, 7, 10, 0, 0, 0.01%, 0, 0, 1, 46.49
1734091252, 77, 8, 10, 0, 0, 0.01%, 0, 0, 1, 47.64
1734091257, 77, 9, 10, 0, 0, 0.01%, 0, 0, 1, 46.85
1734091262, 78, 0, 10, 0, 0, 0.01%, 0, 0, 1, 47.48
1734091267, 78, 1, 10, 0, 0, 0.01%, 0, 0, 1, 45.27
1734091273, 78, 2, 10, 0, 0, 0.01%, 0, 0, 1, 46.01
1734091278, 78, 3, 10, 0, 0, 0.01%, 0, 0, 1, 46.77
1734091283, 78, 4, 10, 0, 0, 0.01%, 0, 0, 1, 49.21
1734091288, 78, 5, 10, 0, 0, 0.01%, 0, 0, 1, 47.86
1734091298, 78, 6, 10, 0, 0, 0.01%, 0, 0, 1, 45.98
1734091303, 78, 7, 10, 0, 0, 0.01%, 0, 0, 1, 46.73
1734091308, 78, 8, 10, 0, 0, 0.01%, 0, 0, 1, 48.02
1734091313, 78, 9, 10, 0, 0, 0.01%, 0, 0, 1, 46.70
1734091318, 79, 0, 10, 0, 0, 0.01%, 0, 0, 1, 46.16
1734091323, 79, 1, 10, 0, 0, 0.01%, 0, 0, 1, 48.48
1734091328, 79, 2, 10, 0, 0, 0.01%, 0, 0, 1, 47.96
1734091333, 79, 3, 10, 0, 0, 0.01%, 0, 0, 1, 47.98
1734091339, 79, 4, 10, 0, 0, 0.01%, 0, 0, 1, 47.11
1734091344, 79, 5, 10, 0, 0, 0.01%, 0, 0, 1, 50.49
1734091349, 79, 6, 10, 0, 0, 0.01%, 0, 0, 1, 49.40
1734091354, 79, 7, 10, 0, 0, 0.01%, 0, 0, 1, 48.54
1734091359, 79, 8, 10, 0, 0, 0.01%, 0, 0, 1, 46.23
1734091364, 79, 9, 10, 0, 0, 0.01%, 0, 0, 1, 45.43
1734091369, 80, 0, 10, 0, 0, 0.01%, 0, 0, 1, 47.29
1734091374, 81, 10, 11, 0, 0, 0.14%, 1, 0, 2, 51.45
1734091385, 81, 10, 12, 1, 0, 0.14%, 2, 0, 3, 54.61
1734091461, 81, 11, 13, 2, 1, 0.14%, 3, 0, 4, 63.22
1734091507, 81, 11, 14, 3, 1, 0.14%, 4, 0, 4, 51.73
1734091583, 81, 12, 14, 2, 2, 0.14%, 4, 0, 4, 67.90
1734091649, 81, 12, 15, 3, 2, 0.14%, 4, 0, 5, 49.87
1734091715, 81, 12, 16, 4, 2, 0.14%, 4, 0, 5, 48.73
1734091741, 81, 14, 16, 3, 2, 0.14%, 4, 0, 5, 97.07
1734091756, 81, 14, 17, 4, 2, 0.14%, 4, 0, 6, 114.85
1734091761, 81, 14, 21, 8, 2, 0.14%, 4, 0, 6, 107.30
1734091766, 81, 14, 24, 11, 2, 0.14%, 4, 0, 6, 103.25
1734091970, 81, 14, 26, 13, 2, 0.14%, 5, 0, 6, 48.96
1734091975, 81, 15, 27, 13, 3, 0.14%, 5, 0, 6, 48.27
1734091980, 81, 24, 27, 12, 2, 0.14%, 5, 0, 6, 96.93
1734092286, 81, 24, 28, 13, 2, 0.14%, 5, 0, 7, 73.77
1734092291, 81, 24, 29, 14, 2, 0.14%, 5, 0, 7, 75.32
1734092312, 81, 24, 30, 15, 2, 0.14%, 6, 0, 7, 75.38
1734092317, 81, 24, 31, 16, 2, 0.14%, 7, 0, 7, 71.78
1734092363, 81, 28, 31, 15, 2, 0.14%, 7, 0, 7, 56.11
1734092414, 81, 28, 32, 16, 2, 0.14%, 7, 0, 8, 60.54
1734092419, 81, 28, 34, 18, 2, 0.14%, 7, 0, 8, 61.95
1734092429, 81, 28, 35, 19, 2, 0.14%, 7, 0, 8, 64.26
1734092445, 81, 28, 36, 20, 2, 0.14%, 7, 0, 8, 65.64
1734092450, 81, 28, 37, 21, 2, 0.14%, 7, 0, 8, 70.39
1734092506, 81, 30, 37, 20, 3, 0.14%, 7, 0, 8, 85.63
1734092724, 81, 33, 37, 19, 2, 0.14%, 7, 0, 8, 60.50
1734092729, 81, 33, 38, 20, 2, 0.14%, 7, 0, 9, 90.74
1734092785, 81, 33, 39, 21, 2, 0.14%, 7, 0, 9, 65.90
1734092887, 81, 34, 39, 20, 2, 0.14%, 7, 0, 9, 85.61
1734092958, 81, 34, 40, 21, 2, 0.14%, 7, 0, 9, 64.82
1734093025, 81, 38, 40, 20, 2, 0.14%, 7, 0, 9, 93.20
1734093147, 81, 39, 40, 19, 1, 0.14%, 7, 0, 9, 75.81
1734093254, 82, 35, 40, 16, 0, 0.14%, 7, 0, 9, 53.82
1734093737, 84, 31, 40, 10, 0, 0.14%, 7, 0, 9, 80.85
1734093880, 84, 36, 40, 10, 0, 0.14%, 7, 0, 9, 62.55
1734093885, 85, 36, 40, 5, 0, 0.14%, 7, 0, 9, 51.18
1734094257, 85, 36, 41, 6, 0, 0.14%, 8, 0, 9, 58.84
1734094334, 85, 40, 41, 6, 1, 0.14%, 8, 0, 9, 56.70
1734094426, 85, 40, 42, 7, 1, 0.14%, 8, 0, 10, 118.28
1734094635, 88, 25, 42, 5, 0, 0.14%, 8, 0, 10, 52.67
1734094640, 89, 29, 42, 3, 0, 0.14%, 8, 0, 10, 92.97
1734095006, 91, 41, 42, 2, 0, 0.14%, 8, 0, 10, 88.72
1734095297, 92, 26, 42, 2, 0, 0.14%, 8, 0, 10, 80.97
1734095384, 93, 32, 42, 2, 0, 0.14%, 8, 0, 10, 70.00
1734095389, 95, 41, 42, 1, 0, 0.14%, 8, 0, 10, 72.90
1734095409, 96, 32, 42, 1, 0, 0.14%, 8, 0, 10, 64.10
1734095511, 96, 41, 42, 0, 0, 0.14%, 8, 0, 10, 72.83
1734095541, 97, 41, 42, 0, 0, 0.14%, 8, 0, 10, 57.78
1734095577, 98, 26, 42, 0, 0, 0.14%, 8, 0, 10, 60.31
1734095597, 98, 41, 42, 0, 0, 0.14%, 8, 0, 10, 72.49
1734095633, 99, 26, 42, 0, 0, 0.14%, 8, 0, 10, 66.77
1734095658, 99, 41, 42, 0, 0, 0.14%, 8, 0, 10, 62.33
1734095694, 100, 26, 42, 0, 0, 0.14%, 8, 0, 10, 65.64
1734095729, 100, 41, 42, 0, 0, 0.14%, 8, 0, 10, 69.15
1734095765, 101, 26, 42, 0, 0, 0.14%, 8, 0, 10, 61.30
1734095800, 101, 27, 42, 0, 0, 0.14%, 8, 0, 10, 93.25
1734096055, 102, 26, 42, 0, 0, 0.14%, 8, 0, 10, 65.36
1734096091, 102, 32, 42, 0, 0, 0.14%, 8, 0, 10, 57.03
1734096121, 103, 26, 42, 0, 0, 0.14%, 8, 0, 10, 64.78
1734096152, 103, 32, 42, 0, 0, 0.14%, 8, 0, 10, 62.56
1734096187, 104, 26, 42, 0, 0, 0.14%, 8, 0, 10, 66.18
1734096223, 104, 32, 42, 0, 0, 0.14%, 8, 0, 10, 65.12
1734096259, 105, 32, 42, 0, 0, 0.14%, 8, 0, 10, 66.83
1734096294, 106, 32, 42, 0, 0, 0.14%, 8, 0, 10, 60.40
1734096335, 107, 32, 42, 0, 0, 0.14%, 8, 0, 10, 61.34
1734096370, 108, 32, 42, 0, 0, 0.14%, 8, 0, 10, 65.12
1734096406, 155, 30, 42, 0, 0, 0.14%, 8, 0, 10, 65.27
1734096426, 161, 30, 42, 0, 0, 0.14%, 8, 0, 10, 72.26
1734096462, 163, 17, 42, 0, 0, 0.14%, 8, 0, 10, 82.62
1734096523, 168, 21, 42, 0, 0, 0.14%, 8, 0, 10, 68.37
1734096615, 177, 30, 42, 0, 0, 0.14%, 8, 0, 10, 65.24
1734096651, 178, 22, 42, 0, 0, 0.14%, 8, 0, 10, 76.15
1734096742, 179, 10, 42, 0, 0, 0.14%, 8, 0, 10, 58.69
1734096752, 184, 23, 42, 0, 0, 0.14%, 8, 0, 10, 87.21
1734096844, 184, 33, 42, 0, 0, 0.14%, 8, 0, 10, 73.72
1734096869, 186, 16, 42, 0, 0, 0.14%, 8, 0, 10, 59.54
1734096940, 191, 23, 42, 0, 0, 0.14%, 8, 0, 10, 70.10
1734096971, 192, 33, 42, 0, 0, 0.14%, 8, 0, 10, 68.89
1734097006, 193, 16, 42, 0, 0, 0.14%, 8, 0, 10, 58.15
1734097016, 198, 17, 42, 0, 0, 0.14%, 8, 0, 10, 60.31
1734097032, 201, 33, 42, 0, 0, 0.14%, 8, 0, 10, 71.03
1734097067, 206, 30, 42, 0, 0, 0.14%, 8, 0, 10, 66.96
1734097103, 210, 17, 42, 0, 0, 0.14%, 8, 0, 10, 58.06
1734097138, 212, 16, 42, 0, 0, 0.14%, 8, 0, 10, 61.37
1734097174, 212, 33, 42, 0, 0, 0.14%, 8, 0, 10, 64.96
1734097209, 213, 15, 42, 0, 0, 0.14%, 8, 0, 10, 88.35
1734097280, 213, 21, 42, 0, 0, 0.14%, 8, 0, 10, 65.47
1734097296, 215, 35, 42, 0, 0, 0.14%, 8, 0, 10, 75.89
1734097326, 216, 21, 42, 0, 0, 0.14%, 8, 0, 10, 59.98
1734097362, 216, 33, 42, 0, 0, 0.14%, 8, 0, 10, 67.89
1734097397, 218, 21, 42, 0, 0, 0.14%, 8, 0, 10, 66.03
1734097433, 220, 33, 42, 0, 0, 0.14%, 8, 0, 10, 62.05
1734097468, 221, 33, 42, 0, 0, 0.14%, 8, 0, 10, 69.29
1734097504, 224, 21, 42, 0, 0, 0.14%, 8, 0, 10, 62.90
1734097534, 224, 37, 42, 0, 0, 0.14%, 8, 0, 10, 93.35
1734097626, 225, 14, 42, 0, 0, 0.14%, 8, 0, 10, 75.39
1734097641, 226, 17, 42, 0, 0, 0.14%, 8, 0, 10, 63.13
1734097671, 226, 23, 42, 0, 0, 0.14%, 8, 0, 10, 67.69
1734097697, 227, 17, 42, 0, 0, 0.14%, 8, 0, 10, 58.59
1734097732, 230, 30, 42, 0, 0, 0.14%, 8, 0, 10, 68.86
1734097768, 232, 22, 42, 0, 0, 0.14%, 8, 0, 10, 70.85
1734097783, 232, 35, 42, 0, 0, 0.14%, 8, 0, 10, 81.97
1734097813, 233, 10, 42, 0, 0, 0.14%, 8, 0, 10, 62.59
1734097834, 233, 33, 42, 0, 0, 0.14%, 8, 0, 10, 70.01
1734097869, 241, 10, 42, 0, 0, 0.14%, 8, 0, 10, 58.51
1734097905, 245, 22, 42, 0, 0, 0.14%, 8, 0, 10, 70.06
1734097935, 245, 31, 42, 0, 0, 0.14%, 8, 0, 10, 64.53
1734097961, 247, 12, 42, 0, 0, 0.14%, 8, 0, 10, 68.29
1734097976, 247, 16, 42, 0, 0, 0.14%, 8, 0, 10, 64.40
1734098006, 247, 22, 42, 0, 0, 0.14%, 8, 0, 10, 61.82
1734098042, 249, 36, 42, 0, 0, 0.14%, 8, 0, 10, 78.52
1734098067, 250, 34, 42, 0, 0, 0.14%, 8, 0, 10, 65.83
1734098093, 253, 22, 42, 0, 0, 0.14%, 8, 0, 10, 66.69
1734098123, 253, 40, 42, 0, 0, 0.14%, 8, 0, 10, 74.28
1734098149, 254, 12, 42, 0, 0, 0.14%, 8, 0, 10, 67.54
1734098179, 254, 29, 42, 0, 0, 0.14%, 8, 0, 10, 72.62
1734098194, 254, 37, 42, 0, 0, 0.14%, 8, 0, 10, 65.73
1734098220, 255, 14, 42, 0, 0, 0.14%, 8, 0, 10, 68.08
1734098255, 255, 16, 42, 0, 0, 0.14%, 8, 0, 10, 58.11
1734098286, 257, 38, 42, 0, 0, 0.14%, 8, 0, 10, 73.40
1734098311, 258, 10, 42, 0, 0, 0.14%, 8, 0, 10, 57.33
1734098352, 258, 21, 42, 0, 0, 0.14%, 8, 0, 10, 64.29
1734098377, 258, 22, 42, 0, 0, 0.14%, 8, 0, 10, 70.08
1734098412, 260, 15, 42, 0, 0, 0.14%, 8, 0, 10, 63.17
1734098433, 260, 25, 42, 0, 0, 0.14%, 8, 0, 10, 78.12
1734098540, 260, 38, 42, 0, 0, 0.14%, 8, 0, 10, 72.48
1734098575, 261, 12, 42, 0, 0, 0.14%, 8, 0, 10, 54.78
1734098601, 262, 10, 42, 0, 0, 0.14%, 8, 0, 10, 58.89
1734098636, 262, 21, 42, 0, 0, 0.14%, 8, 0, 10, 68.59
1734098667, 264, 29, 42, 0, 0, 0.14%, 8, 0, 10, 71.72
1734098697, 265, 27, 42, 0, 0, 0.14%, 8, 0, 10, 65.42
1734098712, 265, 36, 42, 0, 0, 0.14%, 8, 0, 10, 75.68
1734098748, 267, 13, 42, 0, 0, 0.14%, 8, 0, 10, 79.37
1734098804, 268, 37, 42, 0, 0, 0.14%, 8, 0, 10, 63.86
1734098834, 269, 12, 42, 0, 0, 0.14%, 8, 0, 10, 66.52
1734098865, 269, 18, 42, 0, 0, 0.14%, 8, 0, 10, 66.98
1734098925, 269, 35, 42, 0, 0, 0.14%, 8, 0, 10, 65.73
1734098961, 269, 40, 42, 0, 0, 0.14%, 8, 0, 10, 76.50
1734098991, 270, 19, 42, 0, 0, 0.14%, 8, 0, 10, 70.61
1734099047, 271, 28, 42, 0, 0, 0.14%, 8, 0, 10, 67.12
1734099062, 271, 36, 42, 0, 0, 0.14%, 8, 0, 10, 66.82
1734099098, 272, 38, 42, 0, 0, 0.14%, 8, 0, 10, 70.18
1734099133, 273, 27, 42, 0, 0, 0.14%, 8, 0, 10, 79.25
1734099164, 273, 34, 42, 0, 0, 0.14%, 8, 0, 10, 63.05
1734099199, 274, 16, 42, 0, 0, 0.14%, 8, 0, 10, 65.99
1734099230, 274, 27, 42, 0, 0, 0.14%, 8, 0, 10, 68.73
1734099266, 274, 36, 42, 0, 0, 0.14%, 8, 0, 10, 73.10
1734099296, 275, 33, 42, 0, 0, 0.14%, 8, 0, 10, 58.32
1734099332, 276, 31, 42, 0, 0, 0.14%, 8, 0, 10, 65.49
1734099357, 276, 33, 42, 0, 0, 0.14%, 8, 0, 10, 73.48
1734099392, 278, 36, 42, 0, 0, 0.14%, 8, 0, 10, 77.90
1734099423, 279, 11, 42, 0, 0, 0.14%, 8, 0, 10, 61.30
1734099433, 280, 24, 42, 0, 0, 0.14%, 8, 0, 10, 71.37
1734099448, 280, 25, 42, 0, 0, 0.14%, 8, 0, 10, 71.63
1734099463, 280, 38, 42, 0, 0, 0.14%, 8, 0, 10, 65.22
1734099499, 283, 17, 42, 0, 0, 0.14%, 8, 0, 10, 65.75
1734099534, 284, 19, 42, 0, 0, 0.14%, 8, 0, 10, 68.87
1734099565, 284, 22, 42, 0, 0, 0.14%, 8, 0, 10, 67.72
1734099600, 284, 36, 42, 0, 0, 0.14%, 8, 0, 10, 88.73
1734099631, 284, 37, 42, 0, 0, 0.14%, 8, 0, 10, 64.90
1734099661, 285, 10, 42, 0, 0, 0.14%, 8, 0, 10, 56.02
1734099702, 285, 25, 42, 0, 0, 0.14%, 8, 0, 10, 59.34
1734099737, 285, 27, 42, 0, 0, 0.14%, 8, 0, 10, 69.47
1734099768, 285, 29, 42, 0, 0, 0.14%, 8, 0, 10, 72.11
1734099798, 286, 37, 42, 0, 0, 0.14%, 8, 0, 10, 64.56
1734099838, 287, 17, 42, 0, 0, 0.14%, 8, 0, 10, 63.25
1734099869, 287, 24, 42, 0, 0, 0.14%, 8, 0, 10, 67.75
1734099904, 288, 24, 42, 0, 0, 0.14%, 8, 0, 10, 69.42
1734099935, 289, 30, 42, 0, 0, 0.14%, 8, 0, 10, 72.98
1734099965, 292, 16, 42, 0, 0, 0.14%, 8, 0, 10, 58.78
1734100005, 292, 22, 42, 0, 0, 0.14%, 8, 0, 10, 62.00
1734100036, 292, 34, 42, 0, 0, 0.14%, 8, 0, 10, 65.99
1734100072, 293, 11, 42, 0, 0, 0.14%, 8, 0, 10, 57.76
1734100087, 293, 19, 42, 0, 0, 0.14%, 8, 0, 10, 66.37
1734100112, 294, 27, 42, 0, 0, 0.14%, 8, 0, 10, 69.10
1734100148, 294, 31, 42, 0, 0, 0.14%, 8, 0, 10, 64.09
1734100183, 294, 34, 42, 0, 0, 0.14%, 8, 0, 10, 72.23
1734100219, 296, 12, 42, 0, 0, 0.14%, 8, 0, 10, 59.34
1734100249, 296, 28, 42, 0, 0, 0.14%, 8, 0, 10, 59.30
1734100285, 296, 29, 42, 0, 0, 0.14%, 8, 0, 10, 66.95
1734100315, 298, 14, 42, 0, 0, 0.14%, 8, 0, 10, 65.94
1734100346, 301, 15, 42, 0, 0, 0.14%, 8, 0, 10, 68.71
1734100381, 302, 11, 42, 0, 0, 0.14%, 8, 0, 10, 55.84
1734100422, 302, 28, 42, 0, 0, 0.14%, 8, 0, 10, 65.13
1734100453, 302, 31, 42, 0, 0, 0.14%, 8, 0, 10, 71.21
1734100488, 303, 30, 42, 0, 0, 0.14%, 8, 0, 10, 66.00
1734100529, 306, 25, 42, 0, 0, 0.14%, 8, 0, 10, 68.05
1734100564, 306, 29, 42, 0, 0, 0.14%, 8, 0, 10, 75.78
1734100595, 307, 11, 42, 0, 0, 0.14%, 8, 0, 10, 61.79
1734100630, 307, 34, 42, 0, 0, 0.14%, 8, 0, 10, 69.71
1734100660, 308, 15, 42, 0, 0, 0.14%, 8, 0, 10, 67.46
1734100701, 309, 11, 42, 0, 0, 0.14%, 8, 0, 10, 61.00
1734100736, 309, 14, 42, 0, 0, 0.14%, 8, 0, 10, 74.21
1734100767, 310, 11, 42, 0, 0, 0.14%, 8, 0, 10, 59.50
1734100802, 310, 27, 42, 0, 0, 0.14%, 8, 0, 10, 66.26
1734100828, 310, 28, 42, 0, 0, 0.14%, 8, 0, 10, 66.75
1734100863, 310, 29, 42, 0, 0, 0.14%, 8, 0, 10, 71.95
1734100899, 313, 15, 42, 0, 0, 0.14%, 8, 0, 10, 66.24
1734100934, 313, 39, 42, 0, 0, 0.14%, 8, 0, 10, 70.33
1734100959, 316, 19, 42, 0, 0, 0.14%, 8, 0, 10, 69.63
1734100995, 317, 25, 42, 0, 0, 0.14%, 8, 0, 10, 68.64
1734101031, 317, 34, 42, 0, 0, 0.14%, 8, 0, 10, 69.38
1734101066, 318, 27, 42, 0, 0, 0.14%, 8, 0, 10, 73.80
1734101097, 318, 40, 42, 0, 0, 0.14%, 8, 0, 10, 75.69
1734101127, 323, 20, 42, 0, 0, 0.14%, 8, 0, 10, 75.63
1734101194, 323, 40, 42, 0, 0, 0.14%, 8, 0, 10, 67.20
1734101229, 324, 34, 42, 0, 0, 0.14%, 8, 0, 10, 67.16
1734101265, 326, 15, 42, 0, 0, 0.14%, 8, 0, 10, 68.69
1734101300, 327, 11, 42, 0, 0, 0.14%, 8, 0, 10, 66.87
1734101336, 327, 18, 42, 0, 0, 0.14%, 8, 0, 10, 61.18
1734101356, 329, 37, 42, 0, 0, 0.14%, 8, 0, 10, 69.10
1734101392, 330, 31, 42, 0, 0, 0.14%, 8, 0, 10, 69.08
1734101427, 330, 35, 42, 0, 0, 0.14%, 8, 0, 10, 82.40
1734101458, 331, 18, 42, 0, 0, 0.14%, 8, 0, 10, 63.28
1734101493, 332, 31, 42, 0, 0, 0.14%, 8, 0, 10, 64.71
1734101528, 332, 39, 42, 0, 0, 0.14%, 8, 0, 10, 75.80
1734101564, 333, 31, 42, 0, 0, 0.14%, 8, 0, 10, 71.79
1734101599, 335, 37, 42, 0, 0, 0.14%, 8, 0, 10, 65.70
1734101635, 335, 38, 42, 0, 0, 0.14%, 8, 0, 10, 68.07
1734101666, 335, 40, 42, 0, 0, 0.14%, 8, 0, 10, 73.37
1734101702, 337, 28, 42, 0, 0, 0.14%, 8, 0, 10, 64.94
1734101738, 338, 14, 42, 0, 0, 0.14%, 8, 0, 10, 73.31
1734101763, 338, 25, 42, 0, 0, 0.14%, 8, 0, 10, 73.64
1734101799, 338, 35, 42, 0, 0, 0.14%, 8, 0, 10, 80.34
1734101829, 339, 15, 42, 0, 0, 0.14%, 8, 0, 10, 62.01
1734101869, 339, 18, 42, 0, 0, 0.14%, 8, 0, 10, 59.60
1734101895, 340, 18, 42, 0, 0, 0.14%, 8, 0, 10, 59.92
1734101925, 343, 24, 42, 0, 0, 0.14%, 8, 0, 10, 73.89
1734101951, 344, 28, 42, 0, 0, 0.14%, 8, 0, 10, 64.23
1734101986, 344, 35, 42, 0, 0, 0.14%, 8, 0, 10, 73.64
1734102021, 345, 15, 42, 0, 0, 0.14%, 8, 0, 10, 64.63
1734102057, 351, 12, 42, 0, 0, 0.14%, 8, 0, 10, 57.85
1734102087, 353, 14, 42, 0, 0, 0.14%, 8, 0, 10, 66.28
1734102123, 353, 20, 42, 0, 0, 0.14%, 8, 0, 10, 62.57
1734102153, 353, 24, 42, 0, 0, 0.14%, 8, 0, 10, 71.08
1734102184, 354, 24, 42, 0, 0, 0.14%, 8, 0, 10, 75.65
1734102214, 354, 38, 42, 0, 0, 0.14%, 8, 0, 10, 71.65
1734102245, 355, 14, 42, 0, 0, 0.14%, 8, 0, 10, 69.61
1734102276, 355, 37, 42, 0, 0, 0.14%, 8, 0, 10, 58.79
1734102311, 356, 18, 42, 0, 0, 0.14%, 8, 0, 10, 62.23
1734102342, 356, 20, 42, 0, 0, 0.14%, 8, 0, 10, 63.37
1734102372, 356, 38, 42, 0, 0, 0.14%, 8, 0, 10, 64.51
1734102407, 357, 19, 42, 0, 0, 0.14%, 8, 0, 10, 65.86
1734102433, 358, 25, 42, 0, 0, 0.14%, 8, 0, 10, 63.37
1734102468, 358, 28, 42, 0, 0, 0.14%, 8, 0, 10, 68.47
1734102504, 358, 40, 42, 0, 0, 0.14%, 8, 0, 10, 70.71
1734102539, 367, 13, 42, 0, 0, 0.14%, 8, 0, 10, 59.16
1734102560, 367, 18, 42, 0, 0, 0.14%, 8, 0, 10, 59.51
1734102596, 367, 38, 42, 0, 0, 0.14%, 8, 0, 10, 70.23
1734102631, 368, 15, 42, 0, 0, 0.14%, 8, 0, 10, 62.59
1734102667, 376, 15, 42, 0, 0, 0.14%, 8, 0, 10, 66.22
1734102702, 380, 11, 42, 0, 0, 0.14%, 8, 0, 10, 58.59
1734102738, 380, 24, 42, 0, 0, 0.14%, 8, 0, 10, 69.80
1734102768, 384, 37, 42, 0, 0, 0.14%, 8, 0, 10, 69.93
1734102799, 386, 19, 42, 0, 0, 0.14%, 8, 0, 10, 60.70
1734102834, 392, 14, 42, 0, 0, 0.14%, 8, 0, 10, 74.50
1734102859, 394, 37, 42, 0, 0, 0.14%, 8, 0, 10, 73.24
1734102895, 397, 19, 42, 0, 0, 0.14%, 8, 0, 10, 63.13
1734102925, 401, 14, 42, 0, 0, 0.14%, 8, 0, 10, 69.14
1734102950, 402, 11, 42, 0, 0, 0.14%, 8, 0, 10, 60.93
1734102991, 403, 20, 42, 0, 0, 0.14%, 8, 0, 10, 62.65
1734103021, 406, 39, 42, 0, 0, 0.14%, 8, 0, 10, 66.96
1734103057, 416, 38, 42, 0, 0, 0.14%, 8, 0, 10, 71.46
1734103093, 446, 13, 42, 0, 0, 0.14%, 8, 0, 10, 66.06
1734103128, 455, 39, 42, 0, 0, 0.14%, 8, 0, 10, 74.55
1734103159, 456, 39, 42, 0, 0, 0.14%, 8, 0, 10, 73.01
1734103194, 457, 13, 42, 0, 0, 0.14%, 8, 0, 10, 68.72
1734103230, 459, 20, 42, 0, 0, 0.14%, 8, 0, 10, 60.59
1734103256, 464, 13, 42, 0, 0, 0.14%, 8, 0, 10, 71.25
1734103296, 466, 39, 42, 0, 0, 0.14%, 8, 0, 10, 69.46
1734103327, 476, 39, 42, 0, 0, 0.14%, 8, 0, 10, 64.43
1734103363, 483, 13, 42, 0, 0, 0.14%, 8, 0, 10, 63.85
1734103398, 493, 13, 42, 0, 0, 0.14%, 8, 0, 10, 67.11
1734103434, 1042, 0, 42, 0, 0, 0.14%, 8, 0, 10, 0.00
1734103439, 14343, 0, 42, 0, 0, 0.14%, 8, 0, 10, 0.00
1734103444, 28113, 0, 42, 0, 0, 0.14%, 8, 0, 10, 0.00
1734103449, 41362, 0, 42, 0, 0, 0.14%, 8, 0, 10, 0.00
1734103454, 54646, 0, 42, 0, 0, 0.14%, 8, 0, 10, 0.00
1734103460, 67901, 0, 42, 0, 0, 0.14%, 8, 0, 10, 0.00
1734103465, 81195, 0, 42, 0, 0, 0.14%, 8, 0, 10, 0.00
1734103470, 94515, 0, 42, 0, 0, 0.14%, 8, 0, 10, 0.00
1734103475, 107834, 0, 42, 0, 0, 0.14%, 8, 0, 10, 0.00
1734103480, 121054, 0, 42, 0, 0, 0.14%, 8, 0, 10, 0.00
1734103486, 133762, 0, 42, 0, 0, 0.14%, 8, 0, 10, 0.00
1734103491, 148021, 0, 42, 0, 0, 0.14%, 8, 0, 10, 0.00
1734103496, 160822, 0, 42, 0, 0, 0.14%, 8, 0, 10, 0.00
1734103501, 174149, 0, 42, 0, 0, 0.14%, 8, 0, 10, 0.00
1734103506, 187345, 0, 42, 0, 0, 0.14%, 8, 0, 10, 0.00
1734103512, 200858, 0, 42, 0, 0, 0.14%, 8, 0, 10, 0.00
1734103517, 214385, 0, 42, 0, 0, 0.14%, 8, 0, 10, 0.00
1734103522, 227683, 0, 42, 0, 0, 0.14%, 8, 0, 10, 0.00
1734103527, 240940, 0, 42, 0, 0, 0.14%, 8, 0, 10, 0.00
1734103532, 254752, 0, 42, 0, 0, 0.14%, 8, 0, 10, 0.00
1734103538, 268067, 0, 42, 0, 0, 0.14%, 8, 0, 10, 0.00
1734103543, 281841, 0, 42, 0, 0, 0.14%, 8, 0, 10, 0.00
1734103548, 295127, 0, 42, 0, 0, 0.14%, 8, 0, 10, 0.00
1734103553, 308879, 0, 42, 0, 0, 0.14%, 8, 0, 10, 0.00
1734103558, 321620, 0, 42, 0, 0, 0.14%, 8, 0, 10, 0.00
1734103564, 335343, 0, 42, 0, 0, 0.14%, 8, 0, 10, 0.00
1734103569, 348646, 0, 42, 0, 0, 0.14%, 8, 0, 10, 0.00
1734103574, 361899, 0, 42, 0, 0, 0.14%, 8, 0, 10, 0.00
1734103579, 375700, 0, 42, 0, 0, 0.14%, 8, 0, 10, 0.00
1734103584, 388986, 0, 42, 0, 0, 0.14%, 8, 0, 10, 0.00
1734103590, 401789, 0, 42, 0, 0, 0.14%, 8, 0, 10, 0.00
1734103595, 415069, 0, 42, 0, 0, 0.14%, 8, 0, 10, 0.00
1734103600, 428341, 0, 42, 0, 0, 0.14%, 8, 0, 10, 0.00
1734103605, 441640, 0, 42, 0, 0, 0.14%, 8, 0, 10, 0.00
1734103610, 455367, 0, 42, 0, 0, 0.14%, 8, 0, 10, 0.00
1734103616, 468609, 0, 42, 0, 0, 0.14%, 8, 0, 10, 0.00
1734103621, 481907, 0, 42, 0, 0, 0.14%, 8, 0, 10, 0.00
1734103626, 495293, 0, 42, 0, 0, 0.14%, 8, 0, 10, 0.00
1734103631, 508959, 0, 42, 0, 0, 0.14%, 8, 0, 10, 0.00
1734103636, 522240, 0, 42, 0, 0, 0.14%, 8, 0, 10, 0.00
1734103642, 535470, 0, 42, 0, 0, 0.14%, 8, 0, 10, 0.00
1734103647, 548779, 0, 42, 0, 0, 0.14%, 8, 0, 10, 0.00
1734103652, 561583, 0, 42, 0, 0, 0.14%, 8, 0, 10, 0.00
1734103657, 575375, 0, 42, 0, 0, 0.14%, 8, 0, 10, 0.00
1734103662, 588652, 0, 42, 0, 0, 0.14%, 8, 0, 10, 0.00
1734103668, 601964, 0, 42, 0, 0, 0.14%, 8, 0, 10, 0.00
1734103673, 615256, 0, 42, 0, 0, 0.14%, 8, 0, 10, 0.00
1734103678, 629537, 0, 42, 0, 0, 0.14%, 8, 0, 10, 0.00
1734103683, 643340, 0, 42, 0, 0, 0.14%, 8, 0, 10, 0.00
1734103688, 656613, 0, 42, 0, 0, 0.14%, 8, 0, 10, 0.00
1734103694, 669888, 0, 42, 0, 0, 0.14%, 8, 0, 10, 0.00
1734103699, 683140, 0, 42, 0, 0, 0.14%, 8, 0, 10, 0.00
1734103704, 696901, 0, 42, 0, 0, 0.14%, 8, 0, 10, 0.00
1734103709, 710219, 0, 42, 0, 0, 0.14%, 8, 0, 10, 0.00
1734103714, 723494, 0, 42, 0, 0, 0.14%, 8, 0, 10, 0.00
1734103720, 736819, 0, 42, 0, 0, 0.14%, 8, 0, 10, 0.00
1734103725, 750630, 0, 42, 0, 0, 0.14%, 8, 0, 10, 0.00
1734103730, 764413, 0, 42, 0, 0, 0.14%, 8, 0, 10, 0.00
1734103735, 777684, 0, 42, 0, 0, 0.14%, 8, 0, 10, 0.00
1734103740, 790978, 0, 42, 0, 0, 0.14%, 8, 0, 10, 0.00
1734103746, 804781, 0, 42, 0, 0, 0.14%, 8, 0, 10, 0.00
1734103751, 818047, 0, 42, 0, 0, 0.14%, 8, 0, 10, 0.00
1734103756, 832376, 0, 42, 0, 0, 0.14%, 8, 0, 10, 0.00
1734103761, 845689, 0, 42, 0, 0, 0.14%, 8, 0, 10, 0.00
1734103766, 858930, 0, 42, 0, 0, 0.14%, 8, 0, 10, 0.00
1734103772, 872747, 0, 42, 0, 0, 0.14%, 8, 0, 10, 0.00
1734103777, 886558, 0, 42, 0, 0, 0.14%, 8, 0, 10, 0.00
1734103782, 899822, 0, 42, 0, 0, 0.14%, 8, 0, 10, 0.00
1734103787, 913137, 0, 42, 0, 0, 0.14%, 8, 0, 10, 0.00
1734103792, 926793, 0, 42, 0, 0, 0.14%, 8, 0, 10, 0.00
1734103798, 940211, 0, 42, 0, 0, 0.14%, 8, 0, 10, 0.00
1734103803, 953479, 0, 42, 0, 0, 0.14%, 8, 0, 10, 0.00
1734103808, 966802, 0, 42, 0, 0, 0.14%, 8, 0, 10, 0.00
1734103813, 980089, 0, 42, 0, 0, 0.14%, 8, 0, 10, 0.00
1734103818, 994342, 0, 42, 0, 0, 0.14%, 8, 0, 10, 0.00
1734103824, 1007616, 0, 42, 0, 0, 0.14%, 8, 0, 10, 0.00
1734103829, 1020826, 0, 42, 0, 0, 0.14%, 8, 0, 10, 0.00
1734103834, 1034035, 0, 42, 0, 0, 0.14%, 8, 0, 10, 0.00
1734103839, 1047310, 0, 42, 0, 0, 0.14%, 8, 0, 10, 0.00
1734103844, 1060833, 0, 42, 0, 0, 0.14%, 8, 0, 10, 0.00
1734103850, 1074381, 0, 42, 0, 0, 0.14%, 8, 0, 10, 0.00
1734103855, 1087630, 0, 42, 0, 0, 0.14%, 8, 0, 10, 0.00
1734103860, 1100984, 0, 42, 0, 0, 0.14%, 8, 0, 10, 0.00
1734103865, 1114266, 0, 42, 0, 0, 0.14%, 8, 0, 10, 0.00
1734103870, 1127569, 0, 42, 0, 0, 0.14%, 8, 0, 10, 0.00
1734103876, 1141369, 0, 42, 0, 0, 0.14%, 8, 0, 10, 0.00
1734103881, 1154604, 0, 42, 0, 0, 0.14%, 8, 0, 10, 0.00
1734103886, 1167994, 0, 42, 0, 0, 0.14%, 8, 0, 10, 0.00
1734103891, 1181283, 0, 42, 0, 0, 0.14%, 8, 0, 10, 0.00
1734103896, 1195103, 0, 42, 0, 0, 0.14%, 8, 0, 10, 0.00
1734103902, 1208384, 0, 42, 0, 0, 0.14%, 8, 0, 10, 0.00
1734103907, 1221655, 0, 42, 0, 0, 0.14%, 8, 0, 10, 0.00
1734103912, 1234859, 0, 42, 0, 0, 0.14%, 8, 0, 10, 0.00
1734103917, 1248631, 0, 42, 0, 0, 0.14%, 8, 0, 10, 0.00
1734103922, 1261895, 0, 42, 0, 0, 0.14%, 8, 0, 10, 0.00
1734103928, 1275156, 0, 42, 0, 0, 0.14%, 8, 0, 10, 0.00
1734103933, 1288394, 0, 42, 0, 0, 0.14%, 8, 0, 10, 0.00
1734103938, 1301666, 0, 42, 0, 0, 0.14%, 8, 0, 10, 0.00
1734103943, 1314945, 0, 42, 0, 0, 0.14%, 8, 0, 10, 0.00
1734103948, 1328141, 0, 42, 0, 0, 0.14%, 8, 0, 10, 0.00
1734103954, 1341384, 0, 42, 0, 0, 0.14%, 8, 0, 10, 0.00
1734103959, 1354631, 0, 42, 0, 0, 0.14%, 8, 0, 10, 0.00
1734103964, 1367881, 0, 42, 0, 0, 0.14%, 8, 0, 10, 0.00
1734103969, 1381215, 0, 42, 0, 0, 0.14%, 8, 0, 10, 0.00
1734103974, 1394493, 0, 42, 0, 0, 0.14%, 8, 0, 10, 0.00
1734103980, 1407736, 0, 42, 0, 0, 0.14%, 8, 0, 10, 0.00
1734103985, 1421032, 0, 42, 0, 0, 0.14%, 8, 0, 10, 0.00
1734103990, 1434865, 0, 42, 0, 0, 0.14%, 8, 0, 10, 0.00
1734103995, 1447569, 0, 42, 0, 0, 0.14%, 8, 0, 10, 0.00
1734104000, 1460814, 0, 42, 0, 0, 0.14%, 8, 0, 10, 0.00
1734104006, 1474097, 0, 42, 0, 0, 0.14%, 8, 0, 10, 0.00
1734104011, 1487819, 0, 42, 0, 0, 0.14%, 8, 0, 10, 0.00
1734104016, 1501112, 0, 42, 0, 0, 0.14%, 8, 0, 10, 0.00
1734104021, 1514437, 0, 42, 0, 0, 0.14%, 8, 0, 10, 0.00
1734104026, 1527743, 0, 42, 0, 0, 0.14%, 8, 0, 10, 0.00
1734104032, 1541065, 0, 42, 0, 0, 0.14%, 8, 0, 10, 0.00
1734104037, 1554806, 0, 42, 0, 0, 0.14%, 8, 0, 10, 0.00
1734104042, 1568088, 0, 42, 0, 0, 0.14%, 8, 0, 10, 0.00
1734104047, 1581309, 0, 42, 0, 0, 0.14%, 8, 0, 10, 0.00
1734104052, 1594630, 0, 42, 0, 0, 0.14%, 8, 0, 10, 0.00
1734104058, 1607882, 0, 42, 0, 0, 0.14%, 8, 0, 10, 0.00
1734104063, 1622117, 0, 42, 0, 0, 0.14%, 8, 0, 10, 0.00
1734104068, 1635355, 0, 42, 0, 0, 0.14%, 8, 0, 10, 0.00
1734104073, 1648610, 0, 42, 0, 0, 0.14%, 8, 0, 10, 0.00
1734104078, 1662384, 0, 42, 0, 0, 0.14%, 8, 0, 10, 0.00
1734104084, 1675607, 0, 42, 0, 0, 0.14%, 8, 0, 10, 0.00
1734104089, 1688841, 0, 42, 0, 0, 0.14%, 8, 0, 10, 0.00
1734104094, 1702123, 0, 42, 0, 0, 0.14%, 8, 0, 10, 0.00
1734104099, 1715432, 0, 42, 0, 0, 0.14%, 8, 0, 10, 0.00
1734104104, 1729145, 0, 42, 0, 0, 0.14%, 8, 0, 10, 0.00
1734104110, 1742431, 0, 42, 0, 0, 0.14%, 8, 0, 10, 0.00
1734104115, 1755708, 0, 42, 0, 0, 0.14%, 8, 0, 10, 0.00
1734104120, 1769000, 0, 42, 0, 0, 0.14%, 8, 0, 10, 0.00
1734104125, 1782283, 0, 42, 0, 0, 0.14%, 8, 0, 10, 0.00
1734104130, 1796085, 0, 42, 0, 0, 0.14%, 8, 0, 10, 0.00
1734104136, 1809381, 0, 42, 0, 0, 0.14%, 8, 0, 10, 0.00
1734104141, 1822150, 0, 42, 0, 0, 0.14%, 8, 0, 10, 0.00
1734104146, 1835400, 0, 42, 0, 0, 0.14%, 8, 0, 10, 0.00
1734104151, 1848704, 0, 42, 0, 0, 0.14%, 8, 0, 10, 0.00
1734104156, 1863002, 0, 42, 0, 0, 0.14%, 8, 0, 10, 0.00
1734104162, 1876797, 0, 42, 0, 0, 0.14%, 8, 0, 10, 0.00
1734104167, 1891078, 0, 42, 0, 0, 0.14%, 8, 0, 10, 0.00
1734104172, 1903817, 0, 42, 0, 0, 0.14%, 8, 0, 10, 0.00
1734104177, 1917369, 0, 42, 0, 0, 0.14%, 8, 0, 10, 0.00
1734104182, 1930893, 0, 42, 0, 0, 0.14%, 8, 0, 10, 0.00
1734104188, 1944207, 0, 42, 0, 0, 0.14%, 8, 0, 10, 0.00
1734104193, 1957478, 0, 42, 0, 0, 0.14%, 8, 0, 10, 0.00
1734104198, 1970747, 0, 42, 0, 0, 0.14%, 8, 0, 10, 0.00
1734104203, 1985538, 0, 42, 0, 0, 0.14%, 8, 0, 10, 0.00
1734104208, 1998846, 0, 42, 0, 0, 0.14%, 8, 0, 10, 0.00
1734104214, 2012587, 0, 42, 0, 0, 0.14%, 8, 0, 10, 0.00
1734104219, 2025857, 0, 42, 0, 0, 0.14%, 8, 0, 10, 0.00
1734104224, 2039165, 0, 42, 0, 0, 0.14%, 8, 0, 10, 0.00
1734104229, 2052936, 0, 42, 0, 0, 0.14%, 8, 0, 10, 0.00
1734104234, 2066225, 0, 42, 0, 0, 0.14%, 8, 0, 10, 0.00
1734104240, 2079017, 0, 42, 0, 0, 0.14%, 8, 0, 10, 0.00
1734104245, 2092337, 0, 42, 0, 0, 0.14%, 8, 0, 10, 0.00
1734104250, 2106605, 0, 42, 0, 0, 0.14%, 8, 0, 10, 0.00
1734104255, 2119881, 0, 42, 0, 0, 0.14%, 8, 0, 10, 0.00
1734104260, 2133160, 0, 42, 0, 0, 0.14%, 8, 0, 10, 0.00
1734104266, 2146478, 0, 42, 0, 0, 0.14%, 8, 0, 10, 0.00
1734104271, 2160250, 0, 42, 0, 0, 0.14%, 8, 0, 10, 0.00
1734104276, 2173570, 0, 42, 0, 0, 0.14%, 8, 0, 10, 0.00
1734104281, 2186886, 0, 42, 0, 0, 0.14%, 8, 0, 10, 0.00
1734104286, 2200138, 0, 42, 0, 0, 0.14%, 8, 0, 10, 0.00
1734104292, 2213458, 0, 42, 0, 0, 0.14%, 8, 0, 10, 0.00
1734104297, 2227267, 0, 42, 0, 0, 0.14%, 8, 0, 10, 0.00
1734104302, 2241048, 0, 42, 0, 0, 0.14%, 8, 0, 10, 0.00
1734104307, 2254344, 0, 42, 0, 0, 0.14%, 8, 0, 10, 0.00
1734104312, 2268071, 0, 42, 0, 0, 0.14%, 8, 0, 10, 0.00
1734104318, 2281349, 0, 42, 0, 0, 0.14%, 8, 0, 10, 0.00
1734104323, 2295153, 0, 42, 0, 0, 0.14%, 8, 0, 10, 0.00
1734104328, 2308417, 0, 42, 0, 0, 0.14%, 8, 0, 10, 0.00
1734104333, 2321704, 0, 42, 0, 0, 0.14%, 8, 0, 10, 0.00
1734104338, 2334934, 0, 42, 0, 0, 0.14%, 8, 0, 10, 0.00
1734104344, 2348827, 0, 42, 0, 0, 0.14%, 8, 0, 10, 0.00
1734104349, 2362541, 0, 42, 0, 0, 0.14%, 8, 0, 10, 0.00
1734104354, 2375852, 0, 42, 0, 0, 0.14%, 8, 0, 10, 0.00
1734104359, 2389124, 0, 42, 0, 0, 0.14%, 8, 0, 10, 0.00
1734104364, 2402420, 0, 42, 0, 0, 0.14%, 8, 0, 10, 0.00
1734104370, 2415665, 0, 42, 0, 0, 0.14%, 8, 0, 10, 0.00
1734104375, 2428979, 0, 42, 0, 0, 0.14%, 8, 0, 10, 0.00
1734104380, 2441718, 0, 42, 0, 0, 0.14%, 8, 0, 10, 0.00
1734104385, 2455051, 0, 42, 0, 0, 0.14%, 8, 0, 10, 0.00
1734104390, 2468920, 0, 42, 0, 0, 0.14%, 8, 0, 10, 0.00
1734104396, 2482682, 0, 42, 0, 0, 0.14%, 8, 0, 10, 0.00
1734104401, 2495956, 0, 42, 0, 0, 0.14%, 8, 0, 10, 0.00
1734104406, 2508734, 0, 42, 0, 0, 0.14%, 8, 0, 10, 0.00
1734104411, 2522016, 0, 42, 0, 0, 0.14%, 8, 0, 10, 0.00
1734104416, 2535772, 0, 42, 0, 0, 0.14%, 8, 0, 10, 0.00
1734104422, 2548560, 0, 42, 0, 0, 0.14%, 8, 0, 10, 0.00
1734104427, 2561321, 0, 42, 0, 0, 0.14%, 8, 0, 10, 0.00
1734104432, 2574591, 0, 42, 0, 0, 0.14%, 8, 0, 10, 0.00
1734104437, 2588376, 0, 42, 0, 0, 0.14%, 8, 0, 10, 0.00
1734104442, 2601696, 0, 42, 0, 0, 0.14%, 8, 0, 10, 0.00
1734104448, 2615483, 0, 42, 0, 0, 0.14%, 8, 0, 10, 0.00
1734104453, 2628878, 0, 42, 0, 0, 0.14%, 8, 0, 10, 0.00
1734104458, 2641989, 0, 42, 0, 0, 0.14%, 8, 0, 10, 0.00
1734104463, 2655807, 0, 42, 0, 0, 0.14%, 8, 0, 10, 0.00
1734104468, 2669054, 0, 42, 0, 0, 0.14%, 8, 0, 10, 0.00
1734104474, 2681843, 0, 42, 0, 0, 0.14%, 8, 0, 10, 0.00
1734104479, 2695141, 0, 42, 0, 0, 0.14%, 8, 0, 10, 0.00
1734104484, 2708434, 0, 42, 0, 0, 0.14%, 8, 0, 10, 0.00
1734104489, 2722271, 0, 42, 0, 0, 0.14%, 8, 0, 10, 0.00
1734104494, 2735533, 0, 42, 0, 0, 0.14%, 8, 0, 10, 0.00
1734104500, 2748808, 0, 42, 0, 0, 0.14%, 8, 0, 10, 0.00
1734104505, 2762597, 0, 42, 0, 0, 0.14%, 8, 0, 10, 0.00
1734104510, 2775701, 0, 42, 0, 0, 0.14%, 8, 0, 10, 0.00
1734104515, 2789123, 0, 42, 0, 0, 0.14%, 8, 0, 10, 0.00
1734104520, 2802412, 0, 42, 0, 0, 0.14%, 8, 0, 10, 0.00
1734104526, 2815681, 0, 42, 0, 0, 0.14%, 8, 0, 10, 0.00
1734104531, 2828993, 0, 42, 0, 0, 0.14%, 8, 0, 10, 0.00
1734104536, 2842753, 0, 42, 0, 0, 0.14%, 8, 0, 10, 0.00
1734104541, 2856004, 0, 42, 0, 0, 0.14%, 8, 0, 10, 0.00
1734104546, 2869355, 0, 42, 0, 0, 0.14%, 8, 0, 10, 0.00
1734104552, 2882665, 0, 42, 0, 0, 0.14%, 8, 0, 10, 0.00
1734104557, 2895936, 0, 42, 0, 0, 0.14%, 8, 0, 10, 0.00
1734104562, 2909731, 0, 42, 0, 0, 0.14%, 8, 0, 10, 0.00
1734104567, 2923031, 0, 42, 0, 0, 0.14%, 8, 0, 10, 0.00
1734104572, 2936334, 0, 42, 0, 0, 0.14%, 8, 0, 10, 0.00
1734104578, 2949589, 0, 42, 0, 0, 0.14%, 8, 0, 10, 0.00
1734104583, 2963352, 0, 42, 0, 0, 0.14%, 8, 0, 10, 0.00
1734104588, 2976654, 0, 42, 0, 0, 0.14%, 8, 0, 10, 0.00
1734104593, 2990406, 0, 42, 0, 0, 0.14%, 8, 0, 10, 0.00
1734104598, 3003710, 0, 42, 0, 0, 0.14%, 8, 0, 10, 0.00
1734104604, 3017021, 0, 42, 0, 0, 0.14%, 8, 0, 10, 0.00
1734104609, 3030791, 0, 42, 0, 0, 0.14%, 8, 0, 10, 0.00
1734104614, 3044095, 0, 42, 0, 0, 0.14%, 8, 0, 10, 0.00
1734104619, 3057364, 0, 42, 0, 0, 0.14%, 8, 0, 10, 0.00
1734104624, 3070664, 0, 42, 0, 0, 0.14%, 8, 0, 10, 0.00
1734104630, 3084934, 0, 42, 0, 0, 0.14%, 8, 0, 10, 0.00
1734104635, 3098156, 0, 42, 0, 0, 0.14%, 8, 0, 10, 0.00
1734104640, 3111891, 0, 42, 0, 0, 0.14%, 8, 0, 10, 0.00
1734104645, 3125134, 0, 42, 0, 0, 0.14%, 8, 0, 10, 0.00
1734104650, 3138865, 0, 42, 0, 0, 0.14%, 8, 0, 10, 0.00
1734104656, 3152622, 0, 42, 0, 0, 0.14%, 8, 0, 10, 0.00
1734104661, 3165856, 0, 42, 0, 0, 0.14%, 8, 0, 10, 0.00
1734104666, 3179130, 0, 42, 0, 0, 0.14%, 8, 0, 10, 0.00
1734104671, 3192711, 0, 42, 0, 0, 0.14%, 8, 0, 10, 0.00
1734104676, 3205786, 0, 42, 0, 0, 0.14%, 8, 0, 10, 0.00
1734104682, 3219423, 0, 42, 0, 0, 0.14%, 8, 0, 10, 0.00
1734104687, 3232692, 0, 42, 0, 0, 0.14%, 8, 0, 10, 0.00
1734104692, 3245962, 0, 42, 0, 0, 0.14%, 8, 0, 10, 0.00
1734104697, 3259736, 0, 42, 0, 0, 0.14%, 8, 0, 10, 0.00
1734104702, 3273001, 0, 42, 0, 0, 0.14%, 8, 0, 10, 0.00
1734104708, 3286296, 0, 42, 0, 0, 0.14%, 8, 0, 10, 0.00
1734104713, 3299586, 0, 42, 0, 0, 0.14%, 8, 0, 10, 0.00
1734104718, 3312848, 0, 42, 0, 0, 0.14%, 8, 0, 10, 0.00
1734104723, 3326266, 0, 42, 0, 0, 0.14%, 8, 0, 10, 0.00
1734104728, 3339917, 0, 42, 0, 0, 0.14%, 8, 0, 10, 0.00
1734104734, 3353187, 0, 42, 0, 0, 0.14%, 8, 0, 10, 0.00
1734104739, 3366950, 0, 42, 0, 0, 0.14%, 8, 0, 10, 0.00
1734104744, 3380228, 0, 42, 0, 0, 0.14%, 8, 0, 10, 0.00
1734104749, 3394049, 0, 42, 0, 0, 0.14%, 8, 0, 10, 0.00
1734104754, 3407349, 0, 42, 0, 0, 0.14%, 8, 0, 10, 0.00
1734104760, 3420579, 0, 42, 0, 0, 0.14%, 8, 0, 10, 0.00
1734104765, 3433859, 0, 42, 0, 0, 0.14%, 8, 0, 10, 0.00
1734104770, 3447133, 0, 42, 0, 0, 0.14%, 8, 0, 10, 0.00
1734104775, 3460885, 0, 42, 0, 0, 0.14%, 8, 0, 10, 0.00
1734104780, 3474131, 0, 42, 0, 0, 0.14%, 8, 0, 10, 0.00
1734104786, 3487856, 0, 42, 0, 0, 0.14%, 8, 0, 10, 0.00
1734104791, 3501104, 0, 42, 0, 0, 0.14%, 8, 0, 10, 0.00
1734104796, 3514828, 0, 42, 0, 0, 0.14%, 8, 0, 10, 0.00
1734104801, 3528119, 0, 42, 0, 0, 0.14%, 8, 0, 10, 0.00
1734104806, 3541362, 0, 42, 0, 0, 0.14%, 8, 0, 10, 0.00
1734104812, 3554667, 0, 42, 0, 0, 0.14%, 8, 0, 10, 0.00
1734104817, 3567961, 0, 42, 0, 0, 0.14%, 8, 0, 10, 0.00
1734104822, 3581739, 0, 42, 0, 0, 0.14%, 8, 0, 10, 0.00
1734104827, 3595046, 0, 42, 0, 0, 0.14%, 8, 0, 10, 0.00
1734104832, 3608837, 0, 42, 0, 0, 0.14%, 8, 0, 10, 0.00
1734104838, 3622160, 0, 42, 0, 0, 0.14%, 8, 0, 10, 0.00
1734104843, 3635838, 0, 42, 0, 0, 0.14%, 8, 0, 10, 0.00
1734104848, 3649254, 0, 42, 0, 0, 0.14%, 8, 0, 10, 0.00
1734104853, 3663089, 0, 42, 0, 0, 0.14%, 8, 0, 10, 0.00
1734104858, 3675869, 0, 42, 0, 0, 0.14%, 8, 0, 10, 0.00
1734104864, 3689623, 0, 42, 0, 0, 0.14%, 8, 0, 10, 0.00
1734104869, 3702469, 0, 42, 0, 0, 0.14%, 8, 0, 10, 0.00
1734104874, 3715752, 0, 42, 0, 0, 0.14%, 8, 0, 10, 0.00
1734104879, 3728998, 0, 42, 0, 0, 0.14%, 8, 0, 10, 0.00
1734104884, 3741775, 0, 42, 0, 0, 0.14%, 8, 0, 10, 0.00
1734104890, 3756039, 0, 42, 0, 0, 0.14%, 8, 0, 10, 0.00
1734104895, 3769332, 0, 42, 0, 0, 0.14%, 8, 0, 10, 0.00
1734104900, 3782563, 0, 42, 0, 0, 0.14%, 8, 0, 10, 0.00
1734104905, 3795841, 0, 42, 0, 0, 0.14%, 8, 0, 10, 0.00
1734104910, 3809143, 0, 42, 0, 0, 0.14%, 8, 0, 10, 0.00
1734104916, 3822874, 0, 42, 0, 0, 0.14%, 8, 0, 10, 0.00
1734104921, 3836127, 0, 42, 0, 0, 0.14%, 8, 0, 10, 0.00
1734104926, 3849349, 0, 42, 0, 0, 0.14%, 8, 0, 10, 0.00
1734104931, 3863169, 0, 42, 0, 0, 0.14%, 8, 0, 10, 0.00
1734104936, 3875927, 0, 42, 0, 0, 0.14%, 8, 0, 10, 0.00
1734104942, 3889751, 0, 42, 0, 0, 0.14%, 8, 0, 10, 0.00
1734104947, 3903028, 0, 42, 0, 0, 0.14%, 8, 0, 10, 0.00
1734104952, 3916224, 0, 42, 0, 0, 0.14%, 8, 0, 10, 0.00
