# unix_time, cycles_done, cur_path, paths_total, pending_total, pending_favs, map_size, unique_crashes, unique_hangs, max_depth, execs_per_sec
1735525963, 0, 0, 10, 10, 1, 0.01%, 0, 0, 1, 35.94
1735525968, 0, 4, 10, 10, 1, 0.01%, 0, 0, 1, 37.97
1735525983, 1, 0, 10, 4, 0, 0.01%, 0, 0, 1, 45.06
1735525988, 1, 1, 10, 3, 0, 0.01%, 0, 0, 1, 46.08
1735525993, 1, 2, 10, 2, 0, 0.01%, 0, 0, 1, 46.28
1735525998, 1, 3, 10, 1, 0, 0.01%, 0, 0, 1, 47.25
1735526003, 1, 4, 10, 0, 0, 0.01%, 0, 0, 1, 45.17
1735526009, 1, 5, 10, 0, 0, 0.01%, 0, 0, 1, 48.28
1735526019, 1, 6, 10, 0, 0, 0.01%, 0, 0, 1, 44.70
1735526024, 1, 7, 10, 0, 0, 0.01%, 0, 0, 1, 43.75
1735526029, 1, 8, 10, 0, 0, 0.01%, 0, 0, 1, 45.49
1735526034, 1, 9, 10, 0, 0, 0.01%, 0, 0, 1, 44.26
1735526039, 2, 0, 10, 0, 0, 0.01%, 0, 0, 1, 43.54
1735526044, 2, 1, 10, 0, 0, 0.01%, 0, 0, 1, 47.33
1735526049, 2, 2, 10, 0, 0, 0.01%, 0, 0, 1, 45.47
1735526054, 2, 3, 10, 0, 0, 0.01%, 0, 0, 1, 44.30
1735526064, 2, 4, 10, 0, 0, 0.01%, 0, 0, 1, 46.08
1735526069, 2, 5, 10, 0, 0, 0.01%, 0, 0, 1, 45.02
1735526075, 2, 6, 10, 0, 0, 0.01%, 0, 0, 1, 46.63
1735526080, 2, 7, 10, 0, 0, 0.01%, 0, 0, 1, 43.95
1735526085, 2, 8, 10, 0, 0, 0.01%, 0, 0, 1, 43.45
1735526090, 2, 9, 10, 0, 0, 0.01%, 0, 0, 1, 44.58
1735526095, 3, 0, 10, 0, 0, 0.01%, 0, 0, 1, 44.52
1735526100, 3, 1, 10, 0, 0, 0.01%, 0, 0, 1, 44.86
1735526105, 3, 2, 10, 0, 0, 0.01%, 0, 0, 1, 43.41
1735526115, 3, 3, 10, 0, 0, 0.01%, 0, 0, 1, 45.09
1735526120, 3, 4, 10, 0, 0, 0.01%, 0, 0, 1, 44.37
1735526125, 3, 5, 10, 0, 0, 0.01%, 0, 0, 1, 44.38
1735526130, 3, 6, 10, 0, 0, 0.01%, 0, 0, 1, 45.84
1735526136, 3, 7, 10, 0, 0, 0.01%, 0, 0, 1, 45.78
1735526141, 3, 8, 10, 0, 0, 0.01%, 0, 0, 1, 45.32
1735526146, 3, 9, 10, 0, 0, 0.01%, 0, 0, 1, 44.27
1735526151, 4, 0, 10, 0, 0, 0.01%, 0, 0, 1, 45.40
1735526156, 4, 1, 10, 0, 0, 0.01%, 0, 0, 1, 46.12
1735526166, 4, 2, 10, 0, 0, 0.01%, 0, 0, 1, 45.67
1735526171, 4, 3, 10, 0, 0, 0.01%, 0, 0, 1, 44.91
1735526176, 4, 4, 10, 0, 0, 0.01%, 0, 0, 1, 46.41
1735526181, 4, 5, 10, 0, 0, 0.01%, 0, 0, 1, 44.43
1735526186, 4, 6, 10, 0, 0, 0.01%, 0, 0, 1, 46.63
1735526191, 4, 7, 10, 0, 0, 0.01%, 0, 0, 1, 45.27
1735526196, 4, 8, 10, 0, 0, 0.01%, 0, 0, 1, 44.57
1735526201, 4, 9, 10, 0, 0, 0.01%, 0, 0, 1, 45.37
1735526207, 5, 0, 10, 0, 0, 0.01%, 0, 0, 1, 46.74
1735526212, 5, 1, 10, 0, 0, 0.01%, 0, 0, 1, 45.82
1735526222, 5, 2, 10, 0, 0, 0.01%, 0, 0, 1, 45.22
1735526227, 5, 3, 10, 0, 0, 0.01%, 0, 0, 1, 45.61
1735526232, 5, 4, 10, 0, 0, 0.01%, 0, 0, 1, 44.23
1735526237, 5, 5, 10, 0, 0, 0.01%, 0, 0, 1, 46.40
1735526242, 5, 6, 10, 0, 0, 0.01%, 0, 0, 1, 45.56
1735526247, 5, 7, 10, 0, 0, 0.01%, 0, 0, 1, 47.19
1735526252, 5, 8, 10, 0, 0, 0.01%, 0, 0, 1, 44.95
1735526257, 5, 9, 10, 0, 0, 0.01%, 0, 0, 1, 46.67
1735526262, 6, 0, 10, 0, 0, 0.01%, 0, 0, 1, 46.04
1735526273, 6, 1, 10, 0, 0, 0.01%, 0, 0, 1, 45.96
1735526278, 6, 2, 10, 0, 0, 0.01%, 0, 0, 1, 48.76
1735526283, 6, 3, 10, 0, 0, 0.01%, 0, 0, 1, 45.65
1735526288, 6, 4, 10, 0, 0, 0.01%, 0, 0, 1, 48.70
1735526293, 6, 5, 10, 0, 0, 0.01%, 0, 0, 1, 45.45
1735526298, 6, 6, 10, 0, 0, 0.01%, 0, 0, 1, 46.99
1735526303, 6, 7, 10, 0, 0, 0.01%, 0, 0, 1, 46.60
1735526308, 6, 8, 10, 0, 0, 0.01%, 0, 0, 1, 45.63
1735526313, 6, 9, 10, 0, 0, 0.01%, 0, 0, 1, 46.97
1735526318, 7, 0, 10, 0, 0, 0.01%, 0, 0, 1, 48.39
1735526323, 7, 1, 10, 0, 0, 0.01%, 0, 0, 1, 46.14
1735526334, 7, 2, 10, 0, 0, 0.01%, 0, 0, 1, 44.18
1735526339, 7, 3, 10, 0, 0, 0.01%, 0, 0, 1, 45.58
1735526344, 7, 4, 10, 0, 0, 0.01%, 0, 0, 1, 46.21
1735526349, 7, 5, 10, 0, 0, 0.01%, 0, 0, 1, 47.06
1735526354, 7, 6, 10, 0, 0, 0.01%, 0, 0, 1, 45.98
1735526359, 7, 7, 10, 0, 0, 0.01%, 0, 0, 1, 45.30
1735526364, 7, 8, 10, 0, 0, 0.01%, 0, 0, 1, 45.22
1735526369, 7, 9, 10, 0, 0, 0.01%, 0, 0, 1, 47.63
1735526374, 8, 0, 10, 0, 0, 0.01%, 0, 0, 1, 44.76
1735526379, 8, 1, 10, 0, 0, 0.01%, 0, 0, 1, 45.28
1735526389, 8, 2, 10, 0, 0, 0.01%, 0, 0, 1, 44.12
1735526395, 8, 3, 10, 0, 0, 0.01%, 0, 0, 1, 45.47
1735526400, 8, 4, 10, 0, 0, 0.01%, 0, 0, 1, 45.44
1735526405, 8, 5, 10, 0, 0, 0.01%, 0, 0, 1, 47.62
1735526410, 8, 6, 10, 0, 0, 0.01%, 0, 0, 1, 44.78
1735526415, 8, 7, 10, 0, 0, 0.01%, 0, 0, 1, 45.47
1735526420, 8, 8, 10, 0, 0, 0.01%, 0, 0, 1, 44.62
1735526425, 8, 9, 10, 0, 0, 0.01%, 0, 0, 1, 45.12
1735526430, 9, 0, 10, 0, 0, 0.01%, 0, 0, 1, 42.83
1735526440, 9, 1, 10, 0, 0, 0.01%, 0, 0, 1, 45.96
1735526445, 9, 2, 10, 0, 0, 0.01%, 0, 0, 1, 44.76
1735526450, 9, 3, 10, 0, 0, 0.01%, 0, 0, 1, 46.41
1735526456, 9, 4, 10, 0, 0, 0.01%, 0, 0, 1, 46.10
1735526461, 9, 5, 10, 0, 0, 0.01%, 0, 0, 1, 45.28
1735526466, 9, 6, 10, 0, 0, 0.01%, 0, 0, 1, 45.86
1735526471, 9, 7, 10, 0, 0, 0.01%, 0, 0, 1, 45.51
1735526476, 9, 8, 10, 0, 0, 0.01%, 0, 0, 1, 44.99
1735526481, 9, 9, 10, 0, 0, 0.01%, 0, 0, 1, 46.43
1735526486, 10, 0, 10, 0, 0, 0.01%, 0, 0, 1, 48.23
1735526491, 10, 1, 10, 0, 0, 0.01%, 0, 0, 1, 47.83
1735526501, 10, 2, 10, 0, 0, 0.01%, 0, 0, 1, 46.77
1735526506, 10, 3, 10, 0, 0, 0.01%, 0, 0, 1, 43.98
1735526511, 10, 4, 10, 0, 0, 0.01%, 0, 0, 1, 45.95
1735526516, 10, 5, 10, 0, 0, 0.01%, 0, 0, 1, 44.93
1735526521, 10, 6, 10, 0, 0, 0.01%, 0, 0, 1, 44.98
1735526527, 10, 7, 10, 0, 0, 0.01%, 0, 0, 1, 44.55
1735526532, 10, 8, 10, 0, 0, 0.01%, 0, 0, 1, 46.05
1735526537, 10, 9, 10, 0, 0, 0.01%, 0, 0, 1, 46.14
1735526542, 11, 0, 10, 0, 0, 0.01%, 0, 0, 1, 47.49
1735526552, 11, 1, 10, 0, 0, 0.01%, 0, 0, 1, 49.76
1735526557, 11, 2, 10, 0, 0, 0.01%, 0, 0, 1, 45.67
1735526562, 11, 3, 10, 0, 0, 0.01%, 0, 0, 1, 45.68
1735526567, 11, 4, 10, 0, 0, 0.01%, 0, 0, 1, 45.85
1735526572, 11, 5, 10, 0, 0, 0.01%, 0, 0, 1, 48.08
1735526577, 11, 6, 10, 0, 0, 0.01%, 0, 0, 1, 47.79
1735526582, 11, 7, 10, 0, 0, 0.01%, 0, 0, 1, 46.81
1735526587, 11, 8, 10, 0, 0, 0.01%, 0, 0, 1, 46.70
1735526592, 11, 9, 10, 0, 0, 0.01%, 0, 0, 1, 48.51
1735526598, 12, 0, 10, 0, 0, 0.01%, 0, 0, 1, 47.45
1735526603, 12, 1, 10, 0, 0, 0.01%, 0, 0, 1, 47.09
1735526608, 12, 2, 10, 0, 0, 0.01%, 0, 0, 1, 45.89
1735526613, 12, 3, 10, 0, 0, 0.01%, 0, 0, 1, 50.60
1735526618, 12, 4, 10, 0, 0, 0.01%, 0, 0, 1, 48.22
1735526628, 12, 5, 10, 0, 0, 0.01%, 0, 0, 1, 48.22
1735526633, 12, 6, 10, 0, 0, 0.01%, 0, 0, 1, 47.87
1735526638, 12, 7, 10, 0, 0, 0.01%, 0, 0, 1, 49.33
1735526643, 12, 8, 10, 0, 0, 0.01%, 0, 0, 1, 47.60
1735526648, 12, 9, 10, 0, 0, 0.01%, 0, 0, 1, 48.09
1735526653, 13, 0, 10, 0, 0, 0.01%, 0, 0, 1, 47.00
1735526658, 13, 1, 10, 0, 0, 0.01%, 0, 0, 1, 48.32
1735526664, 13, 2, 10, 0, 0, 0.01%, 0, 0, 1, 46.85
1735526669, 13, 3, 10, 0, 0, 0.01%, 0, 0, 1, 47.55
1735526674, 13, 4, 10, 0, 0, 0.01%, 0, 0, 1, 47.18
1735526679, 13, 5, 10, 0, 0, 0.01%, 0, 0, 1, 48.01
1735526684, 13, 6, 10, 0, 0, 0.01%, 0, 0, 1, 49.15
1735526689, 13, 7, 10, 0, 0, 0.01%, 0, 0, 1, 48.93
1735526694, 13, 8, 10, 0, 0, 0.01%, 0, 0, 1, 48.23
1735526699, 13, 9, 10, 0, 0, 0.01%, 0, 0, 1, 49.83
1735526704, 14, 0, 10, 0, 0, 0.01%, 0, 0, 1, 46.29
1735526714, 14, 1, 10, 0, 0, 0.01%, 0, 0, 1, 48.49
1735526719, 14, 2, 10, 0, 0, 0.01%, 0, 0, 1, 46.11
1735526724, 14, 3, 10, 0, 0, 0.01%, 0, 0, 1, 48.11
1735526729, 14, 4, 10, 0, 0, 0.01%, 0, 0, 1, 46.50
1735526734, 14, 5, 10, 0, 0, 0.01%, 0, 0, 1, 46.88
1735526740, 14, 6, 10, 0, 0, 0.01%, 0, 0, 1, 45.49
1735526745, 14, 7, 10, 0, 0, 0.01%, 0, 0, 1, 45.31
1735526750, 14, 8, 10, 0, 0, 0.01%, 0, 0, 1, 44.64
1735526755, 14, 9, 10, 0, 0, 0.01%, 0, 0, 1, 46.04
1735526760, 15, 0, 10, 0, 0, 0.01%, 0, 0, 1, 47.80
1735526765, 15, 1, 10, 0, 0, 0.01%, 0, 0, 1, 47.42
1735526770, 15, 2, 10, 0, 0, 0.01%, 0, 0, 1, 47.20
1735526780, 15, 3, 10, 0, 0, 0.01%, 0, 0, 1, 48.17
1735526785, 15, 4, 10, 0, 0, 0.01%, 0, 0, 1, 46.52
1735526790, 15, 5, 10, 0, 0, 0.01%, 0, 0, 1, 40.52
1735526811, 15, 6, 10, 0, 0, 0.01%, 0, 0, 1, 40.55
1735526831, 15, 7, 10, 0, 0, 0.01%, 0, 0, 1, 40.58
1735526852, 15, 8, 10, 0, 0, 0.01%, 0, 0, 1, 40.95
1735526872, 15, 9, 10, 0, 0, 0.01%, 0, 0, 1, 41.63
1735526892, 16, 0, 10, 0, 0, 0.01%, 0, 0, 1, 41.45
1735526913, 16, 1, 10, 0, 0, 0.01%, 0, 0, 1, 41.79
1735526933, 16, 2, 10, 0, 0, 0.01%, 0, 0, 1, 41.13
1735526953, 16, 3, 10, 0, 0, 0.01%, 0, 0, 1, 47.42
1735526958, 16, 4, 10, 0, 0, 0.01%, 0, 0, 1, 48.22
1735526963, 16, 5, 10, 0, 0, 0.01%, 0, 0, 1, 47.78
1735526968, 16, 6, 10, 0, 0, 0.01%, 0, 0, 1, 45.92
1735526973, 16, 7, 10, 0, 0, 0.01%, 0, 0, 1, 48.54
1735526979, 16, 8, 10, 0, 0, 0.01%, 0, 0, 1, 48.08
1735526984, 16, 9, 10, 0, 0, 0.01%, 0, 0, 1, 48.46
1735526989, 17, 0, 10, 0, 0, 0.01%, 0, 0, 1, 47.43
1735526994, 17, 1, 10, 0, 0, 0.01%, 0, 0, 1, 46.62
1735526999, 17, 2, 10, 0, 0, 0.01%, 0, 0, 1, 48.79
1735527004, 17, 3, 10, 0, 0, 0.01%, 0, 0, 1, 47.39
1735527009, 17, 4, 10, 0, 0, 0.01%, 0, 0, 1, 48.49
1735527014, 17, 5, 10, 0, 0, 0.01%, 0, 0, 1, 46.68
1735527019, 17, 6, 10, 0, 0, 0.01%, 0, 0, 1, 49.23
1735527024, 17, 7, 10, 0, 0, 0.01%, 0, 0, 1, 48.95
1735527029, 17, 8, 10, 0, 0, 0.01%, 0, 0, 1, 50.19
1735527039, 17, 9, 10, 0, 0, 0.01%, 0, 0, 1, 47.58
1735527044, 18, 0, 10, 0, 0, 0.01%, 0, 0, 1, 47.90
1735527049, 18, 1, 10, 0, 0, 0.01%, 0, 0, 1, 48.23
1735527054, 18, 2, 10, 0, 0, 0.01%, 0, 0, 1, 45.84
1735527059, 18, 3, 10, 0, 0, 0.01%, 0, 0, 1, 50.05
1735527065, 18, 4, 10, 0, 0, 0.01%, 0, 0, 1, 49.03
1735527070, 18, 5, 10, 0, 0, 0.01%, 0, 0, 1, 48.21
1735527075, 18, 6, 10, 0, 0, 0.01%, 0, 0, 1, 45.25
1735527080, 18, 7, 10, 0, 0, 0.01%, 0, 0, 1, 49.35
1735527085, 18, 8, 10, 0, 0, 0.01%, 0, 0, 1, 46.57
1735527090, 18, 9, 10, 0, 0, 0.01%, 0, 0, 1, 50.00
1735527095, 19, 0, 10, 0, 0, 0.01%, 0, 0, 1, 46.33
1735527100, 19, 1, 10, 0, 0, 0.01%, 0, 0, 1, 49.28
1735527105, 19, 2, 10, 0, 0, 0.01%, 0, 0, 1, 46.85
1735527110, 19, 3, 10, 0, 0, 0.01%, 0, 0, 1, 47.15
1735527115, 19, 4, 10, 0, 0, 0.01%, 0, 0, 1, 49.53
1735527125, 19, 5, 10, 0, 0, 0.01%, 0, 0, 1, 46.83
1735527130, 19, 6, 10, 0, 0, 0.01%, 0, 0, 1, 47.03
1735527135, 19, 7, 10, 0, 0, 0.01%, 0, 0, 1, 45.12
1735527140, 19, 8, 10, 0, 0, 0.01%, 0, 0, 1, 47.85
1735527146, 19, 9, 10, 0, 0, 0.01%, 0, 0, 1, 48.84
1735527151, 20, 0, 10, 0, 0, 0.01%, 0, 0, 1, 47.56
1735527156, 20, 1, 10, 0, 0, 0.01%, 0, 0, 1, 46.39
1735527161, 20, 2, 10, 0, 0, 0.01%, 0, 0, 1, 48.89
1735527166, 20, 3, 10, 0, 0, 0.01%, 0, 0, 1, 47.11
1735527171, 20, 4, 10, 0, 0, 0.01%, 0, 0, 1, 49.70
1735527176, 20, 5, 10, 0, 0, 0.01%, 0, 0, 1, 48.32
1735527181, 20, 6, 10, 0, 0, 0.01%, 0, 0, 1, 48.37
1735527186, 20, 7, 10, 0, 0, 0.01%, 0, 0, 1, 46.00
1735527191, 20, 8, 10, 0, 0, 0.01%, 0, 0, 1, 47.73
1735527197, 20, 9, 10, 0, 0, 0.01%, 0, 0, 1, 48.06
1735527202, 21, 0, 10, 0, 0, 0.01%, 0, 0, 1, 46.82
1735527207, 21, 1, 10, 0, 0, 0.01%, 0, 0, 1, 49.09
1735527217, 21, 2, 10, 0, 0, 0.01%, 0, 0, 1, 48.74
1735527222, 21, 3, 10, 0, 0, 0.01%, 0, 0, 1, 47.37
1735527227, 21, 4, 10, 0, 0, 0.01%, 0, 0, 1, 44.69
1735527232, 21, 5, 10, 0, 0, 0.01%, 0, 0, 1, 47.42
1735527237, 21, 6, 10, 0, 0, 0.01%, 0, 0, 1, 46.17
1735527242, 21, 7, 10, 0, 0, 0.01%, 0, 0, 1, 47.83
1735527247, 21, 8, 10, 0, 0, 0.01%, 0, 0, 1, 46.44
1735527252, 21, 9, 10, 0, 0, 0.01%, 0, 0, 1, 47.14
1735527257, 22, 0, 10, 0, 0, 0.01%, 0, 0, 1, 48.89
1735527262, 22, 1, 10, 0, 0, 0.01%, 0, 0, 1, 48.12
1735527268, 22, 2, 10, 0, 0, 0.01%, 0, 0, 1, 46.72
1735527273, 22, 3, 10, 0, 0, 0.01%, 0, 0, 1, 46.93
1735527278, 22, 4, 10, 0, 0, 0.01%, 0, 0, 1, 49.20
1735527283, 22, 5, 10, 0, 0, 0.01%, 0, 0, 1, 47.95
1735527288, 22, 6, 10, 0, 0, 0.01%, 0, 0, 1, 51.26
1735527293, 22, 7, 10, 0, 0, 0.01%, 0, 0, 1, 46.36
1735527298, 22, 8, 10, 0, 0, 0.01%, 0, 0, 1, 48.00
1735527303, 22, 9, 10, 0, 0, 0.01%, 0, 0, 1, 47.22
1735527313, 23, 0, 10, 0, 0, 0.01%, 0, 0, 1, 47.72
1735527318, 23, 1, 10, 0, 0, 0.01%, 0, 0, 1, 51.65
1735527323, 23, 2, 10, 0, 0, 0.01%, 0, 0, 1, 48.56
1735527328, 23, 3, 10, 0, 0, 0.01%, 0, 0, 1, 49.60
1735527333, 23, 4, 10, 0, 0, 0.01%, 0, 0, 1, 48.73
1735527338, 23, 5, 10, 0, 0, 0.01%, 0, 0, 1, 46.13
1735527344, 23, 6, 10, 0, 0, 0.01%, 0, 0, 1, 47.84
1735527349, 23, 7, 10, 0, 0, 0.01%, 0, 0, 1, 48.17
1735527354, 23, 8, 10, 0, 0, 0.01%, 0, 0, 1, 47.85
1735527359, 23, 9, 10, 0, 0, 0.01%, 0, 0, 1, 46.41
1735527364, 24, 0, 10, 0, 0, 0.01%, 0, 0, 1, 46.07
1735527369, 24, 1, 10, 0, 0, 0.01%, 0, 0, 1, 46.72
1735527374, 24, 2, 10, 0, 0, 0.01%, 0, 0, 1, 47.24
1735527379, 24, 3, 10, 0, 0, 0.01%, 0, 0, 1, 47.99
1735527384, 24, 4, 10, 0, 0, 0.01%, 0, 0, 1, 45.83
1735527389, 24, 5, 10, 0, 0, 0.01%, 0, 0, 1, 48.56
1735527400, 24, 6, 10, 0, 0, 0.01%, 0, 0, 1, 47.18
1735527405, 24, 7, 10, 0, 0, 0.01%, 0, 0, 1, 47.52
1735527410, 24, 8, 10, 0, 0, 0.01%, 0, 0, 1, 46.57
1735527415, 24, 9, 10, 0, 0, 0.01%, 0, 0, 1, 46.70
1735527420, 25, 0, 10, 0, 0, 0.01%, 0, 0, 1, 46.12
1735527425, 25, 1, 10, 0, 0, 0.01%, 0, 0, 1, 45.44
1735527430, 25, 2, 10, 0, 0, 0.01%, 0, 0, 1, 47.58
1735527435, 25, 3, 10, 0, 0, 0.01%, 0, 0, 1, 46.49
1735527440, 25, 4, 10, 0, 0, 0.01%, 0, 0, 1, 50.68
1735527445, 25, 5, 10, 0, 0, 0.01%, 0, 0, 1, 50.26
1735527450, 25, 6, 10, 0, 0, 0.01%, 0, 0, 1, 47.50
1735527455, 25, 7, 10, 0, 0, 0.01%, 0, 0, 1, 48.33
1735527460, 25, 8, 10, 0, 0, 0.01%, 0, 0, 1, 48.86
1735527466, 25, 9, 10, 0, 0, 0.01%, 0, 0, 1, 47.53
1735527471, 26, 0, 10, 0, 0, 0.01%, 0, 0, 1, 46.88
1735527481, 26, 1, 10, 0, 0, 0.01%, 0, 0, 1, 47.63
1735527486, 26, 2, 10, 0, 0, 0.01%, 0, 0, 1, 48.34
1735527491, 26, 3, 10, 0, 0, 0.01%, 0, 0, 1, 50.03
1735527496, 26, 4, 10, 0, 0, 0.01%, 0, 0, 1, 49.01
1735527501, 26, 5, 10, 0, 0, 0.01%, 0, 0, 1, 47.04
1735527506, 26, 6, 10, 0, 0, 0.01%, 0, 0, 1, 46.98
1735527511, 26, 7, 10, 0, 0, 0.01%, 0, 0, 1, 46.02
1735527516, 26, 8, 10, 0, 0, 0.01%, 0, 0, 1, 49.64
1735527521, 26, 9, 10, 0, 0, 0.01%, 0, 0, 1, 48.26
1735527526, 27, 0, 10, 0, 0, 0.01%, 0, 0, 1, 47.33
1735527531, 27, 1, 10, 0, 0, 0.01%, 0, 0, 1, 47.90
1735527537, 27, 2, 10, 0, 0, 0.01%, 0, 0, 1, 46.01
1735527542, 27, 3, 10, 0, 0, 0.01%, 0, 0, 1, 46.15
1735527547, 27, 4, 10, 0, 0, 0.01%, 0, 0, 1, 46.50
1735527552, 27, 5, 10, 0, 0, 0.01%, 0, 0, 1, 48.69
1735527557, 27, 6, 10, 0, 0, 0.01%, 0, 0, 1, 45.96
1735527567, 27, 7, 10, 0, 0, 0.01%, 0, 0, 1, 47.51
1735527572, 27, 8, 10, 0, 0, 0.01%, 0, 0, 1, 48.52
1735527577, 27, 9, 10, 0, 0, 0.01%, 0, 0, 1, 49.26
1735527582, 28, 0, 10, 0, 0, 0.01%, 0, 0, 1, 50.11
1735527587, 28, 1, 10, 0, 0, 0.01%, 0, 0, 1, 46.33
1735527592, 28, 2, 10, 0, 0, 0.01%, 0, 0, 1, 44.99
1735527597, 28, 3, 10, 0, 0, 0.01%, 0, 0, 1, 48.22
1735527602, 28, 4, 10, 0, 0, 0.01%, 0, 0, 1, 46.89
1735527607, 28, 5, 10, 0, 0, 0.01%, 0, 0, 1, 46.98
1735527612, 28, 6, 10, 0, 0, 0.01%, 0, 0, 1, 48.54
1735527617, 28, 7, 10, 0, 0, 0.01%, 0, 0, 1, 48.44
1735527623, 28, 8, 10, 0, 0, 0.01%, 0, 0, 1, 46.58
1735527628, 28, 9, 10, 0, 0, 0.01%, 0, 0, 1, 47.82
1735527633, 29, 0, 10, 0, 0, 0.01%, 0, 0, 1, 49.58
1735527638, 29, 1, 10, 0, 0, 0.01%, 0, 0, 1, 46.03
1735527643, 29, 2, 10, 0, 0, 0.01%, 0, 0, 1, 46.13
1735527653, 29, 3, 10, 0, 0, 0.01%, 0, 0, 1, 47.81
1735527658, 29, 4, 10, 0, 0, 0.01%, 0, 0, 1, 47.58
1735527663, 29, 5, 10, 0, 0, 0.01%, 0, 0, 1, 47.45
1735527668, 29, 6, 10, 0, 0, 0.01%, 0, 0, 1, 46.98
1735527673, 29, 7, 10, 0, 0, 0.01%, 0, 0, 1, 48.47
1735527678, 29, 8, 10, 0, 0, 0.01%, 0, 0, 1, 47.90
1735527683, 29, 9, 10, 0, 0, 0.01%, 0, 0, 1, 49.28
1735527688, 30, 0, 10, 0, 0, 0.01%, 0, 0, 1, 48.29
1735527694, 30, 1, 10, 0, 0, 0.01%, 0, 0, 1, 51.10
1735527699, 30, 2, 10, 0, 0, 0.01%, 0, 0, 1, 49.06
1735527704, 30, 3, 10, 0, 0, 0.01%, 0, 0, 1, 51.62
1735527709, 30, 4, 10, 0, 0, 0.01%, 0, 0, 1, 47.74
1735527714, 30, 5, 10, 0, 0, 0.01%, 0, 0, 1, 46.33
1735527719, 30, 6, 10, 0, 0, 0.01%, 0, 0, 1, 47.81
1735527724, 30, 7, 10, 0, 0, 0.01%, 0, 0, 1, 47.23
1735527729, 30, 8, 10, 0, 0, 0.01%, 0, 0, 1, 48.66
1735527734, 30, 9, 10, 0, 0, 0.01%, 0, 0, 1, 45.16
1735527744, 31, 0, 10, 0, 0, 0.01%, 0, 0, 1, 43.61
1735527749, 31, 1, 10, 0, 0, 0.01%, 0, 0, 1, 47.01
1735527754, 31, 2, 10, 0, 0, 0.01%, 0, 0, 1, 47.82
1735527759, 31, 3, 10, 0, 0, 0.01%, 0, 0, 1, 47.92
1735527764, 31, 4, 10, 0, 0, 0.01%, 0, 0, 1, 46.60
1735527769, 31, 5, 10, 0, 0, 0.01%, 0, 0, 1, 46.24
1735527774, 31, 6, 10, 0, 0, 0.01%, 0, 0, 1, 45.45
1735527779, 31, 7, 10, 0, 0, 0.01%, 0, 0, 1, 47.13
1735527784, 31, 8, 10, 0, 0, 0.01%, 0, 0, 1, 47.96
1735527790, 31, 9, 10, 0, 0, 0.01%, 0, 0, 1, 45.70
1735527795, 32, 0, 10, 0, 0, 0.01%, 0, 0, 1, 48.10
1735527800, 32, 1, 10, 0, 0, 0.01%, 0, 0, 1, 47.14
1735527805, 32, 2, 10, 0, 0, 0.01%, 0, 0, 1, 45.99
1735527815, 32, 3, 10, 0, 0, 0.01%, 0, 0, 1, 47.82
1735527820, 32, 4, 10, 0, 0, 0.01%, 0, 0, 1, 49.16
1735527825, 32, 5, 10, 0, 0, 0.01%, 0, 0, 1, 46.34
1735527830, 32, 6, 10, 0, 0, 0.01%, 0, 0, 1, 47.12
1735527835, 32, 7, 10, 0, 0, 0.01%, 0, 0, 1, 46.92
1735527840, 32, 8, 10, 0, 0, 0.01%, 0, 0, 1, 45.63
1735527845, 32, 9, 10, 0, 0, 0.01%, 0, 0, 1, 47.33
1735527850, 33, 0, 10, 0, 0, 0.01%, 0, 0, 1, 48.65
1735527855, 33, 1, 10, 0, 0, 0.01%, 0, 0, 1, 47.32
1735527860, 33, 2, 10, 0, 0, 0.01%, 0, 0, 1, 46.07
1735527865, 33, 3, 10, 0, 0, 0.01%, 0, 0, 1, 46.30
1735527870, 33, 4, 10, 0, 0, 0.01%, 0, 0, 1, 49.89
1735527875, 33, 5, 10, 0, 0, 0.01%, 0, 0, 1, 47.62
1735527880, 33, 6, 10, 0, 0, 0.01%, 0, 0, 1, 48.86
1735527886, 33, 7, 10, 0, 0, 0.01%, 0, 0, 1, 46.88
1735527896, 33, 8, 10, 0, 0, 0.01%, 0, 0, 1, 45.90
1735527901, 33, 9, 10, 0, 0, 0.01%, 0, 0, 1, 46.12
1735527906, 34, 0, 10, 0, 0, 0.01%, 0, 0, 1, 45.45
1735527911, 34, 1, 10, 0, 0, 0.01%, 0, 0, 1, 47.08
1735527916, 34, 2, 10, 0, 0, 0.01%, 0, 0, 1, 47.03
1735527921, 34, 3, 10, 0, 0, 0.01%, 0, 0, 1, 47.10
1735527926, 34, 4, 10, 0, 0, 0.01%, 0, 0, 1, 50.91
1735527931, 34, 5, 10, 0, 0, 0.01%, 0, 0, 1, 51.84
1735527936, 34, 6, 10, 0, 0, 0.01%, 0, 0, 1, 49.63
1735527942, 34, 7, 10, 0, 0, 0.01%, 0, 0, 1, 47.21
1735527947, 34, 8, 10, 0, 0, 0.01%, 0, 0, 1, 46.09
1735527952, 34, 9, 10, 0, 0, 0.01%, 0, 0, 1, 46.51
1735527957, 35, 0, 10, 0, 0, 0.01%, 0, 0, 1, 48.08
1735527962, 35, 1, 10, 0, 0, 0.01%, 0, 0, 1, 47.28
1735527967, 35, 2, 10, 0, 0, 0.01%, 0, 0, 1, 44.84
1735527977, 35, 3, 10, 0, 0, 0.01%, 0, 0, 1, 44.53
1735527982, 35, 4, 10, 0, 0, 0.01%, 0, 0, 1, 49.03
1735527987, 35, 5, 10, 0, 0, 0.01%, 0, 0, 1, 48.56
1735527992, 35, 6, 10, 0, 0, 0.01%, 0, 0, 1, 49.81
1735527997, 35, 7, 10, 0, 0, 0.01%, 0, 0, 1, 44.92
1735528002, 35, 8, 10, 0, 0, 0.01%, 0, 0, 1, 47.92
1735528007, 35, 9, 10, 0, 0, 0.01%, 0, 0, 1, 46.65
1735528012, 36, 0, 10, 0, 0, 0.01%, 0, 0, 1, 45.69
1735528017, 36, 1, 11, 1, 0, 0.14%, 1, 0, 2, 47.56
1735528023, 36, 10, 12, 2, 1, 0.14%, 2, 0, 3, 50.63
1735528028, 36, 10, 13, 3, 1, 0.14%, 3, 0, 3, 59.37
1735528099, 36, 12, 13, 1, 1, 0.14%, 3, 0, 3, 67.07
1735528150, 36, 12, 14, 2, 1, 0.14%, 4, 0, 4, 52.50
1735528165, 36, 12, 15, 3, 1, 0.14%, 4, 0, 4, 54.74
1735528190, 36, 12, 16, 4, 1, 0.14%, 5, 0, 4, 53.41
1735528200, 36, 12, 17, 5, 1, 0.14%, 5, 0, 4, 47.59
1735528215, 36, 13, 18, 5, 3, 0.14%, 5, 0, 5, 64.94
1735528266, 36, 13, 19, 6, 3, 0.14%, 5, 0, 5, 52.16
1735528271, 36, 13, 20, 7, 3, 0.14%, 5, 0, 5, 56.68
1735528373, 36, 18, 25, 10, 2, 0.14%, 5, 0, 6, 66.94
1735528480, 36, 18, 27, 12, 2, 0.14%, 5, 0, 6, 63.52
1735528485, 36, 18, 29, 14, 2, 0.14%, 5, 0, 6, 56.47
1735528490, 36, 28, 29, 13, 1, 0.14%, 5, 0, 6, 41.68
1735528495, 37, 15, 29, 12, 0, 0.14%, 5, 0, 6, 84.55
1735528531, 37, 15, 30, 13, 0, 0.14%, 5, 0, 6, 70.48
1735528536, 37, 15, 32, 15, 0, 0.14%, 5, 0, 6, 59.13
1735528541, 37, 15, 33, 16, 0, 0.14%, 5, 0, 6, 63.55
1735528602, 37, 15, 34, 17, 0, 0.14%, 5, 0, 6, 61.44
1735528627, 37, 31, 34, 16, 1, 0.14%, 5, 0, 6, 93.39
1735528703, 38, 16, 34, 15, 0, 0.14%, 5, 0, 6, 76.82
1735528774, 38, 28, 34, 13, 0, 0.14%, 5, 0, 6, 98.36
1735528902, 38, 28, 35, 14, 0, 0.14%, 6, 0, 7, 105.22
1735529468, 38, 28, 36, 15, 0, 0.14%, 6, 0, 7, 70.00
1735529545, 38, 35, 36, 15, 1, 0.14%, 6, 0, 7, 66.51
1735529892, 39, 14, 36, 14, 0, 0.14%, 6, 0, 7, 47.61
1735530657, 39, 26, 36, 11, 0, 0.14%, 6, 0, 7, 45.81
1735531371, 40, 31, 36, 8, 0, 0.14%, 6, 0, 7, 51.81
1735531397, 40, 31, 37, 9, 0, 0.14%, 6, 0, 7, 51.02
1735531407, 40, 36, 38, 10, 1, 0.14%, 6, 0, 7, 66.36
1735531458, 40, 36, 39, 11, 1, 0.14%, 6, 0, 7, 55.86
1735531504, 40, 38, 39, 10, 1, 0.14%, 6, 0, 7, 48.57
1735531708, 40, 38, 40, 11, 1, 0.14%, 6, 0, 8, 113.36
1735531729, 40, 38, 41, 12, 1, 0.14%, 7, 0, 8, 75.74
1735531800, 40, 39, 41, 11, 2, 0.14%, 7, 0, 8, 66.43
1735531805, 40, 40, 41, 10, 1, 0.14%, 7, 0, 8, 70.05
1735532029, 43, 30, 41, 2, 0, 0.14%, 7, 0, 8, 65.69
1735532095, 43, 33, 41, 2, 0, 0.14%, 7, 0, 8, 110.22
1735532238, 44, 19, 41, 1, 0, 0.14%, 7, 0, 8, 68.72
1735532299, 46, 33, 41, 0, 0, 0.14%, 7, 0, 8, 72.89
1735532314, 47, 33, 41, 0, 0, 0.14%, 7, 0, 8, 70.01
1735532329, 48, 21, 41, 0, 0, 0.14%, 7, 0, 8, 81.71
1735532380, 48, 33, 41, 0, 0, 0.14%, 7, 0, 8, 70.80
1735532416, 49, 21, 41, 0, 0, 0.14%, 7, 0, 8, 67.35
1735532431, 49, 33, 41, 0, 0, 0.14%, 7, 0, 8, 68.98
1735532467, 50, 19, 41, 0, 0, 0.14%, 7, 0, 8, 62.83
1735532482, 50, 21, 41, 0, 0, 0.14%, 7, 0, 8, 62.71
1735532498, 50, 33, 41, 0, 0, 0.14%, 7, 0, 8, 69.72
1735532528, 51, 19, 41, 0, 0, 0.14%, 7, 0, 8, 71.81
1735532533, 51, 21, 41, 0, 0, 0.14%, 7, 0, 8, 65.42
1735532564, 51, 33, 41, 0, 0, 0.14%, 7, 0, 8, 62.79
1735532599, 52, 19, 41, 0, 0, 0.14%, 7, 0, 8, 63.99
1735532614, 52, 21, 41, 0, 0, 0.14%, 7, 0, 8, 63.95
1735532650, 52, 33, 41, 0, 0, 0.14%, 7, 0, 8, 76.37
1735532681, 53, 19, 41, 0, 0, 0.14%, 7, 0, 8, 70.88
1735532706, 53, 21, 41, 0, 0, 0.14%, 7, 0, 8, 61.69
1735532741, 53, 33, 41, 0, 0, 0.14%, 7, 0, 8, 81.58
1735532771, 54, 19, 41, 0, 0, 0.14%, 7, 0, 8, 68.03
1735532812, 54, 21, 41, 0, 0, 0.14%, 7, 0, 8, 66.30
1735532843, 54, 33, 41, 0, 0, 0.14%, 7, 0, 8, 78.34
1735532873, 55, 19, 41, 0, 0, 0.14%, 7, 0, 8, 61.76
1735532914, 55, 21, 41, 0, 0, 0.14%, 7, 0, 8, 65.14
1735532944, 55, 33, 41, 0, 0, 0.14%, 7, 0, 8, 74.80
1735532975, 56, 19, 41, 0, 0, 0.14%, 7, 0, 8, 69.60
1735533015, 56, 21, 41, 0, 0, 0.14%, 7, 0, 8, 64.15
1735533045, 56, 33, 41, 0, 0, 0.14%, 7, 0, 8, 75.20
1735533081, 57, 19, 41, 0, 0, 0.14%, 7, 0, 8, 63.50
1735533117, 57, 33, 41, 0, 0, 0.14%, 7, 0, 8, 70.77
1735533152, 58, 33, 41, 0, 0, 0.14%, 7, 0, 8, 74.79
1735533183, 74, 31, 41, 0, 0, 0.14%, 7, 0, 8, 66.10
1735533203, 92, 11, 41, 0, 0, 0.14%, 7, 0, 8, 79.64
1735533228, 96, 31, 41, 0, 0, 0.14%, 7, 0, 8, 66.99
1735533264, 98, 29, 41, 0, 0, 0.14%, 7, 0, 8, 87.19
1735533320, 106, 11, 41, 0, 0, 0.14%, 7, 0, 8, 54.64
1735533340, 129, 30, 41, 0, 0, 0.14%, 7, 0, 8, 69.44
1735533355, 132, 30, 41, 0, 0, 0.14%, 7, 0, 8, 63.11
1735533396, 132, 34, 41, 0, 0, 0.14%, 7, 0, 8, 112.06
1735533753, 133, 31, 41, 0, 0, 0.14%, 7, 0, 8, 66.18
1735533793, 135, 31, 41, 0, 0, 0.14%, 7, 0, 8, 56.20
1735533829, 141, 11, 41, 0, 0, 0.14%, 7, 0, 8, 61.42
1735533870, 142, 11, 41, 0, 0, 0.14%, 7, 0, 8, 60.88
1735533885, 146, 12, 41, 0, 0, 0.14%, 7, 0, 8, 64.98
1735533895, 147, 16, 41, 0, 0, 0.14%, 7, 0, 8, 63.34
1735533915, 147, 29, 41, 0, 0, 0.14%, 7, 0, 8, 65.81
1735533951, 148, 32, 41, 0, 0, 0.14%, 7, 0, 8, 78.57
1735534043, 149, 12, 41, 0, 0, 0.14%, 7, 0, 8, 58.54
1735534048, 154, 16, 41, 0, 0, 0.14%, 7, 0, 8, 62.41
1735534089, 158, 16, 41, 0, 0, 0.14%, 7, 0, 8, 59.89
1735534109, 159, 36, 41, 0, 0, 0.14%, 7, 0, 8, 67.05
1735534129, 162, 15, 41, 0, 0, 0.14%, 7, 0, 8, 68.21
1735534144, 162, 34, 41, 0, 0, 0.14%, 7, 0, 8, 57.46
1735534154, 167, 14, 41, 0, 0, 0.14%, 7, 0, 8, 64.86
1735534159, 168, 39, 41, 0, 0, 0.14%, 7, 0, 8, 89.12
1735534464, 169, 16, 41, 0, 0, 0.14%, 7, 0, 8, 61.90
1735534500, 169, 29, 41, 0, 0, 0.14%, 7, 0, 8, 62.87
1735534540, 171, 15, 41, 0, 0, 0.14%, 7, 0, 8, 66.01
1735534576, 171, 24, 41, 0, 0, 0.14%, 7, 0, 8, 60.25
1735534673, 174, 30, 41, 0, 0, 0.14%, 7, 0, 8, 64.16
1735534708, 175, 29, 41, 0, 0, 0.14%, 7, 0, 8, 64.52
1735534744, 178, 34, 41, 0, 0, 0.14%, 7, 0, 8, 66.87
1735534749, 182, 11, 41, 0, 0, 0.14%, 7, 0, 8, 64.71
1735534780, 184, 15, 41, 0, 0, 0.14%, 7, 0, 8, 70.67
1735534820, 185, 35, 41, 0, 0, 0.14%, 7, 0, 8, 64.02
1735534825, 187, 15, 41, 0, 0, 0.14%, 7, 0, 8, 65.00
1735534861, 189, 30, 41, 0, 0, 0.14%, 7, 0, 8, 62.19
1735534901, 191, 31, 41, 0, 0, 0.14%, 7, 0, 8, 60.86
1735534937, 193, 11, 41, 0, 0, 0.14%, 7, 0, 8, 59.73
1735534977, 194, 12, 41, 0, 0, 0.14%, 7, 0, 8, 57.98
1735534992, 194, 14, 41, 0, 0, 0.14%, 7, 0, 8, 65.02
1735534997, 194, 16, 41, 0, 0, 0.14%, 7, 0, 8, 60.42
1735535038, 194, 35, 41, 0, 0, 0.14%, 7, 0, 8, 64.30
1735535054, 195, 15, 41, 0, 0, 0.14%, 7, 0, 8, 69.33
1735535094, 197, 15, 41, 0, 0, 0.14%, 7, 0, 8, 75.13
1735535124, 199, 34, 41, 0, 0, 0.14%, 7, 0, 8, 56.64
1735535145, 199, 35, 41, 0, 0, 0.14%, 7, 0, 8, 71.33
1735535160, 201, 29, 41, 0, 0, 0.14%, 7, 0, 8, 56.34
1735535200, 202, 36, 41, 0, 0, 0.14%, 7, 0, 8, 62.52
1735535236, 204, 11, 41, 0, 0, 0.14%, 7, 0, 8, 58.07
1735535271, 204, 23, 41, 0, 0, 0.14%, 7, 0, 8, 66.36
1735535332, 204, 35, 41, 0, 0, 0.14%, 7, 0, 8, 69.47
1735535368, 210, 11, 41, 0, 0, 0.14%, 7, 0, 8, 61.48
1735535408, 210, 16, 41, 0, 0, 0.14%, 7, 0, 8, 55.92
1735535444, 210, 31, 41, 0, 0, 0.14%, 7, 0, 8, 58.82
1735535484, 211, 29, 41, 0, 0, 0.14%, 7, 0, 8, 67.75
1735535520, 213, 31, 41, 0, 0, 0.14%, 7, 0, 8, 63.41
1735535555, 215, 12, 41, 0, 0, 0.14%, 7, 0, 8, 60.47
1735535581, 215, 23, 41, 0, 0, 0.14%, 7, 0, 8, 64.96
1735535591, 216, 30, 41, 0, 0, 0.14%, 7, 0, 8, 65.88
1735535626, 216, 32, 41, 0, 0, 0.14%, 7, 0, 8, 63.55
1735535631, 217, 14, 41, 0, 0, 0.14%, 7, 0, 8, 68.23
1735535647, 219, 37, 41, 0, 0, 0.14%, 7, 0, 8, 70.56
1735535718, 220, 23, 41, 0, 0, 0.14%, 7, 0, 8, 63.74
1735535733, 220, 36, 41, 0, 0, 0.14%, 7, 0, 8, 57.21
1735535748, 221, 14, 41, 0, 0, 0.14%, 7, 0, 8, 65.38
1735535784, 221, 30, 41, 0, 0, 0.14%, 7, 0, 8, 55.92
1735535825, 221, 35, 41, 0, 0, 0.14%, 7, 0, 8, 69.82
1735535855, 222, 12, 41, 0, 0, 0.14%, 7, 0, 8, 65.35
1735535890, 223, 11, 41, 0, 0, 0.14%, 7, 0, 8, 61.69
1735535926, 223, 24, 41, 0, 0, 0.14%, 7, 0, 8, 70.98
1735535931, 225, 15, 41, 0, 0, 0.14%, 7, 0, 8, 65.39
1735535966, 226, 30, 41, 0, 0, 0.14%, 7, 0, 8, 64.59
1735536007, 226, 35, 41, 0, 0, 0.14%, 7, 0, 8, 69.23
1735536042, 227, 23, 41, 0, 0, 0.14%, 7, 0, 8, 65.80
1735536073, 228, 28, 41, 0, 0, 0.14%, 7, 0, 8, 61.97
1735536078, 229, 22, 41, 0, 0, 0.14%, 7, 0, 8, 65.31
1735536149, 229, 29, 41, 0, 0, 0.14%, 7, 0, 8, 59.79
1735536184, 230, 34, 41, 0, 0, 0.14%, 7, 0, 8, 62.50
1735536220, 231, 14, 41, 0, 0, 0.14%, 7, 0, 8, 64.65
1735536255, 231, 23, 41, 0, 0, 0.14%, 7, 0, 8, 61.14
1735536296, 232, 23, 41, 0, 0, 0.14%, 7, 0, 8, 57.90
1735536326, 232, 29, 41, 0, 0, 0.14%, 7, 0, 8, 61.10
1735536367, 233, 12, 41, 0, 0, 0.14%, 7, 0, 8, 58.77
1735536397, 233, 15, 41, 0, 0, 0.14%, 7, 0, 8, 62.14
1735536432, 234, 29, 41, 0, 0, 0.14%, 7, 0, 8, 62.26
1735536473, 235, 10, 41, 0, 0, 0.14%, 7, 0, 8, 65.54
1735536478, 235, 12, 41, 0, 0, 0.14%, 7, 0, 8, 54.62
1735536518, 235, 30, 41, 0, 0, 0.14%, 7, 0, 8, 60.30
1735536554, 235, 36, 41, 0, 0, 0.14%, 7, 0, 8, 63.75
1735536584, 240, 24, 41, 0, 0, 0.14%, 7, 0, 8, 61.34
1735536599, 243, 29, 41, 0, 0, 0.14%, 7, 0, 8, 65.19
1735536635, 244, 16, 41, 0, 0, 0.14%, 7, 0, 8, 58.55
1735536675, 244, 23, 41, 0, 0, 0.14%, 7, 0, 8, 64.68
1735536710, 245, 31, 41, 0, 0, 0.14%, 7, 0, 8, 61.61
1735536751, 246, 39, 41, 0, 0, 0.14%, 7, 0, 8, 70.86
1735536756, 247, 24, 41, 0, 0, 0.14%, 7, 0, 8, 61.42
