# unix_time, cycles_done, cur_path, paths_total, pending_total, pending_favs, map_size, unique_crashes, unique_hangs, max_depth, execs_per_sec
1735493563, 0, 0, 10, 10, 1, 0.01%, 0, 0, 1, 38.65
1735493568, 0, 2, 10, 10, 1, 0.01%, 0, 0, 1, 39.09
1735493583, 1, 0, 10, 2, 0, 0.01%, 0, 0, 1, 45.20
1735493588, 1, 1, 10, 1, 0, 0.01%, 0, 0, 1, 44.04
1735493593, 1, 2, 10, 0, 0, 0.01%, 0, 0, 1, 46.90
1735493598, 1, 3, 10, 0, 0, 0.01%, 0, 0, 1, 44.93
1735493608, 1, 4, 10, 0, 0, 0.01%, 0, 0, 1, 44.83
1735493613, 1, 5, 10, 0, 0, 0.01%, 0, 0, 1, 46.66
1735493618, 1, 6, 10, 0, 0, 0.01%, 0, 0, 1, 46.38
1735493624, 1, 7, 10, 0, 0, 0.01%, 0, 0, 1, 46.87
1735493629, 1, 8, 10, 0, 0, 0.01%, 0, 0, 1, 46.28
1735493634, 1, 9, 10, 0, 0, 0.01%, 0, 0, 1, 44.93
1735493639, 2, 0, 10, 0, 0, 0.01%, 0, 0, 1, 46.39
1735493644, 2, 1, 10, 0, 0, 0.01%, 0, 0, 1, 46.40
1735493649, 2, 2, 10, 0, 0, 0.01%, 0, 0, 1, 46.93
1735493654, 2, 3, 10, 0, 0, 0.01%, 0, 0, 1, 45.76
1735493659, 2, 4, 10, 0, 0, 0.01%, 0, 0, 1, 47.63
1735493664, 2, 5, 10, 0, 0, 0.01%, 0, 0, 1, 47.55
1735493674, 2, 6, 10, 0, 0, 0.01%, 0, 0, 1, 46.22
1735493680, 2, 7, 10, 0, 0, 0.01%, 0, 0, 1, 45.36
1735493685, 2, 8, 10, 0, 0, 0.01%, 0, 0, 1, 43.88
1735493690, 2, 9, 10, 0, 0, 0.01%, 0, 0, 1, 43.85
1735493695, 3, 0, 10, 0, 0, 0.01%, 0, 0, 1, 44.91
1735493700, 3, 1, 10, 0, 0, 0.01%, 0, 0, 1, 44.95
1735493705, 3, 2, 10, 0, 0, 0.01%, 0, 0, 1, 45.36
1735493710, 3, 3, 10, 0, 0, 0.01%, 0, 0, 1, 46.36
1735493715, 3, 4, 10, 0, 0, 0.01%, 0, 0, 1, 48.18
1735493720, 3, 5, 10, 0, 0, 0.01%, 0, 0, 1, 44.16
1735493730, 3, 6, 10, 0, 0, 0.01%, 0, 0, 1, 44.48
1735493735, 3, 7, 10, 0, 0, 0.01%, 0, 0, 1, 46.93
1735493740, 3, 8, 10, 0, 0, 0.01%, 0, 0, 1, 45.97
1735493745, 3, 9, 10, 0, 0, 0.01%, 0, 0, 1, 43.41
1735493750, 4, 0, 10, 0, 0, 0.01%, 0, 0, 1, 45.51
1735493755, 4, 1, 10, 0, 0, 0.01%, 0, 0, 1, 43.64
1735493760, 4, 2, 10, 0, 0, 0.01%, 0, 0, 1, 46.41
1735493766, 4, 3, 10, 0, 0, 0.01%, 0, 0, 1, 45.46
1735493771, 4, 4, 10, 0, 0, 0.01%, 0, 0, 1, 45.37
1735493781, 4, 5, 10, 0, 0, 0.01%, 0, 0, 1, 43.95
1735493786, 4, 6, 10, 0, 0, 0.01%, 0, 0, 1, 46.13
1735493791, 4, 7, 10, 0, 0, 0.01%, 0, 0, 1, 45.73
1735493796, 4, 8, 10, 0, 0, 0.01%, 0, 0, 1, 47.87
1735493801, 4, 9, 10, 0, 0, 0.01%, 0, 0, 1, 45.72
1735493806, 5, 0, 10, 0, 0, 0.01%, 0, 0, 1, 45.00
1735493811, 5, 1, 10, 0, 0, 0.01%, 0, 0, 1, 48.28
1735493816, 5, 2, 10, 0, 0, 0.01%, 0, 0, 1, 44.98
1735493821, 5, 3, 10, 0, 0, 0.01%, 0, 0, 1, 45.74
1735493826, 5, 4, 10, 0, 0, 0.01%, 0, 0, 1, 45.47
1735493836, 5, 5, 10, 0, 0, 0.01%, 0, 0, 1, 45.63
1735493841, 5, 6, 10, 0, 0, 0.01%, 0, 0, 1, 45.71
1735493846, 5, 7, 10, 0, 0, 0.01%, 0, 0, 1, 46.55
1735493851, 5, 8, 10, 0, 0, 0.01%, 0, 0, 1, 49.54
1735493856, 5, 9, 10, 0, 0, 0.01%, 0, 0, 1, 44.69
1735493861, 6, 0, 10, 0, 0, 0.01%, 0, 0, 1, 45.33
1735493867, 6, 1, 10, 0, 0, 0.01%, 0, 0, 1, 46.46
1735493872, 6, 2, 10, 0, 0, 0.01%, 0, 0, 1, 45.30
1735493877, 6, 3, 10, 0, 0, 0.01%, 0, 0, 1, 45.53
1735493882, 6, 4, 10, 0, 0, 0.01%, 0, 0, 1, 47.36
1735493887, 6, 5, 10, 0, 0, 0.01%, 0, 0, 1, 46.12
1735493892, 6, 6, 10, 0, 0, 0.01%, 0, 0, 1, 47.17
1735493902, 6, 7, 10, 0, 0, 0.01%, 0, 0, 1, 46.14
1735493907, 6, 8, 10, 0, 0, 0.01%, 0, 0, 1, 45.27
1735493912, 6, 9, 10, 0, 0, 0.01%, 0, 0, 1, 45.94
1735493917, 7, 0, 10, 0, 0, 0.01%, 0, 0, 1, 45.20
1735493922, 7, 1, 10, 0, 0, 0.01%, 0, 0, 1, 47.33
1735493928, 7, 2, 10, 0, 0, 0.01%, 0, 0, 1, 46.12
1735493933, 7, 3, 10, 0, 0, 0.01%, 0, 0, 1, 45.62
1735493938, 7, 4, 10, 0, 0, 0.01%, 0, 0, 1, 48.01
1735493943, 7, 5, 10, 0, 0, 0.01%, 0, 0, 1, 47.03
1735493948, 7, 6, 10, 0, 0, 0.01%, 0, 0, 1, 44.76
1735493958, 7, 7, 10, 0, 0, 0.01%, 0, 0, 1, 46.22
1735493963, 7, 8, 10, 0, 0, 0.01%, 0, 0, 1, 46.33
1735493968, 7, 9, 10, 0, 0, 0.01%, 0, 0, 1, 46.59
1735493973, 8, 0, 10, 0, 0, 0.01%, 0, 0, 1, 45.59
1735493978, 8, 1, 10, 0, 0, 0.01%, 0, 0, 1, 45.89
1735493983, 8, 2, 10, 0, 0, 0.01%, 0, 0, 1, 47.32
1735493988, 8, 3, 10, 0, 0, 0.01%, 0, 0, 1, 46.77
1735493993, 8, 4, 10, 0, 0, 0.01%, 0, 0, 1, 45.74
1735493998, 8, 5, 10, 0, 0, 0.01%, 0, 0, 1, 46.33
1735494004, 8, 6, 10, 0, 0, 0.01%, 0, 0, 1, 44.49
1735494009, 8, 7, 10, 0, 0, 0.01%, 0, 0, 1, 45.42
1735494019, 8, 8, 10, 0, 0, 0.01%, 0, 0, 1, 47.97
1735494024, 8, 9, 10, 0, 0, 0.01%, 0, 0, 1, 46.06
1735494029, 9, 0, 10, 0, 0, 0.01%, 0, 0, 1, 46.34
1735494034, 9, 1, 10, 0, 0, 0.01%, 0, 0, 1, 44.35
1735494039, 9, 2, 10, 0, 0, 0.01%, 0, 0, 1, 44.05
1735494044, 9, 3, 10, 0, 0, 0.01%, 0, 0, 1, 45.71
1735494049, 9, 4, 10, 0, 0, 0.01%, 0, 0, 1, 45.52
1735494055, 9, 5, 10, 0, 0, 0.01%, 0, 0, 1, 47.19
1735494060, 9, 6, 10, 0, 0, 0.01%, 0, 0, 1, 46.35
1735494065, 9, 7, 10, 0, 0, 0.01%, 0, 0, 1, 46.22
1735494070, 9, 8, 10, 0, 0, 0.01%, 0, 0, 1, 45.77
1735494075, 9, 9, 10, 0, 0, 0.01%, 0, 0, 1, 47.19
1735494085, 10, 0, 10, 0, 0, 0.01%, 0, 0, 1, 50.59
1735494090, 10, 1, 10, 0, 0, 0.01%, 0, 0, 1, 47.11
1735494095, 10, 2, 10, 0, 0, 0.01%, 0, 0, 1, 47.32
1735494100, 10, 3, 10, 0, 0, 0.01%, 0, 0, 1, 45.80
1735494106, 10, 4, 10, 0, 0, 0.01%, 0, 0, 1, 45.16
1735494111, 10, 5, 10, 0, 0, 0.01%, 0, 0, 1, 46.76
1735494116, 10, 6, 10, 0, 0, 0.01%, 0, 0, 1, 45.54
1735494121, 10, 7, 10, 0, 0, 0.01%, 0, 0, 1, 45.59
1735494126, 10, 8, 10, 0, 0, 0.01%, 0, 0, 1, 46.77
1735494131, 10, 9, 10, 0, 0, 0.01%, 0, 0, 1, 46.17
1735494136, 11, 0, 10, 0, 0, 0.01%, 0, 0, 1, 46.30
1735494141, 11, 1, 10, 0, 0, 0.01%, 0, 0, 1, 45.31
1735494151, 11, 2, 10, 0, 0, 0.01%, 0, 0, 1, 46.04
1735494156, 11, 3, 11, 1, 0, 0.14%, 1, 0, 2, 48.66
1735494161, 13, 10, 11, 0, 0, 0.14%, 1, 0, 2, 63.02
1735494171, 13, 10, 12, 1, 0, 0.14%, 2, 0, 3, 54.62
1735494207, 13, 11, 13, 2, 1, 0.14%, 3, 0, 4, 65.43
1735494283, 13, 12, 13, 1, 1, 0.14%, 3, 0, 4, 64.51
1735494349, 13, 12, 14, 2, 1, 0.14%, 4, 0, 5, 52.22
1735494390, 13, 12, 15, 3, 1, 0.14%, 4, 0, 5, 53.47
1735494441, 13, 13, 16, 3, 2, 0.14%, 5, 0, 6, 75.92
1735494501, 13, 13, 17, 4, 2, 0.14%, 5, 0, 6, 51.04
1735494598, 13, 14, 17, 3, 3, 0.14%, 5, 0, 6, 83.91
1735494618, 13, 14, 18, 4, 3, 0.14%, 5, 0, 6, 54.81
1735494633, 13, 14, 19, 5, 3, 0.14%, 5, 0, 6, 56.53
1735494638, 13, 14, 20, 6, 3, 0.14%, 5, 0, 6, 55.73
1735494648, 13, 14, 21, 7, 3, 0.14%, 5, 0, 6, 54.75
1735494689, 13, 14, 22, 8, 3, 0.14%, 5, 0, 6, 54.74
1735494714, 13, 14, 23, 9, 3, 0.14%, 5, 0, 6, 52.96
1735494724, 13, 14, 24, 10, 3, 0.14%, 5, 0, 6, 55.55
1735494740, 13, 14, 25, 11, 3, 0.14%, 5, 0, 6, 59.75
1735494750, 13, 18, 25, 10, 4, 0.14%, 5, 0, 6, 86.80
1735494821, 13, 18, 28, 13, 4, 0.14%, 5, 0, 7, 52.71
1735494831, 13, 20, 28, 12, 4, 0.14%, 5, 0, 7, 105.12
1735494919, 13, 20, 30, 14, 4, 0.14%, 5, 0, 7, 87.58
1735494934, 13, 20, 31, 15, 4, 0.14%, 5, 0, 7, 71.32
1735495000, 13, 20, 33, 17, 4, 0.14%, 5, 0, 7, 70.38
1735495005, 13, 22, 33, 16, 4, 0.14%, 5, 0, 7, 57.66
1735495371, 13, 22, 34, 17, 4, 0.14%, 5, 0, 7, 51.48
1735495376, 13, 23, 34, 16, 4, 0.14%, 5, 0, 7, 77.95
1735495437, 13, 23, 35, 17, 4, 0.14%, 5, 0, 7, 54.90
1735495498, 13, 27, 35, 16, 4, 0.14%, 5, 0, 7, 72.03
1735495620, 13, 29, 35, 15, 3, 0.14%, 5, 0, 7, 86.14
1735495691, 13, 34, 35, 13, 1, 0.14%, 5, 0, 7, 73.35
1735495804, 14, 31, 35, 12, 0, 0.14%, 5, 0, 7, 49.91
1735496068, 14, 31, 36, 13, 0, 0.14%, 5, 0, 8, 91.45
1735496134, 15, 32, 36, 9, 0, 0.14%, 5, 0, 8, 55.76
1735496139, 15, 35, 36, 8, 0, 0.14%, 5, 0, 8, 103.47
1735496225, 15, 35, 37, 9, 0, 0.14%, 6, 0, 9, 70.62
1735496246, 15, 36, 37, 9, 1, 0.14%, 6, 0, 9, 97.82
1735496332, 15, 36, 38, 10, 1, 0.14%, 6, 0, 10, 120.88
1735496499, 15, 36, 39, 11, 1, 0.14%, 6, 0, 10, 85.58
1735496504, 15, 36, 39, 11, 1, 0.14%, 7, 0, 10, 85.80
1735496571, 15, 38, 39, 9, 1, 0.14%, 7, 0, 10, 86.90
1735496831, 16, 16, 39, 8, 0, 0.14%, 7, 0, 10, 63.33
1735496837, 17, 16, 39, 5, 0, 0.14%, 7, 0, 10, 86.88
1735496929, 17, 26, 39, 3, 0, 0.14%, 7, 0, 10, 76.89
1735497092, 19, 33, 39, 0, 0, 0.14%, 7, 0, 10, 69.42
1735497173, 20, 21, 39, 0, 0, 0.14%, 7, 0, 10, 115.45
1735497382, 21, 38, 39, 0, 0, 0.14%, 7, 0, 10, 67.82
1735497393, 22, 38, 39, 0, 0, 0.14%, 7, 0, 10, 75.41
1735497403, 23, 38, 39, 0, 0, 0.14%, 7, 0, 10, 79.16
1735497438, 24, 38, 39, 0, 0, 0.14%, 7, 0, 10, 75.44
1735497474, 25, 38, 39, 0, 0, 0.14%, 7, 0, 10, 82.34
1735497504, 26, 25, 39, 0, 0, 0.14%, 7, 0, 10, 70.77
1735497687, 26, 26, 39, 0, 0, 0.14%, 7, 0, 10, 61.34
1735497692, 26, 38, 39, 0, 0, 0.14%, 7, 0, 10, 78.64
1735497727, 27, 21, 39, 0, 0, 0.14%, 7, 0, 10, 63.76
1735497732, 27, 26, 39, 0, 0, 0.14%, 7, 0, 10, 72.87
1735497742, 27, 38, 39, 0, 0, 0.14%, 7, 0, 10, 80.07
1735497773, 28, 21, 39, 0, 0, 0.14%, 7, 0, 10, 71.02
1735497788, 28, 26, 39, 0, 0, 0.14%, 7, 0, 10, 71.08
1735497819, 28, 38, 39, 0, 0, 0.14%, 7, 0, 10, 81.37
1735497849, 29, 21, 39, 0, 0, 0.14%, 7, 0, 10, 63.99
1735497875, 29, 26, 39, 0, 0, 0.14%, 7, 0, 10, 71.29
1735497910, 29, 38, 39, 0, 0, 0.14%, 7, 0, 10, 71.16
1735497946, 30, 21, 39, 0, 0, 0.14%, 7, 0, 10, 69.70
1735497976, 30, 26, 39, 0, 0, 0.14%, 7, 0, 10, 57.89
1735498017, 30, 38, 39, 0, 0, 0.14%, 7, 0, 10, 81.30
1735498047, 31, 21, 39, 0, 0, 0.14%, 7, 0, 10, 68.77
1735498078, 31, 26, 39, 0, 0, 0.14%, 7, 0, 10, 70.59
1735498113, 32, 21, 39, 0, 0, 0.14%, 7, 0, 10, 75.58
1735498149, 32, 26, 39, 0, 0, 0.14%, 7, 0, 10, 71.98
1735498184, 33, 21, 39, 0, 0, 0.14%, 7, 0, 10, 69.41
1735498215, 57, 23, 39, 0, 0, 0.14%, 7, 0, 10, 60.07
1735498220, 60, 15, 39, 0, 0, 0.14%, 7, 0, 10, 72.41
1735498245, 64, 29, 39, 0, 0, 0.14%, 7, 0, 10, 64.63
1735498251, 65, 15, 39, 0, 0, 0.14%, 7, 0, 10, 60.90
1735498256, 68, 30, 39, 0, 0, 0.14%, 7, 0, 10, 82.96
1735498312, 71, 32, 39, 0, 0, 0.14%, 7, 0, 10, 118.92
1735498652, 76, 15, 39, 0, 0, 0.14%, 7, 0, 10, 59.79
1735498667, 78, 23, 39, 0, 0, 0.14%, 7, 0, 10, 59.35
1735498672, 82, 30, 39, 0, 0, 0.14%, 7, 0, 10, 63.24
1735498677, 83, 35, 39, 0, 0, 0.14%, 7, 0, 10, 67.82
1735498687, 84, 23, 39, 0, 0, 0.14%, 7, 0, 10, 63.82
1735498708, 87, 23, 39, 0, 0, 0.14%, 7, 0, 10, 64.47
1735498743, 99, 13, 39, 0, 0, 0.14%, 7, 0, 10, 65.43
1735498748, 100, 28, 39, 0, 0, 0.14%, 7, 0, 10, 62.63
1735498753, 105, 18, 39, 0, 0, 0.14%, 7, 0, 10, 64.47
1735498758, 105, 30, 39, 0, 0, 0.14%, 7, 0, 10, 64.63
1735498768, 106, 35, 39, 0, 0, 0.14%, 7, 0, 10, 68.71
1735498799, 107, 11, 39, 0, 0, 0.14%, 7, 0, 10, 71.70
1735498804, 107, 24, 39, 0, 0, 0.14%, 7, 0, 10, 70.69
1735498839, 110, 35, 39, 0, 0, 0.14%, 7, 0, 10, 62.35
1735498875, 111, 28, 39, 0, 0, 0.14%, 7, 0, 10, 52.25
1735498925, 113, 28, 39, 0, 0, 0.14%, 7, 0, 10, 69.63
1735498930, 114, 15, 39, 0, 0, 0.14%, 7, 0, 10, 61.35
1735498956, 115, 15, 39, 0, 0, 0.14%, 7, 0, 10, 60.34
1735498996, 117, 11, 39, 0, 0, 0.14%, 7, 0, 10, 69.41
1735499001, 119, 18, 39, 0, 0, 0.14%, 7, 0, 10, 63.32
1735499012, 119, 35, 39, 0, 0, 0.14%, 7, 0, 10, 64.02
1735499047, 121, 11, 39, 0, 0, 0.14%, 7, 0, 10, 62.90
1735499062, 123, 20, 39, 0, 0, 0.14%, 7, 0, 10, 68.40
1735499067, 125, 23, 39, 0, 0, 0.14%, 7, 0, 10, 65.74
1735499103, 126, 34, 39, 0, 0, 0.14%, 7, 0, 10, 59.66
1735499108, 127, 20, 39, 0, 0, 0.14%, 7, 0, 10, 70.15
1735499118, 127, 29, 39, 0, 0, 0.14%, 7, 0, 10, 62.41
1735499128, 131, 11, 39, 0, 0, 0.14%, 7, 0, 10, 61.67
1735499164, 134, 30, 39, 0, 0, 0.14%, 7, 0, 10, 67.49
1735499189, 135, 10, 39, 0, 0, 0.14%, 7, 0, 10, 57.30
1735499194, 135, 18, 39, 0, 0, 0.14%, 7, 0, 10, 58.21
1735499219, 135, 28, 39, 0, 0, 0.14%, 7, 0, 10, 62.82
1735499240, 135, 29, 39, 0, 0, 0.14%, 7, 0, 10, 60.30
1735499260, 137, 24, 39, 0, 0, 0.14%, 7, 0, 10, 65.33
1735499265, 138, 22, 39, 0, 0, 0.14%, 7, 0, 10, 76.34
1735499270, 139, 10, 39, 0, 0, 0.14%, 7, 0, 10, 61.52
1735499280, 140, 11, 39, 0, 0, 0.14%, 7, 0, 10, 59.78
1735499316, 140, 15, 39, 0, 0, 0.14%, 7, 0, 10, 56.02
1735499356, 142, 24, 39, 0, 0, 0.14%, 7, 0, 10, 58.85
1735499367, 144, 30, 39, 0, 0, 0.14%, 7, 0, 10, 65.61
1735499402, 144, 34, 39, 0, 0, 0.14%, 7, 0, 10, 56.80
1735499417, 147, 14, 39, 0, 0, 0.14%, 7, 0, 10, 60.78
1735499422, 147, 20, 39, 0, 0, 0.14%, 7, 0, 10, 74.08
1735499453, 147, 23, 39, 0, 0, 0.14%, 7, 0, 10, 56.84
1735499494, 148, 34, 39, 0, 0, 0.14%, 7, 0, 10, 60.12
1735499524, 149, 33, 39, 0, 0, 0.14%, 7, 0, 10, 67.56
1735499529, 150, 22, 39, 0, 0, 0.14%, 7, 0, 10, 74.26
1735499534, 152, 34, 39, 0, 0, 0.14%, 7, 0, 10, 71.90
1735499570, 153, 18, 39, 0, 0, 0.14%, 7, 0, 10, 58.32
1735499610, 153, 24, 39, 0, 0, 0.14%, 7, 0, 10, 61.20
1735499636, 154, 10, 39, 0, 0, 0.14%, 7, 0, 10, 56.69
1735499646, 154, 12, 39, 0, 0, 0.14%, 7, 0, 10, 58.93
1735499651, 154, 14, 39, 0, 0, 0.14%, 7, 0, 10, 58.26
1735499656, 154, 22, 39, 0, 0, 0.14%, 7, 0, 10, 70.09
1735499676, 155, 13, 39, 0, 0, 0.14%, 7, 0, 10, 57.93
1735499681, 155, 24, 39, 0, 0, 0.14%, 7, 0, 10, 61.66
1735499722, 157, 16, 39, 0, 0, 0.14%, 7, 0, 10, 66.98
1735499727, 159, 10, 39, 0, 0, 0.14%, 7, 0, 10, 58.74
1735499752, 159, 14, 39, 0, 0, 0.14%, 7, 0, 10, 60.74
1735499763, 159, 33, 39, 0, 0, 0.14%, 7, 0, 10, 65.99
1735499778, 164, 22, 39, 0, 0, 0.14%, 7, 0, 10, 79.83
1735499808, 165, 11, 39, 0, 0, 0.14%, 7, 0, 10, 55.96
1735499849, 165, 13, 39, 0, 0, 0.14%, 7, 0, 10, 60.94
1735499859, 165, 29, 39, 0, 0, 0.14%, 7, 0, 10, 62.96
1735499895, 166, 13, 39, 0, 0, 0.14%, 7, 0, 10, 65.21
1735499925, 166, 16, 39, 0, 0, 0.14%, 7, 0, 10, 67.73
1735499935, 167, 11, 39, 0, 0, 0.14%, 7, 0, 10, 54.61
1735499976, 167, 31, 39, 0, 0, 0.14%, 7, 0, 10, 65.16
1735499981, 167, 34, 39, 0, 0, 0.14%, 7, 0, 10, 62.75
1735500016, 168, 12, 39, 0, 0, 0.14%, 7, 0, 10, 57.85
1735500027, 169, 18, 39, 0, 0, 0.14%, 7, 0, 10, 64.33
1735500067, 169, 28, 39, 0, 0, 0.14%, 7, 0, 10, 68.01
1735500102, 169, 33, 39, 0, 0, 0.14%, 7, 0, 10, 67.88
1735500128, 172, 11, 39, 0, 0, 0.14%, 7, 0, 10, 67.66
1735500168, 172, 23, 39, 0, 0, 0.14%, 7, 0, 10, 57.41
1735500203, 173, 37, 39, 0, 0, 0.14%, 7, 0, 10, 96.06
1735500443, 175, 13, 39, 0, 0, 0.14%, 7, 0, 10, 58.68
1735500483, 175, 18, 39, 0, 0, 0.14%, 7, 0, 10, 64.07
1735500519, 177, 15, 39, 0, 0, 0.14%, 7, 0, 10, 59.31
1735500559, 177, 24, 39, 0, 0, 0.14%, 7, 0, 10, 60.55
1735500595, 177, 29, 39, 0, 0, 0.14%, 7, 0, 10, 60.53
1735500630, 180, 15, 39, 0, 0, 0.14%, 7, 0, 10, 67.87
1735500670, 180, 17, 39, 0, 0, 0.14%, 7, 0, 10, 96.79
1735500727, 181, 13, 39, 0, 0, 0.14%, 7, 0, 10, 65.37
1735500767, 181, 24, 39, 0, 0, 0.14%, 7, 0, 10, 54.96
1735500808, 182, 35, 39, 0, 0, 0.14%, 7, 0, 10, 67.67
1735500843, 183, 28, 39, 0, 0, 0.14%, 7, 0, 10, 66.40
1735500879, 184, 14, 39, 0, 0, 0.14%, 7, 0, 10, 59.93
1735500900, 184, 33, 39, 0, 0, 0.14%, 7, 0, 10, 63.68
1735500935, 186, 13, 39, 0, 0, 0.14%, 7, 0, 10, 57.80
1735500971, 187, 17, 39, 0, 0, 0.14%, 7, 0, 10, 64.51
1735500981, 187, 27, 39, 0, 0, 0.14%, 7, 0, 10, 61.23
1735500986, 187, 28, 39, 0, 0, 0.14%, 7, 0, 10, 67.10
1735501021, 188, 24, 39, 0, 0, 0.14%, 7, 0, 10, 59.73
1735501057, 189, 33, 39, 0, 0, 0.14%, 7, 0, 10, 65.64
1735501092, 190, 27, 39, 0, 0, 0.14%, 7, 0, 10, 67.74
1735501108, 190, 31, 39, 0, 0, 0.14%, 7, 0, 10, 74.80
1735501118, 191, 23, 39, 0, 0, 0.14%, 7, 0, 10, 63.01
1735501153, 191, 35, 39, 0, 0, 0.14%, 7, 0, 10, 71.72
1735501189, 192, 17, 39, 0, 0, 0.14%, 7, 0, 10, 65.73
1735501204, 194, 15, 39, 0, 0, 0.14%, 7, 0, 10, 58.31
1735501240, 194, 20, 39, 0, 0, 0.14%, 7, 0, 10, 63.72
1735501276, 196, 32, 39, 0, 0, 0.14%, 7, 0, 10, 68.32
1735501281, 197, 35, 39, 0, 0, 0.14%, 7, 0, 10, 67.52
1735501316, 198, 10, 39, 0, 0, 0.14%, 7, 0, 10, 63.28
1735501357, 199, 20, 39, 0, 0, 0.14%, 7, 0, 10, 75.52
1735501392, 199, 22, 39, 0, 0, 0.14%, 7, 0, 10, 72.31
1735501427, 199, 23, 39, 0, 0, 0.14%, 7, 0, 10, 66.86
1735501458, 200, 35, 39, 0, 0, 0.14%, 7, 0, 10, 58.84
1735501499, 202, 28, 39, 0, 0, 0.14%, 7, 0, 10, 61.37
1735501534, 204, 14, 39, 0, 0, 0.14%, 7, 0, 10, 62.33
1735501569, 204, 22, 39, 0, 0, 0.14%, 7, 0, 10, 71.95
1735501605, 206, 22, 39, 0, 0, 0.14%, 7, 0, 10, 78.55
1735501641, 207, 24, 39, 0, 0, 0.14%, 7, 0, 10, 62.83
1735501676, 208, 28, 39, 0, 0, 0.14%, 7, 0, 10, 63.76
1735501717, 209, 27, 39, 0, 0, 0.14%, 7, 0, 10, 63.64
1735501747, 210, 10, 39, 0, 0, 0.14%, 7, 0, 10, 60.17
1735501788, 210, 35, 39, 0, 0, 0.14%, 7, 0, 10, 67.22
1735501823, 213, 17, 39, 0, 0, 0.14%, 7, 0, 10, 64.06
1735501854, 213, 18, 39, 0, 0, 0.14%, 7, 0, 10, 61.02
1735501894, 213, 34, 39, 0, 0, 0.14%, 7, 0, 10, 59.60
1735501925, 214, 13, 39, 0, 0, 0.14%, 7, 0, 10, 61.73
1735501965, 214, 19, 39, 0, 0, 0.14%, 7, 0, 10, 96.55
1735501991, 216, 33, 39, 0, 0, 0.14%, 7, 0, 10, 64.65
1735502026, 217, 18, 39, 0, 0, 0.14%, 7, 0, 10, 63.11
1735502067, 217, 22, 39, 0, 0, 0.14%, 7, 0, 10, 87.08
1735502098, 217, 28, 39, 0, 0, 0.14%, 7, 0, 10, 61.35
1735502133, 217, 34, 39, 0, 0, 0.14%, 7, 0, 10, 63.45
1735502174, 218, 15, 39, 0, 0, 0.14%, 7, 0, 10, 55.86
1735502209, 219, 12, 39, 0, 0, 0.14%, 7, 0, 10, 57.67
1735502230, 219, 29, 39, 0, 0, 0.14%, 7, 0, 10, 64.58
1735502265, 220, 33, 39, 0, 0, 0.14%, 7, 0, 10, 71.06
1735502300, 220, 35, 39, 0, 0, 0.14%, 7, 0, 10, 68.35
1735502336, 221, 30, 39, 0, 0, 0.14%, 7, 0, 10, 65.77
1735502376, 222, 16, 39, 0, 0, 0.14%, 7, 0, 10, 62.47
1735502396, 222, 24, 39, 0, 0, 0.14%, 7, 0, 10, 64.84
1735502432, 223, 15, 39, 0, 0, 0.14%, 7, 0, 10, 57.38
1735502468, 223, 27, 39, 0, 0, 0.14%, 7, 0, 10, 61.14
1735502508, 223, 29, 39, 0, 0, 0.14%, 7, 0, 10, 61.18
1735502548, 224, 12, 39, 0, 0, 0.14%, 7, 0, 10, 58.36
1735502584, 224, 32, 39, 0, 0, 0.14%, 7, 0, 10, 77.02
1735502599, 227, 18, 39, 0, 0, 0.14%, 7, 0, 10, 64.88
1735502635, 227, 33, 39, 0, 0, 0.14%, 7, 0, 10, 62.52
1735502670, 234, 16, 39, 0, 0, 0.14%, 7, 0, 10, 68.96
1735502710, 235, 22, 39, 0, 0, 0.14%, 7, 0, 10, 78.26
1735502741, 236, 16, 39, 0, 0, 0.14%, 7, 0, 10, 64.47
1735502781, 238, 28, 39, 0, 0, 0.14%, 7, 0, 10, 60.14
1735502817, 243, 31, 39, 0, 0, 0.14%, 7, 0, 10, 63.22
1735502842, 244, 30, 39, 0, 0, 0.14%, 7, 0, 10, 61.54
1735502883, 245, 29, 39, 0, 0, 0.14%, 7, 0, 10, 65.16
1735502923, 247, 31, 39, 0, 0, 0.14%, 7, 0, 10, 81.03
1735502954, 251, 12, 39, 0, 0, 0.14%, 7, 0, 10, 63.18
1735502989, 252, 13, 39, 0, 0, 0.14%, 7, 0, 10, 56.71
1735503030, 254, 17, 39, 0, 0, 0.14%, 7, 0, 10, 70.68
1735503065, 255, 27, 39, 0, 0, 0.14%, 7, 0, 10, 64.13
1735503101, 255, 29, 39, 0, 0, 0.14%, 7, 0, 10, 64.59
1735503137, 257, 13, 39, 0, 0, 0.14%, 7, 0, 10, 61.19
1735503177, 260, 27, 39, 0, 0, 0.14%, 7, 0, 10, 61.78
1735503212, 262, 15, 39, 0, 0, 0.14%, 7, 0, 10, 64.39
1735503253, 264, 16, 39, 0, 0, 0.14%, 7, 0, 10, 61.93
1735503288, 264, 32, 39, 0, 0, 0.14%, 7, 0, 10, 56.85
1735503323, 265, 36, 39, 0, 0, 0.14%, 7, 0, 10, 64.28
1735503333, 267, 22, 39, 0, 0, 0.14%, 7, 0, 10, 70.85
1735503369, 268, 20, 39, 0, 0, 0.14%, 7, 0, 10, 77.35
1735503400, 268, 29, 39, 0, 0, 0.14%, 7, 0, 10, 59.45
1735503436, 268, 31, 39, 0, 0, 0.14%, 7, 0, 10, 70.51
1735503471, 269, 28, 39, 0, 0, 0.14%, 7, 0, 10, 66.10
1735503507, 271, 12, 39, 0, 0, 0.14%, 7, 0, 10, 68.05
1735503542, 272, 16, 39, 0, 0, 0.14%, 7, 0, 10, 63.57
1735503578, 272, 30, 39, 0, 0, 0.14%, 7, 0, 10, 62.49
1735503618, 274, 14, 39, 0, 0, 0.14%, 7, 0, 10, 62.42
1735503648, 274, 16, 39, 0, 0, 0.14%, 7, 0, 10, 65.71
1735503684, 275, 12, 39, 0, 0, 0.14%, 7, 0, 10, 66.54
1735503715, 278, 19, 39, 0, 0, 0.14%, 7, 0, 10, 56.44
1735503720, 278, 30, 39, 0, 0, 0.14%, 7, 0, 10, 63.65
1735503755, 280, 30, 39, 0, 0, 0.14%, 7, 0, 10, 67.65
1735503791, 281, 29, 39, 0, 0, 0.14%, 7, 0, 10, 67.08
1735503831, 282, 14, 39, 0, 0, 0.14%, 7, 0, 10, 59.09
1735503867, 283, 19, 39, 0, 0, 0.14%, 7, 0, 10, 61.36
1735503882, 290, 33, 39, 0, 0, 0.14%, 7, 0, 10, 70.81
1735503917, 298, 20, 39, 0, 0, 0.14%, 7, 0, 10, 73.25
1735503953, 302, 36, 39, 0, 0, 0.14%, 7, 0, 10, 79.62
1735503979, 303, 15, 39, 0, 0, 0.14%, 7, 0, 10, 63.08
1735504014, 303, 22, 39, 0, 0, 0.14%, 7, 0, 10, 64.71
1735504050, 305, 30, 39, 0, 0, 0.14%, 7, 0, 10, 59.98
1735504085, 306, 33, 39, 0, 0, 0.14%, 7, 0, 10, 63.06
1735504121, 306, 36, 39, 0, 0, 0.14%, 7, 0, 10, 74.14
1735504156, 309, 20, 39, 0, 0, 0.14%, 7, 0, 10, 71.36
1735504192, 310, 19, 39, 0, 0, 0.14%, 7, 0, 10, 65.19
1735504222, 311, 25, 39, 0, 0, 0.14%, 7, 0, 10, 62.81
1735504227, 315, 14, 39, 0, 0, 0.14%, 7, 0, 10, 58.67
1735504268, 315, 31, 39, 0, 0, 0.14%, 7, 0, 10, 82.08
1735504303, 315, 37, 39, 0, 0, 0.14%, 7, 0, 10, 62.57
1735504309, 316, 37, 39, 0, 0, 0.14%, 7, 0, 10, 71.15
1735504324, 318, 22, 39, 0, 0, 0.14%, 7, 0, 10, 80.05
1735504354, 320, 37, 39, 0, 0, 0.14%, 7, 0, 10, 59.33
