# unix_time, cycles_done, cur_path, paths_total, pending_total, pending_favs, map_size, unique_crashes, unique_hangs, max_depth, execs_per_sec
1735622517, 0, 0, 10, 10, 1, 0.01%, 0, 0, 1, 36.18
1735622522, 0, 3, 10, 10, 1, 0.01%, 0, 0, 1, 37.31
1735622538, 1, 0, 10, 3, 0, 0.01%, 0, 0, 1, 45.26
1735622543, 1, 1, 10, 2, 0, 0.01%, 0, 0, 1, 44.95
1735622548, 1, 2, 10, 1, 0, 0.01%, 0, 0, 1, 46.87
1735622553, 1, 3, 10, 0, 0, 0.01%, 0, 0, 1, 46.12
1735622563, 1, 4, 10, 0, 0, 0.01%, 0, 0, 1, 45.18
1735622568, 1, 5, 10, 0, 0, 0.01%, 0, 0, 1, 45.11
1735622573, 1, 6, 10, 0, 0, 0.01%, 0, 0, 1, 44.97
1735622578, 1, 7, 10, 0, 0, 0.01%, 0, 0, 1, 44.89
1735622583, 1, 8, 10, 0, 0, 0.01%, 0, 0, 1, 45.64
1735622588, 1, 9, 10, 0, 0, 0.01%, 0, 0, 1, 44.07
1735622593, 2, 0, 10, 0, 0, 0.01%, 0, 0, 1, 45.09
1735622598, 2, 1, 10, 0, 0, 0.01%, 0, 0, 1, 45.31
1735622604, 2, 2, 10, 0, 0, 0.01%, 0, 0, 1, 48.77
1735622609, 2, 3, 10, 0, 0, 0.01%, 0, 0, 1, 47.10
1735622614, 2, 4, 10, 0, 0, 0.01%, 0, 0, 1, 47.22
1735622624, 2, 5, 10, 0, 0, 0.01%, 0, 0, 1, 45.68
1735622629, 2, 6, 10, 0, 0, 0.01%, 0, 0, 1, 46.78
1735622634, 2, 7, 10, 0, 0, 0.01%, 0, 0, 1, 44.50
1735622639, 2, 8, 10, 0, 0, 0.01%, 0, 0, 1, 45.02
1735622644, 2, 9, 10, 0, 0, 0.01%, 0, 0, 1, 44.81
1735622649, 3, 0, 10, 0, 0, 0.01%, 0, 0, 1, 45.52
1735622654, 3, 1, 10, 0, 0, 0.01%, 0, 0, 1, 46.54
1735622659, 3, 2, 10, 0, 0, 0.01%, 0, 0, 1, 45.91
1735622664, 3, 3, 10, 0, 0, 0.01%, 0, 0, 1, 46.24
1735622669, 3, 4, 10, 0, 0, 0.01%, 0, 0, 1, 48.66
1735622679, 3, 5, 10, 0, 0, 0.01%, 0, 0, 1, 46.75
1735622684, 3, 6, 10, 0, 0, 0.01%, 0, 0, 1, 46.49
1735622689, 3, 7, 10, 0, 0, 0.01%, 0, 0, 1, 46.70
1735622695, 3, 8, 10, 0, 0, 0.01%, 0, 0, 1, 44.93
1735622700, 3, 9, 10, 0, 0, 0.01%, 0, 0, 1, 45.24
1735622705, 4, 0, 10, 0, 0, 0.01%, 0, 0, 1, 49.23
1735622710, 4, 1, 10, 0, 0, 0.01%, 0, 0, 1, 45.76
1735622715, 4, 2, 10, 0, 0, 0.01%, 0, 0, 1, 44.67
1735622720, 4, 3, 10, 0, 0, 0.01%, 0, 0, 1, 46.49
1735622725, 4, 4, 10, 0, 0, 0.01%, 0, 0, 1, 44.98
1735622735, 4, 5, 10, 0, 0, 0.01%, 0, 0, 1, 45.05
1735622740, 4, 6, 10, 0, 0, 0.01%, 0, 0, 1, 44.18
1735622745, 4, 7, 10, 0, 0, 0.01%, 0, 0, 1, 46.24
1735622750, 4, 8, 10, 0, 0, 0.01%, 0, 0, 1, 44.45
1735622755, 4, 9, 10, 0, 0, 0.01%, 0, 0, 1, 46.28
1735622760, 5, 0, 10, 0, 0, 0.01%, 0, 0, 1, 46.86
1735622765, 5, 1, 10, 0, 0, 0.01%, 0, 0, 1, 47.40
1735622771, 5, 2, 10, 0, 0, 0.01%, 0, 0, 1, 45.70
1735622776, 5, 3, 10, 0, 0, 0.01%, 0, 0, 1, 46.79
1735622781, 5, 4, 10, 0, 0, 0.01%, 0, 0, 1, 46.04
1735622791, 5, 5, 10, 0, 0, 0.01%, 0, 0, 1, 44.48
1735622796, 5, 6, 10, 0, 0, 0.01%, 0, 0, 1, 45.09
1735622801, 5, 7, 10, 0, 0, 0.01%, 0, 0, 1, 49.08
1735622806, 5, 8, 10, 0, 0, 0.01%, 0, 0, 1, 46.56
1735622811, 5, 9, 10, 0, 0, 0.01%, 0, 0, 1, 46.38
1735622816, 6, 0, 10, 0, 0, 0.01%, 0, 0, 1, 44.31
1735622821, 6, 1, 10, 0, 0, 0.01%, 0, 0, 1, 46.67
1735622826, 6, 2, 10, 0, 0, 0.01%, 0, 0, 1, 46.53
1735622832, 6, 3, 10, 0, 0, 0.01%, 0, 0, 1, 43.42
1735622837, 6, 4, 10, 0, 0, 0.01%, 0, 0, 1, 45.40
1735622847, 6, 5, 10, 0, 0, 0.01%, 0, 0, 1, 45.63
1735622852, 6, 6, 10, 0, 0, 0.01%, 0, 0, 1, 44.48
1735622857, 6, 7, 10, 0, 0, 0.01%, 0, 0, 1, 45.67
1735622862, 6, 8, 10, 0, 0, 0.01%, 0, 0, 1, 44.62
1735622867, 6, 9, 10, 0, 0, 0.01%, 0, 0, 1, 48.00
1735622872, 7, 0, 10, 0, 0, 0.01%, 0, 0, 1, 44.68
1735622877, 7, 1, 10, 0, 0, 0.01%, 0, 0, 1, 46.41
1735622882, 7, 2, 10, 0, 0, 0.01%, 0, 0, 1, 45.57
1735622887, 7, 3, 10, 0, 0, 0.01%, 0, 0, 1, 46.91
1735622897, 7, 4, 10, 0, 0, 0.01%, 0, 0, 1, 45.95
1735622902, 7, 5, 10, 0, 0, 0.01%, 0, 0, 1, 44.54
1735622907, 7, 6, 10, 0, 0, 0.01%, 0, 0, 1, 47.59
1735622912, 7, 7, 10, 0, 0, 0.01%, 0, 0, 1, 46.48
1735622917, 7, 8, 10, 0, 0, 0.01%, 0, 0, 1, 46.41
1735622923, 7, 9, 10, 0, 0, 0.01%, 0, 0, 1, 49.58
1735622928, 8, 0, 10, 0, 0, 0.01%, 0, 0, 1, 46.09
1735622933, 8, 1, 10, 0, 0, 0.01%, 0, 0, 1, 47.87
1735622938, 8, 2, 10, 0, 0, 0.01%, 0, 0, 1, 45.99
1735622943, 8, 3, 10, 0, 0, 0.01%, 0, 0, 1, 44.95
1735622948, 8, 4, 10, 0, 0, 0.01%, 0, 0, 1, 45.20
1735622958, 8, 5, 10, 0, 0, 0.01%, 0, 0, 1, 48.74
1735622963, 8, 6, 10, 0, 0, 0.01%, 0, 0, 1, 48.01
1735622968, 8, 7, 10, 0, 0, 0.01%, 0, 0, 1, 47.23
1735622973, 8, 8, 10, 0, 0, 0.01%, 0, 0, 1, 46.57
1735622978, 8, 9, 10, 0, 0, 0.01%, 0, 0, 1, 44.89
1735622984, 9, 0, 10, 0, 0, 0.01%, 0, 0, 1, 46.54
1735622989, 9, 1, 10, 0, 0, 0.01%, 0, 0, 1, 44.73
1735622994, 9, 2, 10, 0, 0, 0.01%, 0, 0, 1, 45.08
1735622999, 9, 3, 10, 0, 0, 0.01%, 0, 0, 1, 46.69
1735623004, 9, 4, 10, 0, 0, 0.01%, 0, 0, 1, 45.22
1735623009, 9, 5, 10, 0, 0, 0.01%, 0, 0, 1, 47.26
1735623019, 9, 6, 10, 0, 0, 0.01%, 0, 0, 1, 45.71
1735623024, 9, 7, 10, 0, 0, 0.01%, 0, 0, 1, 47.29
1735623029, 9, 8, 10, 0, 0, 0.01%, 0, 0, 1, 48.63
1735623034, 9, 9, 10, 0, 0, 0.01%, 0, 0, 1, 46.50
1735623039, 10, 0, 10, 0, 0, 0.01%, 0, 0, 1, 45.19
1735623044, 10, 1, 10, 0, 0, 0.01%, 0, 0, 1, 43.06
1735623049, 10, 2, 10, 0, 0, 0.01%, 0, 0, 1, 47.21
1735623054, 10, 3, 10, 0, 0, 0.01%, 0, 0, 1, 44.42
1735623060, 10, 4, 10, 0, 0, 0.01%, 0, 0, 1, 44.79
1735623070, 10, 5, 10, 0, 0, 0.01%, 0, 0, 1, 47.04
1735623075, 10, 6, 10, 0, 0, 0.01%, 0, 0, 1, 44.39
1735623080, 10, 7, 10, 0, 0, 0.01%, 0, 0, 1, 44.12
1735623085, 10, 8, 10, 0, 0, 0.01%, 0, 0, 1, 45.41
1735623090, 10, 9, 10, 0, 0, 0.01%, 0, 0, 1, 46.36
1735623095, 11, 0, 10, 0, 0, 0.01%, 0, 0, 1, 49.42
1735623100, 11, 1, 10, 0, 0, 0.01%, 0, 0, 1, 46.96
1735623105, 11, 2, 10, 0, 0, 0.01%, 0, 0, 1, 46.79
1735623111, 11, 3, 10, 0, 0, 0.01%, 0, 0, 1, 46.02
1735623116, 11, 4, 10, 0, 0, 0.01%, 0, 0, 1, 48.08
1735623121, 11, 5, 10, 0, 0, 0.01%, 0, 0, 1, 47.74
1735623126, 11, 6, 10, 0, 0, 0.01%, 0, 0, 1, 49.88
1735623131, 11, 7, 10, 0, 0, 0.01%, 0, 0, 1, 48.28
1735623136, 11, 8, 10, 0, 0, 0.01%, 0, 0, 1, 47.30
1735623146, 11, 9, 10, 0, 0, 0.01%, 0, 0, 1, 48.85
1735623151, 12, 0, 10, 0, 0, 0.01%, 0, 0, 1, 48.88
1735623156, 12, 1, 10, 0, 0, 0.01%, 0, 0, 1, 49.46
1735623161, 12, 2, 10, 0, 0, 0.01%, 0, 0, 1, 48.05
1735623167, 12, 3, 10, 0, 0, 0.01%, 0, 0, 1, 49.73
1735623172, 12, 4, 10, 0, 0, 0.01%, 0, 0, 1, 48.20
1735623177, 12, 5, 10, 0, 0, 0.01%, 0, 0, 1, 46.13
1735623182, 12, 6, 10, 0, 0, 0.01%, 0, 0, 1, 45.43
1735623187, 12, 7, 10, 0, 0, 0.01%, 0, 0, 1, 45.07
1735623192, 12, 8, 10, 0, 0, 0.01%, 0, 0, 1, 47.20
1735623197, 12, 9, 10, 0, 0, 0.01%, 0, 0, 1, 48.26
1735623202, 13, 0, 10, 0, 0, 0.01%, 0, 0, 1, 47.17
1735623207, 13, 1, 10, 0, 0, 0.01%, 0, 0, 1, 45.61
1735623213, 13, 2, 10, 0, 0, 0.01%, 0, 0, 1, 47.78
1735623218, 13, 3, 10, 0, 0, 0.01%, 0, 0, 1, 46.97
1735623223, 13, 4, 10, 0, 0, 0.01%, 0, 0, 1, 47.40
1735623228, 13, 5, 10, 0, 0, 0.01%, 0, 0, 1, 48.99
1735623233, 13, 6, 10, 0, 0, 0.01%, 0, 0, 1, 47.73
1735623238, 13, 7, 10, 0, 0, 0.01%, 0, 0, 1, 47.42
1735623248, 13, 8, 10, 0, 0, 0.01%, 0, 0, 1, 46.41
1735623253, 13, 9, 10, 0, 0, 0.01%, 0, 0, 1, 46.90
1735623258, 14, 0, 10, 0, 0, 0.01%, 0, 0, 1, 46.40
1735623263, 14, 1, 10, 0, 0, 0.01%, 0, 0, 1, 48.97
1735623268, 14, 2, 10, 0, 0, 0.01%, 0, 0, 1, 48.95
1735623273, 14, 3, 10, 0, 0, 0.01%, 0, 0, 1, 48.08
1735623278, 14, 4, 10, 0, 0, 0.01%, 0, 0, 1, 47.01
1735623283, 14, 5, 10, 0, 0, 0.01%, 0, 0, 1, 46.79
1735623288, 14, 6, 10, 0, 0, 0.01%, 0, 0, 1, 49.33
1735623294, 14, 7, 10, 0, 0, 0.01%, 0, 0, 1, 49.76
1735623299, 14, 8, 10, 0, 0, 0.01%, 0, 0, 1, 48.84
1735623304, 14, 9, 10, 0, 0, 0.01%, 0, 0, 1, 47.72
1735623309, 15, 0, 10, 0, 0, 0.01%, 0, 0, 1, 48.57
1735623314, 15, 1, 10, 0, 0, 0.01%, 0, 0, 1, 47.84
1735623319, 15, 2, 10, 0, 0, 0.01%, 0, 0, 1, 50.86
1735623324, 15, 3, 10, 0, 0, 0.01%, 0, 0, 1, 49.01
1735623329, 15, 4, 10, 0, 0, 0.01%, 0, 0, 1, 48.57
1735623349, 15, 5, 10, 0, 0, 0.01%, 0, 0, 1, 47.59
1735623370, 15, 6, 10, 0, 0, 0.01%, 0, 0, 1, 47.81
1735623390, 15, 7, 10, 0, 0, 0.01%, 0, 0, 1, 46.33
1735623410, 15, 8, 10, 0, 0, 0.01%, 0, 0, 1, 44.07
1735623431, 15, 9, 10, 0, 0, 0.01%, 0, 0, 1, 45.63
1735623451, 16, 0, 10, 0, 0, 0.01%, 0, 0, 1, 45.31
1735623471, 16, 1, 10, 0, 0, 0.01%, 0, 0, 1, 44.68
1735623491, 16, 2, 10, 0, 0, 0.01%, 0, 0, 1, 46.17
1735623497, 16, 3, 10, 0, 0, 0.01%, 0, 0, 1, 48.09
1735623502, 16, 4, 10, 0, 0, 0.01%, 0, 0, 1, 48.27
1735623507, 16, 5, 10, 0, 0, 0.01%, 0, 0, 1, 52.06
1735623512, 16, 6, 10, 0, 0, 0.01%, 0, 0, 1, 48.91
1735623517, 16, 7, 10, 0, 0, 0.01%, 0, 0, 1, 47.98
1735623522, 16, 8, 10, 0, 0, 0.01%, 0, 0, 1, 46.23
1735623527, 16, 9, 10, 0, 0, 0.01%, 0, 0, 1, 48.10
1735623537, 17, 0, 10, 0, 0, 0.01%, 0, 0, 1, 49.56
1735623542, 17, 1, 10, 0, 0, 0.01%, 0, 0, 1, 46.56
1735623547, 17, 2, 10, 0, 0, 0.01%, 0, 0, 1, 47.01
1735623552, 17, 3, 10, 0, 0, 0.01%, 0, 0, 1, 48.03
1735623557, 17, 4, 10, 0, 0, 0.01%, 0, 0, 1, 46.46
1735623562, 17, 5, 10, 0, 0, 0.01%, 0, 0, 1, 47.03
1735623567, 17, 6, 10, 0, 0, 0.01%, 0, 0, 1, 46.37
1735623572, 17, 7, 10, 0, 0, 0.01%, 0, 0, 1, 47.98
1735623578, 17, 8, 10, 0, 0, 0.01%, 0, 0, 1, 50.82
1735623583, 17, 9, 10, 0, 0, 0.01%, 0, 0, 1, 47.03
1735623588, 18, 0, 10, 0, 0, 0.01%, 0, 0, 1, 48.84
1735623593, 18, 1, 10, 0, 0, 0.01%, 0, 0, 1, 47.01
1735623598, 18, 2, 10, 0, 0, 0.01%, 0, 0, 1, 48.26
1735623603, 18, 3, 10, 0, 0, 0.01%, 0, 0, 1, 47.47
1735623608, 18, 4, 10, 0, 0, 0.01%, 0, 0, 1, 48.07
1735623618, 18, 5, 10, 0, 0, 0.01%, 0, 0, 1, 47.26
1735623623, 18, 6, 10, 0, 0, 0.01%, 0, 0, 1, 48.20
1735623628, 18, 7, 10, 0, 0, 0.01%, 0, 0, 1, 47.68
1735623633, 18, 8, 10, 0, 0, 0.01%, 0, 0, 1, 50.87
1735623638, 18, 9, 10, 0, 0, 0.01%, 0, 0, 1, 48.39
1735623643, 19, 0, 10, 0, 0, 0.01%, 0, 0, 1, 48.98
1735623648, 19, 1, 10, 0, 0, 0.01%, 0, 0, 1, 46.77
1735623653, 19, 2, 10, 0, 0, 0.01%, 0, 0, 1, 48.50
1735623658, 19, 3, 10, 0, 0, 0.01%, 0, 0, 1, 49.15
1735623663, 19, 4, 10, 0, 0, 0.01%, 0, 0, 1, 48.36
1735623668, 19, 5, 10, 0, 0, 0.01%, 0, 0, 1, 48.62
1735623674, 19, 6, 10, 0, 0, 0.01%, 0, 0, 1, 45.43
1735623679, 19, 7, 10, 0, 0, 0.01%, 0, 0, 1, 47.88
1735623684, 19, 8, 10, 0, 0, 0.01%, 0, 0, 1, 50.18
1735623689, 19, 9, 10, 0, 0, 0.01%, 0, 0, 1, 51.68
1735623694, 20, 0, 10, 0, 0, 0.01%, 0, 0, 1, 47.36
1735623699, 20, 1, 10, 0, 0, 0.01%, 0, 0, 1, 48.53
1735623704, 20, 2, 10, 0, 0, 0.01%, 0, 0, 1, 45.93
1735623714, 20, 3, 10, 0, 0, 0.01%, 0, 0, 1, 47.95
1735623719, 20, 4, 10, 0, 0, 0.01%, 0, 0, 1, 48.12
1735623724, 20, 5, 10, 0, 0, 0.01%, 0, 0, 1, 46.41
1735623729, 20, 6, 10, 0, 0, 0.01%, 0, 0, 1, 47.19
1735623734, 20, 7, 10, 0, 0, 0.01%, 0, 0, 1, 48.30
1735623739, 20, 8, 10, 0, 0, 0.01%, 0, 0, 1, 49.16
1735623745, 20, 9, 10, 0, 0, 0.01%, 0, 0, 1, 47.80
1735623750, 21, 0, 10, 0, 0, 0.01%, 0, 0, 1, 49.33
1735623755, 21, 1, 10, 0, 0, 0.01%, 0, 0, 1, 47.29
1735623760, 21, 2, 10, 0, 0, 0.01%, 0, 0, 1, 46.98
1735623765, 21, 3, 10, 0, 0, 0.01%, 0, 0, 1, 47.82
1735623770, 21, 4, 10, 0, 0, 0.01%, 0, 0, 1, 50.48
1735623775, 21, 5, 10, 0, 0, 0.01%, 0, 0, 1, 49.18
1735623780, 21, 6, 10, 0, 0, 0.01%, 0, 0, 1, 48.63
1735623785, 21, 7, 10, 0, 0, 0.01%, 0, 0, 1, 48.55
1735623790, 21, 8, 10, 0, 0, 0.01%, 0, 0, 1, 50.04
1735623795, 21, 9, 10, 0, 0, 0.01%, 0, 0, 1, 46.89
1735623800, 22, 0, 10, 0, 0, 0.01%, 0, 0, 1, 48.25
1735623806, 22, 1, 10, 0, 0, 0.01%, 0, 0, 1, 48.85
1735623816, 22, 2, 10, 0, 0, 0.01%, 0, 0, 1, 46.25
1735623821, 22, 3, 10, 0, 0, 0.01%, 0, 0, 1, 46.93
1735623826, 22, 4, 10, 0, 0, 0.01%, 0, 0, 1, 48.36
1735623831, 22, 5, 10, 0, 0, 0.01%, 0, 0, 1, 46.96
1735623836, 22, 6, 10, 0, 0, 0.01%, 0, 0, 1, 48.10
1735623841, 22, 7, 10, 0, 0, 0.01%, 0, 0, 1, 48.24
1735623846, 22, 8, 10, 0, 0, 0.01%, 0, 0, 1, 47.19
1735623851, 22, 9, 10, 0, 0, 0.01%, 0, 0, 1, 47.44
1735623856, 23, 0, 10, 0, 0, 0.01%, 0, 0, 1, 46.51
1735623861, 23, 1, 10, 0, 0, 0.01%, 0, 0, 1, 48.66
1735623866, 23, 2, 10, 0, 0, 0.01%, 0, 0, 1, 46.77
1735623872, 23, 3, 10, 0, 0, 0.01%, 0, 0, 1, 51.01
1735623877, 23, 4, 10, 0, 0, 0.01%, 0, 0, 1, 47.35
1735623882, 23, 5, 10, 0, 0, 0.01%, 0, 0, 1, 47.93
1735623887, 23, 6, 10, 0, 0, 0.01%, 0, 0, 1, 46.64
1735623892, 23, 7, 10, 0, 0, 0.01%, 0, 0, 1, 48.52
1735623902, 23, 8, 10, 0, 0, 0.01%, 0, 0, 1, 49.25
1735623907, 23, 9, 10, 0, 0, 0.01%, 0, 0, 1, 45.64
1735623912, 24, 0, 10, 0, 0, 0.01%, 0, 0, 1, 48.19
1735623917, 24, 1, 10, 0, 0, 0.01%, 0, 0, 1, 46.16
1735623922, 24, 2, 10, 0, 0, 0.01%, 0, 0, 1, 46.62
1735623927, 24, 3, 10, 0, 0, 0.01%, 0, 0, 1, 44.89
1735623932, 24, 4, 10, 0, 0, 0.01%, 0, 0, 1, 49.24
1735623937, 24, 5, 10, 0, 0, 0.01%, 0, 0, 1, 47.59
1735623942, 24, 6, 10, 0, 0, 0.01%, 0, 0, 1, 49.59
1735623947, 24, 7, 10, 0, 0, 0.01%, 0, 0, 1, 47.94
1735623952, 24, 8, 10, 0, 0, 0.01%, 0, 0, 1, 48.71
1735623957, 24, 9, 10, 0, 0, 0.01%, 0, 0, 1, 47.29
1735623963, 25, 0, 10, 0, 0, 0.01%, 0, 0, 1, 48.86
1735623968, 25, 1, 10, 0, 0, 0.01%, 0, 0, 1, 45.83
1735623973, 25, 2, 10, 0, 0, 0.01%, 0, 0, 1, 47.34
1735623978, 25, 3, 10, 0, 0, 0.01%, 0, 0, 1, 47.31
1735623983, 25, 4, 10, 0, 0, 0.01%, 0, 0, 1, 51.41
1735623988, 25, 5, 10, 0, 0, 0.01%, 0, 0, 1, 48.27
1735623993, 25, 6, 10, 0, 0, 0.01%, 0, 0, 1, 50.80
1735623998, 25, 7, 10, 0, 0, 0.01%, 0, 0, 1, 49.26
1735624003, 25, 8, 10, 0, 0, 0.01%, 0, 0, 1, 49.83
1735624013, 25, 9, 10, 0, 0, 0.01%, 0, 0, 1, 49.32
1735624018, 26, 0, 10, 0, 0, 0.01%, 0, 0, 1, 47.25
1735624024, 26, 1, 10, 0, 0, 0.01%, 0, 0, 1, 49.64
1735624029, 26, 2, 10, 0, 0, 0.01%, 0, 0, 1, 51.55
1735624034, 26, 3, 10, 0, 0, 0.01%, 0, 0, 1, 47.87
1735624039, 26, 4, 10, 0, 0, 0.01%, 0, 0, 1, 49.33
1735624044, 26, 5, 10, 0, 0, 0.01%, 0, 0, 1, 47.07
1735624049, 26, 6, 10, 0, 0, 0.01%, 0, 0, 1, 47.20
1735624054, 26, 7, 10, 0, 0, 0.01%, 0, 0, 1, 48.94
1735624059, 26, 8, 10, 0, 0, 0.01%, 0, 0, 1, 47.31
1735624064, 26, 9, 10, 0, 0, 0.01%, 0, 0, 1, 45.90
1735624069, 27, 0, 10, 0, 0, 0.01%, 0, 0, 1, 46.05
1735624074, 27, 1, 10, 0, 0, 0.01%, 0, 0, 1, 46.50
1735624079, 27, 2, 10, 0, 0, 0.01%, 0, 0, 1, 47.01
1735624084, 27, 3, 10, 0, 0, 0.01%, 0, 0, 1, 48.89
1735624090, 27, 4, 10, 0, 0, 0.01%, 0, 0, 1, 48.53
1735624095, 27, 5, 10, 0, 0, 0.01%, 0, 0, 1, 48.24
1735624100, 27, 6, 10, 0, 0, 0.01%, 0, 0, 1, 49.10
1735624105, 27, 7, 10, 0, 0, 0.01%, 0, 0, 1, 46.31
1735624115, 27, 8, 10, 0, 0, 0.01%, 0, 0, 1, 46.62
1735624120, 27, 9, 10, 0, 0, 0.01%, 0, 0, 1, 47.69
1735624125, 28, 0, 10, 0, 0, 0.01%, 0, 0, 1, 47.00
1735624130, 28, 1, 10, 0, 0, 0.01%, 0, 0, 1, 47.01
1735624135, 28, 2, 10, 0, 0, 0.01%, 0, 0, 1, 44.20
1735624140, 28, 3, 10, 0, 0, 0.01%, 0, 0, 1, 45.84
1735624145, 28, 4, 10, 0, 0, 0.01%, 0, 0, 1, 45.77
1735624150, 28, 5, 10, 0, 0, 0.01%, 0, 0, 1, 50.15
1735624155, 28, 6, 10, 0, 0, 0.01%, 0, 0, 1, 48.47
1735624161, 28, 7, 10, 0, 0, 0.01%, 0, 0, 1, 51.96
1735624166, 28, 8, 10, 0, 0, 0.01%, 0, 0, 1, 47.08
1735624171, 28, 9, 10, 0, 0, 0.01%, 0, 0, 1, 49.01
1735624176, 29, 0, 10, 0, 0, 0.01%, 0, 0, 1, 46.57
1735624181, 29, 1, 10, 0, 0, 0.01%, 0, 0, 1, 47.62
1735624186, 29, 2, 10, 0, 0, 0.01%, 0, 0, 1, 46.19
1735624191, 29, 3, 10, 0, 0, 0.01%, 0, 0, 1, 48.34
1735624201, 29, 4, 10, 0, 0, 0.01%, 0, 0, 1, 48.68
1735624206, 29, 5, 10, 0, 0, 0.01%, 0, 0, 1, 47.83
1735624211, 29, 6, 10, 0, 0, 0.01%, 0, 0, 1, 48.96
1735624216, 29, 7, 10, 0, 0, 0.01%, 0, 0, 1, 48.35
1735624221, 29, 8, 10, 0, 0, 0.01%, 0, 0, 1, 48.10
1735624226, 29, 9, 10, 0, 0, 0.01%, 0, 0, 1, 48.11
1735624231, 30, 0, 10, 0, 0, 0.01%, 0, 0, 1, 46.03
1735624237, 30, 1, 10, 0, 0, 0.01%, 0, 0, 1, 46.85
1735624242, 30, 2, 10, 0, 0, 0.01%, 0, 0, 1, 47.39
1735624247, 30, 3, 10, 0, 0, 0.01%, 0, 0, 1, 50.28
1735624252, 30, 4, 10, 0, 0, 0.01%, 0, 0, 1, 47.55
1735624257, 30, 5, 10, 0, 0, 0.01%, 0, 0, 1, 47.32
1735624262, 30, 6, 10, 0, 0, 0.01%, 0, 0, 1, 48.01
1735624267, 30, 7, 10, 0, 0, 0.01%, 0, 0, 1, 49.29
1735624272, 30, 8, 10, 0, 0, 0.01%, 0, 0, 1, 47.53
1735624277, 30, 9, 10, 0, 0, 0.01%, 0, 0, 1, 50.53
1735624282, 31, 0, 10, 0, 0, 0.01%, 0, 0, 1, 48.70
1735624287, 31, 1, 10, 0, 0, 0.01%, 0, 0, 1, 51.31
1735624293, 31, 2, 10, 0, 0, 0.01%, 0, 0, 1, 48.21
1735624298, 31, 3, 10, 0, 0, 0.01%, 0, 0, 1, 48.14
1735624303, 31, 4, 10, 0, 0, 0.01%, 0, 0, 1, 47.99
1735624308, 31, 5, 10, 0, 0, 0.01%, 0, 0, 1, 47.26
1735624313, 31, 6, 10, 0, 0, 0.01%, 0, 0, 1, 48.20
1735624323, 31, 7, 10, 0, 0, 0.01%, 0, 0, 1, 50.13
1735624328, 31, 8, 10, 0, 0, 0.01%, 0, 0, 1, 45.63
1735624333, 31, 9, 10, 0, 0, 0.01%, 0, 0, 1, 48.18
1735624338, 32, 0, 10, 0, 0, 0.01%, 0, 0, 1, 47.66
1735624343, 32, 1, 10, 0, 0, 0.01%, 0, 0, 1, 48.28
1735624348, 32, 2, 10, 0, 0, 0.01%, 0, 0, 1, 45.80
1735624353, 32, 3, 10, 0, 0, 0.01%, 0, 0, 1, 46.94
1735624358, 32, 4, 10, 0, 0, 0.01%, 0, 0, 1, 48.13
1735624364, 32, 5, 10, 0, 0, 0.01%, 0, 0, 1, 46.35
1735624369, 32, 6, 10, 0, 0, 0.01%, 0, 0, 1, 46.28
1735624374, 32, 7, 10, 0, 0, 0.01%, 0, 0, 1, 48.18
1735624379, 32, 8, 10, 0, 0, 0.01%, 0, 0, 1, 49.10
1735624384, 32, 9, 10, 0, 0, 0.01%, 0, 0, 1, 49.00
1735624389, 33, 0, 10, 0, 0, 0.01%, 0, 0, 1, 47.22
1735624394, 33, 1, 10, 0, 0, 0.01%, 0, 0, 1, 47.21
1735624399, 33, 2, 10, 0, 0, 0.01%, 0, 0, 1, 47.65
1735624404, 33, 3, 10, 0, 0, 0.01%, 0, 0, 1, 47.77
1735624414, 33, 4, 10, 0, 0, 0.01%, 0, 0, 1, 50.74
1735624419, 33, 5, 10, 0, 0, 0.01%, 0, 0, 1, 48.46
1735624425, 33, 6, 10, 0, 0, 0.01%, 0, 0, 1, 49.11
1735624430, 33, 7, 10, 0, 0, 0.01%, 0, 0, 1, 47.92
1735624435, 33, 8, 10, 0, 0, 0.01%, 0, 0, 1, 47.56
1735624440, 33, 9, 10, 0, 0, 0.01%, 0, 0, 1, 47.06
1735624445, 34, 0, 10, 0, 0, 0.01%, 0, 0, 1, 46.08
1735624450, 34, 1, 10, 0, 0, 0.01%, 0, 0, 1, 49.31
1735624455, 34, 2, 10, 0, 0, 0.01%, 0, 0, 1, 46.90
1735624460, 34, 3, 10, 0, 0, 0.01%, 0, 0, 1, 50.83
1735624465, 34, 4, 10, 0, 0, 0.01%, 0, 0, 1, 48.81
1735624470, 34, 5, 10, 0, 0, 0.01%, 0, 0, 1, 48.36
1735624475, 34, 6, 10, 0, 0, 0.01%, 0, 0, 1, 48.00
1735624480, 34, 7, 10, 0, 0, 0.01%, 0, 0, 1, 48.55
1735624485, 34, 8, 10, 0, 0, 0.01%, 0, 0, 1, 48.70
1735624490, 34, 9, 10, 0, 0, 0.01%, 0, 0, 1, 49.36
1735624495, 35, 0, 10, 0, 0, 0.01%, 0, 0, 1, 47.37
1735624500, 35, 1, 10, 0, 0, 0.01%, 0, 0, 1, 49.03
1735624506, 35, 2, 10, 0, 0, 0.01%, 0, 0, 1, 49.66
1735624516, 35, 3, 10, 0, 0, 0.01%, 0, 0, 1, 47.05
1735624521, 35, 4, 10, 0, 0, 0.01%, 0, 0, 1, 46.46
1735624526, 35, 5, 10, 0, 0, 0.01%, 0, 0, 1, 46.77
1735624531, 35, 6, 10, 0, 0, 0.01%, 0, 0, 1, 47.13
1735624536, 35, 7, 10, 0, 0, 0.01%, 0, 0, 1, 46.76
1735624541, 35, 8, 10, 0, 0, 0.01%, 0, 0, 1, 46.94
1735624546, 35, 9, 10, 0, 0, 0.01%, 0, 0, 1, 47.83
1735624551, 36, 0, 10, 0, 0, 0.01%, 0, 0, 1, 46.98
1735624556, 36, 1, 10, 0, 0, 0.01%, 0, 0, 1, 48.75
1735624561, 36, 2, 10, 0, 0, 0.01%, 0, 0, 1, 47.93
1735624566, 36, 3, 10, 0, 0, 0.01%, 0, 0, 1, 46.93
1735624571, 36, 4, 10, 0, 0, 0.01%, 0, 0, 1, 46.55
1735624576, 36, 5, 10, 0, 0, 0.01%, 0, 0, 1, 48.08
1735624581, 36, 6, 10, 0, 0, 0.01%, 0, 0, 1, 48.66
1735624586, 36, 7, 10, 0, 0, 0.01%, 0, 0, 1, 49.70
1735624592, 36, 8, 10, 0, 0, 0.01%, 0, 0, 1, 50.21
1735624602, 36, 9, 10, 0, 0, 0.01%, 0, 0, 1, 45.86
1735624607, 37, 0, 10, 0, 0, 0.01%, 0, 0, 1, 46.97
1735624612, 37, 1, 10, 0, 0, 0.01%, 0, 0, 1, 47.51
1735624617, 37, 2, 10, 0, 0, 0.01%, 0, 0, 1, 46.63
1735624622, 37, 3, 10, 0, 0, 0.01%, 0, 0, 1, 47.22
1735624627, 37, 4, 10, 0, 0, 0.01%, 0, 0, 1, 48.76
1735624632, 37, 5, 10, 0, 0, 0.01%, 0, 0, 1, 46.64
1735624637, 37, 6, 10, 0, 0, 0.01%, 0, 0, 1, 46.40
1735624642, 37, 7, 10, 0, 0, 0.01%, 0, 0, 1, 49.52
1735624647, 37, 8, 10, 0, 0, 0.01%, 0, 0, 1, 48.81
1735624653, 37, 9, 10, 0, 0, 0.01%, 0, 0, 1, 46.59
1735624658, 38, 0, 10, 0, 0, 0.01%, 0, 0, 1, 49.51
1735624663, 38, 1, 10, 0, 0, 0.01%, 0, 0, 1, 46.37
1735624668, 38, 2, 10, 0, 0, 0.01%, 0, 0, 1, 49.51
1735624673, 38, 3, 10, 0, 0, 0.01%, 0, 0, 1, 46.81
1735624678, 38, 4, 10, 0, 0, 0.01%, 0, 0, 1, 46.51
1735624688, 38, 5, 10, 0, 0, 0.01%, 0, 0, 1, 50.28
1735624693, 38, 6, 10, 0, 0, 0.01%, 0, 0, 1, 48.44
1735624698, 38, 7, 10, 0, 0, 0.01%, 0, 0, 1, 46.32
1735624703, 38, 8, 10, 0, 0, 0.01%, 0, 0, 1, 47.29
1735624708, 38, 9, 10, 0, 0, 0.01%, 0, 0, 1, 45.89
1735624713, 39, 0, 10, 0, 0, 0.01%, 0, 0, 1, 50.43
1735624718, 39, 1, 10, 0, 0, 0.01%, 0, 0, 1, 47.82
1735624724, 39, 2, 10, 0, 0, 0.01%, 0, 0, 1, 49.05
1735624729, 39, 3, 10, 0, 0, 0.01%, 0, 0, 1, 47.03
1735624734, 39, 4, 10, 0, 0, 0.01%, 0, 0, 1, 49.68
1735624739, 39, 5, 10, 0, 0, 0.01%, 0, 0, 1, 48.83
1735624744, 39, 6, 10, 0, 0, 0.01%, 0, 0, 1, 46.42
1735624749, 39, 7, 10, 0, 0, 0.01%, 0, 0, 1, 47.98
1735624754, 39, 8, 10, 0, 0, 0.01%, 0, 0, 1, 48.39
1735624759, 39, 9, 10, 0, 0, 0.01%, 0, 0, 1, 47.44
1735624764, 40, 0, 10, 0, 0, 0.01%, 0, 0, 1, 47.36
1735624769, 40, 1, 10, 0, 0, 0.01%, 0, 0, 1, 48.62
1735624774, 40, 2, 10, 0, 0, 0.01%, 0, 0, 1, 47.70
1735624779, 40, 3, 10, 0, 0, 0.01%, 0, 0, 1, 48.39
1735624784, 40, 4, 10, 0, 0, 0.01%, 0, 0, 1, 49.47
1735624795, 40, 5, 10, 0, 0, 0.01%, 0, 0, 1, 46.84
1735624800, 40, 6, 10, 0, 0, 0.01%, 0, 0, 1, 50.47
1735624805, 40, 7, 10, 0, 0, 0.01%, 0, 0, 1, 48.16
1735624810, 40, 8, 10, 0, 0, 0.01%, 0, 0, 1, 49.95
1735624815, 40, 9, 10, 0, 0, 0.01%, 0, 0, 1, 48.36
1735624820, 41, 0, 10, 0, 0, 0.01%, 0, 0, 1, 47.85
1735624825, 41, 1, 10, 0, 0, 0.01%, 0, 0, 1, 46.56
1735624830, 41, 2, 10, 0, 0, 0.01%, 0, 0, 1, 48.02
1735624835, 41, 3, 10, 0, 0, 0.01%, 0, 0, 1, 46.95
1735624840, 41, 4, 10, 0, 0, 0.01%, 0, 0, 1, 46.06
1735624845, 41, 5, 10, 0, 0, 0.01%, 0, 0, 1, 49.41
1735624851, 41, 6, 10, 0, 0, 0.01%, 0, 0, 1, 47.83
1735624856, 41, 7, 10, 0, 0, 0.01%, 0, 0, 1, 46.75
1735624861, 41, 8, 10, 0, 0, 0.01%, 0, 0, 1, 47.01
1735624866, 41, 9, 10, 0, 0, 0.01%, 0, 0, 1, 47.80
1735624871, 42, 0, 10, 0, 0, 0.01%, 0, 0, 1, 45.80
1735624876, 42, 1, 10, 0, 0, 0.01%, 0, 0, 1, 49.58
1735624881, 42, 2, 10, 0, 0, 0.01%, 0, 0, 1, 45.88
1735624886, 42, 3, 10, 0, 0, 0.01%, 0, 0, 1, 49.60
1735624891, 42, 4, 10, 0, 0, 0.01%, 0, 0, 1, 49.33
1735624896, 42, 5, 10, 0, 0, 0.01%, 0, 0, 1, 51.70
1735624902, 42, 6, 10, 0, 0, 0.01%, 0, 0, 1, 47.38
1735624907, 42, 7, 10, 0, 0, 0.01%, 0, 0, 1, 49.98
1735624912, 42, 8, 10, 0, 0, 0.01%, 0, 0, 1, 47.72
1735624922, 42, 9, 10, 0, 0, 0.01%, 0, 0, 1, 48.89
1735624927, 43, 0, 10, 0, 0, 0.01%, 0, 0, 1, 45.51
1735624932, 43, 1, 10, 0, 0, 0.01%, 0, 0, 1, 44.98
1735624937, 43, 2, 10, 0, 0, 0.01%, 0, 0, 1, 49.82
1735624942, 43, 3, 10, 0, 0, 0.01%, 0, 0, 1, 47.46
1735624947, 43, 4, 10, 0, 0, 0.01%, 0, 0, 1, 46.00
1735624952, 43, 5, 10, 0, 0, 0.01%, 0, 0, 1, 46.73
1735624957, 43, 6, 10, 0, 0, 0.01%, 0, 0, 1, 49.46
1735624962, 43, 7, 10, 0, 0, 0.01%, 0, 0, 1, 48.57
1735624968, 43, 8, 10, 0, 0, 0.01%, 0, 0, 1, 45.75
1735624973, 43, 9, 10, 0, 0, 0.01%, 0, 0, 1, 47.50
1735624978, 44, 0, 10, 0, 0, 0.01%, 0, 0, 1, 46.82
1735624983, 44, 1, 10, 0, 0, 0.01%, 0, 0, 1, 47.36
1735624988, 44, 2, 10, 0, 0, 0.01%, 0, 0, 1, 46.33
1735624998, 44, 3, 10, 0, 0, 0.01%, 0, 0, 1, 48.59
1735625003, 44, 4, 10, 0, 0, 0.01%, 0, 0, 1, 48.33
1735625008, 44, 5, 10, 0, 0, 0.01%, 0, 0, 1, 45.30
1735625013, 44, 6, 10, 0, 0, 0.01%, 0, 0, 1, 45.58
1735625018, 44, 7, 10, 0, 0, 0.01%, 0, 0, 1, 49.31
1735625023, 44, 8, 10, 0, 0, 0.01%, 0, 0, 1, 47.45
1735625028, 44, 9, 10, 0, 0, 0.01%, 0, 0, 1, 46.18
1735625033, 45, 0, 10, 0, 0, 0.01%, 0, 0, 1, 48.23
1735625039, 45, 1, 10, 0, 0, 0.01%, 0, 0, 1, 47.74
1735625044, 45, 2, 10, 0, 0, 0.01%, 0, 0, 1, 47.36
1735625049, 45, 3, 10, 0, 0, 0.01%, 0, 0, 1, 48.07
1735625054, 45, 4, 10, 0, 0, 0.01%, 0, 0, 1, 47.72
1735625059, 45, 5, 10, 0, 0, 0.01%, 0, 0, 1, 47.95
1735625064, 45, 6, 10, 0, 0, 0.01%, 0, 0, 1, 44.39
1735625069, 45, 7, 10, 0, 0, 0.01%, 0, 0, 1, 47.74
1735625074, 45, 8, 10, 0, 0, 0.01%, 0, 0, 1, 47.53
1735625084, 45, 9, 10, 0, 0, 0.01%, 0, 0, 1, 45.87
1735625089, 46, 0, 10, 0, 0, 0.01%, 0, 0, 1, 46.81
1735625094, 46, 1, 10, 0, 0, 0.01%, 0, 0, 1, 47.04
1735625099, 46, 2, 10, 0, 0, 0.01%, 0, 0, 1, 46.86
1735625104, 46, 3, 10, 0, 0, 0.01%, 0, 0, 1, 46.78
1735625109, 46, 4, 10, 0, 0, 0.01%, 0, 0, 1, 47.65
1735625114, 46, 5, 10, 0, 0, 0.01%, 0, 0, 1, 46.45
1735625120, 46, 6, 10, 0, 0, 0.01%, 0, 0, 1, 48.89
1735625125, 46, 7, 10, 0, 0, 0.01%, 0, 0, 1, 47.72
1735625130, 46, 8, 10, 0, 0, 0.01%, 0, 0, 1, 46.93
1735625135, 46, 9, 10, 0, 0, 0.01%, 0, 0, 1, 48.71
1735625140, 47, 0, 10, 0, 0, 0.01%, 0, 0, 1, 46.55
1735625145, 47, 1, 10, 0, 0, 0.01%, 0, 0, 1, 49.06
1735625150, 47, 2, 10, 0, 0, 0.01%, 0, 0, 1, 48.86
1735625155, 47, 3, 10, 0, 0, 0.01%, 0, 0, 1, 45.31
1735625160, 47, 4, 10, 0, 0, 0.01%, 0, 0, 1, 46.85
1735625170, 47, 5, 10, 0, 0, 0.01%, 0, 0, 1, 47.63
1735625175, 47, 6, 10, 0, 0, 0.01%, 0, 0, 1, 47.76
1735625181, 47, 7, 10, 0, 0, 0.01%, 0, 0, 1, 46.19
1735625186, 47, 8, 10, 0, 0, 0.01%, 0, 0, 1, 45.79
1735625191, 47, 9, 10, 0, 0, 0.01%, 0, 0, 1, 48.61
1735625196, 48, 0, 10, 0, 0, 0.01%, 0, 0, 1, 46.30
1735625201, 48, 1, 10, 0, 0, 0.01%, 0, 0, 1, 45.53
1735625206, 48, 2, 10, 0, 0, 0.01%, 0, 0, 1, 49.88
1735625211, 48, 3, 10, 0, 0, 0.01%, 0, 0, 1, 47.06
1735625216, 48, 4, 10, 0, 0, 0.01%, 0, 0, 1, 48.22
1735625221, 48, 5, 10, 0, 0, 0.01%, 0, 0, 1, 46.87
1735625226, 48, 6, 10, 0, 0, 0.01%, 0, 0, 1, 46.25
1735625231, 48, 7, 10, 0, 0, 0.01%, 0, 0, 1, 45.79
1735625236, 48, 8, 10, 0, 0, 0.01%, 0, 0, 1, 48.74
1735625246, 49, 0, 10, 0, 0, 0.01%, 0, 0, 1, 51.96
1735625256, 49, 1, 10, 0, 0, 0.01%, 0, 0, 1, 48.11
1735625262, 49, 2, 10, 0, 0, 0.01%, 0, 0, 1, 45.01
1735625267, 49, 3, 10, 0, 0, 0.01%, 0, 0, 1, 47.24
1735625272, 49, 4, 10, 0, 0, 0.01%, 0, 0, 1, 46.78
1735625277, 49, 5, 10, 0, 0, 0.01%, 0, 0, 1, 47.71
1735625282, 49, 6, 10, 0, 0, 0.01%, 0, 0, 1, 48.08
1735625287, 49, 7, 10, 0, 0, 0.01%, 0, 0, 1, 48.09
1735625292, 49, 8, 10, 0, 0, 0.01%, 0, 0, 1, 49.17
1735625297, 49, 9, 10, 0, 0, 0.01%, 0, 0, 1, 48.41
1735625302, 50, 0, 10, 0, 0, 0.01%, 0, 0, 1, 48.03
1735625307, 50, 1, 10, 0, 0, 0.01%, 0, 0, 1, 49.55
1735625312, 50, 2, 10, 0, 0, 0.01%, 0, 0, 1, 49.70
1735625317, 50, 3, 10, 0, 0, 0.01%, 0, 0, 1, 49.57
1735625322, 50, 4, 10, 0, 0, 0.01%, 0, 0, 1, 46.76
1735625328, 50, 5, 10, 0, 0, 0.01%, 0, 0, 1, 47.47
1735625333, 50, 6, 10, 0, 0, 0.01%, 0, 0, 1, 48.09
1735625338, 50, 7, 10, 0, 0, 0.01%, 0, 0, 1, 46.53
1735625343, 50, 8, 10, 0, 0, 0.01%, 0, 0, 1, 46.33
1735625348, 50, 9, 10, 0, 0, 0.01%, 0, 0, 1, 48.32
1735625353, 51, 0, 10, 0, 0, 0.01%, 0, 0, 1, 48.23
1735625363, 51, 1, 10, 0, 0, 0.01%, 0, 0, 1, 48.38
1735625368, 51, 2, 10, 0, 0, 0.01%, 0, 0, 1, 47.67
1735625373, 51, 3, 10, 0, 0, 0.01%, 0, 0, 1, 47.50
1735625378, 51, 4, 10, 0, 0, 0.01%, 0, 0, 1, 47.11
1735625383, 51, 5, 10, 0, 0, 0.01%, 0, 0, 1, 48.24
1735625388, 51, 6, 10, 0, 0, 0.01%, 0, 0, 1, 52.58
1735625394, 51, 7, 10, 0, 0, 0.01%, 0, 0, 1, 49.09
1735625399, 51, 8, 10, 0, 0, 0.01%, 0, 0, 1, 48.81
1735625404, 51, 9, 10, 0, 0, 0.01%, 0, 0, 1, 46.39
1735625409, 52, 0, 10, 0, 0, 0.01%, 0, 0, 1, 47.25
1735625414, 52, 1, 10, 0, 0, 0.01%, 0, 0, 1, 48.70
1735625419, 52, 2, 10, 0, 0, 0.01%, 0, 0, 1, 46.34
1735625424, 52, 3, 10, 0, 0, 0.01%, 0, 0, 1, 50.13
1735625429, 52, 4, 10, 0, 0, 0.01%, 0, 0, 1, 49.36
1735625434, 52, 5, 10, 0, 0, 0.01%, 0, 0, 1, 46.80
1735625439, 52, 6, 10, 0, 0, 0.01%, 0, 0, 1, 47.37
1735625444, 52, 7, 10, 0, 0, 0.01%, 0, 0, 1, 47.35
1735625449, 52, 8, 10, 0, 0, 0.01%, 0, 0, 1, 48.22
1735625454, 52, 9, 10, 0, 0, 0.01%, 0, 0, 1, 48.63
1735625460, 53, 0, 10, 0, 0, 0.01%, 0, 0, 1, 46.24
1735625470, 53, 1, 10, 0, 0, 0.01%, 0, 0, 1, 47.30
1735625475, 53, 2, 10, 0, 0, 0.01%, 0, 0, 1, 45.86
1735625480, 53, 3, 10, 0, 0, 0.01%, 0, 0, 1, 48.33
1735625485, 53, 4, 10, 0, 0, 0.01%, 0, 0, 1, 48.39
1735625490, 53, 5, 10, 0, 0, 0.01%, 0, 0, 1, 49.08
1735625495, 53, 6, 10, 0, 0, 0.01%, 0, 0, 1, 48.57
1735625500, 53, 7, 10, 0, 0, 0.01%, 0, 0, 1, 46.76
1735625505, 53, 8, 10, 0, 0, 0.01%, 0, 0, 1, 47.17
1735625510, 53, 9, 10, 0, 0, 0.01%, 0, 0, 1, 47.44
1735625515, 54, 0, 10, 0, 0, 0.01%, 0, 0, 1, 49.03
1735625520, 54, 1, 10, 0, 0, 0.01%, 0, 0, 1, 48.91
1735625525, 54, 2, 10, 0, 0, 0.01%, 0, 0, 1, 50.55
1735625530, 54, 3, 10, 0, 0, 0.01%, 0, 0, 1, 48.89
1735625535, 54, 4, 10, 0, 0, 0.01%, 0, 0, 1, 49.93
1735625540, 54, 5, 10, 0, 0, 0.01%, 0, 0, 1, 47.10
1735625545, 54, 6, 10, 0, 0, 0.01%, 0, 0, 1, 45.55
1735625550, 54, 7, 10, 0, 0, 0.01%, 0, 0, 1, 47.69
1735625560, 54, 8, 10, 0, 0, 0.01%, 0, 0, 1, 46.63
1735625565, 54, 9, 10, 0, 0, 0.01%, 0, 0, 1, 48.19
1735625570, 55, 0, 10, 0, 0, 0.01%, 0, 0, 1, 49.12
1735625576, 55, 1, 10, 0, 0, 0.01%, 0, 0, 1, 46.98
1735625581, 55, 2, 10, 0, 0, 0.01%, 0, 0, 1, 50.43
1735625586, 55, 3, 10, 0, 0, 0.01%, 0, 0, 1, 51.26
1735625591, 55, 4, 10, 0, 0, 0.01%, 0, 0, 1, 48.08
1735625596, 55, 5, 10, 0, 0, 0.01%, 0, 0, 1, 47.48
1735625601, 55, 6, 10, 0, 0, 0.01%, 0, 0, 1, 49.25
1735625606, 55, 7, 10, 0, 0, 0.01%, 0, 0, 1, 48.00
1735625611, 55, 8, 10, 0, 0, 0.01%, 0, 0, 1, 47.21
1735625616, 55, 9, 10, 0, 0, 0.01%, 0, 0, 1, 48.77
1735625621, 56, 0, 10, 0, 0, 0.01%, 0, 0, 1, 47.45
1735625626, 56, 1, 10, 0, 0, 0.01%, 0, 0, 1, 47.83
1735625632, 56, 2, 10, 0, 0, 0.01%, 0, 0, 1, 52.03
1735625637, 56, 3, 10, 0, 0, 0.01%, 0, 0, 1, 48.20
1735625642, 56, 4, 10, 0, 0, 0.01%, 0, 0, 1, 48.00
1735625647, 56, 5, 10, 0, 0, 0.01%, 0, 0, 1, 47.66
1735625652, 56, 6, 10, 0, 0, 0.01%, 0, 0, 1, 49.87
1735625657, 56, 7, 10, 0, 0, 0.01%, 0, 0, 1, 45.80
1735625662, 56, 8, 10, 0, 0, 0.01%, 0, 0, 1, 48.21
1735625672, 56, 9, 10, 0, 0, 0.01%, 0, 0, 1, 47.62
1735625677, 57, 0, 10, 0, 0, 0.01%, 0, 0, 1, 46.33
1735625682, 57, 1, 10, 0, 0, 0.01%, 0, 0, 1, 46.79
1735625687, 57, 2, 10, 0, 0, 0.01%, 0, 0, 1, 48.16
1735625692, 57, 3, 10, 0, 0, 0.01%, 0, 0, 1, 48.46
1735625697, 57, 4, 10, 0, 0, 0.01%, 0, 0, 1, 46.41
1735625703, 57, 5, 10, 0, 0, 0.01%, 0, 0, 1, 48.65
1735625708, 57, 6, 10, 0, 0, 0.01%, 0, 0, 1, 47.52
1735625713, 57, 7, 10, 0, 0, 0.01%, 0, 0, 1, 47.02
1735625718, 57, 8, 10, 0, 0, 0.01%, 0, 0, 1, 50.49
1735625723, 57, 9, 10, 0, 0, 0.01%, 0, 0, 1, 48.45
1735625728, 58, 0, 10, 0, 0, 0.01%, 0, 0, 1, 48.40
1735625733, 58, 1, 10, 0, 0, 0.01%, 0, 0, 1, 45.94
1735625738, 58, 2, 10, 0, 0, 0.01%, 0, 0, 1, 49.14
1735625743, 58, 3, 10, 0, 0, 0.01%, 0, 0, 1, 47.82
1735625748, 58, 4, 10, 0, 0, 0.01%, 0, 0, 1, 49.25
1735625753, 58, 5, 10, 0, 0, 0.01%, 0, 0, 1, 47.64
1735625758, 58, 6, 10, 0, 0, 0.01%, 0, 0, 1, 48.27
1735625763, 58, 7, 10, 0, 0, 0.01%, 0, 0, 1, 46.90
1735625773, 58, 8, 10, 0, 0, 0.01%, 0, 0, 1, 47.70
1735625778, 58, 9, 10, 0, 0, 0.01%, 0, 0, 1, 48.17
1735625784, 59, 0, 10, 0, 0, 0.01%, 0, 0, 1, 46.33
1735625789, 59, 1, 10, 0, 0, 0.01%, 0, 0, 1, 46.88
1735625794, 59, 2, 10, 0, 0, 0.01%, 0, 0, 1, 49.29
1735625799, 59, 3, 10, 0, 0, 0.01%, 0, 0, 1, 48.07
1735625804, 59, 4, 10, 0, 0, 0.01%, 0, 0, 1, 47.94
1735625809, 59, 5, 10, 0, 0, 0.01%, 0, 0, 1, 46.21
1735625814, 59, 6, 10, 0, 0, 0.01%, 0, 0, 1, 49.06
1735625819, 59, 7, 10, 0, 0, 0.01%, 0, 0, 1, 50.27
1735625824, 59, 8, 10, 0, 0, 0.01%, 0, 0, 1, 48.46
1735625829, 59, 9, 10, 0, 0, 0.01%, 0, 0, 1, 47.37
1735625834, 60, 0, 10, 0, 0, 0.01%, 0, 0, 1, 47.88
1735625839, 60, 1, 10, 0, 0, 0.01%, 0, 0, 1, 46.01
1735625845, 60, 2, 10, 0, 0, 0.01%, 0, 0, 1, 46.89
1735625850, 60, 3, 10, 0, 0, 0.01%, 0, 0, 1, 46.55
1735625855, 60, 4, 10, 0, 0, 0.01%, 0, 0, 1, 50.26
1735625860, 60, 5, 10, 0, 0, 0.01%, 0, 0, 1, 47.54
1735625865, 60, 6, 10, 0, 0, 0.01%, 0, 0, 1, 48.14
1735625875, 60, 7, 10, 0, 0, 0.01%, 0, 0, 1, 47.97
1735625880, 60, 8, 10, 0, 0, 0.01%, 0, 0, 1, 49.02
1735625885, 60, 9, 10, 0, 0, 0.01%, 0, 0, 1, 45.45
1735625890, 61, 0, 10, 0, 0, 0.01%, 0, 0, 1, 47.44
1735625895, 61, 1, 10, 0, 0, 0.01%, 0, 0, 1, 47.62
1735625900, 61, 2, 10, 0, 0, 0.01%, 0, 0, 1, 47.53
1735625905, 61, 3, 10, 0, 0, 0.01%, 0, 0, 1, 47.34
1735625910, 61, 4, 10, 0, 0, 0.01%, 0, 0, 1, 48.06
1735625915, 61, 5, 10, 0, 0, 0.01%, 0, 0, 1, 46.60
1735625920, 61, 6, 10, 0, 0, 0.01%, 0, 0, 1, 47.62
1735625925, 61, 7, 10, 0, 0, 0.01%, 0, 0, 1, 50.06
1735625931, 61, 8, 10, 0, 0, 0.01%, 0, 0, 1, 45.96
1735625936, 61, 9, 10, 0, 0, 0.01%, 0, 0, 1, 49.97
1735625941, 62, 0, 10, 0, 0, 0.01%, 0, 0, 1, 47.77
1735625946, 62, 1, 10, 0, 0, 0.01%, 0, 0, 1, 47.22
1735625951, 62, 2, 10, 0, 0, 0.01%, 0, 0, 1, 47.19
1735625956, 62, 3, 10, 0, 0, 0.01%, 0, 0, 1, 48.32
1735625961, 62, 4, 10, 0, 0, 0.01%, 0, 0, 1, 49.73
1735625971, 62, 5, 10, 0, 0, 0.01%, 0, 0, 1, 50.69
1735625976, 62, 6, 10, 0, 0, 0.01%, 0, 0, 1, 47.98
1735625981, 62, 7, 10, 0, 0, 0.01%, 0, 0, 1, 48.86
1735625986, 62, 8, 10, 0, 0, 0.01%, 0, 0, 1, 46.48
1735625991, 62, 9, 10, 0, 0, 0.01%, 0, 0, 1, 48.78
1735625997, 63, 0, 10, 0, 0, 0.01%, 0, 0, 1, 47.11
1735626002, 63, 1, 10, 0, 0, 0.01%, 0, 0, 1, 47.40
1735626007, 63, 2, 10, 0, 0, 0.01%, 0, 0, 1, 49.09
1735626012, 63, 3, 10, 0, 0, 0.01%, 0, 0, 1, 46.20
1735626017, 63, 4, 10, 0, 0, 0.01%, 0, 0, 1, 48.62
1735626022, 63, 5, 10, 0, 0, 0.01%, 0, 0, 1, 46.19
1735626027, 63, 6, 10, 0, 0, 0.01%, 0, 0, 1, 48.28
1735626032, 63, 7, 10, 0, 0, 0.01%, 0, 0, 1, 48.60
1735626037, 63, 8, 10, 0, 0, 0.01%, 0, 0, 1, 47.24
1735626042, 63, 9, 10, 0, 0, 0.01%, 0, 0, 1, 49.63
1735626047, 64, 0, 10, 0, 0, 0.01%, 0, 0, 1, 47.46
1735626052, 64, 1, 10, 0, 0, 0.01%, 0, 0, 1, 46.46
1735626058, 64, 2, 10, 0, 0, 0.01%, 0, 0, 1, 47.14
1735626068, 64, 3, 10, 0, 0, 0.01%, 0, 0, 1, 49.25
1735626073, 64, 4, 10, 0, 0, 0.01%, 0, 0, 1, 47.42
1735626078, 64, 5, 10, 0, 0, 0.01%, 0, 0, 1, 47.99
1735626083, 64, 6, 10, 0, 0, 0.01%, 0, 0, 1, 45.99
1735626088, 64, 7, 10, 0, 0, 0.01%, 0, 0, 1, 48.57
1735626093, 64, 8, 10, 0, 0, 0.01%, 0, 0, 1, 48.04
1735626098, 64, 9, 10, 0, 0, 0.01%, 0, 0, 1, 49.08
1735626103, 65, 0, 10, 0, 0, 0.01%, 0, 0, 1, 47.72
1735626108, 65, 1, 10, 0, 0, 0.01%, 0, 0, 1, 45.57
1735626113, 65, 2, 10, 0, 0, 0.01%, 0, 0, 1, 47.28
1735626118, 65, 3, 10, 0, 0, 0.01%, 0, 0, 1, 47.65
1735626124, 65, 4, 10, 0, 0, 0.01%, 0, 0, 1, 48.64
1735626129, 65, 5, 10, 0, 0, 0.01%, 0, 0, 1, 49.07
1735626134, 65, 10, 11, 1, 1, 0.14%, 1, 0, 2, 47.62
1735626144, 65, 10, 12, 2, 1, 0.14%, 2, 0, 3, 56.35
1735626215, 65, 11, 12, 1, 1, 0.14%, 2, 0, 3, 76.06
1735626220, 65, 11, 13, 2, 1, 0.14%, 3, 0, 4, 64.58
1735626240, 65, 11, 14, 3, 1, 0.14%, 4, 0, 4, 52.43
1735626251, 65, 11, 15, 4, 1, 0.14%, 4, 0, 4, 49.92
1735626261, 65, 11, 16, 5, 1, 0.14%, 4, 0, 4, 52.74
1735626337, 65, 12, 16, 4, 2, 0.14%, 4, 0, 4, 63.43
1735626408, 65, 12, 18, 6, 2, 0.14%, 4, 0, 5, 56.17
1735626413, 65, 12, 19, 7, 2, 0.14%, 4, 0, 5, 65.38
1735626433, 65, 17, 19, 6, 1, 0.14%, 4, 0, 5, 80.10
1735626439, 65, 17, 20, 7, 1, 0.14%, 5, 0, 6, 98.64
1735626454, 65, 17, 21, 8, 1, 0.14%, 5, 0, 6, 72.48
1735626459, 65, 17, 22, 9, 1, 0.14%, 5, 0, 6, 61.98
1735626520, 65, 17, 23, 10, 1, 0.14%, 5, 0, 6, 58.72
1735626530, 65, 17, 24, 11, 1, 0.14%, 5, 0, 6, 63.05
1735626555, 65, 23, 24, 10, 1, 0.14%, 5, 0, 6, 90.01
1735626591, 65, 23, 25, 11, 1, 0.14%, 5, 0, 7, 58.46
1735626596, 65, 23, 26, 12, 1, 0.14%, 5, 0, 7, 61.85
1735626637, 65, 23, 27, 13, 1, 0.14%, 5, 0, 7, 60.70
1735626672, 65, 24, 27, 12, 1, 0.14%, 5, 0, 7, 68.01
1735626718, 65, 24, 28, 13, 1, 0.14%, 5, 0, 8, 63.13
1735626744, 65, 24, 29, 14, 1, 0.14%, 5, 0, 8, 63.13
1735626794, 65, 27, 29, 13, 2, 0.14%, 5, 0, 8, 77.51
1735626830, 65, 27, 30, 14, 2, 0.14%, 5, 0, 9, 91.77
1735626947, 65, 28, 30, 13, 2, 0.14%, 5, 0, 9, 53.76
1735626952, 65, 28, 31, 14, 2, 0.14%, 5, 0, 9, 94.89
1735626967, 65, 28, 32, 15, 2, 0.14%, 5, 0, 9, 61.95
1735626993, 65, 28, 33, 16, 2, 0.14%, 5, 0, 9, 60.72
1735627003, 65, 28, 34, 17, 2, 0.14%, 5, 0, 9, 64.36
1735627099, 65, 29, 34, 16, 2, 0.14%, 5, 0, 9, 90.50
1735627232, 65, 29, 35, 17, 2, 0.14%, 5, 0, 10, 75.54
1735627324, 65, 34, 35, 16, 1, 0.14%, 5, 0, 10, 99.16
1735627524, 66, 18, 35, 15, 0, 0.14%, 5, 0, 10, 101.48
1735627610, 66, 33, 35, 13, 0, 0.14%, 5, 0, 10, 102.87
1735627814, 67, 14, 35, 12, 0, 0.14%, 5, 0, 10, 56.67
1735627819, 70, 32, 35, 5, 0, 0.14%, 5, 0, 10, 75.37
1735627936, 71, 16, 35, 5, 0, 0.14%, 5, 0, 10, 69.65
1735628089, 72, 15, 35, 4, 0, 0.14%, 5, 0, 10, 75.59
1735628160, 72, 22, 35, 3, 0, 0.14%, 5, 0, 10, 54.35
1735628170, 72, 22, 36, 4, 0, 0.14%, 5, 0, 10, 91.89
1735628175, 72, 22, 37, 5, 0, 0.14%, 6, 0, 10, 96.61
1735628644, 72, 36, 37, 4, 1, 0.14%, 6, 0, 10, 59.57
1735628649, 77, 25, 37, 0, 0, 0.14%, 6, 0, 10, 60.74
1735628741, 77, 32, 37, 0, 0, 0.14%, 6, 0, 10, 63.77
1735628776, 78, 32, 37, 0, 0, 0.14%, 6, 0, 10, 66.61
1735628812, 79, 32, 37, 0, 0, 0.14%, 6, 0, 10, 68.94
1735628842, 80, 32, 37, 0, 0, 0.14%, 6, 0, 10, 62.96
1735628858, 80, 32, 38, 1, 0, 0.14%, 6, 0, 10, 66.13
1735628893, 80, 37, 38, 1, 1, 0.14%, 6, 0, 10, 65.95
1735629158, 83, 25, 38, 0, 0, 0.14%, 6, 0, 10, 66.03
1735629189, 84, 25, 38, 0, 0, 0.14%, 6, 0, 10, 63.64
1735629225, 85, 25, 38, 0, 0, 0.14%, 6, 0, 10, 64.71
1735629260, 86, 25, 38, 0, 0, 0.14%, 6, 0, 10, 56.82
1735629296, 87, 25, 38, 0, 0, 0.14%, 6, 0, 10, 75.39
1735629336, 87, 32, 38, 0, 0, 0.14%, 6, 0, 10, 70.30
1735629371, 88, 25, 38, 0, 0, 0.14%, 6, 0, 10, 65.61
1735629407, 89, 25, 38, 0, 0, 0.14%, 6, 0, 10, 53.63
1735629448, 90, 25, 38, 0, 0, 0.14%, 6, 0, 10, 65.78
1735629483, 90, 37, 38, 0, 0, 0.14%, 6, 0, 10, 67.94
1735629519, 91, 37, 38, 0, 0, 0.14%, 6, 0, 10, 63.22
1735629554, 92, 37, 38, 0, 0, 0.14%, 6, 0, 10, 54.16
1735629590, 93, 37, 38, 0, 0, 0.14%, 6, 0, 10, 71.87
1735629625, 94, 37, 38, 0, 0, 0.14%, 6, 0, 10, 59.38
1735629661, 95, 37, 38, 0, 0, 0.14%, 6, 0, 10, 66.54
1735629696, 112, 32, 38, 0, 0, 0.14%, 6, 0, 10, 65.22
1735629737, 116, 32, 38, 0, 0, 0.14%, 6, 0, 10, 68.14
1735629772, 118, 13, 38, 0, 0, 0.14%, 6, 0, 10, 89.61
1735629822, 127, 20, 38, 0, 0, 0.14%, 6, 0, 10, 95.23
1735629873, 132, 21, 38, 0, 0, 0.14%, 6, 0, 10, 75.78
1735629924, 132, 26, 38, 0, 0, 0.14%, 6, 0, 10, 89.11
1735630036, 141, 21, 38, 0, 0, 0.14%, 6, 0, 10, 61.91
1735630051, 141, 30, 38, 0, 0, 0.14%, 6, 0, 10, 79.96
1735630148, 148, 32, 38, 0, 0, 0.14%, 6, 0, 10, 69.10
1735630184, 154, 21, 38, 0, 0, 0.14%, 6, 0, 10, 66.14
1735630224, 156, 32, 38, 0, 0, 0.14%, 6, 0, 10, 66.06
1735630259, 158, 16, 38, 0, 0, 0.14%, 6, 0, 10, 72.33
1735630275, 161, 30, 38, 0, 0, 0.14%, 6, 0, 10, 61.65
1735630315, 162, 21, 38, 0, 0, 0.14%, 6, 0, 10, 61.48
1735630351, 163, 19, 38, 0, 0, 0.14%, 6, 0, 10, 83.41
1735630427, 164, 33, 38, 0, 0, 0.14%, 6, 0, 10, 76.10
1735630462, 165, 16, 38, 0, 0, 0.14%, 6, 0, 10, 71.98
1735630498, 166, 36, 38, 0, 0, 0.14%, 6, 0, 10, 87.50
1735630815, 169, 33, 38, 0, 0, 0.14%, 6, 0, 10, 68.93
1735630850, 176, 13, 38, 0, 0, 0.14%, 6, 0, 10, 61.46
1735630871, 178, 33, 38, 0, 0, 0.14%, 6, 0, 10, 76.11
1735630906, 179, 21, 38, 0, 0, 0.14%, 6, 0, 10, 65.87
1735630942, 182, 30, 38, 0, 0, 0.14%, 6, 0, 10, 65.99
1735630977, 186, 16, 38, 0, 0, 0.14%, 6, 0, 10, 74.77
1735631013, 186, 20, 38, 0, 0, 0.14%, 6, 0, 10, 64.97
1735631033, 186, 21, 38, 0, 0, 0.14%, 6, 0, 10, 56.92
1735631069, 188, 20, 38, 0, 0, 0.14%, 6, 0, 10, 63.54
1735631110, 189, 19, 38, 0, 0, 0.14%, 6, 0, 10, 61.25
1735631135, 190, 24, 38, 0, 0, 0.14%, 6, 0, 10, 65.89
1735631166, 195, 30, 38, 0, 0, 0.14%, 6, 0, 10, 68.05
1735631201, 196, 11, 38, 0, 0, 0.14%, 6, 0, 10, 58.25
1735631211, 197, 33, 38, 0, 0, 0.14%, 6, 0, 10, 61.78
1735631252, 201, 11, 38, 0, 0, 0.14%, 6, 0, 10, 55.83
1735631267, 204, 33, 38, 0, 0, 0.14%, 6, 0, 10, 68.38
1735631303, 205, 19, 38, 0, 0, 0.14%, 6, 0, 10, 62.62
1735631343, 205, 33, 38, 0, 0, 0.14%, 6, 0, 10, 75.03
1735631374, 207, 16, 38, 0, 0, 0.14%, 6, 0, 10, 66.18
1735631410, 207, 23, 38, 0, 0, 0.14%, 6, 0, 10, 66.84
1735631435, 209, 27, 38, 0, 0, 0.14%, 6, 0, 10, 61.90
1735631476, 209, 34, 38, 0, 0, 0.14%, 6, 0, 10, 72.80
1735631512, 210, 15, 38, 0, 0, 0.14%, 6, 0, 10, 63.06
1735631527, 212, 13, 38, 0, 0, 0.14%, 6, 0, 10, 63.15
1735631562, 212, 18, 38, 0, 0, 0.14%, 6, 0, 10, 64.76
1735631583, 212, 23, 38, 0, 0, 0.14%, 6, 0, 10, 64.49
1735631618, 214, 13, 38, 0, 0, 0.14%, 6, 0, 10, 60.79
1735631659, 216, 23, 38, 0, 0, 0.14%, 6, 0, 10, 53.63
1735631699, 216, 34, 38, 0, 0, 0.14%, 6, 0, 10, 77.74
1735631730, 219, 17, 38, 0, 0, 0.14%, 6, 0, 10, 67.19
1735631750, 219, 33, 38, 0, 0, 0.14%, 6, 0, 10, 62.14
1735631786, 221, 17, 38, 0, 0, 0.14%, 6, 0, 10, 65.10
1735631821, 222, 12, 38, 0, 0, 0.14%, 6, 0, 10, 58.47
1735631841, 223, 33, 38, 0, 0, 0.14%, 6, 0, 10, 68.90
1735631877, 225, 24, 38, 0, 0, 0.14%, 6, 0, 10, 65.23
1735631912, 228, 11, 38, 0, 0, 0.14%, 6, 0, 10, 56.64
1735631943, 231, 27, 38, 0, 0, 0.14%, 6, 0, 10, 64.76
1735631978, 232, 31, 38, 0, 0, 0.14%, 6, 0, 10, 94.72
1735632044, 232, 31, 39, 1, 0, 0.14%, 7, 0, 10, 60.88
1735632125, 232, 38, 39, 1, 1, 0.14%, 7, 0, 10, 47.31
1735632988, 233, 14, 39, 0, 0, 0.14%, 7, 0, 10, 87.63
1735633223, 234, 13, 39, 0, 0, 0.14%, 7, 0, 10, 59.77
1735633263, 235, 28, 39, 0, 0, 0.14%, 7, 0, 10, 59.94
1735633299, 236, 13, 39, 0, 0, 0.14%, 7, 0, 10, 67.31
