# unix_time, cycles_done, cur_path, paths_total, pending_total, pending_favs, map_size, unique_crashes, unique_hangs, max_depth, execs_per_sec
1735732770, 0, 0, 10, 10, 1, 0.01%, 0, 0, 1, 35.63
1735732791, 1, 0, 10, 3, 0, 0.01%, 0, 0, 1, 46.01
1735732796, 1, 1, 10, 3, 0, 0.01%, 0, 0, 1, 46.61
1735732801, 1, 2, 10, 2, 0, 0.01%, 0, 0, 1, 44.86
1735732806, 1, 3, 10, 1, 0, 0.01%, 0, 0, 1, 45.48
1735732816, 1, 4, 10, 0, 0, 0.01%, 0, 0, 1, 45.61
1735732821, 1, 5, 10, 0, 0, 0.01%, 0, 0, 1, 46.49
1735732826, 1, 6, 10, 0, 0, 0.01%, 0, 0, 1, 44.50
1735732831, 1, 7, 10, 0, 0, 0.01%, 0, 0, 1, 44.81
1735732837, 1, 8, 10, 0, 0, 0.01%, 0, 0, 1, 44.28
1735732842, 1, 9, 10, 0, 0, 0.01%, 0, 0, 1, 45.61
1735732847, 2, 0, 10, 0, 0, 0.01%, 0, 0, 1, 45.06
1735732852, 2, 1, 10, 0, 0, 0.01%, 0, 0, 1, 45.71
1735732857, 2, 2, 10, 0, 0, 0.01%, 0, 0, 1, 45.61
1735732867, 2, 3, 10, 0, 0, 0.01%, 0, 0, 1, 45.50
1735732872, 2, 4, 10, 0, 0, 0.01%, 0, 0, 1, 46.08
1735732877, 2, 5, 10, 0, 0, 0.01%, 0, 0, 1, 43.73
1735732882, 2, 6, 10, 0, 0, 0.01%, 0, 0, 1, 47.86
1735732887, 2, 7, 10, 0, 0, 0.01%, 0, 0, 1, 43.75
1735732892, 2, 8, 10, 0, 0, 0.01%, 0, 0, 1, 44.57
1735732897, 2, 9, 10, 0, 0, 0.01%, 0, 0, 1, 46.98
1735732902, 3, 0, 10, 0, 0, 0.01%, 0, 0, 1, 45.46
1735732908, 3, 1, 10, 0, 0, 0.01%, 0, 0, 1, 45.48
1735732918, 3, 2, 10, 0, 0, 0.01%, 0, 0, 1, 46.30
1735732923, 3, 3, 10, 0, 0, 0.01%, 0, 0, 1, 45.24
1735732928, 3, 4, 10, 0, 0, 0.01%, 0, 0, 1, 43.69
1735732933, 3, 5, 10, 0, 0, 0.01%, 0, 0, 1, 47.82
1735732938, 3, 6, 10, 0, 0, 0.01%, 0, 0, 1, 46.28
1735732943, 3, 7, 10, 0, 0, 0.01%, 0, 0, 1, 45.98
1735732948, 3, 8, 10, 0, 0, 0.01%, 0, 0, 1, 43.41
1735732954, 3, 9, 10, 0, 0, 0.01%, 0, 0, 1, 45.43
1735732959, 4, 0, 10, 0, 0, 0.01%, 0, 0, 1, 44.55
1735732964, 4, 1, 10, 0, 0, 0.01%, 0, 0, 1, 45.45
1735732974, 4, 2, 10, 0, 0, 0.01%, 0, 0, 1, 46.79
1735732979, 4, 3, 10, 0, 0, 0.01%, 0, 0, 1, 46.41
1735732984, 4, 4, 10, 0, 0, 0.01%, 0, 0, 1, 45.49
1735732989, 4, 5, 10, 0, 0, 0.01%, 0, 0, 1, 43.17
1735732994, 4, 6, 10, 0, 0, 0.01%, 0, 0, 1, 44.17
1735732999, 4, 7, 10, 0, 0, 0.01%, 0, 0, 1, 45.63
1735733004, 4, 8, 10, 0, 0, 0.01%, 0, 0, 1, 44.15
1735733010, 4, 9, 10, 0, 0, 0.01%, 0, 0, 1, 44.58
1735733015, 5, 0, 10, 0, 0, 0.01%, 0, 0, 1, 48.02
1735733025, 5, 1, 10, 0, 0, 0.01%, 0, 0, 1, 48.10
1735733030, 5, 2, 10, 0, 0, 0.01%, 0, 0, 1, 44.89
1735733035, 5, 3, 10, 0, 0, 0.01%, 0, 0, 1, 44.48
1735733040, 5, 4, 10, 0, 0, 0.01%, 0, 0, 1, 45.81
1735733045, 5, 5, 10, 0, 0, 0.01%, 0, 0, 1, 44.46
1735733050, 5, 6, 10, 0, 0, 0.01%, 0, 0, 1, 42.68
1735733055, 5, 7, 10, 0, 0, 0.01%, 0, 0, 1, 43.74
1735733060, 5, 8, 10, 0, 0, 0.01%, 0, 0, 1, 45.03
1735733070, 5, 9, 10, 0, 0, 0.01%, 0, 0, 1, 45.17
1735733075, 6, 0, 10, 0, 0, 0.01%, 0, 0, 1, 43.68
1735733081, 6, 1, 10, 0, 0, 0.01%, 0, 0, 1, 44.66
1735733086, 6, 2, 10, 0, 0, 0.01%, 0, 0, 1, 43.59
1735733091, 6, 3, 10, 0, 0, 0.01%, 0, 0, 1, 44.23
1735733096, 6, 4, 10, 0, 0, 0.01%, 0, 0, 1, 43.67
1735733101, 6, 5, 10, 0, 0, 0.01%, 0, 0, 1, 44.54
1735733106, 6, 6, 10, 0, 0, 0.01%, 0, 0, 1, 45.85
1735733116, 6, 7, 10, 0, 0, 0.01%, 0, 0, 1, 44.52
1735733121, 6, 8, 10, 0, 0, 0.01%, 0, 0, 1, 47.13
1735733126, 6, 9, 10, 0, 0, 0.01%, 0, 0, 1, 45.09
1735733131, 7, 0, 10, 0, 0, 0.01%, 0, 0, 1, 46.95
1735733136, 7, 1, 10, 0, 0, 0.01%, 0, 0, 1, 46.94
1735733141, 7, 2, 10, 0, 0, 0.01%, 0, 0, 1, 46.88
1735733146, 7, 3, 10, 0, 0, 0.01%, 0, 0, 1, 43.83
1735733151, 7, 4, 10, 0, 0, 0.01%, 0, 0, 1, 44.56
1735733157, 7, 5, 10, 0, 0, 0.01%, 0, 0, 1, 43.94
1735733167, 7, 6, 10, 0, 0, 0.01%, 0, 0, 1, 45.08
1735733172, 7, 7, 10, 0, 0, 0.01%, 0, 0, 1, 45.33
1735733177, 7, 8, 10, 0, 0, 0.01%, 0, 0, 1, 45.37
1735733182, 7, 9, 10, 0, 0, 0.01%, 0, 0, 1, 44.70
1735733187, 8, 0, 10, 0, 0, 0.01%, 0, 0, 1, 43.64
1735733192, 8, 1, 10, 0, 0, 0.01%, 0, 0, 1, 45.13
1735733197, 8, 2, 10, 0, 0, 0.01%, 0, 0, 1, 44.73
1735733202, 8, 3, 10, 0, 0, 0.01%, 0, 0, 1, 46.44
1735733212, 8, 4, 10, 0, 0, 0.01%, 0, 0, 1, 48.10
1735733217, 8, 5, 10, 0, 0, 0.01%, 0, 0, 1, 46.31
1735733223, 8, 6, 10, 0, 0, 0.01%, 0, 0, 1, 45.07
1735733228, 8, 7, 10, 0, 0, 0.01%, 0, 0, 1, 43.79
1735733233, 8, 8, 10, 0, 0, 0.01%, 0, 0, 1, 45.58
1735733238, 8, 9, 10, 0, 0, 0.01%, 0, 0, 1, 45.00
1735733243, 9, 0, 10, 0, 0, 0.01%, 0, 0, 1, 45.48
1735733248, 9, 1, 10, 0, 0, 0.01%, 0, 0, 1, 44.80
1735733253, 9, 2, 10, 0, 0, 0.01%, 0, 0, 1, 45.54
1735733264, 9, 3, 10, 0, 0, 0.01%, 0, 0, 1, 43.99
1735733269, 9, 4, 10, 0, 0, 0.01%, 0, 0, 1, 45.28
1735733274, 9, 5, 10, 0, 0, 0.01%, 0, 0, 1, 44.72
1735733279, 9, 6, 10, 0, 0, 0.01%, 0, 0, 1, 45.26
1735733284, 9, 7, 10, 0, 0, 0.01%, 0, 0, 1, 45.59
1735733289, 9, 8, 10, 0, 0, 0.01%, 0, 0, 1, 46.06
1735733294, 9, 9, 10, 0, 0, 0.01%, 0, 0, 1, 46.13
1735733299, 10, 0, 10, 0, 0, 0.01%, 0, 0, 1, 45.04
1735733304, 10, 1, 10, 0, 0, 0.01%, 0, 0, 1, 45.07
1735733314, 10, 2, 10, 0, 0, 0.01%, 0, 0, 1, 43.97
1735733319, 10, 3, 10, 0, 0, 0.01%, 0, 0, 1, 44.48
1735733325, 10, 4, 10, 0, 0, 0.01%, 0, 0, 1, 44.55
1735733330, 10, 5, 10, 0, 0, 0.01%, 0, 0, 1, 46.46
1735733335, 10, 6, 10, 0, 0, 0.01%, 0, 0, 1, 46.87
1735733340, 10, 7, 10, 0, 0, 0.01%, 0, 0, 1, 47.13
1735733345, 10, 8, 10, 0, 0, 0.01%, 0, 0, 1, 46.74
1735733350, 10, 9, 10, 0, 0, 0.01%, 0, 0, 1, 44.96
1735733355, 11, 0, 10, 0, 0, 0.01%, 0, 0, 1, 43.04
1735733360, 11, 1, 10, 0, 0, 0.01%, 0, 0, 1, 47.34
1735733370, 11, 2, 10, 0, 0, 0.01%, 0, 0, 1, 44.75
1735733376, 11, 3, 10, 0, 0, 0.01%, 0, 0, 1, 46.54
1735733381, 11, 4, 10, 0, 0, 0.01%, 0, 0, 1, 47.19
1735733386, 11, 5, 10, 0, 0, 0.01%, 0, 0, 1, 47.25
1735733391, 11, 6, 10, 0, 0, 0.01%, 0, 0, 1, 49.31
1735733396, 11, 7, 10, 0, 0, 0.01%, 0, 0, 1, 50.62
1735733401, 11, 8, 10, 0, 0, 0.01%, 0, 0, 1, 48.23
1735733406, 11, 9, 10, 0, 0, 0.01%, 0, 0, 1, 47.54
1735733411, 12, 0, 10, 0, 0, 0.01%, 0, 0, 1, 49.11
1735733416, 12, 1, 10, 0, 0, 0.01%, 0, 0, 1, 47.92
1735733421, 12, 2, 10, 0, 0, 0.01%, 0, 0, 1, 46.63
1735733426, 12, 10, 12, 2, 1, 0.14%, 2, 0, 3, 49.96
1735733431, 12, 10, 13, 3, 1, 0.14%, 3, 0, 3, 61.76
1735733502, 12, 12, 13, 1, 1, 0.14%, 3, 0, 3, 65.30
1735733528, 12, 12, 14, 2, 1, 0.14%, 3, 0, 4, 53.05
1735733619, 14, 13, 14, 1, 0, 0.14%, 3, 0, 4, 62.05
1735733640, 14, 13, 20, 7, 0, 0.14%, 3, 0, 5, 99.62
1735733645, 14, 13, 24, 11, 0, 0.14%, 3, 0, 5, 100.29
1735733782, 14, 13, 25, 12, 0, 0.14%, 3, 0, 5, 64.60
1735733788, 14, 13, 26, 13, 0, 0.14%, 3, 0, 5, 69.57
1735733849, 14, 13, 27, 14, 0, 0.14%, 4, 0, 5, 66.69
1735733890, 14, 25, 27, 13, 2, 0.14%, 4, 0, 5, 88.24
1735734058, 14, 25, 29, 15, 2, 0.14%, 5, 0, 6, 63.67
1735734139, 14, 27, 29, 14, 2, 0.14%, 5, 0, 6, 73.07
1735734144, 14, 27, 30, 15, 2, 0.14%, 5, 0, 7, 95.26
1735734180, 14, 27, 32, 17, 2, 0.14%, 5, 0, 7, 77.19
1735734190, 14, 27, 33, 18, 2, 0.14%, 5, 0, 7, 64.01
1735734231, 14, 27, 34, 19, 2, 0.14%, 5, 0, 7, 64.21
1735734271, 15, 33, 34, 13, 0, 0.14%, 5, 0, 7, 56.00
1735734353, 18, 20, 34, 7, 0, 0.14%, 5, 0, 7, 50.65
1735734358, 18, 28, 34, 6, 0, 0.14%, 5, 0, 7, 114.86
1735734464, 18, 28, 36, 8, 0, 0.14%, 7, 0, 7, 115.91
1735734866, 18, 28, 37, 9, 0, 0.14%, 7, 0, 7, 69.24
1735734891, 18, 36, 37, 9, 1, 0.14%, 7, 0, 7, 50.80
1735735818, 22, 26, 37, 5, 0, 0.14%, 7, 0, 7, 56.79
1735735915, 23, 32, 37, 3, 0, 0.14%, 7, 0, 7, 80.89
1735735976, 23, 32, 38, 4, 0, 0.14%, 7, 0, 8, 62.46
1735736007, 23, 32, 39, 5, 0, 0.14%, 7, 0, 8, 65.19
1735736052, 24, 37, 39, 2, 0, 0.14%, 7, 0, 8, 47.76
1735737445, 31, 35, 39, 0, 0, 0.14%, 7, 0, 8, 61.15
1735737450, 31, 37, 39, 0, 0, 0.14%, 7, 0, 8, 81.83
1735737470, 32, 35, 39, 0, 0, 0.14%, 7, 0, 8, 119.29
1735737821, 32, 37, 40, 1, 0, 0.14%, 7, 0, 9, 72.04
1735737847, 32, 39, 40, 1, 1, 0.14%, 7, 0, 9, 40.35
1735739172, 32, 39, 41, 2, 1, 0.14%, 7, 0, 10, 77.17
1735739182, 32, 39, 42, 3, 1, 0.14%, 7, 0, 10, 90.73
1735739264, 33, 40, 42, 1, 0, 0.14%, 7, 0, 10, 51.53
1735739274, 35, 35, 42, 0, 0, 0.14%, 7, 0, 10, 51.06
1735739279, 35, 41, 42, 0, 0, 0.14%, 7, 0, 10, 80.39
1735739397, 36, 11, 42, 0, 0, 0.14%, 7, 0, 10, 81.67
1735739412, 36, 35, 42, 0, 0, 0.14%, 7, 0, 10, 66.97
1735739422, 37, 35, 42, 0, 0, 0.14%, 7, 0, 10, 67.77
1735739453, 38, 35, 42, 0, 0, 0.14%, 7, 0, 10, 67.68
1735739478, 39, 35, 42, 0, 0, 0.14%, 7, 0, 10, 54.83
1735739504, 39, 35, 44, 2, 0, 0.14%, 7, 0, 10, 73.72
1735739509, 39, 43, 44, 2, 1, 0.14%, 7, 0, 10, 60.04
1735741172, 41, 41, 44, 1, 0, 0.14%, 7, 0, 10, 65.57
1735741177, 42, 37, 44, 1, 0, 0.14%, 7, 0, 10, 77.35
1735741203, 42, 41, 44, 1, 0, 0.14%, 7, 0, 10, 66.57
1735741213, 43, 41, 44, 1, 0, 0.14%, 7, 0, 10, 59.13
1735741244, 44, 41, 44, 1, 0, 0.14%, 7, 0, 10, 72.37
1735741279, 45, 41, 44, 1, 0, 0.14%, 7, 0, 10, 71.26
1735741315, 45, 42, 44, 1, 0, 0.14%, 7, 0, 10, 43.91
1735741320, 46, 41, 44, 0, 0, 0.14%, 7, 0, 10, 59.16
1735741356, 47, 41, 44, 0, 0, 0.14%, 7, 0, 10, 60.92
1735741391, 48, 41, 44, 0, 0, 0.14%, 7, 0, 10, 69.80
1735741427, 49, 13, 44, 0, 0, 0.14%, 7, 0, 10, 63.64
1735741432, 50, 43, 44, 0, 0, 0.14%, 7, 0, 10, 77.68
1735741442, 51, 43, 44, 0, 0, 0.14%, 7, 0, 10, 77.57
1735741463, 52, 43, 44, 0, 0, 0.14%, 7, 0, 10, 74.13
1735741493, 53, 43, 44, 0, 0, 0.14%, 7, 0, 10, 71.64
1735741528, 54, 43, 44, 0, 0, 0.14%, 7, 0, 10, 82.22
1735741559, 66, 11, 44, 0, 0, 0.14%, 7, 0, 10, 63.50
1735741564, 68, 13, 44, 0, 0, 0.14%, 7, 0, 10, 66.96
1735741574, 74, 33, 44, 0, 0, 0.14%, 7, 0, 10, 57.24
1735741584, 80, 13, 44, 0, 0, 0.14%, 7, 0, 10, 64.73
1735741594, 84, 30, 44, 0, 0, 0.14%, 7, 0, 10, 63.56
1735741599, 85, 40, 44, 0, 0, 0.14%, 7, 0, 10, 83.13
1735742837, 86, 11, 44, 0, 0, 0.14%, 7, 0, 10, 59.55
1735742847, 86, 33, 44, 0, 0, 0.14%, 7, 0, 10, 61.81
1735742857, 89, 34, 44, 0, 0, 0.14%, 7, 0, 10, 65.93
1735742862, 92, 34, 44, 0, 0, 0.14%, 7, 0, 10, 71.77
1735743248, 97, 31, 44, 0, 0, 0.14%, 7, 0, 10, 72.36
1735743294, 101, 10, 44, 0, 0, 0.14%, 7, 0, 10, 65.96
1735743299, 101, 33, 44, 0, 0, 0.14%, 7, 0, 10, 59.78
1735743329, 102, 34, 44, 0, 0, 0.14%, 7, 0, 10, 68.68
1735743334, 103, 33, 44, 0, 0, 0.14%, 7, 0, 10, 61.52
1735743370, 105, 30, 44, 0, 0, 0.14%, 7, 0, 10, 68.33
1735743426, 110, 34, 44, 0, 0, 0.14%, 7, 0, 10, 69.73
1735743436, 111, 22, 44, 0, 0, 0.14%, 7, 0, 10, 71.01
1735743502, 118, 37, 44, 0, 0, 0.14%, 7, 0, 10, 69.23
1735743538, 120, 30, 44, 0, 0, 0.14%, 7, 0, 10, 61.36
1735743543, 123, 11, 44, 0, 0, 0.14%, 7, 0, 10, 60.75
1735743553, 128, 33, 44, 0, 0, 0.14%, 7, 0, 10, 61.85
