# unix_time, cycles_done, cur_path, paths_total, pending_total, pending_favs, map_size, unique_crashes, unique_hangs, max_depth, execs_per_sec
1735222831, 0, 0, 10, 10, 1, 0.01%, 0, 0, 1, 38.99
1735222836, 0, 2, 10, 10, 1, 0.01%, 0, 0, 1, 38.64
1735222852, 1, 0, 10, 2, 0, 0.01%, 0, 0, 1, 43.85
1735222857, 1, 1, 10, 1, 0, 0.01%, 0, 0, 1, 45.13
1735222862, 1, 2, 10, 0, 0, 0.01%, 0, 0, 1, 46.27
1735222872, 1, 3, 10, 0, 0, 0.01%, 0, 0, 1, 45.07
1735222877, 1, 4, 10, 0, 0, 0.01%, 0, 0, 1, 45.12
1735222882, 1, 5, 10, 0, 0, 0.01%, 0, 0, 1, 44.79
1735222887, 1, 6, 10, 0, 0, 0.01%, 0, 0, 1, 48.21
1735222892, 1, 7, 10, 0, 0, 0.01%, 0, 0, 1, 47.65
1735222897, 1, 8, 10, 0, 0, 0.01%, 0, 0, 1, 47.83
1735222902, 1, 9, 10, 0, 0, 0.01%, 0, 0, 1, 47.22
1735222907, 2, 0, 10, 0, 0, 0.01%, 0, 0, 1, 44.71
1735222912, 2, 1, 10, 0, 0, 0.01%, 0, 0, 1, 45.42
1735222917, 2, 2, 10, 0, 0, 0.01%, 0, 0, 1, 45.88
1735222928, 2, 3, 10, 0, 0, 0.01%, 0, 0, 1, 46.57
1735222933, 2, 4, 10, 0, 0, 0.01%, 0, 0, 1, 46.12
1735222938, 2, 5, 10, 0, 0, 0.01%, 0, 0, 1, 44.51
1735222943, 2, 6, 10, 0, 0, 0.01%, 0, 0, 1, 43.22
1735222948, 2, 7, 10, 0, 0, 0.01%, 0, 0, 1, 45.16
1735222953, 2, 8, 10, 0, 0, 0.01%, 0, 0, 1, 44.57
1735222958, 2, 9, 10, 0, 0, 0.01%, 0, 0, 1, 44.43
1735222963, 3, 0, 10, 0, 0, 0.01%, 0, 0, 1, 44.62
1735222968, 3, 1, 10, 0, 0, 0.01%, 0, 0, 1, 45.11
1735222978, 3, 2, 10, 0, 0, 0.01%, 0, 0, 1, 45.99
1735222983, 3, 3, 10, 0, 0, 0.01%, 0, 0, 1, 45.07
1735222988, 3, 4, 10, 0, 0, 0.01%, 0, 0, 1, 43.97
1735222994, 3, 5, 10, 0, 0, 0.01%, 0, 0, 1, 45.85
1735222999, 3, 6, 10, 0, 0, 0.01%, 0, 0, 1, 44.94
1735223004, 3, 7, 10, 0, 0, 0.01%, 0, 0, 1, 45.95
1735223009, 3, 8, 10, 0, 0, 0.01%, 0, 0, 1, 44.23
1735223014, 3, 9, 10, 0, 0, 0.01%, 0, 0, 1, 45.42
1735223024, 4, 0, 10, 0, 0, 0.01%, 0, 0, 1, 45.36
1735223029, 4, 1, 10, 0, 0, 0.01%, 0, 0, 1, 46.45
1735223034, 4, 2, 10, 0, 0, 0.01%, 0, 0, 1, 45.49
1735223039, 4, 3, 10, 0, 0, 0.01%, 0, 0, 1, 45.94
1735223044, 4, 4, 10, 0, 0, 0.01%, 0, 0, 1, 44.71
1735223050, 4, 5, 10, 0, 0, 0.01%, 0, 0, 1, 45.77
1735223055, 4, 6, 10, 0, 0, 0.01%, 0, 0, 1, 42.98
1735223060, 4, 7, 10, 0, 0, 0.01%, 0, 0, 1, 45.04
1735223065, 4, 8, 10, 0, 0, 0.01%, 0, 0, 1, 45.01
1735223075, 4, 9, 10, 0, 0, 0.01%, 0, 0, 1, 43.94
1735223080, 5, 0, 10, 0, 0, 0.01%, 0, 0, 1, 44.96
1735223085, 5, 1, 10, 0, 0, 0.01%, 0, 0, 1, 43.86
1735223090, 5, 2, 10, 0, 0, 0.01%, 0, 0, 1, 45.67
1735223095, 5, 3, 10, 0, 0, 0.01%, 0, 0, 1, 45.04
1735223100, 5, 4, 10, 0, 0, 0.01%, 0, 0, 1, 44.48
1735223105, 5, 5, 10, 0, 0, 0.01%, 0, 0, 1, 45.48
1735223110, 5, 6, 10, 0, 0, 0.01%, 0, 0, 1, 44.54
1735223115, 5, 7, 10, 0, 0, 0.01%, 0, 0, 1, 44.91
1735223126, 5, 8, 10, 0, 0, 0.01%, 0, 0, 1, 44.28
1735223131, 5, 9, 10, 0, 0, 0.01%, 0, 0, 1, 44.36
1735223136, 6, 0, 10, 0, 0, 0.01%, 0, 0, 1, 46.11
1735223141, 6, 1, 10, 0, 0, 0.01%, 0, 0, 1, 46.61
1735223146, 6, 2, 10, 0, 0, 0.01%, 0, 0, 1, 45.46
1735223151, 6, 3, 10, 0, 0, 0.01%, 0, 0, 1, 44.59
1735223156, 6, 4, 10, 0, 0, 0.01%, 0, 0, 1, 44.90
1735223161, 6, 5, 10, 0, 0, 0.01%, 0, 0, 1, 47.01
1735223171, 6, 6, 10, 0, 0, 0.01%, 0, 0, 1, 44.99
1735223176, 6, 7, 10, 0, 0, 0.01%, 0, 0, 1, 45.05
1735223181, 6, 8, 10, 0, 0, 0.01%, 0, 0, 1, 45.40
1735223186, 6, 9, 10, 0, 0, 0.01%, 0, 0, 1, 45.12
1735223192, 7, 0, 10, 0, 0, 0.01%, 0, 0, 1, 46.11
1735223197, 7, 1, 10, 0, 0, 0.01%, 0, 0, 1, 45.53
1735223202, 7, 2, 10, 0, 0, 0.01%, 0, 0, 1, 46.85
1735223207, 7, 3, 10, 0, 0, 0.01%, 0, 0, 1, 47.28
1735223212, 7, 4, 10, 0, 0, 0.01%, 0, 0, 1, 44.47
1735223217, 7, 5, 10, 0, 0, 0.01%, 0, 0, 1, 47.13
1735223227, 7, 6, 10, 0, 0, 0.01%, 0, 0, 1, 46.79
1735223232, 7, 7, 10, 0, 0, 0.01%, 0, 0, 1, 44.23
1735223237, 7, 8, 10, 0, 0, 0.01%, 0, 0, 1, 44.71
1735223242, 7, 9, 10, 0, 0, 0.01%, 0, 0, 1, 45.02
1735223247, 8, 0, 10, 0, 0, 0.01%, 0, 0, 1, 43.39
1735223252, 8, 1, 10, 0, 0, 0.01%, 0, 0, 1, 43.46
1735223258, 8, 2, 10, 0, 0, 0.01%, 0, 0, 1, 45.49
1735223263, 8, 3, 10, 0, 0, 0.01%, 0, 0, 1, 45.63
1735223273, 8, 4, 10, 0, 0, 0.01%, 0, 0, 1, 47.69
1735223278, 8, 5, 10, 0, 0, 0.01%, 0, 0, 1, 45.76
1735223283, 8, 6, 10, 0, 0, 0.01%, 0, 0, 1, 47.23
1735223288, 8, 7, 10, 0, 0, 0.01%, 0, 0, 1, 43.95
1735223293, 8, 8, 10, 0, 0, 0.01%, 0, 0, 1, 46.52
1735223298, 8, 9, 10, 0, 0, 0.01%, 0, 0, 1, 45.31
1735223303, 9, 0, 10, 0, 0, 0.01%, 0, 0, 1, 45.12
1735223308, 9, 1, 10, 0, 0, 0.01%, 0, 0, 1, 44.79
1735223313, 9, 2, 10, 0, 0, 0.01%, 0, 0, 1, 44.50
1735223324, 9, 3, 10, 0, 0, 0.01%, 0, 0, 1, 46.06
1735223329, 9, 4, 10, 0, 0, 0.01%, 0, 0, 1, 44.79
1735223334, 9, 5, 10, 0, 0, 0.01%, 0, 0, 1, 45.12
1735223339, 9, 6, 10, 0, 0, 0.01%, 0, 0, 1, 45.11
1735223344, 9, 7, 10, 0, 0, 0.01%, 0, 0, 1, 46.18
1735223349, 9, 8, 10, 0, 0, 0.01%, 0, 0, 1, 43.84
1735223354, 9, 9, 10, 0, 0, 0.01%, 0, 0, 1, 46.82
1735223359, 10, 0, 10, 0, 0, 0.01%, 0, 0, 1, 43.87
1735223364, 10, 1, 10, 0, 0, 0.01%, 0, 0, 1, 46.15
1735223369, 10, 2, 10, 0, 0, 0.01%, 0, 0, 1, 46.60
1735223380, 10, 3, 10, 0, 0, 0.01%, 0, 0, 1, 46.40
1735223385, 10, 4, 10, 0, 0, 0.01%, 0, 0, 1, 44.81
1735223390, 10, 5, 10, 0, 0, 0.01%, 0, 0, 1, 44.95
1735223395, 10, 6, 10, 0, 0, 0.01%, 0, 0, 1, 44.45
1735223400, 10, 7, 10, 0, 0, 0.01%, 0, 0, 1, 44.88
1735223405, 10, 8, 10, 0, 0, 0.01%, 0, 0, 1, 44.06
1735223410, 10, 9, 10, 0, 0, 0.01%, 0, 0, 1, 45.35
1735223415, 11, 0, 10, 0, 0, 0.01%, 0, 0, 1, 44.04
1735223425, 11, 1, 10, 0, 0, 0.01%, 0, 0, 1, 44.99
1735223430, 11, 2, 10, 0, 0, 0.01%, 0, 0, 1, 46.19
1735223436, 11, 3, 10, 0, 0, 0.01%, 0, 0, 1, 48.48
1735223441, 11, 4, 10, 0, 0, 0.01%, 0, 0, 1, 48.38
1735223446, 11, 5, 10, 0, 0, 0.01%, 0, 0, 1, 47.85
1735223451, 11, 6, 10, 0, 0, 0.01%, 0, 0, 1, 50.61
1735223456, 11, 7, 10, 0, 0, 0.01%, 0, 0, 1, 46.64
1735223461, 11, 8, 10, 0, 0, 0.01%, 0, 0, 1, 47.94
1735223466, 11, 9, 10, 0, 0, 0.01%, 0, 0, 1, 49.94
1735223471, 12, 0, 10, 0, 0, 0.01%, 0, 0, 1, 48.60
1735223476, 12, 1, 10, 0, 0, 0.01%, 0, 0, 1, 49.40
1735223481, 12, 2, 10, 0, 0, 0.01%, 0, 0, 1, 45.92
1735223486, 12, 3, 10, 0, 0, 0.01%, 0, 0, 1, 49.10
1735223491, 12, 4, 10, 0, 0, 0.01%, 0, 0, 1, 48.35
1735223497, 12, 5, 10, 0, 0, 0.01%, 0, 0, 1, 46.46
1735223502, 12, 6, 10, 0, 0, 0.01%, 0, 0, 1, 47.02
1735223507, 12, 7, 10, 0, 0, 0.01%, 0, 0, 1, 49.00
1735223517, 12, 8, 10, 0, 0, 0.01%, 0, 0, 1, 49.56
1735223522, 12, 9, 10, 0, 0, 0.01%, 0, 0, 1, 48.52
1735223527, 13, 0, 10, 0, 0, 0.01%, 0, 0, 1, 49.16
1735223532, 13, 1, 10, 0, 0, 0.01%, 0, 0, 1, 48.29
1735223537, 13, 2, 10, 0, 0, 0.01%, 0, 0, 1, 48.17
1735223542, 13, 3, 10, 0, 0, 0.01%, 0, 0, 1, 47.06
1735223547, 13, 4, 10, 0, 0, 0.01%, 0, 0, 1, 46.96
1735223552, 13, 5, 10, 0, 0, 0.01%, 0, 0, 1, 48.61
1735223557, 13, 6, 10, 0, 0, 0.01%, 0, 0, 1, 47.61
1735223563, 13, 7, 10, 0, 0, 0.01%, 0, 0, 1, 46.96
1735223568, 13, 8, 10, 0, 0, 0.01%, 0, 0, 1, 47.02
1735223573, 13, 9, 10, 0, 0, 0.01%, 0, 0, 1, 47.98
1735223578, 14, 0, 10, 0, 0, 0.01%, 0, 0, 1, 45.61
1735223583, 14, 1, 10, 0, 0, 0.01%, 0, 0, 1, 48.71
1735223588, 14, 2, 10, 0, 0, 0.01%, 0, 0, 1, 46.31
1735223593, 14, 3, 10, 0, 0, 0.01%, 0, 0, 1, 48.10
1735223603, 14, 4, 10, 0, 0, 0.01%, 0, 0, 1, 47.20
1735223608, 14, 5, 10, 0, 0, 0.01%, 0, 0, 1, 47.80
1735223613, 14, 6, 10, 0, 0, 0.01%, 0, 0, 1, 47.88
1735223618, 14, 7, 10, 0, 0, 0.01%, 0, 0, 1, 46.95
1735223623, 14, 8, 10, 0, 0, 0.01%, 0, 0, 1, 48.57
1735223628, 14, 9, 10, 0, 0, 0.01%, 0, 0, 1, 48.60
1735223633, 15, 0, 10, 0, 0, 0.01%, 0, 0, 1, 46.88
1735223638, 15, 1, 10, 0, 0, 0.01%, 0, 0, 1, 48.97
1735223644, 15, 2, 10, 0, 0, 0.01%, 0, 0, 1, 50.53
1735223649, 15, 3, 10, 0, 0, 0.01%, 0, 0, 1, 43.65
1735223669, 15, 4, 10, 0, 0, 0.01%, 0, 0, 1, 44.82
1735223690, 15, 5, 10, 0, 0, 0.01%, 0, 0, 1, 43.66
1735223710, 15, 6, 10, 0, 0, 0.01%, 0, 0, 1, 42.82
1735223731, 15, 7, 10, 0, 0, 0.01%, 0, 0, 1, 42.14
1735223751, 15, 8, 10, 0, 0, 0.01%, 0, 0, 1, 43.08
1735223771, 15, 9, 10, 0, 0, 0.01%, 0, 0, 1, 42.02
1735223797, 16, 0, 10, 0, 0, 0.01%, 0, 0, 1, 41.11
1735223817, 16, 1, 10, 0, 0, 0.01%, 0, 0, 1, 48.06
1735223822, 16, 2, 10, 0, 0, 0.01%, 0, 0, 1, 48.38
1735223827, 16, 3, 10, 0, 0, 0.01%, 0, 0, 1, 47.42
1735223832, 16, 4, 10, 0, 0, 0.01%, 0, 0, 1, 47.18
1735223837, 16, 5, 10, 0, 0, 0.01%, 0, 0, 1, 49.18
1735223842, 16, 6, 10, 0, 0, 0.01%, 0, 0, 1, 48.68
1735223847, 16, 7, 10, 0, 0, 0.01%, 0, 0, 1, 50.01
1735223853, 16, 8, 10, 0, 0, 0.01%, 0, 0, 1, 48.05
1735223858, 16, 9, 10, 0, 0, 0.01%, 0, 0, 1, 47.95
1735223863, 17, 0, 10, 0, 0, 0.01%, 0, 0, 1, 46.66
1735223868, 17, 1, 10, 0, 0, 0.01%, 0, 0, 1, 49.11
1735223873, 17, 2, 10, 0, 0, 0.01%, 0, 0, 1, 47.47
1735223878, 17, 3, 10, 0, 0, 0.01%, 0, 0, 1, 49.04
1735223883, 17, 4, 10, 0, 0, 0.01%, 0, 0, 1, 47.04
1735223888, 17, 5, 10, 0, 0, 0.01%, 0, 0, 1, 48.46
1735223898, 17, 6, 10, 0, 0, 0.01%, 0, 0, 1, 48.12
1735223903, 17, 7, 10, 0, 0, 0.01%, 0, 0, 1, 47.96
1735223908, 17, 8, 10, 0, 0, 0.01%, 0, 0, 1, 48.43
1735223913, 17, 9, 10, 0, 0, 0.01%, 0, 0, 1, 48.99
1735223918, 18, 0, 10, 0, 0, 0.01%, 0, 0, 1, 48.21
1735223923, 18, 1, 10, 0, 0, 0.01%, 0, 0, 1, 47.41
1735223928, 18, 2, 10, 0, 0, 0.01%, 0, 0, 1, 50.08
1735223933, 18, 3, 10, 0, 0, 0.01%, 0, 0, 1, 47.37
1735223939, 18, 4, 10, 0, 0, 0.01%, 0, 0, 1, 48.44
1735223944, 18, 5, 10, 0, 0, 0.01%, 0, 0, 1, 49.30
1735223949, 18, 6, 10, 0, 0, 0.01%, 0, 0, 1, 48.69
1735223954, 18, 7, 10, 0, 0, 0.01%, 0, 0, 1, 47.78
1735223959, 18, 8, 10, 0, 0, 0.01%, 0, 0, 1, 48.19
1735223964, 18, 9, 10, 0, 0, 0.01%, 0, 0, 1, 46.49
1735223969, 19, 0, 10, 0, 0, 0.01%, 0, 0, 1, 48.23
1735223974, 19, 1, 10, 0, 0, 0.01%, 0, 0, 1, 45.79
1735223979, 19, 2, 10, 0, 0, 0.01%, 0, 0, 1, 48.10
1735223984, 19, 3, 10, 0, 0, 0.01%, 0, 0, 1, 49.68
1735223989, 19, 4, 10, 0, 0, 0.01%, 0, 0, 1, 47.39
1735223994, 19, 5, 10, 0, 0, 0.01%, 0, 0, 1, 48.87
1735224004, 19, 6, 10, 0, 0, 0.01%, 0, 0, 1, 49.06
1735224010, 19, 7, 10, 0, 0, 0.01%, 0, 0, 1, 49.31
1735224015, 19, 8, 10, 0, 0, 0.01%, 0, 0, 1, 47.78
1735224020, 19, 9, 10, 0, 0, 0.01%, 0, 0, 1, 47.11
1735224025, 20, 0, 10, 0, 0, 0.01%, 0, 0, 1, 47.97
1735224030, 20, 1, 10, 0, 0, 0.01%, 0, 0, 1, 47.51
1735224035, 20, 2, 10, 0, 0, 0.01%, 0, 0, 1, 49.24
1735224040, 20, 3, 10, 0, 0, 0.01%, 0, 0, 1, 45.73
1735224045, 20, 4, 10, 0, 0, 0.01%, 0, 0, 1, 45.42
1735224050, 20, 5, 10, 0, 0, 0.01%, 0, 0, 1, 47.81
1735224055, 20, 6, 10, 0, 0, 0.01%, 0, 0, 1, 46.50
1735224060, 20, 7, 10, 0, 0, 0.01%, 0, 0, 1, 46.34
1735224066, 20, 8, 10, 0, 0, 0.01%, 0, 0, 1, 43.79
1735224071, 20, 9, 10, 0, 0, 0.01%, 0, 0, 1, 45.80
1735224081, 21, 0, 10, 0, 0, 0.01%, 0, 0, 1, 50.02
1735224086, 21, 1, 10, 0, 0, 0.01%, 0, 0, 1, 45.95
1735224091, 21, 2, 10, 0, 0, 0.01%, 0, 0, 1, 48.06
1735224096, 21, 3, 10, 0, 0, 0.01%, 0, 0, 1, 46.04
1735224101, 21, 4, 10, 0, 0, 0.01%, 0, 0, 1, 49.06
1735224106, 21, 5, 10, 0, 0, 0.01%, 0, 0, 1, 47.52
1735224111, 21, 6, 10, 0, 0, 0.01%, 0, 0, 1, 48.67
1735224116, 21, 7, 10, 0, 0, 0.01%, 0, 0, 1, 45.12
1735224121, 21, 8, 10, 0, 0, 0.01%, 0, 0, 1, 48.47
1735224126, 21, 9, 10, 0, 0, 0.01%, 0, 0, 1, 48.08
1735224132, 22, 0, 10, 0, 0, 0.01%, 0, 0, 1, 47.36
1735224137, 22, 1, 10, 0, 0, 0.01%, 0, 0, 1, 46.00
1735224142, 22, 2, 10, 0, 0, 0.01%, 0, 0, 1, 49.08
1735224147, 22, 3, 10, 0, 0, 0.01%, 0, 0, 1, 47.22
1735224152, 22, 4, 10, 0, 0, 0.01%, 0, 0, 1, 47.02
1735224162, 22, 5, 10, 0, 0, 0.01%, 0, 0, 1, 48.78
1735224167, 22, 6, 10, 0, 0, 0.01%, 0, 0, 1, 46.83
1735224172, 22, 7, 10, 0, 0, 0.01%, 0, 0, 1, 48.91
1735224177, 22, 8, 10, 0, 0, 0.01%, 0, 0, 1, 46.60
1735224182, 22, 9, 10, 0, 0, 0.01%, 0, 0, 1, 48.60
1735224187, 23, 0, 10, 0, 0, 0.01%, 0, 0, 1, 48.20
1735224192, 23, 1, 10, 0, 0, 0.01%, 0, 0, 1, 46.90
1735224198, 23, 2, 10, 0, 0, 0.01%, 0, 0, 1, 45.28
1735224203, 23, 3, 10, 0, 0, 0.01%, 0, 0, 1, 46.13
1735224208, 23, 4, 10, 0, 0, 0.01%, 0, 0, 1, 46.23
1735224213, 23, 5, 10, 0, 0, 0.01%, 0, 0, 1, 47.21
1735224218, 23, 6, 10, 0, 0, 0.01%, 0, 0, 1, 48.51
1735224223, 23, 7, 10, 0, 0, 0.01%, 0, 0, 1, 48.73
1735224228, 23, 8, 10, 0, 0, 0.01%, 0, 0, 1, 46.89
1735224233, 23, 9, 10, 0, 0, 0.01%, 0, 0, 1, 46.69
1735224238, 24, 0, 10, 0, 0, 0.01%, 0, 0, 1, 47.13
1735224248, 24, 1, 10, 0, 0, 0.01%, 0, 0, 1, 49.40
1735224253, 24, 2, 10, 0, 0, 0.01%, 0, 0, 1, 46.76
1735224258, 24, 3, 10, 0, 0, 0.01%, 0, 0, 1, 46.93
1735224264, 24, 4, 10, 0, 0, 0.01%, 0, 0, 1, 47.91
1735224269, 24, 5, 10, 0, 0, 0.01%, 0, 0, 1, 46.60
1735224274, 24, 6, 10, 0, 0, 0.01%, 0, 0, 1, 47.84
1735224279, 24, 7, 10, 0, 0, 0.01%, 0, 0, 1, 49.13
1735224284, 24, 8, 10, 0, 0, 0.01%, 0, 0, 1, 46.29
1735224289, 24, 9, 10, 0, 0, 0.01%, 0, 0, 1, 46.97
1735224294, 25, 0, 10, 0, 0, 0.01%, 0, 0, 1, 48.39
1735224299, 25, 1, 10, 0, 0, 0.01%, 0, 0, 1, 47.97
1735224304, 25, 2, 10, 0, 0, 0.01%, 0, 0, 1, 46.42
1735224309, 25, 3, 10, 0, 0, 0.01%, 0, 0, 1, 48.57
1735224314, 25, 4, 10, 0, 0, 0.01%, 0, 0, 1, 47.58
1735224319, 25, 5, 10, 0, 0, 0.01%, 0, 0, 1, 48.29
1735224329, 25, 6, 10, 0, 0, 0.01%, 0, 0, 1, 46.03
1735224334, 25, 7, 10, 0, 0, 0.01%, 0, 0, 1, 47.45
1735224339, 25, 8, 10, 0, 0, 0.01%, 0, 0, 1, 46.56
1735224345, 25, 9, 10, 0, 0, 0.01%, 0, 0, 1, 45.70
1735224350, 26, 0, 10, 0, 0, 0.01%, 0, 0, 1, 49.88
1735224355, 26, 1, 10, 0, 0, 0.01%, 0, 0, 1, 48.44
1735224360, 26, 2, 10, 0, 0, 0.01%, 0, 0, 1, 48.97
1735224365, 26, 3, 10, 0, 0, 0.01%, 0, 0, 1, 46.25
1735224370, 26, 4, 10, 0, 0, 0.01%, 0, 0, 1, 49.66
1735224375, 26, 5, 10, 0, 0, 0.01%, 0, 0, 1, 45.85
1735224380, 26, 6, 10, 0, 0, 0.01%, 0, 0, 1, 50.40
1735224385, 26, 7, 10, 0, 0, 0.01%, 0, 0, 1, 47.24
1735224390, 26, 8, 10, 0, 0, 0.01%, 0, 0, 1, 48.05
1735224395, 26, 9, 10, 0, 0, 0.01%, 0, 0, 1, 47.82
1735224400, 27, 0, 10, 0, 0, 0.01%, 0, 0, 1, 45.31
1735224405, 27, 1, 10, 0, 0, 0.01%, 0, 0, 1, 48.85
1735224416, 27, 2, 10, 0, 0, 0.01%, 0, 0, 1, 45.48
1735224421, 27, 3, 10, 0, 0, 0.01%, 0, 0, 1, 44.83
1735224426, 27, 4, 10, 0, 0, 0.01%, 0, 0, 1, 47.04
1735224431, 27, 5, 10, 0, 0, 0.01%, 0, 0, 1, 47.41
1735224436, 27, 6, 10, 0, 0, 0.01%, 0, 0, 1, 47.81
1735224441, 27, 7, 10, 0, 0, 0.01%, 0, 0, 1, 47.25
1735224446, 27, 8, 10, 0, 0, 0.01%, 0, 0, 1, 46.61
1735224451, 27, 9, 10, 0, 0, 0.01%, 0, 0, 1, 45.86
1735224456, 28, 0, 10, 0, 0, 0.01%, 0, 0, 1, 45.84
1735224461, 28, 1, 10, 0, 0, 0.01%, 0, 0, 1, 46.76
1735224466, 28, 2, 10, 0, 0, 0.01%, 0, 0, 1, 48.20
1735224471, 28, 3, 10, 0, 0, 0.01%, 0, 0, 1, 47.40
1735224477, 28, 4, 10, 0, 0, 0.01%, 0, 0, 1, 46.52
1735224482, 28, 5, 10, 0, 0, 0.01%, 0, 0, 1, 45.93
1735224492, 28, 6, 10, 0, 0, 0.01%, 0, 0, 1, 48.70
1735224497, 28, 7, 10, 0, 0, 0.01%, 0, 0, 1, 46.04
1735224502, 28, 8, 10, 0, 0, 0.01%, 0, 0, 1, 48.05
1735224507, 28, 9, 10, 0, 0, 0.01%, 0, 0, 1, 46.47
1735224512, 29, 0, 10, 0, 0, 0.01%, 0, 0, 1, 47.33
1735224517, 29, 1, 10, 0, 0, 0.01%, 0, 0, 1, 48.03
1735224522, 29, 2, 10, 0, 0, 0.01%, 0, 0, 1, 46.61
1735224527, 29, 3, 10, 0, 0, 0.01%, 0, 0, 1, 46.28
1735224532, 29, 4, 10, 0, 0, 0.01%, 0, 0, 1, 45.36
1735224537, 29, 5, 10, 0, 0, 0.01%, 0, 0, 1, 47.41
1735224542, 29, 6, 10, 0, 0, 0.01%, 0, 0, 1, 47.61
1735224547, 29, 7, 10, 0, 0, 0.01%, 0, 0, 1, 49.93
1735224552, 29, 8, 10, 0, 0, 0.01%, 0, 0, 1, 47.09
1735224557, 29, 9, 10, 0, 0, 0.01%, 0, 0, 1, 48.71
1735224562, 30, 0, 10, 0, 0, 0.01%, 0, 0, 1, 46.98
1735224573, 30, 1, 10, 0, 0, 0.01%, 0, 0, 1, 46.11
1735224578, 30, 2, 10, 0, 0, 0.01%, 0, 0, 1, 48.95
1735224583, 30, 3, 10, 0, 0, 0.01%, 0, 0, 1, 46.51
1735224588, 30, 4, 10, 0, 0, 0.01%, 0, 0, 1, 47.28
1735224593, 30, 5, 10, 0, 0, 0.01%, 0, 0, 1, 47.10
1735224598, 30, 6, 10, 0, 0, 0.01%, 0, 0, 1, 48.03
1735224603, 30, 7, 10, 0, 0, 0.01%, 0, 0, 1, 46.93
1735224608, 30, 8, 10, 0, 0, 0.01%, 0, 0, 1, 49.65
1735224613, 30, 9, 10, 0, 0, 0.01%, 0, 0, 1, 47.78
1735224618, 31, 0, 10, 0, 0, 0.01%, 0, 0, 1, 45.83
1735224623, 31, 1, 10, 0, 0, 0.01%, 0, 0, 1, 45.44
1735224628, 31, 2, 10, 0, 0, 0.01%, 0, 0, 1, 46.38
1735224634, 31, 3, 10, 0, 0, 0.01%, 0, 0, 1, 47.22
1735224639, 31, 4, 10, 0, 0, 0.01%, 0, 0, 1, 46.46
1735224644, 31, 5, 10, 0, 0, 0.01%, 0, 0, 1, 49.49
1735224649, 31, 6, 10, 0, 0, 0.01%, 0, 0, 1, 48.81
1735224659, 31, 7, 10, 0, 0, 0.01%, 0, 0, 1, 48.49
1735224664, 31, 8, 10, 0, 0, 0.01%, 0, 0, 1, 49.85
1735224669, 31, 9, 10, 0, 0, 0.01%, 0, 0, 1, 46.40
1735224674, 32, 0, 10, 0, 0, 0.01%, 0, 0, 1, 47.64
1735224679, 32, 1, 10, 0, 0, 0.01%, 0, 0, 1, 45.13
1735224684, 32, 2, 10, 0, 0, 0.01%, 0, 0, 1, 48.73
1735224689, 32, 3, 10, 0, 0, 0.01%, 0, 0, 1, 46.87
1735224694, 32, 4, 10, 0, 0, 0.01%, 0, 0, 1, 46.63
1735224699, 32, 5, 10, 0, 0, 0.01%, 0, 0, 1, 51.43
1735224704, 32, 6, 10, 0, 0, 0.01%, 0, 0, 1, 46.40
1735224709, 32, 7, 10, 0, 0, 0.01%, 0, 0, 1, 46.21
1735224715, 32, 8, 10, 0, 0, 0.01%, 0, 0, 1, 44.73
1735224720, 32, 9, 10, 0, 0, 0.01%, 0, 0, 1, 47.55
1735224725, 33, 0, 10, 0, 0, 0.01%, 0, 0, 1, 44.89
1735224730, 33, 1, 10, 0, 0, 0.01%, 0, 0, 1, 46.76
1735224740, 33, 2, 10, 0, 0, 0.01%, 0, 0, 1, 47.24
1735224745, 33, 3, 10, 0, 0, 0.01%, 0, 0, 1, 46.05
1735224750, 33, 4, 10, 0, 0, 0.01%, 0, 0, 1, 48.11
1735224755, 33, 5, 10, 0, 0, 0.01%, 0, 0, 1, 45.83
1735224760, 33, 6, 10, 0, 0, 0.01%, 0, 0, 1, 46.87
1735224765, 33, 7, 10, 0, 0, 0.01%, 0, 0, 1, 48.94
1735224770, 33, 8, 10, 0, 0, 0.01%, 0, 0, 1, 48.19
1735224775, 33, 9, 10, 0, 0, 0.01%, 0, 0, 1, 48.91
1735224780, 34, 0, 10, 0, 0, 0.01%, 0, 0, 1, 47.35
1735224785, 34, 1, 10, 0, 0, 0.01%, 0, 0, 1, 47.03
1735224791, 34, 2, 10, 0, 0, 0.01%, 0, 0, 1, 48.99
1735224796, 34, 3, 10, 0, 0, 0.01%, 0, 0, 1, 47.34
1735224801, 34, 4, 10, 0, 0, 0.01%, 0, 0, 1, 48.59
1735224806, 34, 5, 10, 0, 0, 0.01%, 0, 0, 1, 47.55
1735224811, 34, 6, 10, 0, 0, 0.01%, 0, 0, 1, 49.31
1735224816, 34, 7, 10, 0, 0, 0.01%, 0, 0, 1, 46.58
1735224826, 34, 8, 10, 0, 0, 0.01%, 0, 0, 1, 47.36
1735224831, 34, 9, 10, 0, 0, 0.01%, 0, 0, 1, 44.78
1735224836, 35, 0, 10, 0, 0, 0.01%, 0, 0, 1, 46.38
1735224841, 35, 1, 10, 0, 0, 0.01%, 0, 0, 1, 46.37
1735224846, 35, 2, 10, 0, 0, 0.01%, 0, 0, 1, 49.65
1735224851, 35, 3, 10, 0, 0, 0.01%, 0, 0, 1, 48.49
1735224856, 35, 4, 10, 0, 0, 0.01%, 0, 0, 1, 49.59
1735224862, 35, 5, 10, 0, 0, 0.01%, 0, 0, 1, 47.84
1735224867, 35, 6, 10, 0, 0, 0.01%, 0, 0, 1, 47.06
1735224872, 35, 7, 10, 0, 0, 0.01%, 0, 0, 1, 45.08
1735224877, 35, 8, 10, 0, 0, 0.01%, 0, 0, 1, 45.57
1735224882, 35, 9, 10, 0, 0, 0.01%, 0, 0, 1, 50.41
1735224887, 36, 0, 10, 0, 0, 0.01%, 0, 0, 1, 47.02
1735224892, 36, 1, 10, 0, 0, 0.01%, 0, 0, 1, 46.80
1735224897, 36, 2, 10, 0, 0, 0.01%, 0, 0, 1, 49.59
1735224902, 36, 3, 10, 0, 0, 0.01%, 0, 0, 1, 46.64
1735224912, 36, 4, 10, 0, 0, 0.01%, 0, 0, 1, 50.29
1735224917, 36, 5, 10, 0, 0, 0.01%, 0, 0, 1, 48.34
1735224922, 36, 6, 10, 0, 0, 0.01%, 0, 0, 1, 46.53
1735224927, 36, 7, 10, 0, 0, 0.01%, 0, 0, 1, 48.66
1735224932, 36, 8, 10, 0, 0, 0.01%, 0, 0, 1, 47.09
1735224937, 36, 9, 10, 0, 0, 0.01%, 0, 0, 1, 48.28
1735224942, 37, 0, 10, 0, 0, 0.01%, 0, 0, 1, 45.37
1735224947, 37, 1, 10, 0, 0, 0.01%, 0, 0, 1, 50.86
1735224953, 37, 2, 10, 0, 0, 0.01%, 0, 0, 1, 48.17
1735224958, 37, 3, 10, 0, 0, 0.01%, 0, 0, 1, 47.98
1735224963, 37, 4, 10, 0, 0, 0.01%, 0, 0, 1, 48.31
1735224968, 37, 5, 10, 0, 0, 0.01%, 0, 0, 1, 51.28
1735224973, 37, 6, 10, 0, 0, 0.01%, 0, 0, 1, 46.79
1735224978, 37, 7, 10, 0, 0, 0.01%, 0, 0, 1, 47.79
1735224983, 37, 8, 10, 0, 0, 0.01%, 0, 0, 1, 46.42
1735224988, 37, 9, 10, 0, 0, 0.01%, 0, 0, 1, 46.84
1735224993, 38, 0, 10, 0, 0, 0.01%, 0, 0, 1, 46.24
1735225003, 38, 1, 10, 0, 0, 0.01%, 0, 0, 1, 46.12
1735225008, 38, 2, 10, 0, 0, 0.01%, 0, 0, 1, 46.84
1735225013, 38, 3, 10, 0, 0, 0.01%, 0, 0, 1, 49.92
1735225018, 38, 4, 10, 0, 0, 0.01%, 0, 0, 1, 48.13
1735225023, 38, 5, 10, 0, 0, 0.01%, 0, 0, 1, 48.57
1735225028, 38, 6, 10, 0, 0, 0.01%, 0, 0, 1, 47.95
1735225034, 38, 7, 10, 0, 0, 0.01%, 0, 0, 1, 51.74
1735225039, 38, 8, 10, 0, 0, 0.01%, 0, 0, 1, 47.28
1735225044, 38, 9, 10, 0, 0, 0.01%, 0, 0, 1, 49.38
1735225049, 39, 0, 10, 0, 0, 0.01%, 0, 0, 1, 50.16
1735225054, 39, 1, 10, 0, 0, 0.01%, 0, 0, 1, 48.40
1735225059, 39, 2, 10, 0, 0, 0.01%, 0, 0, 1, 50.31
1735225064, 39, 3, 10, 0, 0, 0.01%, 0, 0, 1, 48.21
1735225069, 39, 4, 10, 0, 0, 0.01%, 0, 0, 1, 48.51
1735225074, 39, 5, 10, 0, 0, 0.01%, 0, 0, 1, 46.90
1735225079, 39, 6, 10, 0, 0, 0.01%, 0, 0, 1, 47.66
1735225084, 39, 7, 10, 0, 0, 0.01%, 0, 0, 1, 46.40
1735225089, 39, 8, 10, 0, 0, 0.01%, 0, 0, 1, 49.50
1735225100, 39, 9, 10, 0, 0, 0.01%, 0, 0, 1, 48.10
1735225105, 40, 0, 10, 0, 0, 0.01%, 0, 0, 1, 47.37
1735225110, 40, 1, 10, 0, 0, 0.01%, 0, 0, 1, 48.26
1735225115, 40, 2, 10, 0, 0, 0.01%, 0, 0, 1, 47.46
1735225120, 40, 3, 10, 0, 0, 0.01%, 0, 0, 1, 48.56
1735225125, 40, 4, 10, 0, 0, 0.01%, 0, 0, 1, 47.93
1735225130, 40, 5, 10, 0, 0, 0.01%, 0, 0, 1, 50.05
1735225135, 40, 6, 10, 0, 0, 0.01%, 0, 0, 1, 48.21
1735225140, 40, 7, 10, 0, 0, 0.01%, 0, 0, 1, 46.17
1735225145, 40, 8, 10, 0, 0, 0.01%, 0, 0, 1, 47.05
1735225150, 40, 9, 10, 0, 0, 0.01%, 0, 0, 1, 46.30
1735225155, 41, 0, 10, 0, 0, 0.01%, 0, 0, 1, 49.21
1735225160, 41, 1, 10, 0, 0, 0.01%, 0, 0, 1, 47.58
1735225165, 41, 2, 10, 0, 0, 0.01%, 0, 0, 1, 50.84
1735225170, 41, 3, 10, 0, 0, 0.01%, 0, 0, 1, 47.86
1735225176, 41, 4, 10, 0, 0, 0.01%, 0, 0, 1, 47.53
1735225186, 41, 5, 10, 0, 0, 0.01%, 0, 0, 1, 45.10
1735225191, 41, 6, 10, 0, 0, 0.01%, 0, 0, 1, 46.82
1735225196, 41, 7, 10, 0, 0, 0.01%, 0, 0, 1, 46.88
1735225201, 41, 8, 10, 0, 0, 0.01%, 0, 0, 1, 46.71
1735225206, 41, 9, 10, 0, 0, 0.01%, 0, 0, 1, 46.11
1735225211, 42, 0, 10, 0, 0, 0.01%, 0, 0, 1, 48.07
1735225216, 42, 1, 10, 0, 0, 0.01%, 0, 0, 1, 47.29
1735225221, 42, 2, 10, 0, 0, 0.01%, 0, 0, 1, 47.08
1735225226, 42, 3, 10, 0, 0, 0.01%, 0, 0, 1, 49.88
1735225231, 42, 4, 10, 0, 0, 0.01%, 0, 0, 1, 49.25
1735225236, 42, 5, 10, 0, 0, 0.01%, 0, 0, 1, 46.34
1735225242, 42, 6, 10, 0, 0, 0.01%, 0, 0, 1, 46.05
1735225247, 42, 7, 10, 0, 0, 0.01%, 0, 0, 1, 47.59
1735225257, 42, 8, 10, 0, 0, 0.01%, 0, 0, 1, 47.80
1735225262, 42, 9, 10, 0, 0, 0.01%, 0, 0, 1, 46.72
1735225267, 43, 0, 10, 0, 0, 0.01%, 0, 0, 1, 47.38
1735225272, 43, 1, 10, 0, 0, 0.01%, 0, 0, 1, 48.49
1735225277, 43, 2, 10, 0, 0, 0.01%, 0, 0, 1, 51.15
1735225282, 43, 3, 10, 0, 0, 0.01%, 0, 0, 1, 49.31
1735225287, 43, 4, 10, 0, 0, 0.01%, 0, 0, 1, 48.94
1735225292, 43, 5, 10, 0, 0, 0.01%, 0, 0, 1, 47.32
1735225297, 43, 6, 10, 0, 0, 0.01%, 0, 0, 1, 47.28
1735225302, 43, 7, 10, 0, 0, 0.01%, 0, 0, 1, 47.60
1735225307, 43, 8, 10, 0, 0, 0.01%, 0, 0, 1, 48.65
1735225312, 43, 9, 10, 0, 0, 0.01%, 0, 0, 1, 47.64
1735225318, 44, 0, 10, 0, 0, 0.01%, 0, 0, 1, 47.12
1735225323, 44, 1, 10, 0, 0, 0.01%, 0, 0, 1, 44.42
1735225328, 44, 2, 10, 0, 0, 0.01%, 0, 0, 1, 44.88
1735225338, 44, 3, 10, 0, 0, 0.01%, 0, 0, 1, 45.51
1735225343, 44, 4, 10, 0, 0, 0.01%, 0, 0, 1, 45.66
1735225348, 44, 5, 10, 0, 0, 0.01%, 0, 0, 1, 47.69
1735225353, 44, 6, 10, 0, 0, 0.01%, 0, 0, 1, 44.57
1735225358, 44, 7, 10, 0, 0, 0.01%, 0, 0, 1, 45.37
1735225363, 44, 8, 10, 0, 0, 0.01%, 0, 0, 1, 47.47
1735225368, 44, 9, 10, 0, 0, 0.01%, 0, 0, 1, 47.46
1735225373, 45, 0, 10, 0, 0, 0.01%, 0, 0, 1, 48.33
1735225378, 45, 1, 10, 0, 0, 0.01%, 0, 0, 1, 45.79
1735225384, 45, 2, 10, 0, 0, 0.01%, 0, 0, 1, 48.07
1735225389, 45, 3, 10, 0, 0, 0.01%, 0, 0, 1, 47.88
1735225394, 45, 4, 10, 0, 0, 0.01%, 0, 0, 1, 50.70
1735225399, 45, 5, 10, 0, 0, 0.01%, 0, 0, 1, 46.90
1735225404, 45, 6, 10, 0, 0, 0.01%, 0, 0, 1, 47.44
1735225414, 45, 7, 10, 0, 0, 0.01%, 0, 0, 1, 47.34
1735225419, 45, 8, 10, 0, 0, 0.01%, 0, 0, 1, 45.94
1735225424, 45, 9, 11, 1, 0, 0.14%, 1, 0, 2, 45.37
1735225429, 45, 10, 11, 1, 1, 0.14%, 1, 0, 2, 64.71
1735225439, 45, 10, 13, 3, 1, 0.14%, 3, 0, 3, 54.17
1735225536, 45, 10, 14, 4, 1, 0.14%, 3, 0, 3, 50.90
1735225561, 46, 13, 15, 2, 0, 0.14%, 4, 0, 4, 66.32
1735225612, 47, 11, 15, 1, 0, 0.14%, 4, 0, 4, 71.46
1735225617, 47, 11, 16, 2, 0, 0.14%, 5, 0, 4, 67.16
1735225668, 47, 15, 16, 2, 1, 0.14%, 5, 0, 4, 73.61
1735225673, 47, 15, 17, 3, 1, 0.14%, 5, 0, 5, 63.26
1735225749, 47, 15, 18, 4, 1, 0.14%, 5, 0, 5, 54.85
1735225830, 47, 17, 18, 3, 1, 0.14%, 5, 0, 5, 66.01
1735225835, 47, 17, 19, 4, 1, 0.14%, 5, 0, 6, 98.76
1735225840, 47, 17, 20, 5, 1, 0.14%, 5, 0, 6, 88.21
1735225866, 47, 17, 21, 6, 1, 0.14%, 5, 0, 6, 59.39
1735225907, 47, 17, 22, 7, 1, 0.14%, 5, 0, 6, 56.04
1735225917, 47, 17, 23, 8, 1, 0.14%, 5, 0, 6, 59.26
1735225998, 47, 22, 23, 7, 1, 0.14%, 5, 0, 6, 70.31
1735226059, 47, 22, 24, 8, 1, 0.14%, 5, 0, 7, 60.07
1735226069, 47, 22, 25, 9, 1, 0.14%, 5, 0, 7, 63.72
1735226120, 47, 22, 26, 10, 1, 0.14%, 5, 0, 7, 66.57
1735226155, 47, 24, 26, 9, 2, 0.14%, 5, 0, 7, 93.42
1735226186, 47, 24, 27, 10, 2, 0.14%, 5, 0, 8, 84.52
1735226191, 47, 24, 28, 11, 2, 0.14%, 5, 0, 8, 68.75
1735226196, 47, 24, 29, 12, 2, 0.14%, 5, 0, 8, 65.52
1735226211, 47, 24, 30, 13, 2, 0.14%, 5, 0, 8, 67.38
1735226277, 47, 25, 30, 12, 2, 0.14%, 5, 0, 8, 90.86
1735226344, 47, 25, 31, 13, 2, 0.14%, 5, 0, 8, 61.50
1735226354, 47, 25, 32, 14, 2, 0.14%, 5, 0, 8, 67.16
1735226379, 47, 25, 33, 15, 2, 0.14%, 5, 0, 8, 66.79
1735226430, 47, 29, 33, 14, 2, 0.14%, 5, 0, 8, 70.24
1735226480, 47, 29, 34, 15, 2, 0.14%, 5, 0, 9, 71.63
1735226591, 47, 31, 34, 14, 2, 0.14%, 5, 0, 9, 51.57
1735226597, 49, 28, 34, 9, 0, 0.14%, 5, 0, 9, 85.82
1735226709, 49, 31, 34, 8, 0, 0.14%, 5, 0, 9, 83.64
1735226821, 49, 31, 35, 9, 0, 0.14%, 5, 0, 9, 67.88
1735226851, 49, 31, 36, 10, 0, 0.14%, 6, 0, 9, 74.18
1735226892, 49, 34, 36, 10, 1, 0.14%, 6, 0, 9, 90.49
1735226958, 49, 34, 37, 11, 1, 0.14%, 6, 0, 10, 63.86
1735227029, 50, 27, 37, 8, 0, 0.14%, 6, 0, 10, 96.44
1735227120, 50, 36, 37, 8, 0, 0.14%, 6, 0, 10, 89.58
1735227231, 50, 36, 38, 9, 0, 0.14%, 6, 0, 11, 74.89
1735227256, 50, 37, 38, 9, 1, 0.14%, 6, 0, 11, 62.12
1735227455, 52, 32, 38, 6, 0, 0.14%, 6, 0, 11, 53.30
1735227696, 53, 20, 38, 5, 0, 0.14%, 6, 0, 11, 114.96
1735227900, 53, 26, 38, 3, 0, 0.14%, 6, 0, 11, 81.04
1735227966, 53, 26, 39, 4, 0, 0.14%, 6, 0, 11, 63.18
1735228052, 53, 38, 39, 4, 1, 0.14%, 6, 0, 11, 71.88
1735228256, 56, 35, 39, 3, 0, 0.14%, 6, 0, 11, 74.09
1735228465, 56, 35, 40, 4, 0, 0.14%, 7, 0, 11, 69.20
1735228643, 56, 39, 40, 3, 1, 0.14%, 7, 0, 11, 56.45
1735229036, 59, 29, 40, 2, 0, 0.14%, 7, 0, 11, 59.96
1735229062, 59, 30, 40, 2, 0, 0.14%, 7, 0, 11, 50.61
1735229067, 61, 38, 40, 1, 0, 0.14%, 7, 0, 11, 51.05
1735229092, 62, 29, 40, 0, 0, 0.14%, 7, 0, 11, 72.84
1735229133, 62, 30, 40, 0, 0, 0.14%, 7, 0, 11, 90.18
1735230102, 62, 32, 40, 0, 0, 0.14%, 7, 0, 11, 67.75
1735230127, 62, 38, 40, 0, 0, 0.14%, 7, 0, 11, 72.02
1735230163, 63, 32, 40, 0, 0, 0.14%, 7, 0, 11, 61.62
1735230204, 63, 38, 40, 0, 0, 0.14%, 7, 0, 11, 71.80
1735230239, 64, 32, 40, 0, 0, 0.14%, 7, 0, 11, 77.79
1735230275, 64, 38, 40, 0, 0, 0.14%, 7, 0, 11, 74.10
1735230305, 65, 11, 40, 0, 0, 0.14%, 7, 0, 11, 73.42
1735230316, 65, 32, 40, 0, 0, 0.14%, 7, 0, 11, 68.66
1735230351, 65, 38, 40, 0, 0, 0.14%, 7, 0, 11, 75.19
1735230387, 66, 32, 40, 0, 0, 0.14%, 7, 0, 11, 71.74
1735230422, 66, 38, 40, 0, 0, 0.14%, 7, 0, 11, 71.60
1735230458, 67, 32, 40, 0, 0, 0.14%, 7, 0, 11, 72.45
1735230493, 67, 38, 40, 0, 0, 0.14%, 7, 0, 11, 69.04
1735230498, 67, 38, 41, 1, 0, 0.14%, 8, 0, 11, 71.44
1735230534, 67, 40, 41, 1, 1, 0.14%, 8, 0, 11, 58.52
1735231092, 68, 32, 41, 0, 0, 0.14%, 8, 0, 11, 78.58
1735231123, 70, 30, 41, 0, 0, 0.14%, 8, 0, 11, 63.59
1735231138, 70, 40, 41, 0, 0, 0.14%, 8, 0, 11, 76.62
1735231164, 71, 30, 41, 0, 0, 0.14%, 8, 0, 11, 73.53
1735231184, 71, 38, 41, 0, 0, 0.14%, 8, 0, 11, 71.96
1735231219, 71, 40, 41, 0, 0, 0.14%, 8, 0, 11, 77.77
1735231245, 72, 30, 41, 0, 0, 0.14%, 8, 0, 11, 72.58
1735231280, 72, 40, 41, 0, 0, 0.14%, 8, 0, 11, 65.98
1735231316, 73, 30, 41, 0, 0, 0.14%, 8, 0, 11, 76.77
1735231351, 73, 40, 41, 0, 0, 0.14%, 8, 0, 11, 71.81
1735231382, 74, 30, 41, 0, 0, 0.14%, 8, 0, 11, 74.26
1735231417, 74, 40, 41, 0, 0, 0.14%, 8, 0, 11, 82.22
1735231453, 75, 40, 41, 0, 0, 0.14%, 8, 0, 11, 84.74
1735231484, 76, 40, 41, 0, 0, 0.14%, 8, 0, 11, 79.34
1735231519, 77, 40, 41, 0, 0, 0.14%, 8, 0, 11, 76.49
1735231555, 78, 40, 41, 0, 0, 0.14%, 8, 0, 11, 84.77
1735231585, 79, 40, 41, 0, 0, 0.14%, 8, 0, 11, 79.11
1735231621, 80, 40, 41, 0, 0, 0.14%, 8, 0, 11, 77.83
1735231651, 81, 40, 41, 0, 0, 0.14%, 8, 0, 11, 76.67
1735231687, 82, 11, 41, 0, 0, 0.14%, 8, 0, 11, 49.89
1735231707, 82, 40, 41, 0, 0, 0.14%, 8, 0, 11, 67.85
1735231743, 83, 40, 41, 0, 0, 0.14%, 8, 0, 11, 73.40
1735231758, 84, 40, 41, 0, 0, 0.14%, 8, 0, 11, 80.26
1735231768, 85, 40, 41, 0, 0, 0.14%, 8, 0, 11, 78.51
1735231783, 86, 40, 41, 0, 0, 0.14%, 8, 0, 11, 71.86
1735231788, 87, 11, 41, 0, 0, 0.14%, 8, 0, 11, 60.68
1735231824, 87, 40, 41, 0, 0, 0.14%, 8, 0, 11, 60.73
1735231834, 88, 40, 41, 0, 0, 0.14%, 8, 0, 11, 70.50
1735231839, 89, 40, 41, 0, 0, 0.14%, 8, 0, 11, 74.85
1735231844, 90, 40, 41, 0, 0, 0.14%, 8, 0, 11, 71.52
1735231849, 91, 40, 41, 0, 0, 0.14%, 8, 0, 11, 63.83
1735231859, 92, 11, 41, 0, 0, 0.14%, 8, 0, 11, 56.73
1735231900, 92, 40, 41, 0, 0, 0.14%, 8, 0, 11, 66.62
1735231905, 93, 33, 41, 0, 0, 0.14%, 8, 0, 11, 88.45
1735232027, 93, 40, 41, 0, 0, 0.14%, 8, 0, 11, 70.96
1735232037, 94, 40, 41, 0, 0, 0.14%, 8, 0, 11, 67.20
1735232043, 95, 40, 41, 0, 0, 0.14%, 8, 0, 11, 69.86
1735232048, 96, 40, 41, 0, 0, 0.14%, 8, 0, 11, 71.20
1735232053, 97, 40, 41, 0, 0, 0.14%, 8, 0, 11, 83.46
1735232058, 98, 26, 41, 0, 0, 0.14%, 8, 0, 11, 63.38
1735232089, 98, 40, 41, 0, 0, 0.14%, 8, 0, 11, 73.51
1735232094, 99, 40, 41, 0, 0, 0.14%, 8, 0, 11, 68.22
1735232104, 100, 40, 41, 0, 0, 0.14%, 8, 0, 11, 70.14
1735232109, 101, 29, 41, 0, 0, 0.14%, 8, 0, 11, 71.64
1735232144, 101, 40, 41, 0, 0, 0.14%, 8, 0, 11, 67.69
1735232149, 102, 40, 41, 0, 0, 0.14%, 8, 0, 11, 78.53
1735232154, 103, 40, 41, 0, 0, 0.14%, 8, 0, 11, 73.35
1735232164, 104, 26, 41, 0, 0, 0.14%, 8, 0, 11, 60.37
1735232200, 104, 40, 41, 0, 0, 0.14%, 8, 0, 11, 61.14
1735232210, 105, 26, 41, 0, 0, 0.14%, 8, 0, 11, 61.00
1735232245, 105, 40, 41, 0, 0, 0.14%, 8, 0, 11, 72.23
1735232250, 106, 12, 41, 0, 0, 0.14%, 8, 0, 11, 65.74
1735232286, 106, 40, 41, 0, 0, 0.14%, 8, 0, 11, 67.43
1735232291, 107, 40, 41, 0, 0, 0.14%, 8, 0, 11, 79.52
1735232296, 108, 40, 41, 0, 0, 0.14%, 8, 0, 11, 67.13
1735232306, 109, 24, 41, 0, 0, 0.14%, 8, 0, 11, 71.53
1735232321, 111, 11, 41, 0, 0, 0.14%, 8, 0, 11, 62.92
1735232362, 114, 24, 41, 0, 0, 0.14%, 8, 0, 11, 71.19
1735232397, 116, 27, 41, 0, 0, 0.14%, 8, 0, 11, 59.63
1735232428, 116, 38, 41, 0, 0, 0.14%, 8, 0, 11, 70.29
1735232463, 117, 24, 41, 0, 0, 0.14%, 8, 0, 11, 64.53
1735232499, 120, 29, 41, 0, 0, 0.14%, 8, 0, 11, 60.87
1735232534, 125, 24, 41, 0, 0, 0.14%, 8, 0, 11, 65.25
1735232574, 127, 20, 41, 0, 0, 0.14%, 8, 0, 11, 67.34
1735232595, 128, 13, 41, 0, 0, 0.14%, 8, 0, 11, 52.72
1735232605, 128, 29, 41, 0, 0, 0.14%, 8, 0, 11, 72.18
1735232635, 131, 36, 41, 0, 0, 0.14%, 8, 0, 11, 70.50
1735232676, 134, 11, 41, 0, 0, 0.14%, 8, 0, 11, 55.47
1735232712, 135, 13, 41, 0, 0, 0.14%, 8, 0, 11, 64.29
1735232737, 141, 29, 41, 0, 0, 0.14%, 8, 0, 11, 66.10
1735232772, 142, 36, 41, 0, 0, 0.14%, 8, 0, 11, 65.17
1735232808, 143, 14, 41, 0, 0, 0.14%, 8, 0, 11, 67.43
1735232859, 143, 24, 41, 0, 0, 0.14%, 8, 0, 11, 73.86
1735232889, 144, 14, 41, 0, 0, 0.14%, 8, 0, 11, 73.48
1735232930, 145, 11, 41, 0, 0, 0.14%, 8, 0, 11, 64.49
1735232965, 145, 14, 41, 0, 0, 0.14%, 8, 0, 11, 59.15
1735233006, 146, 23, 41, 0, 0, 0.14%, 8, 0, 11, 74.12
1735233103, 147, 14, 41, 0, 0, 0.14%, 8, 0, 11, 56.40
1735233143, 149, 36, 41, 0, 0, 0.14%, 8, 0, 11, 60.76
1735233179, 150, 11, 41, 0, 0, 0.14%, 8, 0, 11, 64.87
1735233219, 150, 24, 41, 0, 0, 0.14%, 8, 0, 11, 55.01
1735233260, 153, 29, 41, 0, 0, 0.14%, 8, 0, 11, 75.12
1735233296, 155, 20, 41, 0, 0, 0.14%, 8, 0, 11, 71.40
1735233332, 159, 20, 41, 0, 0, 0.14%, 8, 0, 11, 64.79
1735233362, 161, 25, 41, 0, 0, 0.14%, 8, 0, 11, 67.31
1735233377, 161, 27, 41, 0, 0, 0.14%, 8, 0, 11, 59.66
1735233413, 162, 29, 41, 0, 0, 0.14%, 8, 0, 11, 64.03
1735233448, 163, 14, 41, 0, 0, 0.14%, 8, 0, 11, 56.71
1735233489, 163, 20, 41, 0, 0, 0.14%, 8, 0, 11, 63.52
1735233524, 163, 36, 41, 0, 0, 0.14%, 8, 0, 11, 58.26
1735233565, 164, 36, 41, 0, 0, 0.14%, 8, 0, 11, 71.50
1735233600, 169, 13, 41, 0, 0, 0.14%, 8, 0, 11, 60.31
