# unix_time, cycles_done, cur_path, paths_total, pending_total, pending_favs, map_size, unique_crashes, unique_hangs, max_depth, execs_per_sec
1734899529, 0, 0, 10, 10, 1, 0.01%, 0, 0, 1, 37.77
1734899534, 0, 2, 10, 10, 1, 0.01%, 0, 0, 1, 38.79
1734899550, 1, 0, 10, 2, 0, 0.01%, 0, 0, 1, 46.86
1734899555, 1, 1, 10, 1, 0, 0.01%, 0, 0, 1, 44.67
1734899560, 1, 2, 10, 0, 0, 0.01%, 0, 0, 1, 45.44
1734899565, 1, 3, 10, 0, 0, 0.01%, 0, 0, 1, 46.32
1734899575, 1, 4, 10, 0, 0, 0.01%, 0, 0, 1, 46.09
1734899580, 1, 5, 10, 0, 0, 0.01%, 0, 0, 1, 46.36
1734899585, 1, 6, 10, 0, 0, 0.01%, 0, 0, 1, 43.22
1734899590, 1, 7, 10, 0, 0, 0.01%, 0, 0, 1, 47.89
1734899595, 1, 8, 10, 0, 0, 0.01%, 0, 0, 1, 45.60
1734899600, 1, 9, 10, 0, 0, 0.01%, 0, 0, 1, 46.74
1734899606, 2, 0, 10, 0, 0, 0.01%, 0, 0, 1, 44.13
1734899611, 2, 1, 10, 0, 0, 0.01%, 0, 0, 1, 44.02
1734899616, 2, 2, 10, 0, 0, 0.01%, 0, 0, 1, 45.10
1734899626, 2, 3, 10, 0, 0, 0.01%, 0, 0, 1, 44.40
1734899631, 2, 4, 10, 0, 0, 0.01%, 0, 0, 1, 44.95
1734899636, 2, 5, 10, 0, 0, 0.01%, 0, 0, 1, 45.64
1734899641, 2, 6, 10, 0, 0, 0.01%, 0, 0, 1, 44.53
1734899646, 2, 7, 10, 0, 0, 0.01%, 0, 0, 1, 45.58
1734899651, 2, 8, 10, 0, 0, 0.01%, 0, 0, 1, 46.11
1734899656, 2, 9, 10, 0, 0, 0.01%, 0, 0, 1, 45.91
1734899661, 3, 0, 10, 0, 0, 0.01%, 0, 0, 1, 46.21
1734899666, 3, 1, 10, 0, 0, 0.01%, 0, 0, 1, 47.84
1734899672, 3, 2, 10, 0, 0, 0.01%, 0, 0, 1, 45.61
1734899682, 3, 3, 10, 0, 0, 0.01%, 0, 0, 1, 44.90
1734899687, 3, 4, 10, 0, 0, 0.01%, 0, 0, 1, 45.79
1734899692, 3, 5, 10, 0, 0, 0.01%, 0, 0, 1, 44.30
1734899697, 3, 6, 10, 0, 0, 0.01%, 0, 0, 1, 45.93
1734899702, 3, 7, 10, 0, 0, 0.01%, 0, 0, 1, 45.77
1734899707, 3, 8, 10, 0, 0, 0.01%, 0, 0, 1, 47.99
1734899712, 3, 9, 10, 0, 0, 0.01%, 0, 0, 1, 46.50
1734899717, 4, 0, 10, 0, 0, 0.01%, 0, 0, 1, 46.39
1734899722, 4, 1, 10, 0, 0, 0.01%, 0, 0, 1, 44.62
1734899727, 4, 2, 10, 0, 0, 0.01%, 0, 0, 1, 45.46
1734899737, 4, 3, 10, 0, 0, 0.01%, 0, 0, 1, 45.00
1734899743, 4, 4, 10, 0, 0, 0.01%, 0, 0, 1, 44.93
1734899748, 4, 5, 10, 0, 0, 0.01%, 0, 0, 1, 45.73
1734899753, 4, 6, 10, 0, 0, 0.01%, 0, 0, 1, 46.58
1734899758, 4, 7, 10, 0, 0, 0.01%, 0, 0, 1, 44.62
1734899763, 4, 8, 10, 0, 0, 0.01%, 0, 0, 1, 44.29
1734899768, 4, 9, 10, 0, 0, 0.01%, 0, 0, 1, 45.41
1734899773, 5, 0, 10, 0, 0, 0.01%, 0, 0, 1, 43.46
1734899778, 5, 1, 10, 0, 0, 0.01%, 0, 0, 1, 45.69
1734899788, 5, 2, 10, 0, 0, 0.01%, 0, 0, 1, 46.91
1734899793, 5, 3, 10, 0, 0, 0.01%, 0, 0, 1, 45.06
1734899798, 5, 4, 10, 0, 0, 0.01%, 0, 0, 1, 44.73
1734899804, 5, 5, 10, 0, 0, 0.01%, 0, 0, 1, 43.45
1734899809, 5, 6, 10, 0, 0, 0.01%, 0, 0, 1, 44.54
1734899814, 5, 7, 10, 0, 0, 0.01%, 0, 0, 1, 44.85
1734899819, 5, 8, 10, 0, 0, 0.01%, 0, 0, 1, 42.83
1734899824, 5, 9, 10, 0, 0, 0.01%, 0, 0, 1, 43.70
1734899834, 6, 0, 10, 0, 0, 0.01%, 0, 0, 1, 44.95
1734899839, 6, 1, 10, 0, 0, 0.01%, 0, 0, 1, 43.56
1734899844, 6, 2, 10, 0, 0, 0.01%, 0, 0, 1, 46.32
1734899849, 6, 3, 10, 0, 0, 0.01%, 0, 0, 1, 46.06
1734899854, 6, 4, 10, 0, 0, 0.01%, 0, 0, 1, 45.61
1734899859, 6, 5, 10, 0, 0, 0.01%, 0, 0, 1, 44.35
1734899865, 6, 6, 10, 0, 0, 0.01%, 0, 0, 1, 44.29
1734899870, 6, 7, 10, 0, 0, 0.01%, 0, 0, 1, 44.04
1734899880, 6, 8, 10, 0, 0, 0.01%, 0, 0, 1, 45.58
1734899885, 6, 9, 10, 0, 0, 0.01%, 0, 0, 1, 45.90
1734899890, 7, 0, 10, 0, 0, 0.01%, 0, 0, 1, 45.27
1734899895, 7, 1, 10, 0, 0, 0.01%, 0, 0, 1, 43.79
1734899900, 7, 2, 10, 0, 0, 0.01%, 0, 0, 1, 43.77
1734899905, 7, 3, 10, 0, 0, 0.01%, 0, 0, 1, 47.32
1734899911, 7, 4, 10, 0, 0, 0.01%, 0, 0, 1, 42.16
1734899916, 7, 5, 10, 0, 0, 0.01%, 0, 0, 1, 46.33
1734899921, 7, 6, 10, 0, 0, 0.01%, 0, 0, 1, 45.78
1734899931, 7, 7, 10, 0, 0, 0.01%, 0, 0, 1, 45.62
1734899936, 7, 8, 10, 0, 0, 0.01%, 0, 0, 1, 46.04
1734899941, 7, 9, 10, 0, 0, 0.01%, 0, 0, 1, 44.17
1734899946, 8, 0, 10, 0, 0, 0.01%, 0, 0, 1, 44.23
1734899951, 8, 1, 10, 0, 0, 0.01%, 0, 0, 1, 44.50
1734899956, 8, 2, 10, 0, 0, 0.01%, 0, 0, 1, 45.29
1734899961, 8, 3, 10, 0, 0, 0.01%, 0, 0, 1, 46.48
1734899971, 8, 4, 10, 0, 0, 0.01%, 0, 0, 1, 43.97
1734899976, 8, 5, 10, 0, 0, 0.01%, 0, 0, 1, 45.04
1734899981, 8, 6, 10, 0, 0, 0.01%, 0, 0, 1, 44.30
1734899986, 8, 7, 10, 0, 0, 0.01%, 0, 0, 1, 43.86
1734899992, 8, 8, 10, 0, 0, 0.01%, 0, 0, 1, 43.04
1734899997, 8, 9, 10, 0, 0, 0.01%, 0, 0, 1, 44.65
1734900002, 9, 0, 10, 0, 0, 0.01%, 0, 0, 1, 43.97
1734900012, 9, 1, 10, 0, 0, 0.01%, 0, 0, 1, 43.98
1734900017, 9, 2, 10, 0, 0, 0.01%, 0, 0, 1, 44.16
1734900022, 9, 3, 10, 0, 0, 0.01%, 0, 0, 1, 44.49
1734900027, 9, 4, 10, 0, 0, 0.01%, 0, 0, 1, 46.19
1734900032, 9, 5, 10, 0, 0, 0.01%, 0, 0, 1, 46.44
1734900037, 9, 6, 10, 0, 0, 0.01%, 0, 0, 1, 46.52
1734900042, 9, 7, 10, 0, 0, 0.01%, 0, 0, 1, 45.75
1734900047, 9, 8, 10, 0, 0, 0.01%, 0, 0, 1, 46.29
1734900057, 9, 9, 10, 0, 0, 0.01%, 0, 0, 1, 45.04
1734900062, 10, 0, 10, 0, 0, 0.01%, 0, 0, 1, 43.31
1734900067, 10, 1, 10, 0, 0, 0.01%, 0, 0, 1, 43.58
1734900072, 10, 2, 10, 0, 0, 0.01%, 0, 0, 1, 43.01
1734900078, 10, 3, 10, 0, 0, 0.01%, 0, 0, 1, 43.43
1734900083, 10, 4, 10, 0, 0, 0.01%, 0, 0, 1, 44.10
1734900088, 10, 5, 10, 0, 0, 0.01%, 0, 0, 1, 44.30
1734900098, 10, 6, 10, 0, 0, 0.01%, 0, 0, 1, 43.34
1734900103, 10, 7, 10, 0, 0, 0.01%, 0, 0, 1, 44.32
1734900108, 10, 8, 10, 0, 0, 0.01%, 0, 0, 1, 47.12
1734900113, 10, 9, 10, 0, 0, 0.01%, 0, 0, 1, 44.38
1734900118, 11, 0, 10, 0, 0, 0.01%, 0, 0, 1, 44.44
1734900123, 11, 1, 10, 0, 0, 0.01%, 0, 0, 1, 43.04
1734900128, 11, 2, 10, 0, 0, 0.01%, 0, 0, 1, 45.32
1734900133, 11, 3, 10, 0, 0, 0.01%, 0, 0, 1, 48.23
1734900138, 11, 4, 10, 0, 0, 0.01%, 0, 0, 1, 46.77
1734900143, 11, 5, 10, 0, 0, 0.01%, 0, 0, 1, 46.77
1734900148, 11, 6, 10, 0, 0, 0.01%, 0, 0, 1, 48.67
1734900159, 11, 7, 10, 0, 0, 0.01%, 0, 0, 1, 46.83
1734900164, 11, 8, 10, 0, 0, 0.01%, 0, 0, 1, 46.82
1734900169, 11, 9, 10, 0, 0, 0.01%, 0, 0, 1, 47.45
1734900174, 12, 0, 10, 0, 0, 0.01%, 0, 0, 1, 46.39
1734900179, 12, 1, 10, 0, 0, 0.01%, 0, 0, 1, 48.38
1734900184, 12, 2, 10, 0, 0, 0.01%, 0, 0, 1, 48.29
1734900189, 12, 3, 10, 0, 0, 0.01%, 0, 0, 1, 49.10
1734900194, 12, 4, 10, 0, 0, 0.01%, 0, 0, 1, 45.02
1734900200, 12, 5, 10, 0, 0, 0.01%, 0, 0, 1, 47.35
1734900205, 12, 6, 10, 0, 0, 0.01%, 0, 0, 1, 47.00
1734900210, 12, 7, 10, 0, 0, 0.01%, 0, 0, 1, 47.18
1734900215, 12, 8, 10, 0, 0, 0.01%, 0, 0, 1, 46.54
1734900220, 12, 9, 10, 0, 0, 0.01%, 0, 0, 1, 48.37
1734900225, 13, 0, 10, 0, 0, 0.01%, 0, 0, 1, 46.32
1734900235, 13, 1, 10, 0, 0, 0.01%, 0, 0, 1, 45.67
1734900240, 13, 2, 10, 0, 0, 0.01%, 0, 0, 1, 47.49
1734900245, 13, 3, 10, 0, 0, 0.01%, 0, 0, 1, 49.60
1734900250, 13, 4, 10, 0, 0, 0.01%, 0, 0, 1, 48.58
1734900255, 13, 5, 10, 0, 0, 0.01%, 0, 0, 1, 48.11
1734900260, 13, 6, 10, 0, 0, 0.01%, 0, 0, 1, 47.33
1734900266, 13, 7, 10, 0, 0, 0.01%, 0, 0, 1, 48.40
1734900271, 13, 8, 10, 0, 0, 0.01%, 0, 0, 1, 46.10
1734900276, 13, 9, 10, 0, 0, 0.01%, 0, 0, 1, 45.55
1734900281, 14, 0, 10, 0, 0, 0.01%, 0, 0, 1, 48.17
1734900286, 14, 1, 10, 0, 0, 0.01%, 0, 0, 1, 48.93
1734900291, 14, 2, 10, 0, 0, 0.01%, 0, 0, 1, 49.07
1734900296, 14, 3, 10, 0, 0, 0.01%, 0, 0, 1, 45.66
1734900301, 14, 4, 10, 0, 0, 0.01%, 0, 0, 1, 46.05
1734900306, 14, 5, 10, 0, 0, 0.01%, 0, 0, 1, 45.05
1734900316, 14, 6, 10, 0, 0, 0.01%, 0, 0, 1, 45.97
1734900321, 14, 7, 10, 0, 0, 0.01%, 0, 0, 1, 46.80
1734900326, 14, 8, 10, 0, 0, 0.01%, 0, 0, 1, 46.44
1734900332, 14, 9, 10, 0, 0, 0.01%, 0, 0, 1, 45.03
1734900337, 15, 0, 10, 0, 0, 0.01%, 0, 0, 1, 50.41
1734900342, 15, 1, 10, 0, 0, 0.01%, 0, 0, 1, 49.14
1734900347, 15, 2, 10, 0, 0, 0.01%, 0, 0, 1, 46.89
1734900352, 15, 3, 10, 0, 0, 0.01%, 0, 0, 1, 41.97
1734900372, 15, 4, 10, 0, 0, 0.01%, 0, 0, 1, 45.23
1734900393, 15, 5, 10, 0, 0, 0.01%, 0, 0, 1, 43.77
1734900413, 15, 6, 10, 0, 0, 0.01%, 0, 0, 1, 43.50
1734900433, 15, 7, 10, 0, 0, 0.01%, 0, 0, 1, 41.54
1734900454, 15, 8, 10, 0, 0, 0.01%, 0, 0, 1, 41.13
1734900474, 15, 9, 10, 0, 0, 0.01%, 0, 0, 1, 41.13
1734900495, 16, 0, 10, 0, 0, 0.01%, 0, 0, 1, 40.60
1734900515, 16, 1, 10, 0, 0, 0.01%, 0, 0, 1, 46.17
1734900520, 16, 2, 10, 0, 0, 0.01%, 0, 0, 1, 49.50
1734900525, 16, 3, 10, 0, 0, 0.01%, 0, 0, 1, 45.13
1734900530, 16, 4, 10, 0, 0, 0.01%, 0, 0, 1, 46.55
1734900535, 16, 5, 10, 0, 0, 0.01%, 0, 0, 1, 48.01
1734900540, 16, 6, 10, 0, 0, 0.01%, 0, 0, 1, 48.87
1734900545, 16, 7, 10, 0, 0, 0.01%, 0, 0, 1, 48.50
1734900550, 16, 8, 10, 0, 0, 0.01%, 0, 0, 1, 47.72
1734900556, 16, 9, 10, 0, 0, 0.01%, 0, 0, 1, 50.06
1734900561, 17, 0, 10, 0, 0, 0.01%, 0, 0, 1, 48.07
1734900566, 17, 1, 10, 0, 0, 0.01%, 0, 0, 1, 49.01
1734900576, 17, 2, 10, 0, 0, 0.01%, 0, 0, 1, 46.50
1734900581, 17, 3, 10, 0, 0, 0.01%, 0, 0, 1, 45.34
1734900586, 17, 4, 10, 0, 0, 0.01%, 0, 0, 1, 46.79
1734900591, 17, 5, 10, 0, 0, 0.01%, 0, 0, 1, 48.32
1734900596, 17, 6, 10, 0, 0, 0.01%, 0, 0, 1, 47.47
1734900601, 17, 7, 10, 0, 0, 0.01%, 0, 0, 1, 46.60
1734900606, 17, 8, 10, 0, 0, 0.01%, 0, 0, 1, 46.20
1734900611, 17, 9, 10, 0, 0, 0.01%, 0, 0, 1, 47.68
1734900616, 18, 0, 10, 0, 0, 0.01%, 0, 0, 1, 46.61
1734900622, 18, 1, 10, 0, 0, 0.01%, 0, 0, 1, 45.84
1734900627, 18, 2, 10, 0, 0, 0.01%, 0, 0, 1, 46.49
1734900632, 18, 3, 10, 0, 0, 0.01%, 0, 0, 1, 49.56
1734900637, 18, 4, 10, 0, 0, 0.01%, 0, 0, 1, 46.82
1734900642, 18, 5, 10, 0, 0, 0.01%, 0, 0, 1, 45.88
1734900647, 18, 6, 10, 0, 0, 0.01%, 0, 0, 1, 46.06
1734900657, 18, 7, 10, 0, 0, 0.01%, 0, 0, 1, 47.13
1734900662, 18, 8, 10, 0, 0, 0.01%, 0, 0, 1, 48.06
1734900667, 18, 9, 10, 0, 0, 0.01%, 0, 0, 1, 47.68
1734900672, 19, 0, 10, 0, 0, 0.01%, 0, 0, 1, 45.73
1734900677, 19, 1, 10, 0, 0, 0.01%, 0, 0, 1, 48.91
1734900682, 19, 2, 10, 0, 0, 0.01%, 0, 0, 1, 47.70
1734900687, 19, 3, 10, 0, 0, 0.01%, 0, 0, 1, 50.18
1734900693, 19, 4, 10, 0, 0, 0.01%, 0, 0, 1, 46.88
1734900698, 19, 5, 10, 0, 0, 0.01%, 0, 0, 1, 47.97
1734900703, 19, 6, 10, 0, 0, 0.01%, 0, 0, 1, 46.53
1734900708, 19, 7, 10, 0, 0, 0.01%, 0, 0, 1, 47.89
1734900713, 19, 8, 10, 0, 0, 0.01%, 0, 0, 1, 48.94
1734900718, 19, 9, 10, 0, 0, 0.01%, 0, 0, 1, 47.61
1734900723, 20, 0, 10, 0, 0, 0.01%, 0, 0, 1, 48.47
1734900728, 20, 1, 10, 0, 0, 0.01%, 0, 0, 1, 47.39
1734900733, 20, 2, 10, 0, 0, 0.01%, 0, 0, 1, 47.55
1734900738, 20, 3, 10, 0, 0, 0.01%, 0, 0, 1, 46.37
1734900743, 20, 4, 10, 0, 0, 0.01%, 0, 0, 1, 45.91
1734900748, 20, 5, 10, 0, 0, 0.01%, 0, 0, 1, 48.71
1734900759, 20, 6, 10, 0, 0, 0.01%, 0, 0, 1, 49.18
1734900764, 20, 7, 10, 0, 0, 0.01%, 0, 0, 1, 46.61
1734900769, 20, 8, 10, 0, 0, 0.01%, 0, 0, 1, 47.90
1734900774, 20, 9, 10, 0, 0, 0.01%, 0, 0, 1, 46.60
1734900779, 21, 0, 10, 0, 0, 0.01%, 0, 0, 1, 48.23
1734900784, 21, 1, 10, 0, 0, 0.01%, 0, 0, 1, 45.40
1734900789, 21, 2, 10, 0, 0, 0.01%, 0, 0, 1, 45.55
1734900794, 21, 3, 10, 0, 0, 0.01%, 0, 0, 1, 44.27
1734900799, 21, 4, 10, 0, 0, 0.01%, 0, 0, 1, 47.17
1734900804, 21, 5, 10, 0, 0, 0.01%, 0, 0, 1, 47.70
1734900809, 21, 6, 10, 0, 0, 0.01%, 0, 0, 1, 48.36
1734900814, 21, 7, 10, 0, 0, 0.01%, 0, 0, 1, 48.64
1734900819, 21, 8, 10, 0, 0, 0.01%, 0, 0, 1, 47.52
1734900824, 21, 9, 10, 0, 0, 0.01%, 0, 0, 1, 47.75
1734900829, 22, 0, 10, 0, 0, 0.01%, 0, 0, 1, 49.40
1734900840, 22, 1, 10, 0, 0, 0.01%, 0, 0, 1, 47.85
1734900845, 22, 2, 10, 0, 0, 0.01%, 0, 0, 1, 46.91
1734900850, 22, 3, 10, 0, 0, 0.01%, 0, 0, 1, 48.58
1734900855, 22, 4, 10, 0, 0, 0.01%, 0, 0, 1, 48.11
1734900860, 22, 5, 10, 0, 0, 0.01%, 0, 0, 1, 47.16
1734900865, 22, 6, 10, 0, 0, 0.01%, 0, 0, 1, 49.63
1734900870, 22, 7, 10, 0, 0, 0.01%, 0, 0, 1, 46.46
1734900875, 22, 8, 10, 0, 0, 0.01%, 0, 0, 1, 45.81
1734900880, 22, 9, 10, 0, 0, 0.01%, 0, 0, 1, 48.13
1734900885, 23, 0, 10, 0, 0, 0.01%, 0, 0, 1, 47.51
1734900890, 23, 1, 10, 0, 0, 0.01%, 0, 0, 1, 48.46
1734900896, 23, 2, 10, 0, 0, 0.01%, 0, 0, 1, 47.98
1734900901, 23, 3, 10, 0, 0, 0.01%, 0, 0, 1, 46.66
1734900906, 23, 4, 10, 0, 0, 0.01%, 0, 0, 1, 46.99
1734900911, 23, 5, 10, 0, 0, 0.01%, 0, 0, 1, 49.65
1734900916, 23, 6, 10, 0, 0, 0.01%, 0, 0, 1, 52.30
1734900921, 23, 7, 10, 0, 0, 0.01%, 0, 0, 1, 49.67
1734900926, 23, 8, 10, 0, 0, 0.01%, 0, 0, 1, 50.16
1734900931, 23, 9, 10, 0, 0, 0.01%, 0, 0, 1, 47.51
1734900936, 24, 0, 10, 0, 0, 0.01%, 0, 0, 1, 47.84
1734900946, 24, 1, 10, 0, 0, 0.01%, 0, 0, 1, 46.03
1734900951, 24, 2, 10, 0, 0, 0.01%, 0, 0, 1, 46.81
1734900956, 24, 3, 10, 0, 0, 0.01%, 0, 0, 1, 49.81
1734900962, 24, 4, 10, 0, 0, 0.01%, 0, 0, 1, 51.99
1734900967, 24, 5, 10, 0, 0, 0.01%, 0, 0, 1, 51.29
1734900972, 24, 6, 10, 0, 0, 0.01%, 0, 0, 1, 49.16
1734900977, 24, 7, 10, 0, 0, 0.01%, 0, 0, 1, 50.80
1734900982, 24, 8, 10, 0, 0, 0.01%, 0, 0, 1, 46.71
1734900987, 24, 9, 10, 0, 0, 0.01%, 0, 0, 1, 47.25
1734900992, 25, 0, 10, 0, 0, 0.01%, 0, 0, 1, 47.57
1734900997, 25, 1, 10, 0, 0, 0.01%, 0, 0, 1, 49.80
1734901002, 25, 2, 10, 0, 0, 0.01%, 0, 0, 1, 47.25
1734901007, 25, 3, 10, 0, 0, 0.01%, 0, 0, 1, 47.36
1734901012, 25, 4, 10, 0, 0, 0.01%, 0, 0, 1, 49.36
1734901017, 25, 5, 10, 0, 0, 0.01%, 0, 0, 1, 47.22
1734901022, 25, 6, 10, 0, 0, 0.01%, 0, 0, 1, 47.17
1734901027, 25, 7, 10, 0, 0, 0.01%, 0, 0, 1, 48.69
1734901032, 25, 8, 10, 0, 0, 0.01%, 0, 0, 1, 45.65
1734901037, 25, 9, 10, 0, 0, 0.01%, 0, 0, 1, 46.20
1734901042, 26, 0, 10, 0, 0, 0.01%, 0, 0, 1, 51.68
1734901053, 26, 1, 10, 0, 0, 0.01%, 0, 0, 1, 46.38
1734901058, 26, 2, 10, 0, 0, 0.01%, 0, 0, 1, 48.31
1734901063, 26, 3, 10, 0, 0, 0.01%, 0, 0, 1, 46.30
1734901068, 26, 4, 10, 0, 0, 0.01%, 0, 0, 1, 47.14
1734901073, 26, 5, 10, 0, 0, 0.01%, 0, 0, 1, 47.86
1734901078, 26, 6, 10, 0, 0, 0.01%, 0, 0, 1, 52.68
1734901083, 26, 7, 10, 0, 0, 0.01%, 0, 0, 1, 47.84
1734901088, 26, 8, 10, 0, 0, 0.01%, 0, 0, 1, 46.26
1734901093, 26, 9, 10, 0, 0, 0.01%, 0, 0, 1, 47.00
1734901098, 27, 0, 10, 0, 0, 0.01%, 0, 0, 1, 47.44
1734901104, 27, 1, 10, 0, 0, 0.01%, 0, 0, 1, 48.29
1734901109, 27, 2, 10, 0, 0, 0.01%, 0, 0, 1, 47.06
1734901114, 27, 3, 10, 0, 0, 0.01%, 0, 0, 1, 48.68
1734901119, 27, 4, 10, 0, 0, 0.01%, 0, 0, 1, 49.35
1734901124, 27, 5, 10, 0, 0, 0.01%, 0, 0, 1, 48.33
1734901129, 27, 6, 10, 0, 0, 0.01%, 0, 0, 1, 47.86
1734901134, 27, 7, 10, 0, 0, 0.01%, 0, 0, 1, 47.82
1734901139, 27, 8, 10, 0, 0, 0.01%, 0, 0, 1, 51.62
1734901144, 27, 9, 10, 0, 0, 0.01%, 0, 0, 1, 48.26
1734901149, 28, 0, 10, 0, 0, 0.01%, 0, 0, 1, 46.29
1734901155, 28, 1, 10, 0, 0, 0.01%, 0, 0, 1, 49.23
1734901160, 28, 2, 10, 0, 0, 0.01%, 0, 0, 1, 48.40
1734901170, 28, 3, 10, 0, 0, 0.01%, 0, 0, 1, 46.68
1734901175, 28, 4, 10, 0, 0, 0.01%, 0, 0, 1, 47.47
1734901180, 28, 5, 10, 0, 0, 0.01%, 0, 0, 1, 49.55
1734901185, 28, 6, 10, 0, 0, 0.01%, 0, 0, 1, 49.21
1734901190, 28, 7, 10, 0, 0, 0.01%, 0, 0, 1, 48.00
1734901195, 28, 8, 10, 0, 0, 0.01%, 0, 0, 1, 48.39
1734901200, 28, 9, 10, 0, 0, 0.01%, 0, 0, 1, 47.76
1734901205, 29, 0, 10, 0, 0, 0.01%, 0, 0, 1, 49.24
1734901210, 29, 1, 10, 0, 0, 0.01%, 0, 0, 1, 48.02
1734901215, 29, 2, 10, 0, 0, 0.01%, 0, 0, 1, 44.25
1734901220, 29, 3, 10, 0, 0, 0.01%, 0, 0, 1, 43.94
1734901226, 29, 4, 10, 0, 0, 0.01%, 0, 0, 1, 45.40
1734901231, 29, 5, 10, 0, 0, 0.01%, 0, 0, 1, 46.58
1734901236, 29, 6, 10, 0, 0, 0.01%, 0, 0, 1, 46.39
1734901241, 29, 7, 10, 0, 0, 0.01%, 0, 0, 1, 48.46
1734901251, 29, 8, 10, 0, 0, 0.01%, 0, 0, 1, 46.04
1734901256, 29, 9, 10, 0, 0, 0.01%, 0, 0, 1, 46.95
1734901261, 30, 0, 10, 0, 0, 0.01%, 0, 0, 1, 46.74
1734901266, 30, 1, 10, 0, 0, 0.01%, 0, 0, 1, 46.18
1734901271, 30, 2, 10, 0, 0, 0.01%, 0, 0, 1, 48.88
1734901276, 30, 3, 10, 0, 0, 0.01%, 0, 0, 1, 48.07
1734901282, 30, 4, 10, 0, 0, 0.01%, 0, 0, 1, 49.16
1734901287, 30, 5, 10, 0, 0, 0.01%, 0, 0, 1, 48.52
1734901292, 30, 6, 10, 0, 0, 0.01%, 0, 0, 1, 48.29
1734901297, 30, 7, 10, 0, 0, 0.01%, 0, 0, 1, 47.37
1734901302, 30, 8, 10, 0, 0, 0.01%, 0, 0, 1, 47.06
1734901307, 30, 9, 10, 0, 0, 0.01%, 0, 0, 1, 46.44
1734901312, 31, 0, 10, 0, 0, 0.01%, 0, 0, 1, 48.17
1734901317, 31, 1, 10, 0, 0, 0.01%, 0, 0, 1, 48.14
1734901322, 31, 2, 10, 0, 0, 0.01%, 0, 0, 1, 47.91
1734901327, 31, 10, 11, 1, 1, 0.14%, 1, 0, 2, 51.92
1734901338, 31, 10, 12, 2, 1, 0.14%, 2, 0, 3, 53.56
1734901409, 33, 11, 12, 0, 0, 0.14%, 2, 0, 3, 51.87
1734901414, 33, 11, 13, 1, 0, 0.14%, 3, 0, 4, 57.16
1734901439, 33, 11, 14, 2, 0, 0.14%, 3, 0, 4, 51.55
1734901535, 33, 12, 14, 2, 2, 0.14%, 3, 0, 4, 71.88
1734901571, 33, 12, 15, 3, 2, 0.14%, 4, 0, 5, 51.33
1734901697, 33, 13, 15, 2, 2, 0.14%, 4, 0, 5, 52.30
1734901713, 33, 13, 16, 3, 2, 0.14%, 4, 0, 5, 52.19
1734901743, 33, 13, 17, 4, 2, 0.14%, 4, 0, 5, 53.32
1734901769, 33, 13, 18, 5, 2, 0.14%, 5, 0, 5, 53.91
1734901804, 33, 13, 19, 6, 2, 0.14%, 5, 0, 5, 52.65
1734901809, 33, 13, 20, 7, 2, 0.14%, 5, 0, 5, 51.56
1734901860, 33, 14, 20, 6, 2, 0.14%, 5, 0, 5, 47.37
1734901906, 33, 14, 21, 7, 2, 0.14%, 5, 0, 6, 101.01
1734902791, 33, 14, 24, 10, 2, 0.14%, 6, 0, 6, 95.64
1734902796, 33, 14, 26, 12, 2, 0.14%, 6, 0, 6, 81.04
1734902801, 33, 14, 27, 13, 2, 0.14%, 6, 0, 6, 90.13
1734902812, 33, 14, 28, 14, 2, 0.14%, 7, 0, 6, 90.74
1734902817, 33, 14, 29, 15, 2, 0.14%, 8, 0, 6, 86.91
1734902863, 33, 17, 29, 14, 2, 0.14%, 8, 0, 6, 74.31
1734902873, 33, 17, 30, 15, 2, 0.14%, 8, 0, 6, 108.93
1734902908, 33, 17, 31, 16, 2, 0.14%, 8, 0, 6, 68.74
1734902913, 33, 17, 32, 17, 2, 0.14%, 8, 0, 6, 69.18
1734902934, 33, 17, 33, 18, 2, 0.14%, 8, 0, 6, 70.47
1734902964, 33, 17, 34, 19, 2, 0.14%, 8, 0, 6, 70.75
1734902990, 33, 25, 34, 18, 2, 0.14%, 8, 0, 6, 75.84
1734903046, 33, 25, 35, 19, 2, 0.14%, 8, 0, 7, 61.96
1734903061, 33, 25, 36, 20, 2, 0.14%, 8, 0, 7, 69.69
1734903112, 33, 33, 36, 19, 2, 0.14%, 8, 0, 7, 79.87
1734903168, 33, 33, 37, 20, 2, 0.14%, 8, 0, 7, 68.75
1734903223, 33, 33, 38, 21, 2, 0.14%, 8, 0, 7, 71.53
1734903228, 33, 33, 39, 22, 2, 0.14%, 8, 0, 7, 62.36
1734903233, 33, 33, 40, 23, 2, 0.14%, 8, 0, 7, 56.95
1734903249, 33, 34, 40, 22, 2, 0.14%, 8, 0, 7, 100.03
1734903310, 33, 36, 40, 21, 1, 0.14%, 8, 0, 7, 73.13
1734903490, 34, 18, 40, 20, 0, 0.14%, 8, 0, 7, 86.95
1734903663, 34, 23, 40, 19, 0, 0.14%, 8, 0, 7, 54.79
1734903668, 34, 35, 40, 16, 0, 0.14%, 8, 0, 7, 40.59
1734903673, 35, 20, 40, 13, 0, 0.14%, 8, 0, 7, 36.62
1734903683, 35, 26, 40, 11, 0, 0.14%, 8, 0, 7, 36.18
1734903688, 35, 27, 40, 10, 0, 0.14%, 8, 0, 7, 35.00
1734904157, 35, 27, 41, 11, 0, 0.14%, 8, 0, 7, 90.82
1734904192, 35, 40, 41, 10, 1, 0.14%, 8, 0, 7, 58.61
1734904683, 37, 34, 41, 7, 0, 0.14%, 8, 0, 7, 51.61
1734904703, 37, 37, 41, 7, 0, 0.14%, 8, 0, 7, 91.00
1734904801, 38, 30, 41, 7, 0, 0.14%, 8, 0, 7, 90.45
1734904851, 38, 34, 41, 7, 0, 0.14%, 8, 0, 7, 67.17
1734904882, 39, 21, 41, 6, 0, 0.14%, 8, 0, 7, 55.02
1734904887, 39, 34, 41, 5, 0, 0.14%, 8, 0, 7, 62.02
1734904923, 40, 34, 41, 4, 0, 0.14%, 8, 0, 7, 62.86
1734904959, 40, 39, 41, 4, 0, 0.14%, 8, 0, 7, 97.43
1734905075, 41, 28, 41, 4, 0, 0.14%, 8, 0, 7, 62.79
1734905086, 41, 34, 41, 3, 0, 0.14%, 8, 0, 7, 62.14
1734905121, 42, 22, 41, 3, 0, 0.14%, 8, 0, 7, 41.96
1734905629, 45, 22, 41, 2, 0, 0.14%, 8, 0, 7, 87.62
1734905644, 45, 31, 41, 2, 0, 0.14%, 8, 0, 7, 87.38
1734905715, 46, 22, 41, 1, 0, 0.14%, 8, 0, 7, 68.87
1734905751, 47, 22, 41, 1, 0, 0.14%, 8, 0, 7, 79.02
1734905786, 47, 34, 41, 1, 0, 0.14%, 8, 0, 7, 66.59
1734905822, 48, 22, 41, 1, 0, 0.14%, 8, 0, 7, 90.37
1734905853, 48, 39, 41, 1, 0, 0.14%, 8, 0, 7, 68.76
1734905858, 49, 22, 41, 1, 0, 0.14%, 8, 0, 7, 82.41
1734905888, 49, 39, 41, 0, 0, 0.14%, 8, 0, 7, 69.20
1734905904, 50, 22, 41, 0, 0, 0.14%, 8, 0, 7, 84.25
1734905934, 50, 39, 41, 0, 0, 0.14%, 8, 0, 7, 53.17
1734905964, 51, 22, 41, 0, 0, 0.14%, 8, 0, 7, 77.19
1734905995, 51, 39, 41, 0, 0, 0.14%, 8, 0, 7, 71.09
1734906036, 52, 22, 41, 0, 0, 0.14%, 8, 0, 7, 81.82
1734906066, 52, 39, 41, 0, 0, 0.14%, 8, 0, 7, 68.97
1734906102, 53, 22, 41, 0, 0, 0.14%, 8, 0, 7, 82.63
1734906137, 53, 31, 41, 0, 0, 0.14%, 8, 0, 7, 64.41
1734906142, 53, 39, 41, 0, 0, 0.14%, 8, 0, 7, 66.46
1734906183, 54, 22, 41, 0, 0, 0.14%, 8, 0, 7, 79.75
1734906214, 54, 31, 41, 0, 0, 0.14%, 8, 0, 7, 65.22
1734906224, 55, 22, 41, 0, 0, 0.14%, 8, 0, 7, 81.07
1734906255, 55, 31, 41, 0, 0, 0.14%, 8, 0, 7, 65.55
1734906275, 56, 22, 41, 0, 0, 0.14%, 8, 0, 7, 74.32
1734906305, 56, 31, 41, 0, 0, 0.14%, 8, 0, 7, 63.13
1734906346, 57, 22, 41, 0, 0, 0.14%, 8, 0, 7, 85.98
1734906377, 57, 31, 41, 0, 0, 0.14%, 8, 0, 7, 63.01
1734906417, 58, 22, 41, 0, 0, 0.14%, 8, 0, 7, 68.02
1734906427, 58, 31, 41, 0, 0, 0.14%, 8, 0, 7, 69.24
1734906458, 59, 22, 41, 0, 0, 0.14%, 8, 0, 7, 78.87
1734906463, 59, 31, 41, 0, 0, 0.14%, 8, 0, 7, 70.27
1734906504, 60, 22, 41, 0, 0, 0.14%, 8, 0, 7, 66.47
1734906514, 60, 31, 41, 0, 0, 0.14%, 8, 0, 7, 62.21
1734906549, 61, 22, 41, 0, 0, 0.14%, 8, 0, 7, 66.97
1734906554, 62, 22, 41, 0, 0, 0.14%, 8, 0, 7, 77.65
1734906565, 63, 22, 41, 0, 0, 0.14%, 8, 0, 7, 71.64
1734906570, 64, 22, 41, 0, 0, 0.14%, 8, 0, 7, 74.29
1734906580, 65, 22, 41, 0, 0, 0.14%, 8, 0, 7, 69.97
1734906590, 65, 32, 41, 0, 0, 0.14%, 8, 0, 7, 96.14
1734906646, 66, 22, 41, 0, 0, 0.14%, 8, 0, 7, 77.29
1734906651, 67, 22, 41, 0, 0, 0.14%, 8, 0, 7, 83.68
1734906661, 68, 22, 41, 0, 0, 0.14%, 8, 0, 7, 73.47
1734906666, 69, 22, 41, 0, 0, 0.14%, 8, 0, 7, 84.58
1734906676, 69, 28, 41, 0, 0, 0.14%, 8, 0, 7, 105.37
1734907644, 70, 22, 41, 0, 0, 0.14%, 8, 0, 7, 79.19
1734907654, 71, 22, 41, 0, 0, 0.14%, 8, 0, 7, 71.28
1734907659, 71, 28, 41, 0, 0, 0.14%, 8, 0, 7, 72.61
1734907675, 72, 12, 41, 0, 0, 0.14%, 8, 0, 7, 64.18
1734907695, 72, 22, 41, 0, 0, 0.14%, 8, 0, 7, 71.71
1734907700, 73, 22, 41, 0, 0, 0.14%, 8, 0, 7, 74.73
1734907710, 74, 22, 41, 0, 0, 0.14%, 8, 0, 7, 76.45
1734907720, 74, 34, 41, 0, 0, 0.14%, 8, 0, 7, 70.10
1734907751, 75, 22, 41, 0, 0, 0.14%, 8, 0, 7, 73.63
1734907761, 75, 32, 41, 0, 0, 0.14%, 8, 0, 7, 64.22
1734907776, 76, 22, 41, 0, 0, 0.14%, 8, 0, 7, 69.65
1734907786, 77, 22, 41, 0, 0, 0.14%, 8, 0, 7, 77.08
1734907796, 78, 22, 41, 0, 0, 0.14%, 8, 0, 7, 67.97
1734907801, 79, 22, 41, 0, 0, 0.14%, 8, 0, 7, 73.15
1734907811, 80, 22, 41, 0, 0, 0.14%, 8, 0, 7, 75.09
1734907822, 81, 22, 41, 0, 0, 0.14%, 8, 0, 7, 66.88
1734907827, 82, 22, 41, 0, 0, 0.14%, 8, 0, 7, 67.18
1734907837, 83, 22, 41, 0, 0, 0.14%, 8, 0, 7, 79.65
1734907847, 84, 22, 41, 0, 0, 0.14%, 8, 0, 7, 71.68
1734907852, 85, 22, 41, 0, 0, 0.14%, 8, 0, 7, 76.78
1734907862, 86, 22, 41, 0, 0, 0.14%, 8, 0, 7, 73.48
1734907867, 86, 32, 41, 0, 0, 0.14%, 8, 0, 7, 66.05
1734907908, 87, 22, 41, 0, 0, 0.14%, 8, 0, 7, 76.06
1734907918, 88, 22, 41, 0, 0, 0.14%, 8, 0, 7, 72.15
1734907923, 89, 22, 41, 0, 0, 0.14%, 8, 0, 7, 75.35
1734907933, 90, 22, 41, 0, 0, 0.14%, 8, 0, 7, 75.46
1734907939, 91, 22, 41, 0, 0, 0.14%, 8, 0, 7, 65.93
1734907949, 91, 32, 41, 0, 0, 0.14%, 8, 0, 7, 65.30
1734907984, 92, 22, 41, 0, 0, 0.14%, 8, 0, 7, 75.40
1734907994, 93, 22, 41, 0, 0, 0.14%, 8, 0, 7, 68.96
1734907999, 94, 22, 41, 0, 0, 0.14%, 8, 0, 7, 74.73
1734908009, 94, 32, 41, 0, 0, 0.14%, 8, 0, 7, 63.53
1734908045, 95, 22, 41, 0, 0, 0.14%, 8, 0, 7, 76.88
1734908055, 96, 22, 41, 0, 0, 0.14%, 8, 0, 7, 69.90
1734908060, 97, 22, 41, 0, 0, 0.14%, 8, 0, 7, 73.51
1734908070, 97, 28, 41, 0, 0, 0.14%, 8, 0, 7, 80.16
1734908101, 98, 22, 41, 0, 0, 0.14%, 8, 0, 7, 79.83
1734908111, 99, 22, 41, 0, 0, 0.14%, 8, 0, 7, 68.91
1734908116, 99, 34, 41, 0, 0, 0.14%, 8, 0, 7, 68.53
1734908151, 100, 22, 41, 0, 0, 0.14%, 8, 0, 7, 75.82
1734908162, 101, 22, 41, 0, 0, 0.14%, 8, 0, 7, 74.11
1734908167, 102, 22, 41, 0, 0, 0.14%, 8, 0, 7, 66.88
1734908177, 103, 22, 41, 0, 0, 0.14%, 8, 0, 7, 72.36
1734908187, 103, 32, 41, 0, 0, 0.14%, 8, 0, 7, 62.79
1734908218, 104, 22, 41, 0, 0, 0.14%, 8, 0, 7, 73.53
1734908228, 105, 22, 41, 0, 0, 0.14%, 8, 0, 7, 74.51
1734908238, 106, 22, 41, 0, 0, 0.14%, 8, 0, 7, 67.78
1734908243, 107, 22, 41, 0, 0, 0.14%, 8, 0, 7, 80.96
1734908254, 107, 30, 41, 0, 0, 0.14%, 8, 0, 7, 62.99
1734908269, 108, 22, 41, 0, 0, 0.14%, 8, 0, 7, 58.39
1734908279, 109, 22, 41, 0, 0, 0.14%, 8, 0, 7, 75.16
1734908289, 109, 37, 41, 0, 0, 0.14%, 8, 0, 7, 58.86
1734908294, 110, 22, 41, 0, 0, 0.14%, 8, 0, 7, 69.91
1734908299, 111, 17, 41, 0, 0, 0.14%, 8, 0, 7, 65.66
1734908320, 111, 22, 41, 0, 0, 0.14%, 8, 0, 7, 76.99
1734908325, 112, 22, 41, 0, 0, 0.14%, 8, 0, 7, 69.63
1734908335, 112, 35, 41, 0, 0, 0.14%, 8, 0, 7, 101.95
1734908865, 113, 22, 41, 0, 0, 0.14%, 8, 0, 7, 73.31
1734908870, 114, 22, 41, 0, 0, 0.14%, 8, 0, 7, 70.92
1734908875, 115, 22, 41, 0, 0, 0.14%, 8, 0, 7, 66.26
1734908880, 116, 22, 41, 0, 0, 0.14%, 8, 0, 7, 74.97
1734908885, 117, 22, 41, 0, 0, 0.14%, 8, 0, 7, 68.86
1734908890, 118, 22, 41, 0, 0, 0.14%, 8, 0, 7, 74.47
1734908895, 119, 22, 41, 0, 0, 0.14%, 8, 0, 7, 74.87
1734908900, 120, 22, 41, 0, 0, 0.14%, 8, 0, 7, 65.01
1734908905, 121, 22, 41, 0, 0, 0.14%, 8, 0, 7, 65.16
1734908911, 122, 22, 41, 0, 0, 0.14%, 8, 0, 7, 70.01
1734908916, 123, 12, 41, 0, 0, 0.14%, 8, 0, 7, 60.10
1734908931, 123, 22, 41, 0, 0, 0.14%, 8, 0, 7, 71.76
1734908936, 123, 28, 41, 0, 0, 0.14%, 8, 0, 7, 75.43
1734908971, 124, 12, 41, 0, 0, 0.14%, 8, 0, 7, 60.06
1734909012, 124, 22, 41, 0, 0, 0.14%, 8, 0, 7, 65.72
1734909017, 124, 32, 41, 0, 0, 0.14%, 8, 0, 7, 68.32
1734909053, 125, 22, 41, 0, 0, 0.14%, 8, 0, 7, 72.49
1734909058, 126, 22, 41, 0, 0, 0.14%, 8, 0, 7, 75.27
1734909063, 126, 28, 41, 0, 0, 0.14%, 8, 0, 7, 87.71
1734909093, 127, 17, 41, 0, 0, 0.14%, 8, 0, 7, 57.99
1734909129, 127, 22, 41, 0, 0, 0.14%, 8, 0, 7, 74.07
1734909134, 128, 22, 41, 0, 0, 0.14%, 8, 0, 7, 70.58
1734909139, 128, 28, 41, 0, 0, 0.14%, 8, 0, 7, 85.04
1734909169, 129, 22, 41, 0, 0, 0.14%, 8, 0, 7, 61.38
1734909174, 130, 17, 41, 0, 0, 0.14%, 8, 0, 7, 67.15
1734909210, 130, 22, 41, 0, 0, 0.14%, 8, 0, 7, 68.54
1734909215, 131, 22, 41, 0, 0, 0.14%, 8, 0, 7, 65.48
1734909220, 131, 34, 41, 0, 0, 0.14%, 8, 0, 7, 65.09
1734909250, 132, 22, 41, 0, 0, 0.14%, 8, 0, 7, 78.43
1734909255, 132, 37, 41, 0, 0, 0.14%, 8, 0, 7, 67.39
1734909270, 133, 22, 41, 0, 0, 0.14%, 8, 0, 7, 62.55
1734909276, 134, 22, 41, 0, 0, 0.14%, 8, 0, 7, 69.73
1734909281, 135, 21, 41, 0, 0, 0.14%, 8, 0, 7, 115.98
1734909561, 135, 22, 41, 0, 0, 0.14%, 8, 0, 7, 71.32
1734909566, 136, 22, 41, 0, 0, 0.14%, 8, 0, 7, 71.96
1734909571, 136, 37, 41, 0, 0, 0.14%, 8, 0, 7, 71.29
1734909601, 137, 22, 41, 0, 0, 0.14%, 8, 0, 7, 64.20
1734909606, 137, 34, 41, 0, 0, 0.14%, 8, 0, 7, 70.07
1734909642, 138, 22, 41, 0, 0, 0.14%, 8, 0, 7, 68.04
1734909647, 138, 32, 41, 0, 0, 0.14%, 8, 0, 7, 66.36
1734909683, 139, 22, 41, 0, 0, 0.14%, 8, 0, 7, 69.65
1734909688, 139, 32, 41, 0, 0, 0.14%, 8, 0, 7, 62.23
1734909723, 140, 22, 41, 0, 0, 0.14%, 8, 0, 7, 68.12
1734909728, 140, 28, 41, 0, 0, 0.14%, 8, 0, 7, 84.12
1734909759, 141, 22, 41, 0, 0, 0.14%, 8, 0, 7, 71.78
1734909764, 142, 22, 41, 0, 0, 0.14%, 8, 0, 7, 73.34
1734909769, 142, 33, 41, 0, 0, 0.14%, 8, 0, 7, 72.26
1734909774, 142, 37, 41, 0, 0, 0.14%, 8, 0, 7, 66.55
1734909809, 142, 40, 41, 0, 0, 0.14%, 8, 0, 7, 71.63
1734909820, 143, 22, 41, 0, 0, 0.14%, 8, 0, 7, 69.56
1734909825, 144, 16, 41, 0, 0, 0.14%, 8, 0, 7, 93.02
1734910141, 144, 22, 41, 0, 0, 0.14%, 8, 0, 7, 71.52
1734910146, 144, 27, 41, 0, 0, 0.14%, 8, 0, 7, 82.64
1734910161, 145, 22, 41, 0, 0, 0.14%, 8, 0, 7, 68.24
1734910166, 146, 22, 41, 0, 0, 0.14%, 8, 0, 7, 71.48
1734910171, 147, 12, 41, 0, 0, 0.14%, 8, 0, 7, 58.07
1734910207, 147, 21, 41, 0, 0, 0.14%, 8, 0, 7, 71.74
1734910238, 147, 22, 41, 0, 0, 0.14%, 8, 0, 7, 68.47
1734910243, 148, 22, 41, 0, 0, 0.14%, 8, 0, 7, 71.12
1734910248, 149, 22, 41, 0, 0, 0.14%, 8, 0, 7, 74.49
1734910253, 150, 22, 41, 0, 0, 0.14%, 8, 0, 7, 74.69
1734910258, 151, 17, 41, 0, 0, 0.14%, 8, 0, 7, 68.82
1734910294, 151, 22, 41, 0, 0, 0.14%, 8, 0, 7, 64.59
1734910299, 151, 32, 41, 0, 0, 0.14%, 8, 0, 7, 66.50
1734910335, 151, 37, 41, 0, 0, 0.14%, 8, 0, 7, 65.55
1734910370, 152, 22, 41, 0, 0, 0.14%, 8, 0, 7, 62.48
1734910375, 153, 22, 41, 0, 0, 0.14%, 8, 0, 7, 63.67
1734910380, 153, 30, 41, 0, 0, 0.14%, 8, 0, 7, 64.45
1734910421, 154, 12, 41, 0, 0, 0.14%, 8, 0, 7, 63.18
1734910457, 154, 22, 41, 0, 0, 0.14%, 8, 0, 7, 60.11
1734910462, 155, 22, 41, 0, 0, 0.14%, 8, 0, 7, 67.86
1734910467, 156, 22, 41, 0, 0, 0.14%, 8, 0, 7, 69.57
1734910472, 157, 22, 41, 0, 0, 0.14%, 8, 0, 7, 68.59
1734910477, 157, 28, 41, 0, 0, 0.14%, 8, 0, 7, 71.12
1734910513, 158, 22, 41, 0, 0, 0.14%, 8, 0, 7, 63.81
1734910518, 158, 27, 41, 0, 0, 0.14%, 8, 0, 7, 79.29
1734910548, 158, 34, 41, 0, 0, 0.14%, 8, 0, 7, 71.32
1734910584, 159, 22, 41, 0, 0, 0.14%, 8, 0, 7, 67.82
1734910589, 161, 22, 41, 0, 0, 0.14%, 8, 0, 7, 82.17
1734910594, 161, 23, 41, 0, 0, 0.14%, 8, 0, 7, 85.42
1734911309, 161, 32, 41, 0, 0, 0.14%, 8, 0, 7, 62.85
1734911339, 161, 33, 41, 0, 0, 0.14%, 8, 0, 7, 80.12
1734911355, 162, 22, 41, 0, 0, 0.14%, 8, 0, 7, 65.02
1734911360, 162, 24, 41, 0, 0, 0.14%, 8, 0, 7, 109.45
1734911619, 163, 22, 41, 0, 0, 0.14%, 8, 0, 7, 72.44
1734911624, 163, 34, 41, 0, 0, 0.14%, 8, 0, 7, 69.62
1734911664, 164, 22, 41, 0, 0, 0.14%, 8, 0, 7, 64.94
1734911669, 164, 24, 41, 0, 0, 0.14%, 8, 0, 7, 74.05
1734911700, 165, 17, 41, 0, 0, 0.14%, 8, 0, 7, 56.08
1734911736, 165, 22, 41, 0, 0, 0.14%, 8, 0, 7, 74.22
1734911741, 166, 19, 41, 0, 0, 0.14%, 8, 0, 7, 88.78
1734912061, 166, 22, 41, 0, 0, 0.14%, 8, 0, 7, 66.90
1734912066, 167, 22, 41, 0, 0, 0.14%, 8, 0, 7, 70.00
1734912071, 167, 23, 41, 0, 0, 0.14%, 8, 0, 7, 74.43
1734912076, 168, 22, 41, 0, 0, 0.14%, 8, 0, 7, 71.01
1734912082, 169, 22, 41, 0, 0, 0.14%, 8, 0, 7, 72.49
1734912087, 170, 22, 41, 0, 0, 0.14%, 8, 0, 7, 70.55
1734912092, 171, 22, 41, 0, 0, 0.14%, 8, 0, 7, 73.67
1734912097, 172, 10, 41, 0, 0, 0.14%, 8, 0, 7, 60.86
1734912102, 172, 22, 41, 0, 0, 0.14%, 8, 0, 7, 68.79
1734912107, 172, 30, 41, 0, 0, 0.14%, 8, 0, 7, 68.37
1734912143, 173, 22, 41, 0, 0, 0.14%, 8, 0, 7, 68.53
1734912148, 174, 16, 41, 0, 0, 0.14%, 8, 0, 7, 68.14
1734912153, 174, 22, 41, 0, 0, 0.14%, 8, 0, 7, 73.72
1734912158, 174, 24, 41, 0, 0, 0.14%, 8, 0, 7, 75.24
1734912193, 175, 22, 41, 0, 0, 0.14%, 8, 0, 7, 67.12
1734912199, 175, 25, 41, 0, 0, 0.14%, 8, 0, 7, 63.86
1734912214, 176, 22, 41, 0, 0, 0.14%, 8, 0, 7, 68.69
1734912219, 177, 19, 41, 0, 0, 0.14%, 8, 0, 7, 65.31
1734912224, 177, 22, 41, 0, 0, 0.14%, 8, 0, 7, 73.39
1734912229, 178, 16, 41, 0, 0, 0.14%, 8, 0, 7, 71.64
1734912239, 178, 22, 41, 0, 0, 0.14%, 8, 0, 7, 72.54
1734912244, 179, 17, 41, 0, 0, 0.14%, 8, 0, 7, 62.09
1734912280, 179, 27, 41, 0, 0, 0.14%, 8, 0, 7, 75.38
1734912316, 179, 32, 41, 0, 0, 0.14%, 8, 0, 7, 64.08
1734912351, 179, 33, 41, 0, 0, 0.14%, 8, 0, 7, 65.53
1734912387, 181, 22, 41, 0, 0, 0.14%, 8, 0, 7, 68.25
1734912392, 181, 36, 41, 0, 0, 0.14%, 8, 0, 7, 66.01
1734912402, 182, 19, 41, 0, 0, 0.14%, 8, 0, 7, 71.35
1734912412, 182, 22, 41, 0, 0, 0.14%, 8, 0, 7, 64.67
1734912417, 183, 12, 41, 0, 0, 0.14%, 8, 0, 7, 58.19
1734912453, 183, 22, 41, 0, 0, 0.14%, 8, 0, 7, 63.91
1734912458, 183, 24, 41, 0, 0, 0.14%, 8, 0, 7, 78.82
1734912488, 184, 22, 41, 0, 0, 0.14%, 8, 0, 7, 65.57
1734912493, 185, 22, 41, 0, 0, 0.14%, 8, 0, 7, 62.25
1734912498, 185, 30, 41, 0, 0, 0.14%, 8, 0, 7, 61.29
1734912534, 185, 33, 41, 0, 0, 0.14%, 8, 0, 7, 69.38
1734912570, 185, 40, 41, 0, 0, 0.14%, 8, 0, 7, 74.26
1734912585, 186, 19, 41, 0, 0, 0.14%, 8, 0, 7, 74.24
1734912605, 186, 22, 41, 0, 0, 0.14%, 8, 0, 7, 69.56
1734912610, 187, 12, 41, 0, 0, 0.14%, 8, 0, 7, 59.90
1734912651, 187, 21, 41, 0, 0, 0.14%, 8, 0, 7, 73.01
1734912681, 187, 22, 41, 0, 0, 0.14%, 8, 0, 7, 71.39
1734912686, 187, 28, 41, 0, 0, 0.14%, 8, 0, 7, 82.40
1734912717, 188, 22, 41, 0, 0, 0.14%, 8, 0, 7, 72.31
1734912722, 188, 33, 41, 0, 0, 0.14%, 8, 0, 7, 73.88
1734912757, 189, 22, 41, 0, 0, 0.14%, 8, 0, 7, 66.01
1734912762, 190, 21, 41, 0, 0, 0.14%, 8, 0, 7, 75.58
1734912793, 190, 22, 41, 0, 0, 0.14%, 8, 0, 7, 70.87
1734912798, 190, 36, 41, 0, 0, 0.14%, 8, 0, 7, 67.09
1734912808, 190, 40, 41, 0, 0, 0.14%, 8, 0, 7, 80.12
1734912843, 191, 37, 41, 0, 0, 0.14%, 8, 0, 7, 71.29
1734912879, 192, 22, 41, 0, 0, 0.14%, 8, 0, 7, 71.64
1734912884, 192, 40, 41, 0, 0, 0.14%, 8, 0, 7, 72.41
1734912920, 193, 22, 41, 0, 0, 0.14%, 8, 0, 7, 65.31
1734912925, 194, 22, 41, 0, 0, 0.14%, 8, 0, 7, 72.79
1734912930, 195, 22, 41, 0, 0, 0.14%, 8, 0, 7, 70.60
1734912935, 196, 22, 41, 0, 0, 0.14%, 8, 0, 7, 74.68
1734912940, 196, 27, 41, 0, 0, 0.14%, 8, 0, 7, 82.75
1734912975, 197, 26, 41, 0, 0, 0.14%, 8, 0, 7, 80.36
1734913623, 198, 16, 41, 0, 0, 0.14%, 8, 0, 7, 73.16
1734913648, 198, 22, 41, 0, 0, 0.14%, 8, 0, 7, 74.95
1734913654, 199, 22, 41, 0, 0, 0.14%, 8, 0, 7, 74.03
1734913659, 200, 22, 41, 0, 0, 0.14%, 8, 0, 7, 70.58
1734913664, 200, 24, 41, 0, 0, 0.14%, 8, 0, 7, 79.82
1734913694, 201, 22, 41, 0, 0, 0.14%, 8, 0, 7, 56.40
1734913699, 202, 21, 41, 0, 0, 0.14%, 8, 0, 7, 72.56
1734913735, 203, 12, 41, 0, 0, 0.14%, 8, 0, 7, 60.62
1734913775, 204, 19, 41, 0, 0, 0.14%, 8, 0, 7, 74.88
1734913806, 206, 36, 41, 0, 0, 0.14%, 8, 0, 7, 78.38
1734913826, 207, 12, 41, 0, 0, 0.14%, 8, 0, 7, 61.42
1734913862, 207, 33, 41, 0, 0, 0.14%, 8, 0, 7, 59.08
1734913902, 213, 21, 41, 0, 0, 0.14%, 8, 0, 7, 66.74
1734913938, 213, 34, 41, 0, 0, 0.14%, 8, 0, 7, 67.80
1734913968, 214, 28, 41, 0, 0, 0.14%, 8, 0, 7, 95.90
1734913999, 215, 25, 41, 0, 0, 0.14%, 8, 0, 7, 71.42
1734914039, 217, 13, 41, 0, 0, 0.14%, 8, 0, 7, 62.87
1734914044, 217, 18, 41, 0, 0, 0.14%, 8, 0, 7, 62.15
1734914050, 217, 36, 41, 0, 0, 0.14%, 8, 0, 7, 72.95
1734914080, 219, 34, 41, 0, 0, 0.14%, 8, 0, 7, 59.69
1734914121, 220, 13, 41, 0, 0, 0.14%, 8, 0, 7, 62.23
1734914131, 220, 20, 41, 0, 0, 0.14%, 8, 0, 7, 113.41
1734915124, 220, 21, 41, 0, 0, 0.14%, 8, 0, 7, 78.63
1734915155, 221, 18, 41, 0, 0, 0.14%, 8, 0, 7, 59.48
1734915165, 221, 28, 41, 0, 0, 0.14%, 8, 0, 7, 79.94
1734915195, 222, 12, 41, 0, 0, 0.14%, 8, 0, 7, 58.90
1734915236, 222, 19, 41, 0, 0, 0.14%, 8, 0, 7, 67.72
1734915266, 223, 27, 41, 0, 0, 0.14%, 8, 0, 7, 69.17
1734915296, 225, 28, 41, 0, 0, 0.14%, 8, 0, 7, 69.37
1734915332, 226, 30, 41, 0, 0, 0.14%, 8, 0, 7, 63.57
1734915367, 226, 38, 41, 0, 0, 0.14%, 8, 0, 7, 65.80
1734915444, 227, 18, 41, 0, 0, 0.14%, 8, 0, 7, 64.39
1734915459, 227, 30, 41, 0, 0, 0.14%, 8, 0, 7, 52.59
1734915495, 228, 14, 41, 0, 0, 0.14%, 8, 0, 7, 70.97
1734915500, 228, 30, 41, 0, 0, 0.14%, 8, 0, 7, 67.86
1734915535, 229, 12, 41, 0, 0, 0.14%, 8, 0, 7, 67.12
1734915571, 231, 23, 41, 0, 0, 0.14%, 8, 0, 7, 71.53
1734915586, 231, 28, 41, 0, 0, 0.14%, 8, 0, 7, 86.09
1734915617, 232, 10, 41, 0, 0, 0.14%, 8, 0, 7, 68.86
1734915622, 232, 35, 41, 0, 0, 0.14%, 8, 0, 7, 68.45
1734915627, 233, 21, 41, 0, 0, 0.14%, 8, 0, 7, 75.81
1734915657, 234, 30, 41, 0, 0, 0.14%, 8, 0, 7, 69.75
1734915698, 235, 21, 41, 0, 0, 0.14%, 8, 0, 7, 69.03
1734915734, 236, 36, 41, 0, 0, 0.14%, 8, 0, 7, 72.73
1734915769, 237, 35, 41, 0, 0, 0.14%, 8, 0, 7, 68.35
1734915779, 239, 23, 41, 0, 0, 0.14%, 8, 0, 7, 86.21
1734915810, 241, 12, 41, 0, 0, 0.14%, 8, 0, 7, 57.68
1734915845, 241, 23, 41, 0, 0, 0.14%, 8, 0, 7, 95.89
1734915875, 244, 28, 41, 0, 0, 0.14%, 8, 0, 7, 86.97
1734915906, 245, 18, 41, 0, 0, 0.14%, 8, 0, 7, 62.00
1734915942, 245, 30, 41, 0, 0, 0.14%, 8, 0, 7, 61.01
1734915977, 246, 11, 41, 0, 0, 0.14%, 8, 0, 7, 59.21
1734915982, 246, 21, 41, 0, 0, 0.14%, 8, 0, 7, 73.24
1734916018, 250, 26, 41, 0, 0, 0.14%, 8, 0, 7, 85.03
1734916033, 251, 30, 41, 0, 0, 0.14%, 8, 0, 7, 62.53
1734916074, 252, 17, 41, 0, 0, 0.14%, 8, 0, 7, 70.16
1734916110, 252, 36, 41, 0, 0, 0.14%, 8, 0, 7, 70.24
1734916145, 253, 14, 41, 0, 0, 0.14%, 8, 0, 7, 88.56
1734916156, 253, 20, 41, 0, 0, 0.14%, 8, 0, 7, 84.25
1734916166, 253, 38, 41, 0, 0, 0.14%, 8, 0, 7, 71.44
1734916171, 254, 17, 41, 0, 0, 0.14%, 8, 0, 7, 65.81
1734916202, 254, 28, 41, 0, 0, 0.14%, 8, 0, 7, 74.57
1734916207, 257, 30, 41, 0, 0, 0.14%, 8, 0, 7, 62.87
1734916247, 258, 36, 41, 0, 0, 0.14%, 8, 0, 7, 75.47
1734916283, 259, 21, 41, 0, 0, 0.14%, 8, 0, 7, 72.40
1734916314, 260, 20, 41, 0, 0, 0.14%, 8, 0, 7, 52.58
1734916339, 260, 36, 41, 0, 0, 0.14%, 8, 0, 7, 74.89
1734916375, 261, 19, 41, 0, 0, 0.14%, 8, 0, 7, 63.18
1734916410, 261, 38, 41, 0, 0, 0.14%, 8, 0, 7, 59.86
1734916426, 265, 14, 41, 0, 0, 0.14%, 8, 0, 7, 82.96
1734916446, 265, 23, 41, 0, 0, 0.14%, 8, 0, 7, 84.03
1734916477, 266, 10, 41, 0, 0, 0.14%, 8, 0, 7, 61.85
1734916487, 267, 25, 41, 0, 0, 0.14%, 8, 0, 7, 65.76
1734916518, 267, 35, 41, 0, 0, 0.14%, 8, 0, 7, 64.46
1734916538, 268, 17, 41, 0, 0, 0.14%, 8, 0, 7, 64.49
1734916569, 268, 34, 41, 0, 0, 0.14%, 8, 0, 7, 63.25
1734916579, 270, 13, 41, 0, 0, 0.14%, 8, 0, 7, 64.12
1734916599, 273, 26, 41, 0, 0, 0.14%, 8, 0, 7, 88.41
1734916630, 273, 34, 41, 0, 0, 0.14%, 8, 0, 7, 66.28
1734916640, 274, 17, 41, 0, 0, 0.14%, 8, 0, 7, 66.48
1734916675, 275, 23, 41, 0, 0, 0.14%, 8, 0, 7, 79.75
1734916706, 275, 27, 41, 0, 0, 0.14%, 8, 0, 7, 82.70
1734916741, 276, 10, 41, 0, 0, 0.14%, 8, 0, 7, 58.08
1734916757, 277, 18, 41, 0, 0, 0.14%, 8, 0, 7, 67.67
1734916787, 278, 13, 41, 0, 0, 0.14%, 8, 0, 7, 63.24
1734916818, 278, 34, 41, 0, 0, 0.14%, 8, 0, 7, 69.56
1734916828, 279, 13, 41, 0, 0, 0.14%, 8, 0, 7, 60.48
1734916864, 279, 18, 41, 0, 0, 0.14%, 8, 0, 7, 69.97
1734916899, 279, 34, 41, 0, 0, 0.14%, 8, 0, 7, 64.89
1734916904, 280, 20, 41, 0, 0, 0.14%, 8, 0, 7, 68.77
1734916940, 281, 15, 41, 0, 0, 0.14%, 8, 0, 7, 66.69
1734916975, 281, 18, 41, 0, 0, 0.14%, 8, 0, 7, 66.48
1734917016, 281, 24, 41, 0, 0, 0.14%, 8, 0, 7, 63.93
1734917051, 281, 26, 41, 0, 0, 0.14%, 8, 0, 7, 92.32
1734917082, 282, 25, 41, 0, 0, 0.14%, 8, 0, 7, 60.31
1734917118, 283, 26, 41, 0, 0, 0.14%, 8, 0, 7, 90.48
1734917149, 285, 10, 41, 0, 0, 0.14%, 8, 0, 7, 59.99
1734917169, 285, 11, 41, 0, 0, 0.14%, 8, 0, 7, 74.61
1734917174, 285, 14, 41, 0, 0, 0.14%, 8, 0, 7, 75.03
1734917209, 286, 35, 41, 0, 0, 0.14%, 8, 0, 7, 87.79
1734917245, 289, 34, 41, 0, 0, 0.14%, 8, 0, 7, 65.41
1734917250, 290, 27, 41, 0, 0, 0.14%, 8, 0, 7, 75.37
1734917285, 290, 28, 41, 0, 0, 0.14%, 8, 0, 7, 65.08
1734917290, 291, 24, 41, 0, 0, 0.14%, 8, 0, 7, 72.21
1734917326, 296, 19, 41, 0, 0, 0.14%, 8, 0, 7, 60.94
1734917356, 296, 34, 41, 0, 0, 0.14%, 8, 0, 7, 66.48
1734917366, 298, 10, 41, 0, 0, 0.14%, 8, 0, 7, 61.43
1734917407, 298, 26, 41, 0, 0, 0.14%, 8, 0, 7, 81.82
1734917438, 298, 28, 41, 0, 0, 0.14%, 8, 0, 7, 77.79
1734917443, 299, 25, 41, 0, 0, 0.14%, 8, 0, 7, 67.60
1734917478, 301, 24, 41, 0, 0, 0.14%, 8, 0, 7, 73.85
1734917509, 306, 26, 41, 0, 0, 0.14%, 8, 0, 7, 77.21
