# unix_time, cycles_done, cur_path, paths_total, pending_total, pending_favs, map_size, unique_crashes, unique_hangs, max_depth, execs_per_sec
1735147231, 0, 0, 10, 10, 1, 0.01%, 0, 0, 1, 35.96
1735147237, 0, 3, 10, 10, 1, 0.01%, 0, 0, 1, 37.03
1735147252, 1, 0, 10, 3, 0, 0.01%, 0, 0, 1, 45.09
1735147257, 1, 1, 10, 2, 0, 0.01%, 0, 0, 1, 46.48
1735147262, 1, 2, 10, 1, 0, 0.01%, 0, 0, 1, 44.22
1735147267, 1, 3, 10, 0, 0, 0.01%, 0, 0, 1, 45.67
1735147272, 1, 4, 10, 0, 0, 0.01%, 0, 0, 1, 43.76
1735147282, 1, 5, 10, 0, 0, 0.01%, 0, 0, 1, 46.56
1735147287, 1, 6, 10, 0, 0, 0.01%, 0, 0, 1, 45.70
1735147292, 1, 7, 10, 0, 0, 0.01%, 0, 0, 1, 45.81
1735147297, 1, 8, 10, 0, 0, 0.01%, 0, 0, 1, 45.90
1735147303, 1, 9, 10, 0, 0, 0.01%, 0, 0, 1, 43.68
1735147308, 2, 0, 10, 0, 0, 0.01%, 0, 0, 1, 44.38
1735147313, 2, 1, 10, 0, 0, 0.01%, 0, 0, 1, 44.85
1735147318, 2, 2, 10, 0, 0, 0.01%, 0, 0, 1, 46.85
1735147323, 2, 3, 10, 0, 0, 0.01%, 0, 0, 1, 45.95
1735147328, 2, 4, 10, 0, 0, 0.01%, 0, 0, 1, 46.03
1735147338, 2, 5, 10, 0, 0, 0.01%, 0, 0, 1, 46.00
1735147343, 2, 6, 10, 0, 0, 0.01%, 0, 0, 1, 45.22
1735147348, 2, 7, 10, 0, 0, 0.01%, 0, 0, 1, 45.54
1735147353, 2, 8, 10, 0, 0, 0.01%, 0, 0, 1, 45.58
1735147358, 2, 9, 10, 0, 0, 0.01%, 0, 0, 1, 48.61
1735147364, 3, 0, 10, 0, 0, 0.01%, 0, 0, 1, 45.13
1735147369, 3, 1, 10, 0, 0, 0.01%, 0, 0, 1, 44.61
1735147374, 3, 2, 10, 0, 0, 0.01%, 0, 0, 1, 45.44
1735147379, 3, 3, 10, 0, 0, 0.01%, 0, 0, 1, 44.91
1735147384, 3, 4, 10, 0, 0, 0.01%, 0, 0, 1, 45.89
1735147394, 3, 5, 10, 0, 0, 0.01%, 0, 0, 1, 43.91
1735147399, 3, 6, 10, 0, 0, 0.01%, 0, 0, 1, 45.59
1735147404, 3, 7, 10, 0, 0, 0.01%, 0, 0, 1, 47.49
1735147409, 3, 8, 10, 0, 0, 0.01%, 0, 0, 1, 45.24
1735147414, 3, 9, 10, 0, 0, 0.01%, 0, 0, 1, 44.88
1735147419, 4, 0, 10, 0, 0, 0.01%, 0, 0, 1, 43.15
1735147424, 4, 1, 10, 0, 0, 0.01%, 0, 0, 1, 44.92
1735147429, 4, 2, 10, 0, 0, 0.01%, 0, 0, 1, 44.81
1735147440, 4, 3, 10, 0, 0, 0.01%, 0, 0, 1, 45.55
1735147445, 4, 4, 10, 0, 0, 0.01%, 0, 0, 1, 45.16
1735147450, 4, 5, 10, 0, 0, 0.01%, 0, 0, 1, 46.75
1735147455, 4, 6, 10, 0, 0, 0.01%, 0, 0, 1, 46.86
1735147460, 4, 7, 10, 0, 0, 0.01%, 0, 0, 1, 44.48
1735147465, 4, 8, 10, 0, 0, 0.01%, 0, 0, 1, 45.60
1735147470, 4, 9, 10, 0, 0, 0.01%, 0, 0, 1, 44.28
1735147475, 5, 0, 10, 0, 0, 0.01%, 0, 0, 1, 47.48
1735147480, 5, 1, 10, 0, 0, 0.01%, 0, 0, 1, 46.38
1735147485, 5, 2, 10, 0, 0, 0.01%, 0, 0, 1, 45.51
1735147495, 5, 3, 10, 0, 0, 0.01%, 0, 0, 1, 46.57
1735147501, 5, 4, 10, 0, 0, 0.01%, 0, 0, 1, 46.68
1735147506, 5, 5, 10, 0, 0, 0.01%, 0, 0, 1, 45.43
1735147511, 5, 6, 10, 0, 0, 0.01%, 0, 0, 1, 44.82
1735147516, 5, 7, 10, 0, 0, 0.01%, 0, 0, 1, 44.96
1735147521, 5, 8, 10, 0, 0, 0.01%, 0, 0, 1, 45.86
1735147526, 5, 9, 10, 0, 0, 0.01%, 0, 0, 1, 46.11
1735147531, 6, 0, 10, 0, 0, 0.01%, 0, 0, 1, 45.06
1735147536, 6, 1, 10, 0, 0, 0.01%, 0, 0, 1, 44.97
1735147546, 6, 2, 10, 0, 0, 0.01%, 0, 0, 1, 46.82
1735147551, 6, 3, 10, 0, 0, 0.01%, 0, 0, 1, 45.04
1735147556, 6, 4, 10, 0, 0, 0.01%, 0, 0, 1, 46.07
1735147561, 6, 5, 10, 0, 0, 0.01%, 0, 0, 1, 44.12
1735147567, 6, 6, 10, 0, 0, 0.01%, 0, 0, 1, 45.35
1735147572, 6, 7, 10, 0, 0, 0.01%, 0, 0, 1, 45.75
1735147577, 6, 8, 10, 0, 0, 0.01%, 0, 0, 1, 47.70
1735147582, 6, 9, 10, 0, 0, 0.01%, 0, 0, 1, 46.72
1735147587, 7, 0, 10, 0, 0, 0.01%, 0, 0, 1, 48.72
1735147592, 7, 1, 10, 0, 0, 0.01%, 0, 0, 1, 46.20
1735147597, 7, 2, 10, 0, 0, 0.01%, 0, 0, 1, 46.73
1735147607, 7, 3, 10, 0, 0, 0.01%, 0, 0, 1, 44.68
1735147612, 7, 4, 10, 0, 0, 0.01%, 0, 0, 1, 44.57
1735147617, 7, 5, 10, 0, 0, 0.01%, 0, 0, 1, 45.16
1735147623, 7, 6, 10, 0, 0, 0.01%, 0, 0, 1, 45.61
1735147628, 7, 7, 10, 0, 0, 0.01%, 0, 0, 1, 45.36
1735147633, 7, 8, 10, 0, 0, 0.01%, 0, 0, 1, 45.64
1735147638, 7, 9, 10, 0, 0, 0.01%, 0, 0, 1, 45.72
1735147643, 8, 0, 10, 0, 0, 0.01%, 0, 0, 1, 44.12
1735147648, 8, 1, 10, 0, 0, 0.01%, 0, 0, 1, 47.49
1735147653, 8, 2, 10, 0, 0, 0.01%, 0, 0, 1, 47.22
1735147663, 8, 3, 10, 0, 0, 0.01%, 0, 0, 1, 44.81
1735147668, 8, 4, 10, 0, 0, 0.01%, 0, 0, 1, 45.47
1735147673, 8, 5, 10, 0, 0, 0.01%, 0, 0, 1, 44.16
1735147678, 8, 6, 10, 0, 0, 0.01%, 0, 0, 1, 44.57
1735147683, 8, 7, 10, 0, 0, 0.01%, 0, 0, 1, 45.30
1735147688, 8, 8, 10, 0, 0, 0.01%, 0, 0, 1, 46.59
1735147693, 8, 9, 10, 0, 0, 0.01%, 0, 0, 1, 47.27
1735147698, 9, 0, 10, 0, 0, 0.01%, 0, 0, 1, 46.39
1735147704, 9, 1, 10, 0, 0, 0.01%, 0, 0, 1, 45.12
1735147709, 9, 2, 10, 0, 0, 0.01%, 0, 0, 1, 46.49
1735147719, 9, 3, 10, 0, 0, 0.01%, 0, 0, 1, 46.47
1735147724, 9, 4, 10, 0, 0, 0.01%, 0, 0, 1, 45.19
1735147729, 9, 5, 10, 0, 0, 0.01%, 0, 0, 1, 43.78
1735147734, 9, 6, 10, 0, 0, 0.01%, 0, 0, 1, 48.62
1735147739, 9, 7, 10, 0, 0, 0.01%, 0, 0, 1, 45.68
1735147744, 9, 8, 10, 0, 0, 0.01%, 0, 0, 1, 45.20
1735147749, 9, 9, 10, 0, 0, 0.01%, 0, 0, 1, 44.46
1735147754, 10, 0, 10, 0, 0, 0.01%, 0, 0, 1, 47.45
1735147759, 10, 1, 10, 0, 0, 0.01%, 0, 0, 1, 44.66
1735147765, 10, 2, 10, 0, 0, 0.01%, 0, 0, 1, 46.36
1735147770, 10, 3, 10, 0, 0, 0.01%, 0, 0, 1, 45.86
1735147780, 10, 4, 10, 0, 0, 0.01%, 0, 0, 1, 44.62
1735147785, 10, 5, 10, 0, 0, 0.01%, 0, 0, 1, 46.32
1735147790, 10, 6, 10, 0, 0, 0.01%, 0, 0, 1, 45.47
1735147795, 10, 7, 10, 0, 0, 0.01%, 0, 0, 1, 46.30
1735147800, 10, 8, 10, 0, 0, 0.01%, 0, 0, 1, 44.78
1735147805, 10, 9, 10, 0, 0, 0.01%, 0, 0, 1, 46.47
1735147810, 11, 0, 10, 0, 0, 0.01%, 0, 0, 1, 45.73
1735147815, 11, 1, 10, 0, 0, 0.01%, 0, 0, 1, 45.46
1735147820, 11, 2, 10, 0, 0, 0.01%, 0, 0, 1, 46.85
1735147831, 11, 3, 10, 0, 0, 0.01%, 0, 0, 1, 45.05
1735147836, 11, 4, 10, 0, 0, 0.01%, 0, 0, 1, 45.30
1735147841, 11, 5, 10, 0, 0, 0.01%, 0, 0, 1, 47.21
1735147846, 11, 6, 10, 0, 0, 0.01%, 0, 0, 1, 46.39
1735147851, 11, 7, 10, 0, 0, 0.01%, 0, 0, 1, 47.11
1735147856, 11, 8, 10, 0, 0, 0.01%, 0, 0, 1, 46.70
1735147861, 11, 9, 10, 0, 0, 0.01%, 0, 0, 1, 50.68
1735147866, 12, 0, 10, 0, 0, 0.01%, 0, 0, 1, 47.53
1735147871, 12, 1, 10, 0, 0, 0.01%, 0, 0, 1, 45.90
1735147876, 12, 2, 10, 0, 0, 0.01%, 0, 0, 1, 47.01
1735147881, 12, 3, 10, 0, 0, 0.01%, 0, 0, 1, 48.32
1735147886, 12, 4, 10, 0, 0, 0.01%, 0, 0, 1, 48.54
1735147891, 12, 5, 10, 0, 0, 0.01%, 0, 0, 1, 46.96
1735147897, 12, 6, 10, 0, 0, 0.01%, 0, 0, 1, 47.96
1735147902, 12, 7, 10, 0, 0, 0.01%, 0, 0, 1, 52.04
1735147912, 12, 8, 10, 0, 0, 0.01%, 0, 0, 1, 47.83
1735147917, 12, 9, 10, 0, 0, 0.01%, 0, 0, 1, 47.65
1735147922, 13, 0, 10, 0, 0, 0.01%, 0, 0, 1, 47.45
1735147927, 13, 1, 10, 0, 0, 0.01%, 0, 0, 1, 47.95
1735147932, 13, 2, 10, 0, 0, 0.01%, 0, 0, 1, 48.57
1735147937, 13, 3, 10, 0, 0, 0.01%, 0, 0, 1, 46.94
1735147942, 13, 4, 10, 0, 0, 0.01%, 0, 0, 1, 48.32
1735147947, 13, 5, 10, 0, 0, 0.01%, 0, 0, 1, 47.15
1735147952, 13, 6, 10, 0, 0, 0.01%, 0, 0, 1, 47.04
1735147957, 13, 7, 10, 0, 0, 0.01%, 0, 0, 1, 46.16
1735147963, 13, 8, 10, 0, 0, 0.01%, 0, 0, 1, 46.59
1735147968, 13, 9, 10, 0, 0, 0.01%, 0, 0, 1, 48.08
1735147973, 14, 0, 10, 0, 0, 0.01%, 0, 0, 1, 48.96
1735147978, 14, 1, 10, 0, 0, 0.01%, 0, 0, 1, 49.05
1735147983, 14, 2, 10, 0, 0, 0.01%, 0, 0, 1, 48.06
1735147988, 14, 3, 10, 0, 0, 0.01%, 0, 0, 1, 47.26
1735147993, 14, 4, 10, 0, 0, 0.01%, 0, 0, 1, 48.20
1735147998, 14, 5, 10, 0, 0, 0.01%, 0, 0, 1, 48.69
1735148008, 14, 6, 10, 0, 0, 0.01%, 0, 0, 1, 49.72
1735148013, 14, 7, 10, 0, 0, 0.01%, 0, 0, 1, 49.56
1735148018, 14, 8, 10, 0, 0, 0.01%, 0, 0, 1, 47.65
1735148023, 14, 9, 10, 0, 0, 0.01%, 0, 0, 1, 46.73
1735148028, 15, 0, 10, 0, 0, 0.01%, 0, 0, 1, 48.51
1735148033, 15, 1, 10, 0, 0, 0.01%, 0, 0, 1, 44.49
1735148038, 15, 2, 10, 0, 0, 0.01%, 0, 0, 1, 50.92
1735148043, 15, 3, 10, 0, 0, 0.01%, 0, 0, 1, 46.66
1735148049, 15, 4, 10, 0, 0, 0.01%, 0, 0, 1, 43.06
1735148069, 15, 5, 10, 0, 0, 0.01%, 0, 0, 1, 43.81
1735148090, 15, 6, 10, 0, 0, 0.01%, 0, 0, 1, 41.96
1735148110, 15, 7, 10, 0, 0, 0.01%, 0, 0, 1, 40.82
1735148130, 15, 8, 10, 0, 0, 0.01%, 0, 0, 1, 40.65
1735148150, 15, 9, 10, 0, 0, 0.01%, 0, 0, 1, 40.47
1735148171, 16, 0, 10, 0, 0, 0.01%, 0, 0, 1, 41.62
1735148191, 16, 1, 10, 0, 0, 0.01%, 0, 0, 1, 40.64
1735148211, 16, 2, 10, 0, 0, 0.01%, 0, 0, 1, 50.41
1735148216, 16, 3, 10, 0, 0, 0.01%, 0, 0, 1, 49.12
1735148221, 16, 4, 10, 0, 0, 0.01%, 0, 0, 1, 47.57
1735148226, 16, 5, 10, 0, 0, 0.01%, 0, 0, 1, 49.23
1735148232, 16, 6, 10, 0, 0, 0.01%, 0, 0, 1, 51.71
1735148237, 16, 7, 10, 0, 0, 0.01%, 0, 0, 1, 48.22
1735148242, 16, 8, 10, 0, 0, 0.01%, 0, 0, 1, 47.85
1735148247, 16, 9, 10, 0, 0, 0.01%, 0, 0, 1, 48.02
1735148252, 17, 0, 10, 0, 0, 0.01%, 0, 0, 1, 50.64
1735148257, 17, 1, 10, 0, 0, 0.01%, 0, 0, 1, 50.81
1735148262, 17, 2, 10, 0, 0, 0.01%, 0, 0, 1, 46.75
1735148267, 17, 3, 10, 0, 0, 0.01%, 0, 0, 1, 47.27
1735148272, 17, 4, 10, 0, 0, 0.01%, 0, 0, 1, 46.88
1735148277, 17, 5, 10, 0, 0, 0.01%, 0, 0, 1, 46.27
1735148282, 17, 6, 10, 0, 0, 0.01%, 0, 0, 1, 47.23
1735148287, 17, 7, 10, 0, 0, 0.01%, 0, 0, 1, 46.88
1735148292, 17, 8, 10, 0, 0, 0.01%, 0, 0, 1, 47.66
1735148298, 17, 9, 10, 0, 0, 0.01%, 0, 0, 1, 46.70
1735148303, 18, 0, 10, 0, 0, 0.01%, 0, 0, 1, 45.72
1735148313, 18, 1, 10, 0, 0, 0.01%, 0, 0, 1, 45.14
1735148318, 18, 2, 10, 0, 0, 0.01%, 0, 0, 1, 47.27
1735148323, 18, 3, 10, 0, 0, 0.01%, 0, 0, 1, 48.47
1735148328, 18, 4, 10, 0, 0, 0.01%, 0, 0, 1, 49.59
1735148333, 18, 5, 10, 0, 0, 0.01%, 0, 0, 1, 48.48
1735148338, 18, 6, 10, 0, 0, 0.01%, 0, 0, 1, 49.57
1735148343, 18, 7, 10, 0, 0, 0.01%, 0, 0, 1, 46.55
1735148348, 18, 8, 10, 0, 0, 0.01%, 0, 0, 1, 46.24
1735148353, 18, 9, 10, 0, 0, 0.01%, 0, 0, 1, 47.34
1735148358, 19, 0, 10, 0, 0, 0.01%, 0, 0, 1, 48.49
1735148363, 19, 1, 10, 0, 0, 0.01%, 0, 0, 1, 48.35
1735148368, 19, 2, 10, 0, 0, 0.01%, 0, 0, 1, 48.21
1735148373, 19, 3, 10, 0, 0, 0.01%, 0, 0, 1, 47.77
1735148378, 19, 4, 10, 0, 0, 0.01%, 0, 0, 1, 47.21
1735148383, 19, 5, 10, 0, 0, 0.01%, 0, 0, 1, 46.54
1735148388, 19, 6, 10, 0, 0, 0.01%, 0, 0, 1, 49.60
1735148394, 19, 7, 10, 0, 0, 0.01%, 0, 0, 1, 48.42
1735148404, 19, 8, 10, 0, 0, 0.01%, 0, 0, 1, 46.82
1735148409, 19, 9, 10, 0, 0, 0.01%, 0, 0, 1, 50.65
1735148414, 20, 0, 10, 0, 0, 0.01%, 0, 0, 1, 48.13
1735148419, 20, 1, 10, 0, 0, 0.01%, 0, 0, 1, 49.01
1735148424, 20, 2, 10, 0, 0, 0.01%, 0, 0, 1, 47.41
1735148429, 20, 3, 10, 0, 0, 0.01%, 0, 0, 1, 47.83
1735148434, 20, 4, 10, 0, 0, 0.01%, 0, 0, 1, 48.16
1735148439, 20, 5, 10, 0, 0, 0.01%, 0, 0, 1, 47.83
1735148444, 20, 6, 10, 0, 0, 0.01%, 0, 0, 1, 47.02
1735148449, 20, 7, 10, 0, 0, 0.01%, 0, 0, 1, 49.45
1735148454, 20, 8, 10, 0, 0, 0.01%, 0, 0, 1, 47.15
1735148460, 20, 9, 10, 0, 0, 0.01%, 0, 0, 1, 47.63
1735148465, 21, 0, 10, 0, 0, 0.01%, 0, 0, 1, 47.55
1735148470, 21, 1, 10, 0, 0, 0.01%, 0, 0, 1, 47.92
1735148475, 21, 2, 10, 0, 0, 0.01%, 0, 0, 1, 51.08
1735148480, 21, 3, 10, 0, 0, 0.01%, 0, 0, 1, 48.30
1735148485, 21, 4, 10, 0, 0, 0.01%, 0, 0, 1, 48.03
1735148490, 21, 5, 10, 0, 0, 0.01%, 0, 0, 1, 47.55
1735148495, 21, 6, 10, 0, 0, 0.01%, 0, 0, 1, 47.54
1735148500, 21, 7, 10, 0, 0, 0.01%, 0, 0, 1, 47.13
1735148505, 21, 8, 10, 0, 0, 0.01%, 0, 0, 1, 47.30
1735148515, 21, 9, 10, 0, 0, 0.01%, 0, 0, 1, 47.62
1735148520, 22, 0, 10, 0, 0, 0.01%, 0, 0, 1, 45.18
1735148525, 22, 1, 10, 0, 0, 0.01%, 0, 0, 1, 48.46
1735148531, 22, 2, 10, 0, 0, 0.01%, 0, 0, 1, 48.05
1735148536, 22, 3, 10, 0, 0, 0.01%, 0, 0, 1, 47.99
1735148541, 22, 4, 10, 0, 0, 0.01%, 0, 0, 1, 47.97
1735148546, 22, 5, 10, 0, 0, 0.01%, 0, 0, 1, 48.67
1735148551, 22, 6, 10, 0, 0, 0.01%, 0, 0, 1, 48.53
1735148556, 22, 7, 10, 0, 0, 0.01%, 0, 0, 1, 48.29
1735148561, 22, 8, 10, 0, 0, 0.01%, 0, 0, 1, 49.96
1735148566, 22, 9, 10, 0, 0, 0.01%, 0, 0, 1, 46.63
1735148571, 23, 0, 10, 0, 0, 0.01%, 0, 0, 1, 49.22
1735148576, 23, 1, 10, 0, 0, 0.01%, 0, 0, 1, 48.68
1735148581, 23, 2, 10, 0, 0, 0.01%, 0, 0, 1, 48.73
1735148586, 23, 3, 10, 0, 0, 0.01%, 0, 0, 1, 49.08
1735148591, 23, 4, 10, 0, 0, 0.01%, 0, 0, 1, 50.33
1735148596, 23, 5, 10, 0, 0, 0.01%, 0, 0, 1, 47.72
1735148602, 23, 6, 10, 0, 0, 0.01%, 0, 0, 1, 46.91
1735148607, 23, 7, 10, 0, 0, 0.01%, 0, 0, 1, 48.41
1735148612, 23, 8, 10, 0, 0, 0.01%, 0, 0, 1, 48.00
1735148622, 23, 9, 10, 0, 0, 0.01%, 0, 0, 1, 47.12
1735148627, 24, 0, 10, 0, 0, 0.01%, 0, 0, 1, 47.63
1735148632, 24, 1, 10, 0, 0, 0.01%, 0, 0, 1, 46.56
1735148637, 24, 2, 10, 0, 0, 0.01%, 0, 0, 1, 46.69
1735148642, 24, 3, 10, 0, 0, 0.01%, 0, 0, 1, 49.23
1735148647, 24, 4, 10, 0, 0, 0.01%, 0, 0, 1, 46.71
1735148652, 24, 5, 10, 0, 0, 0.01%, 0, 0, 1, 48.17
1735148657, 24, 6, 10, 0, 0, 0.01%, 0, 0, 1, 46.61
1735148662, 24, 7, 10, 0, 0, 0.01%, 0, 0, 1, 48.64
1735148667, 24, 8, 10, 0, 0, 0.01%, 0, 0, 1, 47.67
1735148672, 24, 9, 10, 0, 0, 0.01%, 0, 0, 1, 48.45
1735148677, 25, 0, 10, 0, 0, 0.01%, 0, 0, 1, 48.49
1735148683, 25, 1, 10, 0, 0, 0.01%, 0, 0, 1, 47.38
1735148688, 25, 2, 10, 0, 0, 0.01%, 0, 0, 1, 50.75
1735148693, 25, 3, 10, 0, 0, 0.01%, 0, 0, 1, 48.25
1735148698, 25, 4, 10, 0, 0, 0.01%, 0, 0, 1, 49.34
1735148703, 25, 5, 10, 0, 0, 0.01%, 0, 0, 1, 48.15
1735148708, 25, 6, 10, 0, 0, 0.01%, 0, 0, 1, 47.59
1735148718, 25, 7, 10, 0, 0, 0.01%, 0, 0, 1, 48.44
1735148723, 25, 8, 10, 0, 0, 0.01%, 0, 0, 1, 48.69
1735148728, 25, 9, 10, 0, 0, 0.01%, 0, 0, 1, 45.68
1735148733, 26, 0, 10, 0, 0, 0.01%, 0, 0, 1, 46.93
1735148738, 26, 1, 10, 0, 0, 0.01%, 0, 0, 1, 46.21
1735148743, 26, 2, 10, 0, 0, 0.01%, 0, 0, 1, 46.56
1735148748, 26, 3, 10, 0, 0, 0.01%, 0, 0, 1, 46.74
1735148754, 26, 4, 10, 0, 0, 0.01%, 0, 0, 1, 44.84
1735148759, 26, 5, 10, 0, 0, 0.01%, 0, 0, 1, 46.82
1735148764, 26, 6, 10, 0, 0, 0.01%, 0, 0, 1, 47.67
1735148769, 26, 7, 10, 0, 0, 0.01%, 0, 0, 1, 48.15
1735148774, 26, 8, 10, 0, 0, 0.01%, 0, 0, 1, 46.98
1735148779, 26, 9, 10, 0, 0, 0.01%, 0, 0, 1, 49.05
1735148784, 27, 0, 10, 0, 0, 0.01%, 0, 0, 1, 46.24
1735148789, 27, 1, 10, 0, 0, 0.01%, 0, 0, 1, 49.05
1735148799, 27, 2, 10, 0, 0, 0.01%, 0, 0, 1, 46.01
1735148804, 27, 3, 10, 0, 0, 0.01%, 0, 0, 1, 46.94
1735148809, 27, 4, 10, 0, 0, 0.01%, 0, 0, 1, 47.59
1735148814, 27, 5, 10, 0, 0, 0.01%, 0, 0, 1, 46.44
1735148820, 27, 6, 10, 0, 0, 0.01%, 0, 0, 1, 48.37
1735148825, 27, 7, 10, 0, 0, 0.01%, 0, 0, 1, 47.35
1735148830, 27, 8, 10, 0, 0, 0.01%, 0, 0, 1, 47.23
1735148835, 27, 9, 10, 0, 0, 0.01%, 0, 0, 1, 46.95
1735148840, 28, 0, 10, 0, 0, 0.01%, 0, 0, 1, 47.22
1735148845, 28, 1, 10, 0, 0, 0.01%, 0, 0, 1, 47.05
1735148850, 28, 2, 10, 0, 0, 0.01%, 0, 0, 1, 48.39
1735148855, 28, 3, 10, 0, 0, 0.01%, 0, 0, 1, 47.36
1735148860, 28, 4, 10, 0, 0, 0.01%, 0, 0, 1, 47.23
1735148865, 28, 5, 10, 0, 0, 0.01%, 0, 0, 1, 47.04
1735148870, 28, 6, 10, 0, 0, 0.01%, 0, 0, 1, 46.68
1735148875, 28, 7, 10, 0, 0, 0.01%, 0, 0, 1, 49.65
1735148880, 28, 8, 10, 0, 0, 0.01%, 0, 0, 1, 49.06
1735148891, 28, 9, 10, 0, 0, 0.01%, 0, 0, 1, 46.60
1735148896, 29, 0, 10, 0, 0, 0.01%, 0, 0, 1, 49.65
1735148901, 29, 1, 10, 0, 0, 0.01%, 0, 0, 1, 47.34
1735148906, 29, 2, 10, 0, 0, 0.01%, 0, 0, 1, 49.53
1735148911, 29, 3, 10, 0, 0, 0.01%, 0, 0, 1, 47.91
1735148916, 29, 4, 10, 0, 0, 0.01%, 0, 0, 1, 46.62
1735148921, 29, 5, 10, 0, 0, 0.01%, 0, 0, 1, 47.39
1735148926, 29, 6, 10, 0, 0, 0.01%, 0, 0, 1, 48.44
1735148931, 29, 7, 10, 0, 0, 0.01%, 0, 0, 1, 49.50
1735148936, 29, 8, 10, 0, 0, 0.01%, 0, 0, 1, 47.01
1735148941, 29, 9, 10, 0, 0, 0.01%, 0, 0, 1, 49.59
1735148946, 30, 0, 10, 0, 0, 0.01%, 0, 0, 1, 47.07
1735148952, 30, 1, 10, 0, 0, 0.01%, 0, 0, 1, 47.91
1735148957, 30, 2, 10, 0, 0, 0.01%, 0, 0, 1, 45.62
1735148962, 30, 3, 10, 0, 0, 0.01%, 0, 0, 1, 48.39
1735148967, 30, 4, 10, 0, 0, 0.01%, 0, 0, 1, 45.73
1735148972, 30, 5, 10, 0, 0, 0.01%, 0, 0, 1, 48.49
1735148982, 30, 6, 10, 0, 0, 0.01%, 0, 0, 1, 48.50
1735148987, 30, 7, 10, 0, 0, 0.01%, 0, 0, 1, 47.33
1735148992, 30, 8, 10, 0, 0, 0.01%, 0, 0, 1, 50.55
1735148997, 30, 9, 10, 0, 0, 0.01%, 0, 0, 1, 48.93
1735149002, 31, 0, 10, 0, 0, 0.01%, 0, 0, 1, 50.71
1735149007, 31, 1, 10, 0, 0, 0.01%, 0, 0, 1, 48.08
1735149012, 31, 2, 10, 0, 0, 0.01%, 0, 0, 1, 47.76
1735149017, 31, 3, 10, 0, 0, 0.01%, 0, 0, 1, 48.96
1735149022, 31, 4, 10, 0, 0, 0.01%, 0, 0, 1, 48.25
1735149028, 31, 5, 10, 0, 0, 0.01%, 0, 0, 1, 47.52
1735149033, 31, 6, 10, 0, 0, 0.01%, 0, 0, 1, 50.77
1735149038, 31, 7, 10, 0, 0, 0.01%, 0, 0, 1, 46.61
1735149043, 31, 8, 10, 0, 0, 0.01%, 0, 0, 1, 46.41
1735149048, 31, 9, 10, 0, 0, 0.01%, 0, 0, 1, 46.21
1735149053, 32, 0, 10, 0, 0, 0.01%, 0, 0, 1, 47.88
1735149058, 32, 1, 10, 0, 0, 0.01%, 0, 0, 1, 46.75
1735149063, 32, 2, 10, 0, 0, 0.01%, 0, 0, 1, 47.97
1735149068, 32, 3, 10, 0, 0, 0.01%, 0, 0, 1, 46.13
1735149073, 32, 4, 10, 0, 0, 0.01%, 0, 0, 1, 47.20
1735149083, 32, 5, 10, 0, 0, 0.01%, 0, 0, 1, 48.90
1735149088, 32, 6, 10, 0, 0, 0.01%, 0, 0, 1, 47.82
1735149093, 32, 7, 10, 0, 0, 0.01%, 0, 0, 1, 47.86
1735149098, 32, 8, 10, 0, 0, 0.01%, 0, 0, 1, 49.62
1735149103, 32, 9, 10, 0, 0, 0.01%, 0, 0, 1, 47.99
1735149109, 33, 0, 10, 0, 0, 0.01%, 0, 0, 1, 49.20
1735149114, 33, 1, 10, 0, 0, 0.01%, 0, 0, 1, 49.39
1735149119, 33, 2, 10, 0, 0, 0.01%, 0, 0, 1, 47.46
1735149124, 33, 3, 10, 0, 0, 0.01%, 0, 0, 1, 47.03
1735149129, 33, 4, 10, 0, 0, 0.01%, 0, 0, 1, 47.32
1735149134, 33, 5, 10, 0, 0, 0.01%, 0, 0, 1, 48.01
1735149139, 33, 6, 10, 0, 0, 0.01%, 0, 0, 1, 48.05
1735149144, 33, 7, 10, 0, 0, 0.01%, 0, 0, 1, 47.96
1735149149, 33, 8, 10, 0, 0, 0.01%, 0, 0, 1, 46.02
1735149154, 33, 9, 10, 0, 0, 0.01%, 0, 0, 1, 47.02
1735149159, 34, 0, 10, 0, 0, 0.01%, 0, 0, 1, 46.64
1735149164, 34, 1, 10, 0, 0, 0.01%, 0, 0, 1, 50.65
1735149169, 34, 2, 10, 0, 0, 0.01%, 0, 0, 1, 49.14
1735149174, 34, 3, 10, 0, 0, 0.01%, 0, 0, 1, 51.34
1735149180, 34, 4, 10, 0, 0, 0.01%, 0, 0, 1, 46.07
1735149190, 34, 5, 10, 0, 0, 0.01%, 0, 0, 1, 44.98
1735149195, 34, 6, 10, 0, 0, 0.01%, 0, 0, 1, 49.01
1735149200, 34, 7, 10, 0, 0, 0.01%, 0, 0, 1, 46.78
1735149205, 34, 8, 10, 0, 0, 0.01%, 0, 0, 1, 46.72
1735149210, 34, 9, 10, 0, 0, 0.01%, 0, 0, 1, 46.79
1735149215, 35, 0, 10, 0, 0, 0.01%, 0, 0, 1, 47.31
1735149220, 35, 1, 10, 0, 0, 0.01%, 0, 0, 1, 48.59
1735149225, 35, 2, 10, 0, 0, 0.01%, 0, 0, 1, 49.09
1735149230, 35, 3, 10, 0, 0, 0.01%, 0, 0, 1, 48.11
1735149235, 35, 4, 10, 0, 0, 0.01%, 0, 0, 1, 48.84
1735149241, 35, 5, 10, 0, 0, 0.01%, 0, 0, 1, 48.27
1735149246, 35, 6, 10, 0, 0, 0.01%, 0, 0, 1, 47.89
1735149251, 35, 7, 10, 0, 0, 0.01%, 0, 0, 1, 46.83
1735149256, 35, 8, 10, 0, 0, 0.01%, 0, 0, 1, 48.76
1735149261, 35, 9, 10, 0, 0, 0.01%, 0, 0, 1, 48.02
1735149266, 36, 0, 10, 0, 0, 0.01%, 0, 0, 1, 48.68
1735149271, 36, 1, 10, 0, 0, 0.01%, 0, 0, 1, 47.61
1735149281, 36, 2, 10, 0, 0, 0.01%, 0, 0, 1, 46.53
1735149286, 36, 3, 10, 0, 0, 0.01%, 0, 0, 1, 48.64
1735149291, 36, 4, 10, 0, 0, 0.01%, 0, 0, 1, 47.45
1735149296, 36, 5, 10, 0, 0, 0.01%, 0, 0, 1, 46.26
1735149301, 36, 6, 10, 0, 0, 0.01%, 0, 0, 1, 45.59
1735149307, 36, 7, 10, 0, 0, 0.01%, 0, 0, 1, 48.88
1735149312, 36, 8, 10, 0, 0, 0.01%, 0, 0, 1, 48.80
1735149317, 36, 9, 10, 0, 0, 0.01%, 0, 0, 1, 45.66
1735149322, 37, 0, 10, 0, 0, 0.01%, 0, 0, 1, 50.50
1735149327, 37, 1, 10, 0, 0, 0.01%, 0, 0, 1, 46.58
1735149332, 37, 2, 10, 0, 0, 0.01%, 0, 0, 1, 48.02
1735149337, 37, 3, 10, 0, 0, 0.01%, 0, 0, 1, 48.25
1735149342, 37, 4, 10, 0, 0, 0.01%, 0, 0, 1, 52.31
1735149347, 37, 5, 10, 0, 0, 0.01%, 0, 0, 1, 48.99
1735149352, 37, 6, 10, 0, 0, 0.01%, 0, 0, 1, 47.42
1735149357, 37, 7, 10, 0, 0, 0.01%, 0, 0, 1, 47.92
1735149362, 37, 8, 10, 0, 0, 0.01%, 0, 0, 1, 46.98
1735149372, 37, 9, 10, 0, 0, 0.01%, 0, 0, 1, 46.68
1735149378, 38, 0, 10, 0, 0, 0.01%, 0, 0, 1, 51.41
1735149383, 38, 1, 10, 0, 0, 0.01%, 0, 0, 1, 46.80
1735149388, 38, 2, 10, 0, 0, 0.01%, 0, 0, 1, 47.62
1735149393, 38, 3, 10, 0, 0, 0.01%, 0, 0, 1, 45.33
1735149398, 38, 4, 10, 0, 0, 0.01%, 0, 0, 1, 45.88
1735149403, 38, 5, 10, 0, 0, 0.01%, 0, 0, 1, 48.69
1735149408, 38, 6, 10, 0, 0, 0.01%, 0, 0, 1, 47.37
1735149413, 38, 7, 10, 0, 0, 0.01%, 0, 0, 1, 47.59
1735149418, 38, 8, 10, 0, 0, 0.01%, 0, 0, 1, 45.89
1735149423, 38, 9, 10, 0, 0, 0.01%, 0, 0, 1, 46.60
1735149428, 39, 0, 10, 0, 0, 0.01%, 0, 0, 1, 46.80
1735149433, 39, 1, 10, 0, 0, 0.01%, 0, 0, 1, 47.72
1735149438, 39, 2, 10, 0, 0, 0.01%, 0, 0, 1, 46.65
1735149443, 39, 3, 10, 0, 0, 0.01%, 0, 0, 1, 48.24
1735149448, 39, 4, 10, 0, 0, 0.01%, 0, 0, 1, 47.60
1735149459, 39, 5, 10, 0, 0, 0.01%, 0, 0, 1, 48.71
1735149464, 39, 6, 10, 0, 0, 0.01%, 0, 0, 1, 49.04
1735149469, 39, 7, 10, 0, 0, 0.01%, 0, 0, 1, 47.54
1735149474, 39, 8, 10, 0, 0, 0.01%, 0, 0, 1, 49.67
1735149479, 39, 9, 10, 0, 0, 0.01%, 0, 0, 1, 48.60
1735149484, 40, 0, 10, 0, 0, 0.01%, 0, 0, 1, 48.12
1735149489, 40, 1, 10, 0, 0, 0.01%, 0, 0, 1, 48.57
1735149494, 40, 2, 10, 0, 0, 0.01%, 0, 0, 1, 47.82
1735149499, 40, 3, 10, 0, 0, 0.01%, 0, 0, 1, 45.94
1735149504, 40, 4, 10, 0, 0, 0.01%, 0, 0, 1, 46.05
1735149509, 40, 5, 10, 0, 0, 0.01%, 0, 0, 1, 48.95
1735149514, 40, 6, 10, 0, 0, 0.01%, 0, 0, 1, 46.90
1735149519, 40, 7, 10, 0, 0, 0.01%, 0, 0, 1, 48.96
1735149524, 40, 8, 10, 0, 0, 0.01%, 0, 0, 1, 46.31
1735149529, 40, 9, 10, 0, 0, 0.01%, 0, 0, 1, 47.27
1735149535, 41, 0, 10, 0, 0, 0.01%, 0, 0, 1, 45.99
1735149540, 41, 1, 10, 0, 0, 0.01%, 0, 0, 1, 48.33
1735149550, 41, 2, 10, 0, 0, 0.01%, 0, 0, 1, 48.06
1735149555, 41, 3, 11, 1, 0, 0.14%, 1, 0, 2, 48.07
1735149560, 41, 10, 13, 3, 1, 0.14%, 3, 0, 3, 70.38
1735149636, 41, 12, 13, 1, 1, 0.14%, 3, 0, 3, 70.64
1735149727, 44, 11, 13, 0, 0, 0.14%, 3, 0, 3, 53.98
1735149799, 44, 12, 13, 0, 0, 0.14%, 3, 0, 3, 54.79
1735149844, 45, 11, 13, 0, 0, 0.14%, 3, 0, 3, 54.11
1735149870, 45, 12, 13, 0, 0, 0.14%, 3, 0, 3, 50.90
1735149875, 45, 12, 14, 1, 0, 0.14%, 3, 0, 4, 50.46
1735149900, 45, 12, 15, 2, 0, 0.14%, 3, 0, 4, 49.92
1735149915, 45, 14, 16, 3, 1, 0.14%, 3, 0, 5, 53.44
1735149941, 45, 14, 17, 4, 1, 0.14%, 3, 0, 5, 50.52
1735149961, 45, 14, 18, 5, 1, 0.14%, 4, 0, 5, 56.54
1735149966, 45, 14, 19, 6, 1, 0.14%, 4, 0, 5, 51.64
1735149987, 45, 14, 20, 7, 1, 0.14%, 5, 0, 5, 53.22
1735150088, 45, 17, 20, 6, 2, 0.14%, 5, 0, 5, 61.53
1735150119, 45, 17, 21, 7, 2, 0.14%, 5, 0, 6, 56.48
1735150124, 45, 17, 22, 8, 2, 0.14%, 5, 0, 6, 57.83
1735150165, 45, 17, 23, 9, 2, 0.14%, 5, 0, 6, 55.08
1735150170, 45, 17, 24, 10, 2, 0.14%, 5, 0, 6, 56.16
1735150216, 45, 19, 24, 9, 3, 0.14%, 5, 0, 6, 62.93
1735150221, 45, 19, 25, 10, 3, 0.14%, 5, 0, 6, 83.69
1735150261, 45, 19, 26, 11, 3, 0.14%, 5, 0, 6, 60.92
1735150282, 45, 19, 27, 12, 3, 0.14%, 5, 0, 6, 59.49
1735150292, 45, 19, 28, 13, 3, 0.14%, 5, 0, 6, 54.69
1735150358, 45, 25, 28, 12, 2, 0.14%, 5, 0, 6, 63.66
1735150403, 45, 25, 29, 13, 2, 0.14%, 5, 0, 7, 59.73
1735150465, 45, 25, 30, 14, 2, 0.14%, 5, 0, 7, 57.40
1735150495, 45, 26, 30, 13, 2, 0.14%, 5, 0, 7, 96.98
1735150561, 45, 26, 31, 14, 2, 0.14%, 6, 0, 7, 66.77
1735150572, 45, 30, 31, 13, 1, 0.14%, 6, 0, 7, 78.27
1735150699, 45, 30, 32, 14, 1, 0.14%, 6, 0, 8, 104.23
1735151264, 45, 31, 32, 13, 1, 0.14%, 6, 0, 8, 52.30
1735151270, 46, 21, 32, 11, 0, 0.14%, 6, 0, 8, 83.11
1735151280, 46, 21, 34, 13, 0, 0.14%, 6, 0, 8, 110.66
1735151336, 46, 21, 35, 14, 0, 0.14%, 6, 0, 8, 63.32
1735151427, 46, 34, 36, 14, 1, 0.14%, 6, 0, 8, 98.51
1735151554, 47, 23, 36, 11, 0, 0.14%, 6, 0, 8, 44.99
1735151559, 48, 23, 36, 8, 0, 0.14%, 6, 0, 8, 206.93
1735151965, 50, 16, 36, 6, 0, 0.14%, 6, 0, 8, 65.48
1735152051, 50, 27, 36, 5, 0, 0.14%, 6, 0, 8, 91.05
1735152153, 50, 28, 36, 5, 0, 0.14%, 6, 0, 8, 80.80
1735152260, 51, 22, 36, 2, 0, 0.14%, 6, 0, 8, 66.18
1735152311, 51, 22, 37, 3, 0, 0.14%, 6, 0, 8, 64.37
1735152377, 52, 36, 37, 1, 0, 0.14%, 6, 0, 8, 86.62
1735152729, 54, 18, 37, 1, 0, 0.14%, 6, 0, 8, 85.17
1735152784, 55, 18, 37, 1, 0, 0.14%, 6, 0, 8, 58.75
1735152805, 56, 18, 37, 1, 0, 0.14%, 6, 0, 8, 59.29
1735152840, 57, 18, 37, 1, 0, 0.14%, 6, 0, 8, 70.64
1735152880, 58, 18, 37, 1, 0, 0.14%, 6, 0, 8, 63.02
1735152921, 58, 36, 37, 1, 0, 0.14%, 6, 0, 8, 79.42
1735152931, 58, 36, 38, 2, 0, 0.14%, 6, 0, 8, 63.47
1735152936, 58, 37, 38, 2, 1, 0.14%, 6, 0, 8, 51.25
1735153312, 59, 18, 38, 1, 0, 0.14%, 6, 0, 8, 59.68
1735153348, 60, 18, 38, 1, 0, 0.14%, 6, 0, 8, 61.45
1735153388, 61, 18, 38, 1, 0, 0.14%, 6, 0, 8, 61.70
1735153424, 62, 18, 38, 1, 0, 0.14%, 6, 0, 8, 58.73
1735153465, 62, 24, 38, 1, 0, 0.14%, 6, 0, 8, 68.80
1735153531, 63, 18, 38, 1, 0, 0.14%, 6, 0, 8, 56.66
1735153571, 64, 18, 38, 1, 0, 0.14%, 6, 0, 8, 62.59
1735153607, 65, 18, 38, 1, 0, 0.14%, 6, 0, 8, 60.15
1735153648, 66, 18, 38, 1, 0, 0.14%, 6, 0, 8, 61.32
1735153683, 67, 18, 38, 1, 0, 0.14%, 6, 0, 8, 64.48
1735153688, 67, 29, 38, 1, 0, 0.14%, 6, 0, 8, 54.00
1735153693, 68, 18, 38, 0, 0, 0.14%, 6, 0, 8, 52.98
1735153698, 69, 18, 38, 0, 0, 0.14%, 6, 0, 8, 60.10
1735153703, 70, 18, 38, 0, 0, 0.14%, 6, 0, 8, 59.83
1735153708, 71, 18, 38, 0, 0, 0.14%, 6, 0, 8, 61.56
1735153713, 72, 18, 38, 0, 0, 0.14%, 6, 0, 8, 62.49
1735153718, 73, 18, 38, 0, 0, 0.14%, 6, 0, 8, 60.41
1735153723, 74, 18, 38, 0, 0, 0.14%, 6, 0, 8, 59.06
1735153729, 74, 29, 38, 0, 0, 0.14%, 6, 0, 8, 69.75
1735154181, 75, 18, 38, 0, 0, 0.14%, 6, 0, 8, 61.87
1735154187, 76, 18, 38, 0, 0, 0.14%, 6, 0, 8, 58.11
1735154192, 77, 11, 38, 0, 0, 0.14%, 6, 0, 8, 55.47
1735154202, 77, 18, 38, 0, 0, 0.14%, 6, 0, 8, 67.51
1735154207, 78, 18, 38, 0, 0, 0.14%, 6, 0, 8, 59.43
1735154212, 79, 18, 38, 0, 0, 0.14%, 6, 0, 8, 58.61
1735154217, 79, 29, 38, 0, 0, 0.14%, 6, 0, 8, 60.08
1735154222, 80, 18, 38, 0, 0, 0.14%, 6, 0, 8, 64.29
1735154227, 80, 29, 38, 0, 0, 0.14%, 6, 0, 8, 72.19
1735154237, 81, 18, 38, 0, 0, 0.14%, 6, 0, 8, 62.06
1735154242, 81, 29, 38, 0, 0, 0.14%, 6, 0, 8, 67.09
1735154268, 82, 18, 38, 0, 0, 0.14%, 6, 0, 8, 55.69
1735154273, 82, 29, 38, 0, 0, 0.14%, 6, 0, 8, 70.20
1735154309, 83, 18, 38, 0, 0, 0.14%, 6, 0, 8, 60.07
1735154314, 84, 18, 38, 0, 0, 0.14%, 6, 0, 8, 57.94
1735154319, 85, 18, 38, 0, 0, 0.14%, 6, 0, 8, 63.66
1735154324, 86, 18, 38, 0, 0, 0.14%, 6, 0, 8, 64.60
1735154329, 87, 18, 38, 0, 0, 0.14%, 6, 0, 8, 61.86
1735154334, 88, 18, 38, 0, 0, 0.14%, 6, 0, 8, 58.33
1735154339, 89, 18, 38, 0, 0, 0.14%, 6, 0, 8, 59.58
1735154344, 90, 18, 38, 0, 0, 0.14%, 6, 0, 8, 57.61
1735154349, 91, 18, 38, 0, 0, 0.14%, 6, 0, 8, 59.84
1735154354, 92, 18, 38, 0, 0, 0.14%, 6, 0, 8, 61.82
1735154359, 93, 18, 38, 0, 0, 0.14%, 6, 0, 8, 59.60
1735154364, 94, 18, 38, 0, 0, 0.14%, 6, 0, 8, 63.11
1735154374, 95, 12, 38, 0, 0, 0.14%, 6, 0, 8, 55.89
1735154384, 95, 18, 38, 0, 0, 0.14%, 6, 0, 8, 60.80
1735154389, 96, 18, 38, 0, 0, 0.14%, 6, 0, 8, 60.36
1735154394, 97, 18, 38, 0, 0, 0.14%, 6, 0, 8, 60.31
1735154405, 98, 18, 38, 0, 0, 0.14%, 6, 0, 8, 56.01
1735154410, 99, 18, 38, 0, 0, 0.14%, 6, 0, 8, 62.52
1735154415, 100, 18, 38, 0, 0, 0.14%, 6, 0, 8, 59.14
1735154420, 101, 18, 38, 0, 0, 0.14%, 6, 0, 8, 65.50
1735154425, 102, 18, 38, 0, 0, 0.14%, 6, 0, 8, 58.92
1735154430, 103, 18, 38, 0, 0, 0.14%, 6, 0, 8, 58.68
1735154435, 104, 18, 38, 0, 0, 0.14%, 6, 0, 8, 57.55
1735154440, 105, 18, 38, 0, 0, 0.14%, 6, 0, 8, 66.18
1735154445, 106, 18, 38, 0, 0, 0.14%, 6, 0, 8, 61.19
1735154450, 107, 18, 38, 0, 0, 0.14%, 6, 0, 8, 58.77
1735154455, 107, 20, 38, 0, 0, 0.14%, 6, 0, 8, 81.70
1735154983, 108, 18, 38, 0, 0, 0.14%, 6, 0, 8, 61.41
1735154988, 109, 11, 38, 0, 0, 0.14%, 6, 0, 8, 58.81
1735155008, 112, 11, 38, 0, 0, 0.14%, 6, 0, 8, 57.36
1735155044, 114, 28, 38, 0, 0, 0.14%, 6, 0, 8, 60.93
1735155074, 115, 31, 38, 0, 0, 0.14%, 6, 0, 8, 111.73
1735155465, 116, 33, 38, 0, 0, 0.14%, 6, 0, 8, 74.10
1735155572, 116, 35, 38, 0, 0, 0.14%, 6, 0, 8, 92.22
1735155719, 118, 12, 38, 0, 0, 0.14%, 6, 0, 8, 54.77
1735155730, 119, 11, 38, 0, 0, 0.14%, 6, 0, 8, 52.61
1735155770, 123, 37, 38, 0, 0, 0.14%, 6, 0, 8, 71.03
1735155796, 126, 28, 38, 0, 0, 0.14%, 6, 0, 8, 64.50
1735155831, 127, 11, 38, 0, 0, 0.14%, 6, 0, 8, 62.39
1735155872, 133, 17, 38, 0, 0, 0.14%, 6, 0, 8, 60.57
1735155902, 136, 34, 38, 0, 0, 0.14%, 6, 0, 8, 67.34
1735155928, 137, 15, 38, 0, 0, 0.14%, 6, 0, 8, 65.17
1735155994, 137, 27, 38, 0, 0, 0.14%, 6, 0, 8, 67.22
1735156024, 137, 33, 38, 0, 0, 0.14%, 6, 0, 8, 58.56
1735156049, 138, 17, 38, 0, 0, 0.14%, 6, 0, 8, 55.42
1735156090, 144, 17, 38, 0, 0, 0.14%, 6, 0, 8, 67.96
1735156130, 145, 19, 38, 0, 0, 0.14%, 6, 0, 8, 58.02
1735156160, 146, 27, 38, 0, 0, 0.14%, 6, 0, 8, 67.43
1735156196, 146, 34, 38, 0, 0, 0.14%, 6, 0, 8, 57.78
1735156231, 148, 11, 38, 0, 0, 0.14%, 6, 0, 8, 62.67
1735156272, 148, 12, 38, 0, 0, 0.14%, 6, 0, 8, 61.40
1735156293, 148, 25, 38, 0, 0, 0.14%, 6, 0, 8, 62.28
1735156323, 148, 33, 38, 0, 0, 0.14%, 6, 0, 8, 64.70
1735156353, 150, 36, 38, 0, 0, 0.14%, 6, 0, 8, 77.18
1735156384, 157, 25, 38, 0, 0, 0.14%, 6, 0, 8, 63.08
1735156424, 159, 25, 38, 0, 0, 0.14%, 6, 0, 8, 61.97
1735156465, 159, 27, 38, 0, 0, 0.14%, 6, 0, 8, 69.40
1735156501, 159, 30, 38, 0, 0, 0.14%, 6, 0, 8, 71.96
1735156516, 159, 33, 38, 0, 0, 0.14%, 6, 0, 8, 60.45
1735156556, 159, 35, 38, 0, 0, 0.14%, 6, 0, 8, 70.11
1735156592, 160, 27, 38, 0, 0, 0.14%, 6, 0, 8, 68.10
1735156627, 160, 33, 38, 0, 0, 0.14%, 6, 0, 8, 57.42
1735156668, 164, 20, 38, 0, 0, 0.14%, 6, 0, 8, 64.64
1735156673, 166, 27, 38, 0, 0, 0.14%, 6, 0, 8, 55.67
1735156714, 166, 28, 38, 0, 0, 0.14%, 6, 0, 8, 65.90
1735156749, 167, 25, 38, 0, 0, 0.14%, 6, 0, 8, 65.61
1735156790, 167, 36, 38, 0, 0, 0.14%, 6, 0, 8, 77.57
1735156826, 169, 25, 38, 0, 0, 0.14%, 6, 0, 8, 61.81
1735156861, 170, 33, 38, 0, 0, 0.14%, 6, 0, 8, 57.62
1735156902, 176, 12, 38, 0, 0, 0.14%, 6, 0, 8, 55.61
1735156927, 177, 28, 38, 0, 0, 0.14%, 6, 0, 8, 62.81
1735156963, 178, 35, 38, 0, 0, 0.14%, 6, 0, 8, 60.59
1735156998, 179, 20, 38, 0, 0, 0.14%, 6, 0, 8, 61.14
1735157019, 181, 37, 38, 0, 0, 0.14%, 6, 0, 8, 64.98
1735157059, 183, 20, 38, 0, 0, 0.14%, 6, 0, 8, 73.10
1735157095, 183, 26, 38, 0, 0, 0.14%, 6, 0, 8, 60.64
1735157125, 184, 11, 38, 0, 0, 0.14%, 6, 0, 8, 58.03
1735157166, 184, 26, 38, 0, 0, 0.14%, 6, 0, 8, 58.83
1735157201, 186, 12, 38, 0, 0, 0.14%, 6, 0, 8, 63.06
1735157247, 188, 34, 38, 0, 0, 0.14%, 6, 0, 8, 66.44
1735157282, 188, 37, 38, 0, 0, 0.14%, 6, 0, 8, 75.16
1735157318, 189, 11, 38, 0, 0, 0.14%, 6, 0, 8, 59.37
1735157358, 192, 35, 38, 0, 0, 0.14%, 6, 0, 8, 69.14
1735157394, 193, 37, 38, 0, 0, 0.14%, 6, 0, 8, 76.67
1735157430, 195, 28, 38, 0, 0, 0.14%, 6, 0, 8, 63.17
1735157465, 199, 36, 38, 0, 0, 0.14%, 6, 0, 8, 65.64
1735157501, 200, 14, 38, 0, 0, 0.14%, 6, 0, 8, 58.47
1735157521, 201, 14, 38, 0, 0, 0.14%, 6, 0, 8, 61.27
1735157562, 201, 37, 38, 0, 0, 0.14%, 6, 0, 8, 65.17
1735157597, 202, 14, 38, 0, 0, 0.14%, 6, 0, 8, 59.32
1735157633, 202, 37, 38, 0, 0, 0.14%, 6, 0, 8, 62.47
1735157669, 206, 21, 38, 0, 0, 0.14%, 6, 0, 8, 65.19
1735157694, 208, 34, 38, 0, 0, 0.14%, 6, 0, 8, 64.65
1735157735, 209, 20, 38, 0, 0, 0.14%, 6, 0, 8, 71.52
1735157771, 209, 25, 38, 0, 0, 0.14%, 6, 0, 8, 56.45
1735157806, 210, 17, 38, 0, 0, 0.14%, 6, 0, 8, 62.40
1735157847, 210, 30, 38, 0, 0, 0.14%, 6, 0, 8, 73.75
1735157882, 212, 14, 38, 0, 0, 0.14%, 6, 0, 8, 56.37
1735157923, 212, 33, 38, 0, 0, 0.14%, 6, 0, 8, 63.24
1735157963, 214, 11, 38, 0, 0, 0.14%, 6, 0, 8, 59.15
1735157999, 214, 17, 38, 0, 0, 0.14%, 6, 0, 8, 62.73
