# unix_time, cycles_done, cur_path, paths_total, pending_total, pending_favs, map_size, unique_crashes, unique_hangs, max_depth, execs_per_sec
1735471963, 0, 0, 10, 10, 1, 0.01%, 0, 0, 1, 35.92
1735471968, 0, 4, 10, 10, 1, 0.01%, 0, 0, 1, 37.69
1735471983, 1, 0, 10, 4, 0, 0.01%, 0, 0, 1, 46.25
1735471988, 1, 1, 10, 3, 0, 0.01%, 0, 0, 1, 45.89
1735471993, 1, 2, 10, 2, 0, 0.01%, 0, 0, 1, 45.39
1735471998, 1, 3, 10, 1, 0, 0.01%, 0, 0, 1, 44.66
1735472003, 1, 4, 10, 0, 0, 0.01%, 0, 0, 1, 47.61
1735472013, 1, 5, 10, 0, 0, 0.01%, 0, 0, 1, 45.26
1735472018, 1, 6, 10, 0, 0, 0.01%, 0, 0, 1, 44.49
1735472024, 1, 7, 10, 0, 0, 0.01%, 0, 0, 1, 45.84
1735472029, 1, 8, 10, 0, 0, 0.01%, 0, 0, 1, 44.61
1735472034, 1, 9, 10, 0, 0, 0.01%, 0, 0, 1, 45.54
1735472039, 2, 0, 10, 0, 0, 0.01%, 0, 0, 1, 44.40
1735472044, 2, 1, 10, 0, 0, 0.01%, 0, 0, 1, 44.76
1735472049, 2, 2, 10, 0, 0, 0.01%, 0, 0, 1, 44.73
1735472054, 2, 3, 10, 0, 0, 0.01%, 0, 0, 1, 44.65
1735472064, 2, 4, 10, 0, 0, 0.01%, 0, 0, 1, 45.25
1735472069, 2, 5, 10, 0, 0, 0.01%, 0, 0, 1, 45.16
1735472074, 2, 6, 10, 0, 0, 0.01%, 0, 0, 1, 44.47
1735472080, 2, 7, 10, 0, 0, 0.01%, 0, 0, 1, 45.56
1735472085, 2, 8, 10, 0, 0, 0.01%, 0, 0, 1, 45.19
1735472090, 2, 9, 10, 0, 0, 0.01%, 0, 0, 1, 44.77
1735472095, 3, 0, 10, 0, 0, 0.01%, 0, 0, 1, 45.61
1735472100, 3, 1, 10, 0, 0, 0.01%, 0, 0, 1, 46.31
1735472105, 3, 2, 10, 0, 0, 0.01%, 0, 0, 1, 46.55
1735472115, 3, 3, 10, 0, 0, 0.01%, 0, 0, 1, 45.42
1735472120, 3, 4, 10, 0, 0, 0.01%, 0, 0, 1, 45.42
1735472125, 3, 5, 10, 0, 0, 0.01%, 0, 0, 1, 45.89
1735472130, 3, 6, 10, 0, 0, 0.01%, 0, 0, 1, 45.36
1735472135, 3, 7, 10, 0, 0, 0.01%, 0, 0, 1, 44.41
1735472140, 3, 8, 10, 0, 0, 0.01%, 0, 0, 1, 43.34
1735472145, 3, 9, 10, 0, 0, 0.01%, 0, 0, 1, 44.35
1735472150, 4, 0, 10, 0, 0, 0.01%, 0, 0, 1, 48.91
1735472161, 4, 1, 10, 0, 0, 0.01%, 0, 0, 1, 46.92
1735472166, 4, 2, 10, 0, 0, 0.01%, 0, 0, 1, 45.51
1735472171, 4, 3, 10, 0, 0, 0.01%, 0, 0, 1, 46.25
1735472176, 4, 4, 10, 0, 0, 0.01%, 0, 0, 1, 44.97
1735472181, 4, 5, 10, 0, 0, 0.01%, 0, 0, 1, 44.77
1735472186, 4, 6, 10, 0, 0, 0.01%, 0, 0, 1, 43.49
1735472191, 4, 7, 10, 0, 0, 0.01%, 0, 0, 1, 47.09
1735472196, 4, 8, 10, 0, 0, 0.01%, 0, 0, 1, 48.33
1735472201, 4, 9, 10, 0, 0, 0.01%, 0, 0, 1, 45.84
1735472211, 5, 0, 10, 0, 0, 0.01%, 0, 0, 1, 48.36
1735472216, 5, 1, 10, 0, 0, 0.01%, 0, 0, 1, 45.90
1735472221, 5, 2, 10, 0, 0, 0.01%, 0, 0, 1, 44.93
1735472226, 5, 3, 10, 0, 0, 0.01%, 0, 0, 1, 44.21
1735472231, 5, 4, 10, 0, 0, 0.01%, 0, 0, 1, 44.80
1735472236, 5, 5, 10, 0, 0, 0.01%, 0, 0, 1, 46.48
1735472241, 5, 6, 10, 0, 0, 0.01%, 0, 0, 1, 47.94
1735472247, 5, 7, 10, 0, 0, 0.01%, 0, 0, 1, 46.18
1735472252, 5, 8, 10, 0, 0, 0.01%, 0, 0, 1, 45.53
1735472257, 5, 9, 10, 0, 0, 0.01%, 0, 0, 1, 44.12
1735472267, 6, 0, 10, 0, 0, 0.01%, 0, 0, 1, 47.06
1735472272, 6, 1, 10, 0, 0, 0.01%, 0, 0, 1, 43.99
1735472277, 6, 2, 10, 0, 0, 0.01%, 0, 0, 1, 44.78
1735472282, 6, 3, 10, 0, 0, 0.01%, 0, 0, 1, 44.99
1735472287, 6, 4, 10, 0, 0, 0.01%, 0, 0, 1, 44.63
1735472292, 6, 5, 10, 0, 0, 0.01%, 0, 0, 1, 46.53
1735472297, 6, 6, 10, 0, 0, 0.01%, 0, 0, 1, 44.84
1735472302, 6, 7, 10, 0, 0, 0.01%, 0, 0, 1, 46.13
1735472307, 6, 8, 10, 0, 0, 0.01%, 0, 0, 1, 46.63
1735472317, 6, 9, 10, 0, 0, 0.01%, 0, 0, 1, 45.10
1735472322, 7, 0, 10, 0, 0, 0.01%, 0, 0, 1, 45.63
1735472328, 7, 1, 10, 0, 0, 0.01%, 0, 0, 1, 44.01
1735472333, 7, 2, 10, 0, 0, 0.01%, 0, 0, 1, 46.22
1735472338, 7, 3, 10, 0, 0, 0.01%, 0, 0, 1, 46.46
1735472343, 7, 4, 10, 0, 0, 0.01%, 0, 0, 1, 44.32
1735472348, 7, 5, 10, 0, 0, 0.01%, 0, 0, 1, 43.35
1735472353, 7, 6, 10, 0, 0, 0.01%, 0, 0, 1, 45.20
1735472358, 7, 7, 10, 0, 0, 0.01%, 0, 0, 1, 44.81
1735472368, 7, 8, 10, 0, 0, 0.01%, 0, 0, 1, 44.53
1735472373, 7, 9, 10, 0, 0, 0.01%, 0, 0, 1, 46.49
1735472378, 8, 0, 10, 0, 0, 0.01%, 0, 0, 1, 45.82
1735472383, 8, 1, 10, 0, 0, 0.01%, 0, 0, 1, 47.13
1735472389, 8, 2, 10, 0, 0, 0.01%, 0, 0, 1, 45.13
1735472394, 8, 3, 10, 0, 0, 0.01%, 0, 0, 1, 48.79
1735472399, 8, 4, 10, 0, 0, 0.01%, 0, 0, 1, 44.10
1735472404, 8, 5, 10, 0, 0, 0.01%, 0, 0, 1, 46.57
1735472409, 8, 6, 10, 0, 0, 0.01%, 0, 0, 1, 45.79
1735472414, 8, 7, 10, 0, 0, 0.01%, 0, 0, 1, 48.61
1735472424, 8, 8, 10, 0, 0, 0.01%, 0, 0, 1, 46.28
1735472429, 8, 9, 10, 0, 0, 0.01%, 0, 0, 1, 45.28
1735472434, 9, 0, 10, 0, 0, 0.01%, 0, 0, 1, 45.14
1735472439, 9, 1, 10, 0, 0, 0.01%, 0, 0, 1, 47.49
1735472444, 9, 2, 10, 0, 0, 0.01%, 0, 0, 1, 46.43
1735472450, 9, 3, 10, 0, 0, 0.01%, 0, 0, 1, 43.05
1735472455, 9, 4, 10, 0, 0, 0.01%, 0, 0, 1, 46.26
1735472460, 9, 5, 10, 0, 0, 0.01%, 0, 0, 1, 45.86
1735472465, 9, 6, 10, 0, 0, 0.01%, 0, 0, 1, 46.40
1735472470, 9, 7, 10, 0, 0, 0.01%, 0, 0, 1, 46.11
1735472480, 9, 8, 10, 0, 0, 0.01%, 0, 0, 1, 46.34
1735472485, 9, 9, 10, 0, 0, 0.01%, 0, 0, 1, 45.30
1735472490, 10, 0, 10, 0, 0, 0.01%, 0, 0, 1, 44.97
1735472495, 10, 1, 10, 0, 0, 0.01%, 0, 0, 1, 45.09
1735472500, 10, 2, 10, 0, 0, 0.01%, 0, 0, 1, 43.62
1735472505, 10, 3, 10, 0, 0, 0.01%, 0, 0, 1, 43.66
1735472510, 10, 4, 10, 0, 0, 0.01%, 0, 0, 1, 47.61
1735472515, 10, 5, 10, 0, 0, 0.01%, 0, 0, 1, 44.48
1735472520, 10, 6, 10, 0, 0, 0.01%, 0, 0, 1, 43.47
1735472531, 10, 7, 10, 0, 0, 0.01%, 0, 0, 1, 46.07
1735472536, 10, 8, 10, 0, 0, 0.01%, 0, 0, 1, 44.58
1735472541, 10, 9, 10, 0, 0, 0.01%, 0, 0, 1, 46.94
1735472546, 11, 0, 10, 0, 0, 0.01%, 0, 0, 1, 46.00
1735472551, 11, 1, 10, 0, 0, 0.01%, 0, 0, 1, 44.93
1735472556, 11, 2, 10, 0, 0, 0.01%, 0, 0, 1, 44.23
1735472561, 11, 3, 10, 0, 0, 0.01%, 0, 0, 1, 48.02
1735472566, 11, 4, 10, 0, 0, 0.01%, 0, 0, 1, 45.72
1735472571, 11, 5, 10, 0, 0, 0.01%, 0, 0, 1, 47.74
1735472576, 11, 6, 10, 0, 0, 0.01%, 0, 0, 1, 46.01
1735472582, 11, 7, 10, 0, 0, 0.01%, 0, 0, 1, 46.62
1735472587, 11, 8, 10, 0, 0, 0.01%, 0, 0, 1, 48.44
1735472597, 11, 9, 10, 0, 0, 0.01%, 0, 0, 1, 48.31
1735472602, 12, 0, 10, 0, 0, 0.01%, 0, 0, 1, 49.74
1735472607, 12, 1, 10, 0, 0, 0.01%, 0, 0, 1, 48.25
1735472612, 12, 2, 10, 0, 0, 0.01%, 0, 0, 1, 48.38
1735472617, 12, 3, 10, 0, 0, 0.01%, 0, 0, 1, 48.38
1735472622, 12, 4, 10, 0, 0, 0.01%, 0, 0, 1, 47.89
1735472627, 12, 5, 10, 0, 0, 0.01%, 0, 0, 1, 46.81
1735472632, 12, 6, 10, 0, 0, 0.01%, 0, 0, 1, 47.96
1735472637, 12, 7, 10, 0, 0, 0.01%, 0, 0, 1, 45.97
1735472642, 12, 8, 10, 0, 0, 0.01%, 0, 0, 1, 44.95
1735472647, 12, 9, 10, 0, 0, 0.01%, 0, 0, 1, 47.02
1735472652, 13, 0, 10, 0, 0, 0.01%, 0, 0, 1, 48.56
1735472657, 13, 1, 10, 0, 0, 0.01%, 0, 0, 1, 45.61
1735472663, 13, 2, 10, 0, 0, 0.01%, 0, 0, 1, 48.19
1735472668, 13, 3, 10, 0, 0, 0.01%, 0, 0, 1, 45.44
1735472678, 13, 4, 10, 0, 0, 0.01%, 0, 0, 1, 47.80
1735472683, 13, 5, 10, 0, 0, 0.01%, 0, 0, 1, 48.14
1735472688, 13, 6, 10, 0, 0, 0.01%, 0, 0, 1, 48.45
1735472693, 13, 7, 10, 0, 0, 0.01%, 0, 0, 1, 47.97
1735472698, 13, 8, 10, 0, 0, 0.01%, 0, 0, 1, 48.95
1735472703, 13, 9, 10, 0, 0, 0.01%, 0, 0, 1, 46.42
1735472708, 14, 0, 10, 0, 0, 0.01%, 0, 0, 1, 50.18
1735472713, 14, 1, 10, 0, 0, 0.01%, 0, 0, 1, 47.72
1735472718, 14, 2, 10, 0, 0, 0.01%, 0, 0, 1, 49.30
1735472723, 14, 3, 10, 0, 0, 0.01%, 0, 0, 1, 47.80
1735472728, 14, 4, 10, 0, 0, 0.01%, 0, 0, 1, 48.40
1735472733, 14, 5, 10, 0, 0, 0.01%, 0, 0, 1, 46.90
1735472739, 14, 6, 10, 0, 0, 0.01%, 0, 0, 1, 47.64
1735472744, 14, 7, 10, 0, 0, 0.01%, 0, 0, 1, 48.74
1735472749, 14, 8, 10, 0, 0, 0.01%, 0, 0, 1, 46.94
1735472754, 14, 9, 10, 0, 0, 0.01%, 0, 0, 1, 46.88
1735472764, 15, 0, 10, 0, 0, 0.01%, 0, 0, 1, 46.26
1735472769, 15, 1, 10, 0, 0, 0.01%, 0, 0, 1, 48.06
1735472774, 15, 2, 10, 0, 0, 0.01%, 0, 0, 1, 46.50
1735472779, 15, 3, 10, 0, 0, 0.01%, 0, 0, 1, 46.62
1735472784, 15, 4, 10, 0, 0, 0.01%, 0, 0, 1, 47.29
1735472790, 15, 5, 10, 0, 0, 0.01%, 0, 0, 1, 44.14
1735472810, 15, 6, 10, 0, 0, 0.01%, 0, 0, 1, 42.37
1735472830, 15, 7, 10, 0, 0, 0.01%, 0, 0, 1, 41.92
1735472851, 15, 8, 10, 0, 0, 0.01%, 0, 0, 1, 40.23
1735472871, 15, 9, 10, 0, 0, 0.01%, 0, 0, 1, 39.09
1735472891, 16, 0, 10, 0, 0, 0.01%, 0, 0, 1, 39.98
1735472912, 16, 1, 10, 0, 0, 0.01%, 0, 0, 1, 41.01
1735472932, 16, 2, 10, 0, 0, 0.01%, 0, 0, 1, 41.02
1735472952, 16, 3, 10, 0, 0, 0.01%, 0, 0, 1, 48.16
1735472957, 16, 4, 10, 0, 0, 0.01%, 0, 0, 1, 47.24
1735472962, 16, 5, 10, 0, 0, 0.01%, 0, 0, 1, 46.22
1735472967, 16, 6, 10, 0, 0, 0.01%, 0, 0, 1, 47.84
1735472972, 16, 7, 10, 0, 0, 0.01%, 0, 0, 1, 46.33
1735472978, 16, 8, 10, 0, 0, 0.01%, 0, 0, 1, 50.58
1735472983, 16, 9, 10, 0, 0, 0.01%, 0, 0, 1, 47.24
1735472988, 17, 0, 10, 0, 0, 0.01%, 0, 0, 1, 50.03
1735472993, 17, 1, 10, 0, 0, 0.01%, 0, 0, 1, 48.78
1735472998, 17, 2, 10, 0, 0, 0.01%, 0, 0, 1, 49.04
1735473003, 17, 3, 10, 0, 0, 0.01%, 0, 0, 1, 45.23
1735473008, 17, 4, 10, 0, 0, 0.01%, 0, 0, 1, 45.24
1735473018, 17, 5, 10, 0, 0, 0.01%, 0, 0, 1, 47.25
1735473023, 17, 6, 10, 0, 0, 0.01%, 0, 0, 1, 49.62
1735473028, 17, 7, 10, 0, 0, 0.01%, 0, 0, 1, 45.75
1735473033, 17, 8, 10, 0, 0, 0.01%, 0, 0, 1, 47.03
1735473038, 17, 9, 10, 0, 0, 0.01%, 0, 0, 1, 47.58
1735473044, 18, 0, 10, 0, 0, 0.01%, 0, 0, 1, 47.82
1735473049, 18, 1, 10, 0, 0, 0.01%, 0, 0, 1, 47.38
1735473054, 18, 2, 10, 0, 0, 0.01%, 0, 0, 1, 47.80
1735473059, 18, 3, 10, 0, 0, 0.01%, 0, 0, 1, 45.62
1735473064, 18, 4, 10, 0, 0, 0.01%, 0, 0, 1, 45.20
1735473069, 18, 5, 10, 0, 0, 0.01%, 0, 0, 1, 45.59
1735473074, 18, 6, 10, 0, 0, 0.01%, 0, 0, 1, 45.49
1735473079, 18, 7, 10, 0, 0, 0.01%, 0, 0, 1, 45.10
1735473084, 18, 8, 10, 0, 0, 0.01%, 0, 0, 1, 47.65
1735473094, 18, 9, 10, 0, 0, 0.01%, 0, 0, 1, 48.42
1735473099, 19, 0, 10, 0, 0, 0.01%, 0, 0, 1, 45.93
1735473105, 19, 1, 10, 0, 0, 0.01%, 0, 0, 1, 46.62
1735473110, 19, 2, 10, 0, 0, 0.01%, 0, 0, 1, 46.89
1735473115, 19, 3, 10, 0, 0, 0.01%, 0, 0, 1, 46.80
1735473120, 19, 4, 10, 0, 0, 0.01%, 0, 0, 1, 46.97
1735473125, 19, 5, 10, 0, 0, 0.01%, 0, 0, 1, 45.65
1735473130, 19, 6, 10, 0, 0, 0.01%, 0, 0, 1, 47.67
1735473135, 19, 7, 10, 0, 0, 0.01%, 0, 0, 1, 48.48
1735473140, 19, 8, 10, 0, 0, 0.01%, 0, 0, 1, 50.39
1735473145, 19, 9, 10, 0, 0, 0.01%, 0, 0, 1, 46.80
1735473150, 20, 0, 10, 0, 0, 0.01%, 0, 0, 1, 48.21
1735473155, 20, 1, 10, 0, 0, 0.01%, 0, 0, 1, 47.58
1735473160, 20, 2, 10, 0, 0, 0.01%, 0, 0, 1, 46.33
1735473165, 20, 3, 10, 0, 0, 0.01%, 0, 0, 1, 47.33
1735473170, 20, 4, 10, 0, 0, 0.01%, 0, 0, 1, 47.54
1735473181, 20, 5, 10, 0, 0, 0.01%, 0, 0, 1, 45.86
1735473186, 20, 6, 10, 0, 0, 0.01%, 0, 0, 1, 51.03
1735473191, 20, 7, 10, 0, 0, 0.01%, 0, 0, 1, 49.54
1735473196, 20, 8, 10, 0, 0, 0.01%, 0, 0, 1, 50.23
1735473201, 20, 9, 10, 0, 0, 0.01%, 0, 0, 1, 47.76
1735473206, 21, 0, 10, 0, 0, 0.01%, 0, 0, 1, 49.32
1735473211, 21, 1, 10, 0, 0, 0.01%, 0, 0, 1, 47.89
1735473216, 21, 2, 10, 0, 0, 0.01%, 0, 0, 1, 44.89
1735473221, 21, 3, 10, 0, 0, 0.01%, 0, 0, 1, 48.69
1735473226, 21, 4, 10, 0, 0, 0.01%, 0, 0, 1, 46.86
1735473231, 21, 5, 10, 0, 0, 0.01%, 0, 0, 1, 47.67
1735473236, 21, 6, 10, 0, 0, 0.01%, 0, 0, 1, 45.64
1735473242, 21, 7, 10, 0, 0, 0.01%, 0, 0, 1, 45.51
1735473247, 21, 8, 10, 0, 0, 0.01%, 0, 0, 1, 48.22
1735473252, 21, 9, 10, 0, 0, 0.01%, 0, 0, 1, 46.92
1735473257, 22, 0, 10, 0, 0, 0.01%, 0, 0, 1, 52.06
1735473262, 22, 1, 10, 0, 0, 0.01%, 0, 0, 1, 47.20
1735473267, 22, 2, 10, 0, 0, 0.01%, 0, 0, 1, 48.18
1735473272, 22, 3, 10, 0, 0, 0.01%, 0, 0, 1, 47.23
1735473282, 22, 4, 10, 0, 0, 0.01%, 0, 0, 1, 47.27
1735473287, 22, 5, 10, 0, 0, 0.01%, 0, 0, 1, 47.29
1735473292, 22, 6, 10, 0, 0, 0.01%, 0, 0, 1, 46.75
1735473298, 22, 7, 10, 0, 0, 0.01%, 0, 0, 1, 48.94
1735473303, 22, 8, 10, 0, 0, 0.01%, 0, 0, 1, 46.13
1735473308, 22, 9, 10, 0, 0, 0.01%, 0, 0, 1, 47.79
1735473313, 23, 0, 10, 0, 0, 0.01%, 0, 0, 1, 46.55
1735473318, 23, 1, 10, 0, 0, 0.01%, 0, 0, 1, 51.04
1735473323, 23, 2, 11, 1, 0, 0.14%, 0, 0, 2, 47.01
1735473328, 25, 10, 12, 1, 0, 0.14%, 2, 0, 3, 55.46
1735473333, 25, 10, 13, 2, 0, 0.14%, 3, 0, 3, 59.47
1735473409, 25, 12, 13, 1, 1, 0.14%, 3, 0, 3, 63.23
1735473419, 25, 12, 14, 2, 1, 0.14%, 3, 0, 4, 51.51
1735473521, 25, 13, 15, 2, 1, 0.14%, 3, 0, 5, 75.01
1735473541, 25, 13, 16, 3, 1, 0.14%, 3, 0, 5, 57.58
1735473546, 25, 13, 17, 4, 1, 0.14%, 3, 0, 5, 56.30
1735473576, 25, 13, 18, 5, 1, 0.14%, 3, 0, 5, 54.44
1735473627, 25, 13, 19, 6, 1, 0.14%, 3, 0, 5, 58.51
1735473677, 25, 18, 19, 5, 1, 0.14%, 3, 0, 5, 92.64
1735473693, 25, 18, 20, 6, 1, 0.14%, 3, 0, 6, 59.81
1735473754, 25, 18, 21, 7, 1, 0.14%, 3, 0, 6, 54.67
1735473784, 25, 18, 22, 8, 1, 0.14%, 3, 0, 6, 59.03
1735473825, 25, 20, 22, 7, 2, 0.14%, 3, 0, 6, 58.94
1735473840, 25, 20, 24, 9, 2, 0.14%, 3, 0, 7, 84.78
1735473846, 25, 20, 25, 10, 2, 0.14%, 3, 0, 7, 91.45
1735473851, 25, 20, 26, 11, 2, 0.14%, 5, 0, 7, 95.28
1735475216, 25, 20, 27, 12, 2, 0.14%, 6, 0, 7, 75.15
1735475292, 25, 26, 27, 10, 1, 0.14%, 6, 0, 7, 86.66
1735475312, 25, 26, 28, 11, 1, 0.14%, 7, 0, 8, 117.47
1735475455, 25, 26, 29, 12, 1, 0.14%, 7, 0, 8, 77.44
1735475465, 25, 26, 30, 13, 1, 0.14%, 7, 0, 8, 79.77
1735475486, 25, 26, 31, 14, 1, 0.14%, 7, 0, 8, 75.30
1735475526, 25, 30, 31, 12, 1, 0.14%, 7, 0, 8, 64.05
1735475531, 25, 30, 32, 13, 1, 0.14%, 7, 0, 9, 88.58
1735475618, 26, 15, 32, 11, 0, 0.14%, 7, 0, 9, 61.72
1735475704, 26, 19, 32, 10, 0, 0.14%, 7, 0, 9, 47.53
1735475714, 26, 31, 32, 7, 0, 0.14%, 7, 0, 9, 44.78
1735475720, 26, 31, 33, 8, 0, 0.14%, 7, 0, 10, 82.79
1735475801, 26, 32, 33, 8, 1, 0.14%, 7, 0, 10, 68.56
1735475887, 27, 16, 33, 6, 0, 0.14%, 7, 0, 10, 88.31
1735475994, 27, 29, 33, 5, 0, 0.14%, 7, 0, 10, 80.38
1735476142, 29, 23, 33, 4, 0, 0.14%, 7, 0, 10, 42.82
1735476152, 29, 28, 33, 3, 0, 0.14%, 7, 0, 10, 83.62
1735476340, 29, 32, 33, 2, 0, 0.14%, 7, 0, 10, 64.55
1735476376, 30, 32, 33, 2, 0, 0.14%, 7, 0, 10, 65.86
1735476406, 31, 32, 33, 2, 0, 0.14%, 7, 0, 10, 58.82
1735476447, 32, 32, 33, 2, 0, 0.14%, 7, 0, 10, 62.78
1735476482, 33, 32, 33, 1, 0, 0.14%, 7, 0, 10, 61.80
1735476523, 34, 32, 33, 0, 0, 0.14%, 7, 0, 10, 50.40
1735476564, 35, 32, 33, 0, 0, 0.14%, 7, 0, 10, 58.00
1735476605, 36, 32, 33, 0, 0, 0.14%, 7, 0, 10, 68.15
1735476640, 37, 28, 33, 0, 0, 0.14%, 7, 0, 10, 64.06
1735476650, 37, 32, 33, 0, 0, 0.14%, 7, 0, 10, 59.88
1735476691, 38, 28, 33, 0, 0, 0.14%, 7, 0, 10, 68.93
1735476707, 38, 32, 33, 0, 0, 0.14%, 7, 0, 10, 62.44
1735476742, 39, 28, 33, 0, 0, 0.14%, 7, 0, 10, 66.58
1735476783, 39, 32, 33, 0, 0, 0.14%, 7, 0, 10, 57.51
1735476793, 39, 32, 34, 1, 0, 0.14%, 7, 0, 11, 59.72
1735476808, 39, 32, 35, 2, 0, 0.14%, 7, 0, 11, 65.28
1735476833, 40, 28, 35, 1, 0, 0.14%, 7, 0, 11, 72.80
1735476869, 41, 28, 35, 1, 0, 0.14%, 7, 0, 11, 69.38
1735476904, 41, 34, 35, 1, 0, 0.14%, 7, 0, 11, 92.12
1735476950, 41, 34, 37, 3, 0, 0.14%, 7, 0, 12, 73.42
1735477067, 42, 28, 37, 2, 0, 0.14%, 7, 0, 12, 72.61
1735477103, 43, 28, 37, 1, 0, 0.14%, 7, 0, 12, 63.22
1735477139, 43, 36, 37, 1, 0, 0.14%, 7, 0, 12, 87.51
1735477235, 44, 28, 37, 1, 0, 0.14%, 7, 0, 12, 66.65
1735477270, 44, 36, 37, 1, 0, 0.14%, 7, 0, 12, 59.27
1735477306, 45, 36, 37, 1, 0, 0.14%, 7, 0, 12, 53.84
1735477346, 46, 36, 37, 1, 0, 0.14%, 7, 0, 12, 58.51
1735477381, 47, 36, 37, 1, 0, 0.14%, 7, 0, 12, 69.92
1735477422, 48, 36, 37, 1, 0, 0.14%, 7, 0, 12, 65.38
1735477457, 49, 36, 37, 1, 0, 0.14%, 7, 0, 12, 65.29
1735477493, 50, 36, 37, 1, 0, 0.14%, 7, 0, 12, 64.70
1735477529, 51, 36, 37, 1, 0, 0.14%, 7, 0, 12, 62.22
1735477569, 52, 36, 37, 1, 0, 0.14%, 7, 0, 12, 66.27
1735477605, 53, 36, 37, 0, 0, 0.14%, 7, 0, 12, 62.64
1735477640, 54, 27, 37, 0, 0, 0.14%, 7, 0, 12, 76.32
1735477860, 54, 36, 37, 0, 0, 0.14%, 7, 0, 12, 57.61
1735477900, 55, 36, 37, 0, 0, 0.14%, 7, 0, 12, 65.61
1735477936, 56, 36, 37, 0, 0, 0.14%, 7, 0, 12, 67.19
1735477976, 57, 36, 37, 0, 0, 0.14%, 7, 0, 12, 63.50
1735477987, 58, 19, 37, 0, 0, 0.14%, 7, 0, 12, 111.90
1735479499, 58, 36, 37, 0, 0, 0.14%, 7, 0, 12, 58.70
1735479510, 59, 36, 37, 0, 0, 0.14%, 7, 0, 12, 63.29
1735479520, 60, 36, 37, 0, 0, 0.14%, 7, 0, 12, 62.58
1735479535, 61, 36, 37, 0, 0, 0.14%, 7, 0, 12, 63.98
1735479545, 62, 36, 37, 0, 0, 0.14%, 7, 0, 12, 65.43
1735479555, 63, 36, 37, 0, 0, 0.14%, 7, 0, 12, 59.96
1735479565, 64, 36, 37, 0, 0, 0.14%, 7, 0, 12, 61.45
1735479575, 65, 36, 37, 0, 0, 0.14%, 7, 0, 12, 63.67
1735479585, 66, 36, 37, 0, 0, 0.14%, 7, 0, 12, 62.95
1735479595, 67, 34, 37, 0, 0, 0.14%, 7, 0, 12, 68.31
1735479631, 67, 36, 37, 0, 0, 0.14%, 7, 0, 12, 61.04
1735479641, 68, 36, 37, 0, 0, 0.14%, 7, 0, 12, 58.23
1735479652, 69, 36, 37, 0, 0, 0.14%, 7, 0, 12, 58.94
1735479667, 70, 36, 37, 0, 0, 0.14%, 7, 0, 12, 63.42
1735479672, 71, 36, 37, 0, 0, 0.14%, 7, 0, 12, 64.72
1735479687, 72, 36, 37, 0, 0, 0.14%, 7, 0, 12, 59.62
1735479697, 73, 36, 37, 0, 0, 0.14%, 7, 0, 12, 66.75
1735479707, 74, 31, 37, 0, 0, 0.14%, 7, 0, 12, 66.81
1735479743, 74, 36, 37, 0, 0, 0.14%, 7, 0, 12, 64.89
1735479753, 75, 36, 37, 0, 0, 0.14%, 7, 0, 12, 58.61
1735479763, 76, 36, 37, 0, 0, 0.14%, 7, 0, 12, 61.49
1735479773, 77, 36, 37, 0, 0, 0.14%, 7, 0, 12, 60.01
1735479789, 78, 36, 37, 0, 0, 0.14%, 7, 0, 12, 64.80
1735479794, 79, 34, 37, 0, 0, 0.14%, 7, 0, 12, 60.82
1735479834, 79, 36, 37, 0, 0, 0.14%, 7, 0, 12, 67.93
1735479844, 80, 36, 37, 0, 0, 0.14%, 7, 0, 12, 59.20
1735479855, 81, 36, 37, 0, 0, 0.14%, 7, 0, 12, 61.06
1735479865, 82, 36, 37, 0, 0, 0.14%, 7, 0, 12, 63.61
1735479875, 83, 36, 37, 0, 0, 0.14%, 7, 0, 12, 63.10
1735479885, 84, 36, 37, 0, 0, 0.14%, 7, 0, 12, 65.80
1735479895, 85, 36, 37, 0, 0, 0.14%, 7, 0, 12, 64.44
1735479905, 86, 36, 37, 0, 0, 0.14%, 7, 0, 12, 65.56
1735479915, 87, 36, 37, 0, 0, 0.14%, 7, 0, 12, 63.17
1735479925, 88, 36, 37, 0, 0, 0.14%, 7, 0, 12, 67.34
1735479935, 89, 36, 37, 0, 0, 0.14%, 7, 0, 12, 69.99
1735479945, 90, 36, 37, 0, 0, 0.14%, 7, 0, 12, 64.84
1735479955, 91, 36, 37, 0, 0, 0.14%, 7, 0, 12, 58.88
1735479965, 92, 36, 37, 0, 0, 0.14%, 7, 0, 12, 63.30
1735479975, 93, 36, 37, 0, 0, 0.14%, 7, 0, 12, 64.78
1735479986, 94, 30, 37, 0, 0, 0.14%, 7, 0, 12, 61.14
1735480021, 94, 36, 37, 0, 0, 0.14%, 7, 0, 12, 61.67
1735480032, 95, 21, 37, 0, 0, 0.14%, 7, 0, 12, 67.45
1735480088, 95, 36, 37, 0, 0, 0.14%, 7, 0, 12, 66.97
1735480098, 96, 36, 37, 0, 0, 0.14%, 7, 0, 12, 67.14
1735480103, 97, 36, 37, 0, 0, 0.14%, 7, 0, 12, 68.60
1735480113, 98, 36, 37, 0, 0, 0.14%, 7, 0, 12, 63.99
1735480123, 99, 36, 37, 0, 0, 0.14%, 7, 0, 12, 62.46
1735480134, 100, 36, 37, 0, 0, 0.14%, 7, 0, 12, 64.14
1735480144, 101, 36, 37, 0, 0, 0.14%, 7, 0, 12, 57.94
1735480154, 102, 36, 37, 0, 0, 0.14%, 7, 0, 12, 65.54
1735480164, 103, 36, 37, 0, 0, 0.14%, 7, 0, 12, 65.09
1735480174, 104, 36, 37, 0, 0, 0.14%, 7, 0, 12, 72.17
1735480185, 105, 34, 37, 0, 0, 0.14%, 7, 0, 12, 59.52
1735480220, 105, 36, 37, 0, 0, 0.14%, 7, 0, 12, 66.47
1735480230, 106, 36, 37, 0, 0, 0.14%, 7, 0, 12, 59.28
1735480245, 107, 36, 37, 0, 0, 0.14%, 7, 0, 12, 64.93
1735480255, 108, 36, 37, 0, 0, 0.14%, 7, 0, 12, 58.88
1735480266, 109, 36, 37, 0, 0, 0.14%, 7, 0, 12, 68.79
1735480276, 110, 36, 37, 0, 0, 0.14%, 7, 0, 12, 66.27
1735480286, 111, 36, 37, 0, 0, 0.14%, 7, 0, 12, 64.59
1735480296, 112, 36, 37, 0, 0, 0.14%, 7, 0, 12, 59.04
1735480307, 113, 36, 37, 0, 0, 0.14%, 7, 0, 12, 60.60
1735480317, 114, 31, 37, 0, 0, 0.14%, 7, 0, 12, 60.74
1735480357, 114, 36, 37, 0, 0, 0.14%, 7, 0, 12, 58.58
1735480367, 115, 34, 37, 0, 0, 0.14%, 7, 0, 12, 68.84
1735480403, 115, 36, 37, 0, 0, 0.14%, 7, 0, 12, 58.76
1735480413, 116, 36, 37, 0, 0, 0.14%, 7, 0, 12, 63.89
1735480423, 117, 36, 37, 0, 0, 0.14%, 7, 0, 12, 65.69
1735480433, 118, 30, 37, 0, 0, 0.14%, 7, 0, 12, 61.69
1735480474, 118, 31, 37, 0, 0, 0.14%, 7, 0, 12, 63.09
1735480510, 118, 36, 37, 0, 0, 0.14%, 7, 0, 12, 62.56
1735480520, 119, 36, 37, 0, 0, 0.14%, 7, 0, 12, 68.78
1735480530, 120, 36, 37, 0, 0, 0.14%, 7, 0, 12, 64.01
1735480540, 121, 33, 37, 0, 0, 0.14%, 7, 0, 12, 120.70
1735480870, 121, 33, 38, 1, 0, 0.14%, 8, 0, 12, 84.80
1735480962, 121, 37, 38, 1, 1, 0.14%, 8, 0, 12, 53.43
1735480967, 122, 37, 38, 0, 0, 0.14%, 8, 0, 12, 122.93
1735481243, 123, 26, 38, 0, 0, 0.14%, 8, 0, 12, 66.24
1735481248, 124, 37, 38, 0, 0, 0.14%, 8, 0, 12, 62.45
1735481284, 125, 26, 38, 0, 0, 0.14%, 8, 0, 12, 65.07
1735481304, 125, 32, 38, 0, 0, 0.14%, 8, 0, 12, 62.42
1735481345, 125, 37, 38, 0, 0, 0.14%, 8, 0, 12, 71.95
1735481376, 126, 27, 38, 0, 0, 0.14%, 8, 0, 12, 77.33
1735481386, 126, 31, 38, 0, 0, 0.14%, 8, 0, 12, 59.06
1735481427, 126, 37, 38, 0, 0, 0.14%, 8, 0, 12, 75.35
1735481457, 127, 13, 38, 0, 0, 0.14%, 8, 0, 12, 64.14
1735481462, 127, 37, 38, 0, 0, 0.14%, 8, 0, 12, 71.30
1735481498, 128, 21, 38, 0, 0, 0.14%, 8, 0, 12, 62.00
1735481518, 128, 37, 38, 0, 0, 0.14%, 8, 0, 12, 65.14
1735481554, 129, 37, 38, 0, 0, 0.14%, 8, 0, 12, 68.35
1735481589, 130, 32, 38, 0, 0, 0.14%, 8, 0, 12, 62.95
1735481620, 130, 37, 38, 0, 0, 0.14%, 8, 0, 12, 70.54
1735481656, 131, 30, 38, 0, 0, 0.14%, 8, 0, 12, 65.78
1735481696, 131, 37, 38, 0, 0, 0.14%, 8, 0, 12, 66.53
1735481732, 132, 35, 38, 0, 0, 0.14%, 8, 0, 12, 83.46
1735481834, 132, 37, 38, 0, 0, 0.14%, 8, 0, 12, 77.02
1735481869, 133, 37, 38, 0, 0, 0.14%, 8, 0, 12, 72.12
1735481905, 134, 37, 38, 0, 0, 0.14%, 8, 0, 12, 71.81
1735481940, 135, 31, 38, 0, 0, 0.14%, 8, 0, 12, 56.27
1735481976, 135, 37, 38, 0, 0, 0.14%, 8, 0, 12, 67.05
1735482011, 136, 13, 38, 0, 0, 0.14%, 8, 0, 12, 58.94
1735482026, 136, 37, 38, 0, 0, 0.14%, 8, 0, 12, 68.93
1735482062, 137, 37, 38, 0, 0, 0.14%, 8, 0, 12, 73.24
1735482098, 138, 37, 38, 0, 0, 0.14%, 8, 0, 12, 75.02
1735482133, 139, 37, 38, 0, 0, 0.14%, 8, 0, 12, 69.28
1735482168, 140, 22, 38, 0, 0, 0.14%, 8, 0, 12, 57.53
1735482174, 140, 37, 38, 0, 0, 0.14%, 8, 0, 12, 60.55
1735482209, 141, 37, 38, 0, 0, 0.14%, 8, 0, 12, 65.93
1735482244, 142, 10, 38, 0, 0, 0.14%, 8, 0, 12, 53.75
1735482255, 142, 37, 38, 0, 0, 0.14%, 8, 0, 12, 69.24
1735482285, 143, 37, 38, 0, 0, 0.14%, 8, 0, 12, 73.46
1735482320, 144, 37, 38, 0, 0, 0.14%, 8, 0, 12, 63.09
1735482356, 145, 35, 38, 0, 0, 0.14%, 8, 0, 12, 75.97
1735482392, 145, 37, 38, 0, 0, 0.14%, 8, 0, 12, 60.88
1735482427, 146, 37, 38, 0, 0, 0.14%, 8, 0, 12, 84.42
1735482458, 147, 30, 38, 0, 0, 0.14%, 8, 0, 12, 68.37
1735482488, 147, 37, 38, 0, 0, 0.14%, 8, 0, 12, 70.99
1735482524, 148, 37, 38, 0, 0, 0.14%, 8, 0, 12, 67.17
1735482559, 149, 37, 38, 0, 0, 0.14%, 8, 0, 12, 53.30
1735482595, 150, 29, 38, 0, 0, 0.14%, 8, 0, 12, 70.54
1735482610, 150, 30, 38, 0, 0, 0.14%, 8, 0, 12, 59.64
1735482651, 150, 37, 38, 0, 0, 0.14%, 8, 0, 12, 72.51
1735482686, 151, 35, 38, 0, 0, 0.14%, 8, 0, 12, 63.48
1735482721, 151, 37, 38, 0, 0, 0.14%, 8, 0, 12, 63.91
1735482742, 152, 16, 38, 0, 0, 0.14%, 8, 0, 12, 64.29
1735482747, 152, 26, 38, 0, 0, 0.14%, 8, 0, 12, 63.20
