# unix_time, cycles_done, cur_path, paths_total, pending_total, pending_favs, map_size, unique_crashes, unique_hangs, max_depth, execs_per_sec
1734234071, 0, 0, 10, 10, 1, 0.01%, 0, 0, 1, 35.84
1734234076, 0, 3, 10, 10, 1, 0.01%, 0, 0, 1, 36.05
1734234091, 1, 0, 10, 3, 0, 0.01%, 0, 0, 1, 43.26
1734234097, 1, 1, 10, 2, 0, 0.01%, 0, 0, 1, 44.31
1734234107, 1, 2, 10, 1, 0, 0.01%, 0, 0, 1, 42.70
1734234112, 1, 3, 10, 0, 0, 0.01%, 0, 0, 1, 44.09
1734234117, 1, 4, 10, 0, 0, 0.01%, 0, 0, 1, 43.27
1734234122, 1, 5, 10, 0, 0, 0.01%, 0, 0, 1, 43.49
1734234127, 1, 6, 10, 0, 0, 0.01%, 0, 0, 1, 44.54
1734234132, 1, 7, 10, 0, 0, 0.01%, 0, 0, 1, 44.34
1734234142, 1, 8, 10, 0, 0, 0.01%, 0, 0, 1, 43.15
1734234147, 1, 9, 10, 0, 0, 0.01%, 0, 0, 1, 43.50
1734234152, 2, 0, 10, 0, 0, 0.01%, 0, 0, 1, 42.93
1734234157, 2, 1, 10, 0, 0, 0.01%, 0, 0, 1, 42.21
1734234162, 2, 2, 10, 0, 0, 0.01%, 0, 0, 1, 42.74
1734234168, 2, 3, 10, 0, 0, 0.01%, 0, 0, 1, 42.35
1734234178, 2, 4, 10, 0, 0, 0.01%, 0, 0, 1, 44.16
1734234183, 2, 5, 10, 0, 0, 0.01%, 0, 0, 1, 42.24
1734234188, 2, 6, 10, 0, 0, 0.01%, 0, 0, 1, 42.26
1734234193, 2, 7, 10, 0, 0, 0.01%, 0, 0, 1, 43.95
1734234198, 2, 8, 10, 0, 0, 0.01%, 0, 0, 1, 44.54
1734234203, 2, 9, 10, 0, 0, 0.01%, 0, 0, 1, 45.56
1734234208, 3, 0, 10, 0, 0, 0.01%, 0, 0, 1, 43.64
1734234218, 3, 1, 10, 0, 0, 0.01%, 0, 0, 1, 44.18
1734234224, 3, 2, 10, 0, 0, 0.01%, 0, 0, 1, 45.50
1734234229, 3, 3, 10, 0, 0, 0.01%, 0, 0, 1, 42.73
1734234234, 3, 4, 10, 0, 0, 0.01%, 0, 0, 1, 41.23
1734234239, 3, 5, 10, 0, 0, 0.01%, 0, 0, 1, 42.53
1734234244, 3, 6, 10, 0, 0, 0.01%, 0, 0, 1, 45.23
1734234254, 3, 7, 10, 0, 0, 0.01%, 0, 0, 1, 42.71
1734234259, 3, 8, 10, 0, 0, 0.01%, 0, 0, 1, 42.48
1734234264, 3, 9, 10, 0, 0, 0.01%, 0, 0, 1, 42.40
1734234269, 4, 0, 10, 0, 0, 0.01%, 0, 0, 1, 43.36
1734234274, 4, 1, 10, 0, 0, 0.01%, 0, 0, 1, 43.37
1734234280, 4, 2, 10, 0, 0, 0.01%, 0, 0, 1, 44.00
1734234285, 4, 3, 10, 0, 0, 0.01%, 0, 0, 1, 43.04
1734234295, 4, 4, 10, 0, 0, 0.01%, 0, 0, 1, 43.95
1734234300, 4, 5, 10, 0, 0, 0.01%, 0, 0, 1, 42.45
1734234305, 4, 6, 10, 0, 0, 0.01%, 0, 0, 1, 44.02
1734234310, 4, 7, 10, 0, 0, 0.01%, 0, 0, 1, 42.70
1734234315, 4, 8, 10, 0, 0, 0.01%, 0, 0, 1, 44.00
1734234320, 4, 9, 10, 0, 0, 0.01%, 0, 0, 1, 42.22
1734234330, 5, 0, 10, 0, 0, 0.01%, 0, 0, 1, 42.87
1734234335, 5, 1, 10, 0, 0, 0.01%, 0, 0, 1, 42.54
1734234341, 5, 2, 10, 0, 0, 0.01%, 0, 0, 1, 42.14
1734234346, 5, 3, 10, 0, 0, 0.01%, 0, 0, 1, 41.45
1734234351, 5, 4, 10, 0, 0, 0.01%, 0, 0, 1, 44.40
1734234356, 5, 5, 10, 0, 0, 0.01%, 0, 0, 1, 45.17
1734234366, 5, 6, 10, 0, 0, 0.01%, 0, 0, 1, 42.04
1734234371, 5, 7, 10, 0, 0, 0.01%, 0, 0, 1, 43.44
1734234376, 5, 8, 10, 0, 0, 0.01%, 0, 0, 1, 42.44
1734234381, 5, 9, 10, 0, 0, 0.01%, 0, 0, 1, 44.26
1734234386, 6, 0, 10, 0, 0, 0.01%, 0, 0, 1, 44.12
1734234391, 6, 1, 10, 0, 0, 0.01%, 0, 0, 1, 42.89
1734234401, 6, 2, 10, 0, 0, 0.01%, 0, 0, 1, 43.24
1734234406, 6, 3, 10, 0, 0, 0.01%, 0, 0, 1, 44.07
1734234412, 6, 4, 10, 0, 0, 0.01%, 0, 0, 1, 42.00
1734234417, 6, 5, 10, 0, 0, 0.01%, 0, 0, 1, 44.41
1734234422, 6, 6, 10, 0, 0, 0.01%, 0, 0, 1, 45.01
1734234427, 6, 7, 10, 0, 0, 0.01%, 0, 0, 1, 43.96
1734234437, 6, 8, 10, 0, 0, 0.01%, 0, 0, 1, 42.92
1734234442, 6, 9, 10, 0, 0, 0.01%, 0, 0, 1, 43.70
1734234447, 7, 0, 10, 0, 0, 0.01%, 0, 0, 1, 44.80
1734234452, 7, 1, 10, 0, 0, 0.01%, 0, 0, 1, 45.58
1734234457, 7, 2, 10, 0, 0, 0.01%, 0, 0, 1, 44.16
1734234462, 7, 3, 10, 0, 0, 0.01%, 0, 0, 1, 43.00
1734234467, 7, 4, 10, 0, 0, 0.01%, 0, 0, 1, 43.14
1734234478, 7, 5, 10, 0, 0, 0.01%, 0, 0, 1, 42.51
1734234483, 7, 6, 10, 0, 0, 0.01%, 0, 0, 1, 44.63
1734234488, 7, 7, 10, 0, 0, 0.01%, 0, 0, 1, 44.34
1734234493, 7, 8, 10, 0, 0, 0.01%, 0, 0, 1, 44.04
1734234498, 7, 9, 10, 0, 0, 0.01%, 0, 0, 1, 44.47
1734234503, 8, 0, 10, 0, 0, 0.01%, 0, 0, 1, 42.06
1734234513, 8, 1, 10, 0, 0, 0.01%, 0, 0, 1, 43.98
1734234518, 8, 2, 10, 0, 0, 0.01%, 0, 0, 1, 41.80
1734234523, 8, 3, 10, 0, 0, 0.01%, 0, 0, 1, 42.61
1734234529, 8, 4, 10, 0, 0, 0.01%, 0, 0, 1, 41.37
1734234534, 8, 5, 10, 0, 0, 0.01%, 0, 0, 1, 43.98
1734234539, 8, 6, 10, 0, 0, 0.01%, 0, 0, 1, 42.56
1734234549, 8, 7, 10, 0, 0, 0.01%, 0, 0, 1, 43.35
1734234554, 8, 8, 10, 0, 0, 0.01%, 0, 0, 1, 42.68
1734234559, 8, 9, 10, 0, 0, 0.01%, 0, 0, 1, 43.17
1734234564, 9, 0, 10, 0, 0, 0.01%, 0, 0, 1, 42.79
1734234569, 9, 1, 10, 0, 0, 0.01%, 0, 0, 1, 43.08
1734234574, 9, 2, 10, 0, 0, 0.01%, 0, 0, 1, 44.10
1734234585, 9, 3, 10, 0, 0, 0.01%, 0, 0, 1, 44.12
1734234590, 9, 4, 10, 0, 0, 0.01%, 0, 0, 1, 44.05
1734234595, 9, 5, 10, 0, 0, 0.01%, 0, 0, 1, 42.41
1734234600, 9, 6, 10, 0, 0, 0.01%, 0, 0, 1, 42.70
1734234605, 9, 7, 10, 0, 0, 0.01%, 0, 0, 1, 43.76
1734234610, 9, 8, 10, 0, 0, 0.01%, 0, 0, 1, 44.18
1734234620, 9, 9, 10, 0, 0, 0.01%, 0, 0, 1, 43.62
1734234625, 10, 0, 10, 0, 0, 0.01%, 0, 0, 1, 44.67
1734234630, 10, 1, 10, 0, 0, 0.01%, 0, 0, 1, 44.79
1734234635, 10, 2, 10, 0, 0, 0.01%, 0, 0, 1, 43.81
1734234640, 10, 3, 10, 0, 0, 0.01%, 0, 0, 1, 42.96
1734234646, 10, 4, 10, 0, 0, 0.01%, 0, 0, 1, 44.13
1734234651, 10, 5, 10, 0, 0, 0.01%, 0, 0, 1, 44.01
1734234661, 10, 6, 10, 0, 0, 0.01%, 0, 0, 1, 43.50
1734234666, 10, 7, 10, 0, 0, 0.01%, 0, 0, 1, 42.78
1734234671, 10, 8, 10, 0, 0, 0.01%, 0, 0, 1, 43.27
1734234676, 10, 9, 10, 0, 0, 0.01%, 0, 0, 1, 43.70
1734234681, 11, 0, 10, 0, 0, 0.01%, 0, 0, 1, 44.35
1734234686, 11, 1, 10, 0, 0, 0.01%, 0, 0, 1, 45.50
1734234691, 11, 2, 10, 0, 0, 0.01%, 0, 0, 1, 44.90
1734234701, 11, 3, 10, 0, 0, 0.01%, 0, 0, 1, 43.73
1734234707, 11, 4, 10, 0, 0, 0.01%, 0, 0, 1, 44.93
1734234712, 11, 5, 10, 0, 0, 0.01%, 0, 0, 1, 45.21
1734234717, 11, 6, 10, 0, 0, 0.01%, 0, 0, 1, 45.34
1734234722, 11, 7, 10, 0, 0, 0.01%, 0, 0, 1, 44.28
1734234727, 11, 8, 10, 0, 0, 0.01%, 0, 0, 1, 43.84
1734234732, 11, 9, 10, 0, 0, 0.01%, 0, 0, 1, 44.82
1734234737, 12, 0, 10, 0, 0, 0.01%, 0, 0, 1, 45.45
1734234742, 12, 1, 10, 0, 0, 0.01%, 0, 0, 1, 45.09
1734234752, 12, 2, 10, 0, 0, 0.01%, 0, 0, 1, 45.86
1734234757, 12, 3, 10, 0, 0, 0.01%, 0, 0, 1, 46.73
1734234762, 12, 4, 10, 0, 0, 0.01%, 0, 0, 1, 45.37
1734234767, 12, 5, 10, 0, 0, 0.01%, 0, 0, 1, 46.85
1734234772, 12, 6, 10, 0, 0, 0.01%, 0, 0, 1, 45.98
1734234777, 12, 7, 10, 0, 0, 0.01%, 0, 0, 1, 43.34
1734234783, 12, 8, 10, 0, 0, 0.01%, 0, 0, 1, 44.15
1734234788, 12, 9, 10, 0, 0, 0.01%, 0, 0, 1, 45.53
1734234793, 13, 0, 10, 0, 0, 0.01%, 0, 0, 1, 44.45
1734234803, 13, 1, 10, 0, 0, 0.01%, 0, 0, 1, 47.15
1734234808, 13, 2, 10, 0, 0, 0.01%, 0, 0, 1, 44.42
1734234813, 13, 3, 10, 0, 0, 0.01%, 0, 0, 1, 45.60
1734234818, 13, 4, 10, 0, 0, 0.01%, 0, 0, 1, 47.00
1734234823, 13, 5, 10, 0, 0, 0.01%, 0, 0, 1, 44.47
1734234828, 13, 6, 10, 0, 0, 0.01%, 0, 0, 1, 44.05
1734234833, 13, 7, 10, 0, 0, 0.01%, 0, 0, 1, 44.93
1734234839, 13, 8, 10, 0, 0, 0.01%, 0, 0, 1, 47.02
1734234849, 13, 9, 10, 0, 0, 0.01%, 0, 0, 1, 43.76
1734234854, 14, 0, 10, 0, 0, 0.01%, 0, 0, 1, 44.47
1734234859, 14, 1, 10, 0, 0, 0.01%, 0, 0, 1, 43.69
1734234864, 14, 2, 10, 0, 0, 0.01%, 0, 0, 1, 44.40
1734234869, 14, 3, 10, 0, 0, 0.01%, 0, 0, 1, 44.90
1734234874, 14, 4, 10, 0, 0, 0.01%, 0, 0, 1, 44.85
1734234879, 14, 5, 10, 0, 0, 0.01%, 0, 0, 1, 44.39
1734234884, 14, 6, 10, 0, 0, 0.01%, 0, 0, 1, 45.53
1734234889, 14, 7, 10, 0, 0, 0.01%, 0, 0, 1, 46.49
1734234900, 14, 8, 10, 0, 0, 0.01%, 0, 0, 1, 46.54
1734234905, 14, 9, 10, 0, 0, 0.01%, 0, 0, 1, 46.12
1734234910, 15, 0, 10, 0, 0, 0.01%, 0, 0, 1, 46.07
1734234915, 15, 1, 10, 0, 0, 0.01%, 0, 0, 1, 46.20
1734234920, 15, 2, 10, 0, 0, 0.01%, 0, 0, 1, 47.02
1734234925, 15, 3, 10, 0, 0, 0.01%, 0, 0, 1, 44.38
1734234930, 15, 4, 10, 0, 0, 0.01%, 0, 0, 1, 43.14
1734234950, 15, 5, 10, 0, 0, 0.01%, 0, 0, 1, 45.40
1734234976, 15, 6, 10, 0, 0, 0.01%, 0, 0, 1, 38.43
1734234996, 15, 7, 10, 0, 0, 0.01%, 0, 0, 1, 39.35
1734235016, 15, 8, 10, 0, 0, 0.01%, 0, 0, 1, 40.09
1734235037, 15, 9, 10, 0, 0, 0.01%, 0, 0, 1, 40.66
1734235057, 16, 0, 10, 0, 0, 0.01%, 0, 0, 1, 42.65
1734235078, 16, 1, 10, 0, 0, 0.01%, 0, 0, 1, 45.73
1734235103, 16, 2, 10, 0, 0, 0.01%, 0, 0, 1, 47.28
1734235108, 16, 3, 10, 0, 0, 0.01%, 0, 0, 1, 46.77
1734235113, 16, 4, 10, 0, 0, 0.01%, 0, 0, 1, 43.42
1734235118, 16, 5, 10, 0, 0, 0.01%, 0, 0, 1, 45.98
1734235124, 16, 6, 10, 0, 0, 0.01%, 0, 0, 1, 45.23
1734235129, 16, 7, 10, 0, 0, 0.01%, 0, 0, 1, 47.08
1734235134, 16, 8, 10, 0, 0, 0.01%, 0, 0, 1, 46.33
1734235139, 16, 9, 10, 0, 0, 0.01%, 0, 0, 1, 44.86
1734235144, 17, 0, 10, 0, 0, 0.01%, 0, 0, 1, 46.33
1734235154, 17, 1, 10, 0, 0, 0.01%, 0, 0, 1, 45.54
1734235159, 17, 2, 10, 0, 0, 0.01%, 0, 0, 1, 46.04
1734235164, 17, 3, 10, 0, 0, 0.01%, 0, 0, 1, 45.21
1734235169, 17, 4, 10, 0, 0, 0.01%, 0, 0, 1, 45.86
1734235174, 17, 5, 10, 0, 0, 0.01%, 0, 0, 1, 45.81
1734235179, 17, 6, 10, 0, 0, 0.01%, 0, 0, 1, 45.87
1734235184, 17, 7, 10, 0, 0, 0.01%, 0, 0, 1, 44.22
1734235189, 17, 8, 10, 0, 0, 0.01%, 0, 0, 1, 46.48
1734235195, 17, 9, 10, 0, 0, 0.01%, 0, 0, 1, 46.85
1734235205, 18, 0, 10, 0, 0, 0.01%, 0, 0, 1, 43.47
1734235210, 18, 1, 10, 0, 0, 0.01%, 0, 0, 1, 45.42
1734235215, 18, 2, 10, 0, 0, 0.01%, 0, 0, 1, 45.18
1734235220, 18, 3, 10, 0, 0, 0.01%, 0, 0, 1, 46.55
1734235225, 18, 4, 10, 0, 0, 0.01%, 0, 0, 1, 45.47
1734235230, 18, 5, 10, 0, 0, 0.01%, 0, 0, 1, 45.91
1734235235, 18, 6, 10, 0, 0, 0.01%, 0, 0, 1, 45.69
1734235240, 18, 7, 10, 0, 0, 0.01%, 0, 0, 1, 45.21
1734235245, 18, 8, 10, 0, 0, 0.01%, 0, 0, 1, 45.01
1734235256, 18, 9, 10, 0, 0, 0.01%, 0, 0, 1, 45.59
1734235261, 19, 0, 10, 0, 0, 0.01%, 0, 0, 1, 45.31
1734235266, 19, 1, 10, 0, 0, 0.01%, 0, 0, 1, 45.87
1734235271, 19, 2, 10, 0, 0, 0.01%, 0, 0, 1, 46.40
1734235276, 19, 3, 10, 0, 0, 0.01%, 0, 0, 1, 44.23
1734235281, 19, 4, 10, 0, 0, 0.01%, 0, 0, 1, 44.72
1734235286, 19, 5, 10, 0, 0, 0.01%, 0, 0, 1, 45.80
1734235291, 19, 6, 10, 0, 0, 0.01%, 0, 0, 1, 44.47
1734235301, 19, 7, 10, 0, 0, 0.01%, 0, 0, 1, 44.69
1734235306, 19, 8, 10, 0, 0, 0.01%, 0, 0, 1, 46.48
1734235311, 19, 9, 10, 0, 0, 0.01%, 0, 0, 1, 46.79
1734235316, 20, 0, 10, 0, 0, 0.01%, 0, 0, 1, 45.11
1734235321, 20, 1, 10, 0, 0, 0.01%, 0, 0, 1, 44.98
1734235326, 20, 2, 10, 0, 0, 0.01%, 0, 0, 1, 45.29
1734235332, 20, 3, 10, 0, 0, 0.01%, 0, 0, 1, 44.44
1734235337, 20, 4, 10, 0, 0, 0.01%, 0, 0, 1, 45.39
1734235342, 20, 5, 10, 0, 0, 0.01%, 0, 0, 1, 45.39
1734235352, 20, 6, 10, 0, 0, 0.01%, 0, 0, 1, 44.67
1734235357, 20, 7, 10, 0, 0, 0.01%, 0, 0, 1, 46.49
1734235362, 20, 8, 10, 0, 0, 0.01%, 0, 0, 1, 44.03
1734235367, 20, 9, 10, 0, 0, 0.01%, 0, 0, 1, 45.02
1734235372, 21, 0, 10, 0, 0, 0.01%, 0, 0, 1, 46.78
1734235377, 21, 1, 10, 0, 0, 0.01%, 0, 0, 1, 46.10
1734235382, 21, 2, 10, 0, 0, 0.01%, 0, 0, 1, 45.82
1734235387, 21, 3, 10, 0, 0, 0.01%, 0, 0, 1, 45.60
1734235392, 21, 4, 10, 0, 0, 0.01%, 0, 0, 1, 45.71
1734235403, 21, 5, 10, 0, 0, 0.01%, 0, 0, 1, 45.01
1734235408, 21, 6, 10, 0, 0, 0.01%, 0, 0, 1, 46.08
1734235413, 21, 7, 10, 0, 0, 0.01%, 0, 0, 1, 45.13
1734235418, 21, 8, 10, 0, 0, 0.01%, 0, 0, 1, 44.85
1734235423, 21, 9, 10, 0, 0, 0.01%, 0, 0, 1, 44.74
1734235428, 22, 0, 10, 0, 0, 0.01%, 0, 0, 1, 45.75
1734235433, 22, 1, 10, 0, 0, 0.01%, 0, 0, 1, 45.77
1734235438, 22, 2, 10, 0, 0, 0.01%, 0, 0, 1, 45.52
1734235443, 22, 3, 10, 0, 0, 0.01%, 0, 0, 1, 44.84
1734235453, 22, 4, 10, 0, 0, 0.01%, 0, 0, 1, 45.99
1734235459, 22, 5, 10, 0, 0, 0.01%, 0, 0, 1, 46.71
1734235464, 22, 6, 10, 0, 0, 0.01%, 0, 0, 1, 49.06
1734235469, 22, 7, 10, 0, 0, 0.01%, 0, 0, 1, 45.66
1734235474, 22, 8, 10, 0, 0, 0.01%, 0, 0, 1, 44.21
1734235479, 22, 9, 10, 0, 0, 0.01%, 0, 0, 1, 44.90
1734235484, 23, 0, 10, 0, 0, 0.01%, 0, 0, 1, 46.77
1734235489, 23, 1, 10, 0, 0, 0.01%, 0, 0, 1, 46.60
1734235494, 23, 2, 10, 0, 0, 0.01%, 0, 0, 1, 46.15
1734235499, 23, 3, 10, 0, 0, 0.01%, 0, 0, 1, 47.48
1734235509, 23, 4, 10, 0, 0, 0.01%, 0, 0, 1, 45.17
1734235514, 23, 5, 10, 0, 0, 0.01%, 0, 0, 1, 44.41
1734235520, 23, 6, 10, 0, 0, 0.01%, 0, 0, 1, 44.22
1734235525, 23, 7, 10, 0, 0, 0.01%, 0, 0, 1, 43.23
1734235530, 23, 8, 10, 0, 0, 0.01%, 0, 0, 1, 45.09
1734235535, 23, 9, 10, 0, 0, 0.01%, 0, 0, 1, 44.77
1734235540, 24, 0, 10, 0, 0, 0.01%, 0, 0, 1, 44.50
1734235545, 24, 1, 10, 0, 0, 0.01%, 0, 0, 1, 47.83
1734235550, 24, 2, 10, 0, 0, 0.01%, 0, 0, 1, 44.99
1734235560, 24, 3, 10, 0, 0, 0.01%, 0, 0, 1, 45.59
1734235565, 24, 4, 10, 0, 0, 0.01%, 0, 0, 1, 44.45
1734235570, 24, 5, 10, 0, 0, 0.01%, 0, 0, 1, 45.24
1734235575, 24, 6, 10, 0, 0, 0.01%, 0, 0, 1, 45.82
1734235581, 24, 7, 10, 0, 0, 0.01%, 0, 0, 1, 44.91
1734235586, 24, 8, 10, 0, 0, 0.01%, 0, 0, 1, 42.92
1734235591, 24, 9, 10, 0, 0, 0.01%, 0, 0, 1, 44.48
1734235596, 25, 0, 10, 0, 0, 0.01%, 0, 0, 1, 44.67
1734235606, 25, 1, 10, 0, 0, 0.01%, 0, 0, 1, 43.36
1734235611, 25, 2, 10, 0, 0, 0.01%, 0, 0, 1, 45.89
1734235616, 25, 3, 10, 0, 0, 0.01%, 0, 0, 1, 46.59
1734235621, 25, 4, 10, 0, 0, 0.01%, 0, 0, 1, 48.18
1734235626, 25, 5, 10, 0, 0, 0.01%, 0, 0, 1, 48.18
1734235631, 25, 6, 10, 0, 0, 0.01%, 0, 0, 1, 45.62
1734235636, 25, 7, 10, 0, 0, 0.01%, 0, 0, 1, 46.70
1734235641, 25, 8, 10, 0, 0, 0.01%, 0, 0, 1, 45.21
1734235646, 25, 9, 10, 0, 0, 0.01%, 0, 0, 1, 43.25
1734235656, 26, 0, 10, 0, 0, 0.01%, 0, 0, 1, 44.97
1734235662, 26, 1, 10, 0, 0, 0.01%, 0, 0, 1, 45.23
1734235667, 26, 2, 10, 0, 0, 0.01%, 0, 0, 1, 45.41
1734235672, 26, 3, 10, 0, 0, 0.01%, 0, 0, 1, 46.49
1734235677, 26, 4, 10, 0, 0, 0.01%, 0, 0, 1, 47.49
1734235682, 26, 5, 10, 0, 0, 0.01%, 0, 0, 1, 45.86
1734235687, 26, 6, 10, 0, 0, 0.01%, 0, 0, 1, 46.32
1734235692, 26, 7, 10, 0, 0, 0.01%, 0, 0, 1, 43.28
1734235697, 26, 8, 10, 0, 0, 0.01%, 0, 0, 1, 47.29
1734235707, 26, 9, 10, 0, 0, 0.01%, 0, 0, 1, 44.85
1734235712, 27, 0, 10, 0, 0, 0.01%, 0, 0, 1, 45.35
1734235717, 27, 1, 10, 0, 0, 0.01%, 0, 0, 1, 46.65
1734235722, 27, 2, 10, 0, 0, 0.01%, 0, 0, 1, 44.46
1734235727, 27, 3, 10, 0, 0, 0.01%, 0, 0, 1, 47.55
1734235733, 27, 4, 10, 0, 0, 0.01%, 0, 0, 1, 45.67
1734235738, 27, 5, 10, 0, 0, 0.01%, 0, 0, 1, 45.85
1734235743, 27, 6, 10, 0, 0, 0.01%, 0, 0, 1, 44.60
1734235748, 27, 7, 10, 0, 0, 0.01%, 0, 0, 1, 44.85
1734235758, 27, 8, 10, 0, 0, 0.01%, 0, 0, 1, 45.70
1734235763, 27, 9, 10, 0, 0, 0.01%, 0, 0, 1, 45.40
1734235768, 28, 0, 10, 0, 0, 0.01%, 0, 0, 1, 45.33
1734235773, 28, 1, 10, 0, 0, 0.01%, 0, 0, 1, 46.15
1734235778, 28, 2, 10, 0, 0, 0.01%, 0, 0, 1, 44.49
1734235783, 28, 3, 10, 0, 0, 0.01%, 0, 0, 1, 45.17
1734235789, 28, 4, 10, 0, 0, 0.01%, 0, 0, 1, 46.67
1734235794, 28, 5, 10, 0, 0, 0.01%, 0, 0, 1, 45.48
1734235799, 28, 6, 10, 0, 0, 0.01%, 0, 0, 1, 43.83
1734235809, 28, 7, 10, 0, 0, 0.01%, 0, 0, 1, 45.78
1734235814, 28, 8, 10, 0, 0, 0.01%, 0, 0, 1, 43.93
1734235819, 28, 9, 10, 0, 0, 0.01%, 0, 0, 1, 42.21
1734235824, 29, 0, 10, 0, 0, 0.01%, 0, 0, 1, 42.30
1734235829, 29, 1, 10, 0, 0, 0.01%, 0, 0, 1, 45.81
1734235834, 29, 2, 10, 0, 0, 0.01%, 0, 0, 1, 43.31
1734235839, 29, 3, 10, 0, 0, 0.01%, 0, 0, 1, 44.88
1734235844, 29, 4, 10, 0, 0, 0.01%, 0, 0, 1, 45.61
1734235854, 29, 5, 10, 0, 0, 0.01%, 0, 0, 1, 45.70
1734235860, 29, 6, 10, 0, 0, 0.01%, 0, 0, 1, 44.24
1734235865, 29, 7, 10, 0, 0, 0.01%, 0, 0, 1, 44.61
1734235870, 29, 8, 10, 0, 0, 0.01%, 0, 0, 1, 44.28
1734235875, 29, 9, 10, 0, 0, 0.01%, 0, 0, 1, 43.93
1734235880, 30, 0, 10, 0, 0, 0.01%, 0, 0, 1, 45.07
1734235885, 30, 1, 10, 0, 0, 0.01%, 0, 0, 1, 44.67
1734235890, 30, 2, 10, 0, 0, 0.01%, 0, 0, 1, 44.07
1734235900, 30, 3, 10, 0, 0, 0.01%, 0, 0, 1, 45.61
1734235905, 30, 4, 10, 0, 0, 0.01%, 0, 0, 1, 44.47
1734235910, 30, 5, 10, 0, 0, 0.01%, 0, 0, 1, 45.73
1734235915, 30, 6, 10, 0, 0, 0.01%, 0, 0, 1, 44.01
1734235920, 30, 7, 10, 0, 0, 0.01%, 0, 0, 1, 45.52
1734235925, 30, 8, 10, 0, 0, 0.01%, 0, 0, 1, 46.43
1734235930, 30, 9, 10, 0, 0, 0.01%, 0, 0, 1, 46.43
1734235936, 31, 0, 10, 0, 0, 0.01%, 0, 0, 1, 46.45
1734235941, 31, 1, 10, 0, 0, 0.01%, 0, 0, 1, 46.36
1734235951, 31, 2, 10, 0, 0, 0.01%, 0, 0, 1, 44.00
1734235956, 31, 3, 10, 0, 0, 0.01%, 0, 0, 1, 45.02
1734235961, 31, 4, 10, 0, 0, 0.01%, 0, 0, 1, 45.57
1734235966, 31, 5, 10, 0, 0, 0.01%, 0, 0, 1, 44.65
1734235971, 31, 6, 10, 0, 0, 0.01%, 0, 0, 1, 45.93
1734235976, 31, 7, 10, 0, 0, 0.01%, 0, 0, 1, 44.17
1734235981, 31, 8, 10, 0, 0, 0.01%, 0, 0, 1, 45.70
1734235986, 31, 9, 10, 0, 0, 0.01%, 0, 0, 1, 45.40
1734235996, 32, 0, 10, 0, 0, 0.01%, 0, 0, 1, 44.57
1734236002, 32, 1, 10, 0, 0, 0.01%, 0, 0, 1, 46.07
1734236007, 32, 2, 10, 0, 0, 0.01%, 0, 0, 1, 47.91
1734236012, 32, 3, 10, 0, 0, 0.01%, 0, 0, 1, 48.05
1734236017, 32, 4, 10, 0, 0, 0.01%, 0, 0, 1, 46.82
1734236022, 32, 5, 10, 0, 0, 0.01%, 0, 0, 1, 45.42
1734236027, 32, 6, 10, 0, 0, 0.01%, 0, 0, 1, 44.85
1734236032, 32, 7, 10, 0, 0, 0.01%, 0, 0, 1, 46.62
1734236037, 32, 8, 10, 0, 0, 0.01%, 0, 0, 1, 45.56
1734236042, 32, 9, 10, 0, 0, 0.01%, 0, 0, 1, 45.26
1734236052, 33, 0, 10, 0, 0, 0.01%, 0, 0, 1, 43.89
1734236057, 33, 1, 10, 0, 0, 0.01%, 0, 0, 1, 45.37
1734236062, 33, 2, 10, 0, 0, 0.01%, 0, 0, 1, 44.41
1734236068, 33, 3, 10, 0, 0, 0.01%, 0, 0, 1, 44.95
1734236073, 33, 4, 10, 0, 0, 0.01%, 0, 0, 1, 45.39
1734236078, 33, 5, 10, 0, 0, 0.01%, 0, 0, 1, 45.95
1734236083, 33, 6, 10, 0, 0, 0.01%, 0, 0, 1, 45.60
1734236088, 33, 7, 10, 0, 0, 0.01%, 0, 0, 1, 44.45
1734236093, 33, 8, 10, 0, 0, 0.01%, 0, 0, 1, 46.01
1734236103, 33, 9, 10, 0, 0, 0.01%, 0, 0, 1, 44.47
1734236108, 34, 0, 10, 0, 0, 0.01%, 0, 0, 1, 45.31
1734236114, 34, 1, 10, 0, 0, 0.01%, 0, 0, 1, 44.48
1734236119, 34, 2, 10, 0, 0, 0.01%, 0, 0, 1, 44.27
1734236124, 34, 3, 10, 0, 0, 0.01%, 0, 0, 1, 43.28
1734236129, 34, 4, 10, 0, 0, 0.01%, 0, 0, 1, 43.63
1734236134, 34, 5, 10, 0, 0, 0.01%, 0, 0, 1, 46.61
1734236139, 34, 6, 10, 0, 0, 0.01%, 0, 0, 1, 45.59
1734236149, 34, 7, 10, 0, 0, 0.01%, 0, 0, 1, 45.34
1734236154, 34, 8, 10, 0, 0, 0.01%, 0, 0, 1, 45.44
1734236159, 34, 9, 10, 0, 0, 0.01%, 0, 0, 1, 45.72
1734236164, 35, 0, 10, 0, 0, 0.01%, 0, 0, 1, 43.59
1734236170, 35, 1, 10, 0, 0, 0.01%, 0, 0, 1, 46.31
1734236175, 35, 2, 10, 0, 0, 0.01%, 0, 0, 1, 47.16
1734236180, 35, 3, 10, 0, 0, 0.01%, 0, 0, 1, 47.21
1734236185, 35, 4, 10, 0, 0, 0.01%, 0, 0, 1, 45.61
1734236190, 35, 5, 10, 0, 0, 0.01%, 0, 0, 1, 45.52
1734236195, 35, 5, 11, 1, 0, 0.14%, 1, 0, 2, 44.46
1734236200, 35, 10, 13, 3, 1, 0.14%, 3, 0, 3, 60.24
1734236220, 35, 10, 14, 4, 1, 0.14%, 4, 0, 3, 49.63
1734236327, 35, 12, 14, 2, 2, 0.14%, 4, 0, 3, 66.26
1734236383, 35, 13, 15, 2, 1, 0.14%, 5, 0, 4, 74.41
1734236439, 35, 14, 15, 1, 1, 0.14%, 5, 0, 4, 64.55
1734236541, 38, 11, 15, 0, 0, 0.14%, 5, 0, 4, 56.16
1734236581, 38, 11, 16, 1, 0, 0.14%, 5, 0, 4, 50.35
1734236586, 38, 11, 17, 2, 0, 0.14%, 5, 0, 4, 50.49
1734236612, 38, 11, 18, 3, 0, 0.14%, 5, 0, 4, 49.89
1734236688, 39, 12, 18, 2, 0, 0.14%, 5, 0, 4, 47.28
1734236704, 39, 12, 19, 3, 0, 0.14%, 5, 0, 4, 46.20
1734236709, 39, 12, 20, 4, 0, 0.14%, 5, 0, 4, 50.93
1734236714, 39, 19, 20, 4, 1, 0.14%, 5, 0, 4, 73.75
1734236800, 40, 12, 20, 3, 0, 0.14%, 5, 0, 4, 46.31
1734236820, 40, 12, 21, 4, 0, 0.14%, 5, 0, 4, 50.92
1734236835, 40, 20, 21, 4, 1, 0.14%, 5, 0, 4, 60.94
1734236861, 40, 20, 22, 5, 1, 0.14%, 5, 0, 5, 57.53
1734236957, 40, 20, 23, 6, 1, 0.14%, 5, 0, 5, 49.42
1734236967, 41, 12, 23, 3, 0, 0.14%, 5, 0, 5, 50.79
1734237013, 41, 18, 23, 3, 0, 0.14%, 5, 0, 5, 75.43
1734237064, 41, 18, 25, 5, 0, 0.14%, 5, 0, 5, 55.12
1734237080, 41, 18, 26, 6, 0, 0.14%, 5, 0, 5, 58.30
1734237151, 41, 24, 26, 5, 1, 0.14%, 5, 0, 5, 63.47
1734237201, 41, 24, 27, 6, 1, 0.14%, 5, 0, 6, 59.34
1734237211, 41, 24, 28, 7, 1, 0.14%, 5, 0, 6, 59.82
1734237222, 41, 24, 29, 8, 1, 0.14%, 5, 0, 6, 58.83
1734237298, 41, 26, 29, 7, 2, 0.14%, 5, 0, 6, 52.35
1734238645, 41, 26, 31, 9, 2, 0.14%, 5, 0, 7, 95.97
1734238660, 41, 26, 32, 10, 2, 0.14%, 5, 0, 7, 88.13
1734238665, 41, 26, 33, 11, 2, 0.14%, 6, 0, 7, 93.27
1734238691, 41, 26, 34, 12, 2, 0.14%, 6, 0, 7, 91.29
1734238716, 41, 33, 34, 11, 1, 0.14%, 6, 0, 7, 52.86
1734238792, 41, 33, 35, 12, 1, 0.14%, 7, 0, 8, 110.40
1734240063, 41, 34, 35, 11, 1, 0.14%, 7, 0, 8, 58.68
1734240078, 42, 22, 35, 9, 0, 0.14%, 7, 0, 8, 63.30
1734240099, 42, 22, 36, 10, 0, 0.14%, 7, 0, 8, 64.60
1734240195, 42, 28, 36, 10, 1, 0.14%, 7, 0, 8, 66.19
1734240236, 42, 28, 37, 11, 1, 0.14%, 7, 0, 8, 110.56
1734240241, 42, 28, 38, 12, 1, 0.14%, 7, 0, 8, 106.72
1734240588, 43, 36, 38, 8, 0, 0.14%, 7, 0, 8, 41.25
1734240593, 44, 35, 38, 6, 0, 0.14%, 7, 0, 8, 56.52
1734240670, 45, 29, 38, 6, 0, 0.14%, 7, 0, 8, 49.42
1734240675, 45, 31, 38, 5, 0, 0.14%, 7, 0, 8, 37.53
1734240690, 45, 32, 38, 4, 0, 0.14%, 7, 0, 8, 34.14
1734240705, 46, 32, 38, 2, 0, 0.14%, 7, 0, 8, 100.70
1734242062, 49, 27, 38, 0, 0, 0.14%, 7, 0, 8, 78.65
1734242174, 49, 35, 38, 0, 0, 0.14%, 7, 0, 8, 57.29
1734242184, 49, 35, 39, 1, 0, 0.14%, 7, 0, 8, 58.78
1734242214, 49, 38, 39, 1, 1, 0.14%, 7, 0, 8, 39.87
1734243671, 49, 38, 41, 3, 1, 0.14%, 7, 0, 8, 94.35
1734243717, 49, 40, 41, 2, 1, 0.14%, 7, 0, 8, 58.93
1734243727, 50, 39, 41, 1, 0, 0.14%, 7, 0, 8, 34.41
1734245231, 52, 12, 41, 0, 0, 0.14%, 7, 0, 8, 53.39
1734245272, 54, 40, 41, 0, 0, 0.14%, 7, 0, 8, 104.56
1734246607, 55, 35, 41, 0, 0, 0.14%, 7, 0, 8, 68.63
1734246648, 56, 32, 41, 0, 0, 0.14%, 7, 0, 8, 66.54
1734246653, 56, 35, 41, 0, 0, 0.14%, 7, 0, 8, 64.99
1734246693, 56, 40, 41, 0, 0, 0.14%, 7, 0, 8, 80.57
1734246719, 57, 32, 41, 0, 0, 0.14%, 7, 0, 8, 74.36
1734246724, 57, 40, 41, 0, 0, 0.14%, 7, 0, 8, 78.04
1734246760, 58, 32, 41, 0, 0, 0.14%, 7, 0, 8, 80.42
1734246775, 58, 40, 41, 0, 0, 0.14%, 7, 0, 8, 59.78
1734246816, 59, 32, 41, 0, 0, 0.14%, 7, 0, 8, 81.65
1734246846, 59, 35, 41, 0, 0, 0.14%, 7, 0, 8, 70.16
1734246887, 59, 40, 41, 0, 0, 0.14%, 7, 0, 8, 66.95
1734246923, 60, 32, 41, 0, 0, 0.14%, 7, 0, 8, 87.39
1734246953, 60, 40, 41, 0, 0, 0.14%, 7, 0, 8, 71.23
1734246989, 61, 40, 41, 0, 0, 0.14%, 7, 0, 8, 83.77
1734247019, 62, 40, 41, 0, 0, 0.14%, 7, 0, 8, 54.97
1734247055, 63, 40, 41, 0, 0, 0.14%, 7, 0, 8, 86.37
1734247091, 64, 40, 41, 0, 0, 0.14%, 7, 0, 8, 72.67
1734247121, 74, 12, 41, 0, 0, 0.14%, 7, 0, 8, 71.31
1734247167, 81, 34, 41, 0, 0, 0.14%, 7, 0, 8, 106.54
1734248514, 88, 13, 41, 0, 0, 0.14%, 7, 0, 8, 54.36
1734248524, 94, 31, 41, 0, 0, 0.14%, 7, 0, 8, 96.67
1734249933, 100, 16, 41, 0, 0, 0.14%, 7, 0, 8, 92.54
1734250005, 102, 25, 41, 0, 0, 0.14%, 7, 0, 8, 64.91
1734250458, 105, 12, 41, 0, 0, 0.14%, 7, 0, 8, 56.42
1734250493, 105, 35, 41, 0, 0, 0.14%, 7, 0, 8, 58.60
1734250534, 107, 35, 41, 0, 0, 0.14%, 7, 0, 8, 63.94
1734250574, 108, 13, 41, 0, 0, 0.14%, 7, 0, 8, 55.15
1734250595, 112, 13, 41, 0, 0, 0.14%, 7, 0, 8, 52.85
1734250630, 131, 12, 41, 0, 0, 0.14%, 7, 0, 8, 67.47
1734250671, 134, 13, 41, 0, 0, 0.14%, 7, 0, 8, 59.73
1734250711, 136, 13, 41, 0, 0, 0.14%, 7, 0, 8, 57.62
1734250752, 136, 14, 41, 0, 0, 0.14%, 7, 0, 8, 56.61
1734250772, 139, 14, 41, 0, 0, 0.14%, 7, 0, 8, 58.86
1734250808, 144, 13, 41, 0, 0, 0.14%, 7, 0, 8, 65.15
1734250848, 147, 30, 41, 0, 0, 0.14%, 7, 0, 8, 105.00
1734251124, 149, 35, 41, 0, 0, 0.14%, 7, 0, 8, 60.90
1734251159, 152, 22, 41, 0, 0, 0.14%, 7, 0, 8, 60.04
1734251165, 153, 21, 41, 0, 0, 0.14%, 7, 0, 8, 59.59
1734251225, 157, 12, 41, 0, 0, 0.14%, 7, 0, 8, 60.04
1734251266, 157, 18, 41, 0, 0, 0.14%, 7, 0, 8, 61.87
1734251281, 157, 27, 41, 0, 0, 0.14%, 7, 0, 8, 59.44
1734251301, 158, 13, 41, 0, 0, 0.14%, 7, 0, 8, 55.76
1734251337, 159, 27, 41, 0, 0, 0.14%, 7, 0, 8, 62.90
1734251378, 161, 35, 41, 0, 0, 0.14%, 7, 0, 8, 59.06
1734251418, 162, 35, 41, 0, 0, 0.14%, 7, 0, 8, 60.98
1734251459, 168, 11, 41, 0, 0, 0.14%, 7, 0, 8, 56.46
1734251464, 171, 37, 41, 0, 0, 0.14%, 7, 0, 8, 82.41
1734251550, 174, 12, 41, 0, 0, 0.14%, 7, 0, 8, 54.15
1734251591, 176, 11, 41, 0, 0, 0.14%, 7, 0, 8, 58.36
1734251596, 176, 29, 41, 0, 0, 0.14%, 7, 0, 8, 70.72
