# unix_time, cycles_done, cur_path, paths_total, pending_total, pending_favs, map_size, unique_crashes, unique_hangs, max_depth, execs_per_sec
1735665717, 0, 0, 10, 10, 1, 0.01%, 0, 0, 1, 36.23
1735665722, 0, 3, 10, 10, 1, 0.01%, 0, 0, 1, 37.24
1735665738, 1, 0, 10, 3, 0, 0.01%, 0, 0, 1, 46.63
1735665743, 1, 1, 10, 2, 0, 0.01%, 0, 0, 1, 46.65
1735665748, 1, 2, 10, 1, 0, 0.01%, 0, 0, 1, 45.93
1735665753, 1, 3, 10, 0, 0, 0.01%, 0, 0, 1, 45.15
1735665758, 1, 4, 10, 0, 0, 0.01%, 0, 0, 1, 45.73
1735665768, 1, 5, 10, 0, 0, 0.01%, 0, 0, 1, 45.03
1735665773, 1, 6, 10, 0, 0, 0.01%, 0, 0, 1, 46.13
1735665778, 1, 7, 10, 0, 0, 0.01%, 0, 0, 1, 45.58
1735665783, 1, 8, 10, 0, 0, 0.01%, 0, 0, 1, 45.66
1735665788, 1, 9, 10, 0, 0, 0.01%, 0, 0, 1, 45.25
1735665793, 2, 0, 10, 0, 0, 0.01%, 0, 0, 1, 44.59
1735665799, 2, 1, 10, 0, 0, 0.01%, 0, 0, 1, 47.67
1735665804, 2, 2, 10, 0, 0, 0.01%, 0, 0, 1, 46.79
1735665809, 2, 3, 10, 0, 0, 0.01%, 0, 0, 1, 45.69
1735665814, 2, 4, 10, 0, 0, 0.01%, 0, 0, 1, 45.61
1735665824, 2, 5, 10, 0, 0, 0.01%, 0, 0, 1, 45.87
1735665829, 2, 6, 10, 0, 0, 0.01%, 0, 0, 1, 48.69
1735665834, 2, 7, 10, 0, 0, 0.01%, 0, 0, 1, 48.22
1735665839, 2, 8, 10, 0, 0, 0.01%, 0, 0, 1, 43.51
1735665844, 2, 9, 10, 0, 0, 0.01%, 0, 0, 1, 45.34
1735665849, 3, 0, 10, 0, 0, 0.01%, 0, 0, 1, 44.55
1735665854, 3, 1, 10, 0, 0, 0.01%, 0, 0, 1, 44.78
1735665859, 3, 2, 10, 0, 0, 0.01%, 0, 0, 1, 46.51
1735665865, 3, 3, 10, 0, 0, 0.01%, 0, 0, 1, 44.53
1735665870, 3, 4, 10, 0, 0, 0.01%, 0, 0, 1, 45.79
1735665875, 3, 5, 10, 0, 0, 0.01%, 0, 0, 1, 45.82
1735665885, 3, 6, 10, 0, 0, 0.01%, 0, 0, 1, 45.56
1735665890, 3, 7, 10, 0, 0, 0.01%, 0, 0, 1, 47.66
1735665895, 3, 8, 10, 0, 0, 0.01%, 0, 0, 1, 45.91
1735665900, 3, 9, 10, 0, 0, 0.01%, 0, 0, 1, 44.69
1735665906, 4, 0, 10, 0, 0, 0.01%, 0, 0, 1, 47.46
1735665911, 4, 1, 10, 0, 0, 0.01%, 0, 0, 1, 45.98
1735665916, 4, 2, 10, 0, 0, 0.01%, 0, 0, 1, 44.93
1735665921, 4, 3, 10, 0, 0, 0.01%, 0, 0, 1, 45.00
1735665926, 4, 4, 10, 0, 0, 0.01%, 0, 0, 1, 45.25
1735665936, 4, 5, 10, 0, 0, 0.01%, 0, 0, 1, 44.80
1735665941, 4, 6, 10, 0, 0, 0.01%, 0, 0, 1, 44.86
1735665946, 4, 7, 10, 0, 0, 0.01%, 0, 0, 1, 46.49
1735665951, 4, 8, 10, 0, 0, 0.01%, 0, 0, 1, 45.94
1735665956, 4, 9, 10, 0, 0, 0.01%, 0, 0, 1, 44.88
1735665961, 5, 0, 10, 0, 0, 0.01%, 0, 0, 1, 45.01
1735665966, 5, 1, 10, 0, 0, 0.01%, 0, 0, 1, 45.00
1735665971, 5, 2, 10, 0, 0, 0.01%, 0, 0, 1, 45.09
1735665976, 5, 3, 10, 0, 0, 0.01%, 0, 0, 1, 45.22
1735665981, 5, 4, 10, 0, 0, 0.01%, 0, 0, 1, 48.28
1735665992, 5, 5, 10, 0, 0, 0.01%, 0, 0, 1, 44.88
1735665997, 5, 6, 10, 0, 0, 0.01%, 0, 0, 1, 45.48
1735666002, 5, 7, 10, 0, 0, 0.01%, 0, 0, 1, 46.76
1735666007, 5, 8, 10, 0, 0, 0.01%, 0, 0, 1, 47.34
1735666012, 5, 9, 10, 0, 0, 0.01%, 0, 0, 1, 45.60
1735666017, 6, 0, 10, 0, 0, 0.01%, 0, 0, 1, 46.77
1735666022, 6, 1, 10, 0, 0, 0.01%, 0, 0, 1, 46.15
1735666027, 6, 2, 10, 0, 0, 0.01%, 0, 0, 1, 45.12
1735666032, 6, 3, 10, 0, 0, 0.01%, 0, 0, 1, 48.40
1735666037, 6, 4, 10, 0, 0, 0.01%, 0, 0, 1, 47.85
1735666042, 6, 5, 10, 0, 0, 0.01%, 0, 0, 1, 44.75
1735666052, 6, 6, 10, 0, 0, 0.01%, 0, 0, 1, 46.75
1735666058, 6, 7, 10, 0, 0, 0.01%, 0, 0, 1, 47.28
1735666063, 6, 8, 10, 0, 0, 0.01%, 0, 0, 1, 45.21
1735666068, 6, 9, 10, 0, 0, 0.01%, 0, 0, 1, 45.85
1735666073, 7, 0, 10, 0, 0, 0.01%, 0, 0, 1, 45.18
1735666078, 7, 1, 10, 0, 0, 0.01%, 0, 0, 1, 44.17
1735666083, 7, 2, 10, 0, 0, 0.01%, 0, 0, 1, 44.13
1735666088, 7, 3, 10, 0, 0, 0.01%, 0, 0, 1, 48.82
1735666093, 7, 4, 10, 0, 0, 0.01%, 0, 0, 1, 45.51
1735666098, 7, 5, 10, 0, 0, 0.01%, 0, 0, 1, 46.01
1735666103, 7, 6, 10, 0, 0, 0.01%, 0, 0, 1, 44.61
1735666108, 7, 7, 10, 0, 0, 0.01%, 0, 0, 1, 46.13
1735666118, 7, 8, 10, 0, 0, 0.01%, 0, 0, 1, 45.30
1735666123, 7, 9, 10, 0, 0, 0.01%, 0, 0, 1, 43.50
1735666129, 8, 0, 10, 0, 0, 0.01%, 0, 0, 1, 46.47
1735666134, 8, 1, 10, 0, 0, 0.01%, 0, 0, 1, 43.72
1735666139, 8, 2, 10, 0, 0, 0.01%, 0, 0, 1, 43.87
1735666144, 8, 3, 10, 0, 0, 0.01%, 0, 0, 1, 44.87
1735666149, 8, 4, 10, 0, 0, 0.01%, 0, 0, 1, 46.82
1735666154, 8, 5, 10, 0, 0, 0.01%, 0, 0, 1, 46.60
1735666159, 8, 6, 10, 0, 0, 0.01%, 0, 0, 1, 48.67
1735666164, 8, 7, 10, 0, 0, 0.01%, 0, 0, 1, 46.09
1735666174, 8, 8, 10, 0, 0, 0.01%, 0, 0, 1, 46.12
1735666179, 8, 9, 10, 0, 0, 0.01%, 0, 0, 1, 46.20
1735666184, 9, 0, 10, 0, 0, 0.01%, 0, 0, 1, 45.96
1735666189, 9, 1, 10, 0, 0, 0.01%, 0, 0, 1, 46.42
1735666194, 9, 2, 10, 0, 0, 0.01%, 0, 0, 1, 45.26
1735666199, 9, 3, 10, 0, 0, 0.01%, 0, 0, 1, 45.96
1735666205, 9, 4, 10, 0, 0, 0.01%, 0, 0, 1, 45.96
1735666210, 9, 5, 10, 0, 0, 0.01%, 0, 0, 1, 45.70
1735666215, 9, 6, 10, 0, 0, 0.01%, 0, 0, 1, 45.51
1735666220, 9, 7, 10, 0, 0, 0.01%, 0, 0, 1, 48.50
1735666225, 9, 8, 10, 0, 0, 0.01%, 0, 0, 1, 46.07
1735666235, 9, 9, 10, 0, 0, 0.01%, 0, 0, 1, 44.73
1735666240, 10, 0, 10, 0, 0, 0.01%, 0, 0, 1, 46.87
1735666246, 10, 1, 10, 0, 0, 0.01%, 0, 0, 1, 44.16
1735666251, 10, 2, 10, 0, 0, 0.01%, 0, 0, 1, 45.57
1735666256, 10, 3, 10, 0, 0, 0.01%, 0, 0, 1, 44.84
1735666261, 10, 4, 10, 0, 0, 0.01%, 0, 0, 1, 45.65
1735666266, 10, 5, 10, 0, 0, 0.01%, 0, 0, 1, 44.99
1735666271, 10, 6, 10, 0, 0, 0.01%, 0, 0, 1, 44.39
1735666276, 10, 7, 10, 0, 0, 0.01%, 0, 0, 1, 47.70
1735666281, 10, 8, 10, 0, 0, 0.01%, 0, 0, 1, 45.52
1735666291, 10, 9, 10, 0, 0, 0.01%, 0, 0, 1, 44.10
1735666296, 11, 0, 10, 0, 0, 0.01%, 0, 0, 1, 47.66
1735666301, 11, 1, 10, 0, 0, 0.01%, 0, 0, 1, 45.31
1735666307, 11, 2, 10, 0, 0, 0.01%, 0, 0, 1, 45.82
1735666312, 11, 3, 10, 0, 0, 0.01%, 0, 0, 1, 45.85
1735666317, 11, 4, 10, 0, 0, 0.01%, 0, 0, 1, 48.18
1735666322, 11, 5, 10, 0, 0, 0.01%, 0, 0, 1, 48.63
1735666327, 11, 6, 10, 0, 0, 0.01%, 0, 0, 1, 46.33
1735666332, 11, 7, 10, 0, 0, 0.01%, 0, 0, 1, 48.67
1735666337, 11, 8, 10, 0, 0, 0.01%, 0, 0, 1, 48.55
1735666342, 11, 9, 10, 0, 0, 0.01%, 0, 0, 1, 48.78
1735666347, 12, 0, 10, 0, 0, 0.01%, 0, 0, 1, 46.83
1735666352, 12, 1, 10, 0, 0, 0.01%, 0, 0, 1, 50.49
1735666357, 12, 2, 10, 0, 0, 0.01%, 0, 0, 1, 47.60
1735666368, 12, 3, 10, 0, 0, 0.01%, 0, 0, 1, 45.88
1735666373, 12, 4, 10, 0, 0, 0.01%, 0, 0, 1, 48.92
1735666378, 12, 5, 10, 0, 0, 0.01%, 0, 0, 1, 47.30
1735666383, 12, 6, 10, 0, 0, 0.01%, 0, 0, 1, 49.02
1735666388, 12, 7, 10, 0, 0, 0.01%, 0, 0, 1, 47.57
1735666393, 12, 8, 10, 0, 0, 0.01%, 0, 0, 1, 48.74
1735666398, 12, 9, 10, 0, 0, 0.01%, 0, 0, 1, 47.27
1735666403, 13, 0, 10, 0, 0, 0.01%, 0, 0, 1, 49.79
1735666408, 13, 1, 10, 0, 0, 0.01%, 0, 0, 1, 48.27
1735666413, 13, 2, 10, 0, 0, 0.01%, 0, 0, 1, 49.66
1735666419, 13, 3, 10, 0, 0, 0.01%, 0, 0, 1, 48.69
1735666424, 13, 4, 10, 0, 0, 0.01%, 0, 0, 1, 51.40
1735666429, 13, 5, 10, 0, 0, 0.01%, 0, 0, 1, 48.22
1735666434, 13, 6, 10, 0, 0, 0.01%, 0, 0, 1, 48.75
1735666439, 13, 7, 10, 0, 0, 0.01%, 0, 0, 1, 46.36
1735666444, 13, 8, 10, 0, 0, 0.01%, 0, 0, 1, 46.97
1735666449, 13, 9, 10, 0, 0, 0.01%, 0, 0, 1, 47.44
1735666454, 14, 0, 10, 0, 0, 0.01%, 0, 0, 1, 49.40
1735666464, 14, 1, 10, 0, 0, 0.01%, 0, 0, 1, 49.88
1735666469, 14, 2, 10, 0, 0, 0.01%, 0, 0, 1, 45.93
1735666474, 14, 3, 10, 0, 0, 0.01%, 0, 0, 1, 48.84
1735666480, 14, 4, 10, 0, 0, 0.01%, 0, 0, 1, 45.85
1735666485, 14, 5, 10, 0, 0, 0.01%, 0, 0, 1, 48.00
1735666490, 14, 6, 10, 0, 0, 0.01%, 0, 0, 1, 46.60
1735666495, 14, 7, 10, 0, 0, 0.01%, 0, 0, 1, 47.08
1735666500, 14, 8, 10, 0, 0, 0.01%, 0, 0, 1, 50.08
1735666505, 14, 9, 10, 0, 0, 0.01%, 0, 0, 1, 48.46
1735666510, 15, 0, 10, 0, 0, 0.01%, 0, 0, 1, 49.37
1735666515, 15, 1, 10, 0, 0, 0.01%, 0, 0, 1, 48.63
1735666520, 15, 2, 10, 0, 0, 0.01%, 0, 0, 1, 47.70
1735666525, 15, 3, 10, 0, 0, 0.01%, 0, 0, 1, 48.84
1735666531, 15, 4, 10, 0, 0, 0.01%, 0, 0, 1, 44.65
1735666551, 15, 5, 10, 0, 0, 0.01%, 0, 0, 1, 45.84
1735666571, 15, 6, 10, 0, 0, 0.01%, 0, 0, 1, 44.16
1735666591, 15, 7, 10, 0, 0, 0.01%, 0, 0, 1, 43.01
1735666612, 15, 8, 10, 0, 0, 0.01%, 0, 0, 1, 42.27
1735666632, 15, 9, 10, 0, 0, 0.01%, 0, 0, 1, 41.68
1735666652, 16, 0, 10, 0, 0, 0.01%, 0, 0, 1, 41.20
1735666673, 16, 1, 10, 0, 0, 0.01%, 0, 0, 1, 41.54
1735666693, 16, 2, 10, 0, 0, 0.01%, 0, 0, 1, 48.89
1735666698, 16, 3, 10, 0, 0, 0.01%, 0, 0, 1, 46.81
1735666703, 16, 4, 10, 0, 0, 0.01%, 0, 0, 1, 47.62
1735666708, 16, 5, 10, 0, 0, 0.01%, 0, 0, 1, 47.10
1735666713, 16, 6, 10, 0, 0, 0.01%, 0, 0, 1, 49.79
1735666718, 16, 7, 10, 0, 0, 0.01%, 0, 0, 1, 48.41
1735666723, 16, 8, 10, 0, 0, 0.01%, 0, 0, 1, 48.42
1735666728, 16, 9, 10, 0, 0, 0.01%, 0, 0, 1, 46.52
1735666733, 17, 0, 10, 0, 0, 0.01%, 0, 0, 1, 46.33
1735666738, 17, 1, 10, 0, 0, 0.01%, 0, 0, 1, 47.73
1735666743, 17, 2, 10, 0, 0, 0.01%, 0, 0, 1, 47.23
1735666748, 17, 3, 10, 0, 0, 0.01%, 0, 0, 1, 48.95
1735666754, 17, 4, 10, 0, 0, 0.01%, 0, 0, 1, 46.47
1735666759, 17, 5, 10, 0, 0, 0.01%, 0, 0, 1, 47.11
1735666769, 17, 6, 10, 0, 0, 0.01%, 0, 0, 1, 45.92
1735666774, 17, 7, 10, 0, 0, 0.01%, 0, 0, 1, 46.43
1735666779, 17, 8, 10, 0, 0, 0.01%, 0, 0, 1, 49.24
1735666784, 17, 9, 10, 0, 0, 0.01%, 0, 0, 1, 48.47
1735666789, 18, 0, 10, 0, 0, 0.01%, 0, 0, 1, 47.18
1735666794, 18, 1, 10, 0, 0, 0.01%, 0, 0, 1, 49.11
1735666799, 18, 2, 10, 0, 0, 0.01%, 0, 0, 1, 48.68
1735666804, 18, 3, 10, 0, 0, 0.01%, 0, 0, 1, 47.21
1735666809, 18, 4, 10, 0, 0, 0.01%, 0, 0, 1, 50.56
1735666814, 18, 5, 10, 0, 0, 0.01%, 0, 0, 1, 47.80
1735666820, 18, 6, 10, 0, 0, 0.01%, 0, 0, 1, 48.82
1735666825, 18, 7, 10, 0, 0, 0.01%, 0, 0, 1, 47.37
1735666830, 18, 8, 10, 0, 0, 0.01%, 0, 0, 1, 46.81
1735666835, 18, 9, 10, 0, 0, 0.01%, 0, 0, 1, 46.51
1735666840, 19, 0, 10, 0, 0, 0.01%, 0, 0, 1, 49.13
1735666845, 19, 1, 10, 0, 0, 0.01%, 0, 0, 1, 48.64
1735666850, 19, 2, 10, 0, 0, 0.01%, 0, 0, 1, 48.64
1735666855, 19, 3, 10, 0, 0, 0.01%, 0, 0, 1, 49.93
1735666860, 19, 4, 10, 0, 0, 0.01%, 0, 0, 1, 50.47
1735666865, 19, 5, 10, 0, 0, 0.01%, 0, 0, 1, 49.15
1735666870, 19, 6, 10, 0, 0, 0.01%, 0, 0, 1, 48.35
1735666875, 19, 7, 10, 0, 0, 0.01%, 0, 0, 1, 47.68
1735666880, 19, 8, 10, 0, 0, 0.01%, 0, 0, 1, 48.49
1735666886, 19, 9, 10, 0, 0, 0.01%, 0, 0, 1, 47.29
1735666891, 20, 0, 10, 0, 0, 0.01%, 0, 0, 1, 48.75
1735666901, 20, 1, 10, 0, 0, 0.01%, 0, 0, 1, 47.80
1735666906, 20, 2, 10, 0, 0, 0.01%, 0, 0, 1, 47.56
1735666911, 20, 3, 10, 0, 0, 0.01%, 0, 0, 1, 48.51
1735666916, 20, 4, 10, 0, 0, 0.01%, 0, 0, 1, 48.93
1735666921, 20, 5, 10, 0, 0, 0.01%, 0, 0, 1, 48.16
1735666926, 20, 6, 10, 0, 0, 0.01%, 0, 0, 1, 47.28
1735666931, 20, 7, 10, 0, 0, 0.01%, 0, 0, 1, 46.81
1735666936, 20, 8, 10, 0, 0, 0.01%, 0, 0, 1, 48.22
1735666942, 20, 9, 10, 0, 0, 0.01%, 0, 0, 1, 49.75
1735666947, 21, 0, 10, 0, 0, 0.01%, 0, 0, 1, 50.30
1735666952, 21, 1, 10, 0, 0, 0.01%, 0, 0, 1, 48.94
1735666957, 21, 2, 10, 0, 0, 0.01%, 0, 0, 1, 47.08
1735666962, 21, 3, 10, 0, 0, 0.01%, 0, 0, 1, 46.83
1735666967, 21, 4, 10, 0, 0, 0.01%, 0, 0, 1, 47.30
1735666972, 21, 5, 10, 0, 0, 0.01%, 0, 0, 1, 48.29
1735666977, 21, 6, 10, 0, 0, 0.01%, 0, 0, 1, 46.25
1735666982, 21, 7, 10, 0, 0, 0.01%, 0, 0, 1, 46.04
1735666987, 21, 8, 10, 0, 0, 0.01%, 0, 0, 1, 49.56
1735666993, 21, 9, 10, 0, 0, 0.01%, 0, 0, 1, 48.28
1735667003, 22, 0, 10, 0, 0, 0.01%, 0, 0, 1, 47.64
1735667008, 22, 1, 10, 0, 0, 0.01%, 0, 0, 1, 46.56
1735667013, 22, 2, 10, 0, 0, 0.01%, 0, 0, 1, 50.36
1735667018, 22, 3, 10, 0, 0, 0.01%, 0, 0, 1, 49.28
1735667023, 22, 4, 10, 0, 0, 0.01%, 0, 0, 1, 46.72
1735667028, 22, 5, 10, 0, 0, 0.01%, 0, 0, 1, 48.06
1735667033, 22, 6, 10, 0, 0, 0.01%, 0, 0, 1, 45.81
1735667038, 22, 7, 10, 0, 0, 0.01%, 0, 0, 1, 49.96
1735667043, 22, 8, 10, 0, 0, 0.01%, 0, 0, 1, 47.75
1735667048, 22, 9, 10, 0, 0, 0.01%, 0, 0, 1, 49.21
1735667053, 23, 0, 10, 0, 0, 0.01%, 0, 0, 1, 45.94
1735667058, 23, 1, 10, 0, 0, 0.01%, 0, 0, 1, 47.46
1735667064, 23, 2, 10, 0, 0, 0.01%, 0, 0, 1, 48.02
1735667069, 23, 3, 10, 0, 0, 0.01%, 0, 0, 1, 48.22
1735667074, 23, 4, 10, 0, 0, 0.01%, 0, 0, 1, 48.47
1735667079, 23, 5, 10, 0, 0, 0.01%, 0, 0, 1, 47.19
1735667084, 23, 6, 10, 0, 0, 0.01%, 0, 0, 1, 47.26
1735667089, 23, 7, 10, 0, 0, 0.01%, 0, 0, 1, 47.23
1735667099, 23, 8, 10, 0, 0, 0.01%, 0, 0, 1, 49.02
1735667104, 23, 9, 10, 0, 0, 0.01%, 0, 0, 1, 49.44
1735667109, 24, 0, 10, 0, 0, 0.01%, 0, 0, 1, 47.52
1735667114, 24, 1, 10, 0, 0, 0.01%, 0, 0, 1, 48.30
1735667119, 24, 2, 10, 0, 0, 0.01%, 0, 0, 1, 45.11
1735667124, 24, 3, 10, 0, 0, 0.01%, 0, 0, 1, 48.46
1735667129, 24, 4, 10, 0, 0, 0.01%, 0, 0, 1, 47.87
1735667134, 24, 5, 10, 0, 0, 0.01%, 0, 0, 1, 47.62
1735667139, 24, 6, 10, 0, 0, 0.01%, 0, 0, 1, 49.12
1735667144, 24, 7, 10, 0, 0, 0.01%, 0, 0, 1, 46.85
1735667150, 24, 8, 10, 0, 0, 0.01%, 0, 0, 1, 47.91
1735667155, 24, 9, 10, 0, 0, 0.01%, 0, 0, 1, 47.77
1735667160, 25, 0, 10, 0, 0, 0.01%, 0, 0, 1, 46.65
1735667165, 25, 1, 10, 0, 0, 0.01%, 0, 0, 1, 45.19
1735667170, 25, 2, 10, 0, 0, 0.01%, 0, 0, 1, 47.96
1735667180, 25, 3, 10, 0, 0, 0.01%, 0, 0, 1, 48.30
1735667185, 25, 4, 10, 0, 0, 0.01%, 0, 0, 1, 48.04
1735667190, 25, 5, 10, 0, 0, 0.01%, 0, 0, 1, 46.93
1735667195, 25, 6, 10, 0, 0, 0.01%, 0, 0, 1, 46.13
1735667200, 25, 7, 10, 0, 0, 0.01%, 0, 0, 1, 47.90
1735667205, 25, 8, 10, 0, 0, 0.01%, 0, 0, 1, 47.70
1735667210, 25, 9, 10, 0, 0, 0.01%, 0, 0, 1, 49.80
1735667215, 26, 0, 10, 0, 0, 0.01%, 0, 0, 1, 50.48
1735667221, 26, 1, 10, 0, 0, 0.01%, 0, 0, 1, 48.78
1735667226, 26, 2, 10, 0, 0, 0.01%, 0, 0, 1, 47.53
1735667231, 26, 3, 10, 0, 0, 0.01%, 0, 0, 1, 49.95
1735667236, 26, 4, 10, 0, 0, 0.01%, 0, 0, 1, 47.00
1735667241, 26, 5, 10, 0, 0, 0.01%, 0, 0, 1, 50.34
1735667246, 26, 6, 10, 0, 0, 0.01%, 0, 0, 1, 48.82
1735667251, 26, 7, 10, 0, 0, 0.01%, 0, 0, 1, 49.11
1735667256, 26, 8, 10, 0, 0, 0.01%, 0, 0, 1, 46.40
1735667261, 26, 9, 10, 0, 0, 0.01%, 0, 0, 1, 49.46
1735667266, 27, 0, 10, 0, 0, 0.01%, 0, 0, 1, 46.74
1735667271, 27, 1, 10, 0, 0, 0.01%, 0, 0, 1, 47.79
1735667276, 27, 2, 10, 0, 0, 0.01%, 0, 0, 1, 47.32
1735667281, 27, 3, 10, 0, 0, 0.01%, 0, 0, 1, 49.81
1735667287, 27, 4, 10, 0, 0, 0.01%, 0, 0, 1, 50.09
1735667292, 27, 5, 10, 0, 0, 0.01%, 0, 0, 1, 50.12
1735667297, 27, 6, 10, 0, 0, 0.01%, 0, 0, 1, 49.04
1735667302, 27, 6, 11, 1, 0, 0.14%, 1, 0, 2, 49.47
1735667307, 29, 10, 11, 0, 0, 0.14%, 1, 0, 2, 55.86
1735667312, 29, 10, 12, 1, 0, 0.14%, 2, 0, 3, 55.37
1735667363, 29, 10, 13, 2, 0, 0.14%, 3, 0, 3, 49.21
1735667388, 29, 12, 14, 2, 1, 0.14%, 4, 0, 4, 72.17
1735667464, 29, 13, 14, 1, 1, 0.14%, 4, 0, 4, 80.77
1735667535, 29, 13, 15, 2, 1, 0.14%, 4, 0, 5, 52.73
1735667560, 29, 14, 16, 2, 1, 0.14%, 4, 0, 6, 72.09
1735667566, 29, 14, 17, 3, 1, 0.14%, 5, 0, 6, 53.05
1735667586, 29, 14, 18, 4, 1, 0.14%, 5, 0, 6, 61.86
1735667713, 29, 14, 19, 5, 1, 0.14%, 5, 0, 6, 48.72
1735667723, 29, 18, 19, 2, 1, 0.14%, 5, 0, 6, 41.60
1735668950, 29, 18, 21, 4, 1, 0.14%, 6, 0, 7, 94.70
1735668955, 29, 18, 22, 5, 1, 0.14%, 7, 0, 7, 90.99
1735668961, 29, 18, 24, 7, 1, 0.14%, 7, 0, 7, 85.92
1735668971, 29, 18, 25, 8, 1, 0.14%, 7, 0, 7, 90.13
1735669022, 30, 16, 25, 6, 0, 0.14%, 7, 0, 7, 56.02
1735669027, 30, 16, 26, 7, 0, 0.14%, 7, 0, 7, 73.22
1735669098, 30, 16, 28, 9, 0, 0.14%, 7, 0, 7, 56.06
1735669103, 30, 25, 29, 10, 1, 0.14%, 7, 0, 8, 62.63
1735669169, 30, 25, 30, 11, 1, 0.14%, 7, 0, 8, 65.06
1735669185, 32, 20, 30, 8, 0, 0.14%, 7, 0, 8, 49.30
1735670561, 32, 21, 30, 7, 0, 0.14%, 7, 0, 8, 45.72
1735670571, 32, 27, 30, 6, 0, 0.14%, 7, 0, 8, 35.04
1735670576, 33, 12, 30, 5, 0, 0.14%, 7, 0, 8, 37.54
1735670586, 33, 12, 31, 6, 0, 0.14%, 7, 0, 8, 57.63
1735670591, 33, 12, 32, 7, 0, 0.14%, 7, 0, 8, 61.31
1735670596, 33, 30, 32, 7, 2, 0.14%, 7, 0, 8, 43.54
1735671844, 33, 30, 33, 8, 2, 0.14%, 7, 0, 8, 45.37
1735671916, 33, 31, 33, 7, 2, 0.14%, 7, 0, 8, 74.77
1735671997, 33, 32, 33, 6, 1, 0.14%, 7, 0, 8, 56.27
1735672008, 35, 29, 33, 5, 0, 0.14%, 7, 0, 8, 88.67
1735672187, 35, 29, 34, 6, 0, 0.14%, 7, 0, 9, 75.09
1735672284, 35, 33, 34, 6, 1, 0.14%, 7, 0, 9, 64.58
1735672494, 35, 33, 35, 7, 1, 0.14%, 7, 0, 10, 76.18
1735672580, 36, 34, 35, 5, 0, 0.14%, 7, 0, 10, 109.36
1735672810, 36, 34, 36, 6, 0, 0.14%, 7, 0, 11, 69.98
1735672881, 36, 35, 36, 6, 1, 0.14%, 7, 0, 11, 88.08
1735672957, 36, 35, 37, 7, 1, 0.14%, 7, 0, 12, 61.06
1735673069, 36, 36, 37, 6, 1, 0.14%, 7, 0, 12, 52.01
1735673074, 37, 21, 37, 5, 0, 0.14%, 7, 0, 12, 107.23
1735674332, 41, 23, 37, 2, 0, 0.14%, 7, 0, 12, 56.33
1735674338, 41, 36, 37, 1, 0, 0.14%, 7, 0, 12, 59.43
1735674853, 41, 36, 38, 2, 0, 0.14%, 7, 0, 13, 80.75
1735674904, 41, 36, 39, 3, 0, 0.14%, 7, 0, 13, 81.51
1735674945, 41, 37, 39, 3, 2, 0.14%, 7, 0, 13, 69.10
1735675179, 41, 37, 40, 4, 2, 0.14%, 7, 0, 14, 77.81
1735675261, 41, 39, 40, 3, 1, 0.14%, 7, 0, 14, 45.38
1735676023, 42, 38, 40, 2, 0, 0.14%, 7, 0, 14, 74.22
1735676104, 49, 17, 40, 0, 0, 0.14%, 7, 0, 14, 78.78
1735676160, 51, 12, 40, 0, 0, 0.14%, 7, 0, 14, 63.52
1735676186, 51, 38, 40, 0, 0, 0.14%, 7, 0, 14, 71.71
1735676211, 52, 38, 40, 0, 0, 0.14%, 7, 0, 14, 78.83
1735676246, 53, 38, 40, 0, 0, 0.14%, 7, 0, 14, 73.82
1735676277, 53, 39, 40, 0, 0, 0.14%, 7, 0, 14, 81.85
1735676292, 54, 38, 40, 0, 0, 0.14%, 7, 0, 14, 71.99
1735676323, 54, 39, 40, 0, 0, 0.14%, 7, 0, 14, 85.89
1735676348, 55, 38, 40, 0, 0, 0.14%, 7, 0, 14, 70.22
1735676384, 55, 39, 40, 0, 0, 0.14%, 7, 0, 14, 94.98
1735676410, 56, 24, 40, 0, 0, 0.14%, 7, 0, 14, 79.98
1735676466, 56, 38, 40, 0, 0, 0.14%, 7, 0, 14, 73.13
1735676496, 56, 39, 40, 0, 0, 0.14%, 7, 0, 14, 68.90
