# unix_time, cycles_done, cur_path, paths_total, pending_total, pending_favs, map_size, unique_crashes, unique_hangs, max_depth, execs_per_sec
1735052923, 0, 0, 10, 10, 1, 0.01%, 0, 0, 1, 39.25
1735052928, 0, 3, 10, 10, 1, 0.01%, 0, 0, 1, 38.55
1735052939, 0, 4, 10, 9, 0, 0.01%, 0, 0, 1, 48.77
1735052944, 1, 0, 10, 3, 0, 0.01%, 0, 0, 1, 47.73
1735052949, 1, 1, 10, 2, 0, 0.01%, 0, 0, 1, 46.18
1735052954, 1, 2, 10, 1, 0, 0.01%, 0, 0, 1, 47.02
1735052959, 1, 3, 10, 0, 0, 0.01%, 0, 0, 1, 43.82
1735052964, 1, 4, 10, 0, 0, 0.01%, 0, 0, 1, 43.65
1735052969, 1, 5, 10, 0, 0, 0.01%, 0, 0, 1, 45.73
1735052980, 1, 6, 10, 0, 0, 0.01%, 0, 0, 1, 47.26
1735052985, 1, 7, 10, 0, 0, 0.01%, 0, 0, 1, 45.90
1735052990, 1, 8, 10, 0, 0, 0.01%, 0, 0, 1, 45.87
1735052995, 1, 9, 10, 0, 0, 0.01%, 0, 0, 1, 45.73
1735053000, 2, 0, 10, 0, 0, 0.01%, 0, 0, 1, 46.04
1735053005, 2, 1, 10, 0, 0, 0.01%, 0, 0, 1, 47.13
1735053010, 2, 2, 10, 0, 0, 0.01%, 0, 0, 1, 48.68
1735053015, 2, 3, 10, 0, 0, 0.01%, 0, 0, 1, 46.40
1735053020, 2, 4, 10, 0, 0, 0.01%, 0, 0, 1, 44.99
1735053025, 2, 5, 10, 0, 0, 0.01%, 0, 0, 1, 46.35
1735053031, 2, 10, 11, 1, 1, 0.14%, 1, 0, 2, 48.90
1735053041, 2, 10, 12, 2, 1, 0.14%, 2, 0, 3, 53.21
1735053082, 2, 11, 13, 2, 1, 0.14%, 3, 0, 4, 67.51
1735053097, 2, 11, 14, 3, 1, 0.14%, 3, 0, 4, 51.42
1735053148, 2, 12, 14, 2, 2, 0.14%, 3, 0, 4, 71.11
1735053204, 2, 13, 14, 1, 1, 0.14%, 3, 0, 4, 60.97
1735053219, 2, 13, 15, 2, 1, 0.14%, 3, 0, 5, 47.34
1735053275, 3, 14, 15, 0, 0, 0.14%, 3, 0, 5, 82.10
1735053285, 3, 14, 16, 1, 0, 0.14%, 3, 0, 6, 55.76
1735053300, 3, 14, 17, 2, 0, 0.14%, 3, 0, 6, 49.70
1735053311, 3, 14, 18, 3, 0, 0.14%, 4, 0, 6, 52.55
1735053362, 3, 14, 19, 4, 0, 0.14%, 4, 0, 6, 53.85
1735053372, 3, 14, 20, 5, 0, 0.14%, 4, 0, 6, 51.18
1735053433, 3, 18, 21, 6, 1, 0.14%, 5, 0, 7, 68.41
1735053453, 3, 18, 22, 7, 1, 0.14%, 5, 0, 7, 52.61
1735053484, 3, 18, 23, 8, 1, 0.14%, 5, 0, 7, 53.48
1735053524, 3, 18, 24, 9, 1, 0.14%, 5, 0, 7, 53.04
1735053549, 3, 20, 24, 8, 2, 0.14%, 5, 0, 7, 57.53
1735053580, 3, 20, 25, 9, 2, 0.14%, 5, 0, 8, 53.04
1735053611, 3, 20, 26, 10, 2, 0.14%, 5, 0, 8, 55.84
1735053616, 3, 20, 27, 11, 2, 0.14%, 5, 0, 8, 53.41
1735053661, 3, 20, 28, 12, 2, 0.14%, 5, 0, 8, 51.95
1735053667, 3, 25, 28, 11, 2, 0.14%, 5, 0, 8, 57.40
1735053687, 3, 25, 29, 12, 2, 0.14%, 5, 0, 9, 59.49
1735053712, 3, 25, 30, 13, 2, 0.14%, 5, 0, 9, 58.39
1735053748, 3, 25, 31, 14, 2, 0.14%, 5, 0, 9, 61.16
1735053763, 3, 29, 31, 13, 2, 0.14%, 5, 0, 9, 71.79
1735053839, 3, 30, 31, 12, 1, 0.14%, 5, 0, 9, 89.19
1735053901, 4, 17, 31, 11, 0, 0.14%, 5, 0, 9, 80.05
1735053967, 5, 21, 31, 10, 0, 0.14%, 5, 0, 9, 96.99
1735054033, 6, 19, 31, 8, 0, 0.14%, 5, 0, 9, 85.79
1735054083, 8, 22, 31, 6, 0, 0.14%, 5, 0, 9, 54.74
1735054140, 9, 28, 32, 5, 0, 0.14%, 5, 0, 10, 73.84
1735054201, 9, 28, 33, 6, 0, 0.14%, 5, 0, 10, 63.92
1735054257, 9, 32, 33, 4, 1, 0.14%, 5, 0, 10, 61.30
1735054364, 10, 23, 33, 3, 0, 0.14%, 5, 0, 10, 49.25
1735054527, 10, 23, 34, 4, 0, 0.14%, 5, 0, 10, 56.11
1735054532, 10, 33, 34, 3, 1, 0.14%, 5, 0, 10, 87.85
1735054578, 10, 33, 35, 4, 1, 0.14%, 5, 0, 10, 66.87
1735054603, 10, 33, 36, 5, 1, 0.14%, 5, 0, 10, 75.87
1735054684, 10, 34, 36, 4, 1, 0.14%, 5, 0, 10, 53.86
1735054781, 10, 34, 37, 5, 1, 0.14%, 6, 0, 10, 74.63
1735055070, 10, 36, 37, 4, 1, 0.14%, 6, 0, 10, 57.40
1735055075, 12, 32, 37, 2, 0, 0.14%, 6, 0, 10, 68.55
1735055095, 13, 26, 37, 2, 0, 0.14%, 6, 0, 10, 79.89
1735055187, 16, 36, 37, 0, 0, 0.14%, 6, 0, 10, 109.00
1735055528, 17, 24, 37, 0, 0, 0.14%, 6, 0, 10, 99.59
1735055584, 19, 36, 37, 0, 0, 0.14%, 6, 0, 10, 69.94
1735055589, 20, 36, 37, 0, 0, 0.14%, 6, 0, 10, 66.13
1735055610, 21, 26, 37, 0, 0, 0.14%, 6, 0, 10, 68.68
1735055620, 21, 36, 37, 0, 0, 0.14%, 6, 0, 10, 72.44
1735055655, 22, 26, 37, 0, 0, 0.14%, 6, 0, 10, 68.44
1735055676, 22, 36, 37, 0, 0, 0.14%, 6, 0, 10, 74.54
1735055706, 23, 12, 37, 0, 0, 0.14%, 6, 0, 10, 64.52
1735055716, 23, 26, 37, 0, 0, 0.14%, 6, 0, 10, 69.10
1735055752, 23, 36, 37, 0, 0, 0.14%, 6, 0, 10, 76.73
1735055782, 24, 26, 37, 0, 0, 0.14%, 6, 0, 10, 66.34
1735055817, 24, 36, 37, 0, 0, 0.14%, 6, 0, 10, 68.22
1735055853, 25, 26, 37, 0, 0, 0.14%, 6, 0, 10, 71.15
1735055879, 25, 26, 38, 1, 0, 0.14%, 6, 0, 10, 64.43
1735055884, 25, 37, 38, 1, 1, 0.14%, 6, 0, 10, 63.19
1735056093, 26, 36, 38, 0, 0, 0.14%, 6, 0, 10, 69.67
1735056128, 31, 29, 38, 0, 0, 0.14%, 6, 0, 10, 64.16
1735056138, 34, 32, 38, 0, 0, 0.14%, 6, 0, 10, 67.11
1735056154, 34, 37, 38, 0, 0, 0.14%, 6, 0, 10, 69.78
1735056164, 35, 37, 38, 0, 0, 0.14%, 6, 0, 10, 63.49
1735056184, 36, 37, 38, 0, 0, 0.14%, 6, 0, 10, 67.94
1735056220, 37, 26, 38, 0, 0, 0.14%, 6, 0, 10, 64.81
1735056256, 37, 37, 38, 0, 0, 0.14%, 6, 0, 10, 78.48
1735056286, 38, 37, 38, 0, 0, 0.14%, 6, 0, 10, 67.45
1735056321, 39, 37, 38, 0, 0, 0.14%, 6, 0, 10, 63.50
1735056357, 40, 37, 38, 0, 0, 0.14%, 6, 0, 10, 68.43
1735056392, 42, 26, 38, 0, 0, 0.14%, 6, 0, 10, 62.02
1735056428, 42, 32, 38, 0, 0, 0.14%, 6, 0, 10, 65.03
1735056464, 44, 32, 38, 0, 0, 0.14%, 6, 0, 10, 62.81
1735056499, 50, 29, 38, 0, 0, 0.14%, 6, 0, 10, 64.37
1735056520, 51, 12, 38, 0, 0, 0.14%, 6, 0, 10, 63.38
1735056525, 54, 27, 38, 0, 0, 0.14%, 6, 0, 10, 70.42
1735056556, 56, 12, 38, 0, 0, 0.14%, 6, 0, 10, 61.41
1735056566, 56, 24, 38, 0, 0, 0.14%, 6, 0, 10, 62.03
1735056571, 60, 26, 38, 0, 0, 0.14%, 6, 0, 10, 64.96
1735056606, 64, 24, 38, 0, 0, 0.14%, 6, 0, 10, 63.11
1735056627, 65, 12, 38, 0, 0, 0.14%, 6, 0, 10, 63.98
1735056652, 70, 34, 38, 0, 0, 0.14%, 6, 0, 10, 70.05
1735056662, 71, 34, 38, 0, 0, 0.14%, 6, 0, 10, 74.01
1735056688, 75, 12, 38, 0, 0, 0.14%, 6, 0, 10, 59.21
1735056728, 83, 12, 38, 0, 0, 0.14%, 6, 0, 10, 61.95
1735056763, 85, 21, 38, 0, 0, 0.14%, 6, 0, 10, 67.61
1735056768, 87, 29, 38, 0, 0, 0.14%, 6, 0, 10, 71.04
1735056809, 91, 32, 38, 0, 0, 0.14%, 6, 0, 10, 69.82
1735056845, 94, 16, 38, 0, 0, 0.14%, 6, 0, 10, 94.61
1735056865, 94, 34, 38, 0, 0, 0.14%, 6, 0, 10, 64.39
1735056905, 95, 29, 38, 0, 0, 0.14%, 6, 0, 10, 63.93
1735056936, 95, 30, 38, 0, 0, 0.14%, 6, 0, 10, 64.62
1735056946, 98, 34, 38, 0, 0, 0.14%, 6, 0, 10, 73.89
1735056981, 102, 16, 38, 0, 0, 0.14%, 6, 0, 10, 66.00
1735056987, 104, 29, 38, 0, 0, 0.14%, 6, 0, 10, 67.07
1735057022, 106, 32, 38, 0, 0, 0.14%, 6, 0, 10, 62.97
1735057057, 107, 30, 38, 0, 0, 0.14%, 6, 0, 10, 64.47
1735057073, 109, 34, 38, 0, 0, 0.14%, 6, 0, 10, 73.20
1735057108, 110, 16, 38, 0, 0, 0.14%, 6, 0, 10, 71.16
1735057128, 111, 24, 38, 0, 0, 0.14%, 6, 0, 10, 65.55
1735057164, 111, 31, 38, 0, 0, 0.14%, 6, 0, 10, 80.64
1735057230, 114, 27, 38, 0, 0, 0.14%, 6, 0, 10, 69.23
1735057235, 115, 20, 38, 0, 0, 0.14%, 6, 0, 10, 67.67
1735057240, 115, 29, 38, 0, 0, 0.14%, 6, 0, 10, 63.05
1735057281, 118, 20, 38, 0, 0, 0.14%, 6, 0, 10, 64.19
1735057291, 118, 24, 38, 0, 0, 0.14%, 6, 0, 10, 64.47
1735057326, 119, 34, 38, 0, 0, 0.14%, 6, 0, 10, 75.98
1735057357, 121, 21, 38, 0, 0, 0.14%, 6, 0, 10, 70.34
1735057372, 121, 32, 38, 0, 0, 0.14%, 6, 0, 10, 69.68
1735057408, 124, 30, 38, 0, 0, 0.14%, 6, 0, 10, 67.29
1735057438, 127, 15, 38, 0, 0, 0.14%, 6, 0, 10, 62.34
1735057468, 127, 32, 38, 0, 0, 0.14%, 6, 0, 10, 68.40
1735057504, 128, 12, 38, 0, 0, 0.14%, 6, 0, 10, 63.72
1735057539, 128, 21, 38, 0, 0, 0.14%, 6, 0, 10, 66.68
1735057565, 129, 30, 38, 0, 0, 0.14%, 6, 0, 10, 78.90
1735057600, 130, 27, 38, 0, 0, 0.14%, 6, 0, 10, 64.26
1735057621, 133, 29, 38, 0, 0, 0.14%, 6, 0, 10, 70.45
1735057656, 133, 34, 38, 0, 0, 0.14%, 6, 0, 10, 63.73
1735057692, 136, 18, 38, 0, 0, 0.14%, 6, 0, 10, 65.29
1735057697, 136, 30, 38, 0, 0, 0.14%, 6, 0, 10, 65.10
1735057732, 142, 24, 38, 0, 0, 0.14%, 6, 0, 10, 64.14
1735057768, 143, 18, 38, 0, 0, 0.14%, 6, 0, 10, 65.65
1735057783, 145, 15, 38, 0, 0, 0.14%, 6, 0, 10, 61.54
1735057788, 147, 20, 38, 0, 0, 0.14%, 6, 0, 10, 60.27
1735057813, 148, 17, 38, 0, 0, 0.14%, 6, 0, 10, 63.39
1735057819, 149, 12, 38, 0, 0, 0.14%, 6, 0, 10, 64.89
1735057854, 149, 23, 38, 0, 0, 0.14%, 6, 0, 10, 58.79
1735057859, 150, 12, 38, 0, 0, 0.14%, 6, 0, 10, 61.16
1735057895, 152, 20, 38, 0, 0, 0.14%, 6, 0, 10, 70.83
1735057930, 155, 12, 38, 0, 0, 0.14%, 6, 0, 10, 59.88
1735057966, 156, 20, 38, 0, 0, 0.14%, 6, 0, 10, 69.11
1735058001, 158, 18, 38, 0, 0, 0.14%, 6, 0, 10, 67.28
1735058032, 158, 21, 38, 0, 0, 0.14%, 6, 0, 10, 67.26
1735058068, 159, 17, 38, 0, 0, 0.14%, 6, 0, 10, 65.03
1735058078, 159, 20, 38, 0, 0, 0.14%, 6, 0, 10, 61.20
1735058108, 164, 12, 38, 0, 0, 0.14%, 6, 0, 10, 61.16
1735058144, 164, 13, 38, 0, 0, 0.14%, 6, 0, 10, 61.41
1735058149, 164, 17, 38, 0, 0, 0.14%, 6, 0, 10, 66.43
1735058164, 165, 27, 38, 0, 0, 0.14%, 6, 0, 10, 62.92
1735058199, 166, 15, 38, 0, 0, 0.14%, 6, 0, 10, 65.60
1735058214, 166, 20, 38, 0, 0, 0.14%, 6, 0, 10, 63.47
1735058250, 167, 11, 38, 0, 0, 0.14%, 6, 0, 10, 66.45
1735058255, 167, 15, 38, 0, 0, 0.14%, 6, 0, 10, 62.28
1735058280, 167, 27, 38, 0, 0, 0.14%, 6, 0, 10, 65.74
1735058316, 167, 29, 38, 0, 0, 0.14%, 6, 0, 10, 64.02
1735058352, 170, 21, 38, 0, 0, 0.14%, 6, 0, 10, 60.95
1735058387, 172, 11, 38, 0, 0, 0.14%, 6, 0, 10, 66.45
1735058392, 172, 31, 38, 0, 0, 0.14%, 6, 0, 10, 62.00
1735058403, 174, 16, 38, 0, 0, 0.14%, 6, 0, 10, 60.38
1735058438, 174, 18, 38, 0, 0, 0.14%, 6, 0, 10, 64.97
1735058473, 174, 30, 38, 0, 0, 0.14%, 6, 0, 10, 66.79
1735058509, 175, 18, 38, 0, 0, 0.14%, 6, 0, 10, 62.87
1735058539, 175, 23, 38, 0, 0, 0.14%, 6, 0, 10, 66.56
1735058555, 178, 32, 38, 0, 0, 0.14%, 6, 0, 10, 65.82
1735058590, 179, 28, 38, 0, 0, 0.14%, 6, 0, 10, 66.92
1735058600, 180, 33, 38, 0, 0, 0.14%, 6, 0, 10, 72.15
1735058610, 181, 11, 38, 0, 0, 0.14%, 6, 0, 10, 63.80
1735058620, 181, 21, 38, 0, 0, 0.14%, 6, 0, 10, 68.74
1735058656, 184, 16, 38, 0, 0, 0.14%, 6, 0, 10, 61.38
1735058692, 185, 15, 38, 0, 0, 0.14%, 6, 0, 10, 62.80
1735058733, 185, 16, 38, 0, 0, 0.14%, 6, 0, 10, 66.43
1735058768, 185, 20, 38, 0, 0, 0.14%, 6, 0, 10, 63.99
1735058804, 186, 11, 38, 0, 0, 0.14%, 6, 0, 10, 59.11
1735058834, 186, 13, 38, 0, 0, 0.14%, 6, 0, 10, 61.25
1735058844, 190, 25, 38, 0, 0, 0.14%, 6, 0, 10, 64.00
1735058855, 190, 28, 38, 0, 0, 0.14%, 6, 0, 10, 69.68
1735058885, 191, 11, 38, 0, 0, 0.14%, 6, 0, 10, 60.96
1735058920, 191, 17, 38, 0, 0, 0.14%, 6, 0, 10, 67.22
1735058956, 191, 23, 38, 0, 0, 0.14%, 6, 0, 10, 66.54
1735058986, 192, 10, 38, 0, 0, 0.14%, 6, 0, 10, 62.31
1735058991, 192, 28, 38, 0, 0, 0.14%, 6, 0, 10, 65.17
1735059027, 192, 35, 38, 0, 0, 0.14%, 6, 0, 10, 81.17
1735059108, 193, 12, 38, 0, 0, 0.14%, 6, 0, 10, 65.69
1735059144, 194, 24, 38, 0, 0, 0.14%, 6, 0, 10, 76.00
1735059179, 194, 25, 38, 0, 0, 0.14%, 6, 0, 10, 65.55
1735059199, 194, 35, 38, 0, 0, 0.14%, 6, 0, 10, 67.32
1735059220, 195, 12, 38, 0, 0, 0.14%, 6, 0, 10, 62.31
1735059260, 195, 27, 38, 0, 0, 0.14%, 6, 0, 10, 65.55
1735059295, 196, 13, 38, 0, 0, 0.14%, 6, 0, 10, 62.29
1735059326, 196, 19, 38, 0, 0, 0.14%, 6, 0, 10, 62.42
1735059331, 197, 25, 38, 0, 0, 0.14%, 6, 0, 10, 67.76
1735059367, 198, 28, 38, 0, 0, 0.14%, 6, 0, 10, 70.08
1735059402, 199, 35, 38, 0, 0, 0.14%, 6, 0, 10, 71.59
1735059433, 200, 21, 38, 0, 0, 0.14%, 6, 0, 10, 61.90
1735059443, 200, 21, 39, 1, 0, 0.14%, 6, 0, 10, 70.46
1735059483, 200, 38, 39, 1, 1, 0.14%, 6, 0, 10, 114.19
1735059652, 201, 15, 39, 0, 0, 0.14%, 6, 0, 10, 64.95
1735059692, 201, 18, 39, 0, 0, 0.14%, 6, 0, 10, 64.05
1735059728, 201, 25, 39, 0, 0, 0.14%, 6, 0, 10, 65.31
1735059763, 202, 13, 39, 0, 0, 0.14%, 6, 0, 10, 62.81
1735059799, 203, 17, 39, 0, 0, 0.14%, 6, 0, 10, 69.24
1735059834, 204, 11, 39, 0, 0, 0.14%, 6, 0, 10, 59.65
1735059870, 204, 19, 39, 0, 0, 0.14%, 6, 0, 10, 59.78
1735059880, 204, 21, 39, 0, 0, 0.14%, 6, 0, 10, 68.64
1735059915, 204, 33, 39, 0, 0, 0.14%, 6, 0, 10, 66.76
1735059925, 205, 14, 39, 0, 0, 0.14%, 6, 0, 10, 67.67
1735059930, 206, 14, 39, 0, 0, 0.14%, 6, 0, 10, 64.01
1735059936, 206, 19, 39, 0, 0, 0.14%, 6, 0, 10, 65.86
1735059961, 207, 16, 39, 0, 0, 0.14%, 6, 0, 10, 65.26
1735059992, 208, 13, 39, 0, 0, 0.14%, 6, 0, 10, 55.36
1735060032, 208, 38, 39, 0, 0, 0.14%, 6, 0, 10, 71.86
1735060063, 209, 13, 39, 0, 0, 0.14%, 6, 0, 10, 63.17
1735060104, 209, 38, 39, 0, 0, 0.14%, 6, 0, 10, 76.55
1735060134, 210, 28, 39, 0, 0, 0.14%, 6, 0, 10, 71.99
1735060170, 210, 33, 39, 0, 0, 0.14%, 6, 0, 10, 64.85
1735060200, 210, 38, 39, 0, 0, 0.14%, 6, 0, 10, 73.54
1735060236, 211, 30, 39, 0, 0, 0.14%, 6, 0, 10, 70.72
1735060271, 211, 38, 39, 0, 0, 0.14%, 6, 0, 10, 74.62
1735060301, 212, 28, 39, 0, 0, 0.14%, 6, 0, 10, 75.29
1735060337, 212, 31, 39, 0, 0, 0.14%, 6, 0, 10, 69.11
1735060357, 212, 38, 39, 0, 0, 0.14%, 6, 0, 10, 73.67
1735060393, 213, 38, 39, 0, 0, 0.14%, 6, 0, 10, 64.95
1735060428, 214, 35, 39, 0, 0, 0.14%, 6, 0, 10, 63.37
1735060464, 214, 38, 39, 0, 0, 0.14%, 6, 0, 10, 74.38
1735060494, 215, 18, 39, 0, 0, 0.14%, 6, 0, 10, 63.59
1735060529, 215, 38, 39, 0, 0, 0.14%, 6, 0, 10, 63.38
1735060565, 216, 10, 39, 0, 0, 0.14%, 6, 0, 10, 61.92
1735060570, 216, 28, 39, 0, 0, 0.14%, 6, 0, 10, 65.03
1735060606, 217, 17, 39, 0, 0, 0.14%, 6, 0, 10, 66.27
1735060641, 219, 23, 39, 0, 0, 0.14%, 6, 0, 10, 73.75
1735060677, 221, 25, 39, 0, 0, 0.14%, 6, 0, 10, 66.80
1735060712, 223, 23, 39, 0, 0, 0.14%, 6, 0, 10, 76.73
1735060748, 224, 17, 39, 0, 0, 0.14%, 6, 0, 10, 68.59
1735060783, 224, 18, 39, 0, 0, 0.14%, 6, 0, 10, 64.54
1735060818, 225, 19, 39, 0, 0, 0.14%, 6, 0, 10, 62.23
1735060849, 231, 14, 39, 0, 0, 0.14%, 6, 0, 10, 64.92
1735060874, 235, 17, 39, 0, 0, 0.14%, 6, 0, 10, 68.18
1735060910, 236, 32, 39, 0, 0, 0.14%, 6, 0, 10, 70.76
1735060945, 237, 11, 39, 0, 0, 0.14%, 6, 0, 10, 58.99
1735060976, 237, 22, 39, 0, 0, 0.14%, 6, 0, 10, 61.41
1735060981, 241, 33, 39, 0, 0, 0.14%, 6, 0, 10, 69.90
1735061017, 243, 24, 39, 0, 0, 0.14%, 6, 0, 10, 65.89
1735061057, 245, 14, 39, 0, 0, 0.14%, 6, 0, 10, 62.32
1735061093, 245, 19, 39, 0, 0, 0.14%, 6, 0, 10, 66.48
1735061129, 248, 27, 39, 0, 0, 0.14%, 6, 0, 10, 67.47
1735061164, 248, 32, 39, 0, 0, 0.14%, 6, 0, 10, 73.69
1735061200, 252, 25, 39, 0, 0, 0.14%, 6, 0, 10, 68.67
1735061235, 255, 22, 39, 0, 0, 0.14%, 6, 0, 10, 62.11
1735061250, 256, 32, 39, 0, 0, 0.14%, 6, 0, 10, 70.50
1735061286, 259, 31, 39, 0, 0, 0.14%, 6, 0, 10, 74.17
1735061321, 261, 24, 39, 0, 0, 0.14%, 6, 0, 10, 64.19
1735061357, 263, 15, 39, 0, 0, 0.14%, 6, 0, 10, 62.95
1735061392, 263, 27, 39, 0, 0, 0.14%, 6, 0, 10, 68.46
1735061428, 265, 30, 39, 0, 0, 0.14%, 6, 0, 10, 69.09
1735061463, 266, 33, 39, 0, 0, 0.14%, 6, 0, 10, 67.08
1735061499, 267, 33, 39, 0, 0, 0.14%, 6, 0, 10, 68.87
1735061535, 273, 32, 39, 0, 0, 0.14%, 6, 0, 10, 66.17
1735061570, 276, 10, 39, 0, 0, 0.14%, 6, 0, 10, 59.18
1735061585, 278, 33, 39, 0, 0, 0.14%, 6, 0, 10, 72.92
1735061621, 280, 31, 39, 0, 0, 0.14%, 6, 0, 10, 70.39
1735061657, 280, 32, 39, 0, 0, 0.14%, 6, 0, 10, 73.46
1735061687, 282, 15, 39, 0, 0, 0.14%, 6, 0, 10, 67.64
1735061723, 287, 15, 39, 0, 0, 0.14%, 6, 0, 10, 68.53
1735061758, 287, 31, 39, 0, 0, 0.14%, 6, 0, 10, 65.96
1735061794, 288, 23, 39, 0, 0, 0.14%, 6, 0, 10, 67.30
1735061824, 292, 14, 39, 0, 0, 0.14%, 6, 0, 10, 65.49
1735061864, 293, 24, 39, 0, 0, 0.14%, 6, 0, 10, 65.89
1735061900, 296, 31, 39, 0, 0, 0.14%, 6, 0, 10, 69.06
1735061931, 297, 10, 39, 0, 0, 0.14%, 6, 0, 10, 64.77
1735061951, 298, 14, 39, 0, 0, 0.14%, 6, 0, 10, 62.49
1735061992, 298, 16, 39, 0, 0, 0.14%, 6, 0, 10, 63.77
1735062027, 301, 16, 39, 0, 0, 0.14%, 6, 0, 10, 64.73
1735062062, 305, 22, 39, 0, 0, 0.14%, 6, 0, 10, 65.18
1735062093, 306, 10, 39, 0, 0, 0.14%, 6, 0, 10, 58.94
1735062134, 306, 14, 39, 0, 0, 0.14%, 6, 0, 10, 64.47
1735062169, 308, 24, 39, 0, 0, 0.14%, 6, 0, 10, 64.55
1735062205, 312, 19, 39, 0, 0, 0.14%, 6, 0, 10, 60.52
1735062240, 312, 25, 39, 0, 0, 0.14%, 6, 0, 10, 63.26
1735062276, 313, 19, 39, 0, 0, 0.14%, 6, 0, 10, 64.61
1735062311, 313, 24, 39, 0, 0, 0.14%, 6, 0, 10, 60.35
1735062352, 313, 32, 39, 0, 0, 0.14%, 6, 0, 10, 74.57
1735062387, 314, 31, 39, 0, 0, 0.14%, 6, 0, 10, 72.97
1735062423, 322, 16, 39, 0, 0, 0.14%, 6, 0, 10, 63.72
1735062458, 326, 10, 39, 0, 0, 0.14%, 6, 0, 10, 61.72
1735062494, 326, 22, 39, 0, 0, 0.14%, 6, 0, 10, 63.63
1735062534, 342, 19, 39, 0, 0, 0.14%, 6, 0, 10, 67.17
1735062569, 342, 25, 39, 0, 0, 0.14%, 6, 0, 10, 66.15
1735062605, 347, 19, 39, 0, 0, 0.14%, 6, 0, 10, 68.20
1735062641, 350, 23, 39, 0, 0, 0.14%, 6, 0, 10, 68.44
1735062676, 351, 19, 39, 0, 0, 0.14%, 6, 0, 10, 60.22
1735062707, 353, 31, 39, 0, 0, 0.14%, 6, 0, 10, 68.85
1735062742, 359, 30, 39, 0, 0, 0.14%, 6, 0, 10, 76.57
1735062778, 360, 25, 39, 0, 0, 0.14%, 6, 0, 10, 67.09
1735062808, 362, 32, 39, 0, 0, 0.14%, 6, 0, 10, 68.96
1735062844, 365, 22, 39, 0, 0, 0.14%, 6, 0, 10, 60.82
1735062884, 366, 32, 39, 0, 0, 0.14%, 6, 0, 10, 72.53
1735062914, 378, 24, 39, 0, 0, 0.14%, 6, 0, 10, 65.12
1735062955, 381, 22, 39, 0, 0, 0.14%, 6, 0, 10, 64.29
1735062990, 385, 23, 39, 0, 0, 0.14%, 6, 0, 10, 57.58
1735063026, 388, 25, 39, 0, 0, 0.14%, 6, 0, 10, 67.28
1735063062, 391, 32, 39, 0, 0, 0.14%, 6, 0, 10, 65.81
1735063082, 402, 25, 39, 0, 0, 0.14%, 6, 0, 10, 65.29
1735063118, 406, 32, 39, 0, 0, 0.14%, 6, 0, 10, 67.21
1735063138, 412, 32, 39, 0, 0, 0.14%, 6, 0, 10, 69.19
1735063159, 419, 32, 39, 0, 0, 0.14%, 6, 0, 10, 70.47
1735063179, 427, 30, 39, 0, 0, 0.14%, 6, 0, 10, 71.84
1735063215, 431, 32, 39, 0, 0, 0.14%, 6, 0, 10, 71.78
1735063230, 436, 30, 39, 0, 0, 0.14%, 6, 0, 10, 65.51
1735063271, 447, 32, 39, 0, 0, 0.14%, 6, 0, 10, 66.45
1735063286, 453, 32, 39, 0, 0, 0.14%, 6, 0, 10, 67.02
1735063306, 455, 32, 39, 0, 0, 0.14%, 6, 0, 10, 78.65
1735063326, 494, 32, 39, 0, 0, 0.14%, 6, 0, 10, 68.65
1735063346, 506, 32, 39, 0, 0, 0.14%, 6, 0, 10, 65.80
1735063367, 554, 32, 39, 0, 0, 0.14%, 6, 0, 10, 69.89
1735063382, 565, 32, 39, 0, 0, 0.14%, 6, 0, 10, 66.63
1735063402, 577, 32, 39, 0, 0, 0.14%, 6, 0, 10, 67.20
1735063422, 614, 32, 39, 0, 0, 0.14%, 6, 0, 10, 66.17
1735063443, 651, 32, 39, 0, 0, 0.14%, 6, 0, 10, 68.79
1735063463, 676, 32, 39, 0, 0, 0.14%, 6, 0, 10, 68.30
1735063483, 682, 32, 39, 0, 0, 0.14%, 6, 0, 10, 65.71
1735063503, 734, 32, 39, 0, 0, 0.14%, 6, 0, 10, 71.39
1735063523, 764, 32, 39, 0, 0, 0.14%, 6, 0, 10, 71.50
1735063539, 796, 32, 39, 0, 0, 0.14%, 6, 0, 10, 64.64
1735063559, 798, 32, 39, 0, 0, 0.14%, 6, 0, 10, 68.33
1735063579, 836, 32, 39, 0, 0, 0.14%, 6, 0, 10, 62.81
1735063600, 858, 32, 39, 0, 0, 0.14%, 6, 0, 10, 71.48
1735063620, 877, 32, 39, 0, 0, 0.14%, 6, 0, 10, 66.57
1735063635, 916, 32, 39, 0, 0, 0.14%, 6, 0, 10, 65.58
1735063655, 940, 32, 39, 0, 0, 0.14%, 6, 0, 10, 64.95
1735063676, 946, 32, 39, 0, 0, 0.14%, 6, 0, 10, 64.09
1735063696, 969, 32, 39, 0, 0, 0.14%, 6, 0, 10, 64.52
1735063716, 982, 32, 39, 0, 0, 0.14%, 6, 0, 10, 63.41
1735063736, 1008, 32, 39, 0, 0, 0.14%, 6, 0, 10, 67.79
1735063757, 1044, 32, 39, 0, 0, 0.14%, 6, 0, 10, 76.94
1735063777, 1047, 32, 39, 0, 0, 0.14%, 6, 0, 10, 66.31
1735063787, 1048, 32, 39, 0, 0, 0.14%, 6, 0, 10, 65.99
1735063797, 1056, 32, 39, 0, 0, 0.14%, 6, 0, 10, 66.12
1735063807, 1057, 32, 39, 0, 0, 0.14%, 6, 0, 10, 71.58
1735063812, 1070, 32, 39, 0, 0, 0.14%, 6, 0, 10, 68.24
1735063822, 1110, 32, 39, 0, 0, 0.14%, 6, 0, 10, 67.56
1735063832, 1118, 32, 39, 0, 0, 0.14%, 6, 0, 10, 70.50
1735063842, 1159, 32, 39, 0, 0, 0.14%, 6, 0, 10, 64.17
1735063852, 1208, 32, 39, 0, 0, 0.14%, 6, 0, 10, 65.97
1735063863, 1238, 32, 39, 0, 0, 0.14%, 6, 0, 10, 68.42
1735063873, 1300, 32, 39, 0, 0, 0.14%, 6, 0, 10, 71.79
1735063883, 1326, 32, 39, 0, 0, 0.14%, 6, 0, 10, 72.95
1735063893, 1335, 32, 39, 0, 0, 0.14%, 6, 0, 10, 66.98
1735063903, 1344, 32, 39, 0, 0, 0.14%, 6, 0, 10, 72.08
1735063908, 1393, 32, 39, 0, 0, 0.14%, 6, 0, 10, 67.18
1735063918, 1426, 32, 39, 0, 0, 0.14%, 6, 0, 10, 59.58
1735063928, 1434, 32, 39, 0, 0, 0.14%, 6, 0, 10, 60.74
1735063938, 1453, 32, 39, 0, 0, 0.14%, 6, 0, 10, 67.21
1735063949, 1494, 32, 39, 0, 0, 0.14%, 6, 0, 10, 70.94
1735063959, 1495, 32, 39, 0, 0, 0.14%, 6, 0, 10, 65.18
1735063969, 1507, 32, 39, 0, 0, 0.14%, 6, 0, 10, 67.02
1735063979, 1525, 32, 39, 0, 0, 0.14%, 6, 0, 10, 70.66
1735063989, 1536, 32, 39, 0, 0, 0.14%, 6, 0, 10, 69.51
1735063999, 1572, 32, 39, 0, 0, 0.14%, 6, 0, 10, 71.50
1735064010, 1672, 32, 39, 0, 0, 0.14%, 6, 0, 10, 68.80
1735064015, 1678, 32, 39, 0, 0, 0.14%, 6, 0, 10, 74.49
1735064025, 1688, 32, 39, 0, 0, 0.14%, 6, 0, 10, 63.86
1735064035, 1691, 32, 39, 0, 0, 0.14%, 6, 0, 10, 62.92
1735064045, 1699, 32, 39, 0, 0, 0.14%, 6, 0, 10, 67.05
1735064055, 1702, 32, 39, 0, 0, 0.14%, 6, 0, 10, 65.15
1735064065, 1712, 32, 39, 0, 0, 0.14%, 6, 0, 10, 66.99
1735064075, 1733, 32, 39, 0, 0, 0.14%, 6, 0, 10, 69.20
1735064085, 1804, 32, 39, 0, 0, 0.14%, 6, 0, 10, 65.53
1735064095, 1809, 32, 39, 0, 0, 0.14%, 6, 0, 10, 72.64
1735064106, 1871, 32, 39, 0, 0, 0.14%, 6, 0, 10, 70.54
1735064116, 1899, 32, 39, 0, 0, 0.14%, 6, 0, 10, 69.05
1735064126, 1901, 32, 39, 0, 0, 0.14%, 6, 0, 10, 69.05
1735064131, 1903, 32, 39, 0, 0, 0.14%, 6, 0, 10, 65.83
1735064141, 1916, 32, 39, 0, 0, 0.14%, 6, 0, 10, 63.85
1735064151, 1921, 32, 39, 0, 0, 0.14%, 6, 0, 10, 58.61
1735064162, 1948, 32, 39, 0, 0, 0.14%, 6, 0, 10, 65.64
1735064172, 1987, 32, 39, 0, 0, 0.14%, 6, 0, 10, 67.69
1735064182, 1990, 32, 39, 0, 0, 0.14%, 6, 0, 10, 68.79
1735064192, 1998, 32, 39, 0, 0, 0.14%, 6, 0, 10, 67.05
1735064202, 1999, 32, 39, 0, 0, 0.14%, 6, 0, 10, 70.55
1735064213, 2001, 32, 39, 0, 0, 0.14%, 6, 0, 10, 69.83
1735064223, 2008, 32, 39, 0, 0, 0.14%, 6, 0, 10, 68.30
1735064233, 2013, 32, 39, 0, 0, 0.14%, 6, 0, 10, 66.95
1735064243, 2025, 32, 39, 0, 0, 0.14%, 6, 0, 10, 70.17
1735064253, 2027, 32, 39, 0, 0, 0.14%, 6, 0, 10, 60.23
1735064263, 2062, 32, 39, 0, 0, 0.14%, 6, 0, 10, 70.04
1735064274, 2066, 32, 39, 0, 0, 0.14%, 6, 0, 10, 69.31
1735064284, 2071, 32, 39, 0, 0, 0.14%, 6, 0, 10, 70.12
1735064289, 2076, 32, 39, 0, 0, 0.14%, 6, 0, 10, 66.98
1735064299, 2110, 32, 39, 0, 0, 0.14%, 6, 0, 10, 63.57
1735064309, 2120, 32, 39, 0, 0, 0.14%, 6, 0, 10, 65.62
1735064319, 2132, 32, 39, 0, 0, 0.14%, 6, 0, 10, 65.16
1735064329, 2138, 32, 39, 0, 0, 0.14%, 6, 0, 10, 62.57
1735064340, 2142, 32, 39, 0, 0, 0.14%, 6, 0, 10, 74.67
1735064350, 2145, 32, 39, 0, 0, 0.14%, 6, 0, 10, 65.02
1735064360, 2160, 32, 39, 0, 0, 0.14%, 6, 0, 10, 68.15
1735064370, 2197, 32, 39, 0, 0, 0.14%, 6, 0, 10, 66.10
1735064375, 2198, 32, 39, 0, 0, 0.14%, 6, 0, 10, 67.15
1735064386, 2227, 32, 39, 0, 0, 0.14%, 6, 0, 10, 64.31
1735064396, 2231, 32, 39, 0, 0, 0.14%, 6, 0, 10, 67.13
1735064406, 2234, 32, 39, 0, 0, 0.14%, 6, 0, 10, 61.03
1735064416, 2244, 32, 39, 0, 0, 0.14%, 6, 0, 10, 59.03
1735064426, 2255, 32, 39, 0, 0, 0.14%, 6, 0, 10, 61.98
1735064436, 2260, 32, 39, 0, 0, 0.14%, 6, 0, 10, 67.50
1735064446, 2269, 32, 39, 0, 0, 0.14%, 6, 0, 10, 67.75
1735064457, 2335, 32, 39, 0, 0, 0.14%, 6, 0, 10, 65.02
1735064467, 2338, 32, 39, 0, 0, 0.14%, 6, 0, 10, 64.18
1735064477, 2342, 32, 39, 0, 0, 0.14%, 6, 0, 10, 67.93
1735064487, 2346, 32, 39, 0, 0, 0.14%, 6, 0, 10, 68.50
1735064497, 2356, 32, 39, 0, 0, 0.14%, 6, 0, 10, 70.42
1735064507, 2368, 32, 39, 0, 0, 0.14%, 6, 0, 10, 75.98
1735064518, 2369, 32, 39, 0, 0, 0.14%, 6, 0, 10, 67.41
1735064528, 2393, 32, 39, 0, 0, 0.14%, 6, 0, 10, 70.14
1735064538, 2435, 32, 39, 0, 0, 0.14%, 6, 0, 10, 65.53
1735064548, 2437, 32, 39, 0, 0, 0.14%, 6, 0, 10, 69.27
1735064558, 2447, 32, 39, 0, 0, 0.14%, 6, 0, 10, 62.54
1735064568, 2477, 32, 39, 0, 0, 0.14%, 6, 0, 10, 68.09
1735064573, 2517, 32, 39, 0, 0, 0.14%, 6, 0, 10, 64.77
1735064584, 2519, 32, 39, 0, 0, 0.14%, 6, 0, 10, 70.70
1735064594, 2521, 32, 39, 0, 0, 0.14%, 6, 0, 10, 66.40
1735064604, 2543, 32, 39, 0, 0, 0.14%, 6, 0, 10, 66.84
1735064614, 2547, 32, 39, 0, 0, 0.14%, 6, 0, 10, 67.72
1735064624, 2556, 32, 39, 0, 0, 0.14%, 6, 0, 10, 70.43
1735064634, 2565, 32, 39, 0, 0, 0.14%, 6, 0, 10, 72.48
1735064645, 2588, 32, 39, 0, 0, 0.14%, 6, 0, 10, 66.27
1735064655, 2603, 32, 39, 0, 0, 0.14%, 6, 0, 10, 71.50
1735064665, 2614, 32, 39, 0, 0, 0.14%, 6, 0, 10, 67.99
1735064675, 2619, 32, 39, 0, 0, 0.14%, 6, 0, 10, 66.97
1735064685, 2629, 32, 39, 0, 0, 0.14%, 6, 0, 10, 70.15
1735064690, 2643, 32, 39, 0, 0, 0.14%, 6, 0, 10, 66.77
1735064700, 2669, 32, 39, 0, 0, 0.14%, 6, 0, 10, 61.93
1735064711, 2701, 32, 39, 0, 0, 0.14%, 6, 0, 10, 64.33
1735064721, 2715, 32, 39, 0, 0, 0.14%, 6, 0, 10, 69.16
1735064731, 2735, 32, 39, 0, 0, 0.14%, 6, 0, 10, 71.83
1735064741, 2752, 32, 39, 0, 0, 0.14%, 6, 0, 10, 71.54
1735064751, 2759, 32, 39, 0, 0, 0.14%, 6, 0, 10, 68.10
1735064761, 2774, 32, 39, 0, 0, 0.14%, 6, 0, 10, 70.15
1735064771, 2778, 32, 39, 0, 0, 0.14%, 6, 0, 10, 72.26
1735064777, 2790, 32, 39, 0, 0, 0.14%, 6, 0, 10, 66.79
1735064787, 2811, 32, 39, 0, 0, 0.14%, 6, 0, 10, 64.17
1735064797, 2861, 32, 39, 0, 0, 0.14%, 6, 0, 10, 69.28
1735064807, 2877, 32, 39, 0, 0, 0.14%, 6, 0, 10, 68.20
1735064817, 2906, 32, 39, 0, 0, 0.14%, 6, 0, 10, 67.74
1735064827, 2935, 32, 39, 0, 0, 0.14%, 6, 0, 10, 68.69
1735064838, 2936, 32, 39, 0, 0, 0.14%, 6, 0, 10, 68.77
1735064848, 2941, 32, 39, 0, 0, 0.14%, 6, 0, 10, 69.62
1735064858, 2950, 32, 39, 0, 0, 0.14%, 6, 0, 10, 67.70
1735064868, 2961, 32, 39, 0, 0, 0.14%, 6, 0, 10, 67.94
1735064878, 2974, 32, 39, 0, 0, 0.14%, 6, 0, 10, 66.12
1735064888, 2992, 32, 39, 0, 0, 0.14%, 6, 0, 10, 67.15
1735064898, 3010, 32, 39, 0, 0, 0.14%, 6, 0, 10, 71.49
1735064908, 3026, 32, 39, 0, 0, 0.14%, 6, 0, 10, 75.62
1735064913, 3041, 32, 39, 0, 0, 0.14%, 6, 0, 10, 71.33
1735064923, 3061, 32, 39, 0, 0, 0.14%, 6, 0, 10, 66.26
1735064934, 3068, 32, 39, 0, 0, 0.14%, 6, 0, 10, 68.85
1735064944, 3081, 32, 39, 0, 0, 0.14%, 6, 0, 10, 68.78
1735064954, 3097, 32, 39, 0, 0, 0.14%, 6, 0, 10, 67.44
1735064964, 3108, 32, 39, 0, 0, 0.14%, 6, 0, 10, 68.51
1735064974, 3116, 32, 39, 0, 0, 0.14%, 6, 0, 10, 67.58
1735064984, 3141, 32, 39, 0, 0, 0.14%, 6, 0, 10, 67.66
1735064995, 3143, 32, 39, 0, 0, 0.14%, 6, 0, 10, 69.79
1735065005, 3153, 32, 39, 0, 0, 0.14%, 6, 0, 10, 67.17
1735065015, 3182, 32, 39, 0, 0, 0.14%, 6, 0, 10, 64.64
1735065025, 3188, 32, 39, 0, 0, 0.14%, 6, 0, 10, 70.27
1735065035, 3234, 32, 39, 0, 0, 0.14%, 6, 0, 10, 68.85
1735065045, 3235, 32, 39, 0, 0, 0.14%, 6, 0, 10, 64.43
1735065056, 3286, 32, 39, 0, 0, 0.14%, 6, 0, 10, 71.68
1735065061, 3343, 32, 39, 0, 0, 0.14%, 6, 0, 10, 67.81
1735065071, 3370, 32, 39, 0, 0, 0.14%, 6, 0, 10, 68.87
1735065081, 3440, 32, 39, 0, 0, 0.14%, 6, 0, 10, 65.95
1735065091, 3457, 32, 39, 0, 0, 0.14%, 6, 0, 10, 70.59
1735065101, 3468, 32, 39, 0, 0, 0.14%, 6, 0, 10, 71.56
1735065111, 3517, 32, 39, 0, 0, 0.14%, 6, 0, 10, 69.81
1735065121, 3531, 32, 39, 0, 0, 0.14%, 6, 0, 10, 67.61
1735065132, 3538, 32, 39, 0, 0, 0.14%, 6, 0, 10, 68.69
1735065142, 3543, 32, 39, 0, 0, 0.14%, 6, 0, 10, 73.24
1735065152, 3544, 32, 39, 0, 0, 0.14%, 6, 0, 10, 62.34
1735065162, 3548, 32, 39, 0, 0, 0.14%, 6, 0, 10, 69.56
1735065172, 3562, 32, 39, 0, 0, 0.14%, 6, 0, 10, 68.52
1735065182, 3636, 32, 39, 0, 0, 0.14%, 6, 0, 10, 64.70
1735065192, 3657, 32, 39, 0, 0, 0.14%, 6, 0, 10, 66.42
1735065203, 3673, 32, 39, 0, 0, 0.14%, 6, 0, 10, 71.72
1735065208, 3680, 32, 39, 0, 0, 0.14%, 6, 0, 10, 66.13
1735065218, 3699, 32, 39, 0, 0, 0.14%, 6, 0, 10, 72.81
1735065228, 12395, 0, 39, 0, 0, 0.14%, 6, 0, 10, 0.00
1735065233, 29330, 0, 39, 0, 0, 0.14%, 6, 0, 10, 0.00
1735065238, 46144, 0, 39, 0, 0, 0.14%, 6, 0, 10, 0.00
1735065243, 64285, 0, 39, 0, 0, 0.14%, 6, 0, 10, 0.00
1735065249, 81098, 0, 39, 0, 0, 0.14%, 6, 0, 10, 0.00
1735065254, 98664, 0, 39, 0, 0, 0.14%, 6, 0, 10, 0.00
1735065259, 115582, 0, 39, 0, 0, 0.14%, 6, 0, 10, 0.00
1735065264, 132552, 0, 39, 0, 0, 0.14%, 6, 0, 10, 0.00
1735065269, 150103, 0, 39, 0, 0, 0.14%, 6, 0, 10, 0.00
1735065275, 166401, 0, 39, 0, 0, 0.14%, 6, 0, 10, 0.00
1735065280, 184607, 0, 39, 0, 0, 0.14%, 6, 0, 10, 0.00
1735065285, 201480, 0, 39, 0, 0, 0.14%, 6, 0, 10, 0.00
1735065290, 219706, 0, 39, 0, 0, 0.14%, 6, 0, 10, 0.00
1735065295, 236721, 0, 39, 0, 0, 0.14%, 6, 0, 10, 0.00
1735065301, 254262, 0, 39, 0, 0, 0.14%, 6, 0, 10, 0.00
1735065306, 270474, 0, 39, 0, 0, 0.14%, 6, 0, 10, 0.00
1735065311, 287389, 0, 39, 0, 0, 0.14%, 6, 0, 10, 0.00
1735065316, 304921, 0, 39, 0, 0, 0.14%, 6, 0, 10, 0.00
1735065321, 321778, 0, 39, 0, 0, 0.14%, 6, 0, 10, 0.00
1735065327, 339374, 0, 39, 0, 0, 0.14%, 6, 0, 10, 0.00
1735065332, 356275, 0, 39, 0, 0, 0.14%, 6, 0, 10, 0.00
1735065337, 374451, 0, 39, 0, 0, 0.14%, 6, 0, 10, 0.00
1735065342, 391359, 0, 39, 0, 0, 0.14%, 6, 0, 10, 0.00
1735065347, 408907, 0, 39, 0, 0, 0.14%, 6, 0, 10, 0.00
1735065353, 425728, 0, 39, 0, 0, 0.14%, 6, 0, 10, 0.00
1735065358, 442603, 0, 39, 0, 0, 0.14%, 6, 0, 10, 0.00
1735065363, 460230, 0, 39, 0, 0, 0.14%, 6, 0, 10, 0.00
1735065368, 476475, 0, 39, 0, 0, 0.14%, 6, 0, 10, 0.00
1735065373, 494733, 0, 39, 0, 0, 0.14%, 6, 0, 10, 0.00
1735065379, 511596, 0, 39, 0, 0, 0.14%, 6, 0, 10, 0.00
1735065384, 528507, 0, 39, 0, 0, 0.14%, 6, 0, 10, 0.00
1735065389, 545532, 0, 39, 0, 0, 0.14%, 6, 0, 10, 0.00
1735065394, 563024, 0, 39, 0, 0, 0.14%, 6, 0, 10, 0.00
1735065399, 579990, 0, 39, 0, 0, 0.14%, 6, 0, 10, 0.00
1735065405, 597538, 0, 39, 0, 0, 0.14%, 6, 0, 10, 0.00
1735065410, 615118, 0, 39, 0, 0, 0.14%, 6, 0, 10, 0.00
1735065415, 632735, 0, 39, 0, 0, 0.14%, 6, 0, 10, 0.00
1735065420, 650327, 0, 39, 0, 0, 0.14%, 6, 0, 10, 0.00
1735065425, 667651, 0, 39, 0, 0, 0.14%, 6, 0, 10, 0.00
1735065431, 684854, 0, 39, 0, 0, 0.14%, 6, 0, 10, 0.00
1735065436, 701739, 0, 39, 0, 0, 0.14%, 6, 0, 10, 0.00
1735065441, 719283, 0, 39, 0, 0, 0.14%, 6, 0, 10, 0.00
1735065446, 736222, 0, 39, 0, 0, 0.14%, 6, 0, 10, 0.00
1735065451, 753220, 0, 39, 0, 0, 0.14%, 6, 0, 10, 0.00
1735065457, 770792, 0, 39, 0, 0, 0.14%, 6, 0, 10, 0.00
1735065462, 787718, 0, 39, 0, 0, 0.14%, 6, 0, 10, 0.00
1735065467, 805327, 0, 39, 0, 0, 0.14%, 6, 0, 10, 0.00
1735065472, 822916, 0, 39, 0, 0, 0.14%, 6, 0, 10, 0.00
1735065477, 840435, 0, 39, 0, 0, 0.14%, 6, 0, 10, 0.00
1735065483, 857351, 0, 39, 0, 0, 0.14%, 6, 0, 10, 0.00
1735065488, 874301, 0, 39, 0, 0, 0.14%, 6, 0, 10, 0.00
1735065493, 891827, 0, 39, 0, 0, 0.14%, 6, 0, 10, 0.00
1735065498, 908739, 0, 39, 0, 0, 0.14%, 6, 0, 10, 0.00
1735065503, 925637, 0, 39, 0, 0, 0.14%, 6, 0, 10, 0.00
1735065509, 943150, 0, 39, 0, 0, 0.14%, 6, 0, 10, 0.00
1735065514, 960088, 0, 39, 0, 0, 0.14%, 6, 0, 10, 0.00
1735065519, 978219, 0, 39, 0, 0, 0.14%, 6, 0, 10, 0.00
1735065524, 995124, 0, 39, 0, 0, 0.14%, 6, 0, 10, 0.00
1735065529, 1013325, 0, 39, 0, 0, 0.14%, 6, 0, 10, 0.00
1735065535, 1029597, 0, 39, 0, 0, 0.14%, 6, 0, 10, 0.00
1735065540, 1047153, 0, 39, 0, 0, 0.14%, 6, 0, 10, 0.00
1735065545, 1064066, 0, 39, 0, 0, 0.14%, 6, 0, 10, 0.00
1735065550, 1080978, 0, 39, 0, 0, 0.14%, 6, 0, 10, 0.00
1735065555, 1098560, 0, 39, 0, 0, 0.14%, 6, 0, 10, 0.00
1735065561, 1115475, 0, 39, 0, 0, 0.14%, 6, 0, 10, 0.00
1735065566, 1132396, 0, 39, 0, 0, 0.14%, 6, 0, 10, 0.00
1735065571, 1149899, 0, 39, 0, 0, 0.14%, 6, 0, 10, 0.00
1735065576, 1166824, 0, 39, 0, 0, 0.14%, 6, 0, 10, 0.00
1735065581, 1184481, 0, 39, 0, 0, 0.14%, 6, 0, 10, 0.00
1735065587, 1201410, 0, 39, 0, 0, 0.14%, 6, 0, 10, 0.00
1735065592, 1219588, 0, 39, 0, 0, 0.14%, 6, 0, 10, 0.00
1735065597, 1236521, 0, 39, 0, 0, 0.14%, 6, 0, 10, 0.00
1735065602, 1254140, 0, 39, 0, 0, 0.14%, 6, 0, 10, 0.00
1735065607, 1270955, 0, 39, 0, 0, 0.14%, 6, 0, 10, 0.00
1735065613, 1287925, 0, 39, 0, 0, 0.14%, 6, 0, 10, 0.00
1735065618, 1305403, 0, 39, 0, 0, 0.14%, 6, 0, 10, 0.00
1735065623, 1322387, 0, 39, 0, 0, 0.14%, 6, 0, 10, 0.00
1735065628, 1339259, 0, 39, 0, 0, 0.14%, 6, 0, 10, 0.00
1735065633, 1356782, 0, 39, 0, 0, 0.14%, 6, 0, 10, 0.00
1735065639, 1373581, 0, 39, 0, 0, 0.14%, 6, 0, 10, 0.00
1735065644, 1390426, 0, 39, 0, 0, 0.14%, 6, 0, 10, 0.00
1735065649, 1407966, 0, 39, 0, 0, 0.14%, 6, 0, 10, 0.00
1735065654, 1424873, 0, 39, 0, 0, 0.14%, 6, 0, 10, 0.00
1735065659, 1442307, 0, 39, 0, 0, 0.14%, 6, 0, 10, 0.00
1735065665, 1459166, 0, 39, 0, 0, 0.14%, 6, 0, 10, 0.00
1735065670, 1477372, 0, 39, 0, 0, 0.14%, 6, 0, 10, 0.00
1735065675, 1494260, 0, 39, 0, 0, 0.14%, 6, 0, 10, 0.00
1735065680, 1511735, 0, 39, 0, 0, 0.14%, 6, 0, 10, 0.00
1735065685, 1528621, 0, 39, 0, 0, 0.14%, 6, 0, 10, 0.00
1735065691, 1546278, 0, 39, 0, 0, 0.14%, 6, 0, 10, 0.00
1735065696, 1563231, 0, 39, 0, 0, 0.14%, 6, 0, 10, 0.00
1735065701, 1581419, 0, 39, 0, 0, 0.14%, 6, 0, 10, 0.00
1735065706, 1598298, 0, 39, 0, 0, 0.14%, 6, 0, 10, 0.00
1735065711, 1615862, 0, 39, 0, 0, 0.14%, 6, 0, 10, 0.00
1735065717, 1632768, 0, 39, 0, 0, 0.14%, 6, 0, 10, 0.00
1735065722, 1649605, 0, 39, 0, 0, 0.14%, 6, 0, 10, 0.00
1735065727, 1667150, 0, 39, 0, 0, 0.14%, 6, 0, 10, 0.00
1735065732, 1684050, 0, 39, 0, 0, 0.14%, 6, 0, 10, 0.00
1735065737, 1700945, 0, 39, 0, 0, 0.14%, 6, 0, 10, 0.00
1735065743, 1718452, 0, 39, 0, 0, 0.14%, 6, 0, 10, 0.00
1735065748, 1735299, 0, 39, 0, 0, 0.14%, 6, 0, 10, 0.00
1735065753, 1752768, 0, 39, 0, 0, 0.14%, 6, 0, 10, 0.00
1735065758, 1770366, 0, 39, 0, 0, 0.14%, 6, 0, 10, 0.00
1735065763, 1787272, 0, 39, 0, 0, 0.14%, 6, 0, 10, 0.00
1735065769, 1804216, 0, 39, 0, 0, 0.14%, 6, 0, 10, 0.00
1735065774, 1821110, 0, 39, 0, 0, 0.14%, 6, 0, 10, 0.00
1735065779, 1839327, 0, 39, 0, 0, 0.14%, 6, 0, 10, 0.00
1735065784, 1856230, 0, 39, 0, 0, 0.14%, 6, 0, 10, 0.00
1735065789, 1873814, 0, 39, 0, 0, 0.14%, 6, 0, 10, 0.00
1735065795, 1890763, 0, 39, 0, 0, 0.14%, 6, 0, 10, 0.00
1735065800, 1907684, 0, 39, 0, 0, 0.14%, 6, 0, 10, 0.00
1735065805, 1925268, 0, 39, 0, 0, 0.14%, 6, 0, 10, 0.00
1735065810, 1942150, 0, 39, 0, 0, 0.14%, 6, 0, 10, 0.00
1735065815, 1959713, 0, 39, 0, 0, 0.14%, 6, 0, 10, 0.00
1735065821, 1977349, 0, 39, 0, 0, 0.14%, 6, 0, 10, 0.00
1735065826, 1994317, 0, 39, 0, 0, 0.14%, 6, 0, 10, 0.00
1735065831, 2011911, 0, 39, 0, 0, 0.14%, 6, 0, 10, 0.00
1735065836, 2028789, 0, 39, 0, 0, 0.14%, 6, 0, 10, 0.00
1735065841, 2045713, 0, 39, 0, 0, 0.14%, 6, 0, 10, 0.00
1735065847, 2062600, 0, 39, 0, 0, 0.14%, 6, 0, 10, 0.00
1735065852, 2080215, 0, 39, 0, 0, 0.14%, 6, 0, 10, 0.00
1735065857, 2097736, 0, 39, 0, 0, 0.14%, 6, 0, 10, 0.00
1735065862, 2115250, 0, 39, 0, 0, 0.14%, 6, 0, 10, 0.00
1735065867, 2132836, 0, 39, 0, 0, 0.14%, 6, 0, 10, 0.00
1735065873, 2150432, 0, 39, 0, 0, 0.14%, 6, 0, 10, 0.00
1735065878, 2167299, 0, 39, 0, 0, 0.14%, 6, 0, 10, 0.00
1735065883, 2184301, 0, 39, 0, 0, 0.14%, 6, 0, 10, 0.00
1735065888, 2201155, 0, 39, 0, 0, 0.14%, 6, 0, 10, 0.00
1735065893, 2219434, 0, 39, 0, 0, 0.14%, 6, 0, 10, 0.00
1735065899, 2236391, 0, 39, 0, 0, 0.14%, 6, 0, 10, 0.00
1735065904, 2253347, 0, 39, 0, 0, 0.14%, 6, 0, 10, 0.00
1735065909, 2270249, 0, 39, 0, 0, 0.14%, 6, 0, 10, 0.00
1735065914, 2287809, 0, 39, 0, 0, 0.14%, 6, 0, 10, 0.00
1735065919, 2304603, 0, 39, 0, 0, 0.14%, 6, 0, 10, 0.00
1735065925, 2322854, 0, 39, 0, 0, 0.14%, 6, 0, 10, 0.00
1735065930, 2339765, 0, 39, 0, 0, 0.14%, 6, 0, 10, 0.00
1735065935, 2356635, 0, 39, 0, 0, 0.14%, 6, 0, 10, 0.00
1735065940, 2373499, 0, 39, 0, 0, 0.14%, 6, 0, 10, 0.00
1735065945, 2391011, 0, 39, 0, 0, 0.14%, 6, 0, 10, 0.00
1735065951, 2407949, 0, 39, 0, 0, 0.14%, 6, 0, 10, 0.00
1735065956, 2426197, 0, 39, 0, 0, 0.14%, 6, 0, 10, 0.00
1735065961, 2443138, 0, 39, 0, 0, 0.14%, 6, 0, 10, 0.00
1735065966, 2460683, 0, 39, 0, 0, 0.14%, 6, 0, 10, 0.00
1735065971, 2477560, 0, 39, 0, 0, 0.14%, 6, 0, 10, 0.00
1735065977, 2494409, 0, 39, 0, 0, 0.14%, 6, 0, 10, 0.00
1735065982, 2511978, 0, 39, 0, 0, 0.14%, 6, 0, 10, 0.00
1735065987, 2528939, 0, 39, 0, 0, 0.14%, 6, 0, 10, 0.00
1735065992, 2546569, 0, 39, 0, 0, 0.14%, 6, 0, 10, 0.00
1735065997, 2563417, 0, 39, 0, 0, 0.14%, 6, 0, 10, 0.00
1735066003, 2580320, 0, 39, 0, 0, 0.14%, 6, 0, 10, 0.00
1735066008, 2597881, 0, 39, 0, 0, 0.14%, 6, 0, 10, 0.00
1735066013, 2614750, 0, 39, 0, 0, 0.14%, 6, 0, 10, 0.00
1735066018, 2632942, 0, 39, 0, 0, 0.14%, 6, 0, 10, 0.00
1735066023, 2649849, 0, 39, 0, 0, 0.14%, 6, 0, 10, 0.00
1735066029, 2666782, 0, 39, 0, 0, 0.14%, 6, 0, 10, 0.00
1735066034, 2683707, 0, 39, 0, 0, 0.14%, 6, 0, 10, 0.00
1735066039, 2700980, 0, 39, 0, 0, 0.14%, 6, 0, 10, 0.00
1735066044, 2718089, 0, 39, 0, 0, 0.14%, 6, 0, 10, 0.00
1735066049, 2736302, 0, 39, 0, 0, 0.14%, 6, 0, 10, 0.00
1735066055, 2753130, 0, 39, 0, 0, 0.14%, 6, 0, 10, 0.00
1735066060, 2770717, 0, 39, 0, 0, 0.14%, 6, 0, 10, 0.00
1735066065, 2787679, 0, 39, 0, 0, 0.14%, 6, 0, 10, 0.00
1735066070, 2804620, 0, 39, 0, 0, 0.14%, 6, 0, 10, 0.00
1735066075, 2822207, 0, 39, 0, 0, 0.14%, 6, 0, 10, 0.00
1735066081, 2839062, 0, 39, 0, 0, 0.14%, 6, 0, 10, 0.00
1735066086, 2855988, 0, 39, 0, 0, 0.14%, 6, 0, 10, 0.00
1735066091, 2872960, 0, 39, 0, 0, 0.14%, 6, 0, 10, 0.00
1735066096, 2889871, 0, 39, 0, 0, 0.14%, 6, 0, 10, 0.00
1735066101, 2907396, 0, 39, 0, 0, 0.14%, 6, 0, 10, 0.00
1735066107, 2924337, 0, 39, 0, 0, 0.14%, 6, 0, 10, 0.00
1735066112, 2941211, 0, 39, 0, 0, 0.14%, 6, 0, 10, 0.00
1735066117, 2958757, 0, 39, 0, 0, 0.14%, 6, 0, 10, 0.00
1735066122, 2975678, 0, 39, 0, 0, 0.14%, 6, 0, 10, 0.00
1735066127, 2993862, 0, 39, 0, 0, 0.14%, 6, 0, 10, 0.00
1735066133, 3010734, 0, 39, 0, 0, 0.14%, 6, 0, 10, 0.00
1735066138, 3028328, 0, 39, 0, 0, 0.14%, 6, 0, 10, 0.00
1735066143, 3045147, 0, 39, 0, 0, 0.14%, 6, 0, 10, 0.00
1735066148, 3062018, 0, 39, 0, 0, 0.14%, 6, 0, 10, 0.00
1735066153, 3078916, 0, 39, 0, 0, 0.14%, 6, 0, 10, 0.00
1735066159, 3097096, 0, 39, 0, 0, 0.14%, 6, 0, 10, 0.00
1735066164, 3114051, 0, 39, 0, 0, 0.14%, 6, 0, 10, 0.00
1735066169, 3131532, 0, 39, 0, 0, 0.14%, 6, 0, 10, 0.00
1735066174, 3148407, 0, 39, 0, 0, 0.14%, 6, 0, 10, 0.00
1735066179, 3165281, 0, 39, 0, 0, 0.14%, 6, 0, 10, 0.00
1735066185, 3183030, 0, 39, 0, 0, 0.14%, 6, 0, 10, 0.00
1735066190, 3199864, 0, 39, 0, 0, 0.14%, 6, 0, 10, 0.00
1735066195, 3216761, 0, 39, 0, 0, 0.14%, 6, 0, 10, 0.00
1735066200, 3234447, 0, 39, 0, 0, 0.14%, 6, 0, 10, 0.00
1735066205, 3251369, 0, 39, 0, 0, 0.14%, 6, 0, 10, 0.00
1735066211, 3268248, 0, 39, 0, 0, 0.14%, 6, 0, 10, 0.00
1735066216, 3285822, 0, 39, 0, 0, 0.14%, 6, 0, 10, 0.00
1735066221, 3302757, 0, 39, 0, 0, 0.14%, 6, 0, 10, 0.00
1735066226, 3319697, 0, 39, 0, 0, 0.14%, 6, 0, 10, 0.00
1735066231, 3337155, 0, 39, 0, 0, 0.14%, 6, 0, 10, 0.00
1735066237, 3354087, 0, 39, 0, 0, 0.14%, 6, 0, 10, 0.00
1735066242, 3370978, 0, 39, 0, 0, 0.14%, 6, 0, 10, 0.00
1735066247, 3388550, 0, 39, 0, 0, 0.14%, 6, 0, 10, 0.00
1735066252, 3405440, 0, 39, 0, 0, 0.14%, 6, 0, 10, 0.00
1735066257, 3423015, 0, 39, 0, 0, 0.14%, 6, 0, 10, 0.00
1735066263, 3439887, 0, 39, 0, 0, 0.14%, 6, 0, 10, 0.00
1735066268, 3458108, 0, 39, 0, 0, 0.14%, 6, 0, 10, 0.00
1735066273, 3475037, 0, 39, 0, 0, 0.14%, 6, 0, 10, 0.00
1735066278, 3491975, 0, 39, 0, 0, 0.14%, 6, 0, 10, 0.00
1735066283, 3510224, 0, 39, 0, 0, 0.14%, 6, 0, 10, 0.00
1735066289, 3527167, 0, 39, 0, 0, 0.14%, 6, 0, 10, 0.00
1735066294, 3544779, 0, 39, 0, 0, 0.14%, 6, 0, 10, 0.00
1735066299, 3561640, 0, 39, 0, 0, 0.14%, 6, 0, 10, 0.00
1735066304, 3579160, 0, 39, 0, 0, 0.14%, 6, 0, 10, 0.00
1735066309, 3596771, 0, 39, 0, 0, 0.14%, 6, 0, 10, 0.00
1735066315, 3613677, 0, 39, 0, 0, 0.14%, 6, 0, 10, 0.00
1735066320, 3631877, 0, 39, 0, 0, 0.14%, 6, 0, 10, 0.00
1735066325, 3648738, 0, 39, 0, 0, 0.14%, 6, 0, 10, 0.00
1735066330, 3666316, 0, 39, 0, 0, 0.14%, 6, 0, 10, 0.00
1735066335, 3683229, 0, 39, 0, 0, 0.14%, 6, 0, 10, 0.00
1735066341, 3700831, 0, 39, 0, 0, 0.14%, 6, 0, 10, 0.00
1735066346, 3717712, 0, 39, 0, 0, 0.14%, 6, 0, 10, 0.00
1735066351, 3735240, 0, 39, 0, 0, 0.14%, 6, 0, 10, 0.00
1735066356, 3752802, 0, 39, 0, 0, 0.14%, 6, 0, 10, 0.00
1735066361, 3769700, 0, 39, 0, 0, 0.14%, 6, 0, 10, 0.00
1735066367, 3787952, 0, 39, 0, 0, 0.14%, 6, 0, 10, 0.00
1735066372, 3804955, 0, 39, 0, 0, 0.14%, 6, 0, 10, 0.00
1735066377, 3822565, 0, 39, 0, 0, 0.14%, 6, 0, 10, 0.00
1735066382, 3839438, 0, 39, 0, 0, 0.14%, 6, 0, 10, 0.00
1735066387, 3857015, 0, 39, 0, 0, 0.14%, 6, 0, 10, 0.00
1735066393, 3873974, 0, 39, 0, 0, 0.14%, 6, 0, 10, 0.00
1735066398, 3890851, 0, 39, 0, 0, 0.14%, 6, 0, 10, 0.00
1735066403, 3908409, 0, 39, 0, 0, 0.14%, 6, 0, 10, 0.00
1735066408, 3925352, 0, 39, 0, 0, 0.14%, 6, 0, 10, 0.00
1735066413, 3942877, 0, 39, 0, 0, 0.14%, 6, 0, 10, 0.00
1735066419, 3960224, 0, 39, 0, 0, 0.14%, 6, 0, 10, 0.00
1735066424, 3977446, 0, 39, 0, 0, 0.14%, 6, 0, 10, 0.00
1735066429, 3994318, 0, 39, 0, 0, 0.14%, 6, 0, 10, 0.00
1735066434, 4011839, 0, 39, 0, 0, 0.14%, 6, 0, 10, 0.00
1735066439, 4028773, 0, 39, 0, 0, 0.14%, 6, 0, 10, 0.00
1735066445, 4047082, 0, 39, 0, 0, 0.14%, 6, 0, 10, 0.00
1735066450, 4063978, 0, 39, 0, 0, 0.14%, 6, 0, 10, 0.00
1735066455, 4080907, 0, 39, 0, 0, 0.14%, 6, 0, 10, 0.00
1735066460, 4099218, 0, 39, 0, 0, 0.14%, 6, 0, 10, 0.00
1735066465, 4115458, 0, 39, 0, 0, 0.14%, 6, 0, 10, 0.00
1735066471, 4133009, 0, 39, 0, 0, 0.14%, 6, 0, 10, 0.00
1735066476, 4149851, 0, 39, 0, 0, 0.14%, 6, 0, 10, 0.00
1735066481, 4167373, 0, 39, 0, 0, 0.14%, 6, 0, 10, 0.00
1735066486, 4184309, 0, 39, 0, 0, 0.14%, 6, 0, 10, 0.00
1735066491, 4201865, 0, 39, 0, 0, 0.14%, 6, 0, 10, 0.00
1735066497, 4218746, 0, 39, 0, 0, 0.14%, 6, 0, 10, 0.00
1735066502, 4235597, 0, 39, 0, 0, 0.14%, 6, 0, 10, 0.00
1735066507, 4253814, 0, 39, 0, 0, 0.14%, 6, 0, 10, 0.00
1735066512, 4270103, 0, 39, 0, 0, 0.14%, 6, 0, 10, 0.00
1735066517, 4287625, 0, 39, 0, 0, 0.14%, 6, 0, 10, 0.00
1735066523, 4304532, 0, 39, 0, 0, 0.14%, 6, 0, 10, 0.00
1735066528, 4321415, 0, 39, 0, 0, 0.14%, 6, 0, 10, 0.00
1735066533, 4338969, 0, 39, 0, 0, 0.14%, 6, 0, 10, 0.00
1735066538, 4355883, 0, 39, 0, 0, 0.14%, 6, 0, 10, 0.00
1735066543, 4372739, 0, 39, 0, 0, 0.14%, 6, 0, 10, 0.00
1735066549, 4390347, 0, 39, 0, 0, 0.14%, 6, 0, 10, 0.00
1735066554, 4407281, 0, 39, 0, 0, 0.14%, 6, 0, 10, 0.00
1735066559, 4424215, 0, 39, 0, 0, 0.14%, 6, 0, 10, 0.00
1735066564, 4441685, 0, 39, 0, 0, 0.14%, 6, 0, 10, 0.00
1735066569, 4458612, 0, 39, 0, 0, 0.14%, 6, 0, 10, 0.00
1735066575, 4476152, 0, 39, 0, 0, 0.14%, 6, 0, 10, 0.00
1735066580, 4493055, 0, 39, 0, 0, 0.14%, 6, 0, 10, 0.00
1735066585, 4510635, 0, 39, 0, 0, 0.14%, 6, 0, 10, 0.00
1735066590, 4527560, 0, 39, 0, 0, 0.14%, 6, 0, 10, 0.00
1735066595, 4545150, 0, 39, 0, 0, 0.14%, 6, 0, 10, 0.00
1735066601, 4562043, 0, 39, 0, 0, 0.14%, 6, 0, 10, 0.00
1735066606, 4579655, 0, 39, 0, 0, 0.14%, 6, 0, 10, 0.00
1735066611, 4596529, 0, 39, 0, 0, 0.14%, 6, 0, 10, 0.00
1735066616, 4614791, 0, 39, 0, 0, 0.14%, 6, 0, 10, 0.00
1735066621, 4631722, 0, 39, 0, 0, 0.14%, 6, 0, 10, 0.00
1735066627, 4648604, 0, 39, 0, 0, 0.14%, 6, 0, 10, 0.00
1735066632, 4664854, 0, 39, 0, 0, 0.14%, 6, 0, 10, 0.00
1735066637, 4682431, 0, 39, 0, 0, 0.14%, 6, 0, 10, 0.00
1735066642, 4699354, 0, 39, 0, 0, 0.14%, 6, 0, 10, 0.00
1735066647, 4716247, 0, 39, 0, 0, 0.14%, 6, 0, 10, 0.00
1735066653, 4733789, 0, 39, 0, 0, 0.14%, 6, 0, 10, 0.00
1735066658, 4750655, 0, 39, 0, 0, 0.14%, 6, 0, 10, 0.00
1735066663, 4767491, 0, 39, 0, 0, 0.14%, 6, 0, 10, 0.00
1735066668, 4785141, 0, 39, 0, 0, 0.14%, 6, 0, 10, 0.00
1735066673, 4802091, 0, 39, 0, 0, 0.14%, 6, 0, 10, 0.00
1735066679, 4819597, 0, 39, 0, 0, 0.14%, 6, 0, 10, 0.00
1735066684, 4837226, 0, 39, 0, 0, 0.14%, 6, 0, 10, 0.00
1735066689, 4854129, 0, 39, 0, 0, 0.14%, 6, 0, 10, 0.00
1735066694, 4871091, 0, 39, 0, 0, 0.14%, 6, 0, 10, 0.00
1735066699, 4888640, 0, 39, 0, 0, 0.14%, 6, 0, 10, 0.00
1735066705, 4905545, 0, 39, 0, 0, 0.14%, 6, 0, 10, 0.00
1735066710, 4922453, 0, 39, 0, 0, 0.14%, 6, 0, 10, 0.00
1735066715, 4939247, 0, 39, 0, 0, 0.14%, 6, 0, 10, 0.00
1735066720, 4956799, 0, 39, 0, 0, 0.14%, 6, 0, 10, 0.00
1735066725, 4973717, 0, 39, 0, 0, 0.14%, 6, 0, 10, 0.00
1735066731, 4991953, 0, 39, 0, 0, 0.14%, 6, 0, 10, 0.00
1735066736, 5009523, 0, 39, 0, 0, 0.14%, 6, 0, 10, 0.00
1735066741, 5026439, 0, 39, 0, 0, 0.14%, 6, 0, 10, 0.00
1735066746, 5044025, 0, 39, 0, 0, 0.14%, 6, 0, 10, 0.00
1735066751, 5060917, 0, 39, 0, 0, 0.14%, 6, 0, 10, 0.00
1735066757, 5077809, 0, 39, 0, 0, 0.14%, 6, 0, 10, 0.00
1735066762, 5094784, 0, 39, 0, 0, 0.14%, 6, 0, 10, 0.00
1735066767, 5112373, 0, 39, 0, 0, 0.14%, 6, 0, 10, 0.00
1735066772, 5129966, 0, 39, 0, 0, 0.14%, 6, 0, 10, 0.00
1735066777, 5147541, 0, 39, 0, 0, 0.14%, 6, 0, 10, 0.00
1735066783, 5164405, 0, 39, 0, 0, 0.14%, 6, 0, 10, 0.00
1735066788, 5181362, 0, 39, 0, 0, 0.14%, 6, 0, 10, 0.00
1735066793, 5198320, 0, 39, 0, 0, 0.14%, 6, 0, 10, 0.00
1735066798, 5215897, 0, 39, 0, 0, 0.14%, 6, 0, 10, 0.00
1735066803, 5232834, 0, 39, 0, 0, 0.14%, 6, 0, 10, 0.00
1735066809, 5250461, 0, 39, 0, 0, 0.14%, 6, 0, 10, 0.00
1735066814, 5268039, 0, 39, 0, 0, 0.14%, 6, 0, 10, 0.00
1735066819, 5285604, 0, 39, 0, 0, 0.14%, 6, 0, 10, 0.00
1735066824, 5302463, 0, 39, 0, 0, 0.14%, 6, 0, 10, 0.00
1735066829, 5319300, 0, 39, 0, 0, 0.14%, 6, 0, 10, 0.00
1735066835, 5336770, 0, 39, 0, 0, 0.14%, 6, 0, 10, 0.00
1735066840, 5353049, 0, 39, 0, 0, 0.14%, 6, 0, 10, 0.00
1735066845, 5369883, 0, 39, 0, 0, 0.14%, 6, 0, 10, 0.00
1735066850, 5387562, 0, 39, 0, 0, 0.14%, 6, 0, 10, 0.00
1735066855, 5404443, 0, 39, 0, 0, 0.14%, 6, 0, 10, 0.00
1735066861, 5421337, 0, 39, 0, 0, 0.14%, 6, 0, 10, 0.00
1735066866, 5438865, 0, 39, 0, 0, 0.14%, 6, 0, 10, 0.00
1735066871, 5455754, 0, 39, 0, 0, 0.14%, 6, 0, 10, 0.00
1735066876, 5472722, 0, 39, 0, 0, 0.14%, 6, 0, 10, 0.00
1735066881, 5490318, 0, 39, 0, 0, 0.14%, 6, 0, 10, 0.00
1735066887, 5507254, 0, 39, 0, 0, 0.14%, 6, 0, 10, 0.00
1735066892, 5524852, 0, 39, 0, 0, 0.14%, 6, 0, 10, 0.00
1735066897, 5541801, 0, 39, 0, 0, 0.14%, 6, 0, 10, 0.00
1735066902, 5558781, 0, 39, 0, 0, 0.14%, 6, 0, 10, 0.00
1735066907, 5576267, 0, 39, 0, 0, 0.14%, 6, 0, 10, 0.00
1735066913, 5593169, 0, 39, 0, 0, 0.14%, 6, 0, 10, 0.00
1735066918, 5611380, 0, 39, 0, 0, 0.14%, 6, 0, 10, 0.00
1735066923, 5628357, 0, 39, 0, 0, 0.14%, 6, 0, 10, 0.00
1735066928, 5645930, 0, 39, 0, 0, 0.14%, 6, 0, 10, 0.00
1735066933, 5662218, 0, 39, 0, 0, 0.14%, 6, 0, 10, 0.00
1735066939, 5679829, 0, 39, 0, 0, 0.14%, 6, 0, 10, 0.00
1735066944, 5696800, 0, 39, 0, 0, 0.14%, 6, 0, 10, 0.00
1735066949, 5713739, 0, 39, 0, 0, 0.14%, 6, 0, 10, 0.00
1735066954, 5731383, 0, 39, 0, 0, 0.14%, 6, 0, 10, 0.00
1735066959, 5748318, 0, 39, 0, 0, 0.14%, 6, 0, 10, 0.00
1735066965, 5766496, 0, 39, 0, 0, 0.14%, 6, 0, 10, 0.00
1735066970, 5783398, 0, 39, 0, 0, 0.14%, 6, 0, 10, 0.00
1735066975, 5800337, 0, 39, 0, 0, 0.14%, 6, 0, 10, 0.00
1735066980, 5817891, 0, 39, 0, 0, 0.14%, 6, 0, 10, 0.00
1735066985, 5834827, 0, 39, 0, 0, 0.14%, 6, 0, 10, 0.00
1735066991, 5853063, 0, 39, 0, 0, 0.14%, 6, 0, 10, 0.00
1735066996, 5869979, 0, 39, 0, 0, 0.14%, 6, 0, 10, 0.00
1735067001, 5886866, 0, 39, 0, 0, 0.14%, 6, 0, 10, 0.00
1735067006, 5904447, 0, 39, 0, 0, 0.14%, 6, 0, 10, 0.00
1735067011, 5921356, 0, 39, 0, 0, 0.14%, 6, 0, 10, 0.00
1735067017, 5938913, 0, 39, 0, 0, 0.14%, 6, 0, 10, 0.00
1735067022, 5955810, 0, 39, 0, 0, 0.14%, 6, 0, 10, 0.00
1735067027, 5972706, 0, 39, 0, 0, 0.14%, 6, 0, 10, 0.00
1735067032, 5990327, 0, 39, 0, 0, 0.14%, 6, 0, 10, 0.00
1735067037, 6007215, 0, 39, 0, 0, 0.14%, 6, 0, 10, 0.00
1735067043, 6024064, 0, 39, 0, 0, 0.14%, 6, 0, 10, 0.00
1735067048, 6041617, 0, 39, 0, 0, 0.14%, 6, 0, 10, 0.00
1735067053, 6058488, 0, 39, 0, 0, 0.14%, 6, 0, 10, 0.00
1735067058, 6075343, 0, 39, 0, 0, 0.14%, 6, 0, 10, 0.00
1735067063, 6092913, 0, 39, 0, 0, 0.14%, 6, 0, 10, 0.00
1735067069, 6109761, 0, 39, 0, 0, 0.14%, 6, 0, 10, 0.00
1735067074, 6126693, 0, 39, 0, 0, 0.14%, 6, 0, 10, 0.00
1735067079, 6144267, 0, 39, 0, 0, 0.14%, 6, 0, 10, 0.00
1735067084, 6161752, 0, 39, 0, 0, 0.14%, 6, 0, 10, 0.00
1735067089, 6179275, 0, 39, 0, 0, 0.14%, 6, 0, 10, 0.00
1735067095, 6196140, 0, 39, 0, 0, 0.14%, 6, 0, 10, 0.00
1735067100, 6213642, 0, 39, 0, 0, 0.14%, 6, 0, 10, 0.00
1735067105, 6230547, 0, 39, 0, 0, 0.14%, 6, 0, 10, 0.00
1735067110, 6247470, 0, 39, 0, 0, 0.14%, 6, 0, 10, 0.00
1735067115, 6264391, 0, 39, 0, 0, 0.14%, 6, 0, 10, 0.00
1735067121, 6281249, 0, 39, 0, 0, 0.14%, 6, 0, 10, 0.00
1735067126, 6298149, 0, 39, 0, 0, 0.14%, 6, 0, 10, 0.00
1735067131, 6315665, 0, 39, 0, 0, 0.14%, 6, 0, 10, 0.00
1735067136, 6332546, 0, 39, 0, 0, 0.14%, 6, 0, 10, 0.00
1735067141, 6349390, 0, 39, 0, 0, 0.14%, 6, 0, 10, 0.00
1735067147, 6366898, 0, 39, 0, 0, 0.14%, 6, 0, 10, 0.00
1735067152, 6383762, 0, 39, 0, 0, 0.14%, 6, 0, 10, 0.00
1735067157, 6401300, 0, 39, 0, 0, 0.14%, 6, 0, 10, 0.00
1735067162, 6418795, 0, 39, 0, 0, 0.14%, 6, 0, 10, 0.00
1735067167, 6436316, 0, 39, 0, 0, 0.14%, 6, 0, 10, 0.00
1735067173, 6453173, 0, 39, 0, 0, 0.14%, 6, 0, 10, 0.00
1735067178, 6470740, 0, 39, 0, 0, 0.14%, 6, 0, 10, 0.00
1735067183, 6488316, 0, 39, 0, 0, 0.14%, 6, 0, 10, 0.00
1735067188, 6505187, 0, 39, 0, 0, 0.14%, 6, 0, 10, 0.00
1735067193, 6522789, 0, 39, 0, 0, 0.14%, 6, 0, 10, 0.00
1735067199, 6539692, 0, 39, 0, 0, 0.14%, 6, 0, 10, 0.00
1735067204, 6557276, 0, 39, 0, 0, 0.14%, 6, 0, 10, 0.00
1735067209, 6574205, 0, 39, 0, 0, 0.14%, 6, 0, 10, 0.00
1735067214, 6591789, 0, 39, 0, 0, 0.14%, 6, 0, 10, 0.00
1735067219, 6609355, 0, 39, 0, 0, 0.14%, 6, 0, 10, 0.00
1735067225, 6626229, 0, 39, 0, 0, 0.14%, 6, 0, 10, 0.00
1735067230, 6643786, 0, 39, 0, 0, 0.14%, 6, 0, 10, 0.00
1735067235, 6660689, 0, 39, 0, 0, 0.14%, 6, 0, 10, 0.00
1735067240, 6678007, 0, 39, 0, 0, 0.14%, 6, 0, 10, 0.00
1735067245, 6695141, 0, 39, 0, 0, 0.14%, 6, 0, 10, 0.00
1735067251, 6712741, 0, 39, 0, 0, 0.14%, 6, 0, 10, 0.00
1735067256, 6729684, 0, 39, 0, 0, 0.14%, 6, 0, 10, 0.00
1735067261, 6746619, 0, 39, 0, 0, 0.14%, 6, 0, 10, 0.00
1735067266, 6764793, 0, 39, 0, 0, 0.14%, 6, 0, 10, 0.00
1735067271, 6781687, 0, 39, 0, 0, 0.14%, 6, 0, 10, 0.00
1735067277, 6799851, 0, 39, 0, 0, 0.14%, 6, 0, 10, 0.00
1735067282, 6816734, 0, 39, 0, 0, 0.14%, 6, 0, 10, 0.00
1735067287, 6834312, 0, 39, 0, 0, 0.14%, 6, 0, 10, 0.00
1735067292, 6851236, 0, 39, 0, 0, 0.14%, 6, 0, 10, 0.00
1735067297, 6868123, 0, 39, 0, 0, 0.14%, 6, 0, 10, 0.00
1735067303, 6885693, 0, 39, 0, 0, 0.14%, 6, 0, 10, 0.00
1735067308, 6902586, 0, 39, 0, 0, 0.14%, 6, 0, 10, 0.00
1735067313, 6920097, 0, 39, 0, 0, 0.14%, 6, 0, 10, 0.00
1735067318, 6937004, 0, 39, 0, 0, 0.14%, 6, 0, 10, 0.00
1735067323, 6953892, 0, 39, 0, 0, 0.14%, 6, 0, 10, 0.00
1735067329, 6972112, 0, 39, 0, 0, 0.14%, 6, 0, 10, 0.00
1735067334, 6988912, 0, 39, 0, 0, 0.14%, 6, 0, 10, 0.00
1735067339, 7005826, 0, 39, 0, 0, 0.14%, 6, 0, 10, 0.00
1735067344, 7024018, 0, 39, 0, 0, 0.14%, 6, 0, 10, 0.00
1735067349, 7040973, 0, 39, 0, 0, 0.14%, 6, 0, 10, 0.00
1735067355, 7057907, 0, 39, 0, 0, 0.14%, 6, 0, 10, 0.00
1735067360, 7074751, 0, 39, 0, 0, 0.14%, 6, 0, 10, 0.00
1735067365, 7092416, 0, 39, 0, 0, 0.14%, 6, 0, 10, 0.00
1735067370, 7109294, 0, 39, 0, 0, 0.14%, 6, 0, 10, 0.00
1735067375, 7126220, 0, 39, 0, 0, 0.14%, 6, 0, 10, 0.00
1735067381, 7143852, 0, 39, 0, 0, 0.14%, 6, 0, 10, 0.00
1735067386, 7160225, 0, 39, 0, 0, 0.14%, 6, 0, 10, 0.00
1735067391, 7178413, 0, 39, 0, 0, 0.14%, 6, 0, 10, 0.00
1735067396, 7195294, 0, 39, 0, 0, 0.14%, 6, 0, 10, 0.00
1735067401, 7212864, 0, 39, 0, 0, 0.14%, 6, 0, 10, 0.00
1735067407, 7229690, 0, 39, 0, 0, 0.14%, 6, 0, 10, 0.00
1735067412, 7246634, 0, 39, 0, 0, 0.14%, 6, 0, 10, 0.00
1735067417, 7264166, 0, 39, 0, 0, 0.14%, 6, 0, 10, 0.00
1735067422, 7281096, 0, 39, 0, 0, 0.14%, 6, 0, 10, 0.00
1735067427, 7298033, 0, 39, 0, 0, 0.14%, 6, 0, 10, 0.00
1735067433, 7314981, 0, 39, 0, 0, 0.14%, 6, 0, 10, 0.00
1735067438, 7332517, 0, 39, 0, 0, 0.14%, 6, 0, 10, 0.00
1735067443, 7349419, 0, 39, 0, 0, 0.14%, 6, 0, 10, 0.00
1735067448, 7366330, 0, 39, 0, 0, 0.14%, 6, 0, 10, 0.00
1735067453, 7382532, 0, 39, 0, 0, 0.14%, 6, 0, 10, 0.00
1735067459, 7400042, 0, 39, 0, 0, 0.14%, 6, 0, 10, 0.00
1735067464, 7417638, 0, 39, 0, 0, 0.14%, 6, 0, 10, 0.00
1735067469, 7434540, 0, 39, 0, 0, 0.14%, 6, 0, 10, 0.00
1735067474, 7451433, 0, 39, 0, 0, 0.14%, 6, 0, 10, 0.00
1735067479, 7468311, 0, 39, 0, 0, 0.14%, 6, 0, 10, 0.00
1735067485, 7486490, 0, 39, 0, 0, 0.14%, 6, 0, 10, 0.00
1735067490, 7503448, 0, 39, 0, 0, 0.14%, 6, 0, 10, 0.00
1735067495, 7521103, 0, 39, 0, 0, 0.14%, 6, 0, 10, 0.00
1735067500, 7537985, 0, 39, 0, 0, 0.14%, 6, 0, 10, 0.00
1735067505, 7555553, 0, 39, 0, 0, 0.14%, 6, 0, 10, 0.00
1735067511, 7573100, 0, 39, 0, 0, 0.14%, 6, 0, 10, 0.00
1735067516, 7590635, 0, 39, 0, 0, 0.14%, 6, 0, 10, 0.00
1735067521, 7607558, 0, 39, 0, 0, 0.14%, 6, 0, 10, 0.00
1735067526, 7625086, 0, 39, 0, 0, 0.14%, 6, 0, 10, 0.00
1735067531, 7642629, 0, 39, 0, 0, 0.14%, 6, 0, 10, 0.00
1735067537, 7660127, 0, 39, 0, 0, 0.14%, 6, 0, 10, 0.00
1735067542, 7676977, 0, 39, 0, 0, 0.14%, 6, 0, 10, 0.00
1735067547, 7693933, 0, 39, 0, 0, 0.14%, 6, 0, 10, 0.00
1735067552, 7711508, 0, 39, 0, 0, 0.14%, 6, 0, 10, 0.00
1735067557, 7729027, 0, 39, 0, 0, 0.14%, 6, 0, 10, 0.00
1735067563, 7746619, 0, 39, 0, 0, 0.14%, 6, 0, 10, 0.00
1735067568, 7763590, 0, 39, 0, 0, 0.14%, 6, 0, 10, 0.00
1735067573, 7781156, 0, 39, 0, 0, 0.14%, 6, 0, 10, 0.00
1735067578, 7798084, 0, 39, 0, 0, 0.14%, 6, 0, 10, 0.00
1735067583, 7816378, 0, 39, 0, 0, 0.14%, 6, 0, 10, 0.00
1735067589, 7833338, 0, 39, 0, 0, 0.14%, 6, 0, 10, 0.00
1735067594, 7850309, 0, 39, 0, 0, 0.14%, 6, 0, 10, 0.00
1735067599, 7868473, 0, 39, 0, 0, 0.14%, 6, 0, 10, 0.00
1735067604, 7885335, 0, 39, 0, 0, 0.14%, 6, 0, 10, 0.00
1735067609, 7902255, 0, 39, 0, 0, 0.14%, 6, 0, 10, 0.00
1735067615, 7920419, 0, 39, 0, 0, 0.14%, 6, 0, 10, 0.00
1735067620, 7938008, 0, 39, 0, 0, 0.14%, 6, 0, 10, 0.00
1735067625, 7955478, 0, 39, 0, 0, 0.14%, 6, 0, 10, 0.00
1735067630, 7972370, 0, 39, 0, 0, 0.14%, 6, 0, 10, 0.00
1735067635, 7989291, 0, 39, 0, 0, 0.14%, 6, 0, 10, 0.00
1735067641, 8006121, 0, 39, 0, 0, 0.14%, 6, 0, 10, 0.00
1735067646, 8022993, 0, 39, 0, 0, 0.14%, 6, 0, 10, 0.00
1735067651, 8039834, 0, 39, 0, 0, 0.14%, 6, 0, 10, 0.00
1735067656, 8056116, 0, 39, 0, 0, 0.14%, 6, 0, 10, 0.00
1735067661, 8073691, 0, 39, 0, 0, 0.14%, 6, 0, 10, 0.00
1735067667, 8091014, 0, 39, 0, 0, 0.14%, 6, 0, 10, 0.00
1735067672, 8108126, 0, 39, 0, 0, 0.14%, 6, 0, 10, 0.00
1735067677, 8124988, 0, 39, 0, 0, 0.14%, 6, 0, 10, 0.00
1735067682, 8142012, 0, 39, 0, 0, 0.14%, 6, 0, 10, 0.00
1735067687, 8158974, 0, 39, 0, 0, 0.14%, 6, 0, 10, 0.00
1735067693, 8175888, 0, 39, 0, 0, 0.14%, 6, 0, 10, 0.00
1735067698, 8193464, 0, 39, 0, 0, 0.14%, 6, 0, 10, 0.00
1735067703, 8210368, 0, 39, 0, 0, 0.14%, 6, 0, 10, 0.00
1735067708, 8227283, 0, 39, 0, 0, 0.14%, 6, 0, 10, 0.00
1735067713, 8244191, 0, 39, 0, 0, 0.14%, 6, 0, 10, 0.00
1735067719, 8260488, 0, 39, 0, 0, 0.14%, 6, 0, 10, 0.00
1735067724, 8278045, 0, 39, 0, 0, 0.14%, 6, 0, 10, 0.00
1735067729, 8294973, 0, 39, 0, 0, 0.14%, 6, 0, 10, 0.00
1735067734, 8312527, 0, 39, 0, 0, 0.14%, 6, 0, 10, 0.00
1735067739, 8329509, 0, 39, 0, 0, 0.14%, 6, 0, 10, 0.00
1735067745, 8347009, 0, 39, 0, 0, 0.14%, 6, 0, 10, 0.00
1735067750, 8363945, 0, 39, 0, 0, 0.14%, 6, 0, 10, 0.00
1735067755, 8380852, 0, 39, 0, 0, 0.14%, 6, 0, 10, 0.00
1735067760, 8397764, 0, 39, 0, 0, 0.14%, 6, 0, 10, 0.00
1735067765, 8414756, 0, 39, 0, 0, 0.14%, 6, 0, 10, 0.00
1735067771, 8432986, 0, 39, 0, 0, 0.14%, 6, 0, 10, 0.00
1735067776, 8449975, 0, 39, 0, 0, 0.14%, 6, 0, 10, 0.00
1735067781, 8467522, 0, 39, 0, 0, 0.14%, 6, 0, 10, 0.00
1735067786, 8484472, 0, 39, 0, 0, 0.14%, 6, 0, 10, 0.00
1735067791, 8502042, 0, 39, 0, 0, 0.14%, 6, 0, 10, 0.00
1735067797, 8518911, 0, 39, 0, 0, 0.14%, 6, 0, 10, 0.00
1735067802, 8535866, 0, 39, 0, 0, 0.14%, 6, 0, 10, 0.00
1735067807, 8552818, 0, 39, 0, 0, 0.14%, 6, 0, 10, 0.00
1735067812, 8569074, 0, 39, 0, 0, 0.14%, 6, 0, 10, 0.00
1735067817, 8586666, 0, 39, 0, 0, 0.14%, 6, 0, 10, 0.00
1735067823, 8603618, 0, 39, 0, 0, 0.14%, 6, 0, 10, 0.00
1735067828, 8620596, 0, 39, 0, 0, 0.14%, 6, 0, 10, 0.00
1735067833, 8638152, 0, 39, 0, 0, 0.14%, 6, 0, 10, 0.00
1735067838, 8655084, 0, 39, 0, 0, 0.14%, 6, 0, 10, 0.00
1735067843, 8671946, 0, 39, 0, 0, 0.14%, 6, 0, 10, 0.00
1735067849, 8689493, 0, 39, 0, 0, 0.14%, 6, 0, 10, 0.00
1735067854, 8706396, 0, 39, 0, 0, 0.14%, 6, 0, 10, 0.00
1735067859, 8723997, 0, 39, 0, 0, 0.14%, 6, 0, 10, 0.00
1735067864, 8740246, 0, 39, 0, 0, 0.14%, 6, 0, 10, 0.00
1735067869, 8758412, 0, 39, 0, 0, 0.14%, 6, 0, 10, 0.00
1735067875, 8775304, 0, 39, 0, 0, 0.14%, 6, 0, 10, 0.00
1735067880, 8792794, 0, 39, 0, 0, 0.14%, 6, 0, 10, 0.00
1735067885, 8809623, 0, 39, 0, 0, 0.14%, 6, 0, 10, 0.00
1735067890, 8827816, 0, 39, 0, 0, 0.14%, 6, 0, 10, 0.00
1735067895, 8845028, 0, 39, 0, 0, 0.14%, 6, 0, 10, 0.00
1735067901, 8862370, 0, 39, 0, 0, 0.14%, 6, 0, 10, 0.00
1735067906, 8879229, 0, 39, 0, 0, 0.14%, 6, 0, 10, 0.00
1735067911, 8897534, 0, 39, 0, 0, 0.14%, 6, 0, 10, 0.00
1735067916, 8914457, 0, 39, 0, 0, 0.14%, 6, 0, 10, 0.00
1735067921, 8932088, 0, 39, 0, 0, 0.14%, 6, 0, 10, 0.00
1735067927, 8949016, 0, 39, 0, 0, 0.14%, 6, 0, 10, 0.00
1735067932, 8967202, 0, 39, 0, 0, 0.14%, 6, 0, 10, 0.00
1735067937, 8983545, 0, 39, 0, 0, 0.14%, 6, 0, 10, 0.00
1735067942, 9001038, 0, 39, 0, 0, 0.14%, 6, 0, 10, 0.00
1735067947, 9017979, 0, 39, 0, 0, 0.14%, 6, 0, 10, 0.00
1735067953, 9034906, 0, 39, 0, 0, 0.14%, 6, 0, 10, 0.00
1735067958, 9052026, 0, 39, 0, 0, 0.14%, 6, 0, 10, 0.00
1735067963, 9069367, 0, 39, 0, 0, 0.14%, 6, 0, 10, 0.00
1735067968, 9086935, 0, 39, 0, 0, 0.14%, 6, 0, 10, 0.00
1735067973, 9103882, 0, 39, 0, 0, 0.14%, 6, 0, 10, 0.00
1735067979, 9120827, 0, 39, 0, 0, 0.14%, 6, 0, 10, 0.00
1735067984, 9138419, 0, 39, 0, 0, 0.14%, 6, 0, 10, 0.00
1735067989, 9155372, 0, 39, 0, 0, 0.14%, 6, 0, 10, 0.00
1735067994, 9172950, 0, 39, 0, 0, 0.14%, 6, 0, 10, 0.00
1735067999, 9189792, 0, 39, 0, 0, 0.14%, 6, 0, 10, 0.00
1735068005, 9207246, 0, 39, 0, 0, 0.14%, 6, 0, 10, 0.00
1735068010, 9224048, 0, 39, 0, 0, 0.14%, 6, 0, 10, 0.00
1735068015, 9241645, 0, 39, 0, 0, 0.14%, 6, 0, 10, 0.00
1735068020, 9258579, 0, 39, 0, 0, 0.14%, 6, 0, 10, 0.00
1735068025, 9276789, 0, 39, 0, 0, 0.14%, 6, 0, 10, 0.00
1735068031, 9293769, 0, 39, 0, 0, 0.14%, 6, 0, 10, 0.00
1735068036, 9311315, 0, 39, 0, 0, 0.14%, 6, 0, 10, 0.00
1735068041, 9328237, 0, 39, 0, 0, 0.14%, 6, 0, 10, 0.00
1735068046, 9345159, 0, 39, 0, 0, 0.14%, 6, 0, 10, 0.00
1735068051, 9362732, 0, 39, 0, 0, 0.14%, 6, 0, 10, 0.00
1735068057, 9379092, 0, 39, 0, 0, 0.14%, 6, 0, 10, 0.00
1735068062, 9395951, 0, 39, 0, 0, 0.14%, 6, 0, 10, 0.00
1735068067, 9412928, 0, 39, 0, 0, 0.14%, 6, 0, 10, 0.00
1735068072, 9431106, 0, 39, 0, 0, 0.14%, 6, 0, 10, 0.00
1735068077, 9447391, 0, 39, 0, 0, 0.14%, 6, 0, 10, 0.00
1735068083, 9464958, 0, 39, 0, 0, 0.14%, 6, 0, 10, 0.00
1735068088, 9481908, 0, 39, 0, 0, 0.14%, 6, 0, 10, 0.00
1735068093, 9498792, 0, 39, 0, 0, 0.14%, 6, 0, 10, 0.00
1735068098, 9516286, 0, 39, 0, 0, 0.14%, 6, 0, 10, 0.00
1735068103, 9533268, 0, 39, 0, 0, 0.14%, 6, 0, 10, 0.00
1735068109, 9550849, 0, 39, 0, 0, 0.14%, 6, 0, 10, 0.00
1735068114, 9567846, 0, 39, 0, 0, 0.14%, 6, 0, 10, 0.00
1735068119, 9585426, 0, 39, 0, 0, 0.14%, 6, 0, 10, 0.00
1735068124, 9603074, 0, 39, 0, 0, 0.14%, 6, 0, 10, 0.00
1735068129, 9619997, 0, 39, 0, 0, 0.14%, 6, 0, 10, 0.00
1735068135, 9638116, 0, 39, 0, 0, 0.14%, 6, 0, 10, 0.00
1735068140, 9655037, 0, 39, 0, 0, 0.14%, 6, 0, 10, 0.00
1735068145, 9671976, 0, 39, 0, 0, 0.14%, 6, 0, 10, 0.00
1735068150, 9688951, 0, 39, 0, 0, 0.14%, 6, 0, 10, 0.00
1735068155, 9705872, 0, 39, 0, 0, 0.14%, 6, 0, 10, 0.00
1735068161, 9723482, 0, 39, 0, 0, 0.14%, 6, 0, 10, 0.00
1735068166, 9741034, 0, 39, 0, 0, 0.14%, 6, 0, 10, 0.00
1735068171, 9757346, 0, 39, 0, 0, 0.14%, 6, 0, 10, 0.00
1735068176, 9774911, 0, 39, 0, 0, 0.14%, 6, 0, 10, 0.00
1735068181, 9791833, 0, 39, 0, 0, 0.14%, 6, 0, 10, 0.00
1735068187, 9810083, 0, 39, 0, 0, 0.14%, 6, 0, 10, 0.00
1735068192, 9827768, 0, 39, 0, 0, 0.14%, 6, 0, 10, 0.00
1735068197, 9844788, 0, 39, 0, 0, 0.14%, 6, 0, 10, 0.00
1735068202, 9861713, 0, 39, 0, 0, 0.14%, 6, 0, 10, 0.00
1735068207, 9879259, 0, 39, 0, 0, 0.14%, 6, 0, 10, 0.00
1735068213, 9896108, 0, 39, 0, 0, 0.14%, 6, 0, 10, 0.00
1735068218, 9914341, 0, 39, 0, 0, 0.14%, 6, 0, 10, 0.00
1735068223, 9931231, 0, 39, 0, 0, 0.14%, 6, 0, 10, 0.00
1735068228, 9948087, 0, 39, 0, 0, 0.14%, 6, 0, 10, 0.00
1735068233, 9965651, 0, 39, 0, 0, 0.14%, 6, 0, 10, 0.00
1735068239, 9983238, 0, 39, 0, 0, 0.14%, 6, 0, 10, 0.00
1735068244, 10000143, 0, 39, 0, 0, 0.14%, 6, 0, 10, 0.00
1735068249, 10018410, 0, 39, 0, 0, 0.14%, 6, 0, 10, 0.00
1735068254, 10035268, 0, 39, 0, 0, 0.14%, 6, 0, 10, 0.00
1735068259, 10052159, 0, 39, 0, 0, 0.14%, 6, 0, 10, 0.00
1735068265, 10069097, 0, 39, 0, 0, 0.14%, 6, 0, 10, 0.00
1735068270, 10086683, 0, 39, 0, 0, 0.14%, 6, 0, 10, 0.00
1735068275, 10103536, 0, 39, 0, 0, 0.14%, 6, 0, 10, 0.00
1735068280, 10121742, 0, 39, 0, 0, 0.14%, 6, 0, 10, 0.00
1735068285, 10138638, 0, 39, 0, 0, 0.14%, 6, 0, 10, 0.00
1735068291, 10155501, 0, 39, 0, 0, 0.14%, 6, 0, 10, 0.00
1735068296, 10173737, 0, 39, 0, 0, 0.14%, 6, 0, 10, 0.00
1735068301, 10190663, 0, 39, 0, 0, 0.14%, 6, 0, 10, 0.00
1735068306, 10208258, 0, 39, 0, 0, 0.14%, 6, 0, 10, 0.00
1735068311, 10225219, 0, 39, 0, 0, 0.14%, 6, 0, 10, 0.00
1735068317, 10242052, 0, 39, 0, 0, 0.14%, 6, 0, 10, 0.00
1735068322, 10258935, 0, 39, 0, 0, 0.14%, 6, 0, 10, 0.00
1735068327, 10276501, 0, 39, 0, 0, 0.14%, 6, 0, 10, 0.00
1735068332, 10293443, 0, 39, 0, 0, 0.14%, 6, 0, 10, 0.00
1735068337, 10310982, 0, 39, 0, 0, 0.14%, 6, 0, 10, 0.00
1735068343, 10327931, 0, 39, 0, 0, 0.14%, 6, 0, 10, 0.00
1735068348, 10345474, 0, 39, 0, 0, 0.14%, 6, 0, 10, 0.00
1735068353, 10362340, 0, 39, 0, 0, 0.14%, 6, 0, 10, 0.00
1735068358, 10379271, 0, 39, 0, 0, 0.14%, 6, 0, 10, 0.00
1735068363, 10397494, 0, 39, 0, 0, 0.14%, 6, 0, 10, 0.00
1735068369, 10414395, 0, 39, 0, 0, 0.14%, 6, 0, 10, 0.00
1735068374, 10431357, 0, 39, 0, 0, 0.14%, 6, 0, 10, 0.00
1735068379, 10448969, 0, 39, 0, 0, 0.14%, 6, 0, 10, 0.00
1735068384, 10465916, 0, 39, 0, 0, 0.14%, 6, 0, 10, 0.00
1735068389, 10484151, 0, 39, 0, 0, 0.14%, 6, 0, 10, 0.00
1735068395, 10501128, 0, 39, 0, 0, 0.14%, 6, 0, 10, 0.00
1735068400, 10518032, 0, 39, 0, 0, 0.14%, 6, 0, 10, 0.00
1735068405, 10534970, 0, 39, 0, 0, 0.14%, 6, 0, 10, 0.00
1735068410, 10551878, 0, 39, 0, 0, 0.14%, 6, 0, 10, 0.00
1735068415, 10568731, 0, 39, 0, 0, 0.14%, 6, 0, 10, 0.00
1735068421, 10585683, 0, 39, 0, 0, 0.14%, 6, 0, 10, 0.00
1735068426, 10602622, 0, 39, 0, 0, 0.14%, 6, 0, 10, 0.00
1735068431, 10620249, 0, 39, 0, 0, 0.14%, 6, 0, 10, 0.00
1735068436, 10637148, 0, 39, 0, 0, 0.14%, 6, 0, 10, 0.00
1735068441, 10654714, 0, 39, 0, 0, 0.14%, 6, 0, 10, 0.00
1735068447, 10671587, 0, 39, 0, 0, 0.14%, 6, 0, 10, 0.00
1735068452, 10689140, 0, 39, 0, 0, 0.14%, 6, 0, 10, 0.00
1735068457, 10706137, 0, 39, 0, 0, 0.14%, 6, 0, 10, 0.00
1735068462, 10723704, 0, 39, 0, 0, 0.14%, 6, 0, 10, 0.00
1735068467, 10740620, 0, 39, 0, 0, 0.14%, 6, 0, 10, 0.00
1735068473, 10757626, 0, 39, 0, 0, 0.14%, 6, 0, 10, 0.00
1735068478, 10775170, 0, 39, 0, 0, 0.14%, 6, 0, 10, 0.00
1735068483, 10792048, 0, 39, 0, 0, 0.14%, 6, 0, 10, 0.00
1735068488, 10809565, 0, 39, 0, 0, 0.14%, 6, 0, 10, 0.00
1735068493, 10826549, 0, 39, 0, 0, 0.14%, 6, 0, 10, 0.00
1735068499, 10844669, 0, 39, 0, 0, 0.14%, 6, 0, 10, 0.00
1735068504, 10861613, 0, 39, 0, 0, 0.14%, 6, 0, 10, 0.00
1735068509, 10879192, 0, 39, 0, 0, 0.14%, 6, 0, 10, 0.00
1735068514, 10896177, 0, 39, 0, 0, 0.14%, 6, 0, 10, 0.00
1735068519, 10913797, 0, 39, 0, 0, 0.14%, 6, 0, 10, 0.00
1735068525, 10931300, 0, 39, 0, 0, 0.14%, 6, 0, 10, 0.00
1735068530, 10948129, 0, 39, 0, 0, 0.14%, 6, 0, 10, 0.00
1735068535, 10965750, 0, 39, 0, 0, 0.14%, 6, 0, 10, 0.00
1735068540, 10983228, 0, 39, 0, 0, 0.14%, 6, 0, 10, 0.00
1735068545, 11000107, 0, 39, 0, 0, 0.14%, 6, 0, 10, 0.00
1735068551, 11016937, 0, 39, 0, 0, 0.14%, 6, 0, 10, 0.00
1735068556, 11034463, 0, 39, 0, 0, 0.14%, 6, 0, 10, 0.00
1735068561, 11051333, 0, 39, 0, 0, 0.14%, 6, 0, 10, 0.00
1735068566, 11068167, 0, 39, 0, 0, 0.14%, 6, 0, 10, 0.00
1735068571, 11085671, 0, 39, 0, 0, 0.14%, 6, 0, 10, 0.00
1735068577, 11102522, 0, 39, 0, 0, 0.14%, 6, 0, 10, 0.00
1735068582, 11119442, 0, 39, 0, 0, 0.14%, 6, 0, 10, 0.00
1735068587, 11137002, 0, 39, 0, 0, 0.14%, 6, 0, 10, 0.00
1735068592, 11153913, 0, 39, 0, 0, 0.14%, 6, 0, 10, 0.00
1735068597, 11172042, 0, 39, 0, 0, 0.14%, 6, 0, 10, 0.00
1735068603, 11188939, 0, 39, 0, 0, 0.14%, 6, 0, 10, 0.00
1735068608, 11205825, 0, 39, 0, 0, 0.14%, 6, 0, 10, 0.00
1735068613, 11222646, 0, 39, 0, 0, 0.14%, 6, 0, 10, 0.00
1735068618, 11240165, 0, 39, 0, 0, 0.14%, 6, 0, 10, 0.00
1735068623, 11257116, 0, 39, 0, 0, 0.14%, 6, 0, 10, 0.00
1735068629, 11275232, 0, 39, 0, 0, 0.14%, 6, 0, 10, 0.00
1735068634, 11292159, 0, 39, 0, 0, 0.14%, 6, 0, 10, 0.00
1735068639, 11309081, 0, 39, 0, 0, 0.14%, 6, 0, 10, 0.00
1735068644, 11325983, 0, 39, 0, 0, 0.14%, 6, 0, 10, 0.00
1735068649, 11342884, 0, 39, 0, 0, 0.14%, 6, 0, 10, 0.00
1735068655, 11359752, 0, 39, 0, 0, 0.14%, 6, 0, 10, 0.00
1735068660, 11376578, 0, 39, 0, 0, 0.14%, 6, 0, 10, 0.00
1735068665, 11394164, 0, 39, 0, 0, 0.14%, 6, 0, 10, 0.00
1735068670, 11411036, 0, 39, 0, 0, 0.14%, 6, 0, 10, 0.00
1735068675, 11429242, 0, 39, 0, 0, 0.14%, 6, 0, 10, 0.00
1735068681, 11446136, 0, 39, 0, 0, 0.14%, 6, 0, 10, 0.00
1735068686, 11463060, 0, 39, 0, 0, 0.14%, 6, 0, 10, 0.00
1735068691, 11480643, 0, 39, 0, 0, 0.14%, 6, 0, 10, 0.00
1735068696, 11498171, 0, 39, 0, 0, 0.14%, 6, 0, 10, 0.00
1735068701, 11515139, 0, 39, 0, 0, 0.14%, 6, 0, 10, 0.00
1735068707, 11532029, 0, 39, 0, 0, 0.14%, 6, 0, 10, 0.00
1735068712, 11549541, 0, 39, 0, 0, 0.14%, 6, 0, 10, 0.00
1735068717, 11565797, 0, 39, 0, 0, 0.14%, 6, 0, 10, 0.00
1735068722, 11583335, 0, 39, 0, 0, 0.14%, 6, 0, 10, 0.00
1735068727, 11600214, 0, 39, 0, 0, 0.14%, 6, 0, 10, 0.00
1735068733, 11617774, 0, 39, 0, 0, 0.14%, 6, 0, 10, 0.00
1735068738, 11634705, 0, 39, 0, 0, 0.14%, 6, 0, 10, 0.00
1735068743, 11651582, 0, 39, 0, 0, 0.14%, 6, 0, 10, 0.00
1735068748, 11669139, 0, 39, 0, 0, 0.14%, 6, 0, 10, 0.00
1735068753, 11686060, 0, 39, 0, 0, 0.14%, 6, 0, 10, 0.00
1735068759, 11702991, 0, 39, 0, 0, 0.14%, 6, 0, 10, 0.00
1735068764, 11719885, 0, 39, 0, 0, 0.14%, 6, 0, 10, 0.00
1735068769, 11737448, 0, 39, 0, 0, 0.14%, 6, 0, 10, 0.00
1735068774, 11754376, 0, 39, 0, 0, 0.14%, 6, 0, 10, 0.00
1735068779, 11771893, 0, 39, 0, 0, 0.14%, 6, 0, 10, 0.00
1735068785, 11788772, 0, 39, 0, 0, 0.14%, 6, 0, 10, 0.00
1735068790, 11805651, 0, 39, 0, 0, 0.14%, 6, 0, 10, 0.00
1735068795, 11823187, 0, 39, 0, 0, 0.14%, 6, 0, 10, 0.00
1735068800, 11840015, 0, 39, 0, 0, 0.14%, 6, 0, 10, 0.00
1735068805, 11857663, 0, 39, 0, 0, 0.14%, 6, 0, 10, 0.00
1735068811, 11875276, 0, 39, 0, 0, 0.14%, 6, 0, 10, 0.00
1735068816, 11892132, 0, 39, 0, 0, 0.14%, 6, 0, 10, 0.00
1735068821, 11909075, 0, 39, 0, 0, 0.14%, 6, 0, 10, 0.00
1735068826, 11926631, 0, 39, 0, 0, 0.14%, 6, 0, 10, 0.00
1735068831, 11943507, 0, 39, 0, 0, 0.14%, 6, 0, 10, 0.00
1735068837, 11960405, 0, 39, 0, 0, 0.14%, 6, 0, 10, 0.00
1735068842, 11978008, 0, 39, 0, 0, 0.14%, 6, 0, 10, 0.00
1735068847, 11994831, 0, 39, 0, 0, 0.14%, 6, 0, 10, 0.00
1735068852, 12011703, 0, 39, 0, 0, 0.14%, 6, 0, 10, 0.00
1735068857, 12029260, 0, 39, 0, 0, 0.14%, 6, 0, 10, 0.00
1735068863, 12046130, 0, 39, 0, 0, 0.14%, 6, 0, 10, 0.00
1735068868, 12063705, 0, 39, 0, 0, 0.14%, 6, 0, 10, 0.00
1735068873, 12080550, 0, 39, 0, 0, 0.14%, 6, 0, 10, 0.00
1735068878, 12097437, 0, 39, 0, 0, 0.14%, 6, 0, 10, 0.00
1735068883, 12114365, 0, 39, 0, 0, 0.14%, 6, 0, 10, 0.00
1735068889, 12131819, 0, 39, 0, 0, 0.14%, 6, 0, 10, 0.00
1735068894, 12148705, 0, 39, 0, 0, 0.14%, 6, 0, 10, 0.00
1735068899, 12165580, 0, 39, 0, 0, 0.14%, 6, 0, 10, 0.00
1735068904, 12182423, 0, 39, 0, 0, 0.14%, 6, 0, 10, 0.00
1735068909, 12200601, 0, 39, 0, 0, 0.14%, 6, 0, 10, 0.00
1735068915, 12217502, 0, 39, 0, 0, 0.14%, 6, 0, 10, 0.00
1735068920, 12233684, 0, 39, 0, 0, 0.14%, 6, 0, 10, 0.00
1735068925, 12250602, 0, 39, 0, 0, 0.14%, 6, 0, 10, 0.00
1735068930, 12267439, 0, 39, 0, 0, 0.14%, 6, 0, 10, 0.00
1735068935, 12284364, 0, 39, 0, 0, 0.14%, 6, 0, 10, 0.00
1735068941, 12301330, 0, 39, 0, 0, 0.14%, 6, 0, 10, 0.00
1735068946, 12318226, 0, 39, 0, 0, 0.14%, 6, 0, 10, 0.00
1735068951, 12335857, 0, 39, 0, 0, 0.14%, 6, 0, 10, 0.00
1735068956, 12352783, 0, 39, 0, 0, 0.14%, 6, 0, 10, 0.00
1735068961, 12370960, 0, 39, 0, 0, 0.14%, 6, 0, 10, 0.00
1735068967, 12387824, 0, 39, 0, 0, 0.14%, 6, 0, 10, 0.00
1735068972, 12404760, 0, 39, 0, 0, 0.14%, 6, 0, 10, 0.00
1735068977, 12422315, 0, 39, 0, 0, 0.14%, 6, 0, 10, 0.00
1735068982, 12438562, 0, 39, 0, 0, 0.14%, 6, 0, 10, 0.00
1735068987, 12456078, 0, 39, 0, 0, 0.14%, 6, 0, 10, 0.00
1735068993, 12472910, 0, 39, 0, 0, 0.14%, 6, 0, 10, 0.00
1735068998, 12489786, 0, 39, 0, 0, 0.14%, 6, 0, 10, 0.00
1735069003, 12507344, 0, 39, 0, 0, 0.14%, 6, 0, 10, 0.00
1735069008, 12524268, 0, 39, 0, 0, 0.14%, 6, 0, 10, 0.00
1735069013, 12541120, 0, 39, 0, 0, 0.14%, 6, 0, 10, 0.00
1735069019, 12557991, 0, 39, 0, 0, 0.14%, 6, 0, 10, 0.00
1735069024, 12574884, 0, 39, 0, 0, 0.14%, 6, 0, 10, 0.00
1735069029, 12591758, 0, 39, 0, 0, 0.14%, 6, 0, 10, 0.00
1735069034, 12608628, 0, 39, 0, 0, 0.14%, 6, 0, 10, 0.00
1735069039, 12625511, 0, 39, 0, 0, 0.14%, 6, 0, 10, 0.00
1735069045, 12642369, 0, 39, 0, 0, 0.14%, 6, 0, 10, 0.00
1735069050, 12659998, 0, 39, 0, 0, 0.14%, 6, 0, 10, 0.00
1735069055, 12676354, 0, 39, 0, 0, 0.14%, 6, 0, 10, 0.00
1735069060, 12693813, 0, 39, 0, 0, 0.14%, 6, 0, 10, 0.00
1735069065, 12711313, 0, 39, 0, 0, 0.14%, 6, 0, 10, 0.00
1735069071, 12728164, 0, 39, 0, 0, 0.14%, 6, 0, 10, 0.00
1735069076, 12745684, 0, 39, 0, 0, 0.14%, 6, 0, 10, 0.00
1735069081, 12762596, 0, 39, 0, 0, 0.14%, 6, 0, 10, 0.00
1735069086, 12779520, 0, 39, 0, 0, 0.14%, 6, 0, 10, 0.00
1735069091, 12796381, 0, 39, 0, 0, 0.14%, 6, 0, 10, 0.00
1735069097, 12812680, 0, 39, 0, 0, 0.14%, 6, 0, 10, 0.00
1735069102, 12829665, 0, 39, 0, 0, 0.14%, 6, 0, 10, 0.00
1735069107, 12846501, 0, 39, 0, 0, 0.14%, 6, 0, 10, 0.00
1735069112, 12863476, 0, 39, 0, 0, 0.14%, 6, 0, 10, 0.00
1735069117, 12880351, 0, 39, 0, 0, 0.14%, 6, 0, 10, 0.00
1735069123, 12896574, 0, 39, 0, 0, 0.14%, 6, 0, 10, 0.00
1735069128, 12914168, 0, 39, 0, 0, 0.14%, 6, 0, 10, 0.00
1735069133, 12931077, 0, 39, 0, 0, 0.14%, 6, 0, 10, 0.00
1735069138, 12948016, 0, 39, 0, 0, 0.14%, 6, 0, 10, 0.00
1735069143, 12964894, 0, 39, 0, 0, 0.14%, 6, 0, 10, 0.00
1735069149, 12981788, 0, 39, 0, 0, 0.14%, 6, 0, 10, 0.00
1735069154, 12999387, 0, 39, 0, 0, 0.14%, 6, 0, 10, 0.00
1735069159, 13016945, 0, 39, 0, 0, 0.14%, 6, 0, 10, 0.00
1735069164, 13033912, 0, 39, 0, 0, 0.14%, 6, 0, 10, 0.00
1735069169, 13050857, 0, 39, 0, 0, 0.14%, 6, 0, 10, 0.00
1735069175, 13068433, 0, 39, 0, 0, 0.14%, 6, 0, 10, 0.00
1735069180, 13085986, 0, 39, 0, 0, 0.14%, 6, 0, 10, 0.00
1735069185, 13102917, 0, 39, 0, 0, 0.14%, 6, 0, 10, 0.00
1735069190, 13119785, 0, 39, 0, 0, 0.14%, 6, 0, 10, 0.00
1735069195, 13136685, 0, 39, 0, 0, 0.14%, 6, 0, 10, 0.00
1735069201, 13154259, 0, 39, 0, 0, 0.14%, 6, 0, 10, 0.00
1735069206, 13171181, 0, 39, 0, 0, 0.14%, 6, 0, 10, 0.00
1735069211, 13188144, 0, 39, 0, 0, 0.14%, 6, 0, 10, 0.00
1735069216, 13205791, 0, 39, 0, 0, 0.14%, 6, 0, 10, 0.00
1735069221, 13221986, 0, 39, 0, 0, 0.14%, 6, 0, 10, 0.00
1735069227, 13238825, 0, 39, 0, 0, 0.14%, 6, 0, 10, 0.00
1735069232, 13255802, 0, 39, 0, 0, 0.14%, 6, 0, 10, 0.00
1735069237, 13272762, 0, 39, 0, 0, 0.14%, 6, 0, 10, 0.00
1735069242, 13289706, 0, 39, 0, 0, 0.14%, 6, 0, 10, 0.00
1735069247, 13307241, 0, 39, 0, 0, 0.14%, 6, 0, 10, 0.00
1735069253, 13324076, 0, 39, 0, 0, 0.14%, 6, 0, 10, 0.00
1735069258, 13341047, 0, 39, 0, 0, 0.14%, 6, 0, 10, 0.00
1735069263, 13357854, 0, 39, 0, 0, 0.14%, 6, 0, 10, 0.00
1735069268, 13375363, 0, 39, 0, 0, 0.14%, 6, 0, 10, 0.00
1735069273, 13392300, 0, 39, 0, 0, 0.14%, 6, 0, 10, 0.00
1735069279, 13409251, 0, 39, 0, 0, 0.14%, 6, 0, 10, 0.00
1735069284, 13426193, 0, 39, 0, 0, 0.14%, 6, 0, 10, 0.00
1735069289, 13443103, 0, 39, 0, 0, 0.14%, 6, 0, 10, 0.00
1735069294, 13459983, 0, 39, 0, 0, 0.14%, 6, 0, 10, 0.00
1735069299, 13476924, 0, 39, 0, 0, 0.14%, 6, 0, 10, 0.00
1735069305, 13493876, 0, 39, 0, 0, 0.14%, 6, 0, 10, 0.00
1735069310, 13511416, 0, 39, 0, 0, 0.14%, 6, 0, 10, 0.00
1735069315, 13527729, 0, 39, 0, 0, 0.14%, 6, 0, 10, 0.00
1735069320, 13544669, 0, 39, 0, 0, 0.14%, 6, 0, 10, 0.00
1735069325, 13562219, 0, 39, 0, 0, 0.14%, 6, 0, 10, 0.00
1735069331, 13579072, 0, 39, 0, 0, 0.14%, 6, 0, 10, 0.00
1735069336, 13595988, 0, 39, 0, 0, 0.14%, 6, 0, 10, 0.00
1735069341, 13613523, 0, 39, 0, 0, 0.14%, 6, 0, 10, 0.00
1735069346, 13630451, 0, 39, 0, 0, 0.14%, 6, 0, 10, 0.00
1735069351, 13647320, 0, 39, 0, 0, 0.14%, 6, 0, 10, 0.00
1735069357, 13664290, 0, 39, 0, 0, 0.14%, 6, 0, 10, 0.00
1735069362, 13681125, 0, 39, 0, 0, 0.14%, 6, 0, 10, 0.00
1735069367, 13698689, 0, 39, 0, 0, 0.14%, 6, 0, 10, 0.00
1735069372, 13715656, 0, 39, 0, 0, 0.14%, 6, 0, 10, 0.00
1735069377, 13732598, 0, 39, 0, 0, 0.14%, 6, 0, 10, 0.00
1735069383, 13749521, 0, 39, 0, 0, 0.14%, 6, 0, 10, 0.00
1735069388, 13767072, 0, 39, 0, 0, 0.14%, 6, 0, 10, 0.00
1735069393, 13783984, 0, 39, 0, 0, 0.14%, 6, 0, 10, 0.00
1735069398, 13801520, 0, 39, 0, 0, 0.14%, 6, 0, 10, 0.00
1735069403, 13817752, 0, 39, 0, 0, 0.14%, 6, 0, 10, 0.00
1735069409, 13834702, 0, 39, 0, 0, 0.14%, 6, 0, 10, 0.00
1735069414, 13852213, 0, 39, 0, 0, 0.14%, 6, 0, 10, 0.00
1735069419, 13869149, 0, 39, 0, 0, 0.14%, 6, 0, 10, 0.00
1735069424, 13886110, 0, 39, 0, 0, 0.14%, 6, 0, 10, 0.00
1735069429, 13902402, 0, 39, 0, 0, 0.14%, 6, 0, 10, 0.00
1735069435, 13919487, 0, 39, 0, 0, 0.14%, 6, 0, 10, 0.00
1735069440, 13936932, 0, 39, 0, 0, 0.14%, 6, 0, 10, 0.00
1735069445, 13953794, 0, 39, 0, 0, 0.14%, 6, 0, 10, 0.00
1735069450, 13971378, 0, 39, 0, 0, 0.14%, 6, 0, 10, 0.00
1735069455, 13988284, 0, 39, 0, 0, 0.14%, 6, 0, 10, 0.00
1735069461, 14005155, 0, 39, 0, 0, 0.14%, 6, 0, 10, 0.00
1735069466, 14022036, 0, 39, 0, 0, 0.14%, 6, 0, 10, 0.00
1735069471, 14038989, 0, 39, 0, 0, 0.14%, 6, 0, 10, 0.00
1735069476, 14055851, 0, 39, 0, 0, 0.14%, 6, 0, 10, 0.00
1735069481, 14072752, 0, 39, 0, 0, 0.14%, 6, 0, 10, 0.00
1735069487, 14090315, 0, 39, 0, 0, 0.14%, 6, 0, 10, 0.00
1735069492, 14107250, 0, 39, 0, 0, 0.14%, 6, 0, 10, 0.00
1735069497, 14124749, 0, 39, 0, 0, 0.14%, 6, 0, 10, 0.00
1735069502, 14141609, 0, 39, 0, 0, 0.14%, 6, 0, 10, 0.00
1735069507, 14159200, 0, 39, 0, 0, 0.14%, 6, 0, 10, 0.00
1735069513, 14176065, 0, 39, 0, 0, 0.14%, 6, 0, 10, 0.00
1735069518, 14193004, 0, 39, 0, 0, 0.14%, 6, 0, 10, 0.00
1735069523, 14209913, 0, 39, 0, 0, 0.14%, 6, 0, 10, 0.00
1735069528, 14227574, 0, 39, 0, 0, 0.14%, 6, 0, 10, 0.00
1735069533, 14244442, 0, 39, 0, 0, 0.14%, 6, 0, 10, 0.00
1735069539, 14261369, 0, 39, 0, 0, 0.14%, 6, 0, 10, 0.00
1735069544, 14278318, 0, 39, 0, 0, 0.14%, 6, 0, 10, 0.00
1735069549, 14295928, 0, 39, 0, 0, 0.14%, 6, 0, 10, 0.00
1735069554, 14313507, 0, 39, 0, 0, 0.14%, 6, 0, 10, 0.00
1735069559, 14330447, 0, 39, 0, 0, 0.14%, 6, 0, 10, 0.00
1735069565, 14347324, 0, 39, 0, 0, 0.14%, 6, 0, 10, 0.00
1735069570, 14363591, 0, 39, 0, 0, 0.14%, 6, 0, 10, 0.00
1735069575, 14381200, 0, 39, 0, 0, 0.14%, 6, 0, 10, 0.00
1735069580, 14398185, 0, 39, 0, 0, 0.14%, 6, 0, 10, 0.00
1735069585, 14415792, 0, 39, 0, 0, 0.14%, 6, 0, 10, 0.00
1735069591, 14432678, 0, 39, 0, 0, 0.14%, 6, 0, 10, 0.00
1735069596, 14448919, 0, 39, 0, 0, 0.14%, 6, 0, 10, 0.00
1735069601, 14466460, 0, 39, 0, 0, 0.14%, 6, 0, 10, 0.00
1735069606, 14483419, 0, 39, 0, 0, 0.14%, 6, 0, 10, 0.00
1735069611, 14500329, 0, 39, 0, 0, 0.14%, 6, 0, 10, 0.00
1735069617, 14517875, 0, 39, 0, 0, 0.14%, 6, 0, 10, 0.00
1735069622, 14534813, 0, 39, 0, 0, 0.14%, 6, 0, 10, 0.00
1735069627, 14551825, 0, 39, 0, 0, 0.14%, 6, 0, 10, 0.00
1735069632, 14568807, 0, 39, 0, 0, 0.14%, 6, 0, 10, 0.00
1735069637, 14585685, 0, 39, 0, 0, 0.14%, 6, 0, 10, 0.00
1735069643, 14602545, 0, 39, 0, 0, 0.14%, 6, 0, 10, 0.00
1735069648, 14620163, 0, 39, 0, 0, 0.14%, 6, 0, 10, 0.00
1735069653, 14637066, 0, 39, 0, 0, 0.14%, 6, 0, 10, 0.00
1735069658, 14654002, 0, 39, 0, 0, 0.14%, 6, 0, 10, 0.00
1735069663, 14670927, 0, 39, 0, 0, 0.14%, 6, 0, 10, 0.00
1735069669, 14688390, 0, 39, 0, 0, 0.14%, 6, 0, 10, 0.00
1735069674, 14705255, 0, 39, 0, 0, 0.14%, 6, 0, 10, 0.00
1735069679, 14722839, 0, 39, 0, 0, 0.14%, 6, 0, 10, 0.00
1735069684, 14739725, 0, 39, 0, 0, 0.14%, 6, 0, 10, 0.00
1735069689, 14756593, 0, 39, 0, 0, 0.14%, 6, 0, 10, 0.00
1735069695, 14773620, 0, 39, 0, 0, 0.14%, 6, 0, 10, 0.00
1735069700, 14791249, 0, 39, 0, 0, 0.14%, 6, 0, 10, 0.00
1735069705, 14808119, 0, 39, 0, 0, 0.14%, 6, 0, 10, 0.00
1735069710, 14825037, 0, 39, 0, 0, 0.14%, 6, 0, 10, 0.00
1735069715, 14841889, 0, 39, 0, 0, 0.14%, 6, 0, 10, 0.00
1735069721, 14859398, 0, 39, 0, 0, 0.14%, 6, 0, 10, 0.00
1735069726, 14876366, 0, 39, 0, 0, 0.14%, 6, 0, 10, 0.00
1735069731, 14893327, 0, 39, 0, 0, 0.14%, 6, 0, 10, 0.00
1735069736, 14910199, 0, 39, 0, 0, 0.14%, 6, 0, 10, 0.00
1735069741, 14927190, 0, 39, 0, 0, 0.14%, 6, 0, 10, 0.00
1735069747, 14944717, 0, 39, 0, 0, 0.14%, 6, 0, 10, 0.00
1735069752, 14961659, 0, 39, 0, 0, 0.14%, 6, 0, 10, 0.00
1735069757, 14978580, 0, 39, 0, 0, 0.14%, 6, 0, 10, 0.00
1735069762, 14995782, 0, 39, 0, 0, 0.14%, 6, 0, 10, 0.00
1735069767, 15012428, 0, 39, 0, 0, 0.14%, 6, 0, 10, 0.00
1735069773, 15029874, 0, 39, 0, 0, 0.14%, 6, 0, 10, 0.00
1735069778, 15046716, 0, 39, 0, 0, 0.14%, 6, 0, 10, 0.00
1735069783, 15063663, 0, 39, 0, 0, 0.14%, 6, 0, 10, 0.00
1735069788, 15080590, 0, 39, 0, 0, 0.14%, 6, 0, 10, 0.00
1735069793, 15097465, 0, 39, 0, 0, 0.14%, 6, 0, 10, 0.00
1735069799, 15114462, 0, 39, 0, 0, 0.14%, 6, 0, 10, 0.00
1735069804, 15131407, 0, 39, 0, 0, 0.14%, 6, 0, 10, 0.00
1735069809, 15148374, 0, 39, 0, 0, 0.14%, 6, 0, 10, 0.00
1735069814, 15165318, 0, 39, 0, 0, 0.14%, 6, 0, 10, 0.00
1735069819, 15182222, 0, 39, 0, 0, 0.14%, 6, 0, 10, 0.00
1735069825, 15199104, 0, 39, 0, 0, 0.14%, 6, 0, 10, 0.00
1735069830, 15215991, 0, 39, 0, 0, 0.14%, 6, 0, 10, 0.00
1735069835, 15232857, 0, 39, 0, 0, 0.14%, 6, 0, 10, 0.00
1735069840, 15250486, 0, 39, 0, 0, 0.14%, 6, 0, 10, 0.00
1735069845, 15267364, 0, 39, 0, 0, 0.14%, 6, 0, 10, 0.00
1735069851, 15284297, 0, 39, 0, 0, 0.14%, 6, 0, 10, 0.00
1735069856, 15300642, 0, 39, 0, 0, 0.14%, 6, 0, 10, 0.00
1735069861, 15317533, 0, 39, 0, 0, 0.14%, 6, 0, 10, 0.00
1735069866, 15335023, 0, 39, 0, 0, 0.14%, 6, 0, 10, 0.00
1735069871, 15352379, 0, 39, 0, 0, 0.14%, 6, 0, 10, 0.00
1735069877, 15369550, 0, 39, 0, 0, 0.14%, 6, 0, 10, 0.00
1735069882, 15386430, 0, 39, 0, 0, 0.14%, 6, 0, 10, 0.00
1735069887, 15403272, 0, 39, 0, 0, 0.14%, 6, 0, 10, 0.00
1735069892, 15420191, 0, 39, 0, 0, 0.14%, 6, 0, 10, 0.00
1735069897, 15437159, 0, 39, 0, 0, 0.14%, 6, 0, 10, 0.00
1735069903, 15454674, 0, 39, 0, 0, 0.14%, 6, 0, 10, 0.00
1735069908, 15470897, 0, 39, 0, 0, 0.14%, 6, 0, 10, 0.00
1735069913, 15488466, 0, 39, 0, 0, 0.14%, 6, 0, 10, 0.00
1735069918, 15505449, 0, 39, 0, 0, 0.14%, 6, 0, 10, 0.00
1735069923, 15522401, 0, 39, 0, 0, 0.14%, 6, 0, 10, 0.00
1735069929, 15539265, 0, 39, 0, 0, 0.14%, 6, 0, 10, 0.00
1735069934, 15555999, 0, 39, 0, 0, 0.14%, 6, 0, 10, 0.00
1735069939, 15573081, 0, 39, 0, 0, 0.14%, 6, 0, 10, 0.00
1735069944, 15589998, 0, 39, 0, 0, 0.14%, 6, 0, 10, 0.00
1735069949, 15606894, 0, 39, 0, 0, 0.14%, 6, 0, 10, 0.00
1735069955, 15624439, 0, 39, 0, 0, 0.14%, 6, 0, 10, 0.00
1735069960, 15641420, 0, 39, 0, 0, 0.14%, 6, 0, 10, 0.00
1735069965, 15658283, 0, 39, 0, 0, 0.14%, 6, 0, 10, 0.00
1735069970, 15675110, 0, 39, 0, 0, 0.14%, 6, 0, 10, 0.00
1735069975, 15692114, 0, 39, 0, 0, 0.14%, 6, 0, 10, 0.00
1735069981, 15709702, 0, 39, 0, 0, 0.14%, 6, 0, 10, 0.00
1735069986, 15726592, 0, 39, 0, 0, 0.14%, 6, 0, 10, 0.00
1735069991, 15743468, 0, 39, 0, 0, 0.14%, 6, 0, 10, 0.00
1735069996, 15760364, 0, 39, 0, 0, 0.14%, 6, 0, 10, 0.00
1735070001, 15777220, 0, 39, 0, 0, 0.14%, 6, 0, 10, 0.00
1735070007, 15794087, 0, 39, 0, 0, 0.14%, 6, 0, 10, 0.00
1735070012, 15811678, 0, 39, 0, 0, 0.14%, 6, 0, 10, 0.00
1735070017, 15828534, 0, 39, 0, 0, 0.14%, 6, 0, 10, 0.00
1735070022, 15844809, 0, 39, 0, 0, 0.14%, 6, 0, 10, 0.00
1735070027, 15861764, 0, 39, 0, 0, 0.14%, 6, 0, 10, 0.00
1735070033, 15879293, 0, 39, 0, 0, 0.14%, 6, 0, 10, 0.00
1735070038, 15896191, 0, 39, 0, 0, 0.14%, 6, 0, 10, 0.00
1735070043, 15913154, 0, 39, 0, 0, 0.14%, 6, 0, 10, 0.00
1735070048, 15930696, 0, 39, 0, 0, 0.14%, 6, 0, 10, 0.00
1735070053, 15947666, 0, 39, 0, 0, 0.14%, 6, 0, 10, 0.00
1735070059, 15964652, 0, 39, 0, 0, 0.14%, 6, 0, 10, 0.00
1735070064, 15981573, 0, 39, 0, 0, 0.14%, 6, 0, 10, 0.00
1735070069, 15998544, 0, 39, 0, 0, 0.14%, 6, 0, 10, 0.00
1735070074, 16014811, 0, 39, 0, 0, 0.14%, 6, 0, 10, 0.00
1735070079, 16032351, 0, 39, 0, 0, 0.14%, 6, 0, 10, 0.00
1735070085, 16049306, 0, 39, 0, 0, 0.14%, 6, 0, 10, 0.00
1735070090, 16066231, 0, 39, 0, 0, 0.14%, 6, 0, 10, 0.00
1735070095, 16083816, 0, 39, 0, 0, 0.14%, 6, 0, 10, 0.00
1735070100, 16100690, 0, 39, 0, 0, 0.14%, 6, 0, 10, 0.00
1735070105, 16118914, 0, 39, 0, 0, 0.14%, 6, 0, 10, 0.00
1735070111, 16135928, 0, 39, 0, 0, 0.14%, 6, 0, 10, 0.00
1735070116, 16152849, 0, 39, 0, 0, 0.14%, 6, 0, 10, 0.00
1735070121, 16171159, 0, 39, 0, 0, 0.14%, 6, 0, 10, 0.00
1735070126, 16188036, 0, 39, 0, 0, 0.14%, 6, 0, 10, 0.00
1735070131, 16204922, 0, 39, 0, 0, 0.14%, 6, 0, 10, 0.00
1735070137, 16221867, 0, 39, 0, 0, 0.14%, 6, 0, 10, 0.00
1735070142, 16239382, 0, 39, 0, 0, 0.14%, 6, 0, 10, 0.00
1735070147, 16256340, 0, 39, 0, 0, 0.14%, 6, 0, 10, 0.00
1735070152, 16273160, 0, 39, 0, 0, 0.14%, 6, 0, 10, 0.00
1735070157, 16290758, 0, 39, 0, 0, 0.14%, 6, 0, 10, 0.00
1735070163, 16307720, 0, 39, 0, 0, 0.14%, 6, 0, 10, 0.00
1735070168, 16325227, 0, 39, 0, 0, 0.14%, 6, 0, 10, 0.00
1735070173, 16342174, 0, 39, 0, 0, 0.14%, 6, 0, 10, 0.00
1735070178, 16360359, 0, 39, 0, 0, 0.14%, 6, 0, 10, 0.00
1735070183, 16377278, 0, 39, 0, 0, 0.14%, 6, 0, 10, 0.00
1735070189, 16394781, 0, 39, 0, 0, 0.14%, 6, 0, 10, 0.00
1735070194, 16410991, 0, 39, 0, 0, 0.14%, 6, 0, 10, 0.00
1735070199, 16427927, 0, 39, 0, 0, 0.14%, 6, 0, 10, 0.00
1735070204, 16445525, 0, 39, 0, 0, 0.14%, 6, 0, 10, 0.00
1735070209, 16462375, 0, 39, 0, 0, 0.14%, 6, 0, 10, 0.00
1735070215, 16480553, 0, 39, 0, 0, 0.14%, 6, 0, 10, 0.00
1735070220, 16497433, 0, 39, 0, 0, 0.14%, 6, 0, 10, 0.00
1735070225, 16514987, 0, 39, 0, 0, 0.14%, 6, 0, 10, 0.00
1735070230, 16531842, 0, 39, 0, 0, 0.14%, 6, 0, 10, 0.00
1735070235, 16548754, 0, 39, 0, 0, 0.14%, 6, 0, 10, 0.00
1735070241, 16566319, 0, 39, 0, 0, 0.14%, 6, 0, 10, 0.00
1735070246, 16583151, 0, 39, 0, 0, 0.14%, 6, 0, 10, 0.00
1735070251, 16600064, 0, 39, 0, 0, 0.14%, 6, 0, 10, 0.00
1735070256, 16617134, 0, 39, 0, 0, 0.14%, 6, 0, 10, 0.00
1735070261, 16634449, 0, 39, 0, 0, 0.14%, 6, 0, 10, 0.00
1735070267, 16652007, 0, 39, 0, 0, 0.14%, 6, 0, 10, 0.00
1735070272, 16668906, 0, 39, 0, 0, 0.14%, 6, 0, 10, 0.00
1735070277, 16687074, 0, 39, 0, 0, 0.14%, 6, 0, 10, 0.00
1735070282, 16703962, 0, 39, 0, 0, 0.14%, 6, 0, 10, 0.00
1735070287, 16720831, 0, 39, 0, 0, 0.14%, 6, 0, 10, 0.00
1735070293, 16739030, 0, 39, 0, 0, 0.14%, 6, 0, 10, 0.00
1735070298, 16755896, 0, 39, 0, 0, 0.14%, 6, 0, 10, 0.00
1735070303, 16772740, 0, 39, 0, 0, 0.14%, 6, 0, 10, 0.00
1735070308, 16789646, 0, 39, 0, 0, 0.14%, 6, 0, 10, 0.00
1735070313, 16806531, 0, 39, 0, 0, 0.14%, 6, 0, 10, 0.00
1735070319, 16824084, 0, 39, 0, 0, 0.14%, 6, 0, 10, 0.00
1735070324, 16840929, 0, 39, 0, 0, 0.14%, 6, 0, 10, 0.00
1735070329, 16858436, 0, 39, 0, 0, 0.14%, 6, 0, 10, 0.00
1735070334, 16874645, 0, 39, 0, 0, 0.14%, 6, 0, 10, 0.00
1735070339, 16891461, 0, 39, 0, 0, 0.14%, 6, 0, 10, 0.00
1735070345, 16909046, 0, 39, 0, 0, 0.14%, 6, 0, 10, 0.00
1735070350, 16925990, 0, 39, 0, 0, 0.14%, 6, 0, 10, 0.00
1735070355, 16943024, 0, 39, 0, 0, 0.14%, 6, 0, 10, 0.00
1735070360, 16960583, 0, 39, 0, 0, 0.14%, 6, 0, 10, 0.00
1735070365, 16977496, 0, 39, 0, 0, 0.14%, 6, 0, 10, 0.00
1735070371, 16995691, 0, 39, 0, 0, 0.14%, 6, 0, 10, 0.00
1735070376, 17012599, 0, 39, 0, 0, 0.14%, 6, 0, 10, 0.00
1735070381, 17029564, 0, 39, 0, 0, 0.14%, 6, 0, 10, 0.00
1735070386, 17047713, 0, 39, 0, 0, 0.14%, 6, 0, 10, 0.00
1735070391, 17064596, 0, 39, 0, 0, 0.14%, 6, 0, 10, 0.00
1735070397, 17082163, 0, 39, 0, 0, 0.14%, 6, 0, 10, 0.00
1735070402, 17098444, 0, 39, 0, 0, 0.14%, 6, 0, 10, 0.00
1735070407, 17116663, 0, 39, 0, 0, 0.14%, 6, 0, 10, 0.00
1735070412, 17134212, 0, 39, 0, 0, 0.14%, 6, 0, 10, 0.00
1735070417, 17151789, 0, 39, 0, 0, 0.14%, 6, 0, 10, 0.00
1735070423, 17168684, 0, 39, 0, 0, 0.14%, 6, 0, 10, 0.00
1735070428, 17185600, 0, 39, 0, 0, 0.14%, 6, 0, 10, 0.00
1735070433, 17203808, 0, 39, 0, 0, 0.14%, 6, 0, 10, 0.00
1735070438, 17220686, 0, 39, 0, 0, 0.14%, 6, 0, 10, 0.00
1735070443, 17238273, 0, 39, 0, 0, 0.14%, 6, 0, 10, 0.00
1735070449, 17255171, 0, 39, 0, 0, 0.14%, 6, 0, 10, 0.00
1735070454, 17272172, 0, 39, 0, 0, 0.14%, 6, 0, 10, 0.00
1735070459, 17289736, 0, 39, 0, 0, 0.14%, 6, 0, 10, 0.00
1735070464, 17306656, 0, 39, 0, 0, 0.14%, 6, 0, 10, 0.00
1735070469, 17323553, 0, 39, 0, 0, 0.14%, 6, 0, 10, 0.00
1735070475, 17341057, 0, 39, 0, 0, 0.14%, 6, 0, 10, 0.00
1735070480, 17357941, 0, 39, 0, 0, 0.14%, 6, 0, 10, 0.00
1735070485, 17374839, 0, 39, 0, 0, 0.14%, 6, 0, 10, 0.00
1735070490, 17392456, 0, 39, 0, 0, 0.14%, 6, 0, 10, 0.00
1735070495, 17409414, 0, 39, 0, 0, 0.14%, 6, 0, 10, 0.00
1735070501, 17426947, 0, 39, 0, 0, 0.14%, 6, 0, 10, 0.00
1735070506, 17444452, 0, 39, 0, 0, 0.14%, 6, 0, 10, 0.00
1735070511, 17461988, 0, 39, 0, 0, 0.14%, 6, 0, 10, 0.00
1735070516, 17478906, 0, 39, 0, 0, 0.14%, 6, 0, 10, 0.00
1735070521, 17496496, 0, 39, 0, 0, 0.14%, 6, 0, 10, 0.00
1735070527, 17512726, 0, 39, 0, 0, 0.14%, 6, 0, 10, 0.00
1735070532, 17530308, 0, 39, 0, 0, 0.14%, 6, 0, 10, 0.00
1735070537, 17547655, 0, 39, 0, 0, 0.14%, 6, 0, 10, 0.00
1735070542, 17564743, 0, 39, 0, 0, 0.14%, 6, 0, 10, 0.00
1735070547, 17581691, 0, 39, 0, 0, 0.14%, 6, 0, 10, 0.00
1735070553, 17598573, 0, 39, 0, 0, 0.14%, 6, 0, 10, 0.00
1735070558, 17616096, 0, 39, 0, 0, 0.14%, 6, 0, 10, 0.00
1735070563, 17632991, 0, 39, 0, 0, 0.14%, 6, 0, 10, 0.00
1735070568, 17649910, 0, 39, 0, 0, 0.14%, 6, 0, 10, 0.00
1735070573, 17666800, 0, 39, 0, 0, 0.14%, 6, 0, 10, 0.00
1735070579, 17684321, 0, 39, 0, 0, 0.14%, 6, 0, 10, 0.00
1735070584, 17701155, 0, 39, 0, 0, 0.14%, 6, 0, 10, 0.00
1735070589, 17718677, 0, 39, 0, 0, 0.14%, 6, 0, 10, 0.00
1735070594, 17736198, 0, 39, 0, 0, 0.14%, 6, 0, 10, 0.00
1735070599, 17753034, 0, 39, 0, 0, 0.14%, 6, 0, 10, 0.00
1735070605, 17769887, 0, 39, 0, 0, 0.14%, 6, 0, 10, 0.00
1735070610, 17786810, 0, 39, 0, 0, 0.14%, 6, 0, 10, 0.00
1735070615, 17804358, 0, 39, 0, 0, 0.14%, 6, 0, 10, 0.00
1735070620, 17821265, 0, 39, 0, 0, 0.14%, 6, 0, 10, 0.00
1735070625, 17838088, 0, 39, 0, 0, 0.14%, 6, 0, 10, 0.00
1735070631, 17854995, 0, 39, 0, 0, 0.14%, 6, 0, 10, 0.00
1735070636, 17871941, 0, 39, 0, 0, 0.14%, 6, 0, 10, 0.00
1735070641, 17888863, 0, 39, 0, 0, 0.14%, 6, 0, 10, 0.00
1735070646, 17906312, 0, 39, 0, 0, 0.14%, 6, 0, 10, 0.00
1735070651, 17923462, 0, 39, 0, 0, 0.14%, 6, 0, 10, 0.00
1735070657, 17940394, 0, 39, 0, 0, 0.14%, 6, 0, 10, 0.00
1735070662, 17957967, 0, 39, 0, 0, 0.14%, 6, 0, 10, 0.00
1735070667, 17974870, 0, 39, 0, 0, 0.14%, 6, 0, 10, 0.00
1735070672, 17991834, 0, 39, 0, 0, 0.14%, 6, 0, 10, 0.00
1735070677, 18008813, 0, 39, 0, 0, 0.14%, 6, 0, 10, 0.00
1735070683, 18025771, 0, 39, 0, 0, 0.14%, 6, 0, 10, 0.00
1735070688, 18042714, 0, 39, 0, 0, 0.14%, 6, 0, 10, 0.00
1735070693, 18060256, 0, 39, 0, 0, 0.14%, 6, 0, 10, 0.00
1735070698, 18077152, 0, 39, 0, 0, 0.14%, 6, 0, 10, 0.00
1735070703, 18094119, 0, 39, 0, 0, 0.14%, 6, 0, 10, 0.00
1735070709, 18111115, 0, 39, 0, 0, 0.14%, 6, 0, 10, 0.00
1735070714, 18127398, 0, 39, 0, 0, 0.14%, 6, 0, 10, 0.00
1735070719, 18145049, 0, 39, 0, 0, 0.14%, 6, 0, 10, 0.00
1735070724, 18161891, 0, 39, 0, 0, 0.14%, 6, 0, 10, 0.00
1735070729, 18178904, 0, 39, 0, 0, 0.14%, 6, 0, 10, 0.00
1735070735, 18195856, 0, 39, 0, 0, 0.14%, 6, 0, 10, 0.00
1735070740, 18212749, 0, 39, 0, 0, 0.14%, 6, 0, 10, 0.00
1735070745, 18230314, 0, 39, 0, 0, 0.14%, 6, 0, 10, 0.00
1735070750, 18247260, 0, 39, 0, 0, 0.14%, 6, 0, 10, 0.00
1735070755, 18264151, 0, 39, 0, 0, 0.14%, 6, 0, 10, 0.00
1735070761, 18280401, 0, 39, 0, 0, 0.14%, 6, 0, 10, 0.00
1735070766, 18298016, 0, 39, 0, 0, 0.14%, 6, 0, 10, 0.00
1735070771, 18314904, 0, 39, 0, 0, 0.14%, 6, 0, 10, 0.00
1735070776, 18331879, 0, 39, 0, 0, 0.14%, 6, 0, 10, 0.00
1735070781, 18348693, 0, 39, 0, 0, 0.14%, 6, 0, 10, 0.00
1735070787, 18364963, 0, 39, 0, 0, 0.14%, 6, 0, 10, 0.00
1735070792, 18382528, 0, 39, 0, 0, 0.14%, 6, 0, 10, 0.00
1735070797, 18399494, 0, 39, 0, 0, 0.14%, 6, 0, 10, 0.00
1735070802, 18416449, 0, 39, 0, 0, 0.14%, 6, 0, 10, 0.00
1735070807, 18433681, 0, 39, 0, 0, 0.14%, 6, 0, 10, 0.00
1735070813, 18450416, 0, 39, 0, 0, 0.14%, 6, 0, 10, 0.00
1735070818, 18467877, 0, 39, 0, 0, 0.14%, 6, 0, 10, 0.00
1735070823, 18485365, 0, 39, 0, 0, 0.14%, 6, 0, 10, 0.00
1735070828, 18502238, 0, 39, 0, 0, 0.14%, 6, 0, 10, 0.00
1735070833, 18519782, 0, 39, 0, 0, 0.14%, 6, 0, 10, 0.00
1735070839, 18536729, 0, 39, 0, 0, 0.14%, 6, 0, 10, 0.00
1735070844, 18553573, 0, 39, 0, 0, 0.14%, 6, 0, 10, 0.00
1735070849, 18570496, 0, 39, 0, 0, 0.14%, 6, 0, 10, 0.00
1735070854, 18587403, 0, 39, 0, 0, 0.14%, 6, 0, 10, 0.00
1735070859, 18604951, 0, 39, 0, 0, 0.14%, 6, 0, 10, 0.00
1735070865, 18621831, 0, 39, 0, 0, 0.14%, 6, 0, 10, 0.00
1735070870, 18639377, 0, 39, 0, 0, 0.14%, 6, 0, 10, 0.00
1735070875, 18656883, 0, 39, 0, 0, 0.14%, 6, 0, 10, 0.00
1735070880, 18673117, 0, 39, 0, 0, 0.14%, 6, 0, 10, 0.00
1735070885, 18690657, 0, 39, 0, 0, 0.14%, 6, 0, 10, 0.00
1735070891, 18707524, 0, 39, 0, 0, 0.14%, 6, 0, 10, 0.00
1735070896, 18725718, 0, 39, 0, 0, 0.14%, 6, 0, 10, 0.00
1735070901, 18742573, 0, 39, 0, 0, 0.14%, 6, 0, 10, 0.00
1735070906, 18759531, 0, 39, 0, 0, 0.14%, 6, 0, 10, 0.00
1735070911, 18776450, 0, 39, 0, 0, 0.14%, 6, 0, 10, 0.00
1735070917, 18793978, 0, 39, 0, 0, 0.14%, 6, 0, 10, 0.00
