# unix_time, cycles_done, cur_path, paths_total, pending_total, pending_favs, map_size, unique_crashes, unique_hangs, max_depth, execs_per_sec
1735698117, 0, 0, 10, 10, 1, 0.01%, 0, 0, 1, 35.79
1735698122, 0, 2, 10, 10, 1, 0.01%, 0, 0, 1, 37.96
1735698138, 1, 0, 10, 2, 0, 0.01%, 0, 0, 1, 45.40
1735698143, 1, 1, 10, 1, 0, 0.01%, 0, 0, 1, 46.73
1735698148, 1, 2, 10, 0, 0, 0.01%, 0, 0, 1, 45.41
1735698153, 1, 3, 10, 0, 0, 0.01%, 0, 0, 1, 45.83
1735698163, 1, 4, 10, 0, 0, 0.01%, 0, 0, 1, 47.02
1735698168, 1, 5, 10, 0, 0, 0.01%, 0, 0, 1, 46.64
1735698173, 1, 6, 10, 0, 0, 0.01%, 0, 0, 1, 43.92
1735698178, 1, 7, 10, 0, 0, 0.01%, 0, 0, 1, 43.26
1735698183, 1, 8, 10, 0, 0, 0.01%, 0, 0, 1, 46.11
1735698189, 1, 9, 10, 0, 0, 0.01%, 0, 0, 1, 45.82
1735698194, 2, 0, 10, 0, 0, 0.01%, 0, 0, 1, 43.82
1735698199, 2, 1, 10, 0, 0, 0.01%, 0, 0, 1, 45.99
1735698204, 2, 2, 10, 0, 0, 0.01%, 0, 0, 1, 45.82
1735698209, 2, 3, 10, 0, 0, 0.01%, 0, 0, 1, 46.34
1735698219, 2, 4, 10, 0, 0, 0.01%, 0, 0, 1, 45.95
1735698224, 2, 5, 10, 0, 0, 0.01%, 0, 0, 1, 44.82
1735698229, 2, 6, 10, 0, 0, 0.01%, 0, 0, 1, 45.53
1735698234, 2, 7, 10, 0, 0, 0.01%, 0, 0, 1, 46.39
1735698239, 2, 8, 10, 0, 0, 0.01%, 0, 0, 1, 42.96
1735698245, 2, 9, 10, 0, 0, 0.01%, 0, 0, 1, 46.41
1735698250, 3, 0, 10, 0, 0, 0.01%, 0, 0, 1, 43.92
1735698255, 3, 1, 10, 0, 0, 0.01%, 0, 0, 1, 45.26
1735698260, 3, 2, 10, 0, 0, 0.01%, 0, 0, 1, 45.28
1735698270, 3, 3, 10, 0, 0, 0.01%, 0, 0, 1, 46.45
1735698275, 3, 4, 10, 0, 0, 0.01%, 0, 0, 1, 44.26
1735698280, 3, 5, 10, 0, 0, 0.01%, 0, 0, 1, 48.04
1735698285, 3, 6, 10, 0, 0, 0.01%, 0, 0, 1, 47.51
1735698290, 3, 7, 10, 0, 0, 0.01%, 0, 0, 1, 46.39
1735698295, 3, 8, 10, 0, 0, 0.01%, 0, 0, 1, 44.89
1735698300, 3, 9, 10, 0, 0, 0.01%, 0, 0, 1, 43.80
1735698305, 4, 0, 10, 0, 0, 0.01%, 0, 0, 1, 46.55
1735698310, 4, 1, 10, 0, 0, 0.01%, 0, 0, 1, 44.59
1735698316, 4, 2, 10, 0, 0, 0.01%, 0, 0, 1, 47.85
1735698321, 4, 3, 10, 0, 0, 0.01%, 0, 0, 1, 47.10
1735698331, 4, 4, 10, 0, 0, 0.01%, 0, 0, 1, 46.41
1735698336, 4, 5, 10, 0, 0, 0.01%, 0, 0, 1, 46.18
1735698341, 4, 6, 10, 0, 0, 0.01%, 0, 0, 1, 45.54
1735698346, 4, 7, 10, 0, 0, 0.01%, 0, 0, 1, 46.54
1735698351, 4, 8, 10, 0, 0, 0.01%, 0, 0, 1, 46.28
1735698356, 4, 9, 10, 0, 0, 0.01%, 0, 0, 1, 44.01
1735698362, 5, 0, 10, 0, 0, 0.01%, 0, 0, 1, 44.75
1735698367, 5, 1, 10, 0, 0, 0.01%, 0, 0, 1, 44.98
1735698372, 5, 2, 10, 0, 0, 0.01%, 0, 0, 1, 44.81
1735698382, 5, 3, 10, 0, 0, 0.01%, 0, 0, 1, 45.59
1735698387, 5, 4, 10, 0, 0, 0.01%, 0, 0, 1, 43.85
1735698392, 5, 5, 10, 0, 0, 0.01%, 0, 0, 1, 45.36
1735698397, 5, 6, 10, 0, 0, 0.01%, 0, 0, 1, 43.89
1735698402, 5, 7, 10, 0, 0, 0.01%, 0, 0, 1, 44.79
1735698407, 5, 8, 10, 0, 0, 0.01%, 0, 0, 1, 43.04
1735698412, 5, 9, 10, 0, 0, 0.01%, 0, 0, 1, 46.49
1735698417, 6, 0, 10, 0, 0, 0.01%, 0, 0, 1, 45.96
1735698427, 6, 1, 10, 0, 0, 0.01%, 0, 0, 1, 43.26
1735698433, 6, 2, 10, 0, 0, 0.01%, 0, 0, 1, 46.63
1735698438, 6, 3, 10, 0, 0, 0.01%, 0, 0, 1, 45.44
1735698443, 6, 4, 10, 0, 0, 0.01%, 0, 0, 1, 44.42
1735698448, 6, 5, 10, 0, 0, 0.01%, 0, 0, 1, 47.63
1735698453, 6, 6, 10, 0, 0, 0.01%, 0, 0, 1, 45.39
1735698458, 6, 7, 10, 0, 0, 0.01%, 0, 0, 1, 45.65
1735698463, 6, 8, 10, 0, 0, 0.01%, 0, 0, 1, 45.98
1735698468, 6, 9, 10, 0, 0, 0.01%, 0, 0, 1, 46.62
1735698478, 7, 0, 10, 0, 0, 0.01%, 0, 0, 1, 47.47
1735698483, 7, 1, 10, 0, 0, 0.01%, 0, 0, 1, 43.91
1735698489, 7, 2, 10, 0, 0, 0.01%, 0, 0, 1, 46.05
1735698494, 7, 3, 10, 0, 0, 0.01%, 0, 0, 1, 43.54
1735698499, 7, 4, 10, 0, 0, 0.01%, 0, 0, 1, 47.86
1735698504, 7, 5, 10, 0, 0, 0.01%, 0, 0, 1, 45.38
1735698509, 7, 6, 10, 0, 0, 0.01%, 0, 0, 1, 47.96
1735698514, 7, 7, 10, 0, 0, 0.01%, 0, 0, 1, 44.81
1735698524, 7, 8, 10, 0, 0, 0.01%, 0, 0, 1, 44.73
1735698529, 7, 9, 10, 0, 0, 0.01%, 0, 0, 1, 46.65
1735698534, 8, 0, 10, 0, 0, 0.01%, 0, 0, 1, 46.57
1735698539, 8, 1, 10, 0, 0, 0.01%, 0, 0, 1, 46.27
1735698544, 8, 2, 10, 0, 0, 0.01%, 0, 0, 1, 45.82
1735698549, 8, 3, 10, 0, 0, 0.01%, 0, 0, 1, 46.41
1735698554, 8, 4, 10, 0, 0, 0.01%, 0, 0, 1, 44.47
1735698559, 8, 5, 10, 0, 0, 0.01%, 0, 0, 1, 46.43
1735698564, 8, 6, 10, 0, 0, 0.01%, 0, 0, 1, 45.26
1735698569, 8, 7, 10, 0, 0, 0.01%, 0, 0, 1, 45.62
1735698580, 8, 8, 10, 0, 0, 0.01%, 0, 0, 1, 46.12
1735698585, 8, 9, 10, 0, 0, 0.01%, 0, 0, 1, 44.10
1735698590, 9, 0, 10, 0, 0, 0.01%, 0, 0, 1, 45.01
1735698595, 9, 1, 10, 0, 0, 0.01%, 0, 0, 1, 43.82
1735698600, 9, 2, 10, 0, 0, 0.01%, 0, 0, 1, 44.89
1735698605, 9, 3, 10, 0, 0, 0.01%, 0, 0, 1, 46.71
1735698610, 9, 4, 10, 0, 0, 0.01%, 0, 0, 1, 46.65
1735698615, 9, 5, 10, 0, 0, 0.01%, 0, 0, 1, 47.04
1735698620, 9, 6, 10, 0, 0, 0.01%, 0, 0, 1, 46.42
1735698630, 9, 7, 10, 0, 0, 0.01%, 0, 0, 1, 42.85
1735698636, 9, 8, 10, 0, 0, 0.01%, 0, 0, 1, 46.18
1735698641, 9, 9, 10, 0, 0, 0.01%, 0, 0, 1, 44.91
1735698646, 9, 10, 11, 1, 1, 0.14%, 1, 0, 2, 64.64
1735698656, 9, 10, 12, 2, 1, 0.14%, 2, 0, 3, 54.62
1735698732, 10, 11, 13, 1, 0, 0.14%, 3, 0, 4, 61.96
1735698747, 10, 11, 14, 2, 0, 0.14%, 3, 0, 4, 50.88
1735698772, 10, 11, 15, 3, 0, 0.14%, 3, 0, 4, 50.61
1735698848, 10, 12, 15, 3, 2, 0.14%, 3, 0, 4, 72.64
1735698924, 10, 12, 18, 6, 2, 0.14%, 3, 0, 5, 57.46
1735698950, 10, 15, 18, 5, 1, 0.14%, 3, 0, 5, 48.38
1735698955, 11, 17, 18, 3, 0, 0.14%, 3, 0, 5, 38.38
1735698960, 12, 12, 18, 2, 0, 0.14%, 3, 0, 5, 48.52
1735698980, 13, 12, 18, 2, 0, 0.14%, 3, 0, 5, 50.81
1735698985, 13, 12, 19, 3, 0, 0.14%, 4, 0, 5, 52.76
1735699041, 13, 18, 20, 3, 1, 0.14%, 5, 0, 6, 79.57
1735699097, 13, 18, 21, 4, 1, 0.14%, 5, 0, 6, 51.53
1735699198, 14, 12, 21, 1, 0, 0.14%, 5, 0, 6, 59.65
1735699218, 15, 12, 21, 0, 0, 0.14%, 5, 0, 6, 46.06
1735699254, 16, 12, 22, 1, 0, 0.14%, 5, 0, 6, 51.05
1735699310, 16, 21, 22, 1, 1, 0.14%, 5, 0, 6, 79.05
1735699345, 16, 21, 23, 2, 1, 0.14%, 5, 0, 6, 57.77
1735699365, 16, 21, 24, 3, 1, 0.14%, 5, 0, 6, 58.43
1735699381, 16, 21, 25, 4, 1, 0.14%, 5, 0, 6, 56.04
1735699421, 16, 21, 26, 5, 1, 0.14%, 5, 0, 6, 58.47
1735699441, 16, 21, 27, 6, 1, 0.14%, 5, 0, 6, 55.47
1735699467, 16, 23, 27, 5, 2, 0.14%, 5, 0, 6, 63.01
1735699513, 16, 23, 29, 7, 2, 0.14%, 5, 0, 7, 72.24
1735699599, 17, 19, 29, 5, 0, 0.14%, 5, 0, 7, 60.14
1735699640, 18, 19, 29, 4, 0, 0.14%, 5, 0, 7, 54.64
1735699645, 18, 22, 29, 4, 0, 0.14%, 5, 0, 7, 54.74
1735699650, 18, 24, 29, 3, 0, 0.14%, 5, 0, 7, 86.86
1735699727, 18, 26, 29, 3, 0, 0.14%, 5, 0, 7, 66.92
1735699839, 19, 13, 29, 2, 0, 0.14%, 5, 0, 7, 67.60
1735699869, 19, 19, 29, 2, 0, 0.14%, 5, 0, 7, 59.08
1735699884, 19, 28, 29, 2, 0, 0.14%, 5, 0, 7, 64.47
1735699981, 20, 19, 30, 3, 0, 0.14%, 5, 0, 7, 58.47
1735700022, 20, 29, 30, 3, 1, 0.14%, 5, 0, 7, 83.00
1735700057, 20, 29, 31, 4, 1, 0.14%, 5, 0, 8, 70.75
1735700062, 20, 29, 33, 6, 1, 0.14%, 5, 0, 8, 68.54
1735700067, 20, 29, 34, 7, 1, 0.14%, 5, 0, 8, 66.01
1735700148, 21, 32, 34, 4, 0, 0.14%, 5, 0, 8, 74.42
1735700240, 22, 25, 34, 4, 0, 0.14%, 5, 0, 8, 43.19
1735700250, 23, 13, 34, 3, 0, 0.14%, 5, 0, 8, 51.34
1735700255, 24, 13, 34, 3, 0, 0.14%, 5, 0, 8, 55.81
1735700275, 25, 13, 34, 2, 0, 0.14%, 5, 0, 8, 59.06
1735700301, 25, 33, 34, 2, 0, 0.14%, 5, 0, 8, 50.33
1735700870, 25, 33, 35, 3, 0, 0.14%, 6, 0, 9, 91.00
1735700967, 25, 34, 35, 2, 1, 0.14%, 6, 0, 9, 50.96
1735701431, 25, 34, 36, 3, 1, 0.14%, 7, 0, 10, 79.54
1735701522, 25, 35, 36, 2, 1, 0.14%, 7, 0, 10, 80.88
1735701779, 26, 13, 36, 1, 0, 0.14%, 7, 0, 10, 54.35
1735701819, 26, 25, 36, 1, 0, 0.14%, 7, 0, 10, 102.85
1735703607, 26, 27, 36, 1, 0, 0.14%, 7, 0, 10, 85.88
1735703653, 27, 13, 36, 1, 0, 0.14%, 7, 0, 10, 60.69
1735703694, 28, 13, 36, 1, 0, 0.14%, 7, 0, 10, 55.98
1735703735, 28, 27, 36, 1, 0, 0.14%, 7, 0, 10, 65.04
1735703740, 29, 13, 36, 0, 0, 0.14%, 7, 0, 10, 59.76
1735703780, 29, 27, 36, 0, 0, 0.14%, 7, 0, 10, 57.93
1735703796, 30, 27, 36, 0, 0, 0.14%, 7, 0, 10, 60.09
1735703826, 31, 27, 36, 0, 0, 0.14%, 7, 0, 10, 63.32
1735703862, 32, 27, 36, 0, 0, 0.14%, 7, 0, 10, 53.44
1735703902, 33, 27, 36, 0, 0, 0.14%, 7, 0, 10, 55.58
1735703943, 34, 27, 36, 0, 0, 0.14%, 7, 0, 10, 63.93
1735703979, 34, 35, 36, 0, 0, 0.14%, 7, 0, 10, 62.33
1735703989, 35, 27, 36, 0, 0, 0.14%, 7, 0, 10, 66.35
1735704025, 35, 32, 36, 0, 0, 0.14%, 7, 0, 10, 57.82
1735704040, 35, 35, 36, 0, 0, 0.14%, 7, 0, 10, 71.33
1735704055, 36, 25, 36, 0, 0, 0.14%, 7, 0, 10, 62.38
1735704065, 36, 27, 36, 0, 0, 0.14%, 7, 0, 10, 70.35
1735704101, 36, 32, 36, 0, 0, 0.14%, 7, 0, 10, 63.20
1735704126, 36, 35, 36, 0, 0, 0.14%, 7, 0, 10, 75.23
1735704131, 36, 35, 37, 1, 0, 0.14%, 7, 0, 11, 78.42
1735704167, 36, 36, 37, 1, 1, 0.14%, 7, 0, 11, 63.95
1735704355, 37, 25, 37, 0, 0, 0.14%, 7, 0, 11, 75.49
1735704376, 38, 32, 37, 0, 0, 0.14%, 7, 0, 11, 57.63
1735704416, 41, 36, 37, 0, 0, 0.14%, 7, 0, 11, 69.60
1735704447, 42, 36, 37, 0, 0, 0.14%, 7, 0, 11, 72.88
1735704483, 43, 36, 37, 0, 0, 0.14%, 7, 0, 11, 60.94
1735704518, 44, 36, 37, 0, 0, 0.14%, 7, 0, 11, 62.72
1735704554, 45, 35, 37, 0, 0, 0.14%, 7, 0, 11, 62.62
1735704589, 45, 36, 37, 0, 0, 0.14%, 7, 0, 11, 61.87
1735704625, 46, 36, 37, 0, 0, 0.14%, 7, 0, 11, 66.30
1735704661, 47, 36, 37, 0, 0, 0.14%, 7, 0, 11, 73.85
1735704696, 48, 36, 37, 0, 0, 0.14%, 7, 0, 11, 74.46
1735704732, 49, 36, 37, 0, 0, 0.14%, 7, 0, 11, 73.92
1735704768, 50, 36, 37, 0, 0, 0.14%, 7, 0, 11, 71.19
1735704803, 51, 36, 37, 0, 0, 0.14%, 7, 0, 11, 76.20
1735704839, 54, 35, 37, 0, 0, 0.14%, 7, 0, 11, 79.47
1735704874, 57, 19, 37, 0, 0, 0.14%, 7, 0, 11, 53.39
1735704894, 57, 32, 37, 0, 0, 0.14%, 7, 0, 11, 61.28
1735704930, 65, 32, 37, 0, 0, 0.14%, 7, 0, 11, 58.87
1735704965, 72, 17, 37, 0, 0, 0.14%, 7, 0, 11, 81.83
1735705372, 73, 35, 37, 0, 0, 0.14%, 7, 0, 11, 74.33
1735705408, 84, 31, 37, 0, 0, 0.14%, 7, 0, 11, 87.02
1735705499, 86, 16, 37, 0, 0, 0.14%, 7, 0, 11, 82.17
1735705789, 94, 32, 37, 0, 0, 0.14%, 7, 0, 11, 60.08
1735705830, 97, 19, 37, 0, 0, 0.14%, 7, 0, 11, 56.93
1735705870, 97, 20, 37, 0, 0, 0.14%, 7, 0, 11, 56.68
1735705906, 104, 16, 37, 0, 0, 0.14%, 7, 0, 11, 64.88
1735705911, 105, 12, 37, 0, 0, 0.14%, 7, 0, 11, 57.59
1735705921, 105, 32, 37, 0, 0, 0.14%, 7, 0, 11, 55.94
1735705957, 107, 19, 37, 0, 0, 0.14%, 7, 0, 11, 58.51
1735705997, 110, 31, 37, 0, 0, 0.14%, 7, 0, 11, 56.06
1735706007, 111, 15, 37, 0, 0, 0.14%, 7, 0, 11, 65.46
1735706053, 113, 32, 37, 0, 0, 0.14%, 7, 0, 11, 55.04
1735706094, 115, 12, 37, 0, 0, 0.14%, 7, 0, 11, 53.61
1735706104, 115, 19, 37, 0, 0, 0.14%, 7, 0, 11, 56.67
1735706145, 117, 32, 37, 0, 0, 0.14%, 7, 0, 11, 53.06
1735706185, 119, 19, 37, 0, 0, 0.14%, 7, 0, 11, 55.18
1735706226, 122, 20, 37, 0, 0, 0.14%, 7, 0, 11, 51.42
1735706231, 122, 32, 37, 0, 0, 0.14%, 7, 0, 11, 54.79
1735706272, 125, 31, 37, 0, 0, 0.14%, 7, 0, 11, 61.68
1735706292, 128, 20, 37, 0, 0, 0.14%, 7, 0, 11, 53.68
1735706307, 131, 20, 37, 0, 0, 0.14%, 7, 0, 11, 60.48
1735706338, 131, 28, 37, 0, 0, 0.14%, 7, 0, 11, 50.74
1735706348, 133, 16, 37, 0, 0, 0.14%, 7, 0, 11, 65.00
1735706363, 133, 23, 37, 0, 0, 0.14%, 7, 0, 11, 66.25
1735706368, 136, 23, 37, 0, 0, 0.14%, 7, 0, 11, 66.52
1735706383, 137, 16, 37, 0, 0, 0.14%, 7, 0, 11, 65.78
1735706409, 138, 28, 37, 0, 0, 0.14%, 7, 0, 11, 62.03
1735706424, 141, 28, 37, 0, 0, 0.14%, 7, 0, 11, 60.11
1735706449, 143, 35, 37, 0, 0, 0.14%, 7, 0, 11, 75.20
1735706485, 148, 31, 37, 0, 0, 0.14%, 7, 0, 11, 61.98
1735706525, 149, 23, 37, 0, 0, 0.14%, 7, 0, 11, 71.66
1735706556, 150, 28, 37, 0, 0, 0.14%, 7, 0, 11, 70.26
1735706596, 151, 12, 37, 0, 0, 0.14%, 7, 0, 11, 55.41
1735706627, 151, 20, 37, 0, 0, 0.14%, 7, 0, 11, 61.65
1735706672, 152, 31, 37, 0, 0, 0.14%, 7, 0, 11, 63.43
1735706708, 156, 11, 37, 0, 0, 0.14%, 7, 0, 11, 62.05
1735706713, 157, 31, 37, 0, 0, 0.14%, 7, 0, 11, 57.62
1735706753, 162, 12, 37, 0, 0, 0.14%, 7, 0, 11, 52.13
1735706789, 164, 29, 37, 0, 0, 0.14%, 7, 0, 11, 63.66
1735706794, 165, 32, 37, 0, 0, 0.14%, 7, 0, 11, 61.00
1735706835, 166, 30, 37, 0, 0, 0.14%, 7, 0, 11, 68.68
1735706890, 167, 12, 37, 0, 0, 0.14%, 7, 0, 11, 58.33
1735706926, 171, 23, 37, 0, 0, 0.14%, 7, 0, 11, 55.47
1735706966, 173, 15, 37, 0, 0, 0.14%, 7, 0, 11, 49.72
1735706976, 175, 28, 37, 0, 0, 0.14%, 7, 0, 11, 57.00
1735707017, 176, 16, 37, 0, 0, 0.14%, 7, 0, 11, 72.63
1735707043, 176, 18, 37, 0, 0, 0.14%, 7, 0, 11, 63.27
1735707053, 181, 11, 37, 0, 0, 0.14%, 7, 0, 11, 55.36
1735707058, 181, 18, 37, 0, 0, 0.14%, 7, 0, 11, 54.75
1735707083, 183, 12, 37, 0, 0, 0.14%, 7, 0, 11, 61.15
1735707114, 186, 31, 37, 0, 0, 0.14%, 7, 0, 11, 60.56
1735707149, 190, 16, 37, 0, 0, 0.14%, 7, 0, 11, 65.81
1735707185, 190, 20, 37, 0, 0, 0.14%, 7, 0, 11, 58.14
1735707230, 190, 22, 37, 0, 0, 0.14%, 7, 0, 11, 98.39
1735707292, 194, 29, 37, 0, 0, 0.14%, 7, 0, 11, 73.59
1735707312, 196, 31, 37, 0, 0, 0.14%, 7, 0, 11, 67.49
1735707347, 200, 21, 37, 0, 0, 0.14%, 7, 0, 11, 65.94
1735707358, 200, 30, 37, 0, 0, 0.14%, 7, 0, 11, 71.05
1735707378, 201, 15, 37, 0, 0, 0.14%, 7, 0, 11, 63.67
1735707398, 204, 21, 37, 0, 0, 0.14%, 7, 0, 11, 65.18
1735707419, 205, 16, 37, 0, 0, 0.14%, 7, 0, 11, 68.46
1735707454, 206, 18, 37, 0, 0, 0.14%, 7, 0, 11, 61.94
1735707485, 209, 19, 37, 0, 0, 0.14%, 7, 0, 11, 58.90
1735707520, 211, 21, 37, 0, 0, 0.14%, 7, 0, 11, 61.49
1735707556, 211, 28, 37, 0, 0, 0.14%, 7, 0, 11, 63.27
1735707591, 212, 30, 37, 0, 0, 0.14%, 7, 0, 11, 77.52
1735707622, 216, 21, 37, 0, 0, 0.14%, 7, 0, 11, 63.46
1735707657, 221, 10, 37, 0, 0, 0.14%, 7, 0, 11, 67.05
1735707663, 222, 31, 37, 0, 0, 0.14%, 7, 0, 11, 68.46
1735707698, 224, 18, 37, 0, 0, 0.14%, 7, 0, 11, 59.52
1735707734, 224, 28, 37, 0, 0, 0.14%, 7, 0, 11, 66.01
1735707769, 225, 31, 37, 0, 0, 0.14%, 7, 0, 11, 65.29
1735707804, 226, 31, 37, 0, 0, 0.14%, 7, 0, 11, 67.76
1735707840, 228, 19, 37, 0, 0, 0.14%, 7, 0, 11, 60.26
1735707870, 231, 19, 37, 0, 0, 0.14%, 7, 0, 11, 68.94
1735707911, 234, 15, 37, 0, 0, 0.14%, 7, 0, 11, 61.37
1735707947, 235, 29, 37, 0, 0, 0.14%, 7, 0, 11, 72.47
1735707977, 237, 11, 37, 0, 0, 0.14%, 7, 0, 11, 63.28
1735707992, 237, 22, 37, 0, 0, 0.14%, 7, 0, 11, 67.91
1735708012, 238, 30, 37, 0, 0, 0.14%, 7, 0, 11, 71.67
1735708048, 239, 31, 37, 0, 0, 0.14%, 7, 0, 11, 69.53
1735708078, 240, 17, 37, 0, 0, 0.14%, 7, 0, 11, 81.85
1735708083, 242, 14, 37, 0, 0, 0.14%, 7, 0, 11, 74.62
1735708410, 245, 17, 37, 0, 0, 0.14%, 7, 0, 11, 69.26
1735708420, 246, 20, 37, 0, 0, 0.14%, 7, 0, 11, 69.26
1735708456, 246, 24, 37, 0, 0, 0.14%, 7, 0, 11, 63.83
1735708466, 248, 17, 37, 0, 0, 0.14%, 7, 0, 11, 67.49
1735708486, 249, 10, 37, 0, 0, 0.14%, 7, 0, 11, 62.18
1735708491, 249, 15, 37, 0, 0, 0.14%, 7, 0, 11, 63.23
1735708532, 253, 18, 37, 0, 0, 0.14%, 7, 0, 11, 61.68
1735708562, 257, 29, 37, 0, 0, 0.14%, 7, 0, 11, 64.20
1735708598, 258, 19, 37, 0, 0, 0.14%, 7, 0, 11, 63.25
1735708633, 259, 30, 37, 0, 0, 0.14%, 7, 0, 11, 72.60
1735708663, 263, 24, 37, 0, 0, 0.14%, 7, 0, 11, 61.53
1735708679, 264, 30, 37, 0, 0, 0.14%, 7, 0, 11, 66.03
1735708715, 266, 23, 37, 0, 0, 0.14%, 7, 0, 11, 75.53
1735708750, 268, 10, 37, 0, 0, 0.14%, 7, 0, 11, 60.70
1735708760, 268, 21, 37, 0, 0, 0.14%, 7, 0, 11, 70.55
1735708795, 269, 23, 37, 0, 0, 0.14%, 7, 0, 11, 67.84
1735708831, 273, 30, 37, 0, 0, 0.14%, 7, 0, 11, 72.75
1735708866, 275, 24, 37, 0, 0, 0.14%, 7, 0, 11, 68.85
1735708896, 276, 14, 37, 0, 0, 0.14%, 7, 0, 11, 74.19
1735708907, 278, 10, 37, 0, 0, 0.14%, 7, 0, 11, 65.93
