# unix_time, cycles_done, cur_path, paths_total, pending_total, pending_favs, map_size, unique_crashes, unique_hangs, max_depth, execs_per_sec
1735374477, 0, 0, 10, 10, 1, 0.01%, 0, 0, 1, 36.26
1735374497, 1, 0, 10, 0, 0, 0.01%, 0, 0, 1, 44.84
1735374507, 1, 1, 10, 0, 0, 0.01%, 0, 0, 1, 47.99
1735374513, 1, 2, 10, 0, 0, 0.01%, 0, 0, 1, 44.58
1735374518, 1, 3, 10, 0, 0, 0.01%, 0, 0, 1, 47.38
1735374523, 1, 4, 10, 0, 0, 0.01%, 0, 0, 1, 43.63
1735374528, 1, 5, 10, 0, 0, 0.01%, 0, 0, 1, 44.73
1735374533, 1, 6, 10, 0, 0, 0.01%, 0, 0, 1, 45.48
1735374538, 1, 7, 10, 0, 0, 0.01%, 0, 0, 1, 45.19
1735374543, 1, 8, 10, 0, 0, 0.01%, 0, 0, 1, 43.30
1735374548, 1, 9, 10, 0, 0, 0.01%, 0, 0, 1, 45.15
1735374558, 2, 0, 10, 0, 0, 0.01%, 0, 0, 1, 45.08
1735374563, 2, 1, 10, 0, 0, 0.01%, 0, 0, 1, 43.39
1735374568, 2, 2, 10, 0, 0, 0.01%, 0, 0, 1, 46.24
1735374573, 2, 3, 10, 0, 0, 0.01%, 0, 0, 1, 45.43
1735374578, 2, 4, 10, 0, 0, 0.01%, 0, 0, 1, 45.72
1735374583, 2, 5, 10, 0, 0, 0.01%, 0, 0, 1, 46.01
1735374588, 2, 6, 10, 0, 0, 0.01%, 0, 0, 1, 45.91
1735374594, 2, 7, 10, 0, 0, 0.01%, 0, 0, 1, 47.46
1735374599, 2, 8, 10, 0, 0, 0.01%, 0, 0, 1, 44.85
1735374609, 2, 9, 10, 0, 0, 0.01%, 0, 0, 1, 43.78
1735374614, 3, 0, 10, 0, 0, 0.01%, 0, 0, 1, 42.06
1735374619, 3, 1, 10, 0, 0, 0.01%, 0, 0, 1, 43.46
1735374624, 3, 2, 10, 0, 0, 0.01%, 0, 0, 1, 43.29
1735374629, 3, 3, 10, 0, 0, 0.01%, 0, 0, 1, 47.15
1735374634, 3, 4, 10, 0, 0, 0.01%, 0, 0, 1, 44.64
1735374639, 3, 5, 10, 0, 0, 0.01%, 0, 0, 1, 43.85
1735374649, 3, 6, 10, 0, 0, 0.01%, 0, 0, 1, 46.91
1735374654, 3, 7, 10, 0, 0, 0.01%, 0, 0, 1, 44.53
1735374659, 3, 8, 10, 0, 0, 0.01%, 0, 0, 1, 43.59
1735374664, 3, 9, 10, 0, 0, 0.01%, 0, 0, 1, 45.69
1735374669, 4, 0, 10, 0, 0, 0.01%, 0, 0, 1, 44.85
1735374675, 4, 1, 10, 0, 0, 0.01%, 0, 0, 1, 46.35
1735374680, 4, 2, 10, 0, 0, 0.01%, 0, 0, 1, 48.01
1735374685, 4, 3, 10, 0, 0, 0.01%, 0, 0, 1, 46.81
1735374690, 4, 4, 10, 0, 0, 0.01%, 0, 0, 1, 45.87
1735374700, 4, 5, 10, 0, 0, 0.01%, 0, 0, 1, 44.52
1735374705, 4, 6, 10, 0, 0, 0.01%, 0, 0, 1, 45.97
1735374710, 4, 7, 10, 0, 0, 0.01%, 0, 0, 1, 45.50
1735374715, 4, 8, 10, 0, 0, 0.01%, 0, 0, 1, 47.80
1735374720, 4, 9, 10, 0, 0, 0.01%, 0, 0, 1, 44.83
1735374725, 5, 0, 10, 0, 0, 0.01%, 0, 0, 1, 44.12
1735374730, 5, 1, 10, 0, 0, 0.01%, 0, 0, 1, 46.09
1735374736, 5, 2, 10, 0, 0, 0.01%, 0, 0, 1, 45.02
1735374746, 5, 3, 10, 0, 0, 0.01%, 0, 0, 1, 43.25
1735374751, 5, 4, 10, 0, 0, 0.01%, 0, 0, 1, 45.40
1735374756, 5, 5, 10, 0, 0, 0.01%, 0, 0, 1, 45.85
1735374761, 5, 6, 10, 0, 0, 0.01%, 0, 0, 1, 44.33
1735374766, 5, 7, 10, 0, 0, 0.01%, 0, 0, 1, 44.75
1735374771, 5, 8, 10, 0, 0, 0.01%, 0, 0, 1, 45.39
1735374776, 5, 9, 10, 0, 0, 0.01%, 0, 0, 1, 43.40
1735374781, 6, 0, 10, 0, 0, 0.01%, 0, 0, 1, 44.76
1735374791, 6, 1, 10, 0, 0, 0.01%, 0, 0, 1, 45.55
1735374796, 6, 2, 10, 0, 0, 0.01%, 0, 0, 1, 44.34
1735374801, 6, 3, 10, 0, 0, 0.01%, 0, 0, 1, 45.52
1735374806, 6, 4, 10, 0, 0, 0.01%, 0, 0, 1, 46.49
1735374812, 6, 5, 10, 0, 0, 0.01%, 0, 0, 1, 46.32
1735374817, 6, 6, 10, 0, 0, 0.01%, 0, 0, 1, 45.03
1735374822, 6, 7, 10, 0, 0, 0.01%, 0, 0, 1, 46.03
1735374827, 6, 8, 10, 0, 0, 0.01%, 0, 0, 1, 46.23
1735374832, 6, 9, 10, 0, 0, 0.01%, 0, 0, 1, 46.01
1735374842, 7, 0, 10, 0, 0, 0.01%, 0, 0, 1, 44.52
1735374847, 7, 1, 10, 0, 0, 0.01%, 0, 0, 1, 43.99
1735374852, 7, 2, 10, 0, 0, 0.01%, 0, 0, 1, 45.79
1735374857, 7, 3, 10, 0, 0, 0.01%, 0, 0, 1, 44.36
1735374862, 7, 4, 10, 0, 0, 0.01%, 0, 0, 1, 44.03
1735374867, 7, 5, 10, 0, 0, 0.01%, 0, 0, 1, 45.21
1735374873, 7, 6, 10, 0, 0, 0.01%, 0, 0, 1, 46.68
1735374878, 7, 7, 10, 0, 0, 0.01%, 0, 0, 1, 45.02
1735374883, 7, 8, 10, 0, 0, 0.01%, 0, 0, 1, 46.78
1735374893, 7, 9, 10, 0, 0, 0.01%, 0, 0, 1, 43.81
1735374898, 8, 0, 10, 0, 0, 0.01%, 0, 0, 1, 42.35
1735374903, 8, 1, 10, 0, 0, 0.01%, 0, 0, 1, 44.02
1735374908, 8, 2, 10, 0, 0, 0.01%, 0, 0, 1, 45.61
1735374913, 8, 3, 10, 0, 0, 0.01%, 0, 0, 1, 44.51
1735374918, 8, 4, 10, 0, 0, 0.01%, 0, 0, 1, 44.25
1735374924, 8, 5, 10, 0, 0, 0.01%, 0, 0, 1, 47.00
1735374934, 8, 6, 10, 0, 0, 0.01%, 0, 0, 1, 45.09
1735374939, 8, 7, 10, 0, 0, 0.01%, 0, 0, 1, 44.88
1735374944, 8, 8, 10, 0, 0, 0.01%, 0, 0, 1, 46.57
1735374949, 8, 9, 10, 0, 0, 0.01%, 0, 0, 1, 45.81
1735374954, 9, 0, 10, 0, 0, 0.01%, 0, 0, 1, 44.45
1735374959, 9, 1, 10, 0, 0, 0.01%, 0, 0, 1, 43.81
1735374964, 9, 2, 10, 0, 0, 0.01%, 0, 0, 1, 45.82
1735374969, 9, 3, 10, 0, 0, 0.01%, 0, 0, 1, 44.33
1735374975, 9, 4, 10, 0, 0, 0.01%, 0, 0, 1, 46.92
1735374980, 9, 5, 10, 0, 0, 0.01%, 0, 0, 1, 45.10
1735374990, 9, 6, 10, 0, 0, 0.01%, 0, 0, 1, 43.80
1735374995, 9, 7, 10, 0, 0, 0.01%, 0, 0, 1, 45.51
1735375000, 9, 8, 10, 0, 0, 0.01%, 0, 0, 1, 44.72
1735375005, 9, 9, 10, 0, 0, 0.01%, 0, 0, 1, 44.21
1735375010, 10, 0, 10, 0, 0, 0.01%, 0, 0, 1, 45.38
1735375015, 10, 1, 10, 0, 0, 0.01%, 0, 0, 1, 45.48
1735375020, 10, 2, 10, 0, 0, 0.01%, 0, 0, 1, 44.08
1735375025, 10, 3, 10, 0, 0, 0.01%, 0, 0, 1, 48.17
1735375035, 10, 4, 10, 0, 0, 0.01%, 0, 0, 1, 46.43
1735375040, 10, 5, 10, 0, 0, 0.01%, 0, 0, 1, 45.43
1735375045, 10, 6, 10, 0, 0, 0.01%, 0, 0, 1, 45.86
1735375051, 10, 7, 10, 0, 0, 0.01%, 0, 0, 1, 46.67
1735375056, 10, 8, 10, 0, 0, 0.01%, 0, 0, 1, 49.65
1735375061, 10, 9, 10, 0, 0, 0.01%, 0, 0, 1, 45.66
1735375066, 11, 0, 10, 0, 0, 0.01%, 0, 0, 1, 45.72
1735375071, 11, 1, 10, 0, 0, 0.01%, 0, 0, 1, 45.77
1735375076, 11, 2, 10, 0, 0, 0.01%, 0, 0, 1, 46.19
1735375081, 11, 3, 10, 0, 0, 0.01%, 0, 0, 1, 46.15
1735375086, 11, 4, 10, 0, 0, 0.01%, 0, 0, 1, 47.73
1735375096, 11, 5, 10, 0, 0, 0.01%, 0, 0, 1, 48.54
1735375101, 11, 6, 10, 0, 0, 0.01%, 0, 0, 1, 45.68
1735375106, 11, 7, 10, 0, 0, 0.01%, 0, 0, 1, 48.16
1735375111, 11, 8, 10, 0, 0, 0.01%, 0, 0, 1, 46.98
1735375116, 11, 9, 10, 0, 0, 0.01%, 0, 0, 1, 47.19
1735375121, 12, 0, 10, 0, 0, 0.01%, 0, 0, 1, 49.86
1735375126, 12, 1, 10, 0, 0, 0.01%, 0, 0, 1, 45.46
1735375131, 12, 2, 10, 0, 0, 0.01%, 0, 0, 1, 48.09
1735375136, 12, 3, 10, 0, 0, 0.01%, 0, 0, 1, 45.75
1735375142, 12, 4, 10, 0, 0, 0.01%, 0, 0, 1, 49.67
1735375147, 12, 5, 10, 0, 0, 0.01%, 0, 0, 1, 45.52
1735375152, 12, 6, 10, 0, 0, 0.01%, 0, 0, 1, 44.74
1735375157, 12, 7, 10, 0, 0, 0.01%, 0, 0, 1, 44.29
1735375167, 12, 8, 10, 0, 0, 0.01%, 0, 0, 1, 46.80
1735375172, 12, 9, 10, 0, 0, 0.01%, 0, 0, 1, 47.61
1735375177, 13, 0, 10, 0, 0, 0.01%, 0, 0, 1, 46.35
1735375182, 13, 1, 10, 0, 0, 0.01%, 0, 0, 1, 44.80
1735375187, 13, 2, 10, 0, 0, 0.01%, 0, 0, 1, 48.59
1735375192, 13, 3, 10, 0, 0, 0.01%, 0, 0, 1, 48.37
1735375197, 13, 4, 10, 0, 0, 0.01%, 0, 0, 1, 48.31
1735375202, 13, 5, 10, 0, 0, 0.01%, 0, 0, 1, 45.08
1735375207, 13, 6, 10, 0, 0, 0.01%, 0, 0, 1, 45.53
1735375212, 13, 7, 10, 0, 0, 0.01%, 0, 0, 1, 45.84
1735375217, 13, 8, 10, 0, 0, 0.01%, 0, 0, 1, 47.34
1735375222, 13, 9, 10, 0, 0, 0.01%, 0, 0, 1, 45.44
1735375233, 14, 0, 10, 0, 0, 0.01%, 0, 0, 1, 44.63
1735375238, 14, 1, 10, 0, 0, 0.01%, 0, 0, 1, 45.56
1735375243, 14, 2, 10, 0, 0, 0.01%, 0, 0, 1, 49.18
1735375248, 14, 3, 10, 0, 0, 0.01%, 0, 0, 1, 47.29
1735375253, 14, 4, 10, 0, 0, 0.01%, 0, 0, 1, 44.99
1735375258, 14, 5, 10, 0, 0, 0.01%, 0, 0, 1, 47.23
1735375263, 14, 6, 10, 0, 0, 0.01%, 0, 0, 1, 46.58
1735375268, 14, 7, 10, 0, 0, 0.01%, 0, 0, 1, 44.91
1735375273, 14, 8, 10, 0, 0, 0.01%, 0, 0, 1, 46.42
1735375278, 14, 9, 10, 0, 0, 0.01%, 0, 0, 1, 45.39
1735375283, 15, 0, 10, 0, 0, 0.01%, 0, 0, 1, 45.89
1735375293, 15, 1, 10, 0, 0, 0.01%, 0, 0, 1, 39.51
1735375314, 15, 2, 10, 0, 0, 0.01%, 0, 0, 1, 39.28
1735375334, 15, 3, 10, 0, 0, 0.01%, 0, 0, 1, 40.52
1735375354, 15, 4, 10, 0, 0, 0.01%, 0, 0, 1, 41.53
1735375375, 15, 5, 10, 0, 0, 0.01%, 0, 0, 1, 41.49
1735375395, 15, 6, 10, 0, 0, 0.01%, 0, 0, 1, 41.44
1735375415, 15, 7, 10, 0, 0, 0.01%, 0, 0, 1, 41.02
1735375436, 15, 8, 10, 0, 0, 0.01%, 0, 0, 1, 41.23
1735375456, 15, 9, 10, 0, 0, 0.01%, 0, 0, 1, 47.56
1735375461, 16, 0, 10, 0, 0, 0.01%, 0, 0, 1, 47.05
1735375466, 16, 1, 10, 0, 0, 0.01%, 0, 0, 1, 48.10
1735375471, 16, 2, 10, 0, 0, 0.01%, 0, 0, 1, 48.53
1735375476, 16, 3, 10, 0, 0, 0.01%, 0, 0, 1, 46.27
1735375481, 16, 4, 10, 0, 0, 0.01%, 0, 0, 1, 46.48
1735375486, 16, 5, 10, 0, 0, 0.01%, 0, 0, 1, 47.86
1735375491, 16, 6, 10, 0, 0, 0.01%, 0, 0, 1, 45.76
1735375496, 16, 7, 10, 0, 0, 0.01%, 0, 0, 1, 48.25
1735375506, 16, 8, 10, 0, 0, 0.01%, 0, 0, 1, 48.12
1735375511, 16, 9, 10, 0, 0, 0.01%, 0, 0, 1, 48.25
1735375517, 17, 0, 10, 0, 0, 0.01%, 0, 0, 1, 48.16
1735375522, 17, 1, 10, 0, 0, 0.01%, 0, 0, 1, 47.12
1735375527, 17, 2, 10, 0, 0, 0.01%, 0, 0, 1, 50.08
1735375532, 17, 3, 10, 0, 0, 0.01%, 0, 0, 1, 45.70
1735375537, 17, 4, 10, 0, 0, 0.01%, 0, 0, 1, 47.01
1735375542, 17, 5, 10, 0, 0, 0.01%, 0, 0, 1, 47.23
1735375547, 17, 6, 10, 0, 0, 0.01%, 0, 0, 1, 45.82
1735375552, 17, 7, 10, 0, 0, 0.01%, 0, 0, 1, 47.23
1735375557, 17, 8, 10, 0, 0, 0.01%, 0, 0, 1, 44.85
1735375562, 17, 9, 10, 0, 0, 0.01%, 0, 0, 1, 48.18
1735375567, 18, 0, 10, 0, 0, 0.01%, 0, 0, 1, 49.16
1735375572, 18, 1, 10, 0, 0, 0.01%, 0, 0, 1, 48.99
1735375578, 18, 2, 10, 0, 0, 0.01%, 0, 0, 1, 48.06
1735375583, 18, 3, 10, 0, 0, 0.01%, 0, 0, 1, 45.78
1735375588, 18, 4, 10, 0, 0, 0.01%, 0, 0, 1, 46.76
1735375598, 18, 5, 10, 0, 0, 0.01%, 0, 0, 1, 48.70
1735375603, 18, 6, 10, 0, 0, 0.01%, 0, 0, 1, 47.51
1735375608, 18, 7, 10, 0, 0, 0.01%, 0, 0, 1, 46.05
1735375613, 18, 8, 10, 0, 0, 0.01%, 0, 0, 1, 45.73
1735375618, 18, 9, 10, 0, 0, 0.01%, 0, 0, 1, 46.42
1735375623, 19, 0, 10, 0, 0, 0.01%, 0, 0, 1, 47.64
1735375628, 19, 1, 10, 0, 0, 0.01%, 0, 0, 1, 46.83
1735375634, 19, 2, 10, 0, 0, 0.01%, 0, 0, 1, 47.35
1735375639, 19, 3, 10, 0, 0, 0.01%, 0, 0, 1, 45.61
1735375644, 19, 4, 10, 0, 0, 0.01%, 0, 0, 1, 48.35
1735375649, 19, 5, 10, 0, 0, 0.01%, 0, 0, 1, 47.03
1735375654, 19, 6, 10, 0, 0, 0.01%, 0, 0, 1, 48.96
1735375659, 19, 7, 10, 0, 0, 0.01%, 0, 0, 1, 47.60
1735375664, 19, 8, 10, 0, 0, 0.01%, 0, 0, 1, 48.50
1735375669, 19, 9, 10, 0, 0, 0.01%, 0, 0, 1, 48.47
1735375674, 20, 0, 10, 0, 0, 0.01%, 0, 0, 1, 48.23
1735375679, 20, 1, 10, 0, 0, 0.01%, 0, 0, 1, 46.40
1735375689, 20, 2, 10, 0, 0, 0.01%, 0, 0, 1, 47.86
1735375695, 20, 3, 10, 0, 0, 0.01%, 0, 0, 1, 48.89
1735375700, 20, 4, 10, 0, 0, 0.01%, 0, 0, 1, 48.50
1735375705, 20, 5, 10, 0, 0, 0.01%, 0, 0, 1, 47.62
1735375710, 20, 6, 10, 0, 0, 0.01%, 0, 0, 1, 48.39
1735375715, 20, 7, 10, 0, 0, 0.01%, 0, 0, 1, 46.75
1735375720, 20, 8, 10, 0, 0, 0.01%, 0, 0, 1, 49.17
1735375725, 20, 9, 10, 0, 0, 0.01%, 0, 0, 1, 49.53
1735375730, 21, 0, 10, 0, 0, 0.01%, 0, 0, 1, 46.71
1735375735, 21, 1, 10, 0, 0, 0.01%, 0, 0, 1, 47.55
1735375740, 21, 2, 10, 0, 0, 0.01%, 0, 0, 1, 48.05
1735375745, 21, 3, 10, 0, 0, 0.01%, 0, 0, 1, 45.85
1735375750, 21, 4, 10, 0, 0, 0.01%, 0, 0, 1, 46.10
1735375755, 21, 5, 10, 0, 0, 0.01%, 0, 0, 1, 48.10
1735375765, 21, 6, 10, 0, 0, 0.01%, 0, 0, 1, 46.12
1735375770, 21, 7, 10, 0, 0, 0.01%, 0, 0, 1, 47.78
1735375775, 21, 8, 10, 0, 0, 0.01%, 0, 0, 1, 47.40
1735375781, 21, 9, 10, 0, 0, 0.01%, 0, 0, 1, 45.28
1735375786, 22, 0, 10, 0, 0, 0.01%, 0, 0, 1, 46.63
1735375791, 22, 1, 10, 0, 0, 0.01%, 0, 0, 1, 47.30
1735375796, 22, 2, 10, 0, 0, 0.01%, 0, 0, 1, 48.90
1735375801, 22, 3, 10, 0, 0, 0.01%, 0, 0, 1, 45.40
1735375806, 22, 4, 10, 0, 0, 0.01%, 0, 0, 1, 48.43
1735375811, 22, 5, 10, 0, 0, 0.01%, 0, 0, 1, 45.58
1735375816, 22, 6, 10, 0, 0, 0.01%, 0, 0, 1, 49.39
1735375821, 22, 7, 10, 0, 0, 0.01%, 0, 0, 1, 46.51
1735375826, 22, 8, 10, 0, 0, 0.01%, 0, 0, 1, 44.65
1735375831, 22, 9, 10, 0, 0, 0.01%, 0, 0, 1, 48.60
1735375836, 23, 0, 10, 0, 0, 0.01%, 0, 0, 1, 44.94
1735375841, 23, 1, 10, 0, 0, 0.01%, 0, 0, 1, 49.61
1735375846, 23, 2, 10, 0, 0, 0.01%, 0, 0, 1, 50.55
1735375857, 23, 3, 10, 0, 0, 0.01%, 0, 0, 1, 45.78
1735375862, 23, 4, 10, 0, 0, 0.01%, 0, 0, 1, 46.18
1735375867, 23, 5, 10, 0, 0, 0.01%, 0, 0, 1, 47.68
1735375872, 23, 6, 10, 0, 0, 0.01%, 0, 0, 1, 47.50
1735375877, 23, 7, 10, 0, 0, 0.01%, 0, 0, 1, 48.63
1735375882, 23, 8, 10, 0, 0, 0.01%, 0, 0, 1, 48.15
1735375887, 23, 9, 10, 0, 0, 0.01%, 0, 0, 1, 49.04
1735375892, 24, 0, 10, 0, 0, 0.01%, 0, 0, 1, 48.65
1735375897, 24, 1, 10, 0, 0, 0.01%, 0, 0, 1, 49.00
1735375902, 24, 2, 11, 1, 0, 0.14%, 1, 0, 2, 46.10
1735375907, 25, 10, 11, 0, 0, 0.14%, 1, 0, 2, 51.60
1735375918, 25, 10, 12, 1, 0, 0.14%, 2, 0, 3, 58.91
1735375978, 25, 10, 13, 2, 0, 0.14%, 2, 0, 3, 46.77
1735375994, 25, 11, 14, 3, 1, 0.14%, 3, 0, 4, 64.02
1735376009, 25, 11, 15, 4, 1, 0.14%, 3, 0, 4, 52.82
1735376044, 25, 11, 16, 5, 1, 0.14%, 4, 0, 4, 51.20
1735376110, 25, 13, 16, 4, 2, 0.14%, 4, 0, 4, 69.38
1735376191, 25, 13, 17, 5, 2, 0.14%, 4, 0, 5, 51.48
1735376196, 25, 13, 18, 6, 2, 0.14%, 4, 0, 5, 54.54
1735376202, 25, 13, 19, 7, 2, 0.14%, 4, 0, 5, 49.93
1735376207, 25, 13, 20, 8, 2, 0.14%, 4, 0, 5, 54.85
1735376212, 25, 18, 20, 7, 1, 0.14%, 4, 0, 5, 56.68
1735376217, 25, 18, 21, 8, 1, 0.14%, 5, 0, 6, 90.49
1735376253, 25, 18, 22, 9, 1, 0.14%, 5, 0, 6, 60.81
1735376263, 25, 18, 23, 10, 1, 0.14%, 5, 0, 6, 56.61
1735376334, 26, 19, 23, 7, 0, 0.14%, 5, 0, 6, 55.38
1735376375, 26, 19, 24, 8, 0, 0.14%, 5, 0, 6, 55.32
1735376420, 26, 19, 25, 9, 0, 0.14%, 5, 0, 6, 57.86
1735376466, 26, 24, 25, 8, 1, 0.14%, 5, 0, 6, 51.44
1735376680, 27, 13, 25, 7, 0, 0.14%, 5, 0, 6, 53.58
1735376710, 28, 13, 25, 6, 0, 0.14%, 5, 0, 6, 49.83
1735376756, 28, 17, 25, 5, 0, 0.14%, 5, 0, 6, 91.15
1735376776, 28, 17, 26, 6, 0, 0.14%, 5, 0, 6, 62.75
1735376873, 28, 25, 26, 5, 1, 0.14%, 5, 0, 6, 43.28
1735376888, 29, 13, 26, 4, 0, 0.14%, 5, 0, 6, 46.75
1735376893, 29, 13, 27, 5, 0, 0.14%, 5, 0, 6, 48.94
1735376944, 29, 26, 27, 5, 1, 0.14%, 5, 0, 6, 79.19
1735377015, 30, 20, 27, 4, 0, 0.14%, 5, 0, 6, 63.25
1735377020, 30, 20, 28, 5, 0, 0.14%, 5, 0, 7, 80.15
1735377056, 30, 20, 29, 6, 0, 0.14%, 5, 0, 7, 54.70
1735377061, 30, 20, 30, 7, 0, 0.14%, 5, 0, 7, 51.94
1735377136, 30, 29, 30, 7, 1, 0.14%, 5, 0, 7, 77.81
1735377177, 30, 29, 31, 8, 1, 0.14%, 5, 0, 8, 92.66
1735377202, 30, 29, 32, 9, 1, 0.14%, 5, 0, 8, 71.54
1735377269, 31, 15, 32, 7, 0, 0.14%, 5, 0, 8, 85.47
1735377355, 32, 31, 32, 5, 0, 0.14%, 5, 0, 8, 102.94
1735377370, 32, 31, 33, 6, 0, 0.14%, 5, 0, 9, 94.41
1735377502, 32, 32, 33, 6, 1, 0.14%, 5, 0, 9, 79.83
1735377553, 32, 32, 34, 7, 1, 0.14%, 5, 0, 10, 120.35
1735377558, 32, 32, 36, 9, 1, 0.14%, 5, 0, 10, 114.17
1735377609, 32, 32, 38, 11, 1, 0.14%, 6, 0, 10, 111.60
1735378047, 34, 23, 38, 7, 0, 0.14%, 6, 0, 10, 42.57
1735378052, 35, 28, 38, 6, 0, 0.14%, 6, 0, 10, 37.61
1735378057, 37, 25, 38, 1, 0, 0.14%, 6, 0, 10, 97.24
1735379413, 37, 28, 38, 1, 0, 0.14%, 6, 0, 10, 111.51
1735379581, 38, 36, 38, 1, 0, 0.14%, 6, 0, 10, 91.79
1735379957, 41, 36, 38, 0, 0, 0.14%, 6, 0, 10, 57.55
1735379962, 42, 36, 38, 0, 0, 0.14%, 6, 0, 10, 58.33
1735379977, 43, 36, 38, 0, 0, 0.14%, 6, 0, 10, 63.23
1735380003, 44, 28, 38, 0, 0, 0.14%, 6, 0, 10, 65.79
1735380008, 44, 36, 38, 0, 0, 0.14%, 6, 0, 10, 63.12
1735380048, 45, 28, 38, 0, 0, 0.14%, 6, 0, 10, 76.59
1735380064, 45, 36, 38, 0, 0, 0.14%, 6, 0, 10, 56.52
1735380104, 46, 28, 38, 0, 0, 0.14%, 6, 0, 10, 80.85
1735380140, 46, 36, 38, 0, 0, 0.14%, 6, 0, 10, 63.02
1735380170, 47, 28, 38, 0, 0, 0.14%, 6, 0, 10, 54.58
1735380211, 47, 36, 38, 0, 0, 0.14%, 6, 0, 10, 65.42
1735380247, 48, 28, 38, 0, 0, 0.14%, 6, 0, 10, 67.12
1735380282, 49, 28, 38, 0, 0, 0.14%, 6, 0, 10, 60.78
1735380322, 50, 28, 38, 0, 0, 0.14%, 6, 0, 10, 70.27
1735380358, 52, 13, 38, 0, 0, 0.14%, 6, 0, 10, 52.38
1735380378, 64, 13, 38, 0, 0, 0.14%, 6, 0, 10, 55.41
1735380399, 65, 21, 38, 0, 0, 0.14%, 6, 0, 10, 83.28
1735380459, 65, 31, 38, 0, 0, 0.14%, 6, 0, 10, 62.18
1735380495, 69, 27, 38, 0, 0, 0.14%, 6, 0, 10, 72.20
1735380587, 77, 16, 38, 0, 0, 0.14%, 6, 0, 10, 89.92
1735380643, 84, 27, 38, 0, 0, 0.14%, 6, 0, 10, 55.76
1735380683, 84, 31, 38, 0, 0, 0.14%, 6, 0, 10, 60.52
1735380719, 88, 31, 38, 0, 0, 0.14%, 6, 0, 10, 65.93
1735380760, 89, 27, 38, 0, 0, 0.14%, 6, 0, 10, 59.16
1735380795, 92, 16, 38, 0, 0, 0.14%, 6, 0, 10, 61.91
1735380816, 104, 16, 38, 0, 0, 0.14%, 6, 0, 10, 59.79
1735380836, 107, 27, 38, 0, 0, 0.14%, 6, 0, 10, 63.13
1735380871, 108, 26, 38, 0, 0, 0.14%, 6, 0, 10, 54.67
1735380881, 111, 17, 38, 0, 0, 0.14%, 6, 0, 10, 65.19
1735380901, 114, 16, 38, 0, 0, 0.14%, 6, 0, 10, 63.87
1735380917, 116, 17, 38, 0, 0, 0.14%, 6, 0, 10, 64.82
1735380937, 119, 16, 38, 0, 0, 0.14%, 6, 0, 10, 63.99
1735380967, 123, 26, 38, 0, 0, 0.14%, 6, 0, 10, 58.62
1735380978, 123, 33, 38, 0, 0, 0.14%, 6, 0, 10, 67.02
1735381038, 124, 21, 38, 0, 0, 0.14%, 6, 0, 10, 58.94
1735381043, 127, 13, 38, 0, 0, 0.14%, 6, 0, 10, 54.59
1735381064, 127, 18, 38, 0, 0, 0.14%, 6, 0, 10, 59.45
1735381084, 127, 31, 38, 0, 0, 0.14%, 6, 0, 10, 61.53
1735381120, 131, 20, 38, 0, 0, 0.14%, 6, 0, 10, 62.29
1735381145, 133, 27, 38, 0, 0, 0.14%, 6, 0, 10, 60.64
1735381186, 133, 31, 38, 0, 0, 0.14%, 6, 0, 10, 57.05
1735381226, 135, 27, 38, 0, 0, 0.14%, 6, 0, 10, 58.20
1735381267, 138, 18, 38, 0, 0, 0.14%, 6, 0, 10, 56.79
1735381282, 139, 11, 38, 0, 0, 0.14%, 6, 0, 10, 58.13
1735381287, 140, 11, 38, 0, 0, 0.14%, 6, 0, 10, 52.71
1735381292, 142, 26, 38, 0, 0, 0.14%, 6, 0, 10, 61.95
1735381317, 143, 17, 38, 0, 0, 0.14%, 6, 0, 10, 61.10
1735381343, 144, 22, 38, 0, 0, 0.14%, 6, 0, 10, 60.69
1735381403, 146, 13, 38, 0, 0, 0.14%, 6, 0, 10, 58.30
1735381444, 148, 26, 38, 0, 0, 0.14%, 6, 0, 10, 63.23
1735381480, 151, 18, 38, 0, 0, 0.14%, 6, 0, 10, 61.90
1735381500, 151, 21, 38, 0, 0, 0.14%, 6, 0, 10, 58.42
1735381515, 153, 11, 38, 0, 0, 0.14%, 6, 0, 10, 55.38
1735381526, 158, 14, 38, 0, 0, 0.14%, 6, 0, 10, 64.10
1735381567, 160, 13, 38, 0, 0, 0.14%, 6, 0, 10, 55.69
1735381602, 160, 31, 38, 0, 0, 0.14%, 6, 0, 10, 59.01
1735381643, 161, 10, 38, 0, 0, 0.14%, 6, 0, 10, 59.18
1735381648, 161, 31, 38, 0, 0, 0.14%, 6, 0, 10, 55.91
1735381688, 163, 10, 38, 0, 0, 0.14%, 6, 0, 10, 61.67
1735381694, 163, 20, 38, 0, 0, 0.14%, 6, 0, 10, 59.37
1735381724, 164, 17, 38, 0, 0, 0.14%, 6, 0, 10, 60.22
1735381764, 166, 20, 38, 0, 0, 0.14%, 6, 0, 10, 57.10
1735381795, 167, 20, 38, 0, 0, 0.14%, 6, 0, 10, 59.25
1735381830, 168, 24, 38, 0, 0, 0.14%, 6, 0, 10, 66.02
1735381835, 175, 14, 38, 0, 0, 0.14%, 6, 0, 10, 62.46
1735381840, 175, 20, 38, 0, 0, 0.14%, 6, 0, 10, 63.16
1735381881, 175, 35, 38, 0, 0, 0.14%, 6, 0, 10, 89.54
1735381968, 177, 11, 38, 0, 0, 0.14%, 6, 0, 10, 57.43
1735381994, 179, 14, 38, 0, 0, 0.14%, 6, 0, 10, 59.07
1735382009, 179, 26, 38, 0, 0, 0.14%, 6, 0, 10, 62.31
1735382044, 180, 35, 38, 0, 0, 0.14%, 6, 0, 10, 61.14
1735382074, 181, 15, 38, 0, 0, 0.14%, 6, 0, 10, 68.10
1735382079, 184, 31, 38, 0, 0, 0.14%, 6, 0, 10, 62.89
1735382120, 185, 20, 38, 0, 0, 0.14%, 6, 0, 10, 59.28
1735382156, 185, 24, 38, 0, 0, 0.14%, 6, 0, 10, 65.94
1735382166, 186, 31, 38, 0, 0, 0.14%, 6, 0, 10, 69.47
1735382206, 188, 16, 38, 0, 0, 0.14%, 6, 0, 10, 60.09
1735382247, 189, 17, 38, 0, 0, 0.14%, 6, 0, 10, 66.27
1735382283, 189, 35, 38, 0, 0, 0.14%, 6, 0, 10, 55.63
1735382323, 191, 11, 38, 0, 0, 0.14%, 6, 0, 10, 55.02
1735382364, 191, 24, 38, 0, 0, 0.14%, 6, 0, 10, 63.91
1735382379, 192, 10, 38, 0, 0, 0.14%, 6, 0, 10, 54.49
1735382389, 194, 11, 38, 0, 0, 0.14%, 6, 0, 10, 58.92
1735382430, 196, 10, 38, 0, 0, 0.14%, 6, 0, 10, 53.89
1735382451, 196, 14, 38, 0, 0, 0.14%, 6, 0, 10, 55.94
1735382486, 196, 20, 38, 0, 0, 0.14%, 6, 0, 10, 60.93
1735382527, 197, 21, 38, 0, 0, 0.14%, 6, 0, 10, 54.57
1735382562, 199, 17, 38, 0, 0, 0.14%, 6, 0, 10, 56.68
1735382603, 199, 18, 38, 0, 0, 0.14%, 6, 0, 10, 59.89
1735382633, 200, 27, 38, 0, 0, 0.14%, 6, 0, 10, 59.60
1735382669, 201, 18, 38, 0, 0, 0.14%, 6, 0, 10, 65.09
1735382709, 201, 30, 38, 0, 0, 0.14%, 6, 0, 10, 71.27
1735382831, 202, 16, 38, 0, 0, 0.14%, 6, 0, 10, 61.35
1735382872, 202, 24, 38, 0, 0, 0.14%, 6, 0, 10, 65.59
1735382912, 205, 31, 38, 0, 0, 0.14%, 6, 0, 10, 63.48
1735382948, 206, 26, 38, 0, 0, 0.14%, 6, 0, 10, 67.10
1735382989, 206, 33, 38, 0, 0, 0.14%, 6, 0, 10, 58.37
1735382999, 207, 17, 38, 0, 0, 0.14%, 6, 0, 10, 65.22
1735383029, 207, 17, 39, 1, 0, 0.14%, 7, 0, 10, 71.40
1735383034, 207, 20, 39, 1, 0, 0.14%, 7, 0, 10, 65.76
1735383075, 209, 38, 39, 1, 0, 0.14%, 7, 0, 10, 45.48
1735383469, 213, 26, 39, 0, 0, 0.14%, 7, 0, 10, 69.00
1735383509, 213, 27, 39, 0, 0, 0.14%, 7, 0, 10, 61.79
1735383550, 214, 13, 39, 0, 0, 0.14%, 7, 0, 10, 60.28
1735383585, 214, 31, 39, 0, 0, 0.14%, 7, 0, 10, 59.68
1735383626, 217, 27, 39, 0, 0, 0.14%, 7, 0, 10, 59.92
1735383661, 220, 15, 39, 0, 0, 0.14%, 7, 0, 10, 69.93
1735383667, 221, 16, 39, 0, 0, 0.14%, 7, 0, 10, 61.33
1735383707, 224, 14, 39, 0, 0, 0.14%, 7, 0, 10, 62.58
1735383748, 224, 16, 39, 0, 0, 0.14%, 7, 0, 10, 62.90
1735383783, 227, 22, 39, 0, 0, 0.14%, 7, 0, 10, 53.48
1735383788, 228, 10, 39, 0, 0, 0.14%, 7, 0, 10, 60.72
1735383824, 228, 15, 39, 0, 0, 0.14%, 7, 0, 10, 63.06
1735383839, 228, 29, 39, 0, 0, 0.14%, 7, 0, 10, 65.71
1735383854, 229, 13, 39, 0, 0, 0.14%, 7, 0, 10, 56.84
1735383895, 229, 26, 39, 0, 0, 0.14%, 7, 0, 10, 60.49
1735383936, 229, 33, 39, 0, 0, 0.14%, 7, 0, 10, 60.39
1735383961, 232, 16, 39, 0, 0, 0.14%, 7, 0, 10, 64.82
1735384002, 233, 14, 39, 0, 0, 0.14%, 7, 0, 10, 57.65
1735384037, 233, 33, 39, 0, 0, 0.14%, 7, 0, 10, 58.89
1735384073, 234, 20, 39, 0, 0, 0.14%, 7, 0, 10, 59.81
1735384113, 235, 11, 39, 0, 0, 0.14%, 7, 0, 10, 58.79
1735384143, 235, 33, 39, 0, 0, 0.14%, 7, 0, 10, 70.98
1735384174, 236, 11, 39, 0, 0, 0.14%, 7, 0, 10, 60.10
1735384209, 236, 16, 39, 0, 0, 0.14%, 7, 0, 10, 61.52
1735384245, 237, 29, 39, 0, 0, 0.14%, 7, 0, 10, 67.85
1735384265, 238, 18, 39, 0, 0, 0.14%, 7, 0, 10, 69.30
1735384305, 241, 26, 39, 0, 0, 0.14%, 7, 0, 10, 54.40
1735384346, 242, 19, 39, 0, 0, 0.14%, 7, 0, 10, 58.65
1735384351, 243, 32, 39, 0, 0, 0.14%, 7, 0, 10, 68.67
1735384361, 245, 15, 39, 0, 0, 0.14%, 7, 0, 10, 66.25
1735384392, 246, 13, 39, 0, 0, 0.14%, 7, 0, 10, 59.18
1735384432, 246, 21, 39, 0, 0, 0.14%, 7, 0, 10, 59.16
1735384468, 246, 25, 39, 0, 0, 0.14%, 7, 0, 10, 65.58
1735384473, 248, 13, 39, 0, 0, 0.14%, 7, 0, 10, 61.58
1735384514, 249, 17, 39, 0, 0, 0.14%, 7, 0, 10, 58.42
1735384549, 249, 29, 39, 0, 0, 0.14%, 7, 0, 10, 65.33
1735384590, 250, 12, 39, 0, 0, 0.14%, 7, 0, 10, 80.71
1735384605, 250, 29, 39, 0, 0, 0.14%, 7, 0, 10, 63.38
1735384645, 252, 19, 39, 0, 0, 0.14%, 7, 0, 10, 59.29
1735384656, 252, 25, 39, 0, 0, 0.14%, 7, 0, 10, 68.14
1735384661, 252, 32, 39, 0, 0, 0.14%, 7, 0, 10, 67.77
1735384686, 254, 10, 39, 0, 0, 0.14%, 7, 0, 10, 64.04
1735384727, 254, 16, 39, 0, 0, 0.14%, 7, 0, 10, 61.98
1735384762, 255, 14, 39, 0, 0, 0.14%, 7, 0, 10, 61.79
1735384803, 255, 21, 39, 0, 0, 0.14%, 7, 0, 10, 58.71
1735384844, 255, 25, 39, 0, 0, 0.14%, 7, 0, 10, 90.73
1735384859, 257, 22, 39, 0, 0, 0.14%, 7, 0, 10, 58.85
1735384870, 257, 24, 39, 0, 0, 0.14%, 7, 0, 10, 71.41
1735384905, 260, 15, 39, 0, 0, 0.14%, 7, 0, 10, 62.94
1735384940, 261, 23, 39, 0, 0, 0.14%, 7, 0, 10, 70.21
