# unix_time, cycles_done, cur_path, paths_total, pending_total, pending_favs, map_size, unique_crashes, unique_hangs, max_depth, execs_per_sec
1733513709, 0, 0, 10, 10, 1, 0.01%, 0, 0, 1, 35.94
1733513715, 0, 2, 10, 10, 1, 0.01%, 0, 0, 1, 35.89
1733513730, 0, 10, 12, 5, 1, 0.14%, 2, 0, 3, 50.89
1733513735, 0, 10, 13, 6, 1, 0.14%, 3, 0, 3, 58.51
1733513755, 0, 12, 13, 4, 1, 0.14%, 3, 0, 3, 65.26
1733513776, 1, 12, 13, 1, 0, 0.14%, 3, 0, 3, 47.52
1733513781, 2, 12, 13, 1, 0, 0.14%, 3, 0, 3, 47.00
1733513816, 3, 11, 13, 1, 0, 0.14%, 3, 0, 3, 61.19
1733513837, 3, 12, 13, 1, 0, 0.14%, 3, 0, 3, 44.66
1733513857, 4, 11, 13, 1, 0, 0.14%, 3, 0, 3, 46.03
1733513867, 4, 12, 13, 1, 0, 0.14%, 3, 0, 3, 44.32
1733513897, 5, 11, 13, 1, 0, 0.14%, 3, 0, 3, 45.06
1733513928, 5, 12, 13, 1, 0, 0.14%, 3, 0, 3, 46.93
1733513969, 6, 11, 13, 0, 0, 0.14%, 3, 0, 3, 44.46
1733513974, 6, 11, 14, 1, 0, 0.14%, 4, 0, 4, 47.12
1733514035, 7, 11, 15, 1, 0, 0.14%, 4, 0, 4, 46.41
1733514096, 7, 14, 16, 2, 1, 0.14%, 4, 0, 5, 48.94
1733514101, 7, 14, 18, 4, 1, 0.14%, 4, 0, 5, 88.19
1733514202, 8, 12, 18, 3, 0, 0.14%, 4, 0, 5, 46.77
1733514243, 9, 12, 18, 2, 0, 0.14%, 4, 0, 5, 46.84
1733514288, 9, 13, 19, 3, 0, 0.14%, 5, 0, 5, 68.52
1733514304, 9, 13, 20, 4, 0, 0.14%, 5, 0, 5, 45.57
1733514375, 9, 18, 20, 4, 2, 0.14%, 5, 0, 5, 53.29
1733514390, 9, 18, 21, 5, 2, 0.14%, 5, 0, 6, 49.95
1733514506, 9, 19, 21, 4, 1, 0.14%, 5, 0, 6, 74.77
1733514567, 9, 19, 22, 5, 1, 0.14%, 5, 0, 6, 48.76
1733514583, 9, 21, 22, 4, 1, 0.14%, 5, 0, 6, 48.69
1733514659, 9, 21, 23, 5, 1, 0.14%, 5, 0, 7, 68.19
1733514715, 9, 21, 24, 6, 1, 0.14%, 5, 0, 7, 62.62
1733514730, 9, 23, 24, 5, 1, 0.14%, 5, 0, 7, 95.98
1733514827, 9, 23, 25, 6, 1, 0.14%, 5, 0, 8, 98.34
1733514838, 9, 23, 26, 7, 1, 0.14%, 5, 0, 8, 81.30
1733514853, 9, 23, 27, 8, 1, 0.14%, 5, 0, 8, 83.66
1733514858, 9, 23, 28, 9, 1, 0.14%, 5, 0, 8, 81.90
1733514873, 9, 23, 29, 10, 1, 0.14%, 6, 0, 8, 83.18
1733514903, 10, 11, 29, 8, 0, 0.14%, 6, 0, 8, 69.44
1733514909, 10, 12, 29, 8, 0, 0.14%, 6, 0, 8, 61.91
1733514944, 11, 12, 29, 8, 0, 0.14%, 6, 0, 8, 67.24
1733514979, 11, 24, 29, 8, 0, 0.14%, 6, 0, 8, 83.52
1733515138, 11, 24, 30, 9, 0, 0.14%, 6, 0, 9, 67.59
1733515153, 11, 29, 30, 8, 1, 0.14%, 6, 0, 9, 49.15
1733515168, 11, 29, 31, 9, 1, 0.14%, 7, 0, 10, 89.54
1733515750, 11, 30, 31, 8, 1, 0.14%, 7, 0, 10, 56.03
1733515755, 12, 11, 31, 7, 0, 0.14%, 7, 0, 10, 55.94
1733515760, 12, 12, 31, 7, 0, 0.14%, 7, 0, 10, 62.00
1733515765, 12, 12, 32, 8, 0, 0.14%, 7, 0, 10, 60.30
1733515775, 12, 12, 33, 9, 0, 0.14%, 7, 0, 10, 60.92
1733515800, 12, 12, 34, 10, 0, 0.14%, 7, 0, 10, 65.62
1733515811, 12, 12, 36, 12, 0, 0.14%, 7, 0, 10, 70.14
1733515816, 12, 35, 36, 11, 1, 0.14%, 7, 0, 10, 90.30
1733515872, 12, 35, 37, 12, 1, 0.14%, 7, 0, 10, 68.71
1733515877, 12, 35, 38, 13, 1, 0.14%, 7, 0, 10, 71.07
1733515933, 12, 37, 39, 13, 1, 0.14%, 7, 0, 10, 84.51
1733515999, 12, 37, 40, 14, 1, 0.14%, 7, 0, 10, 67.66
1733516014, 12, 39, 40, 13, 1, 0.14%, 7, 0, 10, 83.42
1733516132, 13, 31, 40, 10, 0, 0.14%, 7, 0, 10, 39.65
1733516142, 13, 32, 40, 9, 0, 0.14%, 7, 0, 10, 60.47
1733516694, 13, 36, 40, 8, 0, 0.14%, 7, 0, 10, 80.29
1733516816, 14, 11, 40, 7, 0, 0.14%, 7, 0, 10, 57.36
1733516831, 16, 33, 40, 4, 0, 0.14%, 7, 0, 10, 93.55
1733517066, 17, 28, 40, 3, 0, 0.14%, 7, 0, 10, 43.75
1733518058, 18, 11, 40, 2, 0, 0.14%, 7, 0, 10, 55.67
1733518088, 19, 30, 40, 0, 0, 0.14%, 7, 0, 10, 85.62
1733518348, 22, 30, 40, 0, 0, 0.14%, 7, 0, 10, 72.07
1733518353, 23, 30, 40, 0, 0, 0.14%, 7, 0, 10, 68.78
1733518374, 23, 33, 40, 0, 0, 0.14%, 7, 0, 10, 66.16
1733518379, 24, 12, 40, 0, 0, 0.14%, 7, 0, 10, 59.83
1733518415, 24, 30, 40, 0, 0, 0.14%, 7, 0, 10, 66.74
1733518450, 24, 33, 40, 0, 0, 0.14%, 7, 0, 10, 78.51
1733518460, 25, 22, 40, 0, 0, 0.14%, 7, 0, 10, 67.80
1733518465, 25, 30, 40, 0, 0, 0.14%, 7, 0, 10, 70.52
1733518501, 25, 33, 40, 0, 0, 0.14%, 7, 0, 10, 68.91
1733518537, 26, 22, 40, 0, 0, 0.14%, 7, 0, 10, 78.51
1733518711, 26, 30, 40, 0, 0, 0.14%, 7, 0, 10, 71.12
1733518746, 26, 33, 40, 0, 0, 0.14%, 7, 0, 10, 59.47
1733518787, 27, 30, 40, 0, 0, 0.14%, 7, 0, 10, 64.48
1733518822, 27, 33, 40, 0, 0, 0.14%, 7, 0, 10, 63.42
1733518858, 28, 12, 40, 0, 0, 0.14%, 7, 0, 10, 63.23
1733518899, 28, 22, 40, 0, 0, 0.14%, 7, 0, 10, 62.16
1733518909, 28, 33, 40, 0, 0, 0.14%, 7, 0, 10, 66.01
1733518945, 29, 22, 40, 0, 0, 0.14%, 7, 0, 10, 69.00
1733518975, 29, 33, 40, 0, 0, 0.14%, 7, 0, 10, 72.66
1733519011, 30, 22, 40, 0, 0, 0.14%, 7, 0, 10, 63.03
1733519046, 30, 33, 40, 0, 0, 0.14%, 7, 0, 10, 62.10
1733519082, 31, 11, 40, 0, 0, 0.14%, 7, 0, 10, 57.53
1733519112, 31, 13, 40, 0, 0, 0.14%, 7, 0, 10, 58.52
1733519117, 31, 22, 40, 0, 0, 0.14%, 7, 0, 10, 69.22
1733519148, 31, 33, 40, 0, 0, 0.14%, 7, 0, 10, 67.33
1733519184, 32, 13, 40, 0, 0, 0.14%, 7, 0, 10, 61.89
1733519194, 32, 22, 40, 0, 0, 0.14%, 7, 0, 10, 65.97
1733519229, 33, 22, 40, 0, 0, 0.14%, 7, 0, 10, 66.86
1733519260, 35, 25, 40, 0, 0, 0.14%, 7, 0, 10, 64.72
1733519315, 38, 11, 40, 0, 0, 0.14%, 7, 0, 10, 63.93
1733519356, 42, 19, 40, 0, 0, 0.14%, 7, 0, 10, 55.54
1733519361, 42, 35, 40, 0, 0, 0.14%, 7, 0, 10, 64.08
1733519391, 52, 12, 40, 0, 0, 0.14%, 7, 0, 10, 56.91
1733519427, 53, 18, 40, 0, 0, 0.14%, 7, 0, 10, 58.25
1733519432, 56, 11, 40, 0, 0, 0.14%, 7, 0, 10, 59.03
1733519467, 58, 13, 40, 0, 0, 0.14%, 7, 0, 10, 57.26
1733519487, 58, 35, 40, 0, 0, 0.14%, 7, 0, 10, 62.56
1733519502, 59, 31, 40, 0, 0, 0.14%, 7, 0, 10, 94.37
1733520631, 60, 18, 40, 0, 0, 0.14%, 7, 0, 10, 62.88
1733520641, 61, 19, 40, 0, 0, 0.14%, 7, 0, 10, 61.63
1733520651, 66, 18, 40, 0, 0, 0.14%, 7, 0, 10, 59.06
1733520666, 68, 19, 40, 0, 0, 0.14%, 7, 0, 10, 60.29
1733520687, 74, 27, 40, 0, 0, 0.14%, 7, 0, 10, 72.08
1733520717, 75, 37, 40, 0, 0, 0.14%, 7, 0, 10, 63.90
1733520722, 76, 27, 40, 0, 0, 0.14%, 7, 0, 10, 66.00
1733520727, 77, 11, 40, 0, 0, 0.14%, 7, 0, 10, 63.88
1733520763, 79, 37, 40, 0, 0, 0.14%, 7, 0, 10, 64.50
1733520783, 81, 12, 40, 0, 0, 0.14%, 7, 0, 10, 58.38
1733520819, 81, 20, 40, 0, 0, 0.14%, 7, 0, 10, 63.35
1733520849, 81, 35, 40, 0, 0, 0.14%, 7, 0, 10, 65.94
1733520865, 84, 13, 40, 0, 0, 0.14%, 7, 0, 10, 57.18
1733520900, 84, 37, 40, 0, 0, 0.14%, 7, 0, 10, 64.48
1733520931, 90, 13, 40, 0, 0, 0.14%, 7, 0, 10, 66.21
1733520971, 91, 26, 40, 0, 0, 0.14%, 7, 0, 10, 114.07
1733521180, 92, 37, 40, 0, 0, 0.14%, 7, 0, 10, 67.22
1733521216, 97, 31, 40, 0, 0, 0.14%, 7, 0, 10, 72.09
1733521221, 97, 35, 40, 0, 0, 0.14%, 7, 0, 10, 66.82
1733521257, 98, 12, 40, 0, 0, 0.14%, 7, 0, 10, 57.71
1733521292, 99, 35, 40, 0, 0, 0.14%, 7, 0, 10, 76.92
1733521333, 101, 27, 40, 0, 0, 0.14%, 7, 0, 10, 60.08
1733521348, 102, 13, 40, 0, 0, 0.14%, 7, 0, 10, 55.60
1733521384, 102, 18, 40, 0, 0, 0.14%, 7, 0, 10, 62.73
1733521414, 103, 31, 40, 0, 0, 0.14%, 7, 0, 10, 78.86
1733521434, 110, 19, 40, 0, 0, 0.14%, 7, 0, 10, 60.71
1733521459, 113, 37, 40, 0, 0, 0.14%, 7, 0, 10, 69.98
1733521495, 115, 37, 40, 0, 0, 0.14%, 7, 0, 10, 60.58
1733521530, 116, 13, 40, 0, 0, 0.14%, 7, 0, 10, 58.46
1733521571, 118, 35, 40, 0, 0, 0.14%, 7, 0, 10, 63.76
1733521606, 121, 19, 40, 0, 0, 0.14%, 7, 0, 10, 60.62
1733521647, 121, 25, 40, 0, 0, 0.14%, 7, 0, 10, 63.45
1733521652, 122, 13, 40, 0, 0, 0.14%, 7, 0, 10, 56.94
1733521693, 123, 13, 40, 0, 0, 0.14%, 7, 0, 10, 58.37
1733521728, 125, 25, 40, 0, 0, 0.14%, 7, 0, 10, 66.83
1733521749, 126, 36, 40, 0, 0, 0.14%, 7, 0, 10, 65.75
1733521754, 127, 19, 40, 0, 0, 0.14%, 7, 0, 10, 61.58
1733521794, 129, 38, 40, 0, 0, 0.14%, 7, 0, 10, 80.81
1733521835, 130, 19, 40, 0, 0, 0.14%, 7, 0, 10, 60.79
1733521871, 131, 25, 40, 0, 0, 0.14%, 7, 0, 10, 59.83
1733521911, 132, 38, 40, 0, 0, 0.14%, 7, 0, 10, 64.37
1733521916, 133, 19, 40, 0, 0, 0.14%, 7, 0, 10, 59.95
1733521957, 134, 38, 40, 0, 0, 0.14%, 7, 0, 10, 60.07
1733521972, 135, 34, 40, 0, 0, 0.14%, 7, 0, 10, 86.75
1733522023, 135, 37, 40, 0, 0, 0.14%, 7, 0, 10, 66.03
1733522058, 137, 23, 40, 0, 0, 0.14%, 7, 0, 10, 68.41
1733522063, 138, 34, 40, 0, 0, 0.14%, 7, 0, 10, 66.98
1733522084, 140, 25, 40, 0, 0, 0.14%, 7, 0, 10, 68.61
1733522120, 142, 31, 40, 0, 0, 0.14%, 7, 0, 10, 60.52
1733522150, 143, 31, 40, 0, 0, 0.14%, 7, 0, 10, 83.76
1733522181, 144, 18, 40, 0, 0, 0.14%, 7, 0, 10, 56.22
1733522221, 144, 31, 40, 0, 0, 0.14%, 7, 0, 10, 85.14
1733522252, 146, 31, 40, 0, 0, 0.14%, 7, 0, 10, 65.76
1733522288, 150, 35, 40, 0, 0, 0.14%, 7, 0, 10, 63.43
1733522323, 151, 18, 40, 0, 0, 0.14%, 7, 0, 10, 66.13
1733522363, 153, 35, 40, 0, 0, 0.14%, 7, 0, 10, 66.36
1733522399, 156, 16, 40, 0, 0, 0.14%, 7, 0, 10, 66.08
1733522434, 156, 25, 40, 0, 0, 0.14%, 7, 0, 10, 68.12
1733522470, 156, 31, 40, 0, 0, 0.14%, 7, 0, 10, 81.32
1733522501, 156, 38, 40, 0, 0, 0.14%, 7, 0, 10, 59.39
1733522526, 162, 31, 40, 0, 0, 0.14%, 7, 0, 10, 67.38
1733522561, 163, 16, 40, 0, 0, 0.14%, 7, 0, 10, 62.76
1733522566, 163, 18, 40, 0, 0, 0.14%, 7, 0, 10, 59.06
1733522597, 163, 25, 40, 0, 0, 0.14%, 7, 0, 10, 61.11
1733522632, 164, 25, 40, 0, 0, 0.14%, 7, 0, 10, 70.85
1733522673, 164, 39, 40, 0, 0, 0.14%, 7, 0, 10, 65.31
1733522678, 165, 35, 40, 0, 0, 0.14%, 7, 0, 10, 65.95
1733522714, 166, 18, 40, 0, 0, 0.14%, 7, 0, 10, 60.00
1733522754, 166, 35, 40, 0, 0, 0.14%, 7, 0, 10, 63.39
1733522790, 170, 17, 40, 0, 0, 0.14%, 7, 0, 10, 84.53
1733522810, 170, 27, 40, 0, 0, 0.14%, 7, 0, 10, 63.57
1733522840, 171, 25, 40, 0, 0, 0.14%, 7, 0, 10, 66.75
1733522876, 172, 19, 40, 0, 0, 0.14%, 7, 0, 10, 62.73
1733522916, 172, 27, 40, 0, 0, 0.14%, 7, 0, 10, 59.03
1733522957, 180, 27, 40, 0, 0, 0.14%, 7, 0, 10, 64.84
1733522992, 180, 38, 40, 0, 0, 0.14%, 7, 0, 10, 67.97
1733523027, 184, 36, 40, 0, 0, 0.14%, 7, 0, 10, 67.32
1733523042, 187, 19, 40, 0, 0, 0.14%, 7, 0, 10, 57.85
1733523083, 187, 27, 40, 0, 0, 0.14%, 7, 0, 10, 59.43
1733523124, 188, 39, 40, 0, 0, 0.14%, 7, 0, 10, 63.15
1733523139, 189, 18, 40, 0, 0, 0.14%, 7, 0, 10, 55.89
1733523175, 190, 37, 40, 0, 0, 0.14%, 7, 0, 10, 60.08
1733523210, 190, 39, 40, 0, 0, 0.14%, 7, 0, 10, 61.72
1733523246, 191, 17, 40, 0, 0, 0.14%, 7, 0, 10, 59.15
1733523256, 191, 27, 40, 0, 0, 0.14%, 7, 0, 10, 59.55
1733523296, 192, 35, 40, 0, 0, 0.14%, 7, 0, 10, 65.80
1733523332, 194, 14, 40, 0, 0, 0.14%, 7, 0, 10, 56.95
1733523337, 194, 20, 40, 0, 0, 0.14%, 7, 0, 10, 59.05
1733523342, 194, 23, 40, 0, 0, 0.14%, 7, 0, 10, 64.41
1733523352, 194, 31, 40, 0, 0, 0.14%, 7, 0, 10, 79.15
1733523383, 196, 38, 40, 0, 0, 0.14%, 7, 0, 10, 67.06
1733523424, 198, 19, 40, 0, 0, 0.14%, 7, 0, 10, 58.64
1733523459, 198, 39, 40, 0, 0, 0.14%, 7, 0, 10, 70.79
1733523495, 199, 20, 40, 0, 0, 0.14%, 7, 0, 10, 58.11
1733523505, 200, 21, 40, 0, 0, 0.14%, 7, 0, 10, 68.56
1733523510, 200, 25, 40, 0, 0, 0.14%, 7, 0, 10, 64.89
1733523545, 201, 16, 40, 0, 0, 0.14%, 7, 0, 10, 63.67
1733523556, 203, 18, 40, 0, 0, 0.14%, 7, 0, 10, 59.64
1733523591, 203, 27, 40, 0, 0, 0.14%, 7, 0, 10, 59.83
1733523632, 204, 16, 40, 0, 0, 0.14%, 7, 0, 10, 57.55
1733523647, 204, 34, 40, 0, 0, 0.14%, 7, 0, 10, 66.95
1733523677, 205, 10, 40, 0, 0, 0.14%, 7, 0, 10, 56.70
1733523682, 207, 20, 40, 0, 0, 0.14%, 7, 0, 10, 58.28
1733523703, 208, 28, 40, 0, 0, 0.14%, 7, 0, 10, 63.88
1733523708, 208, 38, 40, 0, 0, 0.14%, 7, 0, 10, 66.66
1733523744, 209, 23, 40, 0, 0, 0.14%, 7, 0, 10, 68.81
1733523764, 210, 10, 40, 0, 0, 0.14%, 7, 0, 10, 53.87
1733523774, 211, 35, 40, 0, 0, 0.14%, 7, 0, 10, 68.85
1733523810, 214, 21, 40, 0, 0, 0.14%, 7, 0, 10, 65.45
1733523820, 216, 35, 40, 0, 0, 0.14%, 7, 0, 10, 62.02
1733523855, 216, 38, 40, 0, 0, 0.14%, 7, 0, 10, 68.70
1733523896, 217, 17, 40, 0, 0, 0.14%, 7, 0, 10, 63.45
1733523911, 217, 35, 40, 0, 0, 0.14%, 7, 0, 10, 65.90
1733523946, 218, 20, 40, 0, 0, 0.14%, 7, 0, 10, 62.95
1733523987, 219, 16, 40, 0, 0, 0.14%, 7, 0, 10, 57.18
1733524027, 219, 35, 40, 0, 0, 0.14%, 7, 0, 10, 65.05
1733524037, 219, 36, 40, 0, 0, 0.14%, 7, 0, 10, 67.86
1733524063, 222, 17, 40, 0, 0, 0.14%, 7, 0, 10, 64.73
1733524103, 223, 20, 40, 0, 0, 0.14%, 7, 0, 10, 61.89
1733524138, 224, 24, 40, 0, 0, 0.14%, 7, 0, 10, 67.93
1733524149, 225, 13, 40, 0, 0, 0.14%, 7, 0, 10, 58.54
1733524184, 225, 16, 40, 0, 0, 0.14%, 7, 0, 10, 60.83
1733524225, 225, 25, 40, 0, 0, 0.14%, 7, 0, 10, 63.64
1733524260, 227, 20, 40, 0, 0, 0.14%, 7, 0, 10, 58.33
1733524301, 227, 34, 40, 0, 0, 0.14%, 7, 0, 10, 60.49
1733524331, 228, 19, 40, 0, 0, 0.14%, 7, 0, 10, 63.63
1733524372, 228, 31, 40, 0, 0, 0.14%, 7, 0, 10, 86.89
1733524407, 230, 26, 40, 0, 0, 0.14%, 7, 0, 10, 67.61
1733524412, 231, 17, 40, 0, 0, 0.14%, 7, 0, 10, 60.59
1733524448, 231, 24, 40, 0, 0, 0.14%, 7, 0, 10, 70.91
1733524468, 232, 14, 40, 0, 0, 0.14%, 7, 0, 10, 66.89
1733524478, 232, 36, 40, 0, 0, 0.14%, 7, 0, 10, 64.43
1733524514, 233, 24, 40, 0, 0, 0.14%, 7, 0, 10, 60.74
1733524549, 234, 13, 40, 0, 0, 0.14%, 7, 0, 10, 53.50
1733524590, 234, 19, 40, 0, 0, 0.14%, 7, 0, 10, 58.67
1733524631, 234, 23, 40, 0, 0, 0.14%, 7, 0, 10, 70.40
1733524661, 234, 26, 40, 0, 0, 0.14%, 7, 0, 10, 68.94
1733524682, 235, 27, 40, 0, 0, 0.14%, 7, 0, 10, 69.31
1733524722, 241, 17, 40, 0, 0, 0.14%, 7, 0, 10, 57.32
1733524757, 242, 14, 40, 0, 0, 0.14%, 7, 0, 10, 64.23
1733524788, 242, 16, 40, 0, 0, 0.14%, 7, 0, 10, 58.14
1733524829, 243, 36, 40, 0, 0, 0.14%, 7, 0, 10, 77.00
1733524859, 243, 39, 40, 0, 0, 0.14%, 7, 0, 10, 60.47
1733524900, 244, 15, 40, 0, 0, 0.14%, 7, 0, 10, 56.54
1733524936, 244, 26, 40, 0, 0, 0.14%, 7, 0, 10, 77.26
1733524966, 246, 24, 40, 0, 0, 0.14%, 7, 0, 10, 69.20
1733525002, 246, 38, 40, 0, 0, 0.14%, 7, 0, 10, 65.74
1733525042, 247, 24, 40, 0, 0, 0.14%, 7, 0, 10, 71.04
1733525078, 248, 10, 40, 0, 0, 0.14%, 7, 0, 10, 56.37
1733525083, 252, 14, 40, 0, 0, 0.14%, 7, 0, 10, 62.74
1733525118, 252, 27, 40, 0, 0, 0.14%, 7, 0, 10, 66.66
1733525154, 252, 36, 40, 0, 0, 0.14%, 7, 0, 10, 63.77
1733525189, 255, 28, 40, 0, 0, 0.14%, 7, 0, 10, 64.62
1733525210, 258, 39, 40, 0, 0, 0.14%, 7, 0, 10, 70.11
1733525245, 259, 10, 40, 0, 0, 0.14%, 7, 0, 10, 64.48
1733525266, 259, 21, 40, 0, 0, 0.14%, 7, 0, 10, 65.40
1733525291, 260, 14, 40, 0, 0, 0.14%, 7, 0, 10, 59.61
1733525321, 265, 27, 40, 0, 0, 0.14%, 7, 0, 10, 66.19
1733525362, 265, 37, 40, 0, 0, 0.14%, 7, 0, 10, 65.23
1733525397, 266, 37, 40, 0, 0, 0.14%, 7, 0, 10, 62.78
1733525433, 267, 14, 40, 0, 0, 0.14%, 7, 0, 10, 59.71
1733525463, 267, 28, 40, 0, 0, 0.14%, 7, 0, 10, 87.57
1733525494, 268, 31, 40, 0, 0, 0.14%, 7, 0, 10, 64.41
1733525529, 269, 15, 40, 0, 0, 0.14%, 7, 0, 10, 59.66
1733525534, 271, 35, 40, 0, 0, 0.14%, 7, 0, 10, 61.72
1733525550, 272, 15, 40, 0, 0, 0.14%, 7, 0, 10, 60.29
1733525560, 273, 10, 40, 0, 0, 0.14%, 7, 0, 10, 56.98
1733525600, 278, 37, 40, 0, 0, 0.14%, 7, 0, 10, 66.07
1733525636, 278, 39, 40, 0, 0, 0.14%, 7, 0, 10, 67.56
1733525666, 281, 38, 40, 0, 0, 0.14%, 7, 0, 10, 58.83
1733525707, 282, 17, 40, 0, 0, 0.14%, 7, 0, 10, 68.44
1733525742, 282, 38, 40, 0, 0, 0.14%, 7, 0, 10, 63.15
1733525778, 283, 10, 40, 0, 0, 0.14%, 7, 0, 10, 60.49
1733525814, 283, 21, 40, 0, 0, 0.14%, 7, 0, 10, 61.41
1733525855, 284, 29, 40, 0, 0, 0.14%, 7, 0, 10, 61.87
1733525860, 285, 23, 40, 0, 0, 0.14%, 7, 0, 10, 71.69
1733525895, 285, 35, 40, 0, 0, 0.14%, 7, 0, 10, 68.29
1733525905, 286, 34, 40, 0, 0, 0.14%, 7, 0, 10, 62.66
1733525941, 288, 39, 40, 0, 0, 0.14%, 7, 0, 10, 69.91
1733525976, 291, 32, 40, 0, 0, 0.14%, 7, 0, 10, 68.33
1733525986, 292, 39, 40, 0, 0, 0.14%, 7, 0, 10, 62.84
1733526022, 293, 23, 40, 0, 0, 0.14%, 7, 0, 10, 60.68
1733526057, 296, 15, 40, 0, 0, 0.14%, 7, 0, 10, 55.68
1733526077, 300, 26, 40, 0, 0, 0.14%, 7, 0, 10, 69.97
1733526113, 301, 38, 40, 0, 0, 0.14%, 7, 0, 10, 69.55
1733526148, 302, 20, 40, 0, 0, 0.14%, 7, 0, 10, 63.06
1733526184, 302, 29, 40, 0, 0, 0.14%, 7, 0, 10, 71.96
1733526199, 308, 17, 40, 0, 0, 0.14%, 7, 0, 10, 60.83
1733526229, 309, 32, 40, 0, 0, 0.14%, 7, 0, 10, 64.03
1733526245, 310, 29, 40, 0, 0, 0.14%, 7, 0, 10, 64.50
1733526275, 313, 37, 40, 0, 0, 0.14%, 7, 0, 10, 62.49
1733526311, 320, 34, 40, 0, 0, 0.14%, 7, 0, 10, 66.34
1733526346, 321, 36, 40, 0, 0, 0.14%, 7, 0, 10, 68.71
1733526382, 322, 34, 40, 0, 0, 0.14%, 7, 0, 10, 67.44
1733526417, 328, 16, 40, 0, 0, 0.14%, 7, 0, 10, 61.57
1733526453, 328, 28, 40, 0, 0, 0.14%, 7, 0, 10, 69.39
1733526488, 330, 15, 40, 0, 0, 0.14%, 7, 0, 10, 62.13
1733526524, 330, 34, 40, 0, 0, 0.14%, 7, 0, 10, 64.67
1733526559, 331, 23, 40, 0, 0, 0.14%, 7, 0, 10, 59.94
1733526600, 332, 35, 40, 0, 0, 0.14%, 7, 0, 10, 59.51
1733526605, 333, 29, 40, 0, 0, 0.14%, 7, 0, 10, 72.14
1733526636, 336, 29, 40, 0, 0, 0.14%, 7, 0, 10, 74.16
1733526671, 339, 28, 40, 0, 0, 0.14%, 7, 0, 10, 58.51
1733526707, 343, 15, 40, 0, 0, 0.14%, 7, 0, 10, 59.62
1733526743, 347, 37, 40, 0, 0, 0.14%, 7, 0, 10, 63.59
1733526778, 350, 34, 40, 0, 0, 0.14%, 7, 0, 10, 66.30
1733526814, 353, 36, 40, 0, 0, 0.14%, 7, 0, 10, 69.50
1733526849, 357, 37, 40, 0, 0, 0.14%, 7, 0, 10, 61.18
1733526859, 363, 15, 40, 0, 0, 0.14%, 7, 0, 10, 63.78
1733526905, 363, 35, 40, 0, 0, 0.14%, 7, 0, 10, 60.41
1733526910, 372, 23, 40, 0, 0, 0.14%, 7, 0, 10, 72.14
1733526941, 376, 35, 40, 0, 0, 0.14%, 7, 0, 10, 74.06
1733526951, 376, 36, 40, 0, 0, 0.14%, 7, 0, 10, 72.22
1733526987, 377, 29, 40, 0, 0, 0.14%, 7, 0, 10, 69.67
1733527022, 382, 26, 40, 0, 0, 0.14%, 7, 0, 10, 74.92
1733527053, 383, 36, 40, 0, 0, 0.14%, 7, 0, 10, 71.00
1733527088, 384, 26, 40, 0, 0, 0.14%, 7, 0, 10, 71.26
1733527124, 389, 32, 40, 0, 0, 0.14%, 7, 0, 10, 67.74
1733527149, 395, 37, 40, 0, 0, 0.14%, 7, 0, 10, 66.45
1733527159, 400, 26, 40, 0, 0, 0.14%, 7, 0, 10, 70.99
1733527195, 404, 32, 40, 0, 0, 0.14%, 7, 0, 10, 66.55
1733527231, 410, 37, 40, 0, 0, 0.14%, 7, 0, 10, 68.73
1733527236, 414, 32, 40, 0, 0, 0.14%, 7, 0, 10, 64.62
1733527276, 418, 37, 40, 0, 0, 0.14%, 7, 0, 10, 61.70
1733527281, 419, 35, 40, 0, 0, 0.14%, 7, 0, 10, 64.76
1733527286, 426, 35, 40, 0, 0, 0.14%, 7, 0, 10, 65.10
1733527296, 440, 35, 40, 0, 0, 0.14%, 7, 0, 10, 63.27
1733527301, 454, 35, 40, 0, 0, 0.14%, 7, 0, 10, 63.41
1733527307, 458, 32, 40, 0, 0, 0.14%, 7, 0, 10, 65.47
1733527347, 459, 35, 40, 0, 0, 0.14%, 7, 0, 10, 61.73
1733527352, 461, 37, 40, 0, 0, 0.14%, 7, 0, 10, 63.14
1733527357, 465, 35, 40, 0, 0, 0.14%, 7, 0, 10, 60.48
1733527367, 468, 37, 40, 0, 0, 0.14%, 7, 0, 10, 66.34
1733527372, 475, 35, 40, 0, 0, 0.14%, 7, 0, 10, 68.49
1733527377, 487, 35, 40, 0, 0, 0.14%, 7, 0, 10, 62.40
1733527388, 500, 37, 40, 0, 0, 0.14%, 7, 0, 10, 65.16
1733527393, 512, 37, 40, 0, 0, 0.14%, 7, 0, 10, 65.49
1733527398, 517, 37, 40, 0, 0, 0.14%, 7, 0, 10, 61.15
1733527408, 533, 35, 40, 0, 0, 0.14%, 7, 0, 10, 62.94
1733527413, 535, 35, 40, 0, 0, 0.14%, 7, 0, 10, 65.96
1733527423, 536, 35, 40, 0, 0, 0.14%, 7, 0, 10, 64.62
1733527428, 536, 37, 40, 0, 0, 0.14%, 7, 0, 10, 63.75
1733527433, 544, 35, 40, 0, 0, 0.14%, 7, 0, 10, 60.95
1733527443, 547, 35, 40, 0, 0, 0.14%, 7, 0, 10, 62.24
1733527448, 550, 37, 40, 0, 0, 0.14%, 7, 0, 10, 62.12
1733527453, 557, 37, 40, 0, 0, 0.14%, 7, 0, 10, 62.30
1733527463, 559, 37, 40, 0, 0, 0.14%, 7, 0, 10, 65.30
1733527468, 573, 35, 40, 0, 0, 0.14%, 7, 0, 10, 67.01
1733527474, 574, 37, 40, 0, 0, 0.14%, 7, 0, 10, 66.29
1733527484, 576, 37, 40, 0, 0, 0.14%, 7, 0, 10, 65.77
1733527489, 578, 37, 40, 0, 0, 0.14%, 7, 0, 10, 60.99
1733527494, 579, 35, 40, 0, 0, 0.14%, 7, 0, 10, 60.35
1733527504, 584, 35, 40, 0, 0, 0.14%, 7, 0, 10, 65.51
1733527509, 610, 35, 40, 0, 0, 0.14%, 7, 0, 10, 67.84
1733527514, 620, 37, 40, 0, 0, 0.14%, 7, 0, 10, 62.60
1733527525, 646, 37, 40, 0, 0, 0.14%, 7, 0, 10, 65.42
1733527530, 652, 35, 40, 0, 0, 0.14%, 7, 0, 10, 62.37
1733527540, 674, 37, 40, 0, 0, 0.14%, 7, 0, 10, 57.37
1733527545, 680, 35, 40, 0, 0, 0.14%, 7, 0, 10, 64.16
1733527550, 682, 35, 40, 0, 0, 0.14%, 7, 0, 10, 64.58
1733527560, 699, 35, 40, 0, 0, 0.14%, 7, 0, 10, 67.35
1733527565, 703, 35, 40, 0, 0, 0.14%, 7, 0, 10, 61.99
1733527570, 709, 37, 40, 0, 0, 0.14%, 7, 0, 10, 64.51
1733527580, 710, 35, 40, 0, 0, 0.14%, 7, 0, 10, 60.57
1733527585, 713, 35, 40, 0, 0, 0.14%, 7, 0, 10, 67.93
1733527590, 717, 37, 40, 0, 0, 0.14%, 7, 0, 10, 64.02
1733527601, 718, 35, 40, 0, 0, 0.14%, 7, 0, 10, 62.64
1733527606, 719, 35, 40, 0, 0, 0.14%, 7, 0, 10, 62.60
1733527611, 746, 35, 40, 0, 0, 0.14%, 7, 0, 10, 62.62
1733527621, 748, 37, 40, 0, 0, 0.14%, 7, 0, 10, 63.54
1733527626, 760, 37, 40, 0, 0, 0.14%, 7, 0, 10, 64.47
1733527631, 791, 37, 40, 0, 0, 0.14%, 7, 0, 10, 63.42
1733527641, 797, 37, 40, 0, 0, 0.14%, 7, 0, 10, 66.09
1733527646, 825, 37, 40, 0, 0, 0.14%, 7, 0, 10, 64.86
1733527651, 841, 35, 40, 0, 0, 0.14%, 7, 0, 10, 60.09
1733527661, 844, 37, 40, 0, 0, 0.14%, 7, 0, 10, 64.99
1733527666, 854, 35, 40, 0, 0, 0.14%, 7, 0, 10, 67.88
1733527671, 877, 37, 40, 0, 0, 0.14%, 7, 0, 10, 66.63
1733527681, 902, 37, 40, 0, 0, 0.14%, 7, 0, 10, 62.24
1733527686, 931, 37, 40, 0, 0, 0.14%, 7, 0, 10, 61.45
1733527692, 938, 37, 40, 0, 0, 0.14%, 7, 0, 10, 58.08
1733527702, 944, 37, 40, 0, 0, 0.14%, 7, 0, 10, 62.83
1733527707, 956, 37, 40, 0, 0, 0.14%, 7, 0, 10, 60.77
1733527717, 960, 35, 40, 0, 0, 0.14%, 7, 0, 10, 62.77
1733527722, 973, 37, 40, 0, 0, 0.14%, 7, 0, 10, 62.37
1733527727, 979, 35, 40, 0, 0, 0.14%, 7, 0, 10, 64.41
1733527737, 985, 35, 40, 0, 0, 0.14%, 7, 0, 10, 67.73
1733527742, 994, 35, 40, 0, 0, 0.14%, 7, 0, 10, 67.14
1733527747, 1004, 37, 40, 0, 0, 0.14%, 7, 0, 10, 64.03
1733527752, 1009, 35, 40, 0, 0, 0.14%, 7, 0, 10, 66.19
1733527763, 1016, 35, 40, 0, 0, 0.14%, 7, 0, 10, 63.59
1733527768, 1023, 35, 40, 0, 0, 0.14%, 7, 0, 10, 62.94
1733527778, 1027, 35, 40, 0, 0, 0.14%, 7, 0, 10, 62.94
1733527783, 1055, 35, 40, 0, 0, 0.14%, 7, 0, 10, 65.38
1733527788, 1059, 37, 40, 0, 0, 0.14%, 7, 0, 10, 63.88
1733527793, 1067, 35, 40, 0, 0, 0.14%, 7, 0, 10, 66.66
1733527803, 1078, 35, 40, 0, 0, 0.14%, 7, 0, 10, 69.72
1733527809, 1082, 35, 40, 0, 0, 0.14%, 7, 0, 10, 67.18
1733527814, 1121, 35, 40, 0, 0, 0.14%, 7, 0, 10, 61.68
1733527824, 1125, 37, 40, 0, 0, 0.14%, 7, 0, 10, 63.19
1733527829, 1127, 37, 40, 0, 0, 0.14%, 7, 0, 10, 61.99
1733527834, 1133, 35, 40, 0, 0, 0.14%, 7, 0, 10, 63.41
1733527844, 1140, 37, 40, 0, 0, 0.14%, 7, 0, 10, 58.88
1733527849, 1143, 35, 40, 0, 0, 0.14%, 7, 0, 10, 63.80
1733527859, 1145, 35, 40, 0, 0, 0.14%, 7, 0, 10, 63.47
1733527864, 1151, 37, 40, 0, 0, 0.14%, 7, 0, 10, 64.45
1733527869, 1153, 37, 40, 0, 0, 0.14%, 7, 0, 10, 60.40
1733527879, 1154, 35, 40, 0, 0, 0.14%, 7, 0, 10, 65.80
1733527884, 1155, 37, 40, 0, 0, 0.14%, 7, 0, 10, 63.11
1733527889, 1170, 37, 40, 0, 0, 0.14%, 7, 0, 10, 68.46
1733527900, 1184, 37, 40, 0, 0, 0.14%, 7, 0, 10, 61.86
1733527905, 1192, 35, 40, 0, 0, 0.14%, 7, 0, 10, 65.21
1733527910, 1216, 37, 40, 0, 0, 0.14%, 7, 0, 10, 63.81
1733527920, 1217, 35, 40, 0, 0, 0.14%, 7, 0, 10, 67.41
1733527925, 1225, 35, 40, 0, 0, 0.14%, 7, 0, 10, 68.22
1733527930, 1235, 35, 40, 0, 0, 0.14%, 7, 0, 10, 66.36
1733527940, 1236, 35, 40, 0, 0, 0.14%, 7, 0, 10, 63.31
1733527945, 1253, 35, 40, 0, 0, 0.14%, 7, 0, 10, 63.55
1733527950, 1268, 37, 40, 0, 0, 0.14%, 7, 0, 10, 63.56
1733527960, 1269, 37, 40, 0, 0, 0.14%, 7, 0, 10, 63.64
1733527965, 1278, 35, 40, 0, 0, 0.14%, 7, 0, 10, 62.95
1733527975, 1287, 37, 40, 0, 0, 0.14%, 7, 0, 10, 62.13
1733527981, 1313, 37, 40, 0, 0, 0.14%, 7, 0, 10, 65.08
1733527986, 1337, 37, 40, 0, 0, 0.14%, 7, 0, 10, 62.32
1733527996, 1354, 37, 40, 0, 0, 0.14%, 7, 0, 10, 62.69
1733528001, 1361, 37, 40, 0, 0, 0.14%, 7, 0, 10, 65.53
1733528006, 1365, 35, 40, 0, 0, 0.14%, 7, 0, 10, 67.11
1733528016, 1383, 37, 40, 0, 0, 0.14%, 7, 0, 10, 66.88
1733528021, 1387, 37, 40, 0, 0, 0.14%, 7, 0, 10, 61.00
1733528026, 1401, 35, 40, 0, 0, 0.14%, 7, 0, 10, 60.53
1733528036, 1411, 37, 40, 0, 0, 0.14%, 7, 0, 10, 61.58
1733528041, 1415, 35, 40, 0, 0, 0.14%, 7, 0, 10, 61.11
1733528052, 1420, 35, 40, 0, 0, 0.14%, 7, 0, 10, 59.22
1733528057, 1421, 37, 40, 0, 0, 0.14%, 7, 0, 10, 63.74
1733528062, 1431, 37, 40, 0, 0, 0.14%, 7, 0, 10, 61.21
1733528072, 1435, 37, 40, 0, 0, 0.14%, 7, 0, 10, 59.92
1733528077, 1441, 37, 40, 0, 0, 0.14%, 7, 0, 10, 59.33
1733528087, 1468, 35, 40, 0, 0, 0.14%, 7, 0, 10, 60.95
1733528092, 1472, 37, 40, 0, 0, 0.14%, 7, 0, 10, 66.32
1733528097, 1479, 37, 40, 0, 0, 0.14%, 7, 0, 10, 66.62
1733528102, 1493, 37, 40, 0, 0, 0.14%, 7, 0, 10, 67.53
1733528113, 1496, 37, 40, 0, 0, 0.14%, 7, 0, 10, 62.63
1733528118, 1505, 35, 40, 0, 0, 0.14%, 7, 0, 10, 63.28
1733528123, 1527, 0, 40, 0, 0, 0.14%, 7, 0, 10, 66.07
1733528128, 1527, 35, 40, 0, 0, 0.14%, 7, 0, 10, 67.42
1733528133, 1531, 35, 40, 0, 0, 0.14%, 7, 0, 10, 63.10
1733528138, 1533, 35, 40, 0, 0, 0.14%, 7, 0, 10, 69.39
1733528143, 1533, 37, 40, 0, 0, 0.14%, 7, 0, 10, 63.62
1733528153, 1545, 35, 40, 0, 0, 0.14%, 7, 0, 10, 61.26
1733528158, 1547, 37, 40, 0, 0, 0.14%, 7, 0, 10, 62.52
1733528163, 1559, 35, 40, 0, 0, 0.14%, 7, 0, 10, 62.99
1733528174, 1560, 37, 40, 0, 0, 0.14%, 7, 0, 10, 60.90
1733528179, 1569, 35, 40, 0, 0, 0.14%, 7, 0, 10, 64.05
1733528189, 1575, 35, 40, 0, 0, 0.14%, 7, 0, 10, 64.55
1733528194, 1583, 37, 40, 0, 0, 0.14%, 7, 0, 10, 59.10
1733528199, 1595, 35, 40, 0, 0, 0.14%, 7, 0, 10, 61.38
1733528209, 1603, 37, 40, 0, 0, 0.14%, 7, 0, 10, 61.19
1733528214, 1613, 37, 40, 0, 0, 0.14%, 7, 0, 10, 60.90
1733528219, 1630, 37, 40, 0, 0, 0.14%, 7, 0, 10, 65.00
1733528229, 1638, 37, 40, 0, 0, 0.14%, 7, 0, 10, 60.09
1733528234, 1651, 35, 40, 0, 0, 0.14%, 7, 0, 10, 62.32
1733528239, 1669, 35, 40, 0, 0, 0.14%, 7, 0, 10, 64.93
1733528250, 1670, 37, 40, 0, 0, 0.14%, 7, 0, 10, 66.93
1733528255, 1690, 37, 40, 0, 0, 0.14%, 7, 0, 10, 65.26
1733528260, 1700, 35, 40, 0, 0, 0.14%, 7, 0, 10, 61.01
1733528270, 1721, 37, 40, 0, 0, 0.14%, 7, 0, 10, 61.57
1733528275, 1730, 37, 40, 0, 0, 0.14%, 7, 0, 10, 63.45
1733528280, 1758, 35, 40, 0, 0, 0.14%, 7, 0, 10, 66.72
1733528290, 1773, 35, 40, 0, 0, 0.14%, 7, 0, 10, 59.83
1733528296, 1778, 35, 40, 0, 0, 0.14%, 7, 0, 10, 68.52
1733528301, 1782, 37, 40, 0, 0, 0.14%, 7, 0, 10, 67.48
1733528311, 1808, 35, 40, 0, 0, 0.14%, 7, 0, 10, 62.47
1733528316, 1819, 35, 40, 0, 0, 0.14%, 7, 0, 10, 60.61
1733528326, 1833, 37, 40, 0, 0, 0.14%, 7, 0, 10, 61.60
1733528331, 1843, 35, 40, 0, 0, 0.14%, 7, 0, 10, 67.67
1733528336, 1849, 37, 40, 0, 0, 0.14%, 7, 0, 10, 64.07
1733528346, 1857, 35, 40, 0, 0, 0.14%, 7, 0, 10, 64.50
1733528351, 1863, 37, 40, 0, 0, 0.14%, 7, 0, 10, 69.12
1733528357, 1869, 35, 40, 0, 0, 0.14%, 7, 0, 10, 63.91
1733528367, 1881, 37, 40, 0, 0, 0.14%, 7, 0, 10, 67.38
1733528372, 1889, 37, 40, 0, 0, 0.14%, 7, 0, 10, 66.43
1733528377, 1891, 37, 40, 0, 0, 0.14%, 7, 0, 10, 64.41
1733528387, 1898, 35, 40, 0, 0, 0.14%, 7, 0, 10, 66.05
1733528392, 1901, 35, 40, 0, 0, 0.14%, 7, 0, 10, 69.90
1733528397, 1911, 37, 40, 0, 0, 0.14%, 7, 0, 10, 70.57
1733528402, 1929, 37, 40, 0, 0, 0.14%, 7, 0, 10, 64.90
1733528412, 1947, 37, 40, 0, 0, 0.14%, 7, 0, 10, 61.64
1733528418, 1948, 35, 40, 0, 0, 0.14%, 7, 0, 10, 69.22
1733528423, 1993, 35, 40, 0, 0, 0.14%, 7, 0, 10, 64.55
1733528433, 2010, 35, 40, 0, 0, 0.14%, 7, 0, 10, 65.19
1733528438, 2046, 37, 40, 0, 0, 0.14%, 7, 0, 10, 65.46
1733528443, 2055, 35, 40, 0, 0, 0.14%, 7, 0, 10, 62.55
1733528453, 2063, 37, 40, 0, 0, 0.14%, 7, 0, 10, 64.61
1733528458, 2082, 35, 40, 0, 0, 0.14%, 7, 0, 10, 60.78
1733528468, 2096, 37, 40, 0, 0, 0.14%, 7, 0, 10, 70.33
1733528473, 2113, 35, 40, 0, 0, 0.14%, 7, 0, 10, 65.75
1733528478, 2145, 35, 40, 0, 0, 0.14%, 7, 0, 10, 67.80
1733528488, 2238, 35, 40, 0, 0, 0.14%, 7, 0, 10, 65.14
1733528493, 2241, 35, 40, 0, 0, 0.14%, 7, 0, 10, 66.02
1733528499, 2267, 35, 40, 0, 0, 0.14%, 7, 0, 10, 64.24
1733528509, 2282, 35, 40, 0, 0, 0.14%, 7, 0, 10, 64.49
1733528514, 2340, 35, 40, 0, 0, 0.14%, 7, 0, 10, 67.24
1733528519, 2355, 35, 40, 0, 0, 0.14%, 7, 0, 10, 66.37
1733528524, 2383, 35, 40, 0, 0, 0.14%, 7, 0, 10, 68.41
1733528534, 2390, 35, 40, 0, 0, 0.14%, 7, 0, 10, 61.90
1733528539, 2407, 35, 40, 0, 0, 0.14%, 7, 0, 10, 66.89
1733528544, 2420, 35, 40, 0, 0, 0.14%, 7, 0, 10, 69.65
1733528554, 2424, 35, 40, 0, 0, 0.14%, 7, 0, 10, 66.57
1733528559, 2436, 35, 40, 0, 0, 0.14%, 7, 0, 10, 65.18
1733528564, 2460, 35, 40, 0, 0, 0.14%, 7, 0, 10, 67.24
1733528575, 12061, 0, 40, 0, 0, 0.14%, 7, 0, 10, 0.00
1733528580, 24956, 0, 40, 0, 0, 0.14%, 7, 0, 10, 0.00
1733528585, 37806, 0, 40, 0, 0, 0.14%, 7, 0, 10, 0.00
1733528590, 50664, 0, 40, 0, 0, 0.14%, 7, 0, 10, 0.00
1733528595, 63548, 0, 40, 0, 0, 0.14%, 7, 0, 10, 0.00
1733528601, 76405, 0, 40, 0, 0, 0.14%, 7, 0, 10, 0.00
1733528606, 89304, 0, 40, 0, 0, 0.14%, 7, 0, 10, 0.00
1733528611, 102231, 0, 40, 0, 0, 0.14%, 7, 0, 10, 0.00
1733528616, 115091, 0, 40, 0, 0, 0.14%, 7, 0, 10, 0.00
1733528621, 127953, 0, 40, 0, 0, 0.14%, 7, 0, 10, 0.00
1733528627, 140765, 0, 40, 0, 0, 0.14%, 7, 0, 10, 0.00
1733528632, 153635, 0, 40, 0, 0, 0.14%, 7, 0, 10, 0.00
1733528637, 166527, 0, 40, 0, 0, 0.14%, 7, 0, 10, 0.00
1733528642, 179422, 0, 40, 0, 0, 0.14%, 7, 0, 10, 0.00
1733528647, 192298, 0, 40, 0, 0, 0.14%, 7, 0, 10, 0.00
1733528653, 205140, 0, 40, 0, 0, 0.14%, 7, 0, 10, 0.00
1733528658, 218048, 0, 40, 0, 0, 0.14%, 7, 0, 10, 0.00
1733528663, 230949, 0, 40, 0, 0, 0.14%, 7, 0, 10, 0.00
1733528668, 243856, 0, 40, 0, 0, 0.14%, 7, 0, 10, 0.00
1733528673, 256700, 0, 40, 0, 0, 0.14%, 7, 0, 10, 0.00
1733528679, 269544, 0, 40, 0, 0, 0.14%, 7, 0, 10, 0.00
1733528684, 282407, 0, 40, 0, 0, 0.14%, 7, 0, 10, 0.00
1733528689, 295321, 0, 40, 0, 0, 0.14%, 7, 0, 10, 0.00
1733528694, 308216, 0, 40, 0, 0, 0.14%, 7, 0, 10, 0.00
1733528699, 321094, 0, 40, 0, 0, 0.14%, 7, 0, 10, 0.00
1733528705, 334006, 0, 40, 0, 0, 0.14%, 7, 0, 10, 0.00
1733528710, 346851, 0, 40, 0, 0, 0.14%, 7, 0, 10, 0.00
1733528715, 359721, 0, 40, 0, 0, 0.14%, 7, 0, 10, 0.00
1733528720, 372568, 0, 40, 0, 0, 0.14%, 7, 0, 10, 0.00
1733528725, 385419, 0, 40, 0, 0, 0.14%, 7, 0, 10, 0.00
1733528731, 398346, 0, 40, 0, 0, 0.14%, 7, 0, 10, 0.00
1733528736, 411274, 0, 40, 0, 0, 0.14%, 7, 0, 10, 0.00
1733528741, 424223, 0, 40, 0, 0, 0.14%, 7, 0, 10, 0.00
1733528746, 437213, 0, 40, 0, 0, 0.14%, 7, 0, 10, 0.00
1733528751, 450120, 0, 40, 0, 0, 0.14%, 7, 0, 10, 0.00
1733528757, 463017, 0, 40, 0, 0, 0.14%, 7, 0, 10, 0.00
1733528762, 475915, 0, 40, 0, 0, 0.14%, 7, 0, 10, 0.00
1733528767, 488814, 0, 40, 0, 0, 0.14%, 7, 0, 10, 0.00
1733528772, 501709, 0, 40, 0, 0, 0.14%, 7, 0, 10, 0.00
1733528777, 514593, 0, 40, 0, 0, 0.14%, 7, 0, 10, 0.00
1733528783, 527503, 0, 40, 0, 0, 0.14%, 7, 0, 10, 0.00
1733528788, 540362, 0, 40, 0, 0, 0.14%, 7, 0, 10, 0.00
1733528793, 553238, 0, 40, 0, 0, 0.14%, 7, 0, 10, 0.00
1733528798, 566122, 0, 40, 0, 0, 0.14%, 7, 0, 10, 0.00
1733528803, 579066, 0, 40, 0, 0, 0.14%, 7, 0, 10, 0.00
1733528809, 591925, 0, 40, 0, 0, 0.14%, 7, 0, 10, 0.00
1733528814, 604764, 0, 40, 0, 0, 0.14%, 7, 0, 10, 0.00
1733528819, 617601, 0, 40, 0, 0, 0.14%, 7, 0, 10, 0.00
1733528824, 630513, 0, 40, 0, 0, 0.14%, 7, 0, 10, 0.00
1733528829, 643364, 0, 40, 0, 0, 0.14%, 7, 0, 10, 0.00
1733528835, 656235, 0, 40, 0, 0, 0.14%, 7, 0, 10, 0.00
1733528840, 669099, 0, 40, 0, 0, 0.14%, 7, 0, 10, 0.00
1733528845, 681943, 0, 40, 0, 0, 0.14%, 7, 0, 10, 0.00
1733528850, 694839, 0, 40, 0, 0, 0.14%, 7, 0, 10, 0.00
1733528855, 707734, 0, 40, 0, 0, 0.14%, 7, 0, 10, 0.00
1733528861, 720583, 0, 40, 0, 0, 0.14%, 7, 0, 10, 0.00
1733528866, 733451, 0, 40, 0, 0, 0.14%, 7, 0, 10, 0.00
1733528871, 746343, 0, 40, 0, 0, 0.14%, 7, 0, 10, 0.00
1733528876, 759232, 0, 40, 0, 0, 0.14%, 7, 0, 10, 0.00
1733528881, 772110, 0, 40, 0, 0, 0.14%, 7, 0, 10, 0.00
1733528887, 785007, 0, 40, 0, 0, 0.14%, 7, 0, 10, 0.00
1733528892, 797889, 0, 40, 0, 0, 0.14%, 7, 0, 10, 0.00
1733528897, 810798, 0, 40, 0, 0, 0.14%, 7, 0, 10, 0.00
1733528902, 823703, 0, 40, 0, 0, 0.14%, 7, 0, 10, 0.00
1733528907, 836615, 0, 40, 0, 0, 0.14%, 7, 0, 10, 0.00
1733528913, 849487, 0, 40, 0, 0, 0.14%, 7, 0, 10, 0.00
1733528918, 862382, 0, 40, 0, 0, 0.14%, 7, 0, 10, 0.00
1733528923, 875287, 0, 40, 0, 0, 0.14%, 7, 0, 10, 0.00
1733528928, 888148, 0, 40, 0, 0, 0.14%, 7, 0, 10, 0.00
1733528933, 900995, 0, 40, 0, 0, 0.14%, 7, 0, 10, 0.00
1733528939, 913865, 0, 40, 0, 0, 0.14%, 7, 0, 10, 0.00
1733528944, 926716, 0, 40, 0, 0, 0.14%, 7, 0, 10, 0.00
1733528949, 939601, 0, 40, 0, 0, 0.14%, 7, 0, 10, 0.00
1733528954, 952512, 0, 40, 0, 0, 0.14%, 7, 0, 10, 0.00
1733528959, 965425, 0, 40, 0, 0, 0.14%, 7, 0, 10, 0.00
1733528965, 978306, 0, 40, 0, 0, 0.14%, 7, 0, 10, 0.00
1733528970, 991169, 0, 40, 0, 0, 0.14%, 7, 0, 10, 0.00
1733528975, 1004025, 0, 40, 0, 0, 0.14%, 7, 0, 10, 0.00
1733528980, 1016959, 0, 40, 0, 0, 0.14%, 7, 0, 10, 0.00
1733528985, 1029867, 0, 40, 0, 0, 0.14%, 7, 0, 10, 0.00
1733528991, 1042751, 0, 40, 0, 0, 0.14%, 7, 0, 10, 0.00
1733528996, 1055605, 0, 40, 0, 0, 0.14%, 7, 0, 10, 0.00
1733529001, 1068462, 0, 40, 0, 0, 0.14%, 7, 0, 10, 0.00
1733529006, 1081342, 0, 40, 0, 0, 0.14%, 7, 0, 10, 0.00
1733529011, 1094181, 0, 40, 0, 0, 0.14%, 7, 0, 10, 0.00
1733529017, 1107062, 0, 40, 0, 0, 0.14%, 7, 0, 10, 0.00
1733529022, 1119899, 0, 40, 0, 0, 0.14%, 7, 0, 10, 0.00
1733529027, 1132794, 0, 40, 0, 0, 0.14%, 7, 0, 10, 0.00
1733529032, 1145696, 0, 40, 0, 0, 0.14%, 7, 0, 10, 0.00
1733529037, 1158557, 0, 40, 0, 0, 0.14%, 7, 0, 10, 0.00
1733529043, 1171447, 0, 40, 0, 0, 0.14%, 7, 0, 10, 0.00
1733529048, 1184353, 0, 40, 0, 0, 0.14%, 7, 0, 10, 0.00
1733529053, 1197234, 0, 40, 0, 0, 0.14%, 7, 0, 10, 0.00
1733529058, 1210095, 0, 40, 0, 0, 0.14%, 7, 0, 10, 0.00
1733529063, 1222998, 0, 40, 0, 0, 0.14%, 7, 0, 10, 0.00
1733529069, 1235903, 0, 40, 0, 0, 0.14%, 7, 0, 10, 0.00
1733529074, 1248814, 0, 40, 0, 0, 0.14%, 7, 0, 10, 0.00
1733529079, 1261709, 0, 40, 0, 0, 0.14%, 7, 0, 10, 0.00
1733529084, 1274605, 0, 40, 0, 0, 0.14%, 7, 0, 10, 0.00
1733529089, 1287461, 0, 40, 0, 0, 0.14%, 7, 0, 10, 0.00
1733529095, 1300329, 0, 40, 0, 0, 0.14%, 7, 0, 10, 0.00
1733529100, 1313191, 0, 40, 0, 0, 0.14%, 7, 0, 10, 0.00
1733529105, 1326114, 0, 40, 0, 0, 0.14%, 7, 0, 10, 0.00
1733529110, 1339011, 0, 40, 0, 0, 0.14%, 7, 0, 10, 0.00
1733529115, 1351896, 0, 40, 0, 0, 0.14%, 7, 0, 10, 0.00
1733529121, 1364726, 0, 40, 0, 0, 0.14%, 7, 0, 10, 0.00
1733529126, 1377612, 0, 40, 0, 0, 0.14%, 7, 0, 10, 0.00
1733529131, 1390427, 0, 40, 0, 0, 0.14%, 7, 0, 10, 0.00
1733529136, 1403332, 0, 40, 0, 0, 0.14%, 7, 0, 10, 0.00
1733529141, 1416266, 0, 40, 0, 0, 0.14%, 7, 0, 10, 0.00
1733529147, 1429116, 0, 40, 0, 0, 0.14%, 7, 0, 10, 0.00
1733529152, 1442023, 0, 40, 0, 0, 0.14%, 7, 0, 10, 0.00
1733529157, 1454871, 0, 40, 0, 0, 0.14%, 7, 0, 10, 0.00
1733529162, 1467758, 0, 40, 0, 0, 0.14%, 7, 0, 10, 0.00
1733529167, 1480681, 0, 40, 0, 0, 0.14%, 7, 0, 10, 0.00
1733529173, 1493567, 0, 40, 0, 0, 0.14%, 7, 0, 10, 0.00
1733529178, 1506450, 0, 40, 0, 0, 0.14%, 7, 0, 10, 0.00
1733529183, 1519333, 0, 40, 0, 0, 0.14%, 7, 0, 10, 0.00
1733529188, 1532255, 0, 40, 0, 0, 0.14%, 7, 0, 10, 0.00
1733529193, 1545072, 0, 40, 0, 0, 0.14%, 7, 0, 10, 0.00
1733529199, 1558021, 0, 40, 0, 0, 0.14%, 7, 0, 10, 0.00
1733529204, 1570892, 0, 40, 0, 0, 0.14%, 7, 0, 10, 0.00
1733529209, 1583767, 0, 40, 0, 0, 0.14%, 7, 0, 10, 0.00
1733529214, 1596660, 0, 40, 0, 0, 0.14%, 7, 0, 10, 0.00
1733529219, 1609559, 0, 40, 0, 0, 0.14%, 7, 0, 10, 0.00
1733529225, 1622430, 0, 40, 0, 0, 0.14%, 7, 0, 10, 0.00
1733529230, 1635332, 0, 40, 0, 0, 0.14%, 7, 0, 10, 0.00
1733529235, 1648231, 0, 40, 0, 0, 0.14%, 7, 0, 10, 0.00
1733529240, 1661183, 0, 40, 0, 0, 0.14%, 7, 0, 10, 0.00
1733529245, 1674071, 0, 40, 0, 0, 0.14%, 7, 0, 10, 0.00
1733529251, 1686988, 0, 40, 0, 0, 0.14%, 7, 0, 10, 0.00
1733529256, 1699845, 0, 40, 0, 0, 0.14%, 7, 0, 10, 0.00
1733529261, 1712684, 0, 40, 0, 0, 0.14%, 7, 0, 10, 0.00
1733529266, 1725607, 0, 40, 0, 0, 0.14%, 7, 0, 10, 0.00
1733529271, 1738461, 0, 40, 0, 0, 0.14%, 7, 0, 10, 0.00
1733529276, 1750844, 0, 40, 0, 0, 0.14%, 7, 0, 10, 0.00
1733529282, 1763757, 0, 40, 0, 0, 0.14%, 7, 0, 10, 0.00
1733529287, 1776583, 0, 40, 0, 0, 0.14%, 7, 0, 10, 0.00
1733529292, 1789461, 0, 40, 0, 0, 0.14%, 7, 0, 10, 0.00
1733529297, 1802297, 0, 40, 0, 0, 0.14%, 7, 0, 10, 0.00
1733529302, 1815224, 0, 40, 0, 0, 0.14%, 7, 0, 10, 0.00
1733529308, 1828092, 0, 40, 0, 0, 0.14%, 7, 0, 10, 0.00
1733529313, 1840950, 0, 40, 0, 0, 0.14%, 7, 0, 10, 0.00
1733529318, 1853805, 0, 40, 0, 0, 0.14%, 7, 0, 10, 0.00
1733529323, 1866723, 0, 40, 0, 0, 0.14%, 7, 0, 10, 0.00
1733529328, 1879611, 0, 40, 0, 0, 0.14%, 7, 0, 10, 0.00
1733529334, 1892504, 0, 40, 0, 0, 0.14%, 7, 0, 10, 0.00
1733529339, 1905331, 0, 40, 0, 0, 0.14%, 7, 0, 10, 0.00
1733529344, 1918237, 0, 40, 0, 0, 0.14%, 7, 0, 10, 0.00
1733529349, 1931087, 0, 40, 0, 0, 0.14%, 7, 0, 10, 0.00
1733529354, 1943945, 0, 40, 0, 0, 0.14%, 7, 0, 10, 0.00
1733529360, 1956805, 0, 40, 0, 0, 0.14%, 7, 0, 10, 0.00
1733529365, 1969682, 0, 40, 0, 0, 0.14%, 7, 0, 10, 0.00
1733529370, 1982520, 0, 40, 0, 0, 0.14%, 7, 0, 10, 0.00
1733529375, 1995379, 0, 40, 0, 0, 0.14%, 7, 0, 10, 0.00
1733529380, 2008258, 0, 40, 0, 0, 0.14%, 7, 0, 10, 0.00
1733529386, 2021143, 0, 40, 0, 0, 0.14%, 7, 0, 10, 0.00
1733529391, 2033991, 0, 40, 0, 0, 0.14%, 7, 0, 10, 0.00
1733529396, 2046867, 0, 40, 0, 0, 0.14%, 7, 0, 10, 0.00
1733529401, 2059720, 0, 40, 0, 0, 0.14%, 7, 0, 10, 0.00
1733529406, 2072578, 0, 40, 0, 0, 0.14%, 7, 0, 10, 0.00
1733529412, 2085491, 0, 40, 0, 0, 0.14%, 7, 0, 10, 0.00
1733529417, 2098357, 0, 40, 0, 0, 0.14%, 7, 0, 10, 0.00
1733529422, 2111237, 0, 40, 0, 0, 0.14%, 7, 0, 10, 0.00
1733529427, 2124104, 0, 40, 0, 0, 0.14%, 7, 0, 10, 0.00
1733529432, 2136969, 0, 40, 0, 0, 0.14%, 7, 0, 10, 0.00
1733529438, 2149831, 0, 40, 0, 0, 0.14%, 7, 0, 10, 0.00
1733529443, 2162713, 0, 40, 0, 0, 0.14%, 7, 0, 10, 0.00
1733529448, 2175560, 0, 40, 0, 0, 0.14%, 7, 0, 10, 0.00
1733529453, 2188451, 0, 40, 0, 0, 0.14%, 7, 0, 10, 0.00
1733529458, 2201361, 0, 40, 0, 0, 0.14%, 7, 0, 10, 0.00
1733529464, 2214206, 0, 40, 0, 0, 0.14%, 7, 0, 10, 0.00
1733529469, 2227085, 0, 40, 0, 0, 0.14%, 7, 0, 10, 0.00
1733529474, 2239975, 0, 40, 0, 0, 0.14%, 7, 0, 10, 0.00
1733529479, 2252812, 0, 40, 0, 0, 0.14%, 7, 0, 10, 0.00
1733529484, 2265687, 0, 40, 0, 0, 0.14%, 7, 0, 10, 0.00
1733529490, 2278519, 0, 40, 0, 0, 0.14%, 7, 0, 10, 0.00
1733529495, 2291359, 0, 40, 0, 0, 0.14%, 7, 0, 10, 0.00
1733529500, 2304285, 0, 40, 0, 0, 0.14%, 7, 0, 10, 0.00
1733529505, 2317186, 0, 40, 0, 0, 0.14%, 7, 0, 10, 0.00
1733529510, 2330045, 0, 40, 0, 0, 0.14%, 7, 0, 10, 0.00
1733529516, 2342932, 0, 40, 0, 0, 0.14%, 7, 0, 10, 0.00
1733529521, 2355848, 0, 40, 0, 0, 0.14%, 7, 0, 10, 0.00
1733529526, 2368656, 0, 40, 0, 0, 0.14%, 7, 0, 10, 0.00
1733529531, 2381515, 0, 40, 0, 0, 0.14%, 7, 0, 10, 0.00
1733529536, 2394397, 0, 40, 0, 0, 0.14%, 7, 0, 10, 0.00
1733529542, 2407296, 0, 40, 0, 0, 0.14%, 7, 0, 10, 0.00
1733529547, 2420185, 0, 40, 0, 0, 0.14%, 7, 0, 10, 0.00
1733529552, 2433089, 0, 40, 0, 0, 0.14%, 7, 0, 10, 0.00
1733529557, 2446019, 0, 40, 0, 0, 0.14%, 7, 0, 10, 0.00
1733529562, 2458864, 0, 40, 0, 0, 0.14%, 7, 0, 10, 0.00
1733529568, 2471720, 0, 40, 0, 0, 0.14%, 7, 0, 10, 0.00
1733529573, 2484633, 0, 40, 0, 0, 0.14%, 7, 0, 10, 0.00
1733529578, 2497492, 0, 40, 0, 0, 0.14%, 7, 0, 10, 0.00
1733529583, 2510370, 0, 40, 0, 0, 0.14%, 7, 0, 10, 0.00
1733529588, 2523269, 0, 40, 0, 0, 0.14%, 7, 0, 10, 0.00
1733529594, 2536180, 0, 40, 0, 0, 0.14%, 7, 0, 10, 0.00
1733529599, 2549057, 0, 40, 0, 0, 0.14%, 7, 0, 10, 0.00
1733529604, 2561883, 0, 40, 0, 0, 0.14%, 7, 0, 10, 0.00
1733529609, 2574765, 0, 40, 0, 0, 0.14%, 7, 0, 10, 0.00
1733529614, 2587685, 0, 40, 0, 0, 0.14%, 7, 0, 10, 0.00
1733529620, 2600552, 0, 40, 0, 0, 0.14%, 7, 0, 10, 0.00
1733529625, 2613409, 0, 40, 0, 0, 0.14%, 7, 0, 10, 0.00
1733529630, 2626267, 0, 40, 0, 0, 0.14%, 7, 0, 10, 0.00
1733529635, 2639072, 0, 40, 0, 0, 0.14%, 7, 0, 10, 0.00
1733529640, 2651959, 0, 40, 0, 0, 0.14%, 7, 0, 10, 0.00
1733529646, 2664785, 0, 40, 0, 0, 0.14%, 7, 0, 10, 0.00
1733529651, 2677710, 0, 40, 0, 0, 0.14%, 7, 0, 10, 0.00
1733529656, 2690600, 0, 40, 0, 0, 0.14%, 7, 0, 10, 0.00
1733529661, 2703461, 0, 40, 0, 0, 0.14%, 7, 0, 10, 0.00
1733529666, 2716358, 0, 40, 0, 0, 0.14%, 7, 0, 10, 0.00
1733529672, 2729276, 0, 40, 0, 0, 0.14%, 7, 0, 10, 0.00
1733529677, 2742162, 0, 40, 0, 0, 0.14%, 7, 0, 10, 0.00
1733529682, 2754990, 0, 40, 0, 0, 0.14%, 7, 0, 10, 0.00
1733529687, 2767867, 0, 40, 0, 0, 0.14%, 7, 0, 10, 0.00
1733529692, 2780732, 0, 40, 0, 0, 0.14%, 7, 0, 10, 0.00
1733529698, 2793574, 0, 40, 0, 0, 0.14%, 7, 0, 10, 0.00
1733529703, 2806495, 0, 40, 0, 0, 0.14%, 7, 0, 10, 0.00
1733529708, 2819368, 0, 40, 0, 0, 0.14%, 7, 0, 10, 0.00
1733529713, 2832216, 0, 40, 0, 0, 0.14%, 7, 0, 10, 0.00
1733529718, 2845068, 0, 40, 0, 0, 0.14%, 7, 0, 10, 0.00
1733529724, 2857942, 0, 40, 0, 0, 0.14%, 7, 0, 10, 0.00
1733529729, 2870830, 0, 40, 0, 0, 0.14%, 7, 0, 10, 0.00
1733529734, 2883683, 0, 40, 0, 0, 0.14%, 7, 0, 10, 0.00
1733529739, 2896616, 0, 40, 0, 0, 0.14%, 7, 0, 10, 0.00
1733529744, 2909545, 0, 40, 0, 0, 0.14%, 7, 0, 10, 0.00
1733529750, 2922424, 0, 40, 0, 0, 0.14%, 7, 0, 10, 0.00
1733529755, 2935291, 0, 40, 0, 0, 0.14%, 7, 0, 10, 0.00
1733529760, 2948159, 0, 40, 0, 0, 0.14%, 7, 0, 10, 0.00
1733529765, 2961088, 0, 40, 0, 0, 0.14%, 7, 0, 10, 0.00
1733529770, 2973926, 0, 40, 0, 0, 0.14%, 7, 0, 10, 0.00
1733529776, 2986806, 0, 40, 0, 0, 0.14%, 7, 0, 10, 0.00
1733529781, 2999647, 0, 40, 0, 0, 0.14%, 7, 0, 10, 0.00
1733529786, 3012511, 0, 40, 0, 0, 0.14%, 7, 0, 10, 0.00
1733529791, 3025371, 0, 40, 0, 0, 0.14%, 7, 0, 10, 0.00
1733529796, 3038285, 0, 40, 0, 0, 0.14%, 7, 0, 10, 0.00
1733529802, 3051239, 0, 40, 0, 0, 0.14%, 7, 0, 10, 0.00
1733529807, 3064109, 0, 40, 0, 0, 0.14%, 7, 0, 10, 0.00
1733529812, 3076959, 0, 40, 0, 0, 0.14%, 7, 0, 10, 0.00
1733529817, 3089833, 0, 40, 0, 0, 0.14%, 7, 0, 10, 0.00
1733529822, 3102726, 0, 40, 0, 0, 0.14%, 7, 0, 10, 0.00
1733529828, 3115613, 0, 40, 0, 0, 0.14%, 7, 0, 10, 0.00
1733529833, 3128472, 0, 40, 0, 0, 0.14%, 7, 0, 10, 0.00
1733529838, 3141323, 0, 40, 0, 0, 0.14%, 7, 0, 10, 0.00
1733529843, 3154133, 0, 40, 0, 0, 0.14%, 7, 0, 10, 0.00
1733529848, 3167018, 0, 40, 0, 0, 0.14%, 7, 0, 10, 0.00
1733529854, 3179930, 0, 40, 0, 0, 0.14%, 7, 0, 10, 0.00
1733529859, 3192803, 0, 40, 0, 0, 0.14%, 7, 0, 10, 0.00
1733529864, 3205653, 0, 40, 0, 0, 0.14%, 7, 0, 10, 0.00
1733529869, 3218545, 0, 40, 0, 0, 0.14%, 7, 0, 10, 0.00
1733529874, 3231469, 0, 40, 0, 0, 0.14%, 7, 0, 10, 0.00
1733529880, 3244318, 0, 40, 0, 0, 0.14%, 7, 0, 10, 0.00
1733529885, 3257177, 0, 40, 0, 0, 0.14%, 7, 0, 10, 0.00
1733529890, 3270103, 0, 40, 0, 0, 0.14%, 7, 0, 10, 0.00
1733529895, 3283019, 0, 40, 0, 0, 0.14%, 7, 0, 10, 0.00
1733529900, 3295888, 0, 40, 0, 0, 0.14%, 7, 0, 10, 0.00
1733529906, 3308691, 0, 40, 0, 0, 0.14%, 7, 0, 10, 0.00
1733529911, 3321533, 0, 40, 0, 0, 0.14%, 7, 0, 10, 0.00
1733529916, 3334378, 0, 40, 0, 0, 0.14%, 7, 0, 10, 0.00
1733529921, 3347228, 0, 40, 0, 0, 0.14%, 7, 0, 10, 0.00
1733529926, 3360106, 0, 40, 0, 0, 0.14%, 7, 0, 10, 0.00
1733529932, 3372989, 0, 40, 0, 0, 0.14%, 7, 0, 10, 0.00
1733529937, 3385883, 0, 40, 0, 0, 0.14%, 7, 0, 10, 0.00
1733529942, 3398795, 0, 40, 0, 0, 0.14%, 7, 0, 10, 0.00
1733529947, 3411680, 0, 40, 0, 0, 0.14%, 7, 0, 10, 0.00
1733529952, 3424565, 0, 40, 0, 0, 0.14%, 7, 0, 10, 0.00
1733529958, 3437488, 0, 40, 0, 0, 0.14%, 7, 0, 10, 0.00
1733529963, 3450372, 0, 40, 0, 0, 0.14%, 7, 0, 10, 0.00
1733529968, 3463313, 0, 40, 0, 0, 0.14%, 7, 0, 10, 0.00
1733529973, 3476169, 0, 40, 0, 0, 0.14%, 7, 0, 10, 0.00
1733529978, 3489034, 0, 40, 0, 0, 0.14%, 7, 0, 10, 0.00
1733529984, 3501919, 0, 40, 0, 0, 0.14%, 7, 0, 10, 0.00
1733529989, 3514794, 0, 40, 0, 0, 0.14%, 7, 0, 10, 0.00
1733529994, 3527662, 0, 40, 0, 0, 0.14%, 7, 0, 10, 0.00
1733529999, 3540470, 0, 40, 0, 0, 0.14%, 7, 0, 10, 0.00
1733530004, 3553332, 0, 40, 0, 0, 0.14%, 7, 0, 10, 0.00
1733530010, 3566267, 0, 40, 0, 0, 0.14%, 7, 0, 10, 0.00
1733530015, 3579114, 0, 40, 0, 0, 0.14%, 7, 0, 10, 0.00
1733530020, 3592026, 0, 40, 0, 0, 0.14%, 7, 0, 10, 0.00
1733530025, 3604852, 0, 40, 0, 0, 0.14%, 7, 0, 10, 0.00
1733530030, 3617795, 0, 40, 0, 0, 0.14%, 7, 0, 10, 0.00
1733530036, 3630699, 0, 40, 0, 0, 0.14%, 7, 0, 10, 0.00
1733530041, 3643604, 0, 40, 0, 0, 0.14%, 7, 0, 10, 0.00
1733530046, 3656519, 0, 40, 0, 0, 0.14%, 7, 0, 10, 0.00
1733530051, 3669385, 0, 40, 0, 0, 0.14%, 7, 0, 10, 0.00
1733530056, 3682299, 0, 40, 0, 0, 0.14%, 7, 0, 10, 0.00
1733530062, 3695169, 0, 40, 0, 0, 0.14%, 7, 0, 10, 0.00
1733530067, 3708085, 0, 40, 0, 0, 0.14%, 7, 0, 10, 0.00
1733530072, 3720972, 0, 40, 0, 0, 0.14%, 7, 0, 10, 0.00
1733530077, 3733842, 0, 40, 0, 0, 0.14%, 7, 0, 10, 0.00
1733530082, 3746718, 0, 40, 0, 0, 0.14%, 7, 0, 10, 0.00
1733530088, 3759621, 0, 40, 0, 0, 0.14%, 7, 0, 10, 0.00
1733530093, 3772485, 0, 40, 0, 0, 0.14%, 7, 0, 10, 0.00
1733530098, 3785371, 0, 40, 0, 0, 0.14%, 7, 0, 10, 0.00
1733530103, 3798207, 0, 40, 0, 0, 0.14%, 7, 0, 10, 0.00
1733530108, 3811120, 0, 40, 0, 0, 0.14%, 7, 0, 10, 0.00
1733530114, 3824002, 0, 40, 0, 0, 0.14%, 7, 0, 10, 0.00
1733530119, 3836935, 0, 40, 0, 0, 0.14%, 7, 0, 10, 0.00
1733530124, 3849783, 0, 40, 0, 0, 0.14%, 7, 0, 10, 0.00
1733530129, 3862696, 0, 40, 0, 0, 0.14%, 7, 0, 10, 0.00
1733530134, 3875574, 0, 40, 0, 0, 0.14%, 7, 0, 10, 0.00
1733530140, 3888451, 0, 40, 0, 0, 0.14%, 7, 0, 10, 0.00
1733530145, 3901328, 0, 40, 0, 0, 0.14%, 7, 0, 10, 0.00
1733530150, 3914209, 0, 40, 0, 0, 0.14%, 7, 0, 10, 0.00
1733530155, 3927065, 0, 40, 0, 0, 0.14%, 7, 0, 10, 0.00
1733530160, 3939910, 0, 40, 0, 0, 0.14%, 7, 0, 10, 0.00
1733530166, 3952705, 0, 40, 0, 0, 0.14%, 7, 0, 10, 0.00
1733530171, 3965531, 0, 40, 0, 0, 0.14%, 7, 0, 10, 0.00
1733530176, 3978407, 0, 40, 0, 0, 0.14%, 7, 0, 10, 0.00
1733530181, 3991269, 0, 40, 0, 0, 0.14%, 7, 0, 10, 0.00
1733530186, 4004157, 0, 40, 0, 0, 0.14%, 7, 0, 10, 0.00
1733530192, 4017026, 0, 40, 0, 0, 0.14%, 7, 0, 10, 0.00
1733530197, 4029873, 0, 40, 0, 0, 0.14%, 7, 0, 10, 0.00
1733530202, 4042767, 0, 40, 0, 0, 0.14%, 7, 0, 10, 0.00
1733530207, 4055692, 0, 40, 0, 0, 0.14%, 7, 0, 10, 0.00
1733530212, 4068595, 0, 40, 0, 0, 0.14%, 7, 0, 10, 0.00
1733530218, 4081444, 0, 40, 0, 0, 0.14%, 7, 0, 10, 0.00
1733530223, 4094336, 0, 40, 0, 0, 0.14%, 7, 0, 10, 0.00
1733530228, 4107199, 0, 40, 0, 0, 0.14%, 7, 0, 10, 0.00
1733530233, 4120064, 0, 40, 0, 0, 0.14%, 7, 0, 10, 0.00
1733530238, 4132932, 0, 40, 0, 0, 0.14%, 7, 0, 10, 0.00
1733530244, 4145810, 0, 40, 0, 0, 0.14%, 7, 0, 10, 0.00
1733530249, 4158714, 0, 40, 0, 0, 0.14%, 7, 0, 10, 0.00
1733530254, 4171567, 0, 40, 0, 0, 0.14%, 7, 0, 10, 0.00
1733530259, 4184483, 0, 40, 0, 0, 0.14%, 7, 0, 10, 0.00
1733530264, 4197330, 0, 40, 0, 0, 0.14%, 7, 0, 10, 0.00
1733530270, 4210229, 0, 40, 0, 0, 0.14%, 7, 0, 10, 0.00
1733530275, 4223096, 0, 40, 0, 0, 0.14%, 7, 0, 10, 0.00
1733530280, 4235963, 0, 40, 0, 0, 0.14%, 7, 0, 10, 0.00
1733530285, 4248877, 0, 40, 0, 0, 0.14%, 7, 0, 10, 0.00
1733530290, 4261761, 0, 40, 0, 0, 0.14%, 7, 0, 10, 0.00
1733530296, 4274668, 0, 40, 0, 0, 0.14%, 7, 0, 10, 0.00
1733530301, 4287540, 0, 40, 0, 0, 0.14%, 7, 0, 10, 0.00
1733530306, 4300465, 0, 40, 0, 0, 0.14%, 7, 0, 10, 0.00
1733530311, 4313347, 0, 40, 0, 0, 0.14%, 7, 0, 10, 0.00
1733530316, 4326274, 0, 40, 0, 0, 0.14%, 7, 0, 10, 0.00
1733530322, 4339145, 0, 40, 0, 0, 0.14%, 7, 0, 10, 0.00
1733530327, 4352034, 0, 40, 0, 0, 0.14%, 7, 0, 10, 0.00
1733530332, 4364920, 0, 40, 0, 0, 0.14%, 7, 0, 10, 0.00
1733530337, 4377802, 0, 40, 0, 0, 0.14%, 7, 0, 10, 0.00
1733530342, 4390660, 0, 40, 0, 0, 0.14%, 7, 0, 10, 0.00
1733530348, 4403512, 0, 40, 0, 0, 0.14%, 7, 0, 10, 0.00
1733530353, 4416443, 0, 40, 0, 0, 0.14%, 7, 0, 10, 0.00
1733530358, 4429330, 0, 40, 0, 0, 0.14%, 7, 0, 10, 0.00
1733530363, 4442189, 0, 40, 0, 0, 0.14%, 7, 0, 10, 0.00
1733530368, 4455056, 0, 40, 0, 0, 0.14%, 7, 0, 10, 0.00
1733530374, 4467956, 0, 40, 0, 0, 0.14%, 7, 0, 10, 0.00
1733530379, 4480821, 0, 40, 0, 0, 0.14%, 7, 0, 10, 0.00
1733530384, 4493641, 0, 40, 0, 0, 0.14%, 7, 0, 10, 0.00
1733530389, 4506566, 0, 40, 0, 0, 0.14%, 7, 0, 10, 0.00
1733530394, 4519418, 0, 40, 0, 0, 0.14%, 7, 0, 10, 0.00
1733530400, 4532287, 0, 40, 0, 0, 0.14%, 7, 0, 10, 0.00
1733530405, 4545177, 0, 40, 0, 0, 0.14%, 7, 0, 10, 0.00
1733530410, 4558081, 0, 40, 0, 0, 0.14%, 7, 0, 10, 0.00
1733530415, 4570948, 0, 40, 0, 0, 0.14%, 7, 0, 10, 0.00
1733530420, 4583828, 0, 40, 0, 0, 0.14%, 7, 0, 10, 0.00
1733530426, 4596659, 0, 40, 0, 0, 0.14%, 7, 0, 10, 0.00
1733530431, 4609560, 0, 40, 0, 0, 0.14%, 7, 0, 10, 0.00
1733530436, 4622404, 0, 40, 0, 0, 0.14%, 7, 0, 10, 0.00
1733530441, 4635253, 0, 40, 0, 0, 0.14%, 7, 0, 10, 0.00
1733530446, 4648135, 0, 40, 0, 0, 0.14%, 7, 0, 10, 0.00
1733530452, 4661012, 0, 40, 0, 0, 0.14%, 7, 0, 10, 0.00
1733530457, 4673907, 0, 40, 0, 0, 0.14%, 7, 0, 10, 0.00
1733530462, 4686768, 0, 40, 0, 0, 0.14%, 7, 0, 10, 0.00
1733530467, 4699617, 0, 40, 0, 0, 0.14%, 7, 0, 10, 0.00
1733530472, 4712465, 0, 40, 0, 0, 0.14%, 7, 0, 10, 0.00
1733530478, 4725310, 0, 40, 0, 0, 0.14%, 7, 0, 10, 0.00
1733530483, 4738205, 0, 40, 0, 0, 0.14%, 7, 0, 10, 0.00
1733530488, 4751079, 0, 40, 0, 0, 0.14%, 7, 0, 10, 0.00
1733530493, 4764014, 0, 40, 0, 0, 0.14%, 7, 0, 10, 0.00
1733530498, 4776834, 0, 40, 0, 0, 0.14%, 7, 0, 10, 0.00
1733530504, 4789694, 0, 40, 0, 0, 0.14%, 7, 0, 10, 0.00
1733530509, 4802602, 0, 40, 0, 0, 0.14%, 7, 0, 10, 0.00
1733530514, 4815480, 0, 40, 0, 0, 0.14%, 7, 0, 10, 0.00
1733530519, 4828390, 0, 40, 0, 0, 0.14%, 7, 0, 10, 0.00
1733530524, 4841265, 0, 40, 0, 0, 0.14%, 7, 0, 10, 0.00
1733530530, 4854099, 0, 40, 0, 0, 0.14%, 7, 0, 10, 0.00
1733530535, 4866996, 0, 40, 0, 0, 0.14%, 7, 0, 10, 0.00
1733530540, 4879881, 0, 40, 0, 0, 0.14%, 7, 0, 10, 0.00
1733530545, 4892773, 0, 40, 0, 0, 0.14%, 7, 0, 10, 0.00
1733530550, 4905666, 0, 40, 0, 0, 0.14%, 7, 0, 10, 0.00
1733530556, 4918525, 0, 40, 0, 0, 0.14%, 7, 0, 10, 0.00
1733530561, 4931430, 0, 40, 0, 0, 0.14%, 7, 0, 10, 0.00
1733530566, 4944314, 0, 40, 0, 0, 0.14%, 7, 0, 10, 0.00
1733530571, 4957156, 0, 40, 0, 0, 0.14%, 7, 0, 10, 0.00
1733530576, 4969995, 0, 40, 0, 0, 0.14%, 7, 0, 10, 0.00
1733530582, 4982915, 0, 40, 0, 0, 0.14%, 7, 0, 10, 0.00
1733530587, 4995831, 0, 40, 0, 0, 0.14%, 7, 0, 10, 0.00
1733530592, 5008733, 0, 40, 0, 0, 0.14%, 7, 0, 10, 0.00
1733530597, 5021618, 0, 40, 0, 0, 0.14%, 7, 0, 10, 0.00
1733530602, 5034491, 0, 40, 0, 0, 0.14%, 7, 0, 10, 0.00
1733530608, 5047410, 0, 40, 0, 0, 0.14%, 7, 0, 10, 0.00
1733530613, 5060273, 0, 40, 0, 0, 0.14%, 7, 0, 10, 0.00
1733530618, 5073133, 0, 40, 0, 0, 0.14%, 7, 0, 10, 0.00
1733530623, 5086029, 0, 40, 0, 0, 0.14%, 7, 0, 10, 0.00
1733530628, 5098925, 0, 40, 0, 0, 0.14%, 7, 0, 10, 0.00
1733530634, 5111804, 0, 40, 0, 0, 0.14%, 7, 0, 10, 0.00
1733530639, 5124718, 0, 40, 0, 0, 0.14%, 7, 0, 10, 0.00
1733530644, 5137578, 0, 40, 0, 0, 0.14%, 7, 0, 10, 0.00
1733530649, 5150426, 0, 40, 0, 0, 0.14%, 7, 0, 10, 0.00
1733530654, 5163334, 0, 40, 0, 0, 0.14%, 7, 0, 10, 0.00
1733530660, 5176175, 0, 40, 0, 0, 0.14%, 7, 0, 10, 0.00
1733530665, 5189090, 0, 40, 0, 0, 0.14%, 7, 0, 10, 0.00
1733530670, 5201998, 0, 40, 0, 0, 0.14%, 7, 0, 10, 0.00
1733530675, 5214936, 0, 40, 0, 0, 0.14%, 7, 0, 10, 0.00
1733530680, 5227852, 0, 40, 0, 0, 0.14%, 7, 0, 10, 0.00
1733530686, 5240687, 0, 40, 0, 0, 0.14%, 7, 0, 10, 0.00
1733530691, 5253534, 0, 40, 0, 0, 0.14%, 7, 0, 10, 0.00
1733530696, 5266428, 0, 40, 0, 0, 0.14%, 7, 0, 10, 0.00
1733530701, 5279306, 0, 40, 0, 0, 0.14%, 7, 0, 10, 0.00
1733530706, 5292216, 0, 40, 0, 0, 0.14%, 7, 0, 10, 0.00
1733530712, 5305135, 0, 40, 0, 0, 0.14%, 7, 0, 10, 0.00
1733530717, 5318035, 0, 40, 0, 0, 0.14%, 7, 0, 10, 0.00
1733530722, 5330955, 0, 40, 0, 0, 0.14%, 7, 0, 10, 0.00
1733530727, 5343810, 0, 40, 0, 0, 0.14%, 7, 0, 10, 0.00
1733530732, 5356667, 0, 40, 0, 0, 0.14%, 7, 0, 10, 0.00
1733530738, 5369584, 0, 40, 0, 0, 0.14%, 7, 0, 10, 0.00
1733530743, 5382443, 0, 40, 0, 0, 0.14%, 7, 0, 10, 0.00
1733530748, 5395287, 0, 40, 0, 0, 0.14%, 7, 0, 10, 0.00
1733530753, 5408192, 0, 40, 0, 0, 0.14%, 7, 0, 10, 0.00
1733530758, 5421048, 0, 40, 0, 0, 0.14%, 7, 0, 10, 0.00
1733530764, 5433975, 0, 40, 0, 0, 0.14%, 7, 0, 10, 0.00
1733530769, 5446847, 0, 40, 0, 0, 0.14%, 7, 0, 10, 0.00
1733530774, 5459654, 0, 40, 0, 0, 0.14%, 7, 0, 10, 0.00
1733530779, 5472561, 0, 40, 0, 0, 0.14%, 7, 0, 10, 0.00
1733530784, 5485455, 0, 40, 0, 0, 0.14%, 7, 0, 10, 0.00
1733530790, 5498363, 0, 40, 0, 0, 0.14%, 7, 0, 10, 0.00
1733530795, 5511264, 0, 40, 0, 0, 0.14%, 7, 0, 10, 0.00
1733530800, 5524112, 0, 40, 0, 0, 0.14%, 7, 0, 10, 0.00
1733530805, 5536994, 0, 40, 0, 0, 0.14%, 7, 0, 10, 0.00
1733530810, 5549867, 0, 40, 0, 0, 0.14%, 7, 0, 10, 0.00
1733530816, 5562751, 0, 40, 0, 0, 0.14%, 7, 0, 10, 0.00
1733530821, 5575619, 0, 40, 0, 0, 0.14%, 7, 0, 10, 0.00
1733530826, 5588499, 0, 40, 0, 0, 0.14%, 7, 0, 10, 0.00
1733530831, 5601374, 0, 40, 0, 0, 0.14%, 7, 0, 10, 0.00
1733530836, 5614278, 0, 40, 0, 0, 0.14%, 7, 0, 10, 0.00
1733530842, 5627190, 0, 40, 0, 0, 0.14%, 7, 0, 10, 0.00
1733530847, 5640088, 0, 40, 0, 0, 0.14%, 7, 0, 10, 0.00
1733530852, 5652928, 0, 40, 0, 0, 0.14%, 7, 0, 10, 0.00
1733530857, 5665815, 0, 40, 0, 0, 0.14%, 7, 0, 10, 0.00
1733530862, 5678719, 0, 40, 0, 0, 0.14%, 7, 0, 10, 0.00
1733530868, 5691573, 0, 40, 0, 0, 0.14%, 7, 0, 10, 0.00
1733530873, 5704486, 0, 40, 0, 0, 0.14%, 7, 0, 10, 0.00
1733530878, 5717387, 0, 40, 0, 0, 0.14%, 7, 0, 10, 0.00
1733530883, 5730307, 0, 40, 0, 0, 0.14%, 7, 0, 10, 0.00
1733530888, 5743208, 0, 40, 0, 0, 0.14%, 7, 0, 10, 0.00
1733530894, 5756065, 0, 40, 0, 0, 0.14%, 7, 0, 10, 0.00
1733530899, 5768892, 0, 40, 0, 0, 0.14%, 7, 0, 10, 0.00
1733530904, 5781792, 0, 40, 0, 0, 0.14%, 7, 0, 10, 0.00
1733530909, 5794665, 0, 40, 0, 0, 0.14%, 7, 0, 10, 0.00
1733530914, 5807583, 0, 40, 0, 0, 0.14%, 7, 0, 10, 0.00
1733530920, 5820491, 0, 40, 0, 0, 0.14%, 7, 0, 10, 0.00
1733530925, 5833352, 0, 40, 0, 0, 0.14%, 7, 0, 10, 0.00
1733530930, 5846219, 0, 40, 0, 0, 0.14%, 7, 0, 10, 0.00
1733530935, 5859131, 0, 40, 0, 0, 0.14%, 7, 0, 10, 0.00
1733530940, 5872036, 0, 40, 0, 0, 0.14%, 7, 0, 10, 0.00
1733530946, 5884910, 0, 40, 0, 0, 0.14%, 7, 0, 10, 0.00
1733530951, 5897795, 0, 40, 0, 0, 0.14%, 7, 0, 10, 0.00
1733530956, 5910685, 0, 40, 0, 0, 0.14%, 7, 0, 10, 0.00
1733530961, 5923550, 0, 40, 0, 0, 0.14%, 7, 0, 10, 0.00
1733530966, 5936422, 0, 40, 0, 0, 0.14%, 7, 0, 10, 0.00
1733530972, 5949329, 0, 40, 0, 0, 0.14%, 7, 0, 10, 0.00
1733530977, 5962163, 0, 40, 0, 0, 0.14%, 7, 0, 10, 0.00
1733530982, 5974990, 0, 40, 0, 0, 0.14%, 7, 0, 10, 0.00
1733530987, 5987848, 0, 40, 0, 0, 0.14%, 7, 0, 10, 0.00
1733530992, 6000722, 0, 40, 0, 0, 0.14%, 7, 0, 10, 0.00
1733530998, 6013589, 0, 40, 0, 0, 0.14%, 7, 0, 10, 0.00
1733531003, 6026472, 0, 40, 0, 0, 0.14%, 7, 0, 10, 0.00
1733531008, 6039325, 0, 40, 0, 0, 0.14%, 7, 0, 10, 0.00
1733531013, 6052210, 0, 40, 0, 0, 0.14%, 7, 0, 10, 0.00
1733531018, 6065089, 0, 40, 0, 0, 0.14%, 7, 0, 10, 0.00
1733531024, 6077932, 0, 40, 0, 0, 0.14%, 7, 0, 10, 0.00
1733531029, 6090767, 0, 40, 0, 0, 0.14%, 7, 0, 10, 0.00
1733531034, 6103655, 0, 40, 0, 0, 0.14%, 7, 0, 10, 0.00
1733531039, 6116509, 0, 40, 0, 0, 0.14%, 7, 0, 10, 0.00
1733531044, 6129411, 0, 40, 0, 0, 0.14%, 7, 0, 10, 0.00
1733531050, 6142264, 0, 40, 0, 0, 0.14%, 7, 0, 10, 0.00
1733531055, 6155116, 0, 40, 0, 0, 0.14%, 7, 0, 10, 0.00
1733531060, 6167965, 0, 40, 0, 0, 0.14%, 7, 0, 10, 0.00
1733531065, 6180912, 0, 40, 0, 0, 0.14%, 7, 0, 10, 0.00
1733531070, 6193779, 0, 40, 0, 0, 0.14%, 7, 0, 10, 0.00
1733531076, 6206672, 0, 40, 0, 0, 0.14%, 7, 0, 10, 0.00
1733531081, 6219523, 0, 40, 0, 0, 0.14%, 7, 0, 10, 0.00
1733531086, 6232418, 0, 40, 0, 0, 0.14%, 7, 0, 10, 0.00
1733531091, 6245281, 0, 40, 0, 0, 0.14%, 7, 0, 10, 0.00
1733531096, 6258222, 0, 40, 0, 0, 0.14%, 7, 0, 10, 0.00
1733531102, 6271146, 0, 40, 0, 0, 0.14%, 7, 0, 10, 0.00
1733531107, 6283952, 0, 40, 0, 0, 0.14%, 7, 0, 10, 0.00
1733531112, 6296851, 0, 40, 0, 0, 0.14%, 7, 0, 10, 0.00
1733531117, 6309720, 0, 40, 0, 0, 0.14%, 7, 0, 10, 0.00
1733531122, 6322535, 0, 40, 0, 0, 0.14%, 7, 0, 10, 0.00
1733531128, 6335375, 0, 40, 0, 0, 0.14%, 7, 0, 10, 0.00
1733531133, 6348221, 0, 40, 0, 0, 0.14%, 7, 0, 10, 0.00
1733531138, 6361107, 0, 40, 0, 0, 0.14%, 7, 0, 10, 0.00
1733531143, 6374011, 0, 40, 0, 0, 0.14%, 7, 0, 10, 0.00
1733531148, 6386895, 0, 40, 0, 0, 0.14%, 7, 0, 10, 0.00
1733531154, 6399814, 0, 40, 0, 0, 0.14%, 7, 0, 10, 0.00
1733531159, 6412692, 0, 40, 0, 0, 0.14%, 7, 0, 10, 0.00
1733531164, 6425612, 0, 40, 0, 0, 0.14%, 7, 0, 10, 0.00
1733531169, 6438465, 0, 40, 0, 0, 0.14%, 7, 0, 10, 0.00
1733531174, 6451353, 0, 40, 0, 0, 0.14%, 7, 0, 10, 0.00
1733531180, 6464235, 0, 40, 0, 0, 0.14%, 7, 0, 10, 0.00
1733531185, 6477133, 0, 40, 0, 0, 0.14%, 7, 0, 10, 0.00
1733531190, 6490058, 0, 40, 0, 0, 0.14%, 7, 0, 10, 0.00
1733531195, 6502906, 0, 40, 0, 0, 0.14%, 7, 0, 10, 0.00
1733531200, 6515796, 0, 40, 0, 0, 0.14%, 7, 0, 10, 0.00
1733531206, 6528649, 0, 40, 0, 0, 0.14%, 7, 0, 10, 0.00
1733531211, 6541551, 0, 40, 0, 0, 0.14%, 7, 0, 10, 0.00
1733531216, 6554403, 0, 40, 0, 0, 0.14%, 7, 0, 10, 0.00
1733531221, 6567286, 0, 40, 0, 0, 0.14%, 7, 0, 10, 0.00
1733531226, 6580167, 0, 40, 0, 0, 0.14%, 7, 0, 10, 0.00
1733531232, 6593019, 0, 40, 0, 0, 0.14%, 7, 0, 10, 0.00
1733531237, 6605849, 0, 40, 0, 0, 0.14%, 7, 0, 10, 0.00
1733531242, 6618745, 0, 40, 0, 0, 0.14%, 7, 0, 10, 0.00
1733531247, 6631615, 0, 40, 0, 0, 0.14%, 7, 0, 10, 0.00
1733531252, 6644486, 0, 40, 0, 0, 0.14%, 7, 0, 10, 0.00
1733531258, 6657423, 0, 40, 0, 0, 0.14%, 7, 0, 10, 0.00
1733531263, 6670326, 0, 40, 0, 0, 0.14%, 7, 0, 10, 0.00
1733531268, 6683218, 0, 40, 0, 0, 0.14%, 7, 0, 10, 0.00
1733531273, 6696051, 0, 40, 0, 0, 0.14%, 7, 0, 10, 0.00
1733531278, 6708936, 0, 40, 0, 0, 0.14%, 7, 0, 10, 0.00
1733531284, 6721821, 0, 40, 0, 0, 0.14%, 7, 0, 10, 0.00
1733531289, 6734674, 0, 40, 0, 0, 0.14%, 7, 0, 10, 0.00
1733531294, 6747560, 0, 40, 0, 0, 0.14%, 7, 0, 10, 0.00
1733531299, 6760399, 0, 40, 0, 0, 0.14%, 7, 0, 10, 0.00
1733531304, 6773234, 0, 40, 0, 0, 0.14%, 7, 0, 10, 0.00
1733531310, 6786108, 0, 40, 0, 0, 0.14%, 7, 0, 10, 0.00
1733531315, 6798953, 0, 40, 0, 0, 0.14%, 7, 0, 10, 0.00
1733531320, 6811845, 0, 40, 0, 0, 0.14%, 7, 0, 10, 0.00
1733531325, 6824718, 0, 40, 0, 0, 0.14%, 7, 0, 10, 0.00
1733531330, 6837613, 0, 40, 0, 0, 0.14%, 7, 0, 10, 0.00
1733531336, 6850391, 0, 40, 0, 0, 0.14%, 7, 0, 10, 0.00
1733531341, 6863273, 0, 40, 0, 0, 0.14%, 7, 0, 10, 0.00
1733531346, 6876187, 0, 40, 0, 0, 0.14%, 7, 0, 10, 0.00
1733531351, 6889076, 0, 40, 0, 0, 0.14%, 7, 0, 10, 0.00
1733531356, 6901957, 0, 40, 0, 0, 0.14%, 7, 0, 10, 0.00
1733531362, 6914855, 0, 40, 0, 0, 0.14%, 7, 0, 10, 0.00
1733531367, 6927704, 0, 40, 0, 0, 0.14%, 7, 0, 10, 0.00
1733531372, 6940647, 0, 40, 0, 0, 0.14%, 7, 0, 10, 0.00
1733531377, 6953507, 0, 40, 0, 0, 0.14%, 7, 0, 10, 0.00
1733531382, 6966425, 0, 40, 0, 0, 0.14%, 7, 0, 10, 0.00
1733531388, 6979309, 0, 40, 0, 0, 0.14%, 7, 0, 10, 0.00
1733531393, 6992189, 0, 40, 0, 0, 0.14%, 7, 0, 10, 0.00
1733531398, 7005053, 0, 40, 0, 0, 0.14%, 7, 0, 10, 0.00
1733531403, 7017954, 0, 40, 0, 0, 0.14%, 7, 0, 10, 0.00
1733531408, 7030829, 0, 40, 0, 0, 0.14%, 7, 0, 10, 0.00
1733531414, 7043674, 0, 40, 0, 0, 0.14%, 7, 0, 10, 0.00
1733531419, 7056600, 0, 40, 0, 0, 0.14%, 7, 0, 10, 0.00
1733531424, 7069444, 0, 40, 0, 0, 0.14%, 7, 0, 10, 0.00
1733531429, 7082266, 0, 40, 0, 0, 0.14%, 7, 0, 10, 0.00
1733531434, 7095159, 0, 40, 0, 0, 0.14%, 7, 0, 10, 0.00
1733531440, 7107979, 0, 40, 0, 0, 0.14%, 7, 0, 10, 0.00
1733531445, 7120804, 0, 40, 0, 0, 0.14%, 7, 0, 10, 0.00
1733531450, 7133645, 0, 40, 0, 0, 0.14%, 7, 0, 10, 0.00
1733531455, 7146516, 0, 40, 0, 0, 0.14%, 7, 0, 10, 0.00
1733531460, 7159394, 0, 40, 0, 0, 0.14%, 7, 0, 10, 0.00
1733531466, 7172252, 0, 40, 0, 0, 0.14%, 7, 0, 10, 0.00
1733531471, 7185150, 0, 40, 0, 0, 0.14%, 7, 0, 10, 0.00
1733531476, 7198054, 0, 40, 0, 0, 0.14%, 7, 0, 10, 0.00
1733531481, 7210926, 0, 40, 0, 0, 0.14%, 7, 0, 10, 0.00
1733531486, 7223784, 0, 40, 0, 0, 0.14%, 7, 0, 10, 0.00
1733531492, 7236709, 0, 40, 0, 0, 0.14%, 7, 0, 10, 0.00
1733531497, 7249624, 0, 40, 0, 0, 0.14%, 7, 0, 10, 0.00
1733531502, 7262540, 0, 40, 0, 0, 0.14%, 7, 0, 10, 0.00
1733531507, 7275367, 0, 40, 0, 0, 0.14%, 7, 0, 10, 0.00
1733531512, 7288187, 0, 40, 0, 0, 0.14%, 7, 0, 10, 0.00
1733531518, 7301030, 0, 40, 0, 0, 0.14%, 7, 0, 10, 0.00
1733531523, 7313906, 0, 40, 0, 0, 0.14%, 7, 0, 10, 0.00
1733531528, 7326794, 0, 40, 0, 0, 0.14%, 7, 0, 10, 0.00
1733531533, 7339721, 0, 40, 0, 0, 0.14%, 7, 0, 10, 0.00
1733531538, 7352623, 0, 40, 0, 0, 0.14%, 7, 0, 10, 0.00
1733531544, 7365473, 0, 40, 0, 0, 0.14%, 7, 0, 10, 0.00
1733531549, 7378335, 0, 40, 0, 0, 0.14%, 7, 0, 10, 0.00
1733531554, 7391218, 0, 40, 0, 0, 0.14%, 7, 0, 10, 0.00
1733531559, 7404174, 0, 40, 0, 0, 0.14%, 7, 0, 10, 0.00
1733531564, 7417104, 0, 40, 0, 0, 0.14%, 7, 0, 10, 0.00
1733531570, 7429957, 0, 40, 0, 0, 0.14%, 7, 0, 10, 0.00
1733531575, 7442838, 0, 40, 0, 0, 0.14%, 7, 0, 10, 0.00
1733531580, 7455719, 0, 40, 0, 0, 0.14%, 7, 0, 10, 0.00
1733531585, 7468616, 0, 40, 0, 0, 0.14%, 7, 0, 10, 0.00
1733531590, 7481491, 0, 40, 0, 0, 0.14%, 7, 0, 10, 0.00
1733531596, 7494367, 0, 40, 0, 0, 0.14%, 7, 0, 10, 0.00
1733531601, 7507255, 0, 40, 0, 0, 0.14%, 7, 0, 10, 0.00
1733531606, 7520067, 0, 40, 0, 0, 0.14%, 7, 0, 10, 0.00
1733531611, 7532923, 0, 40, 0, 0, 0.14%, 7, 0, 10, 0.00
1733531616, 7545790, 0, 40, 0, 0, 0.14%, 7, 0, 10, 0.00
1733531622, 7558663, 0, 40, 0, 0, 0.14%, 7, 0, 10, 0.00
1733531627, 7571564, 0, 40, 0, 0, 0.14%, 7, 0, 10, 0.00
1733531632, 7584398, 0, 40, 0, 0, 0.14%, 7, 0, 10, 0.00
1733531637, 7597254, 0, 40, 0, 0, 0.14%, 7, 0, 10, 0.00
1733531642, 7610126, 0, 40, 0, 0, 0.14%, 7, 0, 10, 0.00
1733531648, 7623001, 0, 40, 0, 0, 0.14%, 7, 0, 10, 0.00
1733531653, 7635884, 0, 40, 0, 0, 0.14%, 7, 0, 10, 0.00
1733531658, 7648769, 0, 40, 0, 0, 0.14%, 7, 0, 10, 0.00
1733531663, 7661639, 0, 40, 0, 0, 0.14%, 7, 0, 10, 0.00
1733531668, 7674591, 0, 40, 0, 0, 0.14%, 7, 0, 10, 0.00
1733531674, 7687526, 0, 40, 0, 0, 0.14%, 7, 0, 10, 0.00
1733531679, 7700404, 0, 40, 0, 0, 0.14%, 7, 0, 10, 0.00
1733531684, 7713302, 0, 40, 0, 0, 0.14%, 7, 0, 10, 0.00
1733531689, 7726228, 0, 40, 0, 0, 0.14%, 7, 0, 10, 0.00
1733531694, 7739099, 0, 40, 0, 0, 0.14%, 7, 0, 10, 0.00
1733531700, 7751985, 0, 40, 0, 0, 0.14%, 7, 0, 10, 0.00
