# unix_time, cycles_done, cur_path, paths_total, pending_total, pending_favs, map_size, unique_crashes, unique_hangs, max_depth, execs_per_sec
1735654917, 0, 0, 10, 10, 1, 0.01%, 0, 0, 1, 36.17
1735654922, 0, 4, 10, 10, 1, 0.01%, 0, 0, 1, 37.70
1735654938, 1, 0, 10, 4, 0, 0.01%, 0, 0, 1, 45.90
1735654943, 1, 1, 10, 3, 0, 0.01%, 0, 0, 1, 45.05
1735654948, 1, 2, 10, 2, 0, 0.01%, 0, 0, 1, 45.37
1735654953, 1, 3, 10, 1, 0, 0.01%, 0, 0, 1, 48.64
1735654958, 1, 4, 10, 0, 0, 0.01%, 0, 0, 1, 46.04
1735654968, 1, 5, 10, 0, 0, 0.01%, 0, 0, 1, 47.62
1735654973, 1, 6, 10, 0, 0, 0.01%, 0, 0, 1, 45.94
1735654978, 1, 7, 10, 0, 0, 0.01%, 0, 0, 1, 45.34
1735654983, 1, 8, 10, 0, 0, 0.01%, 0, 0, 1, 47.04
1735654988, 1, 9, 10, 0, 0, 0.01%, 0, 0, 1, 49.29
1735654993, 2, 0, 10, 0, 0, 0.01%, 0, 0, 1, 43.51
1735654998, 2, 1, 10, 0, 0, 0.01%, 0, 0, 1, 45.90
1735655003, 2, 2, 10, 0, 0, 0.01%, 0, 0, 1, 46.81
1735655009, 2, 3, 10, 0, 0, 0.01%, 0, 0, 1, 46.78
1735655014, 2, 4, 10, 0, 0, 0.01%, 0, 0, 1, 45.10
1735655019, 2, 5, 10, 0, 0, 0.01%, 0, 0, 1, 47.18
1735655029, 2, 6, 10, 0, 0, 0.01%, 0, 0, 1, 44.62
1735655034, 2, 7, 10, 0, 0, 0.01%, 0, 0, 1, 45.08
1735655039, 2, 8, 10, 0, 0, 0.01%, 0, 0, 1, 45.26
1735655044, 2, 9, 10, 0, 0, 0.01%, 0, 0, 1, 45.00
1735655049, 3, 0, 10, 0, 0, 0.01%, 0, 0, 1, 45.79
1735655054, 3, 1, 10, 0, 0, 0.01%, 0, 0, 1, 44.91
1735655059, 3, 2, 10, 0, 0, 0.01%, 0, 0, 1, 47.26
1735655064, 3, 3, 10, 0, 0, 0.01%, 0, 0, 1, 46.06
1735655069, 3, 4, 10, 0, 0, 0.01%, 0, 0, 1, 50.14
1735655074, 3, 5, 10, 0, 0, 0.01%, 0, 0, 1, 46.68
1735655080, 3, 6, 10, 0, 0, 0.01%, 0, 0, 1, 47.43
1735655090, 3, 7, 10, 0, 0, 0.01%, 0, 0, 1, 46.14
1735655095, 3, 8, 10, 0, 0, 0.01%, 0, 0, 1, 45.22
1735655100, 3, 9, 10, 0, 0, 0.01%, 0, 0, 1, 44.75
1735655105, 4, 0, 10, 0, 0, 0.01%, 0, 0, 1, 45.90
1735655110, 4, 1, 10, 0, 0, 0.01%, 0, 0, 1, 46.94
1735655115, 4, 2, 10, 0, 0, 0.01%, 0, 0, 1, 46.05
1735655120, 4, 3, 10, 0, 0, 0.01%, 0, 0, 1, 43.72
1735655125, 4, 4, 10, 0, 0, 0.01%, 0, 0, 1, 44.74
1735655135, 4, 5, 10, 0, 0, 0.01%, 0, 0, 1, 47.09
1735655140, 4, 6, 10, 0, 0, 0.01%, 0, 0, 1, 45.42
1735655145, 4, 7, 10, 0, 0, 0.01%, 0, 0, 1, 46.20
1735655150, 4, 8, 10, 0, 0, 0.01%, 0, 0, 1, 43.42
1735655156, 4, 9, 10, 0, 0, 0.01%, 0, 0, 1, 46.04
1735655161, 5, 0, 10, 0, 0, 0.01%, 0, 0, 1, 44.62
1735655166, 5, 1, 10, 0, 0, 0.01%, 0, 0, 1, 45.97
1735655171, 5, 2, 10, 0, 0, 0.01%, 0, 0, 1, 44.57
1735655176, 5, 3, 10, 0, 0, 0.01%, 0, 0, 1, 46.53
1735655186, 5, 4, 10, 0, 0, 0.01%, 0, 0, 1, 45.54
1735655191, 5, 5, 10, 0, 0, 0.01%, 0, 0, 1, 45.30
1735655196, 5, 6, 10, 0, 0, 0.01%, 0, 0, 1, 45.77
1735655201, 5, 7, 10, 0, 0, 0.01%, 0, 0, 1, 44.50
1735655206, 5, 8, 11, 1, 0, 0.14%, 1, 0, 2, 45.19
1735655211, 6, 10, 12, 1, 0, 0.14%, 2, 0, 3, 54.89
1735655217, 6, 10, 13, 2, 0, 0.14%, 3, 0, 3, 55.76
1735655257, 6, 12, 13, 1, 1, 0.14%, 3, 0, 3, 66.54
1735655333, 9, 11, 13, 0, 0, 0.14%, 3, 0, 3, 66.44
1735655344, 9, 11, 14, 1, 0, 0.14%, 3, 0, 4, 49.04
1735655369, 9, 13, 14, 1, 1, 0.14%, 3, 0, 4, 66.75
1735655435, 9, 13, 15, 2, 1, 0.14%, 3, 0, 5, 53.32
1735655531, 9, 14, 16, 2, 1, 0.14%, 3, 0, 6, 80.46
1735655551, 9, 14, 17, 3, 1, 0.14%, 3, 0, 6, 55.85
1735655556, 9, 14, 18, 4, 1, 0.14%, 3, 0, 6, 60.08
1735655566, 9, 14, 19, 5, 1, 0.14%, 3, 0, 6, 59.74
1735655657, 9, 14, 20, 6, 1, 0.14%, 3, 0, 6, 52.88
1735655662, 9, 14, 21, 7, 1, 0.14%, 3, 0, 6, 57.19
1735655688, 9, 18, 21, 6, 2, 0.14%, 3, 0, 6, 85.95
1735655779, 9, 18, 24, 9, 2, 0.14%, 3, 0, 7, 53.52
1735655784, 9, 18, 25, 10, 2, 0.14%, 4, 0, 7, 55.35
1735655789, 9, 23, 25, 9, 1, 0.14%, 4, 0, 7, 84.69
1735655845, 9, 23, 26, 10, 1, 0.14%, 5, 0, 8, 58.99
1735655916, 9, 25, 27, 10, 1, 0.14%, 6, 0, 9, 70.88
1735655941, 9, 25, 28, 11, 1, 0.14%, 6, 0, 9, 61.25
1735655947, 9, 25, 29, 12, 1, 0.14%, 6, 0, 9, 57.91
1735655982, 9, 25, 30, 13, 1, 0.14%, 6, 0, 9, 57.74
1735656028, 9, 25, 31, 14, 1, 0.14%, 6, 0, 9, 54.76
1735656079, 9, 27, 32, 14, 1, 0.14%, 6, 0, 10, 66.33
1735656094, 9, 27, 33, 15, 1, 0.14%, 6, 0, 10, 64.42
1735656236, 9, 32, 33, 14, 1, 0.14%, 6, 0, 10, 114.60
1735656369, 9, 32, 34, 15, 1, 0.14%, 6, 0, 11, 71.45
1735656394, 9, 32, 35, 16, 1, 0.14%, 6, 0, 11, 67.63
1735656486, 10, 16, 35, 14, 0, 0.14%, 6, 0, 11, 45.90
1735656491, 10, 17, 35, 13, 0, 0.14%, 6, 0, 11, 37.36
1735656496, 10, 29, 35, 11, 0, 0.14%, 6, 0, 11, 37.13
1735656557, 10, 29, 36, 12, 0, 0.14%, 6, 0, 11, 63.18
1735656653, 10, 35, 36, 11, 1, 0.14%, 6, 0, 11, 99.86
1735656699, 10, 35, 37, 12, 1, 0.14%, 6, 0, 11, 80.71
1735656760, 10, 35, 38, 13, 1, 0.14%, 6, 0, 11, 69.04
1735656811, 10, 36, 38, 12, 1, 0.14%, 6, 0, 11, 80.95
1735656927, 10, 37, 38, 11, 0, 0.14%, 6, 0, 11, 50.70
1735657259, 11, 22, 38, 10, 0, 0.14%, 6, 0, 11, 49.98
1735657264, 13, 22, 38, 8, 0, 0.14%, 6, 0, 11, 59.26
1735657407, 13, 22, 39, 9, 0, 0.14%, 7, 0, 11, 129.61
1735658208, 13, 38, 39, 9, 1, 0.14%, 7, 0, 11, 54.97
1735658213, 14, 24, 39, 8, 0, 0.14%, 7, 0, 11, 39.64
1735659158, 19, 28, 39, 4, 0, 0.14%, 7, 0, 11, 56.11
1735659198, 21, 20, 39, 3, 0, 0.14%, 7, 0, 11, 54.40
1735659203, 21, 37, 39, 2, 0, 0.14%, 7, 0, 11, 70.60
1735659213, 22, 28, 39, 2, 0, 0.14%, 7, 0, 11, 64.00
1735659224, 22, 37, 39, 2, 0, 0.14%, 7, 0, 11, 81.58
1735659249, 23, 28, 39, 2, 0, 0.14%, 7, 0, 11, 66.23
1735659269, 25, 12, 39, 0, 0, 0.14%, 7, 0, 11, 61.72
1735659274, 25, 30, 39, 0, 0, 0.14%, 7, 0, 11, 81.27
1735659356, 25, 33, 39, 0, 0, 0.14%, 7, 0, 11, 79.33
1735659437, 26, 12, 39, 0, 0, 0.14%, 7, 0, 11, 62.25
1735659442, 26, 30, 39, 0, 0, 0.14%, 7, 0, 11, 58.38
1735659457, 27, 30, 39, 0, 0, 0.14%, 7, 0, 11, 69.39
1735659467, 27, 33, 39, 0, 0, 0.14%, 7, 0, 11, 66.26
1735659478, 28, 30, 39, 0, 0, 0.14%, 7, 0, 11, 71.75
1735659498, 28, 33, 39, 0, 0, 0.14%, 7, 0, 11, 68.66
1735659519, 29, 30, 39, 0, 0, 0.14%, 7, 0, 11, 71.07
1735659555, 29, 33, 39, 0, 0, 0.14%, 7, 0, 11, 69.93
1735659585, 30, 30, 39, 0, 0, 0.14%, 7, 0, 11, 62.59
1735659621, 30, 33, 39, 0, 0, 0.14%, 7, 0, 11, 74.75
1735659656, 31, 30, 39, 0, 0, 0.14%, 7, 0, 11, 69.10
1735659692, 31, 33, 39, 0, 0, 0.14%, 7, 0, 11, 68.25
1735659732, 32, 30, 39, 0, 0, 0.14%, 7, 0, 11, 66.29
1735659763, 32, 33, 39, 0, 0, 0.14%, 7, 0, 11, 61.98
1735659799, 33, 30, 39, 0, 0, 0.14%, 7, 0, 11, 70.19
1735659834, 33, 33, 39, 0, 0, 0.14%, 7, 0, 11, 70.60
1735659870, 34, 30, 39, 0, 0, 0.14%, 7, 0, 11, 68.31
1735659905, 34, 33, 39, 0, 0, 0.14%, 7, 0, 11, 73.16
1735659935, 35, 30, 39, 0, 0, 0.14%, 7, 0, 11, 71.33
1735659971, 35, 33, 39, 0, 0, 0.14%, 7, 0, 11, 69.94
1735660007, 36, 30, 39, 0, 0, 0.14%, 7, 0, 11, 68.26
1735660042, 36, 33, 39, 0, 0, 0.14%, 7, 0, 11, 72.87
1735660077, 36, 37, 39, 0, 0, 0.14%, 7, 0, 11, 84.60
1735660108, 37, 30, 39, 0, 0, 0.14%, 7, 0, 11, 68.33
1735660144, 37, 33, 39, 0, 0, 0.14%, 7, 0, 11, 68.03
1735660179, 38, 28, 39, 0, 0, 0.14%, 7, 0, 11, 62.92
1735660214, 38, 30, 39, 0, 0, 0.14%, 7, 0, 11, 57.60
1735660255, 38, 33, 39, 0, 0, 0.14%, 7, 0, 11, 71.80
1735660286, 39, 30, 39, 0, 0, 0.14%, 7, 0, 11, 70.53
1735660322, 39, 33, 39, 0, 0, 0.14%, 7, 0, 11, 60.22
1735660332, 40, 30, 39, 0, 0, 0.14%, 7, 0, 11, 66.96
1735660347, 40, 33, 39, 0, 0, 0.14%, 7, 0, 11, 66.91
1735660357, 41, 30, 39, 0, 0, 0.14%, 7, 0, 11, 69.10
1735660367, 41, 33, 39, 0, 0, 0.14%, 7, 0, 11, 70.59
1735660377, 42, 30, 39, 0, 0, 0.14%, 7, 0, 11, 65.32
1735660393, 42, 33, 39, 0, 0, 0.14%, 7, 0, 11, 72.03
1735660403, 43, 28, 39, 0, 0, 0.14%, 7, 0, 11, 61.76
1735660443, 43, 30, 39, 0, 0, 0.14%, 7, 0, 11, 64.15
1735660454, 43, 33, 39, 0, 0, 0.14%, 7, 0, 11, 69.06
1735660464, 44, 30, 39, 0, 0, 0.14%, 7, 0, 11, 67.05
1735660479, 44, 33, 39, 0, 0, 0.14%, 7, 0, 11, 69.56
1735660489, 45, 30, 39, 0, 0, 0.14%, 7, 0, 11, 67.58
1735660504, 45, 33, 39, 0, 0, 0.14%, 7, 0, 11, 74.92
1735660515, 46, 30, 39, 0, 0, 0.14%, 7, 0, 11, 63.48
1735660525, 46, 33, 39, 0, 0, 0.14%, 7, 0, 11, 74.14
1735660535, 47, 23, 39, 0, 0, 0.14%, 7, 0, 11, 64.16
1735660540, 47, 30, 39, 0, 0, 0.14%, 7, 0, 11, 64.07
1735660550, 47, 33, 39, 0, 0, 0.14%, 7, 0, 11, 71.42
1735660560, 48, 30, 39, 0, 0, 0.14%, 7, 0, 11, 70.06
1735660576, 48, 33, 39, 0, 0, 0.14%, 7, 0, 11, 69.29
1735660586, 49, 30, 39, 0, 0, 0.14%, 7, 0, 11, 68.23
1735660601, 49, 33, 39, 0, 0, 0.14%, 7, 0, 11, 70.08
1735660606, 50, 30, 39, 0, 0, 0.14%, 7, 0, 11, 68.49
1735660621, 50, 33, 39, 0, 0, 0.14%, 7, 0, 11, 67.65
1735660632, 51, 30, 39, 0, 0, 0.14%, 7, 0, 11, 68.96
1735660647, 51, 33, 39, 0, 0, 0.14%, 7, 0, 11, 68.78
1735660652, 52, 30, 39, 0, 0, 0.14%, 7, 0, 11, 69.46
1735660667, 52, 33, 39, 0, 0, 0.14%, 7, 0, 11, 68.03
1735660677, 52, 34, 39, 0, 0, 0.14%, 7, 0, 11, 109.47
1735660861, 53, 30, 39, 0, 0, 0.14%, 7, 0, 11, 64.03
1735660876, 53, 33, 39, 0, 0, 0.14%, 7, 0, 11, 69.87
1735660886, 54, 30, 39, 0, 0, 0.14%, 7, 0, 11, 69.81
1735660896, 54, 33, 39, 0, 0, 0.14%, 7, 0, 11, 70.06
1735660906, 55, 30, 39, 0, 0, 0.14%, 7, 0, 11, 68.85
1735660916, 55, 33, 39, 0, 0, 0.14%, 7, 0, 11, 65.69
1735660926, 56, 23, 39, 0, 0, 0.14%, 7, 0, 11, 62.64
1735660931, 56, 30, 39, 0, 0, 0.14%, 7, 0, 11, 63.92
1735660941, 56, 33, 39, 0, 0, 0.14%, 7, 0, 11, 70.35
1735660946, 57, 30, 39, 0, 0, 0.14%, 7, 0, 11, 67.69
1735660957, 57, 33, 39, 0, 0, 0.14%, 7, 0, 11, 69.65
1735660967, 58, 30, 39, 0, 0, 0.14%, 7, 0, 11, 63.22
1735660972, 58, 33, 39, 0, 0, 0.14%, 7, 0, 11, 73.67
1735660982, 58, 37, 39, 0, 0, 0.14%, 7, 0, 11, 83.65
1735661013, 59, 30, 39, 0, 0, 0.14%, 7, 0, 11, 66.25
1735661018, 59, 33, 39, 0, 0, 0.14%, 7, 0, 11, 66.98
1735661028, 60, 30, 39, 0, 0, 0.14%, 7, 0, 11, 64.47
1735661038, 60, 33, 39, 0, 0, 0.14%, 7, 0, 11, 73.61
1735661043, 61, 30, 39, 0, 0, 0.14%, 7, 0, 11, 70.85
1735661053, 61, 33, 39, 0, 0, 0.14%, 7, 0, 11, 65.55
1735661063, 62, 30, 39, 0, 0, 0.14%, 7, 0, 11, 68.79
1735661068, 62, 33, 39, 0, 0, 0.14%, 7, 0, 11, 75.70
1735661079, 63, 30, 39, 0, 0, 0.14%, 7, 0, 11, 66.91
1735661084, 64, 30, 39, 0, 0, 0.14%, 7, 0, 11, 70.16
1735661089, 64, 31, 39, 0, 0, 0.14%, 7, 0, 11, 78.70
1735661119, 65, 30, 39, 0, 0, 0.14%, 7, 0, 11, 68.83
1735661130, 66, 30, 39, 0, 0, 0.14%, 7, 0, 11, 63.35
1735661135, 67, 30, 39, 0, 0, 0.14%, 7, 0, 11, 67.05
1735661140, 68, 20, 39, 0, 0, 0.14%, 7, 0, 11, 80.62
1735661582, 68, 30, 39, 0, 0, 0.14%, 7, 0, 11, 67.35
1735661587, 69, 30, 39, 0, 0, 0.14%, 7, 0, 11, 63.01
1735661598, 69, 37, 39, 0, 0, 0.14%, 7, 0, 11, 85.26
1735661628, 70, 30, 39, 0, 0, 0.14%, 7, 0, 11, 69.91
1735661638, 71, 30, 39, 0, 0, 0.14%, 7, 0, 11, 65.79
1735661643, 71, 37, 39, 0, 0, 0.14%, 7, 0, 11, 77.72
1735661679, 72, 15, 39, 0, 0, 0.14%, 7, 0, 11, 82.57
1735661704, 72, 28, 39, 0, 0, 0.14%, 7, 0, 11, 59.65
1735661740, 72, 30, 39, 0, 0, 0.14%, 7, 0, 11, 60.38
1735661750, 73, 30, 39, 0, 0, 0.14%, 7, 0, 11, 68.58
1735661755, 74, 23, 39, 0, 0, 0.14%, 7, 0, 11, 74.08
1735661776, 74, 30, 39, 0, 0, 0.14%, 7, 0, 11, 65.96
1735661786, 75, 30, 39, 0, 0, 0.14%, 7, 0, 11, 65.65
1735661791, 76, 28, 39, 0, 0, 0.14%, 7, 0, 11, 64.66
1735661826, 76, 30, 39, 0, 0, 0.14%, 7, 0, 11, 66.35
1735661836, 77, 30, 39, 0, 0, 0.14%, 7, 0, 11, 64.69
1735661841, 78, 30, 39, 0, 0, 0.14%, 7, 0, 11, 63.78
1735661846, 79, 30, 39, 0, 0, 0.14%, 7, 0, 11, 63.49
1735661856, 80, 30, 39, 0, 0, 0.14%, 7, 0, 11, 65.66
1735661861, 81, 30, 39, 0, 0, 0.14%, 7, 0, 11, 74.29
1735661866, 82, 30, 39, 0, 0, 0.14%, 7, 0, 11, 65.57
1735661877, 83, 30, 39, 0, 0, 0.14%, 7, 0, 11, 64.42
1735661882, 84, 30, 39, 0, 0, 0.14%, 7, 0, 11, 67.62
1735661887, 85, 29, 39, 0, 0, 0.14%, 7, 0, 11, 65.88
1735661897, 85, 30, 39, 0, 0, 0.14%, 7, 0, 11, 66.85
1735661907, 86, 28, 39, 0, 0, 0.14%, 7, 0, 11, 61.81
1735661943, 86, 30, 39, 0, 0, 0.14%, 7, 0, 11, 74.94
1735661948, 87, 30, 39, 0, 0, 0.14%, 7, 0, 11, 70.53
1735661953, 88, 30, 39, 0, 0, 0.14%, 7, 0, 11, 64.95
1735661963, 89, 30, 39, 0, 0, 0.14%, 7, 0, 11, 61.12
1735661968, 90, 30, 39, 0, 0, 0.14%, 7, 0, 11, 72.20
1735661973, 91, 30, 39, 0, 0, 0.14%, 7, 0, 11, 67.18
1735661983, 92, 30, 39, 0, 0, 0.14%, 7, 0, 11, 66.65
1735661988, 93, 30, 39, 0, 0, 0.14%, 7, 0, 11, 71.74
1735661994, 94, 30, 39, 0, 0, 0.14%, 7, 0, 11, 65.72
1735661999, 95, 30, 39, 0, 0, 0.14%, 7, 0, 11, 71.74
1735662009, 96, 30, 39, 0, 0, 0.14%, 7, 0, 11, 64.76
1735662014, 97, 19, 39, 0, 0, 0.14%, 7, 0, 11, 113.81
1735662529, 97, 30, 39, 0, 0, 0.14%, 7, 0, 11, 74.56
1735662539, 98, 18, 39, 0, 0, 0.14%, 7, 0, 11, 62.52
1735662544, 98, 30, 39, 0, 0, 0.14%, 7, 0, 11, 65.43
1735662549, 99, 30, 39, 0, 0, 0.14%, 7, 0, 11, 68.89
1735662554, 100, 30, 39, 0, 0, 0.14%, 7, 0, 11, 65.40
1735662565, 101, 30, 39, 0, 0, 0.14%, 7, 0, 11, 66.70
1735662570, 102, 14, 39, 0, 0, 0.14%, 7, 0, 11, 59.06
1735662575, 102, 30, 39, 0, 0, 0.14%, 7, 0, 11, 69.53
1735662580, 103, 30, 39, 0, 0, 0.14%, 7, 0, 11, 62.68
1735662590, 104, 30, 39, 0, 0, 0.14%, 7, 0, 11, 66.13
1735662595, 105, 10, 39, 0, 0, 0.14%, 7, 0, 11, 62.18
1735662600, 105, 30, 39, 0, 0, 0.14%, 7, 0, 11, 62.34
1735662605, 106, 30, 39, 0, 0, 0.14%, 7, 0, 11, 64.36
1735662610, 107, 22, 39, 0, 0, 0.14%, 7, 0, 11, 68.97
1735662615, 107, 30, 39, 0, 0, 0.14%, 7, 0, 11, 66.17
1735662625, 108, 30, 39, 0, 0, 0.14%, 7, 0, 11, 66.40
1735662630, 109, 30, 39, 0, 0, 0.14%, 7, 0, 11, 60.71
1735662636, 110, 25, 39, 0, 0, 0.14%, 7, 0, 11, 67.01
1735662646, 110, 30, 39, 0, 0, 0.14%, 7, 0, 11, 61.41
1735662656, 111, 30, 39, 0, 0, 0.14%, 7, 0, 11, 70.80
1735662661, 112, 23, 39, 0, 0, 0.14%, 7, 0, 11, 68.57
1735662666, 112, 30, 39, 0, 0, 0.14%, 7, 0, 11, 66.29
1735662671, 113, 30, 39, 0, 0, 0.14%, 7, 0, 11, 66.17
1735662681, 114, 30, 39, 0, 0, 0.14%, 7, 0, 11, 65.41
1735662686, 115, 30, 39, 0, 0, 0.14%, 7, 0, 11, 65.39
1735662691, 116, 18, 39, 0, 0, 0.14%, 7, 0, 11, 66.06
1735662701, 116, 30, 39, 0, 0, 0.14%, 7, 0, 11, 65.64
1735662706, 117, 22, 39, 0, 0, 0.14%, 7, 0, 11, 73.45
1735662717, 117, 30, 39, 0, 0, 0.14%, 7, 0, 11, 71.91
1735662722, 118, 25, 39, 0, 0, 0.14%, 7, 0, 11, 61.96
1735662742, 118, 30, 39, 0, 0, 0.14%, 7, 0, 11, 69.98
1735662747, 119, 30, 39, 0, 0, 0.14%, 7, 0, 11, 65.97
1735662757, 120, 10, 39, 0, 0, 0.14%, 7, 0, 11, 62.06
1735662762, 120, 30, 39, 0, 0, 0.14%, 7, 0, 11, 66.72
1735662767, 121, 11, 39, 0, 0, 0.14%, 7, 0, 11, 65.71
1735662772, 121, 30, 39, 0, 0, 0.14%, 7, 0, 11, 68.00
1735662777, 122, 30, 39, 0, 0, 0.14%, 7, 0, 11, 65.04
1735662787, 123, 30, 39, 0, 0, 0.14%, 7, 0, 11, 72.33
1735662793, 124, 30, 39, 0, 0, 0.14%, 7, 0, 11, 67.92
1735662798, 125, 18, 39, 0, 0, 0.14%, 7, 0, 11, 65.32
1735662818, 125, 30, 39, 0, 0, 0.14%, 7, 0, 11, 65.01
1735662823, 126, 30, 39, 0, 0, 0.14%, 7, 0, 11, 66.77
1735662828, 127, 10, 39, 0, 0, 0.14%, 7, 0, 11, 65.04
1735662843, 127, 30, 39, 0, 0, 0.14%, 7, 0, 11, 73.23
1735662848, 128, 26, 39, 0, 0, 0.14%, 7, 0, 11, 64.17
1735662899, 128, 30, 39, 0, 0, 0.14%, 7, 0, 11, 68.62
1735662904, 129, 28, 39, 0, 0, 0.14%, 7, 0, 11, 64.36
1735662939, 129, 30, 39, 0, 0, 0.14%, 7, 0, 11, 66.18
1735662949, 130, 30, 39, 0, 0, 0.14%, 7, 0, 11, 66.81
1735662954, 131, 29, 39, 0, 0, 0.14%, 7, 0, 11, 67.10
1735662975, 131, 30, 39, 0, 0, 0.14%, 7, 0, 11, 62.95
1735662980, 132, 22, 39, 0, 0, 0.14%, 7, 0, 11, 62.58
1735663000, 132, 30, 39, 0, 0, 0.14%, 7, 0, 11, 65.66
1735663005, 133, 30, 39, 0, 0, 0.14%, 7, 0, 11, 70.87
1735663010, 134, 30, 39, 0, 0, 0.14%, 7, 0, 11, 68.17
1735663016, 135, 30, 39, 0, 0, 0.14%, 7, 0, 11, 63.47
1735663021, 136, 30, 39, 0, 0, 0.14%, 7, 0, 11, 70.41
1735663031, 137, 30, 39, 0, 0, 0.14%, 7, 0, 11, 64.79
1735663036, 138, 30, 39, 0, 0, 0.14%, 7, 0, 11, 70.12
1735663041, 139, 11, 39, 0, 0, 0.14%, 7, 0, 11, 62.69
1735663046, 139, 30, 39, 0, 0, 0.14%, 7, 0, 11, 65.04
1735663051, 140, 30, 39, 0, 0, 0.14%, 7, 0, 11, 65.43
1735663062, 141, 30, 39, 0, 0, 0.14%, 7, 0, 11, 62.46
1735663067, 141, 31, 39, 0, 0, 0.14%, 7, 0, 11, 62.49
1735663077, 142, 28, 39, 0, 0, 0.14%, 7, 0, 11, 62.57
1735663112, 142, 30, 39, 0, 0, 0.14%, 7, 0, 11, 66.71
1735663117, 143, 12, 39, 0, 0, 0.14%, 7, 0, 11, 66.23
1735663122, 143, 25, 39, 0, 0, 0.14%, 7, 0, 11, 65.26
1735663158, 143, 30, 39, 0, 0, 0.14%, 7, 0, 11, 64.17
1735663163, 144, 30, 39, 0, 0, 0.14%, 7, 0, 11, 63.85
1735663173, 145, 30, 39, 0, 0, 0.14%, 7, 0, 11, 63.76
1735663178, 146, 30, 39, 0, 0, 0.14%, 7, 0, 11, 70.58
1735663183, 147, 17, 39, 0, 0, 0.14%, 7, 0, 11, 82.06
1735663508, 147, 22, 39, 0, 0, 0.14%, 7, 0, 11, 66.70
1735663539, 147, 30, 39, 0, 0, 0.14%, 7, 0, 11, 69.24
1735663544, 148, 30, 39, 0, 0, 0.14%, 7, 0, 11, 68.16
1735663549, 149, 25, 39, 0, 0, 0.14%, 7, 0, 11, 61.68
1735663585, 149, 30, 39, 0, 0, 0.14%, 7, 0, 11, 68.88
1735663595, 150, 10, 39, 0, 0, 0.14%, 7, 0, 11, 65.42
1735663615, 150, 30, 39, 0, 0, 0.14%, 7, 0, 11, 68.10
1735663625, 151, 12, 39, 0, 0, 0.14%, 7, 0, 11, 61.15
1735663630, 151, 30, 39, 0, 0, 0.14%, 7, 0, 11, 60.32
1735663635, 152, 30, 39, 0, 0, 0.14%, 7, 0, 11, 66.91
1735663640, 153, 30, 39, 0, 0, 0.14%, 7, 0, 11, 68.06
1735663650, 154, 30, 39, 0, 0, 0.14%, 7, 0, 11, 66.50
1735663655, 155, 30, 39, 0, 0, 0.14%, 7, 0, 11, 66.32
1735663661, 156, 30, 39, 0, 0, 0.14%, 7, 0, 11, 66.54
1735663671, 157, 30, 39, 0, 0, 0.14%, 7, 0, 11, 61.97
1735663676, 158, 10, 39, 0, 0, 0.14%, 7, 0, 11, 60.11
1735663711, 158, 30, 39, 0, 0, 0.14%, 7, 0, 11, 69.45
1735663716, 159, 11, 39, 0, 0, 0.14%, 7, 0, 11, 67.75
1735663726, 159, 30, 39, 0, 0, 0.14%, 7, 0, 11, 60.07
1735663731, 160, 11, 39, 0, 0, 0.14%, 7, 0, 11, 65.12
1735663752, 160, 29, 39, 0, 0, 0.14%, 7, 0, 11, 67.18
1735663787, 160, 30, 39, 0, 0, 0.14%, 7, 0, 11, 66.50
1735663792, 161, 30, 39, 0, 0, 0.14%, 7, 0, 11, 61.73
1735663802, 162, 30, 39, 0, 0, 0.14%, 7, 0, 11, 64.83
1735663807, 163, 10, 39, 0, 0, 0.14%, 7, 0, 11, 59.69
1735663847, 163, 30, 39, 0, 0, 0.14%, 7, 0, 11, 66.90
1735663852, 164, 30, 39, 0, 0, 0.14%, 7, 0, 11, 61.71
1735663858, 165, 14, 39, 0, 0, 0.14%, 7, 0, 11, 63.11
1735663868, 165, 22, 39, 0, 0, 0.14%, 7, 0, 11, 84.36
1735663898, 165, 23, 39, 0, 0, 0.14%, 7, 0, 11, 71.54
1735663913, 165, 26, 39, 0, 0, 0.14%, 7, 0, 11, 62.37
1735663924, 165, 30, 39, 0, 0, 0.14%, 7, 0, 11, 61.74
1735663929, 166, 11, 39, 0, 0, 0.14%, 7, 0, 11, 61.87
1735663964, 166, 30, 39, 0, 0, 0.14%, 7, 0, 11, 66.67
1735663969, 167, 18, 39, 0, 0, 0.14%, 7, 0, 11, 65.42
1735663974, 167, 30, 39, 0, 0, 0.14%, 7, 0, 11, 66.73
1735663984, 168, 30, 39, 0, 0, 0.14%, 7, 0, 11, 64.17
1735663989, 169, 29, 39, 0, 0, 0.14%, 7, 0, 11, 65.18
1735664025, 169, 30, 39, 0, 0, 0.14%, 7, 0, 11, 72.84
1735664030, 170, 11, 39, 0, 0, 0.14%, 7, 0, 11, 68.37
1735664060, 170, 30, 39, 0, 0, 0.14%, 7, 0, 11, 57.11
1735664070, 171, 30, 39, 0, 0, 0.14%, 7, 0, 11, 67.38
1735664075, 172, 30, 39, 0, 0, 0.14%, 7, 0, 11, 67.37
1735664080, 173, 30, 39, 0, 0, 0.14%, 7, 0, 11, 63.27
1735664091, 174, 15, 39, 0, 0, 0.14%, 7, 0, 11, 60.80
1735664096, 174, 26, 39, 0, 0, 0.14%, 7, 0, 11, 61.80
1735664116, 174, 30, 39, 0, 0, 0.14%, 7, 0, 11, 64.09
1735664121, 175, 30, 39, 0, 0, 0.14%, 7, 0, 11, 68.10
1735664126, 176, 30, 39, 0, 0, 0.14%, 7, 0, 11, 64.58
1735664136, 177, 26, 39, 0, 0, 0.14%, 7, 0, 11, 60.66
1735664167, 177, 30, 39, 0, 0, 0.14%, 7, 0, 11, 71.82
1735664172, 178, 29, 39, 0, 0, 0.14%, 7, 0, 11, 62.09
1735664207, 178, 30, 39, 0, 0, 0.14%, 7, 0, 11, 63.77
1735664212, 179, 30, 39, 0, 0, 0.14%, 7, 0, 11, 70.34
1735664217, 179, 31, 39, 0, 0, 0.14%, 7, 0, 11, 64.22
1735664233, 179, 38, 39, 0, 0, 0.14%, 7, 0, 11, 122.50
1735664584, 180, 15, 39, 0, 0, 0.14%, 7, 0, 11, 67.62
1735664594, 180, 30, 39, 0, 0, 0.14%, 7, 0, 11, 71.99
1735664599, 181, 20, 39, 0, 0, 0.14%, 7, 0, 11, 65.43
1735664604, 181, 30, 39, 0, 0, 0.14%, 7, 0, 11, 71.88
1735664609, 182, 30, 39, 0, 0, 0.14%, 7, 0, 11, 65.52
1735664619, 183, 30, 39, 0, 0, 0.14%, 7, 0, 11, 68.37
1735664625, 184, 30, 39, 0, 0, 0.14%, 7, 0, 11, 66.11
1735664630, 185, 30, 39, 0, 0, 0.14%, 7, 0, 11, 65.29
1735664635, 186, 30, 39, 0, 0, 0.14%, 7, 0, 11, 69.71
1735664645, 187, 30, 39, 0, 0, 0.14%, 7, 0, 11, 68.34
1735664650, 188, 30, 39, 0, 0, 0.14%, 7, 0, 11, 65.76
1735664655, 189, 18, 39, 0, 0, 0.14%, 7, 0, 11, 66.96
1735664665, 189, 30, 39, 0, 0, 0.14%, 7, 0, 11, 67.07
1735664670, 190, 14, 39, 0, 0, 0.14%, 7, 0, 11, 65.85
1735664690, 190, 23, 39, 0, 0, 0.14%, 7, 0, 11, 65.93
1735664716, 190, 30, 39, 0, 0, 0.14%, 7, 0, 11, 64.69
1735664721, 191, 12, 39, 0, 0, 0.14%, 7, 0, 11, 60.56
1735664731, 191, 23, 39, 0, 0, 0.14%, 7, 0, 11, 61.20
1735664767, 191, 30, 39, 0, 0, 0.14%, 7, 0, 11, 64.15
1735664777, 192, 19, 39, 0, 0, 0.14%, 7, 0, 11, 64.96
1735664782, 192, 25, 39, 0, 0, 0.14%, 7, 0, 11, 63.09
1735664817, 192, 30, 39, 0, 0, 0.14%, 7, 0, 11, 66.03
1735664822, 193, 20, 39, 0, 0, 0.14%, 7, 0, 11, 69.60
1735664838, 193, 30, 39, 0, 0, 0.14%, 7, 0, 11, 65.60
1735664843, 194, 30, 39, 0, 0, 0.14%, 7, 0, 11, 65.40
1735664848, 195, 30, 39, 0, 0, 0.14%, 7, 0, 11, 68.34
1735664853, 196, 30, 39, 0, 0, 0.14%, 7, 0, 11, 71.16
1735664863, 197, 30, 39, 0, 0, 0.14%, 7, 0, 11, 71.78
1735664868, 198, 15, 39, 0, 0, 0.14%, 7, 0, 11, 69.06
1735664883, 198, 30, 39, 0, 0, 0.14%, 7, 0, 11, 69.47
1735664893, 199, 30, 39, 0, 0, 0.14%, 7, 0, 11, 68.55
1735664904, 199, 35, 39, 0, 0, 0.14%, 7, 0, 11, 75.91
1735664914, 200, 30, 39, 0, 0, 0.14%, 7, 0, 11, 69.68
1735664919, 201, 30, 39, 0, 0, 0.14%, 7, 0, 11, 68.37
1735664924, 201, 36, 39, 0, 0, 0.14%, 7, 0, 11, 66.95
1735664934, 202, 11, 39, 0, 0, 0.14%, 7, 0, 11, 63.86
1735664965, 202, 14, 39, 0, 0, 0.14%, 7, 0, 11, 62.89
1735664995, 206, 14, 39, 0, 0, 0.14%, 7, 0, 11, 65.17
1735665030, 207, 35, 39, 0, 0, 0.14%, 7, 0, 11, 73.57
1735665056, 209, 31, 39, 0, 0, 0.14%, 7, 0, 11, 63.76
1735665091, 210, 17, 39, 0, 0, 0.14%, 7, 0, 11, 66.33
1735665096, 210, 35, 39, 0, 0, 0.14%, 7, 0, 11, 73.93
1735665127, 216, 12, 39, 0, 0, 0.14%, 7, 0, 11, 64.42
1735665147, 216, 36, 39, 0, 0, 0.14%, 7, 0, 11, 70.18
1735665162, 219, 17, 39, 0, 0, 0.14%, 7, 0, 11, 73.27
1735665178, 219, 20, 39, 0, 0, 0.14%, 7, 0, 11, 69.04
1735665203, 220, 26, 39, 0, 0, 0.14%, 7, 0, 11, 59.17
1735665238, 221, 29, 39, 0, 0, 0.14%, 7, 0, 11, 73.00
1735665274, 222, 17, 39, 0, 0, 0.14%, 7, 0, 11, 66.76
1735665299, 222, 34, 39, 0, 0, 0.14%, 7, 0, 11, 68.53
1735665305, 224, 19, 39, 0, 0, 0.14%, 7, 0, 11, 72.18
1735665320, 224, 23, 39, 0, 0, 0.14%, 7, 0, 11, 65.91
1735665355, 225, 12, 39, 0, 0, 0.14%, 7, 0, 11, 58.38
1735665391, 226, 17, 39, 0, 0, 0.14%, 7, 0, 11, 68.44
1735665426, 228, 15, 39, 0, 0, 0.14%, 7, 0, 11, 59.02
1735665462, 229, 23, 39, 0, 0, 0.14%, 7, 0, 11, 66.43
1735665497, 229, 27, 39, 0, 0, 0.14%, 7, 0, 11, 54.53
1735665507, 229, 35, 39, 0, 0, 0.14%, 7, 0, 11, 71.45
1735665543, 230, 19, 39, 0, 0, 0.14%, 7, 0, 11, 86.76
1735665568, 231, 20, 39, 0, 0, 0.14%, 7, 0, 11, 73.84
1735665604, 232, 12, 39, 0, 0, 0.14%, 7, 0, 11, 59.28
1735665639, 232, 21, 39, 0, 0, 0.14%, 7, 0, 11, 94.53
