# unix_time, cycles_done, cur_path, paths_total, pending_total, pending_favs, map_size, unique_crashes, unique_hangs, max_depth, execs_per_sec
1735233631, 0, 0, 10, 10, 1, 0.01%, 0, 0, 1, 37.95
1735233636, 0, 4, 10, 10, 1, 0.01%, 0, 0, 1, 38.49
1735233652, 1, 0, 10, 4, 0, 0.01%, 0, 0, 1, 45.09
1735233657, 1, 1, 10, 3, 0, 0.01%, 0, 0, 1, 44.34
1735233662, 1, 2, 10, 2, 0, 0.01%, 0, 0, 1, 44.54
1735233667, 1, 3, 10, 1, 0, 0.01%, 0, 0, 1, 46.18
1735233672, 1, 4, 10, 0, 0, 0.01%, 0, 0, 1, 45.24
1735233682, 1, 5, 10, 0, 0, 0.01%, 0, 0, 1, 44.45
1735233687, 1, 6, 10, 0, 0, 0.01%, 0, 0, 1, 46.05
1735233692, 1, 7, 10, 0, 0, 0.01%, 0, 0, 1, 44.74
1735233697, 1, 8, 10, 0, 0, 0.01%, 0, 0, 1, 45.53
1735233703, 1, 9, 10, 0, 0, 0.01%, 0, 0, 1, 44.71
1735233708, 2, 0, 10, 0, 0, 0.01%, 0, 0, 1, 46.40
1735233713, 2, 1, 10, 0, 0, 0.01%, 0, 0, 1, 42.89
1735233718, 2, 2, 10, 0, 0, 0.01%, 0, 0, 1, 44.26
1735233728, 2, 3, 10, 0, 0, 0.01%, 0, 0, 1, 44.04
1735233733, 2, 4, 10, 0, 0, 0.01%, 0, 0, 1, 45.85
1735233738, 2, 5, 10, 0, 0, 0.01%, 0, 0, 1, 47.00
1735233743, 2, 6, 10, 0, 0, 0.01%, 0, 0, 1, 44.15
1735233748, 2, 7, 10, 0, 0, 0.01%, 0, 0, 1, 45.83
1735233753, 2, 8, 10, 0, 0, 0.01%, 0, 0, 1, 45.40
1735233758, 2, 9, 10, 0, 0, 0.01%, 0, 0, 1, 46.58
1735233764, 3, 0, 10, 0, 0, 0.01%, 0, 0, 1, 47.47
1735233769, 3, 1, 10, 0, 0, 0.01%, 0, 0, 1, 43.70
1735233774, 3, 2, 10, 0, 0, 0.01%, 0, 0, 1, 47.39
1735233779, 3, 3, 10, 0, 0, 0.01%, 0, 0, 1, 45.75
1735233789, 3, 4, 10, 0, 0, 0.01%, 0, 0, 1, 44.45
1735233794, 3, 5, 10, 0, 0, 0.01%, 0, 0, 1, 44.50
1735233799, 3, 6, 10, 0, 0, 0.01%, 0, 0, 1, 45.39
1735233804, 3, 7, 10, 0, 0, 0.01%, 0, 0, 1, 46.84
1735233809, 3, 8, 10, 0, 0, 0.01%, 0, 0, 1, 45.28
1735233814, 3, 9, 10, 0, 0, 0.01%, 0, 0, 1, 44.35
1735233819, 4, 0, 10, 0, 0, 0.01%, 0, 0, 1, 44.93
1735233824, 4, 1, 10, 0, 0, 0.01%, 0, 0, 1, 42.72
1735233834, 4, 2, 10, 0, 0, 0.01%, 0, 0, 1, 43.86
1735233840, 4, 3, 10, 0, 0, 0.01%, 0, 0, 1, 47.00
1735233845, 4, 4, 10, 0, 0, 0.01%, 0, 0, 1, 44.21
1735233850, 4, 5, 10, 0, 0, 0.01%, 0, 0, 1, 46.83
1735233855, 4, 6, 10, 0, 0, 0.01%, 0, 0, 1, 46.37
1735233860, 4, 7, 10, 0, 0, 0.01%, 0, 0, 1, 43.91
1735233865, 4, 8, 10, 0, 0, 0.01%, 0, 0, 1, 45.18
1735233870, 4, 9, 10, 0, 0, 0.01%, 0, 0, 1, 45.22
1735233880, 5, 0, 10, 0, 0, 0.01%, 0, 0, 1, 45.05
1735233885, 5, 1, 10, 0, 0, 0.01%, 0, 0, 1, 43.57
1735233890, 5, 2, 10, 0, 0, 0.01%, 0, 0, 1, 45.76
1735233895, 5, 3, 10, 0, 0, 0.01%, 0, 0, 1, 44.06
1735233901, 5, 4, 10, 0, 0, 0.01%, 0, 0, 1, 46.16
1735233906, 5, 5, 10, 0, 0, 0.01%, 0, 0, 1, 44.58
1735233911, 5, 6, 10, 0, 0, 0.01%, 0, 0, 1, 45.72
1735233916, 5, 7, 10, 0, 0, 0.01%, 0, 0, 1, 44.51
1735233921, 5, 8, 10, 0, 0, 0.01%, 0, 0, 1, 45.16
1735233931, 5, 9, 10, 0, 0, 0.01%, 0, 0, 1, 44.49
1735233936, 6, 0, 10, 0, 0, 0.01%, 0, 0, 1, 44.58
1735233941, 6, 1, 10, 0, 0, 0.01%, 0, 0, 1, 44.50
1735233946, 6, 2, 10, 0, 0, 0.01%, 0, 0, 1, 43.76
1735233951, 6, 3, 10, 0, 0, 0.01%, 0, 0, 1, 45.19
1735233956, 6, 4, 10, 0, 0, 0.01%, 0, 0, 1, 46.03
1735233962, 6, 5, 10, 0, 0, 0.01%, 0, 0, 1, 43.69
1735233967, 6, 6, 10, 0, 0, 0.01%, 0, 0, 1, 45.46
1735233977, 6, 7, 10, 0, 0, 0.01%, 0, 0, 1, 48.18
1735233982, 6, 8, 10, 0, 0, 0.01%, 0, 0, 1, 46.14
1735233987, 6, 9, 10, 0, 0, 0.01%, 0, 0, 1, 46.11
1735233992, 7, 0, 10, 0, 0, 0.01%, 0, 0, 1, 47.66
1735233997, 7, 1, 10, 0, 0, 0.01%, 0, 0, 1, 45.81
1735234002, 7, 2, 10, 0, 0, 0.01%, 0, 0, 1, 47.29
1735234008, 7, 3, 10, 0, 0, 0.01%, 0, 0, 1, 45.91
1735234013, 7, 4, 10, 0, 0, 0.01%, 0, 0, 1, 44.78
1735234018, 7, 5, 10, 0, 0, 0.01%, 0, 0, 1, 45.56
1735234023, 7, 6, 10, 0, 0, 0.01%, 0, 0, 1, 46.64
1735234033, 7, 7, 10, 0, 0, 0.01%, 0, 0, 1, 47.19
1735234038, 7, 8, 10, 0, 0, 0.01%, 0, 0, 1, 46.58
1735234043, 7, 9, 10, 0, 0, 0.01%, 0, 0, 1, 44.60
1735234048, 8, 0, 10, 0, 0, 0.01%, 0, 0, 1, 47.10
1735234053, 8, 1, 10, 0, 0, 0.01%, 0, 0, 1, 43.70
1735234058, 8, 2, 10, 0, 0, 0.01%, 0, 0, 1, 43.78
1735234063, 8, 3, 10, 0, 0, 0.01%, 0, 0, 1, 44.45
1735234069, 8, 4, 10, 0, 0, 0.01%, 0, 0, 1, 43.76
1735234074, 8, 5, 10, 0, 0, 0.01%, 0, 0, 1, 46.39
1735234084, 8, 6, 10, 0, 0, 0.01%, 0, 0, 1, 44.63
1735234089, 8, 7, 10, 0, 0, 0.01%, 0, 0, 1, 43.37
1735234094, 8, 8, 10, 0, 0, 0.01%, 0, 0, 1, 43.61
1735234099, 8, 9, 10, 0, 0, 0.01%, 0, 0, 1, 45.28
1735234104, 9, 0, 10, 0, 0, 0.01%, 0, 0, 1, 46.34
1735234109, 9, 1, 10, 0, 0, 0.01%, 0, 0, 1, 43.88
1735234114, 9, 2, 10, 0, 0, 0.01%, 0, 0, 1, 46.83
1735234119, 9, 3, 10, 0, 0, 0.01%, 0, 0, 1, 46.52
1735234124, 9, 4, 10, 0, 0, 0.01%, 0, 0, 1, 46.93
1735234135, 9, 5, 10, 0, 0, 0.01%, 0, 0, 1, 45.75
1735234140, 9, 6, 10, 0, 0, 0.01%, 0, 0, 1, 45.82
1735234145, 9, 7, 10, 0, 0, 0.01%, 0, 0, 1, 47.09
1735234150, 9, 8, 10, 0, 0, 0.01%, 0, 0, 1, 45.13
1735234155, 9, 9, 10, 0, 0, 0.01%, 0, 0, 1, 47.84
1735234160, 10, 0, 10, 0, 0, 0.01%, 0, 0, 1, 44.06
1735234165, 10, 1, 10, 0, 0, 0.01%, 0, 0, 1, 46.85
1735234170, 10, 2, 10, 0, 0, 0.01%, 0, 0, 1, 44.04
1735234175, 10, 3, 10, 0, 0, 0.01%, 0, 0, 1, 45.10
1735234180, 10, 4, 10, 0, 0, 0.01%, 0, 0, 1, 47.60
1735234190, 10, 5, 10, 0, 0, 0.01%, 0, 0, 1, 46.22
1735234195, 10, 6, 10, 0, 0, 0.01%, 0, 0, 1, 44.28
1735234201, 10, 7, 10, 0, 0, 0.01%, 0, 0, 1, 47.20
1735234206, 10, 8, 10, 0, 0, 0.01%, 0, 0, 1, 45.70
1735234211, 10, 9, 10, 0, 0, 0.01%, 0, 0, 1, 45.83
1735234216, 11, 0, 10, 0, 0, 0.01%, 0, 0, 1, 45.28
1735234221, 11, 1, 10, 0, 0, 0.01%, 0, 0, 1, 45.57
1735234226, 11, 2, 10, 0, 0, 0.01%, 0, 0, 1, 44.38
1735234231, 11, 3, 10, 0, 0, 0.01%, 0, 0, 1, 47.41
1735234241, 11, 4, 10, 0, 0, 0.01%, 0, 0, 1, 46.43
1735234246, 11, 5, 10, 0, 0, 0.01%, 0, 0, 1, 45.23
1735234251, 11, 6, 10, 0, 0, 0.01%, 0, 0, 1, 47.29
1735234256, 11, 7, 10, 0, 0, 0.01%, 0, 0, 1, 46.57
1735234261, 11, 8, 10, 0, 0, 0.01%, 0, 0, 1, 48.52
1735234266, 11, 9, 10, 0, 0, 0.01%, 0, 0, 1, 47.64
1735234271, 12, 0, 10, 0, 0, 0.01%, 0, 0, 1, 47.42
1735234276, 12, 1, 10, 0, 0, 0.01%, 0, 0, 1, 47.79
1735234282, 12, 2, 10, 0, 0, 0.01%, 0, 0, 1, 50.21
1735234287, 12, 3, 10, 0, 0, 0.01%, 0, 0, 1, 48.79
1735234292, 12, 4, 10, 0, 0, 0.01%, 0, 0, 1, 48.20
1735234297, 12, 5, 10, 0, 0, 0.01%, 0, 0, 1, 48.67
1735234302, 12, 6, 10, 0, 0, 0.01%, 0, 0, 1, 48.32
1735234307, 12, 7, 10, 0, 0, 0.01%, 0, 0, 1, 49.70
1735234312, 12, 8, 10, 0, 0, 0.01%, 0, 0, 1, 46.82
1735234317, 12, 9, 10, 0, 0, 0.01%, 0, 0, 1, 48.09
1735234322, 13, 0, 10, 0, 0, 0.01%, 0, 0, 1, 47.61
1735234327, 13, 1, 10, 0, 0, 0.01%, 0, 0, 1, 49.34
1735234338, 13, 2, 10, 0, 0, 0.01%, 0, 0, 1, 48.05
1735234343, 13, 3, 10, 0, 0, 0.01%, 0, 0, 1, 46.66
1735234348, 13, 4, 10, 0, 0, 0.01%, 0, 0, 1, 47.17
1735234353, 13, 5, 10, 0, 0, 0.01%, 0, 0, 1, 47.08
1735234358, 13, 6, 10, 0, 0, 0.01%, 0, 0, 1, 47.94
1735234363, 13, 7, 10, 0, 0, 0.01%, 0, 0, 1, 47.17
1735234368, 13, 8, 10, 0, 0, 0.01%, 0, 0, 1, 47.85
1735234373, 13, 9, 10, 0, 0, 0.01%, 0, 0, 1, 45.58
1735234378, 14, 0, 10, 0, 0, 0.01%, 0, 0, 1, 46.11
1735234383, 14, 1, 10, 0, 0, 0.01%, 0, 0, 1, 46.64
1735234388, 14, 2, 10, 0, 0, 0.01%, 0, 0, 1, 49.05
1735234394, 14, 3, 10, 0, 0, 0.01%, 0, 0, 1, 48.03
1735234399, 14, 4, 10, 0, 0, 0.01%, 0, 0, 1, 48.25
1735234404, 14, 5, 10, 0, 0, 0.01%, 0, 0, 1, 46.68
1735234409, 14, 6, 10, 0, 0, 0.01%, 0, 0, 1, 47.10
1735234414, 14, 7, 10, 0, 0, 0.01%, 0, 0, 1, 45.79
1735234424, 14, 8, 10, 0, 0, 0.01%, 0, 0, 1, 49.94
1735234429, 14, 9, 10, 0, 0, 0.01%, 0, 0, 1, 47.96
1735234434, 15, 0, 10, 0, 0, 0.01%, 0, 0, 1, 46.57
1735234439, 15, 1, 10, 0, 0, 0.01%, 0, 0, 1, 47.57
1735234444, 15, 2, 10, 0, 0, 0.01%, 0, 0, 1, 46.66
1735234449, 15, 3, 10, 0, 0, 0.01%, 0, 0, 1, 47.92
1735234454, 15, 4, 10, 0, 0, 0.01%, 0, 0, 1, 46.60
1735234459, 15, 5, 10, 0, 0, 0.01%, 0, 0, 1, 44.02
1735234480, 15, 6, 10, 0, 0, 0.01%, 0, 0, 1, 42.08
1735234500, 15, 7, 10, 0, 0, 0.01%, 0, 0, 1, 41.60
1735234521, 15, 8, 10, 0, 0, 0.01%, 0, 0, 1, 43.37
1735234541, 15, 9, 10, 0, 0, 0.01%, 0, 0, 1, 42.75
1735234562, 16, 0, 10, 0, 0, 0.01%, 0, 0, 1, 43.80
1735234582, 16, 1, 10, 0, 0, 0.01%, 0, 0, 1, 43.73
1735234602, 16, 2, 10, 0, 0, 0.01%, 0, 0, 1, 43.97
1735234623, 16, 3, 10, 0, 0, 0.01%, 0, 0, 1, 45.80
1735234628, 16, 4, 10, 0, 0, 0.01%, 0, 0, 1, 46.10
1735234633, 16, 5, 10, 0, 0, 0.01%, 0, 0, 1, 45.82
1735234643, 16, 6, 10, 0, 0, 0.01%, 0, 0, 1, 48.87
1735234648, 16, 7, 10, 0, 0, 0.01%, 0, 0, 1, 48.74
1735234653, 16, 8, 10, 0, 0, 0.01%, 0, 0, 1, 46.85
1735234658, 16, 9, 10, 0, 0, 0.01%, 0, 0, 1, 44.95
1735234663, 17, 0, 10, 0, 0, 0.01%, 0, 0, 1, 45.68
1735234668, 17, 1, 10, 0, 0, 0.01%, 0, 0, 1, 46.88
1735234674, 17, 2, 10, 0, 0, 0.01%, 0, 0, 1, 43.91
1735234679, 17, 3, 10, 0, 0, 0.01%, 0, 0, 1, 47.33
1735234684, 17, 4, 10, 0, 0, 0.01%, 0, 0, 1, 46.51
1735234689, 17, 5, 10, 0, 0, 0.01%, 0, 0, 1, 47.66
1735234694, 17, 6, 10, 0, 0, 0.01%, 0, 0, 1, 47.88
1735234699, 17, 7, 10, 0, 0, 0.01%, 0, 0, 1, 47.73
1735234709, 17, 8, 10, 0, 0, 0.01%, 0, 0, 1, 45.38
1735234714, 17, 9, 10, 0, 0, 0.01%, 0, 0, 1, 46.86
1735234719, 18, 0, 10, 0, 0, 0.01%, 0, 0, 1, 46.44
1735234724, 18, 1, 10, 0, 0, 0.01%, 0, 0, 1, 47.73
1735234729, 18, 2, 10, 0, 0, 0.01%, 0, 0, 1, 47.22
1735234734, 18, 3, 10, 0, 0, 0.01%, 0, 0, 1, 46.77
1735234739, 18, 4, 10, 0, 0, 0.01%, 0, 0, 1, 46.12
1735234745, 18, 5, 10, 0, 0, 0.01%, 0, 0, 1, 49.26
1735234750, 18, 6, 10, 0, 0, 0.01%, 0, 0, 1, 48.67
1735234755, 18, 7, 10, 0, 0, 0.01%, 0, 0, 1, 49.71
1735234760, 18, 8, 10, 0, 0, 0.01%, 0, 0, 1, 48.22
1735234765, 18, 9, 10, 0, 0, 0.01%, 0, 0, 1, 49.84
1735234770, 19, 0, 10, 0, 0, 0.01%, 0, 0, 1, 50.66
1735234775, 19, 1, 10, 0, 0, 0.01%, 0, 0, 1, 47.11
1735234780, 19, 2, 10, 0, 0, 0.01%, 0, 0, 1, 45.68
1735234785, 19, 3, 10, 0, 0, 0.01%, 0, 0, 1, 46.74
1735234790, 19, 4, 10, 0, 0, 0.01%, 0, 0, 1, 47.32
1735234800, 19, 5, 10, 0, 0, 0.01%, 0, 0, 1, 48.00
1735234805, 19, 6, 10, 0, 0, 0.01%, 0, 0, 1, 45.16
1735234811, 19, 7, 10, 0, 0, 0.01%, 0, 0, 1, 48.60
1735234816, 19, 8, 10, 0, 0, 0.01%, 0, 0, 1, 45.85
1735234821, 19, 9, 10, 0, 0, 0.01%, 0, 0, 1, 46.65
1735234826, 20, 0, 10, 0, 0, 0.01%, 0, 0, 1, 50.69
1735234831, 20, 1, 10, 0, 0, 0.01%, 0, 0, 1, 46.56
1735234836, 20, 2, 10, 0, 0, 0.01%, 0, 0, 1, 47.07
1735234841, 20, 3, 10, 0, 0, 0.01%, 0, 0, 1, 46.91
1735234846, 20, 4, 10, 0, 0, 0.01%, 0, 0, 1, 49.07
1735234851, 20, 5, 10, 0, 0, 0.01%, 0, 0, 1, 48.36
1735234856, 20, 6, 10, 0, 0, 0.01%, 0, 0, 1, 47.58
1735234861, 20, 7, 10, 0, 0, 0.01%, 0, 0, 1, 48.66
1735234866, 20, 8, 10, 0, 0, 0.01%, 0, 0, 1, 48.73
1735234871, 20, 9, 10, 0, 0, 0.01%, 0, 0, 1, 49.74
1735234877, 21, 0, 10, 0, 0, 0.01%, 0, 0, 1, 48.52
1735234882, 21, 1, 10, 0, 0, 0.01%, 0, 0, 1, 46.49
1735234892, 21, 2, 10, 0, 0, 0.01%, 0, 0, 1, 46.27
1735234897, 21, 3, 10, 0, 0, 0.01%, 0, 0, 1, 48.03
1735234902, 21, 4, 10, 0, 0, 0.01%, 0, 0, 1, 44.63
1735234907, 21, 5, 10, 0, 0, 0.01%, 0, 0, 1, 46.66
1735234912, 21, 6, 10, 0, 0, 0.01%, 0, 0, 1, 46.21
1735234917, 21, 7, 10, 0, 0, 0.01%, 0, 0, 1, 47.47
1735234922, 21, 8, 10, 0, 0, 0.01%, 0, 0, 1, 47.85
1735234927, 21, 9, 10, 0, 0, 0.01%, 0, 0, 1, 49.11
1735234932, 22, 0, 10, 0, 0, 0.01%, 0, 0, 1, 46.52
1735234938, 22, 1, 10, 0, 0, 0.01%, 0, 0, 1, 48.71
1735234943, 22, 2, 10, 0, 0, 0.01%, 0, 0, 1, 47.08
1735234948, 22, 3, 10, 0, 0, 0.01%, 0, 0, 1, 47.33
1735234953, 22, 4, 10, 0, 0, 0.01%, 0, 0, 1, 46.24
1735234958, 22, 5, 10, 0, 0, 0.01%, 0, 0, 1, 49.03
1735234968, 22, 6, 10, 0, 0, 0.01%, 0, 0, 1, 49.50
1735234973, 22, 7, 10, 0, 0, 0.01%, 0, 0, 1, 47.09
1735234978, 22, 8, 10, 0, 0, 0.01%, 0, 0, 1, 48.08
1735234983, 22, 9, 10, 0, 0, 0.01%, 0, 0, 1, 47.48
1735234988, 23, 0, 10, 0, 0, 0.01%, 0, 0, 1, 48.63
1735234993, 23, 1, 10, 0, 0, 0.01%, 0, 0, 1, 47.34
1735234998, 23, 2, 10, 0, 0, 0.01%, 0, 0, 1, 47.22
1735235004, 23, 3, 10, 0, 0, 0.01%, 0, 0, 1, 46.40
1735235009, 23, 4, 10, 0, 0, 0.01%, 0, 0, 1, 47.25
1735235014, 23, 5, 10, 0, 0, 0.01%, 0, 0, 1, 46.84
1735235019, 23, 6, 10, 0, 0, 0.01%, 0, 0, 1, 48.57
1735235024, 23, 7, 10, 0, 0, 0.01%, 0, 0, 1, 48.75
1735235029, 23, 8, 10, 0, 0, 0.01%, 0, 0, 1, 47.73
1735235034, 23, 9, 10, 0, 0, 0.01%, 0, 0, 1, 48.85
1735235039, 24, 0, 10, 0, 0, 0.01%, 0, 0, 1, 48.21
1735235044, 24, 1, 10, 0, 0, 0.01%, 0, 0, 1, 46.31
1735235055, 24, 2, 10, 0, 0, 0.01%, 0, 0, 1, 45.80
1735235060, 24, 3, 10, 0, 0, 0.01%, 0, 0, 1, 50.01
1735235065, 24, 4, 10, 0, 0, 0.01%, 0, 0, 1, 46.33
1735235070, 24, 5, 10, 0, 0, 0.01%, 0, 0, 1, 46.15
1735235075, 24, 6, 10, 0, 0, 0.01%, 0, 0, 1, 47.71
1735235080, 24, 7, 10, 0, 0, 0.01%, 0, 0, 1, 46.31
1735235085, 24, 8, 10, 0, 0, 0.01%, 0, 0, 1, 50.13
1735235090, 24, 9, 10, 0, 0, 0.01%, 0, 0, 1, 47.59
1735235095, 25, 0, 10, 0, 0, 0.01%, 0, 0, 1, 50.18
1735235100, 25, 1, 10, 0, 0, 0.01%, 0, 0, 1, 47.54
1735235105, 25, 2, 10, 0, 0, 0.01%, 0, 0, 1, 50.68
1735235110, 25, 3, 10, 0, 0, 0.01%, 0, 0, 1, 46.08
1735235116, 25, 4, 10, 0, 0, 0.01%, 0, 0, 1, 49.03
1735235121, 25, 5, 10, 0, 0, 0.01%, 0, 0, 1, 45.81
1735235131, 25, 6, 10, 0, 0, 0.01%, 0, 0, 1, 47.80
1735235136, 25, 7, 10, 0, 0, 0.01%, 0, 0, 1, 46.56
1735235141, 25, 8, 10, 0, 0, 0.01%, 0, 0, 1, 49.25
1735235146, 25, 9, 10, 0, 0, 0.01%, 0, 0, 1, 48.57
1735235151, 26, 0, 10, 0, 0, 0.01%, 0, 0, 1, 48.27
1735235156, 26, 1, 10, 0, 0, 0.01%, 0, 0, 1, 47.63
1735235161, 26, 2, 10, 0, 0, 0.01%, 0, 0, 1, 48.52
1735235166, 26, 3, 10, 0, 0, 0.01%, 0, 0, 1, 47.54
1735235171, 26, 4, 10, 0, 0, 0.01%, 0, 0, 1, 48.31
1735235177, 26, 5, 10, 0, 0, 0.01%, 0, 0, 1, 49.31
1735235182, 26, 6, 10, 0, 0, 0.01%, 0, 0, 1, 50.02
1735235187, 26, 7, 10, 0, 0, 0.01%, 0, 0, 1, 46.26
1735235192, 26, 8, 10, 0, 0, 0.01%, 0, 0, 1, 44.73
1735235197, 26, 9, 10, 0, 0, 0.01%, 0, 0, 1, 45.97
1735235202, 27, 0, 10, 0, 0, 0.01%, 0, 0, 1, 45.81
1735235207, 27, 1, 10, 0, 0, 0.01%, 0, 0, 1, 48.69
1735235212, 27, 2, 10, 0, 0, 0.01%, 0, 0, 1, 47.94
1735235217, 27, 3, 10, 0, 0, 0.01%, 0, 0, 1, 48.64
1735235222, 27, 4, 10, 0, 0, 0.01%, 0, 0, 1, 46.58
1735235232, 27, 5, 10, 0, 0, 0.01%, 0, 0, 1, 48.01
1735235237, 27, 6, 10, 0, 0, 0.01%, 0, 0, 1, 50.12
1735235242, 27, 7, 10, 0, 0, 0.01%, 0, 0, 1, 45.64
1735235247, 27, 8, 10, 0, 0, 0.01%, 0, 0, 1, 48.12
1735235252, 27, 9, 10, 0, 0, 0.01%, 0, 0, 1, 47.81
1735235257, 28, 0, 10, 0, 0, 0.01%, 0, 0, 1, 47.19
1735235263, 28, 1, 10, 0, 0, 0.01%, 0, 0, 1, 47.54
1735235268, 28, 2, 10, 0, 0, 0.01%, 0, 0, 1, 46.72
1735235273, 28, 3, 10, 0, 0, 0.01%, 0, 0, 1, 48.61
1735235278, 28, 4, 10, 0, 0, 0.01%, 0, 0, 1, 47.48
1735235283, 28, 5, 10, 0, 0, 0.01%, 0, 0, 1, 47.18
1735235288, 28, 6, 10, 0, 0, 0.01%, 0, 0, 1, 47.16
1735235293, 28, 7, 10, 0, 0, 0.01%, 0, 0, 1, 51.96
1735235298, 28, 8, 10, 0, 0, 0.01%, 0, 0, 1, 48.54
1735235303, 28, 9, 10, 0, 0, 0.01%, 0, 0, 1, 50.20
1735235308, 29, 0, 10, 0, 0, 0.01%, 0, 0, 1, 49.83
1735235313, 29, 1, 10, 0, 0, 0.01%, 0, 0, 1, 51.17
1735235318, 29, 2, 10, 0, 0, 0.01%, 0, 0, 1, 45.94
1735235323, 29, 3, 10, 0, 0, 0.01%, 0, 0, 1, 46.16
1735235333, 29, 4, 10, 0, 0, 0.01%, 0, 0, 1, 47.16
1735235339, 29, 5, 10, 0, 0, 0.01%, 0, 0, 1, 47.03
1735235344, 29, 6, 10, 0, 0, 0.01%, 0, 0, 1, 45.45
1735235349, 29, 7, 10, 0, 0, 0.01%, 0, 0, 1, 45.99
1735235354, 29, 8, 10, 0, 0, 0.01%, 0, 0, 1, 46.82
1735235359, 29, 9, 10, 0, 0, 0.01%, 0, 0, 1, 47.75
1735235364, 30, 0, 10, 0, 0, 0.01%, 0, 0, 1, 48.04
1735235369, 30, 1, 10, 0, 0, 0.01%, 0, 0, 1, 46.44
1735235374, 30, 2, 10, 0, 0, 0.01%, 0, 0, 1, 47.76
1735235379, 30, 3, 10, 0, 0, 0.01%, 0, 0, 1, 46.78
1735235384, 30, 4, 10, 0, 0, 0.01%, 0, 0, 1, 48.32
1735235389, 30, 5, 10, 0, 0, 0.01%, 0, 0, 1, 47.04
1735235394, 30, 6, 10, 0, 0, 0.01%, 0, 0, 1, 51.36
1735235399, 30, 7, 10, 0, 0, 0.01%, 0, 0, 1, 49.20
1735235404, 30, 8, 10, 0, 0, 0.01%, 0, 0, 1, 49.27
1735235410, 30, 9, 10, 0, 0, 0.01%, 0, 0, 1, 47.81
1735235415, 31, 0, 10, 0, 0, 0.01%, 0, 0, 1, 51.27
1735235420, 31, 1, 10, 0, 0, 0.01%, 0, 0, 1, 49.11
1735235430, 31, 2, 10, 0, 0, 0.01%, 0, 0, 1, 45.24
1735235435, 31, 3, 10, 0, 0, 0.01%, 0, 0, 1, 45.02
1735235440, 31, 4, 10, 0, 0, 0.01%, 0, 0, 1, 47.77
1735235445, 31, 5, 10, 0, 0, 0.01%, 0, 0, 1, 48.31
1735235450, 31, 6, 10, 0, 0, 0.01%, 0, 0, 1, 49.54
1735235455, 31, 7, 10, 0, 0, 0.01%, 0, 0, 1, 50.93
1735235460, 31, 8, 10, 0, 0, 0.01%, 0, 0, 1, 47.05
1735235465, 31, 9, 10, 0, 0, 0.01%, 0, 0, 1, 46.31
1735235470, 32, 0, 10, 0, 0, 0.01%, 0, 0, 1, 46.00
1735235475, 32, 1, 10, 0, 0, 0.01%, 0, 0, 1, 44.97
1735235480, 32, 2, 10, 0, 0, 0.01%, 0, 0, 1, 47.85
1735235486, 32, 3, 10, 0, 0, 0.01%, 0, 0, 1, 45.35
1735235491, 32, 4, 10, 0, 0, 0.01%, 0, 0, 1, 46.39
1735235496, 32, 5, 10, 0, 0, 0.01%, 0, 0, 1, 45.24
1735235506, 32, 6, 10, 0, 0, 0.01%, 0, 0, 1, 47.20
1735235511, 32, 7, 10, 0, 0, 0.01%, 0, 0, 1, 47.10
1735235516, 32, 10, 11, 1, 1, 0.14%, 1, 0, 2, 58.13
1735235592, 38, 10, 11, 0, 0, 0.14%, 1, 0, 2, 49.68
1735235628, 39, 10, 12, 1, 0, 0.14%, 2, 0, 3, 50.79
1735235688, 39, 11, 12, 1, 1, 0.14%, 2, 0, 3, 39.79
1735235918, 39, 11, 15, 4, 1, 0.14%, 3, 0, 4, 104.53
1735235924, 39, 11, 21, 10, 1, 0.14%, 3, 0, 4, 97.55
1735235954, 39, 11, 25, 14, 1, 0.14%, 3, 0, 4, 103.34
1735235985, 39, 11, 27, 16, 1, 0.14%, 4, 0, 4, 101.37
1735235990, 39, 11, 27, 16, 1, 0.14%, 5, 0, 4, 105.89
1735237978, 39, 12, 27, 15, 2, 0.14%, 5, 0, 4, 44.70
1735237993, 39, 23, 27, 11, 0, 0.14%, 5, 0, 4, 35.07
1735237998, 42, 24, 27, 7, 0, 0.14%, 5, 0, 4, 36.05
1735238009, 43, 26, 27, 6, 0, 0.14%, 5, 0, 4, 36.22
1735238014, 48, 16, 27, 2, 0, 0.14%, 5, 0, 4, 56.73
1735238074, 49, 12, 27, 2, 0, 0.14%, 5, 0, 4, 57.78
1735238295, 49, 12, 28, 3, 0, 0.14%, 5, 0, 5, 111.36
1735240331, 49, 27, 28, 3, 1, 0.14%, 5, 0, 5, 54.51
1735240347, 59, 19, 28, 0, 0, 0.14%, 5, 0, 5, 49.44
1735240408, 59, 27, 28, 0, 0, 0.14%, 5, 0, 5, 58.82
1735242696, 60, 19, 28, 0, 0, 0.14%, 5, 0, 5, 56.66
1735242706, 61, 19, 28, 0, 0, 0.14%, 5, 0, 5, 55.31
1735242737, 62, 19, 28, 0, 0, 0.14%, 5, 0, 5, 57.94
1735242767, 63, 19, 28, 0, 0, 0.14%, 5, 0, 5, 56.58
1735242803, 63, 27, 28, 0, 0, 0.14%, 5, 0, 5, 59.82
1735242813, 64, 19, 29, 1, 0, 0.14%, 6, 0, 5, 56.78
1735242849, 64, 28, 29, 1, 1, 0.14%, 6, 0, 5, 53.48
1735242854, 64, 28, 30, 2, 1, 0.14%, 7, 0, 6, 86.59
1735242884, 64, 28, 31, 3, 1, 0.14%, 7, 0, 6, 55.05
1735242894, 64, 28, 32, 4, 1, 0.14%, 7, 0, 6, 55.60
1735242900, 64, 28, 33, 5, 1, 0.14%, 7, 0, 6, 58.28
1735242935, 64, 28, 34, 6, 1, 0.14%, 7, 0, 6, 54.55
1735242985, 65, 27, 34, 3, 0, 0.14%, 7, 0, 6, 58.89
1735243001, 65, 33, 34, 0, 0, 0.14%, 7, 0, 6, 70.09
1735243077, 66, 29, 34, 0, 0, 0.14%, 7, 0, 6, 65.01
1735243082, 66, 29, 35, 1, 0, 0.14%, 7, 0, 7, 83.96
1735243168, 67, 34, 35, 0, 0, 0.14%, 7, 0, 7, 65.54
1735243260, 70, 10, 35, 0, 0, 0.14%, 7, 0, 7, 53.70
1735243265, 74, 16, 35, 0, 0, 0.14%, 7, 0, 7, 52.77
1735243290, 74, 34, 35, 0, 0, 0.14%, 7, 0, 7, 57.26
1735243320, 75, 34, 35, 0, 0, 0.14%, 7, 0, 7, 61.95
1735243361, 76, 30, 35, 0, 0, 0.14%, 7, 0, 7, 87.31
1735243448, 76, 34, 36, 1, 0, 0.14%, 7, 0, 8, 56.10
1735243504, 76, 35, 36, 1, 1, 0.14%, 7, 0, 8, 85.42
1735243560, 76, 35, 37, 2, 1, 0.14%, 7, 0, 9, 64.86
1735243601, 76, 35, 38, 3, 1, 0.14%, 7, 0, 9, 65.44
1735243636, 76, 35, 39, 4, 1, 0.14%, 7, 0, 9, 70.03
1735243677, 76, 38, 39, 3, 1, 0.14%, 7, 0, 9, 76.50
1735243871, 80, 37, 39, 0, 0, 0.14%, 7, 0, 9, 70.60
1735243933, 80, 37, 40, 1, 0, 0.14%, 7, 0, 10, 67.63
1735243943, 80, 37, 41, 2, 0, 0.14%, 7, 0, 10, 66.95
1735244044, 80, 39, 41, 2, 2, 0.14%, 7, 0, 10, 92.74
1735244151, 80, 39, 42, 3, 2, 0.14%, 7, 0, 11, 75.80
1735244161, 80, 39, 43, 4, 2, 0.14%, 7, 0, 11, 70.66
1735244207, 80, 39, 44, 5, 2, 0.14%, 7, 0, 11, 74.33
1735244217, 80, 39, 45, 6, 2, 0.14%, 7, 0, 11, 80.96
1735244222, 80, 40, 45, 5, 2, 0.14%, 7, 0, 11, 76.01
1735244284, 80, 40, 46, 6, 2, 0.14%, 7, 0, 11, 70.71
1735244365, 80, 44, 46, 5, 2, 0.14%, 7, 0, 11, 73.21
