# unix_time, cycles_done, cur_path, paths_total, pending_total, pending_favs, map_size, unique_crashes, unique_hangs, max_depth, execs_per_sec
1735201232, 0, 0, 10, 10, 1, 0.01%, 0, 0, 1, 35.65
1735201237, 0, 2, 10, 10, 1, 0.01%, 0, 0, 1, 36.70
1735201252, 1, 0, 10, 2, 0, 0.01%, 0, 0, 1, 46.36
1735201257, 1, 1, 10, 1, 0, 0.01%, 0, 0, 1, 46.61
1735201262, 1, 2, 10, 0, 0, 0.01%, 0, 0, 1, 44.40
1735201267, 1, 3, 10, 0, 0, 0.01%, 0, 0, 1, 47.94
1735201277, 1, 4, 10, 0, 0, 0.01%, 0, 0, 1, 44.38
1735201282, 1, 5, 10, 0, 0, 0.01%, 0, 0, 1, 43.35
1735201287, 1, 6, 10, 0, 0, 0.01%, 0, 0, 1, 44.66
1735201292, 1, 7, 10, 0, 0, 0.01%, 0, 0, 1, 43.51
1735201297, 1, 8, 10, 0, 0, 0.01%, 0, 0, 1, 43.19
1735201303, 1, 9, 10, 0, 0, 0.01%, 0, 0, 1, 46.86
1735201308, 2, 0, 10, 0, 0, 0.01%, 0, 0, 1, 45.29
1735201313, 2, 1, 10, 0, 0, 0.01%, 0, 0, 1, 49.09
1735201323, 2, 2, 10, 0, 0, 0.01%, 0, 0, 1, 45.50
1735201328, 2, 3, 10, 0, 0, 0.01%, 0, 0, 1, 44.55
1735201333, 2, 4, 10, 0, 0, 0.01%, 0, 0, 1, 44.31
1735201338, 2, 5, 10, 0, 0, 0.01%, 0, 0, 1, 44.98
1735201343, 2, 6, 10, 0, 0, 0.01%, 0, 0, 1, 47.12
1735201348, 2, 7, 10, 0, 0, 0.01%, 0, 0, 1, 45.68
1735201353, 2, 8, 10, 0, 0, 0.01%, 0, 0, 1, 45.76
1735201358, 2, 9, 10, 0, 0, 0.01%, 0, 0, 1, 45.13
1735201363, 3, 0, 10, 0, 0, 0.01%, 0, 0, 1, 43.92
1735201374, 3, 1, 10, 0, 0, 0.01%, 0, 0, 1, 45.22
1735201379, 3, 2, 10, 0, 0, 0.01%, 0, 0, 1, 44.87
1735201384, 3, 3, 10, 0, 0, 0.01%, 0, 0, 1, 48.35
1735201389, 3, 4, 10, 0, 0, 0.01%, 0, 0, 1, 46.21
1735201394, 3, 5, 10, 0, 0, 0.01%, 0, 0, 1, 45.29
1735201399, 3, 6, 10, 0, 0, 0.01%, 0, 0, 1, 44.12
1735201404, 3, 7, 10, 0, 0, 0.01%, 0, 0, 1, 43.14
1735201409, 3, 8, 10, 0, 0, 0.01%, 0, 0, 1, 44.47
1735201419, 3, 9, 10, 0, 0, 0.01%, 0, 0, 1, 46.15
1735201425, 4, 0, 10, 0, 0, 0.01%, 0, 0, 1, 44.60
1735201430, 4, 1, 10, 0, 0, 0.01%, 0, 0, 1, 45.49
1735201435, 4, 2, 10, 0, 0, 0.01%, 0, 0, 1, 45.23
1735201440, 4, 3, 10, 0, 0, 0.01%, 0, 0, 1, 46.59
1735201445, 4, 4, 10, 0, 0, 0.01%, 0, 0, 1, 44.52
1735201450, 4, 5, 10, 0, 0, 0.01%, 0, 0, 1, 46.15
1735201455, 4, 6, 10, 0, 0, 0.01%, 0, 0, 1, 44.65
1735201460, 4, 7, 10, 0, 0, 0.01%, 0, 0, 1, 46.60
1735201471, 4, 8, 10, 0, 0, 0.01%, 0, 0, 1, 44.82
1735201476, 4, 9, 10, 0, 0, 0.01%, 0, 0, 1, 45.36
1735201481, 5, 0, 10, 0, 0, 0.01%, 0, 0, 1, 45.61
1735201486, 5, 1, 10, 0, 0, 0.01%, 0, 0, 1, 45.61
1735201491, 5, 2, 10, 0, 0, 0.01%, 0, 0, 1, 47.18
1735201496, 5, 3, 10, 0, 0, 0.01%, 0, 0, 1, 44.75
1735201501, 5, 4, 10, 0, 0, 0.01%, 0, 0, 1, 45.97
1735201506, 5, 5, 10, 0, 0, 0.01%, 0, 0, 1, 44.30
1735201516, 5, 6, 10, 0, 0, 0.01%, 0, 0, 1, 45.01
1735201521, 5, 7, 10, 0, 0, 0.01%, 0, 0, 1, 44.95
1735201526, 5, 8, 10, 0, 0, 0.01%, 0, 0, 1, 44.92
1735201531, 5, 9, 10, 0, 0, 0.01%, 0, 0, 1, 48.36
1735201537, 6, 0, 10, 0, 0, 0.01%, 0, 0, 1, 44.55
1735201542, 6, 1, 10, 0, 0, 0.01%, 0, 0, 1, 44.82
1735201547, 6, 2, 10, 0, 0, 0.01%, 0, 0, 1, 45.95
1735201552, 6, 3, 10, 0, 0, 0.01%, 0, 0, 1, 44.00
1735201557, 6, 4, 10, 0, 0, 0.01%, 0, 0, 1, 47.31
1735201567, 6, 5, 10, 0, 0, 0.01%, 0, 0, 1, 44.45
1735201573, 6, 6, 10, 0, 0, 0.01%, 0, 0, 1, 43.41
1735201578, 6, 7, 10, 0, 0, 0.01%, 0, 0, 1, 45.83
1735201583, 6, 8, 10, 0, 0, 0.01%, 0, 0, 1, 47.19
1735201588, 6, 9, 10, 0, 0, 0.01%, 0, 0, 1, 44.83
1735201593, 7, 0, 10, 0, 0, 0.01%, 0, 0, 1, 45.00
1735201598, 7, 1, 10, 0, 0, 0.01%, 0, 0, 1, 42.93
1735201603, 7, 2, 10, 0, 0, 0.01%, 0, 0, 1, 44.33
1735201608, 7, 3, 10, 0, 0, 0.01%, 0, 0, 1, 47.07
1735201618, 7, 4, 10, 0, 0, 0.01%, 0, 0, 1, 49.19
1735201624, 7, 5, 10, 0, 0, 0.01%, 0, 0, 1, 45.59
1735201629, 7, 6, 10, 0, 0, 0.01%, 0, 0, 1, 45.99
1735201634, 7, 7, 10, 0, 0, 0.01%, 0, 0, 1, 45.59
1735201639, 7, 8, 10, 0, 0, 0.01%, 0, 0, 1, 47.61
1735201644, 7, 9, 10, 0, 0, 0.01%, 0, 0, 1, 46.25
1735201649, 8, 0, 10, 0, 0, 0.01%, 0, 0, 1, 45.45
1735201654, 8, 1, 10, 0, 0, 0.01%, 0, 0, 1, 44.19
1735201659, 8, 2, 10, 0, 0, 0.01%, 0, 0, 1, 47.00
1735201665, 8, 3, 10, 0, 0, 0.01%, 0, 0, 1, 45.26
1735201670, 8, 4, 10, 0, 0, 0.01%, 0, 0, 1, 46.06
1735201675, 8, 4, 11, 1, 0, 0.14%, 1, 0, 2, 46.00
1735201680, 8, 10, 13, 3, 1, 0.14%, 3, 0, 3, 66.01
1735201751, 9, 12, 13, 0, 0, 0.14%, 3, 0, 3, 73.02
1735201827, 11, 12, 13, 0, 0, 0.14%, 3, 0, 3, 48.33
1735201837, 12, 10, 13, 0, 0, 0.14%, 3, 0, 3, 49.83
1735201842, 12, 12, 13, 0, 0, 0.14%, 3, 0, 3, 49.74
1735201867, 13, 10, 13, 0, 0, 0.14%, 3, 0, 3, 50.91
1735201893, 13, 12, 13, 0, 0, 0.14%, 3, 0, 3, 48.60
1735201928, 14, 10, 13, 0, 0, 0.14%, 3, 0, 3, 50.76
1735201969, 14, 11, 13, 0, 0, 0.14%, 3, 0, 3, 52.27
1735201994, 14, 12, 13, 0, 0, 0.14%, 3, 0, 3, 50.17
1735202035, 15, 10, 13, 0, 0, 0.14%, 3, 0, 3, 45.47
1735202071, 15, 12, 13, 0, 0, 0.14%, 3, 0, 3, 45.34
1735202086, 15, 12, 14, 1, 0, 0.14%, 3, 0, 4, 51.27
1735202137, 15, 13, 14, 1, 1, 0.14%, 3, 0, 4, 41.48
1735202162, 15, 13, 15, 2, 1, 0.14%, 3, 0, 5, 110.64
1735202219, 15, 13, 16, 3, 1, 0.14%, 3, 0, 5, 110.74
1735202224, 15, 13, 22, 9, 1, 0.14%, 3, 0, 5, 100.76
1735202229, 15, 13, 25, 12, 1, 0.14%, 3, 0, 5, 101.78
1735202285, 15, 13, 27, 14, 1, 0.14%, 4, 0, 5, 109.89
1735202290, 15, 13, 27, 14, 1, 0.14%, 5, 0, 5, 107.43
1735202963, 15, 13, 28, 15, 1, 0.14%, 5, 0, 5, 72.87
1735203059, 15, 27, 28, 14, 1, 0.14%, 5, 0, 5, 38.47
1735203064, 16, 10, 28, 13, 0, 0.14%, 5, 0, 5, 47.85
1735203105, 16, 26, 28, 9, 0, 0.14%, 5, 0, 5, 40.56
1735203110, 17, 27, 28, 2, 0, 0.14%, 5, 0, 5, 62.04
1735203937, 17, 27, 29, 3, 0, 0.14%, 5, 0, 6, 77.01
1735204003, 17, 28, 29, 3, 1, 0.14%, 5, 0, 6, 42.34
1735204008, 20, 28, 29, 1, 0, 0.14%, 5, 0, 6, 157.38
1735204879, 20, 28, 30, 2, 0, 0.14%, 5, 0, 7, 81.80
1735204905, 20, 28, 31, 3, 0, 0.14%, 6, 0, 7, 78.08
1735204920, 20, 28, 32, 4, 0, 0.14%, 6, 0, 7, 84.74
1735204941, 20, 30, 32, 3, 1, 0.14%, 6, 0, 7, 49.53
1735204956, 20, 30, 33, 4, 1, 0.14%, 6, 0, 8, 118.27
1735205460, 20, 30, 34, 5, 1, 0.14%, 6, 0, 8, 59.17
1735205491, 20, 30, 35, 6, 1, 0.14%, 6, 0, 8, 76.78
1735205511, 20, 30, 37, 8, 1, 0.14%, 6, 0, 8, 74.80
1735205537, 20, 32, 37, 7, 2, 0.14%, 6, 0, 8, 56.68
1735205542, 20, 34, 37, 6, 1, 0.14%, 6, 0, 8, 78.54
1735205629, 20, 34, 38, 7, 1, 0.14%, 6, 0, 9, 65.17
1735205649, 20, 37, 38, 6, 1, 0.14%, 6, 0, 9, 71.14
1735205792, 20, 37, 39, 7, 1, 0.14%, 6, 0, 10, 66.17
1735205873, 20, 37, 40, 8, 1, 0.14%, 6, 0, 10, 80.78
1735205899, 20, 38, 40, 7, 1, 0.14%, 6, 0, 10, 109.87
1735206139, 20, 38, 41, 8, 1, 0.14%, 6, 0, 11, 79.37
1735206190, 20, 38, 42, 9, 1, 0.14%, 6, 0, 11, 78.89
1735206236, 20, 40, 42, 8, 1, 0.14%, 6, 0, 11, 108.00
1735206476, 20, 40, 43, 9, 1, 0.14%, 7, 0, 12, 90.88
1735206542, 21, 31, 43, 8, 0, 0.14%, 7, 0, 12, 79.10
1735206613, 21, 42, 43, 7, 1, 0.14%, 7, 0, 12, 58.21
1735206878, 23, 33, 43, 5, 0, 0.14%, 7, 0, 12, 80.79
1735206985, 23, 33, 44, 6, 0, 0.14%, 7, 0, 12, 70.46
1735206995, 23, 43, 44, 6, 1, 0.14%, 7, 0, 12, 47.32
1735207000, 24, 35, 44, 5, 0, 0.14%, 7, 0, 12, 90.31
1735207133, 24, 43, 44, 4, 0, 0.14%, 7, 0, 12, 99.69
1735208129, 25, 14, 44, 4, 0, 0.14%, 7, 0, 12, 52.68
1735208134, 26, 39, 44, 2, 0, 0.14%, 7, 0, 12, 38.75
1735208139, 26, 41, 44, 1, 0, 0.14%, 7, 0, 12, 36.52
1735209654, 28, 12, 44, 0, 0, 0.14%, 7, 0, 12, 54.36
1735209659, 30, 39, 44, 0, 0, 0.14%, 7, 0, 12, 102.98
1735210042, 36, 11, 44, 0, 0, 0.14%, 7, 0, 12, 68.71
1735210047, 36, 43, 44, 0, 0, 0.14%, 7, 0, 12, 73.77
1735210052, 37, 43, 44, 0, 0, 0.14%, 7, 0, 12, 75.80
1735210062, 38, 39, 44, 0, 0, 0.14%, 7, 0, 12, 67.16
1735210072, 38, 43, 44, 0, 0, 0.14%, 7, 0, 12, 79.09
1735210103, 39, 39, 44, 0, 0, 0.14%, 7, 0, 12, 83.16
1735210118, 40, 39, 44, 0, 0, 0.14%, 7, 0, 12, 80.86
1735210153, 41, 39, 44, 0, 0, 0.14%, 7, 0, 12, 86.16
1735210184, 45, 10, 44, 0, 0, 0.14%, 7, 0, 12, 60.73
1735210209, 48, 11, 44, 0, 0, 0.14%, 7, 0, 12, 74.10
1735210214, 55, 10, 44, 0, 0, 0.14%, 7, 0, 12, 63.12
1735210250, 71, 10, 44, 0, 0, 0.14%, 7, 0, 12, 69.13
1735210285, 75, 11, 44, 0, 0, 0.14%, 7, 0, 12, 69.50
1735210295, 89, 25, 44, 0, 0, 0.14%, 7, 0, 12, 115.41
1735210702, 91, 10, 44, 0, 0, 0.14%, 7, 0, 12, 62.44
1735210738, 97, 29, 44, 0, 0, 0.14%, 7, 0, 12, 102.45
1735210936, 100, 11, 44, 0, 0, 0.14%, 7, 0, 12, 61.94
1735210952, 102, 10, 44, 0, 0, 0.14%, 7, 0, 12, 65.88
1735210987, 102, 11, 44, 0, 0, 0.14%, 7, 0, 12, 62.61
1735211018, 103, 12, 44, 0, 0, 0.14%, 7, 0, 12, 74.23
1735211023, 103, 25, 44, 0, 0, 0.14%, 7, 0, 12, 72.31
1735211028, 108, 17, 44, 0, 0, 0.14%, 7, 0, 12, 88.34
1735211058, 112, 35, 44, 0, 0, 0.14%, 7, 0, 12, 68.20
1735211068, 120, 25, 44, 0, 0, 0.14%, 7, 0, 12, 70.08
1735211078, 124, 11, 44, 0, 0, 0.14%, 7, 0, 12, 64.90
1735211114, 128, 10, 44, 0, 0, 0.14%, 7, 0, 12, 61.99
1735211149, 128, 36, 44, 0, 0, 0.14%, 7, 0, 12, 86.06
1735211231, 129, 12, 44, 0, 0, 0.14%, 7, 0, 12, 58.74
1735211236, 130, 17, 44, 0, 0, 0.14%, 7, 0, 12, 65.51
1735211241, 132, 12, 44, 0, 0, 0.14%, 7, 0, 12, 61.89
1735211256, 134, 17, 44, 0, 0, 0.14%, 7, 0, 12, 64.54
1735211266, 141, 35, 44, 0, 0, 0.14%, 7, 0, 12, 67.72
1735211276, 142, 20, 44, 0, 0, 0.14%, 7, 0, 12, 73.40
1735211322, 142, 35, 44, 0, 0, 0.14%, 7, 0, 12, 63.26
1735211347, 143, 32, 44, 0, 0, 0.14%, 7, 0, 12, 109.67
1735212024, 144, 22, 44, 0, 0, 0.14%, 7, 0, 12, 92.08
