# unix_time, cycles_done, cur_path, paths_total, pending_total, pending_favs, map_size, unique_crashes, unique_hangs, max_depth, execs_per_sec
1734216071, 0, 0, 10, 10, 1, 0.01%, 0, 0, 1, 36.02
1734216076, 0, 2, 10, 10, 1, 0.01%, 0, 0, 1, 36.05
1734216091, 1, 0, 10, 2, 0, 0.01%, 0, 0, 1, 45.09
1734216101, 1, 1, 10, 1, 0, 0.01%, 0, 0, 1, 44.44
1734216106, 1, 2, 10, 0, 0, 0.01%, 0, 0, 1, 43.01
1734216111, 1, 3, 10, 0, 0, 0.01%, 0, 0, 1, 43.11
1734216116, 1, 4, 10, 0, 0, 0.01%, 0, 0, 1, 43.48
1734216121, 1, 5, 10, 0, 0, 0.01%, 0, 0, 1, 44.71
1734216127, 1, 6, 10, 0, 0, 0.01%, 0, 0, 1, 43.35
1734216137, 1, 7, 10, 0, 0, 0.01%, 0, 0, 1, 43.11
1734216142, 1, 8, 10, 0, 0, 0.01%, 0, 0, 1, 44.26
1734216147, 1, 9, 10, 0, 0, 0.01%, 0, 0, 1, 42.43
1734216152, 2, 0, 10, 0, 0, 0.01%, 0, 0, 1, 42.36
1734216157, 2, 1, 10, 0, 0, 0.01%, 0, 0, 1, 43.01
1734216162, 2, 2, 10, 0, 0, 0.01%, 0, 0, 1, 44.04
1734216167, 2, 3, 10, 0, 0, 0.01%, 0, 0, 1, 44.61
1734216178, 2, 4, 10, 0, 0, 0.01%, 0, 0, 1, 42.27
1734216183, 2, 5, 10, 0, 0, 0.01%, 0, 0, 1, 45.58
1734216188, 2, 6, 10, 0, 0, 0.01%, 0, 0, 1, 44.57
1734216193, 2, 7, 10, 0, 0, 0.01%, 0, 0, 1, 43.93
1734216198, 2, 8, 10, 0, 0, 0.01%, 0, 0, 1, 43.25
1734216203, 2, 9, 10, 0, 0, 0.01%, 0, 0, 1, 42.41
1734216213, 3, 0, 10, 0, 0, 0.01%, 0, 0, 1, 44.42
1734216218, 3, 1, 10, 0, 0, 0.01%, 0, 0, 1, 44.82
1734216223, 3, 2, 10, 0, 0, 0.01%, 0, 0, 1, 43.78
1734216228, 3, 3, 10, 0, 0, 0.01%, 0, 0, 1, 44.32
1734216233, 3, 4, 10, 0, 0, 0.01%, 0, 0, 1, 44.10
1734216238, 3, 5, 10, 0, 0, 0.01%, 0, 0, 1, 43.76
1734216243, 3, 6, 10, 0, 0, 0.01%, 0, 0, 1, 43.24
1734216253, 3, 7, 10, 0, 0, 0.01%, 0, 0, 1, 42.84
1734216259, 3, 8, 10, 0, 0, 0.01%, 0, 0, 1, 42.21
1734216264, 3, 9, 10, 0, 0, 0.01%, 0, 0, 1, 43.89
1734216269, 4, 0, 10, 0, 0, 0.01%, 0, 0, 1, 43.31
1734216274, 4, 1, 10, 0, 0, 0.01%, 0, 0, 1, 43.73
1734216279, 4, 2, 10, 0, 0, 0.01%, 0, 0, 1, 43.08
1734216289, 4, 3, 10, 0, 0, 0.01%, 0, 0, 1, 45.53
1734216294, 4, 4, 10, 0, 0, 0.01%, 0, 0, 1, 44.65
1734216299, 4, 5, 10, 0, 0, 0.01%, 0, 0, 1, 44.13
1734216304, 4, 6, 10, 0, 0, 0.01%, 0, 0, 1, 44.24
1734216309, 4, 7, 10, 0, 0, 0.01%, 0, 0, 1, 44.17
1734216314, 4, 8, 10, 0, 0, 0.01%, 0, 0, 1, 43.12
1734216324, 4, 9, 11, 1, 0, 0.14%, 1, 0, 2, 44.48
1734216329, 4, 10, 11, 1, 1, 0.14%, 1, 0, 2, 60.31
1734216340, 4, 10, 12, 2, 1, 0.14%, 2, 0, 3, 49.22
1734216355, 4, 10, 13, 3, 1, 0.14%, 3, 0, 3, 46.73
1734216411, 4, 10, 14, 4, 1, 0.14%, 4, 0, 3, 46.84
1734216472, 4, 11, 15, 4, 3, 0.14%, 5, 0, 4, 64.94
1734216528, 4, 12, 15, 3, 3, 0.14%, 5, 0, 4, 72.75
1734216584, 4, 14, 15, 1, 1, 0.14%, 5, 0, 4, 47.80
1734216695, 5, 13, 15, 0, 0, 0.14%, 5, 0, 4, 51.04
1734216716, 6, 13, 15, 0, 0, 0.14%, 5, 0, 4, 47.65
1734216731, 6, 14, 15, 0, 0, 0.14%, 5, 0, 4, 51.53
1734216741, 7, 11, 15, 0, 0, 0.14%, 5, 0, 4, 48.59
1734216751, 7, 12, 15, 0, 0, 0.14%, 5, 0, 4, 50.66
1734216756, 7, 13, 15, 0, 0, 0.14%, 5, 0, 4, 48.37
1734216782, 7, 14, 15, 0, 0, 0.14%, 5, 0, 4, 48.38
1734216792, 8, 11, 15, 0, 0, 0.14%, 5, 0, 4, 50.06
1734216802, 8, 12, 15, 0, 0, 0.14%, 5, 0, 4, 47.03
1734216817, 8, 13, 15, 0, 0, 0.14%, 5, 0, 4, 51.61
1734216863, 8, 14, 15, 0, 0, 0.14%, 5, 0, 4, 49.00
1734216893, 9, 11, 15, 0, 0, 0.14%, 5, 0, 4, 46.62
1734216924, 9, 12, 15, 0, 0, 0.14%, 5, 0, 4, 50.84
1734216949, 9, 13, 15, 0, 0, 0.14%, 5, 0, 4, 50.19
1734216994, 9, 13, 16, 1, 0, 0.14%, 5, 0, 4, 46.00
1734217000, 9, 15, 16, 1, 1, 0.14%, 5, 0, 4, 50.70
1734217015, 9, 15, 17, 2, 1, 0.14%, 5, 0, 5, 56.31
1734217035, 9, 15, 18, 3, 1, 0.14%, 5, 0, 5, 54.38
1734217066, 9, 15, 19, 4, 1, 0.14%, 5, 0, 5, 50.54
1734217167, 9, 17, 19, 3, 2, 0.14%, 5, 0, 5, 70.58
1734217218, 9, 17, 20, 4, 2, 0.14%, 5, 0, 6, 56.75
1734217228, 9, 17, 21, 5, 2, 0.14%, 5, 0, 6, 56.36
1734217294, 9, 18, 21, 4, 2, 0.14%, 5, 0, 6, 90.15
1734217299, 9, 18, 22, 5, 2, 0.14%, 5, 0, 6, 95.32
1734217315, 9, 18, 25, 8, 2, 0.14%, 5, 0, 6, 103.76
1734217320, 9, 18, 29, 12, 2, 0.14%, 5, 0, 6, 100.18
1734217325, 9, 18, 30, 13, 2, 0.14%, 5, 0, 6, 106.49
1734217519, 9, 19, 30, 12, 3, 0.14%, 5, 0, 6, 68.72
1734217534, 9, 19, 31, 13, 3, 0.14%, 5, 0, 7, 88.11
1734217565, 9, 19, 32, 14, 3, 0.14%, 5, 0, 7, 59.15
1734217641, 10, 22, 32, 10, 0, 0.14%, 5, 0, 7, 42.75
1734217646, 10, 31, 32, 7, 0, 0.14%, 5, 0, 7, 106.27
1734217656, 10, 31, 33, 8, 0, 0.14%, 5, 0, 8, 100.52
1734217952, 15, 20, 33, 2, 0, 0.14%, 5, 0, 8, 56.66
1734217988, 15, 30, 33, 2, 0, 0.14%, 5, 0, 8, 60.09
1734217993, 17, 21, 33, 1, 0, 0.14%, 5, 0, 8, 107.31
1734217998, 17, 21, 34, 2, 0, 0.14%, 5, 0, 8, 95.42
1734218176, 20, 32, 34, 0, 0, 0.14%, 5, 0, 8, 99.08
1734218447, 21, 32, 34, 0, 0, 0.14%, 5, 0, 8, 67.91
1734218457, 22, 32, 35, 1, 0, 0.14%, 5, 0, 9, 63.87
1734218462, 22, 32, 36, 2, 0, 0.14%, 5, 0, 9, 74.93
1734218483, 22, 34, 36, 2, 1, 0.14%, 5, 0, 9, 71.64
1734218518, 22, 34, 38, 4, 1, 0.14%, 5, 0, 10, 62.21
1734218600, 23, 36, 38, 1, 0, 0.14%, 5, 0, 10, 58.75
1734218671, 23, 36, 39, 2, 0, 0.14%, 5, 0, 11, 68.38
1734218732, 23, 38, 39, 2, 1, 0.14%, 5, 0, 11, 70.46
1734218839, 24, 11, 39, 1, 0, 0.14%, 5, 0, 11, 68.94
1734218864, 25, 27, 39, 1, 0, 0.14%, 5, 0, 11, 78.65
1734218915, 26, 27, 39, 1, 0, 0.14%, 5, 0, 11, 61.65
1734218935, 27, 27, 39, 0, 0, 0.14%, 5, 0, 11, 55.98
1734218970, 27, 37, 39, 0, 0, 0.14%, 5, 0, 11, 75.93
1734219143, 28, 14, 39, 0, 0, 0.14%, 5, 0, 11, 60.56
1734219158, 28, 17, 39, 0, 0, 0.14%, 5, 0, 11, 59.15
1734219163, 28, 27, 39, 0, 0, 0.14%, 5, 0, 11, 65.77
1734219199, 29, 27, 39, 0, 0, 0.14%, 5, 0, 11, 61.74
1734219230, 30, 20, 39, 0, 0, 0.14%, 5, 0, 11, 61.42
1734219235, 30, 27, 39, 0, 0, 0.14%, 5, 0, 11, 60.73
1734219270, 31, 27, 39, 0, 0, 0.14%, 5, 0, 11, 66.03
1734219306, 31, 38, 39, 0, 0, 0.14%, 5, 0, 11, 64.25
1734219311, 32, 11, 39, 0, 0, 0.14%, 5, 0, 11, 55.44
1734219341, 32, 27, 39, 0, 0, 0.14%, 5, 0, 11, 57.72
1734219357, 32, 27, 40, 1, 0, 0.14%, 5, 0, 11, 65.38
1734219382, 32, 39, 40, 1, 1, 0.14%, 5, 0, 11, 81.08
1734219392, 32, 39, 41, 2, 1, 0.14%, 5, 0, 11, 105.57
1734219458, 32, 39, 42, 3, 1, 0.14%, 5, 0, 11, 69.29
1734219499, 33, 27, 42, 1, 0, 0.14%, 5, 0, 11, 52.45
1734219534, 34, 14, 42, 1, 0, 0.14%, 5, 0, 11, 58.91
1734219555, 34, 27, 42, 1, 0, 0.14%, 5, 0, 11, 60.25
1734219595, 34, 41, 42, 1, 0, 0.14%, 5, 0, 11, 86.16
1734219702, 34, 41, 43, 2, 0, 0.14%, 5, 0, 11, 115.88
1734219708, 34, 41, 44, 3, 0, 0.14%, 6, 0, 11, 114.50
1734220154, 35, 20, 44, 2, 0, 0.14%, 6, 0, 11, 56.39
1734220164, 35, 37, 44, 2, 0, 0.14%, 6, 0, 11, 71.03
1734220169, 36, 37, 44, 2, 0, 0.14%, 6, 0, 11, 66.16
1734220184, 37, 13, 44, 0, 0, 0.14%, 6, 0, 11, 54.53
1734220189, 37, 37, 44, 0, 0, 0.14%, 6, 0, 11, 65.85
1734220215, 38, 37, 44, 0, 0, 0.14%, 6, 0, 11, 64.50
1734220250, 39, 37, 44, 0, 0, 0.14%, 6, 0, 11, 74.51
1734220286, 40, 17, 44, 0, 0, 0.14%, 6, 0, 11, 66.06
1734220296, 40, 37, 44, 0, 0, 0.14%, 6, 0, 11, 71.85
1734220332, 40, 43, 44, 0, 0, 0.14%, 6, 0, 11, 65.47
1734220725, 41, 21, 44, 0, 0, 0.14%, 6, 0, 11, 65.41
1734220735, 41, 37, 44, 0, 0, 0.14%, 6, 0, 11, 72.67
1734220771, 42, 37, 44, 0, 0, 0.14%, 6, 0, 11, 71.28
1734220807, 43, 30, 44, 0, 0, 0.14%, 6, 0, 11, 111.78
1734220945, 44, 11, 44, 0, 0, 0.14%, 6, 0, 11, 60.85
1734220985, 44, 34, 44, 0, 0, 0.14%, 6, 0, 11, 62.65
1734220995, 44, 43, 44, 0, 0, 0.14%, 6, 0, 11, 60.82
1734221006, 45, 43, 44, 0, 0, 0.14%, 6, 0, 11, 66.74
1734221026, 46, 43, 44, 0, 0, 0.14%, 6, 0, 11, 63.00
1734221061, 47, 12, 44, 0, 0, 0.14%, 6, 0, 11, 61.47
1734221066, 47, 43, 44, 0, 0, 0.14%, 6, 0, 11, 69.10
1734221097, 48, 43, 44, 0, 0, 0.14%, 6, 0, 11, 63.25
1734221133, 49, 43, 44, 0, 0, 0.14%, 6, 0, 11, 67.52
1734221168, 54, 12, 44, 0, 0, 0.14%, 6, 0, 11, 61.32
1734221178, 54, 38, 44, 0, 0, 0.14%, 6, 0, 11, 59.12
1734221193, 56, 14, 44, 0, 0, 0.14%, 6, 0, 11, 62.91
1734221229, 57, 17, 44, 0, 0, 0.14%, 6, 0, 11, 65.57
1734221244, 57, 21, 44, 0, 0, 0.14%, 6, 0, 11, 65.35
1734221264, 58, 34, 44, 0, 0, 0.14%, 6, 0, 11, 63.42
1734221274, 61, 11, 44, 0, 0, 0.14%, 6, 0, 11, 59.84
1734221315, 62, 34, 44, 0, 0, 0.14%, 6, 0, 11, 64.20
1734221340, 67, 14, 44, 0, 0, 0.14%, 6, 0, 11, 61.21
1734221376, 69, 38, 44, 0, 0, 0.14%, 6, 0, 11, 65.80
1734221411, 72, 34, 44, 0, 0, 0.14%, 6, 0, 11, 66.71
1734221446, 73, 12, 44, 0, 0, 0.14%, 6, 0, 11, 58.41
1734221467, 74, 13, 44, 0, 0, 0.14%, 6, 0, 11, 64.77
1734221472, 74, 30, 44, 0, 0, 0.14%, 6, 0, 11, 66.86
1734221477, 76, 35, 44, 0, 0, 0.14%, 6, 0, 11, 106.50
1734221792, 79, 13, 44, 0, 0, 0.14%, 6, 0, 11, 60.48
1734221807, 80, 11, 44, 0, 0, 0.14%, 6, 0, 11, 58.04
1734221848, 80, 34, 44, 0, 0, 0.14%, 6, 0, 11, 63.99
1734221883, 82, 33, 44, 0, 0, 0.14%, 6, 0, 11, 67.81
1734221888, 83, 14, 44, 0, 0, 0.14%, 6, 0, 11, 64.29
1734221929, 83, 33, 44, 0, 0, 0.14%, 6, 0, 11, 101.32
1734222122, 89, 38, 44, 0, 0, 0.14%, 6, 0, 11, 70.46
1734222158, 91, 21, 44, 0, 0, 0.14%, 6, 0, 11, 69.15
1734222188, 91, 34, 44, 0, 0, 0.14%, 6, 0, 11, 64.76
1734222229, 93, 21, 44, 0, 0, 0.14%, 6, 0, 11, 64.77
1734222260, 97, 14, 44, 0, 0, 0.14%, 6, 0, 11, 61.47
1734222300, 99, 12, 44, 0, 0, 0.14%, 6, 0, 11, 63.13
1734222326, 99, 33, 44, 0, 0, 0.14%, 6, 0, 11, 64.17
1734222336, 102, 12, 44, 0, 0, 0.14%, 6, 0, 11, 56.94
1734222376, 102, 18, 44, 0, 0, 0.14%, 6, 0, 11, 61.73
1734222382, 103, 18, 44, 0, 0, 0.14%, 6, 0, 11, 70.98
1734222397, 104, 32, 44, 0, 0, 0.14%, 6, 0, 11, 73.35
1734222422, 105, 11, 44, 0, 0, 0.14%, 6, 0, 11, 57.68
1734222463, 105, 22, 44, 0, 0, 0.14%, 6, 0, 11, 82.45
1734222493, 105, 30, 44, 0, 0, 0.14%, 6, 0, 11, 68.58
1734222504, 106, 12, 44, 0, 0, 0.14%, 6, 0, 11, 59.04
1734222545, 106, 21, 44, 0, 0, 0.14%, 6, 0, 11, 70.33
1734222575, 108, 31, 44, 0, 0, 0.14%, 6, 0, 11, 63.68
1734222580, 108, 32, 44, 0, 0, 0.14%, 6, 0, 11, 70.19
1734222616, 109, 28, 44, 0, 0, 0.14%, 6, 0, 11, 68.48
1734222682, 109, 38, 44, 0, 0, 0.14%, 6, 0, 11, 62.49
1734222718, 110, 38, 44, 0, 0, 0.14%, 6, 0, 11, 56.92
1734222754, 111, 30, 44, 0, 0, 0.14%, 6, 0, 11, 59.15
1734222779, 113, 12, 44, 0, 0, 0.14%, 6, 0, 11, 58.61
1734222820, 113, 13, 44, 0, 0, 0.14%, 6, 0, 11, 56.38
1734222850, 114, 11, 44, 0, 0, 0.14%, 6, 0, 11, 58.14
1734222891, 114, 18, 44, 0, 0, 0.14%, 6, 0, 11, 71.96
1734222911, 114, 22, 44, 0, 0, 0.14%, 6, 0, 11, 63.02
1734222916, 116, 13, 44, 0, 0, 0.14%, 6, 0, 11, 61.17
1734222952, 116, 18, 44, 0, 0, 0.14%, 6, 0, 11, 65.62
1734222983, 116, 22, 44, 0, 0, 0.14%, 6, 0, 11, 56.67
1734222993, 117, 18, 44, 0, 0, 0.14%, 6, 0, 11, 71.98
1734223023, 118, 20, 44, 0, 0, 0.14%, 6, 0, 11, 62.62
1734223029, 119, 31, 44, 0, 0, 0.14%, 6, 0, 11, 67.24
1734223044, 120, 30, 44, 0, 0, 0.14%, 6, 0, 11, 72.20
1734223079, 120, 33, 44, 0, 0, 0.14%, 6, 0, 11, 64.64
1734223100, 125, 11, 44, 0, 0, 0.14%, 6, 0, 11, 58.57
1734223135, 125, 21, 44, 0, 0, 0.14%, 6, 0, 11, 73.21
1734223176, 125, 22, 44, 0, 0, 0.14%, 6, 0, 11, 58.28
1734223197, 125, 35, 44, 0, 0, 0.14%, 6, 0, 11, 68.30
1734223207, 127, 13, 44, 0, 0, 0.14%, 6, 0, 11, 59.74
1734223247, 127, 16, 44, 0, 0, 0.14%, 6, 0, 11, 59.58
1734223278, 127, 20, 44, 0, 0, 0.14%, 6, 0, 11, 63.49
1734223303, 129, 22, 44, 0, 0, 0.14%, 6, 0, 11, 60.20
1734223338, 129, 30, 44, 0, 0, 0.14%, 6, 0, 11, 51.72
1734223374, 131, 20, 44, 0, 0, 0.14%, 6, 0, 11, 65.38
1734223410, 132, 32, 44, 0, 0, 0.14%, 6, 0, 11, 70.20
1734223450, 134, 11, 44, 0, 0, 0.14%, 6, 0, 11, 55.24
1734223486, 134, 35, 44, 0, 0, 0.14%, 6, 0, 11, 61.51
1734223501, 137, 26, 44, 0, 0, 0.14%, 6, 0, 11, 69.60
1734223562, 139, 12, 44, 0, 0, 0.14%, 6, 0, 11, 54.65
1734223598, 142, 18, 44, 0, 0, 0.14%, 6, 0, 11, 79.03
1734223628, 142, 31, 44, 0, 0, 0.14%, 6, 0, 11, 71.66
1734223643, 142, 33, 44, 0, 0, 0.14%, 6, 0, 11, 66.70
1734223679, 143, 19, 44, 0, 0, 0.14%, 6, 0, 11, 53.49
1734223689, 143, 32, 44, 0, 0, 0.14%, 6, 0, 11, 77.07
1734223720, 143, 40, 44, 0, 0, 0.14%, 6, 0, 11, 67.41
1734223786, 144, 29, 44, 0, 0, 0.14%, 6, 0, 11, 80.46
1734223842, 145, 33, 44, 0, 0, 0.14%, 6, 0, 11, 70.53
1734223878, 146, 33, 44, 0, 0, 0.14%, 6, 0, 11, 69.78
1734223913, 148, 13, 44, 0, 0, 0.14%, 6, 0, 11, 57.44
1734223954, 148, 23, 44, 0, 0, 0.14%, 6, 0, 11, 92.76
1734223979, 148, 34, 44, 0, 0, 0.14%, 6, 0, 11, 65.22
1734224015, 150, 34, 44, 0, 0, 0.14%, 6, 0, 11, 62.31
1734224055, 153, 35, 44, 0, 0, 0.14%, 6, 0, 11, 77.28
1734224086, 154, 21, 44, 0, 0, 0.14%, 6, 0, 11, 67.51
1734224121, 154, 35, 44, 0, 0, 0.14%, 6, 0, 11, 69.85
1734224157, 155, 31, 44, 0, 0, 0.14%, 6, 0, 11, 79.41
1734224187, 156, 19, 44, 0, 0, 0.14%, 6, 0, 11, 61.59
1734224198, 156, 29, 44, 0, 0, 0.14%, 6, 0, 11, 63.51
1734224208, 157, 14, 44, 0, 0, 0.14%, 6, 0, 11, 59.96
1734224248, 157, 19, 44, 0, 0, 0.14%, 6, 0, 11, 63.62
1734224268, 157, 38, 44, 0, 0, 0.14%, 6, 0, 11, 66.46
1734224309, 158, 31, 44, 0, 0, 0.14%, 6, 0, 11, 79.41
1734224340, 160, 13, 44, 0, 0, 0.14%, 6, 0, 11, 58.92
1734224380, 160, 29, 44, 0, 0, 0.14%, 6, 0, 11, 64.78
1734224400, 161, 18, 44, 0, 0, 0.14%, 6, 0, 11, 70.76
1734224431, 161, 38, 44, 0, 0, 0.14%, 6, 0, 11, 71.30
1734224466, 162, 23, 44, 0, 0, 0.14%, 6, 0, 11, 63.15
1734224477, 163, 17, 44, 0, 0, 0.14%, 6, 0, 11, 60.78
1734224502, 163, 18, 44, 0, 0, 0.14%, 6, 0, 11, 71.01
1734224528, 163, 23, 44, 0, 0, 0.14%, 6, 0, 11, 63.15
1734224543, 163, 31, 44, 0, 0, 0.14%, 6, 0, 11, 61.07
1734224578, 163, 33, 44, 0, 0, 0.14%, 6, 0, 11, 67.53
1734224614, 165, 22, 44, 0, 0, 0.14%, 6, 0, 11, 64.78
1734224649, 168, 40, 44, 0, 0, 0.14%, 6, 0, 11, 71.30
1734224664, 170, 20, 44, 0, 0, 0.14%, 6, 0, 11, 59.30
1734224705, 170, 35, 44, 0, 0, 0.14%, 6, 0, 11, 74.40
1734224740, 171, 18, 44, 0, 0, 0.14%, 6, 0, 11, 73.01
1734224765, 171, 40, 44, 0, 0, 0.14%, 6, 0, 11, 66.38
1734224796, 172, 29, 44, 0, 0, 0.14%, 6, 0, 11, 65.86
1734224826, 173, 19, 44, 0, 0, 0.14%, 6, 0, 11, 65.36
1734224867, 173, 23, 44, 0, 0, 0.14%, 6, 0, 11, 62.13
1734224897, 175, 30, 44, 0, 0, 0.14%, 6, 0, 11, 75.92
1734224933, 176, 18, 44, 0, 0, 0.14%, 6, 0, 11, 75.64
1734224963, 176, 29, 44, 0, 0, 0.14%, 6, 0, 11, 68.06
1734224994, 177, 19, 44, 0, 0, 0.14%, 6, 0, 11, 59.81
1734225034, 179, 18, 44, 0, 0, 0.14%, 6, 0, 11, 64.30
1734225065, 181, 30, 44, 0, 0, 0.14%, 6, 0, 11, 66.40
1734225100, 183, 34, 44, 0, 0, 0.14%, 6, 0, 11, 56.43
1734225141, 184, 29, 44, 0, 0, 0.14%, 6, 0, 11, 68.69
1734225171, 185, 22, 44, 0, 0, 0.14%, 6, 0, 11, 65.68
1734225207, 185, 40, 44, 0, 0, 0.14%, 6, 0, 11, 69.03
1734225247, 186, 20, 44, 0, 0, 0.14%, 6, 0, 11, 60.27
1734225283, 187, 19, 44, 0, 0, 0.14%, 6, 0, 11, 63.23
1734225319, 187, 26, 44, 0, 0, 0.14%, 6, 0, 11, 62.84
1734225324, 187, 31, 44, 0, 0, 0.14%, 6, 0, 11, 65.57
1734225359, 188, 28, 44, 0, 0, 0.14%, 6, 0, 11, 64.06
1734225364, 189, 14, 44, 0, 0, 0.14%, 6, 0, 11, 60.17
1734225405, 191, 23, 44, 0, 0, 0.14%, 6, 0, 11, 58.72
1734225441, 193, 11, 44, 0, 0, 0.14%, 6, 0, 11, 64.02
1734225481, 195, 13, 44, 0, 0, 0.14%, 6, 0, 11, 61.36
1734225522, 195, 28, 44, 0, 0, 0.14%, 6, 0, 11, 64.16
1734225532, 196, 31, 44, 0, 0, 0.14%, 6, 0, 11, 70.41
1734225568, 197, 35, 44, 0, 0, 0.14%, 6, 0, 11, 70.75
1734225573, 197, 35, 45, 1, 0, 0.14%, 7, 0, 11, 73.08
1734225613, 197, 44, 45, 1, 1, 0.14%, 7, 0, 11, 82.40
1734225894, 200, 19, 45, 0, 0, 0.14%, 7, 0, 11, 62.09
1734225934, 200, 20, 45, 0, 0, 0.14%, 7, 0, 11, 59.52
1734225969, 202, 44, 45, 0, 0, 0.14%, 7, 0, 11, 68.24
1734225995, 203, 44, 45, 0, 0, 0.14%, 7, 0, 11, 65.51
1734226036, 204, 17, 45, 0, 0, 0.14%, 7, 0, 11, 63.68
1734226071, 204, 20, 45, 0, 0, 0.14%, 7, 0, 11, 62.36
1734226106, 204, 29, 45, 0, 0, 0.14%, 7, 0, 11, 69.13
1734226142, 204, 44, 45, 0, 0, 0.14%, 7, 0, 11, 70.28
1734226177, 205, 17, 45, 0, 0, 0.14%, 7, 0, 11, 59.06
1734226213, 205, 22, 45, 0, 0, 0.14%, 7, 0, 11, 67.91
1734226248, 205, 28, 45, 0, 0, 0.14%, 7, 0, 11, 55.24
1734226274, 205, 44, 45, 0, 0, 0.14%, 7, 0, 11, 71.16
1734226309, 206, 44, 45, 0, 0, 0.14%, 7, 0, 11, 70.91
1734226345, 207, 19, 45, 0, 0, 0.14%, 7, 0, 11, 61.70
1734226381, 207, 20, 45, 0, 0, 0.14%, 7, 0, 11, 64.28
1734226416, 207, 44, 45, 0, 0, 0.14%, 7, 0, 11, 66.18
1734226452, 208, 26, 45, 0, 0, 0.14%, 7, 0, 11, 59.18
1734226462, 208, 31, 45, 0, 0, 0.14%, 7, 0, 11, 67.64
1734226497, 208, 40, 45, 0, 0, 0.14%, 7, 0, 11, 64.71
1734226533, 208, 44, 45, 0, 0, 0.14%, 7, 0, 11, 58.91
1734226568, 209, 44, 45, 0, 0, 0.14%, 7, 0, 11, 70.82
1734226604, 210, 44, 45, 0, 0, 0.14%, 7, 0, 11, 68.70
1734226639, 211, 14, 45, 0, 0, 0.14%, 7, 0, 11, 56.23
1734226675, 211, 19, 45, 0, 0, 0.14%, 7, 0, 11, 68.22
1734226715, 211, 28, 45, 0, 0, 0.14%, 7, 0, 11, 62.35
1734226751, 211, 44, 45, 0, 0, 0.14%, 7, 0, 11, 73.78
1734226786, 212, 12, 45, 0, 0, 0.14%, 7, 0, 11, 52.81
1734226827, 212, 44, 45, 0, 0, 0.14%, 7, 0, 11, 71.45
1734226862, 213, 14, 45, 0, 0, 0.14%, 7, 0, 11, 54.60
1734226903, 214, 23, 45, 0, 0, 0.14%, 7, 0, 11, 57.95
1734226938, 215, 30, 45, 0, 0, 0.14%, 7, 0, 11, 73.84
1734226974, 218, 14, 45, 0, 0, 0.14%, 7, 0, 11, 55.64
1734227014, 221, 19, 45, 0, 0, 0.14%, 7, 0, 11, 59.42
1734227055, 222, 23, 45, 0, 0, 0.14%, 7, 0, 11, 60.15
1734227085, 222, 42, 45, 0, 0, 0.14%, 7, 0, 11, 78.56
1734227493, 223, 17, 45, 0, 0, 0.14%, 7, 0, 11, 58.86
1734227534, 223, 28, 45, 0, 0, 0.14%, 7, 0, 11, 62.08
1734227570, 223, 30, 45, 0, 0, 0.14%, 7, 0, 11, 61.51
1734227605, 225, 40, 45, 0, 0, 0.14%, 7, 0, 11, 58.06
1734227641, 226, 25, 45, 0, 0, 0.14%, 7, 0, 11, 70.43
1734227681, 230, 22, 45, 0, 0, 0.14%, 7, 0, 11, 56.78
1734227717, 231, 31, 45, 0, 0, 0.14%, 7, 0, 11, 76.18
1734227748, 233, 23, 45, 0, 0, 0.14%, 7, 0, 11, 70.93
1734227783, 233, 26, 45, 0, 0, 0.14%, 7, 0, 11, 56.77
1734227803, 233, 29, 45, 0, 0, 0.14%, 7, 0, 11, 64.37
1734227834, 234, 36, 45, 0, 0, 0.14%, 7, 0, 11, 65.43
1734227839, 235, 29, 45, 0, 0, 0.14%, 7, 0, 11, 62.31
1734227874, 238, 12, 45, 0, 0, 0.14%, 7, 0, 11, 58.90
1734227915, 240, 20, 45, 0, 0, 0.14%, 7, 0, 11, 69.46
1734227950, 243, 17, 45, 0, 0, 0.14%, 7, 0, 11, 67.95
1734227991, 246, 17, 45, 0, 0, 0.14%, 7, 0, 11, 62.39
1734228031, 248, 19, 45, 0, 0, 0.14%, 7, 0, 11, 64.96
1734228067, 251, 28, 45, 0, 0, 0.14%, 7, 0, 11, 64.72
1734228097, 252, 35, 45, 0, 0, 0.14%, 7, 0, 11, 64.85
1734228133, 259, 13, 45, 0, 0, 0.14%, 7, 0, 11, 56.42
1734228178, 262, 25, 45, 0, 0, 0.14%, 7, 0, 11, 65.50
1734228183, 263, 15, 45, 0, 0, 0.14%, 7, 0, 11, 61.91
1734228193, 264, 34, 45, 0, 0, 0.14%, 7, 0, 11, 61.53
1734228229, 266, 16, 45, 0, 0, 0.14%, 7, 0, 11, 60.29
1734228234, 266, 35, 45, 0, 0, 0.14%, 7, 0, 11, 60.51
1734228270, 268, 36, 45, 0, 0, 0.14%, 7, 0, 11, 65.27
1734228285, 269, 19, 45, 0, 0, 0.14%, 7, 0, 11, 62.37
1734228320, 270, 30, 45, 0, 0, 0.14%, 7, 0, 11, 69.74
1734228356, 271, 36, 45, 0, 0, 0.14%, 7, 0, 11, 57.23
1734228392, 276, 25, 45, 0, 0, 0.14%, 7, 0, 11, 60.23
1734228407, 280, 15, 45, 0, 0, 0.14%, 7, 0, 11, 61.54
1734228422, 283, 35, 45, 0, 0, 0.14%, 7, 0, 11, 64.76
1734228463, 285, 16, 45, 0, 0, 0.14%, 7, 0, 11, 59.20
1734228478, 287, 26, 45, 0, 0, 0.14%, 7, 0, 11, 59.49
1734228508, 288, 15, 45, 0, 0, 0.14%, 7, 0, 11, 56.32
1734228534, 288, 35, 45, 0, 0, 0.14%, 7, 0, 11, 66.90
1734228569, 289, 29, 45, 0, 0, 0.14%, 7, 0, 11, 68.87
1734228605, 290, 16, 45, 0, 0, 0.14%, 7, 0, 11, 57.90
1734228640, 290, 25, 45, 0, 0, 0.14%, 7, 0, 11, 64.43
1734228671, 291, 17, 45, 0, 0, 0.14%, 7, 0, 11, 58.78
1734228711, 294, 25, 45, 0, 0, 0.14%, 7, 0, 11, 65.05
1734228742, 295, 15, 45, 0, 0, 0.14%, 7, 0, 11, 58.74
1734228772, 297, 15, 45, 0, 0, 0.14%, 7, 0, 11, 58.28
1734228797, 297, 26, 45, 0, 0, 0.14%, 7, 0, 11, 58.53
1734228838, 299, 10, 45, 0, 0, 0.14%, 7, 0, 11, 59.05
1734228843, 301, 42, 45, 0, 0, 0.14%, 7, 0, 11, 58.76
1734228848, 302, 25, 45, 0, 0, 0.14%, 7, 0, 11, 61.96
1734228878, 303, 17, 45, 0, 0, 0.14%, 7, 0, 11, 64.45
1734228919, 306, 25, 45, 0, 0, 0.14%, 7, 0, 11, 59.02
1734228955, 307, 10, 45, 0, 0, 0.14%, 7, 0, 11, 59.33
1734228960, 308, 24, 45, 0, 0, 0.14%, 7, 0, 11, 66.59
1734229011, 308, 36, 45, 0, 0, 0.14%, 7, 0, 11, 65.44
1734229046, 309, 30, 45, 0, 0, 0.14%, 7, 0, 11, 76.82
1734229082, 310, 26, 45, 0, 0, 0.14%, 7, 0, 11, 62.64
1734229117, 312, 16, 45, 0, 0, 0.14%, 7, 0, 11, 59.28
1734229158, 315, 17, 45, 0, 0, 0.14%, 7, 0, 11, 61.83
1734229193, 322, 25, 45, 0, 0, 0.14%, 7, 0, 11, 63.14
1734229224, 327, 16, 45, 0, 0, 0.14%, 7, 0, 11, 60.93
1734229264, 327, 41, 45, 0, 0, 0.14%, 7, 0, 11, 64.59
1734229270, 329, 16, 45, 0, 0, 0.14%, 7, 0, 11, 60.29
1734229310, 330, 30, 45, 0, 0, 0.14%, 7, 0, 11, 73.04
1734229346, 332, 36, 45, 0, 0, 0.14%, 7, 0, 11, 68.72
1734229381, 333, 10, 45, 0, 0, 0.14%, 7, 0, 11, 57.29
1734229396, 334, 20, 45, 0, 0, 0.14%, 7, 0, 11, 65.19
1734229432, 334, 24, 45, 0, 0, 0.14%, 7, 0, 11, 59.22
1734229437, 337, 10, 45, 0, 0, 0.14%, 7, 0, 11, 55.76
1734229472, 341, 39, 45, 0, 0, 0.14%, 7, 0, 11, 67.63
1734229478, 342, 42, 45, 0, 0, 0.14%, 7, 0, 11, 64.09
1734229493, 343, 10, 45, 0, 0, 0.14%, 7, 0, 11, 57.09
1734229533, 345, 39, 45, 0, 0, 0.14%, 7, 0, 11, 64.56
1734229538, 346, 41, 45, 0, 0, 0.14%, 7, 0, 11, 63.45
1734229548, 350, 24, 45, 0, 0, 0.14%, 7, 0, 11, 65.18
1734229564, 351, 16, 45, 0, 0, 0.14%, 7, 0, 11, 61.32
1734229604, 351, 36, 45, 0, 0, 0.14%, 7, 0, 11, 65.01
1734229640, 353, 41, 45, 0, 0, 0.14%, 7, 0, 11, 67.62
1734229666, 354, 42, 45, 0, 0, 0.14%, 7, 0, 11, 64.74
1734229696, 359, 10, 45, 0, 0, 0.14%, 7, 0, 11, 58.58
1734229736, 369, 42, 45, 0, 0, 0.14%, 7, 0, 11, 67.26
1734229772, 372, 24, 45, 0, 0, 0.14%, 7, 0, 11, 57.18
1734229797, 372, 42, 45, 0, 0, 0.14%, 7, 0, 11, 65.51
1734229833, 381, 36, 45, 0, 0, 0.14%, 7, 0, 11, 58.52
1734229873, 382, 39, 45, 0, 0, 0.14%, 7, 0, 11, 68.92
1734229888, 385, 36, 45, 0, 0, 0.14%, 7, 0, 11, 68.23
1734229924, 399, 24, 45, 0, 0, 0.14%, 7, 0, 11, 62.14
1734229960, 403, 42, 45, 0, 0, 0.14%, 7, 0, 11, 63.07
1734229990, 452, 24, 45, 0, 0, 0.14%, 7, 0, 11, 58.45
1734230025, 9006, 0, 45, 0, 0, 0.14%, 7, 0, 11, 0.00
1734230031, 21053, 0, 45, 0, 0, 0.14%, 7, 0, 11, 0.00
1734230036, 33132, 0, 45, 0, 0, 0.14%, 7, 0, 11, 0.00
1734230041, 45183, 0, 45, 0, 0, 0.14%, 7, 0, 11, 0.00
1734230046, 57252, 0, 45, 0, 0, 0.14%, 7, 0, 11, 0.00
1734230051, 69330, 0, 45, 0, 0, 0.14%, 7, 0, 11, 0.00
1734230057, 81340, 0, 45, 0, 0, 0.14%, 7, 0, 11, 0.00
1734230062, 93367, 0, 45, 0, 0, 0.14%, 7, 0, 11, 0.00
1734230067, 105502, 0, 45, 0, 0, 0.14%, 7, 0, 11, 0.00
1734230072, 117577, 0, 45, 0, 0, 0.14%, 7, 0, 11, 0.00
1734230077, 129586, 0, 45, 0, 0, 0.14%, 7, 0, 11, 0.00
1734230083, 141604, 0, 45, 0, 0, 0.14%, 7, 0, 11, 0.00
1734230088, 153644, 0, 45, 0, 0, 0.14%, 7, 0, 11, 0.00
1734230093, 165682, 0, 45, 0, 0, 0.14%, 7, 0, 11, 0.00
1734230098, 177699, 0, 45, 0, 0, 0.14%, 7, 0, 11, 0.00
1734230103, 189801, 0, 45, 0, 0, 0.14%, 7, 0, 11, 0.00
1734230109, 201837, 0, 45, 0, 0, 0.14%, 7, 0, 11, 0.00
1734230114, 213917, 0, 45, 0, 0, 0.14%, 7, 0, 11, 0.00
1734230119, 225940, 0, 45, 0, 0, 0.14%, 7, 0, 11, 0.00
1734230124, 238017, 0, 45, 0, 0, 0.14%, 7, 0, 11, 0.00
1734230129, 250109, 0, 45, 0, 0, 0.14%, 7, 0, 11, 0.00
1734230135, 262153, 0, 45, 0, 0, 0.14%, 7, 0, 11, 0.00
1734230140, 274183, 0, 45, 0, 0, 0.14%, 7, 0, 11, 0.00
1734230145, 286249, 0, 45, 0, 0, 0.14%, 7, 0, 11, 0.00
1734230150, 298266, 0, 45, 0, 0, 0.14%, 7, 0, 11, 0.00
1734230155, 310310, 0, 45, 0, 0, 0.14%, 7, 0, 11, 0.00
1734230161, 322386, 0, 45, 0, 0, 0.14%, 7, 0, 11, 0.00
1734230166, 334418, 0, 45, 0, 0, 0.14%, 7, 0, 11, 0.00
1734230171, 346506, 0, 45, 0, 0, 0.14%, 7, 0, 11, 0.00
1734230176, 358571, 0, 45, 0, 0, 0.14%, 7, 0, 11, 0.00
1734230181, 370623, 0, 45, 0, 0, 0.14%, 7, 0, 11, 0.00
1734230187, 382729, 0, 45, 0, 0, 0.14%, 7, 0, 11, 0.00
1734230192, 394781, 0, 45, 0, 0, 0.14%, 7, 0, 11, 0.00
1734230197, 406874, 0, 45, 0, 0, 0.14%, 7, 0, 11, 0.00
1734230202, 418909, 0, 45, 0, 0, 0.14%, 7, 0, 11, 0.00
1734230207, 430978, 0, 45, 0, 0, 0.14%, 7, 0, 11, 0.00
1734230213, 443022, 0, 45, 0, 0, 0.14%, 7, 0, 11, 0.00
1734230218, 455102, 0, 45, 0, 0, 0.14%, 7, 0, 11, 0.00
1734230223, 467248, 0, 45, 0, 0, 0.14%, 7, 0, 11, 0.00
1734230228, 479312, 0, 45, 0, 0, 0.14%, 7, 0, 11, 0.00
1734230233, 491344, 0, 45, 0, 0, 0.14%, 7, 0, 11, 0.00
1734230239, 503407, 0, 45, 0, 0, 0.14%, 7, 0, 11, 0.00
1734230244, 515466, 0, 45, 0, 0, 0.14%, 7, 0, 11, 0.00
1734230249, 527524, 0, 45, 0, 0, 0.14%, 7, 0, 11, 0.00
1734230254, 539629, 0, 45, 0, 0, 0.14%, 7, 0, 11, 0.00
1734230259, 551740, 0, 45, 0, 0, 0.14%, 7, 0, 11, 0.00
1734230265, 563807, 0, 45, 0, 0, 0.14%, 7, 0, 11, 0.00
1734230270, 575868, 0, 45, 0, 0, 0.14%, 7, 0, 11, 0.00
1734230275, 587914, 0, 45, 0, 0, 0.14%, 7, 0, 11, 0.00
1734230280, 600009, 0, 45, 0, 0, 0.14%, 7, 0, 11, 0.00
1734230285, 612066, 0, 45, 0, 0, 0.14%, 7, 0, 11, 0.00
1734230291, 624125, 0, 45, 0, 0, 0.14%, 7, 0, 11, 0.00
1734230296, 636157, 0, 45, 0, 0, 0.14%, 7, 0, 11, 0.00
1734230301, 648211, 0, 45, 0, 0, 0.14%, 7, 0, 11, 0.00
1734230306, 660267, 0, 45, 0, 0, 0.14%, 7, 0, 11, 0.00
1734230311, 672363, 0, 45, 0, 0, 0.14%, 7, 0, 11, 0.00
1734230317, 684407, 0, 45, 0, 0, 0.14%, 7, 0, 11, 0.00
1734230322, 696473, 0, 45, 0, 0, 0.14%, 7, 0, 11, 0.00
1734230327, 708559, 0, 45, 0, 0, 0.14%, 7, 0, 11, 0.00
1734230332, 720695, 0, 45, 0, 0, 0.14%, 7, 0, 11, 0.00
1734230337, 732778, 0, 45, 0, 0, 0.14%, 7, 0, 11, 0.00
1734230343, 744851, 0, 45, 0, 0, 0.14%, 7, 0, 11, 0.00
1734230348, 756940, 0, 45, 0, 0, 0.14%, 7, 0, 11, 0.00
1734230353, 768985, 0, 45, 0, 0, 0.14%, 7, 0, 11, 0.00
1734230358, 781023, 0, 45, 0, 0, 0.14%, 7, 0, 11, 0.00
1734230363, 793048, 0, 45, 0, 0, 0.14%, 7, 0, 11, 0.00
1734230369, 805123, 0, 45, 0, 0, 0.14%, 7, 0, 11, 0.00
1734230374, 817228, 0, 45, 0, 0, 0.14%, 7, 0, 11, 0.00
1734230379, 829290, 0, 45, 0, 0, 0.14%, 7, 0, 11, 0.00
1734230384, 841392, 0, 45, 0, 0, 0.14%, 7, 0, 11, 0.00
1734230389, 853481, 0, 45, 0, 0, 0.14%, 7, 0, 11, 0.00
1734230395, 865510, 0, 45, 0, 0, 0.14%, 7, 0, 11, 0.00
1734230400, 877633, 0, 45, 0, 0, 0.14%, 7, 0, 11, 0.00
1734230405, 889675, 0, 45, 0, 0, 0.14%, 7, 0, 11, 0.00
1734230410, 901738, 0, 45, 0, 0, 0.14%, 7, 0, 11, 0.00
1734230415, 913813, 0, 45, 0, 0, 0.14%, 7, 0, 11, 0.00
1734230421, 925937, 0, 45, 0, 0, 0.14%, 7, 0, 11, 0.00
1734230426, 938018, 0, 45, 0, 0, 0.14%, 7, 0, 11, 0.00
1734230431, 950081, 0, 45, 0, 0, 0.14%, 7, 0, 11, 0.00
1734230436, 962210, 0, 45, 0, 0, 0.14%, 7, 0, 11, 0.00
1734230441, 974252, 0, 45, 0, 0, 0.14%, 7, 0, 11, 0.00
1734230447, 986282, 0, 45, 0, 0, 0.14%, 7, 0, 11, 0.00
1734230452, 998353, 0, 45, 0, 0, 0.14%, 7, 0, 11, 0.00
1734230457, 1010416, 0, 45, 0, 0, 0.14%, 7, 0, 11, 0.00
1734230462, 1022472, 0, 45, 0, 0, 0.14%, 7, 0, 11, 0.00
1734230467, 1034554, 0, 45, 0, 0, 0.14%, 7, 0, 11, 0.00
1734230473, 1046653, 0, 45, 0, 0, 0.14%, 7, 0, 11, 0.00
1734230478, 1058740, 0, 45, 0, 0, 0.14%, 7, 0, 11, 0.00
1734230483, 1070819, 0, 45, 0, 0, 0.14%, 7, 0, 11, 0.00
1734230488, 1082853, 0, 45, 0, 0, 0.14%, 7, 0, 11, 0.00
1734230493, 1094947, 0, 45, 0, 0, 0.14%, 7, 0, 11, 0.00
1734230499, 1106997, 0, 45, 0, 0, 0.14%, 7, 0, 11, 0.00
1734230504, 1119096, 0, 45, 0, 0, 0.14%, 7, 0, 11, 0.00
1734230509, 1131100, 0, 45, 0, 0, 0.14%, 7, 0, 11, 0.00
1734230514, 1143187, 0, 45, 0, 0, 0.14%, 7, 0, 11, 0.00
1734230519, 1155298, 0, 45, 0, 0, 0.14%, 7, 0, 11, 0.00
1734230525, 1167379, 0, 45, 0, 0, 0.14%, 7, 0, 11, 0.00
1734230530, 1179373, 0, 45, 0, 0, 0.14%, 7, 0, 11, 0.00
1734230535, 1191433, 0, 45, 0, 0, 0.14%, 7, 0, 11, 0.00
1734230540, 1203487, 0, 45, 0, 0, 0.14%, 7, 0, 11, 0.00
1734230545, 1215581, 0, 45, 0, 0, 0.14%, 7, 0, 11, 0.00
1734230551, 1227657, 0, 45, 0, 0, 0.14%, 7, 0, 11, 0.00
1734230556, 1239751, 0, 45, 0, 0, 0.14%, 7, 0, 11, 0.00
1734230561, 1251803, 0, 45, 0, 0, 0.14%, 7, 0, 11, 0.00
1734230566, 1263868, 0, 45, 0, 0, 0.14%, 7, 0, 11, 0.00
1734230571, 1275977, 0, 45, 0, 0, 0.14%, 7, 0, 11, 0.00
1734230577, 1288051, 0, 45, 0, 0, 0.14%, 7, 0, 11, 0.00
1734230582, 1300130, 0, 45, 0, 0, 0.14%, 7, 0, 11, 0.00
1734230587, 1312229, 0, 45, 0, 0, 0.14%, 7, 0, 11, 0.00
1734230592, 1324327, 0, 45, 0, 0, 0.14%, 7, 0, 11, 0.00
1734230597, 1336367, 0, 45, 0, 0, 0.14%, 7, 0, 11, 0.00
1734230603, 1348448, 0, 45, 0, 0, 0.14%, 7, 0, 11, 0.00
1734230608, 1360558, 0, 45, 0, 0, 0.14%, 7, 0, 11, 0.00
1734230613, 1372649, 0, 45, 0, 0, 0.14%, 7, 0, 11, 0.00
1734230618, 1384730, 0, 45, 0, 0, 0.14%, 7, 0, 11, 0.00
1734230623, 1396798, 0, 45, 0, 0, 0.14%, 7, 0, 11, 0.00
1734230629, 1408840, 0, 45, 0, 0, 0.14%, 7, 0, 11, 0.00
1734230634, 1420960, 0, 45, 0, 0, 0.14%, 7, 0, 11, 0.00
1734230639, 1433027, 0, 45, 0, 0, 0.14%, 7, 0, 11, 0.00
1734230644, 1445109, 0, 45, 0, 0, 0.14%, 7, 0, 11, 0.00
1734230649, 1457192, 0, 45, 0, 0, 0.14%, 7, 0, 11, 0.00
1734230655, 1469271, 0, 45, 0, 0, 0.14%, 7, 0, 11, 0.00
1734230660, 1481292, 0, 45, 0, 0, 0.14%, 7, 0, 11, 0.00
1734230665, 1493315, 0, 45, 0, 0, 0.14%, 7, 0, 11, 0.00
1734230670, 1505403, 0, 45, 0, 0, 0.14%, 7, 0, 11, 0.00
1734230675, 1517533, 0, 45, 0, 0, 0.14%, 7, 0, 11, 0.00
1734230681, 1529628, 0, 45, 0, 0, 0.14%, 7, 0, 11, 0.00
1734230686, 1541651, 0, 45, 0, 0, 0.14%, 7, 0, 11, 0.00
1734230691, 1553738, 0, 45, 0, 0, 0.14%, 7, 0, 11, 0.00
1734230696, 1565812, 0, 45, 0, 0, 0.14%, 7, 0, 11, 0.00
1734230701, 1577833, 0, 45, 0, 0, 0.14%, 7, 0, 11, 0.00
1734230707, 1589890, 0, 45, 0, 0, 0.14%, 7, 0, 11, 0.00
1734230712, 1601985, 0, 45, 0, 0, 0.14%, 7, 0, 11, 0.00
1734230717, 1613636, 0, 45, 0, 0, 0.14%, 7, 0, 11, 0.00
1734230722, 1625695, 0, 45, 0, 0, 0.14%, 7, 0, 11, 0.00
1734230727, 1637780, 0, 45, 0, 0, 0.14%, 7, 0, 11, 0.00
1734230732, 1649851, 0, 45, 0, 0, 0.14%, 7, 0, 11, 0.00
1734230738, 1661941, 0, 45, 0, 0, 0.14%, 7, 0, 11, 0.00
1734230743, 1674016, 0, 45, 0, 0, 0.14%, 7, 0, 11, 0.00
1734230748, 1686162, 0, 45, 0, 0, 0.14%, 7, 0, 11, 0.00
1734230753, 1698252, 0, 45, 0, 0, 0.14%, 7, 0, 11, 0.00
1734230758, 1710298, 0, 45, 0, 0, 0.14%, 7, 0, 11, 0.00
1734230764, 1722376, 0, 45, 0, 0, 0.14%, 7, 0, 11, 0.00
1734230769, 1734436, 0, 45, 0, 0, 0.14%, 7, 0, 11, 0.00
1734230774, 1746543, 0, 45, 0, 0, 0.14%, 7, 0, 11, 0.00
1734230779, 1758608, 0, 45, 0, 0, 0.14%, 7, 0, 11, 0.00
1734230784, 1770695, 0, 45, 0, 0, 0.14%, 7, 0, 11, 0.00
1734230790, 1782782, 0, 45, 0, 0, 0.14%, 7, 0, 11, 0.00
1734230795, 1794856, 0, 45, 0, 0, 0.14%, 7, 0, 11, 0.00
1734230800, 1806921, 0, 45, 0, 0, 0.14%, 7, 0, 11, 0.00
1734230805, 1818998, 0, 45, 0, 0, 0.14%, 7, 0, 11, 0.00
1734230810, 1831102, 0, 45, 0, 0, 0.14%, 7, 0, 11, 0.00
1734230816, 1843149, 0, 45, 0, 0, 0.14%, 7, 0, 11, 0.00
1734230821, 1855239, 0, 45, 0, 0, 0.14%, 7, 0, 11, 0.00
1734230826, 1867331, 0, 45, 0, 0, 0.14%, 7, 0, 11, 0.00
1734230831, 1879396, 0, 45, 0, 0, 0.14%, 7, 0, 11, 0.00
1734230836, 1891470, 0, 45, 0, 0, 0.14%, 7, 0, 11, 0.00
1734230842, 1903615, 0, 45, 0, 0, 0.14%, 7, 0, 11, 0.00
1734230847, 1915682, 0, 45, 0, 0, 0.14%, 7, 0, 11, 0.00
1734230852, 1927793, 0, 45, 0, 0, 0.14%, 7, 0, 11, 0.00
1734230857, 1939855, 0, 45, 0, 0, 0.14%, 7, 0, 11, 0.00
1734230862, 1951956, 0, 45, 0, 0, 0.14%, 7, 0, 11, 0.00
1734230868, 1964092, 0, 45, 0, 0, 0.14%, 7, 0, 11, 0.00
1734230873, 1976190, 0, 45, 0, 0, 0.14%, 7, 0, 11, 0.00
1734230878, 1988303, 0, 45, 0, 0, 0.14%, 7, 0, 11, 0.00
1734230883, 2000376, 0, 45, 0, 0, 0.14%, 7, 0, 11, 0.00
1734230888, 2012471, 0, 45, 0, 0, 0.14%, 7, 0, 11, 0.00
1734230894, 2024566, 0, 45, 0, 0, 0.14%, 7, 0, 11, 0.00
1734230899, 2036638, 0, 45, 0, 0, 0.14%, 7, 0, 11, 0.00
1734230904, 2048771, 0, 45, 0, 0, 0.14%, 7, 0, 11, 0.00
1734230909, 2060864, 0, 45, 0, 0, 0.14%, 7, 0, 11, 0.00
1734230914, 2072953, 0, 45, 0, 0, 0.14%, 7, 0, 11, 0.00
1734230920, 2085010, 0, 45, 0, 0, 0.14%, 7, 0, 11, 0.00
1734230925, 2097114, 0, 45, 0, 0, 0.14%, 7, 0, 11, 0.00
1734230930, 2109211, 0, 45, 0, 0, 0.14%, 7, 0, 11, 0.00
1734230935, 2121302, 0, 45, 0, 0, 0.14%, 7, 0, 11, 0.00
1734230940, 2133339, 0, 45, 0, 0, 0.14%, 7, 0, 11, 0.00
1734230946, 2145372, 0, 45, 0, 0, 0.14%, 7, 0, 11, 0.00
1734230951, 2157428, 0, 45, 0, 0, 0.14%, 7, 0, 11, 0.00
1734230956, 2169474, 0, 45, 0, 0, 0.14%, 7, 0, 11, 0.00
1734230961, 2181549, 0, 45, 0, 0, 0.14%, 7, 0, 11, 0.00
1734230966, 2193615, 0, 45, 0, 0, 0.14%, 7, 0, 11, 0.00
1734230972, 2205703, 0, 45, 0, 0, 0.14%, 7, 0, 11, 0.00
1734230977, 2217706, 0, 45, 0, 0, 0.14%, 7, 0, 11, 0.00
1734230982, 2229749, 0, 45, 0, 0, 0.14%, 7, 0, 11, 0.00
1734230987, 2241791, 0, 45, 0, 0, 0.14%, 7, 0, 11, 0.00
1734230992, 2253837, 0, 45, 0, 0, 0.14%, 7, 0, 11, 0.00
1734230998, 2265886, 0, 45, 0, 0, 0.14%, 7, 0, 11, 0.00
1734231003, 2277954, 0, 45, 0, 0, 0.14%, 7, 0, 11, 0.00
1734231008, 2290037, 0, 45, 0, 0, 0.14%, 7, 0, 11, 0.00
1734231013, 2302112, 0, 45, 0, 0, 0.14%, 7, 0, 11, 0.00
1734231018, 2314176, 0, 45, 0, 0, 0.14%, 7, 0, 11, 0.00
1734231024, 2326272, 0, 45, 0, 0, 0.14%, 7, 0, 11, 0.00
1734231029, 2338366, 0, 45, 0, 0, 0.14%, 7, 0, 11, 0.00
1734231034, 2350399, 0, 45, 0, 0, 0.14%, 7, 0, 11, 0.00
1734231039, 2362468, 0, 45, 0, 0, 0.14%, 7, 0, 11, 0.00
1734231044, 2374451, 0, 45, 0, 0, 0.14%, 7, 0, 11, 0.00
1734231050, 2386496, 0, 45, 0, 0, 0.14%, 7, 0, 11, 0.00
1734231055, 2398560, 0, 45, 0, 0, 0.14%, 7, 0, 11, 0.00
1734231060, 2410600, 0, 45, 0, 0, 0.14%, 7, 0, 11, 0.00
1734231065, 2422662, 0, 45, 0, 0, 0.14%, 7, 0, 11, 0.00
1734231070, 2434747, 0, 45, 0, 0, 0.14%, 7, 0, 11, 0.00
1734231076, 2446750, 0, 45, 0, 0, 0.14%, 7, 0, 11, 0.00
1734231081, 2458852, 0, 45, 0, 0, 0.14%, 7, 0, 11, 0.00
1734231086, 2470904, 0, 45, 0, 0, 0.14%, 7, 0, 11, 0.00
1734231091, 2482941, 0, 45, 0, 0, 0.14%, 7, 0, 11, 0.00
1734231096, 2495007, 0, 45, 0, 0, 0.14%, 7, 0, 11, 0.00
1734231102, 2507086, 0, 45, 0, 0, 0.14%, 7, 0, 11, 0.00
1734231107, 2519126, 0, 45, 0, 0, 0.14%, 7, 0, 11, 0.00
1734231112, 2531260, 0, 45, 0, 0, 0.14%, 7, 0, 11, 0.00
1734231117, 2543340, 0, 45, 0, 0, 0.14%, 7, 0, 11, 0.00
1734231122, 2555388, 0, 45, 0, 0, 0.14%, 7, 0, 11, 0.00
1734231128, 2567487, 0, 45, 0, 0, 0.14%, 7, 0, 11, 0.00
1734231133, 2579524, 0, 45, 0, 0, 0.14%, 7, 0, 11, 0.00
1734231138, 2591571, 0, 45, 0, 0, 0.14%, 7, 0, 11, 0.00
1734231143, 2603658, 0, 45, 0, 0, 0.14%, 7, 0, 11, 0.00
1734231148, 2615727, 0, 45, 0, 0, 0.14%, 7, 0, 11, 0.00
1734231154, 2627863, 0, 45, 0, 0, 0.14%, 7, 0, 11, 0.00
1734231159, 2639882, 0, 45, 0, 0, 0.14%, 7, 0, 11, 0.00
1734231164, 2651957, 0, 45, 0, 0, 0.14%, 7, 0, 11, 0.00
1734231169, 2664058, 0, 45, 0, 0, 0.14%, 7, 0, 11, 0.00
1734231174, 2676114, 0, 45, 0, 0, 0.14%, 7, 0, 11, 0.00
1734231180, 2688196, 0, 45, 0, 0, 0.14%, 7, 0, 11, 0.00
1734231185, 2700293, 0, 45, 0, 0, 0.14%, 7, 0, 11, 0.00
1734231190, 2712320, 0, 45, 0, 0, 0.14%, 7, 0, 11, 0.00
1734231195, 2724417, 0, 45, 0, 0, 0.14%, 7, 0, 11, 0.00
1734231200, 2736521, 0, 45, 0, 0, 0.14%, 7, 0, 11, 0.00
1734231206, 2748513, 0, 45, 0, 0, 0.14%, 7, 0, 11, 0.00
1734231211, 2760594, 0, 45, 0, 0, 0.14%, 7, 0, 11, 0.00
1734231216, 2772636, 0, 45, 0, 0, 0.14%, 7, 0, 11, 0.00
1734231221, 2784675, 0, 45, 0, 0, 0.14%, 7, 0, 11, 0.00
1734231226, 2796709, 0, 45, 0, 0, 0.14%, 7, 0, 11, 0.00
1734231232, 2808799, 0, 45, 0, 0, 0.14%, 7, 0, 11, 0.00
1734231237, 2820896, 0, 45, 0, 0, 0.14%, 7, 0, 11, 0.00
1734231242, 2832948, 0, 45, 0, 0, 0.14%, 7, 0, 11, 0.00
1734231247, 2845007, 0, 45, 0, 0, 0.14%, 7, 0, 11, 0.00
1734231252, 2857076, 0, 45, 0, 0, 0.14%, 7, 0, 11, 0.00
1734231258, 2869172, 0, 45, 0, 0, 0.14%, 7, 0, 11, 0.00
1734231263, 2881234, 0, 45, 0, 0, 0.14%, 7, 0, 11, 0.00
1734231268, 2893292, 0, 45, 0, 0, 0.14%, 7, 0, 11, 0.00
1734231273, 2905369, 0, 45, 0, 0, 0.14%, 7, 0, 11, 0.00
1734231278, 2917408, 0, 45, 0, 0, 0.14%, 7, 0, 11, 0.00
1734231284, 2929472, 0, 45, 0, 0, 0.14%, 7, 0, 11, 0.00
1734231289, 2941554, 0, 45, 0, 0, 0.14%, 7, 0, 11, 0.00
1734231294, 2953637, 0, 45, 0, 0, 0.14%, 7, 0, 11, 0.00
1734231299, 2965709, 0, 45, 0, 0, 0.14%, 7, 0, 11, 0.00
1734231304, 2977766, 0, 45, 0, 0, 0.14%, 7, 0, 11, 0.00
1734231310, 2989833, 0, 45, 0, 0, 0.14%, 7, 0, 11, 0.00
1734231315, 3001933, 0, 45, 0, 0, 0.14%, 7, 0, 11, 0.00
1734231320, 3013991, 0, 45, 0, 0, 0.14%, 7, 0, 11, 0.00
1734231325, 3026080, 0, 45, 0, 0, 0.14%, 7, 0, 11, 0.00
1734231330, 3038168, 0, 45, 0, 0, 0.14%, 7, 0, 11, 0.00
1734231336, 3050240, 0, 45, 0, 0, 0.14%, 7, 0, 11, 0.00
1734231341, 3062314, 0, 45, 0, 0, 0.14%, 7, 0, 11, 0.00
1734231346, 3074392, 0, 45, 0, 0, 0.14%, 7, 0, 11, 0.00
1734231351, 3086455, 0, 45, 0, 0, 0.14%, 7, 0, 11, 0.00
1734231356, 3098521, 0, 45, 0, 0, 0.14%, 7, 0, 11, 0.00
1734231362, 3110558, 0, 45, 0, 0, 0.14%, 7, 0, 11, 0.00
1734231367, 3122594, 0, 45, 0, 0, 0.14%, 7, 0, 11, 0.00
1734231372, 3134688, 0, 45, 0, 0, 0.14%, 7, 0, 11, 0.00
1734231377, 3146773, 0, 45, 0, 0, 0.14%, 7, 0, 11, 0.00
1734231382, 3158891, 0, 45, 0, 0, 0.14%, 7, 0, 11, 0.00
1734231388, 3170956, 0, 45, 0, 0, 0.14%, 7, 0, 11, 0.00
1734231393, 3182981, 0, 45, 0, 0, 0.14%, 7, 0, 11, 0.00
1734231398, 3195024, 0, 45, 0, 0, 0.14%, 7, 0, 11, 0.00
1734231403, 3207084, 0, 45, 0, 0, 0.14%, 7, 0, 11, 0.00
1734231408, 3219185, 0, 45, 0, 0, 0.14%, 7, 0, 11, 0.00
1734231414, 3231249, 0, 45, 0, 0, 0.14%, 7, 0, 11, 0.00
1734231419, 3243291, 0, 45, 0, 0, 0.14%, 7, 0, 11, 0.00
1734231424, 3255388, 0, 45, 0, 0, 0.14%, 7, 0, 11, 0.00
1734231429, 3267463, 0, 45, 0, 0, 0.14%, 7, 0, 11, 0.00
1734231434, 3279499, 0, 45, 0, 0, 0.14%, 7, 0, 11, 0.00
1734231440, 3291580, 0, 45, 0, 0, 0.14%, 7, 0, 11, 0.00
1734231445, 3303631, 0, 45, 0, 0, 0.14%, 7, 0, 11, 0.00
1734231450, 3315677, 0, 45, 0, 0, 0.14%, 7, 0, 11, 0.00
1734231455, 3327697, 0, 45, 0, 0, 0.14%, 7, 0, 11, 0.00
1734231460, 3339766, 0, 45, 0, 0, 0.14%, 7, 0, 11, 0.00
1734231466, 3351828, 0, 45, 0, 0, 0.14%, 7, 0, 11, 0.00
1734231471, 3363866, 0, 45, 0, 0, 0.14%, 7, 0, 11, 0.00
1734231476, 3375903, 0, 45, 0, 0, 0.14%, 7, 0, 11, 0.00
1734231481, 3387909, 0, 45, 0, 0, 0.14%, 7, 0, 11, 0.00
1734231486, 3399944, 0, 45, 0, 0, 0.14%, 7, 0, 11, 0.00
1734231492, 3412014, 0, 45, 0, 0, 0.14%, 7, 0, 11, 0.00
1734231497, 3424067, 0, 45, 0, 0, 0.14%, 7, 0, 11, 0.00
1734231502, 3436174, 0, 45, 0, 0, 0.14%, 7, 0, 11, 0.00
1734231507, 3448227, 0, 45, 0, 0, 0.14%, 7, 0, 11, 0.00
1734231512, 3460276, 0, 45, 0, 0, 0.14%, 7, 0, 11, 0.00
1734231518, 3472357, 0, 45, 0, 0, 0.14%, 7, 0, 11, 0.00
1734231523, 3484384, 0, 45, 0, 0, 0.14%, 7, 0, 11, 0.00
1734231528, 3496449, 0, 45, 0, 0, 0.14%, 7, 0, 11, 0.00
1734231533, 3508519, 0, 45, 0, 0, 0.14%, 7, 0, 11, 0.00
1734231538, 3520575, 0, 45, 0, 0, 0.14%, 7, 0, 11, 0.00
1734231544, 3532678, 0, 45, 0, 0, 0.14%, 7, 0, 11, 0.00
1734231549, 3544770, 0, 45, 0, 0, 0.14%, 7, 0, 11, 0.00
1734231554, 3556867, 0, 45, 0, 0, 0.14%, 7, 0, 11, 0.00
1734231559, 3568975, 0, 45, 0, 0, 0.14%, 7, 0, 11, 0.00
1734231564, 3581081, 0, 45, 0, 0, 0.14%, 7, 0, 11, 0.00
1734231570, 3593131, 0, 45, 0, 0, 0.14%, 7, 0, 11, 0.00
1734231575, 3605226, 0, 45, 0, 0, 0.14%, 7, 0, 11, 0.00
1734231580, 3617273, 0, 45, 0, 0, 0.14%, 7, 0, 11, 0.00
1734231585, 3629343, 0, 45, 0, 0, 0.14%, 7, 0, 11, 0.00
1734231590, 3641389, 0, 45, 0, 0, 0.14%, 7, 0, 11, 0.00
1734231596, 3653459, 0, 45, 0, 0, 0.14%, 7, 0, 11, 0.00
1734231601, 3665581, 0, 45, 0, 0, 0.14%, 7, 0, 11, 0.00
1734231606, 3677710, 0, 45, 0, 0, 0.14%, 7, 0, 11, 0.00
1734231611, 3689730, 0, 45, 0, 0, 0.14%, 7, 0, 11, 0.00
1734231616, 3701740, 0, 45, 0, 0, 0.14%, 7, 0, 11, 0.00
1734231622, 3713833, 0, 45, 0, 0, 0.14%, 7, 0, 11, 0.00
1734231627, 3725899, 0, 45, 0, 0, 0.14%, 7, 0, 11, 0.00
1734231632, 3737922, 0, 45, 0, 0, 0.14%, 7, 0, 11, 0.00
1734231637, 3750007, 0, 45, 0, 0, 0.14%, 7, 0, 11, 0.00
1734231642, 3762022, 0, 45, 0, 0, 0.14%, 7, 0, 11, 0.00
1734231648, 3774059, 0, 45, 0, 0, 0.14%, 7, 0, 11, 0.00
1734231653, 3786169, 0, 45, 0, 0, 0.14%, 7, 0, 11, 0.00
1734231658, 3798272, 0, 45, 0, 0, 0.14%, 7, 0, 11, 0.00
1734231663, 3810338, 0, 45, 0, 0, 0.14%, 7, 0, 11, 0.00
1734231668, 3822465, 0, 45, 0, 0, 0.14%, 7, 0, 11, 0.00
1734231674, 3834528, 0, 45, 0, 0, 0.14%, 7, 0, 11, 0.00
1734231679, 3846592, 0, 45, 0, 0, 0.14%, 7, 0, 11, 0.00
1734231684, 3858642, 0, 45, 0, 0, 0.14%, 7, 0, 11, 0.00
1734231689, 3870714, 0, 45, 0, 0, 0.14%, 7, 0, 11, 0.00
1734231694, 3882723, 0, 45, 0, 0, 0.14%, 7, 0, 11, 0.00
1734231700, 3894733, 0, 45, 0, 0, 0.14%, 7, 0, 11, 0.00
1734231705, 3906776, 0, 45, 0, 0, 0.14%, 7, 0, 11, 0.00
1734231710, 3918851, 0, 45, 0, 0, 0.14%, 7, 0, 11, 0.00
1734231715, 3930919, 0, 45, 0, 0, 0.14%, 7, 0, 11, 0.00
1734231720, 3942988, 0, 45, 0, 0, 0.14%, 7, 0, 11, 0.00
1734231726, 3955059, 0, 45, 0, 0, 0.14%, 7, 0, 11, 0.00
1734231731, 3967132, 0, 45, 0, 0, 0.14%, 7, 0, 11, 0.00
1734231736, 3979218, 0, 45, 0, 0, 0.14%, 7, 0, 11, 0.00
1734231741, 3991309, 0, 45, 0, 0, 0.14%, 7, 0, 11, 0.00
1734231746, 4003349, 0, 45, 0, 0, 0.14%, 7, 0, 11, 0.00
1734231752, 4015451, 0, 45, 0, 0, 0.14%, 7, 0, 11, 0.00
1734231757, 4027555, 0, 45, 0, 0, 0.14%, 7, 0, 11, 0.00
1734231762, 4039578, 0, 45, 0, 0, 0.14%, 7, 0, 11, 0.00
1734231767, 4051625, 0, 45, 0, 0, 0.14%, 7, 0, 11, 0.00
1734231772, 4063709, 0, 45, 0, 0, 0.14%, 7, 0, 11, 0.00
1734231778, 4075781, 0, 45, 0, 0, 0.14%, 7, 0, 11, 0.00
1734231783, 4087841, 0, 45, 0, 0, 0.14%, 7, 0, 11, 0.00
1734231788, 4099916, 0, 45, 0, 0, 0.14%, 7, 0, 11, 0.00
1734231793, 4111933, 0, 45, 0, 0, 0.14%, 7, 0, 11, 0.00
1734231798, 4124018, 0, 45, 0, 0, 0.14%, 7, 0, 11, 0.00
1734231804, 4136097, 0, 45, 0, 0, 0.14%, 7, 0, 11, 0.00
1734231809, 4148208, 0, 45, 0, 0, 0.14%, 7, 0, 11, 0.00
1734231814, 4160251, 0, 45, 0, 0, 0.14%, 7, 0, 11, 0.00
1734231819, 4172310, 0, 45, 0, 0, 0.14%, 7, 0, 11, 0.00
1734231824, 4184381, 0, 45, 0, 0, 0.14%, 7, 0, 11, 0.00
1734231830, 4196482, 0, 45, 0, 0, 0.14%, 7, 0, 11, 0.00
1734231835, 4208506, 0, 45, 0, 0, 0.14%, 7, 0, 11, 0.00
1734231840, 4220594, 0, 45, 0, 0, 0.14%, 7, 0, 11, 0.00
1734231845, 4232651, 0, 45, 0, 0, 0.14%, 7, 0, 11, 0.00
1734231850, 4244692, 0, 45, 0, 0, 0.14%, 7, 0, 11, 0.00
1734231856, 4256728, 0, 45, 0, 0, 0.14%, 7, 0, 11, 0.00
1734231861, 4268836, 0, 45, 0, 0, 0.14%, 7, 0, 11, 0.00
1734231866, 4280921, 0, 45, 0, 0, 0.14%, 7, 0, 11, 0.00
1734231871, 4293035, 0, 45, 0, 0, 0.14%, 7, 0, 11, 0.00
1734231876, 4305122, 0, 45, 0, 0, 0.14%, 7, 0, 11, 0.00
1734231882, 4317152, 0, 45, 0, 0, 0.14%, 7, 0, 11, 0.00
1734231887, 4329293, 0, 45, 0, 0, 0.14%, 7, 0, 11, 0.00
1734231892, 4341324, 0, 45, 0, 0, 0.14%, 7, 0, 11, 0.00
1734231897, 4353396, 0, 45, 0, 0, 0.14%, 7, 0, 11, 0.00
1734231902, 4365437, 0, 45, 0, 0, 0.14%, 7, 0, 11, 0.00
1734231908, 4377544, 0, 45, 0, 0, 0.14%, 7, 0, 11, 0.00
1734231913, 4389637, 0, 45, 0, 0, 0.14%, 7, 0, 11, 0.00
1734231918, 4401710, 0, 45, 0, 0, 0.14%, 7, 0, 11, 0.00
1734231923, 4413817, 0, 45, 0, 0, 0.14%, 7, 0, 11, 0.00
1734231928, 4425869, 0, 45, 0, 0, 0.14%, 7, 0, 11, 0.00
1734231934, 4437907, 0, 45, 0, 0, 0.14%, 7, 0, 11, 0.00
1734231939, 4449914, 0, 45, 0, 0, 0.14%, 7, 0, 11, 0.00
1734231944, 4461969, 0, 45, 0, 0, 0.14%, 7, 0, 11, 0.00
1734231949, 4474109, 0, 45, 0, 0, 0.14%, 7, 0, 11, 0.00
1734231954, 4486171, 0, 45, 0, 0, 0.14%, 7, 0, 11, 0.00
1734231960, 4498178, 0, 45, 0, 0, 0.14%, 7, 0, 11, 0.00
1734231965, 4510219, 0, 45, 0, 0, 0.14%, 7, 0, 11, 0.00
1734231970, 4522321, 0, 45, 0, 0, 0.14%, 7, 0, 11, 0.00
1734231975, 4534424, 0, 45, 0, 0, 0.14%, 7, 0, 11, 0.00
1734231980, 4546487, 0, 45, 0, 0, 0.14%, 7, 0, 11, 0.00
1734231986, 4558526, 0, 45, 0, 0, 0.14%, 7, 0, 11, 0.00
1734231991, 4570572, 0, 45, 0, 0, 0.14%, 7, 0, 11, 0.00
1734231996, 4582628, 0, 45, 0, 0, 0.14%, 7, 0, 11, 0.00
1734232001, 4594706, 0, 45, 0, 0, 0.14%, 7, 0, 11, 0.00
1734232006, 4606812, 0, 45, 0, 0, 0.14%, 7, 0, 11, 0.00
1734232012, 4618870, 0, 45, 0, 0, 0.14%, 7, 0, 11, 0.00
1734232017, 4630967, 0, 45, 0, 0, 0.14%, 7, 0, 11, 0.00
1734232022, 4643021, 0, 45, 0, 0, 0.14%, 7, 0, 11, 0.00
1734232027, 4655091, 0, 45, 0, 0, 0.14%, 7, 0, 11, 0.00
1734232032, 4667131, 0, 45, 0, 0, 0.14%, 7, 0, 11, 0.00
1734232038, 4679255, 0, 45, 0, 0, 0.14%, 7, 0, 11, 0.00
1734232043, 4691300, 0, 45, 0, 0, 0.14%, 7, 0, 11, 0.00
1734232048, 4703375, 0, 45, 0, 0, 0.14%, 7, 0, 11, 0.00
1734232053, 4715487, 0, 45, 0, 0, 0.14%, 7, 0, 11, 0.00
1734232058, 4727554, 0, 45, 0, 0, 0.14%, 7, 0, 11, 0.00
1734232064, 4739651, 0, 45, 0, 0, 0.14%, 7, 0, 11, 0.00
1734232069, 4751741, 0, 45, 0, 0, 0.14%, 7, 0, 11, 0.00
1734232074, 4763827, 0, 45, 0, 0, 0.14%, 7, 0, 11, 0.00
1734232079, 4775900, 0, 45, 0, 0, 0.14%, 7, 0, 11, 0.00
1734232084, 4787963, 0, 45, 0, 0, 0.14%, 7, 0, 11, 0.00
1734232090, 4800050, 0, 45, 0, 0, 0.14%, 7, 0, 11, 0.00
1734232095, 4812101, 0, 45, 0, 0, 0.14%, 7, 0, 11, 0.00
1734232100, 4824161, 0, 45, 0, 0, 0.14%, 7, 0, 11, 0.00
1734232105, 4836260, 0, 45, 0, 0, 0.14%, 7, 0, 11, 0.00
1734232110, 4848299, 0, 45, 0, 0, 0.14%, 7, 0, 11, 0.00
1734232116, 4860394, 0, 45, 0, 0, 0.14%, 7, 0, 11, 0.00
1734232121, 4872479, 0, 45, 0, 0, 0.14%, 7, 0, 11, 0.00
1734232126, 4884546, 0, 45, 0, 0, 0.14%, 7, 0, 11, 0.00
1734232131, 4896640, 0, 45, 0, 0, 0.14%, 7, 0, 11, 0.00
1734232136, 4908709, 0, 45, 0, 0, 0.14%, 7, 0, 11, 0.00
1734232142, 4920780, 0, 45, 0, 0, 0.14%, 7, 0, 11, 0.00
1734232147, 4932852, 0, 45, 0, 0, 0.14%, 7, 0, 11, 0.00
1734232152, 4944921, 0, 45, 0, 0, 0.14%, 7, 0, 11, 0.00
1734232157, 4956992, 0, 45, 0, 0, 0.14%, 7, 0, 11, 0.00
1734232162, 4969020, 0, 45, 0, 0, 0.14%, 7, 0, 11, 0.00
1734232168, 4981083, 0, 45, 0, 0, 0.14%, 7, 0, 11, 0.00
1734232173, 4993169, 0, 45, 0, 0, 0.14%, 7, 0, 11, 0.00
1734232178, 5005232, 0, 45, 0, 0, 0.14%, 7, 0, 11, 0.00
1734232183, 5017263, 0, 45, 0, 0, 0.14%, 7, 0, 11, 0.00
1734232188, 5029359, 0, 45, 0, 0, 0.14%, 7, 0, 11, 0.00
1734232194, 5041425, 0, 45, 0, 0, 0.14%, 7, 0, 11, 0.00
1734232199, 5053510, 0, 45, 0, 0, 0.14%, 7, 0, 11, 0.00
1734232204, 5065622, 0, 45, 0, 0, 0.14%, 7, 0, 11, 0.00
1734232209, 5077720, 0, 45, 0, 0, 0.14%, 7, 0, 11, 0.00
1734232214, 5089800, 0, 45, 0, 0, 0.14%, 7, 0, 11, 0.00
1734232220, 5101878, 0, 45, 0, 0, 0.14%, 7, 0, 11, 0.00
1734232225, 5113962, 0, 45, 0, 0, 0.14%, 7, 0, 11, 0.00
1734232230, 5126023, 0, 45, 0, 0, 0.14%, 7, 0, 11, 0.00
1734232235, 5138120, 0, 45, 0, 0, 0.14%, 7, 0, 11, 0.00
1734232240, 5150191, 0, 45, 0, 0, 0.14%, 7, 0, 11, 0.00
1734232246, 5162235, 0, 45, 0, 0, 0.14%, 7, 0, 11, 0.00
1734232251, 5174270, 0, 45, 0, 0, 0.14%, 7, 0, 11, 0.00
1734232256, 5186309, 0, 45, 0, 0, 0.14%, 7, 0, 11, 0.00
1734232261, 5198399, 0, 45, 0, 0, 0.14%, 7, 0, 11, 0.00
1734232266, 5210471, 0, 45, 0, 0, 0.14%, 7, 0, 11, 0.00
1734232272, 5222499, 0, 45, 0, 0, 0.14%, 7, 0, 11, 0.00
1734232277, 5234560, 0, 45, 0, 0, 0.14%, 7, 0, 11, 0.00
1734232282, 5246616, 0, 45, 0, 0, 0.14%, 7, 0, 11, 0.00
1734232287, 5258671, 0, 45, 0, 0, 0.14%, 7, 0, 11, 0.00
1734232292, 5270727, 0, 45, 0, 0, 0.14%, 7, 0, 11, 0.00
1734232298, 5282830, 0, 45, 0, 0, 0.14%, 7, 0, 11, 0.00
1734232303, 5294896, 0, 45, 0, 0, 0.14%, 7, 0, 11, 0.00
1734232308, 5306933, 0, 45, 0, 0, 0.14%, 7, 0, 11, 0.00
1734232313, 5319041, 0, 45, 0, 0, 0.14%, 7, 0, 11, 0.00
1734232318, 5331131, 0, 45, 0, 0, 0.14%, 7, 0, 11, 0.00
1734232324, 5343183, 0, 45, 0, 0, 0.14%, 7, 0, 11, 0.00
1734232329, 5355228, 0, 45, 0, 0, 0.14%, 7, 0, 11, 0.00
1734232334, 5367276, 0, 45, 0, 0, 0.14%, 7, 0, 11, 0.00
1734232339, 5379272, 0, 45, 0, 0, 0.14%, 7, 0, 11, 0.00
1734232344, 5391350, 0, 45, 0, 0, 0.14%, 7, 0, 11, 0.00
1734232350, 5403421, 0, 45, 0, 0, 0.14%, 7, 0, 11, 0.00
1734232355, 5415457, 0, 45, 0, 0, 0.14%, 7, 0, 11, 0.00
1734232360, 5427551, 0, 45, 0, 0, 0.14%, 7, 0, 11, 0.00
1734232365, 5439575, 0, 45, 0, 0, 0.14%, 7, 0, 11, 0.00
1734232370, 5451658, 0, 45, 0, 0, 0.14%, 7, 0, 11, 0.00
1734232376, 5463744, 0, 45, 0, 0, 0.14%, 7, 0, 11, 0.00
1734232381, 5475828, 0, 45, 0, 0, 0.14%, 7, 0, 11, 0.00
1734232386, 5487930, 0, 45, 0, 0, 0.14%, 7, 0, 11, 0.00
1734232391, 5500003, 0, 45, 0, 0, 0.14%, 7, 0, 11, 0.00
1734232396, 5512015, 0, 45, 0, 0, 0.14%, 7, 0, 11, 0.00
1734232402, 5524047, 0, 45, 0, 0, 0.14%, 7, 0, 11, 0.00
1734232407, 5536107, 0, 45, 0, 0, 0.14%, 7, 0, 11, 0.00
1734232412, 5548188, 0, 45, 0, 0, 0.14%, 7, 0, 11, 0.00
1734232417, 5560278, 0, 45, 0, 0, 0.14%, 7, 0, 11, 0.00
1734232422, 5572337, 0, 45, 0, 0, 0.14%, 7, 0, 11, 0.00
1734232428, 5584413, 0, 45, 0, 0, 0.14%, 7, 0, 11, 0.00
1734232433, 5596520, 0, 45, 0, 0, 0.14%, 7, 0, 11, 0.00
1734232438, 5608593, 0, 45, 0, 0, 0.14%, 7, 0, 11, 0.00
1734232443, 5620650, 0, 45, 0, 0, 0.14%, 7, 0, 11, 0.00
1734232448, 5632713, 0, 45, 0, 0, 0.14%, 7, 0, 11, 0.00
1734232454, 5644772, 0, 45, 0, 0, 0.14%, 7, 0, 11, 0.00
1734232459, 5656845, 0, 45, 0, 0, 0.14%, 7, 0, 11, 0.00
1734232464, 5668912, 0, 45, 0, 0, 0.14%, 7, 0, 11, 0.00
1734232469, 5681122, 0, 45, 0, 0, 0.14%, 7, 0, 11, 0.00
1734232474, 5693230, 0, 45, 0, 0, 0.14%, 7, 0, 11, 0.00
1734232480, 5705285, 0, 45, 0, 0, 0.14%, 7, 0, 11, 0.00
1734232485, 5717377, 0, 45, 0, 0, 0.14%, 7, 0, 11, 0.00
1734232490, 5729450, 0, 45, 0, 0, 0.14%, 7, 0, 11, 0.00
1734232495, 5741532, 0, 45, 0, 0, 0.14%, 7, 0, 11, 0.00
1734232500, 5753681, 0, 45, 0, 0, 0.14%, 7, 0, 11, 0.00
1734232506, 5765744, 0, 45, 0, 0, 0.14%, 7, 0, 11, 0.00
1734232511, 5777778, 0, 45, 0, 0, 0.14%, 7, 0, 11, 0.00
1734232516, 5789830, 0, 45, 0, 0, 0.14%, 7, 0, 11, 0.00
1734232521, 5801894, 0, 45, 0, 0, 0.14%, 7, 0, 11, 0.00
1734232526, 5813934, 0, 45, 0, 0, 0.14%, 7, 0, 11, 0.00
1734232532, 5826002, 0, 45, 0, 0, 0.14%, 7, 0, 11, 0.00
1734232537, 5838066, 0, 45, 0, 0, 0.14%, 7, 0, 11, 0.00
1734232542, 5850139, 0, 45, 0, 0, 0.14%, 7, 0, 11, 0.00
1734232547, 5862219, 0, 45, 0, 0, 0.14%, 7, 0, 11, 0.00
1734232552, 5874308, 0, 45, 0, 0, 0.14%, 7, 0, 11, 0.00
1734232558, 5886406, 0, 45, 0, 0, 0.14%, 7, 0, 11, 0.00
1734232563, 5898470, 0, 45, 0, 0, 0.14%, 7, 0, 11, 0.00
1734232568, 5910529, 0, 45, 0, 0, 0.14%, 7, 0, 11, 0.00
1734232573, 5922566, 0, 45, 0, 0, 0.14%, 7, 0, 11, 0.00
1734232578, 5934627, 0, 45, 0, 0, 0.14%, 7, 0, 11, 0.00
1734232584, 5946699, 0, 45, 0, 0, 0.14%, 7, 0, 11, 0.00
1734232589, 5958774, 0, 45, 0, 0, 0.14%, 7, 0, 11, 0.00
1734232594, 5970852, 0, 45, 0, 0, 0.14%, 7, 0, 11, 0.00
1734232599, 5982967, 0, 45, 0, 0, 0.14%, 7, 0, 11, 0.00
1734232604, 5994980, 0, 45, 0, 0, 0.14%, 7, 0, 11, 0.00
1734232610, 6007016, 0, 45, 0, 0, 0.14%, 7, 0, 11, 0.00
1734232615, 6019123, 0, 45, 0, 0, 0.14%, 7, 0, 11, 0.00
1734232620, 6031197, 0, 45, 0, 0, 0.14%, 7, 0, 11, 0.00
1734232625, 6043281, 0, 45, 0, 0, 0.14%, 7, 0, 11, 0.00
1734232630, 6055377, 0, 45, 0, 0, 0.14%, 7, 0, 11, 0.00
1734232636, 6067482, 0, 45, 0, 0, 0.14%, 7, 0, 11, 0.00
1734232641, 6079531, 0, 45, 0, 0, 0.14%, 7, 0, 11, 0.00
1734232646, 6091628, 0, 45, 0, 0, 0.14%, 7, 0, 11, 0.00
1734232651, 6103705, 0, 45, 0, 0, 0.14%, 7, 0, 11, 0.00
1734232656, 6115820, 0, 45, 0, 0, 0.14%, 7, 0, 11, 0.00
1734232662, 6127850, 0, 45, 0, 0, 0.14%, 7, 0, 11, 0.00
1734232667, 6139901, 0, 45, 0, 0, 0.14%, 7, 0, 11, 0.00
1734232672, 6151896, 0, 45, 0, 0, 0.14%, 7, 0, 11, 0.00
1734232677, 6163936, 0, 45, 0, 0, 0.14%, 7, 0, 11, 0.00
1734232682, 6175988, 0, 45, 0, 0, 0.14%, 7, 0, 11, 0.00
1734232688, 6188061, 0, 45, 0, 0, 0.14%, 7, 0, 11, 0.00
1734232693, 6200174, 0, 45, 0, 0, 0.14%, 7, 0, 11, 0.00
1734232698, 6212259, 0, 45, 0, 0, 0.14%, 7, 0, 11, 0.00
1734232703, 6224310, 0, 45, 0, 0, 0.14%, 7, 0, 11, 0.00
1734232708, 6236367, 0, 45, 0, 0, 0.14%, 7, 0, 11, 0.00
1734232714, 6248415, 0, 45, 0, 0, 0.14%, 7, 0, 11, 0.00
1734232719, 6260510, 0, 45, 0, 0, 0.14%, 7, 0, 11, 0.00
1734232724, 6272608, 0, 45, 0, 0, 0.14%, 7, 0, 11, 0.00
1734232729, 6284716, 0, 45, 0, 0, 0.14%, 7, 0, 11, 0.00
1734232734, 6296770, 0, 45, 0, 0, 0.14%, 7, 0, 11, 0.00
1734232740, 6308790, 0, 45, 0, 0, 0.14%, 7, 0, 11, 0.00
1734232745, 6320902, 0, 45, 0, 0, 0.14%, 7, 0, 11, 0.00
1734232750, 6332985, 0, 45, 0, 0, 0.14%, 7, 0, 11, 0.00
1734232755, 6345060, 0, 45, 0, 0, 0.14%, 7, 0, 11, 0.00
1734232760, 6357150, 0, 45, 0, 0, 0.14%, 7, 0, 11, 0.00
1734232766, 6369247, 0, 45, 0, 0, 0.14%, 7, 0, 11, 0.00
1734232771, 6381327, 0, 45, 0, 0, 0.14%, 7, 0, 11, 0.00
1734232776, 6393332, 0, 45, 0, 0, 0.14%, 7, 0, 11, 0.00
1734232781, 6405395, 0, 45, 0, 0, 0.14%, 7, 0, 11, 0.00
1734232786, 6417524, 0, 45, 0, 0, 0.14%, 7, 0, 11, 0.00
1734232792, 6429612, 0, 45, 0, 0, 0.14%, 7, 0, 11, 0.00
1734232797, 6441717, 0, 45, 0, 0, 0.14%, 7, 0, 11, 0.00
1734232802, 6453764, 0, 45, 0, 0, 0.14%, 7, 0, 11, 0.00
1734232807, 6465826, 0, 45, 0, 0, 0.14%, 7, 0, 11, 0.00
1734232812, 6477873, 0, 45, 0, 0, 0.14%, 7, 0, 11, 0.00
1734232818, 6489967, 0, 45, 0, 0, 0.14%, 7, 0, 11, 0.00
1734232823, 6502063, 0, 45, 0, 0, 0.14%, 7, 0, 11, 0.00
1734232828, 6514089, 0, 45, 0, 0, 0.14%, 7, 0, 11, 0.00
1734232833, 6526174, 0, 45, 0, 0, 0.14%, 7, 0, 11, 0.00
1734232838, 6538228, 0, 45, 0, 0, 0.14%, 7, 0, 11, 0.00
1734232844, 6550290, 0, 45, 0, 0, 0.14%, 7, 0, 11, 0.00
1734232849, 6562295, 0, 45, 0, 0, 0.14%, 7, 0, 11, 0.00
1734232854, 6574352, 0, 45, 0, 0, 0.14%, 7, 0, 11, 0.00
1734232859, 6586423, 0, 45, 0, 0, 0.14%, 7, 0, 11, 0.00
1734232864, 6598492, 0, 45, 0, 0, 0.14%, 7, 0, 11, 0.00
1734232870, 6610612, 0, 45, 0, 0, 0.14%, 7, 0, 11, 0.00
1734232875, 6622705, 0, 45, 0, 0, 0.14%, 7, 0, 11, 0.00
1734232880, 6634823, 0, 45, 0, 0, 0.14%, 7, 0, 11, 0.00
1734232885, 6646933, 0, 45, 0, 0, 0.14%, 7, 0, 11, 0.00
1734232890, 6658980, 0, 45, 0, 0, 0.14%, 7, 0, 11, 0.00
1734232896, 6671056, 0, 45, 0, 0, 0.14%, 7, 0, 11, 0.00
1734232901, 6683042, 0, 45, 0, 0, 0.14%, 7, 0, 11, 0.00
1734232906, 6695126, 0, 45, 0, 0, 0.14%, 7, 0, 11, 0.00
1734232911, 6707137, 0, 45, 0, 0, 0.14%, 7, 0, 11, 0.00
1734232916, 6719174, 0, 45, 0, 0, 0.14%, 7, 0, 11, 0.00
1734232922, 6731245, 0, 45, 0, 0, 0.14%, 7, 0, 11, 0.00
1734232927, 6743294, 0, 45, 0, 0, 0.14%, 7, 0, 11, 0.00
1734232932, 6755333, 0, 45, 0, 0, 0.14%, 7, 0, 11, 0.00
1734232937, 6767378, 0, 45, 0, 0, 0.14%, 7, 0, 11, 0.00
1734232942, 6779477, 0, 45, 0, 0, 0.14%, 7, 0, 11, 0.00
1734232948, 6791507, 0, 45, 0, 0, 0.14%, 7, 0, 11, 0.00
1734232953, 6803639, 0, 45, 0, 0, 0.14%, 7, 0, 11, 0.00
1734232958, 6815743, 0, 45, 0, 0, 0.14%, 7, 0, 11, 0.00
1734232963, 6827805, 0, 45, 0, 0, 0.14%, 7, 0, 11, 0.00
1734232968, 6839883, 0, 45, 0, 0, 0.14%, 7, 0, 11, 0.00
1734232974, 6851970, 0, 45, 0, 0, 0.14%, 7, 0, 11, 0.00
1734232979, 6864047, 0, 45, 0, 0, 0.14%, 7, 0, 11, 0.00
1734232984, 6876126, 0, 45, 0, 0, 0.14%, 7, 0, 11, 0.00
1734232989, 6888222, 0, 45, 0, 0, 0.14%, 7, 0, 11, 0.00
1734232994, 6900270, 0, 45, 0, 0, 0.14%, 7, 0, 11, 0.00
1734233000, 6912337, 0, 45, 0, 0, 0.14%, 7, 0, 11, 0.00
1734233005, 6924363, 0, 45, 0, 0, 0.14%, 7, 0, 11, 0.00
1734233010, 6936423, 0, 45, 0, 0, 0.14%, 7, 0, 11, 0.00
1734233015, 6948512, 0, 45, 0, 0, 0.14%, 7, 0, 11, 0.00
1734233020, 6960566, 0, 45, 0, 0, 0.14%, 7, 0, 11, 0.00
1734233026, 6972582, 0, 45, 0, 0, 0.14%, 7, 0, 11, 0.00
1734233031, 6984666, 0, 45, 0, 0, 0.14%, 7, 0, 11, 0.00
1734233036, 6996753, 0, 45, 0, 0, 0.14%, 7, 0, 11, 0.00
1734233041, 7008763, 0, 45, 0, 0, 0.14%, 7, 0, 11, 0.00
1734233046, 7020791, 0, 45, 0, 0, 0.14%, 7, 0, 11, 0.00
1734233052, 7032871, 0, 45, 0, 0, 0.14%, 7, 0, 11, 0.00
1734233057, 7044921, 0, 45, 0, 0, 0.14%, 7, 0, 11, 0.00
1734233062, 7056979, 0, 45, 0, 0, 0.14%, 7, 0, 11, 0.00
1734233067, 7069036, 0, 45, 0, 0, 0.14%, 7, 0, 11, 0.00
1734233072, 7081074, 0, 45, 0, 0, 0.14%, 7, 0, 11, 0.00
1734233078, 7093169, 0, 45, 0, 0, 0.14%, 7, 0, 11, 0.00
1734233083, 7105220, 0, 45, 0, 0, 0.14%, 7, 0, 11, 0.00
1734233088, 7117270, 0, 45, 0, 0, 0.14%, 7, 0, 11, 0.00
1734233093, 7129357, 0, 45, 0, 0, 0.14%, 7, 0, 11, 0.00
1734233098, 7141416, 0, 45, 0, 0, 0.14%, 7, 0, 11, 0.00
1734233104, 7153461, 0, 45, 0, 0, 0.14%, 7, 0, 11, 0.00
1734233109, 7165590, 0, 45, 0, 0, 0.14%, 7, 0, 11, 0.00
1734233114, 7177636, 0, 45, 0, 0, 0.14%, 7, 0, 11, 0.00
1734233119, 7189706, 0, 45, 0, 0, 0.14%, 7, 0, 11, 0.00
1734233124, 7201766, 0, 45, 0, 0, 0.14%, 7, 0, 11, 0.00
1734233130, 7213790, 0, 45, 0, 0, 0.14%, 7, 0, 11, 0.00
1734233135, 7225833, 0, 45, 0, 0, 0.14%, 7, 0, 11, 0.00
1734233140, 7237942, 0, 45, 0, 0, 0.14%, 7, 0, 11, 0.00
1734233145, 7250029, 0, 45, 0, 0, 0.14%, 7, 0, 11, 0.00
1734233150, 7262088, 0, 45, 0, 0, 0.14%, 7, 0, 11, 0.00
1734233156, 7274178, 0, 45, 0, 0, 0.14%, 7, 0, 11, 0.00
1734233161, 7286274, 0, 45, 0, 0, 0.14%, 7, 0, 11, 0.00
1734233166, 7298283, 0, 45, 0, 0, 0.14%, 7, 0, 11, 0.00
1734233171, 7310294, 0, 45, 0, 0, 0.14%, 7, 0, 11, 0.00
1734233176, 7322365, 0, 45, 0, 0, 0.14%, 7, 0, 11, 0.00
1734233182, 7334394, 0, 45, 0, 0, 0.14%, 7, 0, 11, 0.00
1734233187, 7346465, 0, 45, 0, 0, 0.14%, 7, 0, 11, 0.00
1734233192, 7358536, 0, 45, 0, 0, 0.14%, 7, 0, 11, 0.00
1734233197, 7370603, 0, 45, 0, 0, 0.14%, 7, 0, 11, 0.00
1734233202, 7382721, 0, 45, 0, 0, 0.14%, 7, 0, 11, 0.00
1734233208, 7394796, 0, 45, 0, 0, 0.14%, 7, 0, 11, 0.00
1734233213, 7406818, 0, 45, 0, 0, 0.14%, 7, 0, 11, 0.00
1734233218, 7418843, 0, 45, 0, 0, 0.14%, 7, 0, 11, 0.00
1734233223, 7430913, 0, 45, 0, 0, 0.14%, 7, 0, 11, 0.00
1734233228, 7442888, 0, 45, 0, 0, 0.14%, 7, 0, 11, 0.00
1734233234, 7454924, 0, 45, 0, 0, 0.14%, 7, 0, 11, 0.00
1734233239, 7466996, 0, 45, 0, 0, 0.14%, 7, 0, 11, 0.00
1734233244, 7479092, 0, 45, 0, 0, 0.14%, 7, 0, 11, 0.00
1734233249, 7491143, 0, 45, 0, 0, 0.14%, 7, 0, 11, 0.00
1734233254, 7503196, 0, 45, 0, 0, 0.14%, 7, 0, 11, 0.00
1734233260, 7515275, 0, 45, 0, 0, 0.14%, 7, 0, 11, 0.00
1734233265, 7527377, 0, 45, 0, 0, 0.14%, 7, 0, 11, 0.00
1734233270, 7539365, 0, 45, 0, 0, 0.14%, 7, 0, 11, 0.00
1734233275, 7551416, 0, 45, 0, 0, 0.14%, 7, 0, 11, 0.00
1734233280, 7563436, 0, 45, 0, 0, 0.14%, 7, 0, 11, 0.00
1734233286, 7575481, 0, 45, 0, 0, 0.14%, 7, 0, 11, 0.00
1734233291, 7587513, 0, 45, 0, 0, 0.14%, 7, 0, 11, 0.00
1734233296, 7599573, 0, 45, 0, 0, 0.14%, 7, 0, 11, 0.00
1734233301, 7611647, 0, 45, 0, 0, 0.14%, 7, 0, 11, 0.00
1734233306, 7623705, 0, 45, 0, 0, 0.14%, 7, 0, 11, 0.00
1734233312, 7635766, 0, 45, 0, 0, 0.14%, 7, 0, 11, 0.00
1734233317, 7647845, 0, 45, 0, 0, 0.14%, 7, 0, 11, 0.00
1734233322, 7659906, 0, 45, 0, 0, 0.14%, 7, 0, 11, 0.00
1734233327, 7671989, 0, 45, 0, 0, 0.14%, 7, 0, 11, 0.00
1734233332, 7684010, 0, 45, 0, 0, 0.14%, 7, 0, 11, 0.00
1734233338, 7696095, 0, 45, 0, 0, 0.14%, 7, 0, 11, 0.00
1734233343, 7708113, 0, 45, 0, 0, 0.14%, 7, 0, 11, 0.00
1734233348, 7720133, 0, 45, 0, 0, 0.14%, 7, 0, 11, 0.00
1734233353, 7732216, 0, 45, 0, 0, 0.14%, 7, 0, 11, 0.00
1734233358, 7744272, 0, 45, 0, 0, 0.14%, 7, 0, 11, 0.00
1734233364, 7756342, 0, 45, 0, 0, 0.14%, 7, 0, 11, 0.00
1734233369, 7768389, 0, 45, 0, 0, 0.14%, 7, 0, 11, 0.00
1734233374, 7780454, 0, 45, 0, 0, 0.14%, 7, 0, 11, 0.00
1734233379, 7792535, 0, 45, 0, 0, 0.14%, 7, 0, 11, 0.00
1734233384, 7804590, 0, 45, 0, 0, 0.14%, 7, 0, 11, 0.00
1734233390, 7816610, 0, 45, 0, 0, 0.14%, 7, 0, 11, 0.00
1734233395, 7828708, 0, 45, 0, 0, 0.14%, 7, 0, 11, 0.00
1734233400, 7840772, 0, 45, 0, 0, 0.14%, 7, 0, 11, 0.00
1734233405, 7852869, 0, 45, 0, 0, 0.14%, 7, 0, 11, 0.00
1734233410, 7864907, 0, 45, 0, 0, 0.14%, 7, 0, 11, 0.00
1734233416, 7876945, 0, 45, 0, 0, 0.14%, 7, 0, 11, 0.00
1734233421, 7888994, 0, 45, 0, 0, 0.14%, 7, 0, 11, 0.00
1734233426, 7901047, 0, 45, 0, 0, 0.14%, 7, 0, 11, 0.00
1734233431, 7913044, 0, 45, 0, 0, 0.14%, 7, 0, 11, 0.00
1734233436, 7925073, 0, 45, 0, 0, 0.14%, 7, 0, 11, 0.00
1734233442, 7937167, 0, 45, 0, 0, 0.14%, 7, 0, 11, 0.00
1734233447, 7949224, 0, 45, 0, 0, 0.14%, 7, 0, 11, 0.00
1734233452, 7961290, 0, 45, 0, 0, 0.14%, 7, 0, 11, 0.00
1734233457, 7973335, 0, 45, 0, 0, 0.14%, 7, 0, 11, 0.00
1734233462, 7985405, 0, 45, 0, 0, 0.14%, 7, 0, 11, 0.00
1734233468, 7997442, 0, 45, 0, 0, 0.14%, 7, 0, 11, 0.00
1734233473, 8009505, 0, 45, 0, 0, 0.14%, 7, 0, 11, 0.00
1734233478, 8021596, 0, 45, 0, 0, 0.14%, 7, 0, 11, 0.00
1734233483, 8033655, 0, 45, 0, 0, 0.14%, 7, 0, 11, 0.00
1734233488, 8045714, 0, 45, 0, 0, 0.14%, 7, 0, 11, 0.00
1734233494, 8057794, 0, 45, 0, 0, 0.14%, 7, 0, 11, 0.00
1734233499, 8069853, 0, 45, 0, 0, 0.14%, 7, 0, 11, 0.00
1734233504, 8081928, 0, 45, 0, 0, 0.14%, 7, 0, 11, 0.00
1734233509, 8093911, 0, 45, 0, 0, 0.14%, 7, 0, 11, 0.00
1734233514, 8105991, 0, 45, 0, 0, 0.14%, 7, 0, 11, 0.00
1734233520, 8118006, 0, 45, 0, 0, 0.14%, 7, 0, 11, 0.00
1734233525, 8130066, 0, 45, 0, 0, 0.14%, 7, 0, 11, 0.00
1734233530, 8142144, 0, 45, 0, 0, 0.14%, 7, 0, 11, 0.00
1734233535, 8154199, 0, 45, 0, 0, 0.14%, 7, 0, 11, 0.00
1734233540, 8166237, 0, 45, 0, 0, 0.14%, 7, 0, 11, 0.00
1734233546, 8178320, 0, 45, 0, 0, 0.14%, 7, 0, 11, 0.00
1734233551, 8190378, 0, 45, 0, 0, 0.14%, 7, 0, 11, 0.00
1734233556, 8202452, 0, 45, 0, 0, 0.14%, 7, 0, 11, 0.00
1734233561, 8214538, 0, 45, 0, 0, 0.14%, 7, 0, 11, 0.00
1734233566, 8226654, 0, 45, 0, 0, 0.14%, 7, 0, 11, 0.00
1734233572, 8238688, 0, 45, 0, 0, 0.14%, 7, 0, 11, 0.00
1734233577, 8250703, 0, 45, 0, 0, 0.14%, 7, 0, 11, 0.00
1734233582, 8262743, 0, 45, 0, 0, 0.14%, 7, 0, 11, 0.00
1734233587, 8274819, 0, 45, 0, 0, 0.14%, 7, 0, 11, 0.00
1734233592, 8286897, 0, 45, 0, 0, 0.14%, 7, 0, 11, 0.00
1734233598, 8298957, 0, 45, 0, 0, 0.14%, 7, 0, 11, 0.00
1734233603, 8311014, 0, 45, 0, 0, 0.14%, 7, 0, 11, 0.00
1734233608, 8323049, 0, 45, 0, 0, 0.14%, 7, 0, 11, 0.00
1734233613, 8335141, 0, 45, 0, 0, 0.14%, 7, 0, 11, 0.00
1734233618, 8347198, 0, 45, 0, 0, 0.14%, 7, 0, 11, 0.00
1734233624, 8359294, 0, 45, 0, 0, 0.14%, 7, 0, 11, 0.00
1734233629, 8371345, 0, 45, 0, 0, 0.14%, 7, 0, 11, 0.00
1734233634, 8383451, 0, 45, 0, 0, 0.14%, 7, 0, 11, 0.00
1734233639, 8395557, 0, 45, 0, 0, 0.14%, 7, 0, 11, 0.00
1734233644, 8407654, 0, 45, 0, 0, 0.14%, 7, 0, 11, 0.00
1734233650, 8419678, 0, 45, 0, 0, 0.14%, 7, 0, 11, 0.00
1734233655, 8431730, 0, 45, 0, 0, 0.14%, 7, 0, 11, 0.00
1734233660, 8443816, 0, 45, 0, 0, 0.14%, 7, 0, 11, 0.00
1734233665, 8455863, 0, 45, 0, 0, 0.14%, 7, 0, 11, 0.00
1734233670, 8467912, 0, 45, 0, 0, 0.14%, 7, 0, 11, 0.00
1734233676, 8479958, 0, 45, 0, 0, 0.14%, 7, 0, 11, 0.00
1734233681, 8492033, 0, 45, 0, 0, 0.14%, 7, 0, 11, 0.00
1734233686, 8504092, 0, 45, 0, 0, 0.14%, 7, 0, 11, 0.00
1734233691, 8516141, 0, 45, 0, 0, 0.14%, 7, 0, 11, 0.00
1734233696, 8528172, 0, 45, 0, 0, 0.14%, 7, 0, 11, 0.00
1734233702, 8540214, 0, 45, 0, 0, 0.14%, 7, 0, 11, 0.00
1734233707, 8552230, 0, 45, 0, 0, 0.14%, 7, 0, 11, 0.00
1734233712, 8564346, 0, 45, 0, 0, 0.14%, 7, 0, 11, 0.00
1734233717, 8576388, 0, 45, 0, 0, 0.14%, 7, 0, 11, 0.00
1734233722, 8588449, 0, 45, 0, 0, 0.14%, 7, 0, 11, 0.00
1734233728, 8600551, 0, 45, 0, 0, 0.14%, 7, 0, 11, 0.00
1734233733, 8612583, 0, 45, 0, 0, 0.14%, 7, 0, 11, 0.00
1734233738, 8624655, 0, 45, 0, 0, 0.14%, 7, 0, 11, 0.00
1734233743, 8636739, 0, 45, 0, 0, 0.14%, 7, 0, 11, 0.00
1734233748, 8648718, 0, 45, 0, 0, 0.14%, 7, 0, 11, 0.00
1734233754, 8660780, 0, 45, 0, 0, 0.14%, 7, 0, 11, 0.00
1734233759, 8672828, 0, 45, 0, 0, 0.14%, 7, 0, 11, 0.00
1734233764, 8684849, 0, 45, 0, 0, 0.14%, 7, 0, 11, 0.00
1734233769, 8696928, 0, 45, 0, 0, 0.14%, 7, 0, 11, 0.00
1734233774, 8708981, 0, 45, 0, 0, 0.14%, 7, 0, 11, 0.00
1734233780, 8721042, 0, 45, 0, 0, 0.14%, 7, 0, 11, 0.00
1734233785, 8733121, 0, 45, 0, 0, 0.14%, 7, 0, 11, 0.00
1734233790, 8745160, 0, 45, 0, 0, 0.14%, 7, 0, 11, 0.00
1734233795, 8757209, 0, 45, 0, 0, 0.14%, 7, 0, 11, 0.00
1734233800, 8769283, 0, 45, 0, 0, 0.14%, 7, 0, 11, 0.00
1734233806, 8781356, 0, 45, 0, 0, 0.14%, 7, 0, 11, 0.00
1734233811, 8793414, 0, 45, 0, 0, 0.14%, 7, 0, 11, 0.00
1734233816, 8805475, 0, 45, 0, 0, 0.14%, 7, 0, 11, 0.00
1734233821, 8817548, 0, 45, 0, 0, 0.14%, 7, 0, 11, 0.00
1734233826, 8829604, 0, 45, 0, 0, 0.14%, 7, 0, 11, 0.00
1734233832, 8841676, 0, 45, 0, 0, 0.14%, 7, 0, 11, 0.00
1734233837, 8853741, 0, 45, 0, 0, 0.14%, 7, 0, 11, 0.00
1734233842, 8865774, 0, 45, 0, 0, 0.14%, 7, 0, 11, 0.00
1734233847, 8877816, 0, 45, 0, 0, 0.14%, 7, 0, 11, 0.00
1734233852, 8889872, 0, 45, 0, 0, 0.14%, 7, 0, 11, 0.00
1734233858, 8901898, 0, 45, 0, 0, 0.14%, 7, 0, 11, 0.00
1734233863, 8913942, 0, 45, 0, 0, 0.14%, 7, 0, 11, 0.00
1734233868, 8926037, 0, 45, 0, 0, 0.14%, 7, 0, 11, 0.00
1734233873, 8938074, 0, 45, 0, 0, 0.14%, 7, 0, 11, 0.00
1734233878, 8950135, 0, 45, 0, 0, 0.14%, 7, 0, 11, 0.00
1734233884, 8962190, 0, 45, 0, 0, 0.14%, 7, 0, 11, 0.00
1734233889, 8974251, 0, 45, 0, 0, 0.14%, 7, 0, 11, 0.00
1734233894, 8986363, 0, 45, 0, 0, 0.14%, 7, 0, 11, 0.00
1734233899, 8998419, 0, 45, 0, 0, 0.14%, 7, 0, 11, 0.00
1734233904, 9010469, 0, 45, 0, 0, 0.14%, 7, 0, 11, 0.00
1734233910, 9022542, 0, 45, 0, 0, 0.14%, 7, 0, 11, 0.00
1734233915, 9034602, 0, 45, 0, 0, 0.14%, 7, 0, 11, 0.00
1734233920, 9046723, 0, 45, 0, 0, 0.14%, 7, 0, 11, 0.00
1734233925, 9058774, 0, 45, 0, 0, 0.14%, 7, 0, 11, 0.00
1734233930, 9070871, 0, 45, 0, 0, 0.14%, 7, 0, 11, 0.00
1734233936, 9082955, 0, 45, 0, 0, 0.14%, 7, 0, 11, 0.00
1734233941, 9095010, 0, 45, 0, 0, 0.14%, 7, 0, 11, 0.00
1734233946, 9107070, 0, 45, 0, 0, 0.14%, 7, 0, 11, 0.00
1734233951, 9119119, 0, 45, 0, 0, 0.14%, 7, 0, 11, 0.00
1734233956, 9131120, 0, 45, 0, 0, 0.14%, 7, 0, 11, 0.00
1734233962, 9143154, 0, 45, 0, 0, 0.14%, 7, 0, 11, 0.00
1734233967, 9155187, 0, 45, 0, 0, 0.14%, 7, 0, 11, 0.00
1734233972, 9167296, 0, 45, 0, 0, 0.14%, 7, 0, 11, 0.00
1734233977, 9179374, 0, 45, 0, 0, 0.14%, 7, 0, 11, 0.00
1734233982, 9191420, 0, 45, 0, 0, 0.14%, 7, 0, 11, 0.00
1734233988, 9203473, 0, 45, 0, 0, 0.14%, 7, 0, 11, 0.00
1734233993, 9215525, 0, 45, 0, 0, 0.14%, 7, 0, 11, 0.00
1734233998, 9227529, 0, 45, 0, 0, 0.14%, 7, 0, 11, 0.00
1734234003, 9239632, 0, 45, 0, 0, 0.14%, 7, 0, 11, 0.00
1734234008, 9251662, 0, 45, 0, 0, 0.14%, 7, 0, 11, 0.00
1734234014, 9263690, 0, 45, 0, 0, 0.14%, 7, 0, 11, 0.00
1734234019, 9275788, 0, 45, 0, 0, 0.14%, 7, 0, 11, 0.00
1734234024, 9287817, 0, 45, 0, 0, 0.14%, 7, 0, 11, 0.00
1734234029, 9299836, 0, 45, 0, 0, 0.14%, 7, 0, 11, 0.00
1734234034, 9311890, 0, 45, 0, 0, 0.14%, 7, 0, 11, 0.00
1734234040, 9323951, 0, 45, 0, 0, 0.14%, 7, 0, 11, 0.00
1734234045, 9336057, 0, 45, 0, 0, 0.14%, 7, 0, 11, 0.00
1734234050, 9348142, 0, 45, 0, 0, 0.14%, 7, 0, 11, 0.00
1734234055, 9360195, 0, 45, 0, 0, 0.14%, 7, 0, 11, 0.00
1734234060, 9372215, 0, 45, 0, 0, 0.14%, 7, 0, 11, 0.00
