# unix_time, cycles_done, cur_path, paths_total, pending_total, pending_favs, map_size, unique_crashes, unique_hangs, max_depth, execs_per_sec
1735708917, 0, 0, 10, 10, 1, 0.01%, 0, 0, 1, 37.47
1735708922, 0, 3, 10, 10, 1, 0.01%, 0, 0, 1, 36.67
1735708938, 1, 0, 10, 3, 0, 0.01%, 0, 0, 1, 45.50
1735708943, 1, 1, 10, 2, 0, 0.01%, 0, 0, 1, 44.51
1735708948, 1, 2, 10, 1, 0, 0.01%, 0, 0, 1, 44.50
1735708953, 1, 3, 10, 0, 0, 0.01%, 0, 0, 1, 46.22
1735708963, 1, 4, 10, 0, 0, 0.01%, 0, 0, 1, 46.02
1735708968, 1, 5, 10, 0, 0, 0.01%, 0, 0, 1, 45.44
1735708973, 1, 6, 10, 0, 0, 0.01%, 0, 0, 1, 46.24
1735708978, 1, 7, 10, 0, 0, 0.01%, 0, 0, 1, 44.60
1735708983, 1, 8, 10, 0, 0, 0.01%, 0, 0, 1, 46.04
1735708989, 1, 9, 10, 0, 0, 0.01%, 0, 0, 1, 46.65
1735708994, 2, 0, 10, 0, 0, 0.01%, 0, 0, 1, 44.13
1735708999, 2, 1, 10, 0, 0, 0.01%, 0, 0, 1, 45.28
1735709004, 2, 2, 10, 0, 0, 0.01%, 0, 0, 1, 46.34
1735709014, 2, 3, 10, 0, 0, 0.01%, 0, 0, 1, 46.07
1735709019, 2, 4, 10, 0, 0, 0.01%, 0, 0, 1, 46.78
1735709024, 2, 5, 10, 0, 0, 0.01%, 0, 0, 1, 45.50
1735709029, 2, 6, 10, 0, 0, 0.01%, 0, 0, 1, 45.29
1735709034, 2, 7, 10, 0, 0, 0.01%, 0, 0, 1, 44.96
1735709039, 2, 8, 10, 0, 0, 0.01%, 0, 0, 1, 44.85
1735709044, 2, 9, 10, 0, 0, 0.01%, 0, 0, 1, 46.12
1735709050, 3, 0, 10, 0, 0, 0.01%, 0, 0, 1, 43.83
1735709055, 3, 1, 10, 0, 0, 0.01%, 0, 0, 1, 48.37
1735709065, 3, 2, 10, 0, 0, 0.01%, 0, 0, 1, 47.28
1735709070, 3, 3, 10, 0, 0, 0.01%, 0, 0, 1, 46.44
1735709075, 3, 4, 10, 0, 0, 0.01%, 0, 0, 1, 47.28
1735709080, 3, 5, 10, 0, 0, 0.01%, 0, 0, 1, 44.04
1735709085, 3, 6, 10, 0, 0, 0.01%, 0, 0, 1, 44.89
1735709090, 3, 7, 10, 0, 0, 0.01%, 0, 0, 1, 48.67
1735709095, 3, 8, 10, 0, 0, 0.01%, 0, 0, 1, 46.79
1735709100, 3, 9, 10, 0, 0, 0.01%, 0, 0, 1, 46.17
1735709105, 4, 0, 10, 0, 0, 0.01%, 0, 0, 1, 47.63
1735709110, 4, 1, 10, 0, 0, 0.01%, 0, 0, 1, 46.54
1735709115, 4, 2, 10, 0, 0, 0.01%, 0, 0, 1, 46.39
1735709121, 4, 3, 10, 0, 0, 0.01%, 0, 0, 1, 47.16
1735709131, 4, 4, 10, 0, 0, 0.01%, 0, 0, 1, 45.13
1735709136, 4, 5, 10, 0, 0, 0.01%, 0, 0, 1, 45.50
1735709141, 4, 6, 10, 0, 0, 0.01%, 0, 0, 1, 47.35
1735709146, 4, 7, 10, 0, 0, 0.01%, 0, 0, 1, 45.45
1735709151, 4, 8, 10, 0, 0, 0.01%, 0, 0, 1, 44.58
1735709156, 4, 9, 10, 0, 0, 0.01%, 0, 0, 1, 48.17
1735709161, 5, 0, 10, 0, 0, 0.01%, 0, 0, 1, 43.86
1735709166, 5, 1, 10, 0, 0, 0.01%, 0, 0, 1, 46.00
1735709171, 5, 2, 10, 0, 0, 0.01%, 0, 0, 1, 46.54
1735709176, 5, 3, 10, 0, 0, 0.01%, 0, 0, 1, 43.88
1735709187, 5, 4, 10, 0, 0, 0.01%, 0, 0, 1, 44.48
1735709192, 5, 5, 10, 0, 0, 0.01%, 0, 0, 1, 45.12
1735709197, 5, 6, 10, 0, 0, 0.01%, 0, 0, 1, 46.29
1735709202, 5, 7, 10, 0, 0, 0.01%, 0, 0, 1, 44.07
1735709207, 5, 8, 10, 0, 0, 0.01%, 0, 0, 1, 48.69
1735709212, 5, 9, 10, 0, 0, 0.01%, 0, 0, 1, 46.71
1735709217, 6, 0, 10, 0, 0, 0.01%, 0, 0, 1, 46.28
1735709222, 6, 1, 10, 0, 0, 0.01%, 0, 0, 1, 44.03
1735709227, 6, 2, 10, 0, 0, 0.01%, 0, 0, 1, 47.32
1735709237, 6, 3, 10, 0, 0, 0.01%, 0, 0, 1, 46.14
1735709242, 6, 4, 10, 0, 0, 0.01%, 0, 0, 1, 45.21
1735709247, 6, 5, 10, 0, 0, 0.01%, 0, 0, 1, 43.90
1735709253, 6, 6, 10, 0, 0, 0.01%, 0, 0, 1, 47.46
1735709258, 6, 7, 10, 0, 0, 0.01%, 0, 0, 1, 46.07
1735709263, 6, 8, 10, 0, 0, 0.01%, 0, 0, 1, 47.52
1735709268, 6, 9, 10, 0, 0, 0.01%, 0, 0, 1, 46.20
1735709273, 7, 0, 10, 0, 0, 0.01%, 0, 0, 1, 45.23
1735709278, 7, 1, 10, 0, 0, 0.01%, 0, 0, 1, 44.61
1735709288, 7, 2, 10, 0, 0, 0.01%, 0, 0, 1, 46.43
1735709293, 7, 3, 10, 0, 0, 0.01%, 0, 0, 1, 48.07
1735709298, 7, 4, 10, 0, 0, 0.01%, 0, 0, 1, 45.18
1735709303, 7, 5, 10, 0, 0, 0.01%, 0, 0, 1, 45.27
1735709308, 7, 6, 10, 0, 0, 0.01%, 0, 0, 1, 43.34
1735709313, 7, 7, 10, 0, 0, 0.01%, 0, 0, 1, 46.25
1735709318, 7, 8, 10, 0, 0, 0.01%, 0, 0, 1, 44.25
1735709323, 7, 9, 10, 0, 0, 0.01%, 0, 0, 1, 44.85
1735709328, 8, 0, 10, 0, 0, 0.01%, 0, 0, 1, 43.89
1735709339, 8, 1, 10, 0, 0, 0.01%, 0, 0, 1, 46.08
1735709344, 8, 2, 10, 0, 0, 0.01%, 0, 0, 1, 46.43
1735709349, 8, 3, 10, 0, 0, 0.01%, 0, 0, 1, 45.16
1735709354, 8, 4, 10, 0, 0, 0.01%, 0, 0, 1, 44.15
1735709359, 8, 5, 10, 0, 0, 0.01%, 0, 0, 1, 44.09
1735709364, 8, 6, 10, 0, 0, 0.01%, 0, 0, 1, 46.52
1735709369, 8, 7, 10, 0, 0, 0.01%, 0, 0, 1, 45.58
1735709374, 8, 8, 10, 0, 0, 0.01%, 0, 0, 1, 44.69
1735709384, 8, 9, 10, 0, 0, 0.01%, 0, 0, 1, 45.39
1735709389, 9, 0, 10, 0, 0, 0.01%, 0, 0, 1, 42.83
1735709394, 9, 1, 10, 0, 0, 0.01%, 0, 0, 1, 46.18
1735709399, 9, 2, 10, 0, 0, 0.01%, 0, 0, 1, 44.58
1735709405, 9, 3, 11, 1, 0, 0.14%, 1, 0, 2, 45.10
1735709410, 9, 10, 11, 1, 1, 0.14%, 1, 0, 2, 62.81
1735709491, 15, 10, 11, 0, 0, 0.14%, 1, 0, 2, 46.75
1735709501, 16, 10, 12, 1, 0, 0.14%, 1, 0, 3, 45.86
1735709506, 16, 10, 12, 1, 0, 0.14%, 2, 0, 3, 51.12
1735709537, 16, 11, 13, 2, 1, 0.14%, 3, 0, 4, 71.51
1735709613, 16, 12, 13, 1, 1, 0.14%, 3, 0, 4, 80.14
1735709638, 16, 12, 14, 2, 1, 0.14%, 3, 0, 5, 52.70
1735709775, 20, 11, 14, 0, 0, 0.14%, 3, 0, 5, 49.99
1735709780, 20, 12, 14, 0, 0, 0.14%, 3, 0, 5, 48.37
1735709790, 21, 11, 14, 0, 0, 0.14%, 3, 0, 5, 50.40
1735709801, 21, 12, 14, 0, 0, 0.14%, 3, 0, 5, 49.24
1735709811, 21, 12, 15, 1, 0, 0.14%, 4, 0, 5, 51.92
1735709831, 21, 14, 15, 1, 1, 0.14%, 4, 0, 5, 54.23
1735709836, 21, 14, 16, 2, 1, 0.14%, 5, 0, 6, 88.47
1735709877, 21, 14, 17, 3, 1, 0.14%, 5, 0, 6, 56.37
1735709958, 21, 14, 18, 4, 1, 0.14%, 5, 0, 6, 61.56
1735709988, 21, 16, 18, 2, 2, 0.14%, 5, 0, 6, 53.59
1735710004, 21, 16, 19, 3, 2, 0.14%, 5, 0, 7, 69.99
1735710014, 21, 16, 20, 4, 2, 0.14%, 5, 0, 7, 57.53
1735710064, 21, 16, 21, 5, 2, 0.14%, 5, 0, 7, 53.38
1735710080, 21, 16, 22, 6, 2, 0.14%, 5, 0, 7, 49.93
1735710136, 21, 16, 23, 7, 2, 0.14%, 5, 0, 7, 50.80
1735710156, 21, 17, 23, 6, 3, 0.14%, 5, 0, 7, 50.06
1735710181, 21, 17, 24, 7, 3, 0.14%, 5, 0, 7, 53.44
1735710227, 21, 17, 25, 8, 3, 0.14%, 5, 0, 7, 55.04
1735710293, 21, 22, 25, 6, 2, 0.14%, 5, 0, 7, 84.34
1735710344, 21, 22, 26, 7, 2, 0.14%, 5, 0, 8, 58.59
1735710349, 21, 22, 27, 8, 2, 0.14%, 5, 0, 8, 60.59
1735710405, 21, 22, 28, 9, 2, 0.14%, 5, 0, 8, 55.99
1735710415, 21, 22, 29, 10, 2, 0.14%, 5, 0, 8, 52.02
1735710425, 21, 27, 29, 8, 2, 0.14%, 5, 0, 8, 41.39
1735710583, 21, 27, 31, 10, 2, 0.14%, 6, 0, 9, 121.25
1735711474, 21, 27, 32, 11, 2, 0.14%, 6, 0, 9, 64.93
1735711536, 21, 27, 33, 12, 2, 0.14%, 6, 0, 9, 84.21
1735711582, 21, 32, 34, 12, 1, 0.14%, 6, 0, 10, 76.10
1735711973, 21, 32, 35, 13, 1, 0.14%, 6, 0, 10, 70.19
1735712059, 21, 34, 36, 13, 2, 0.14%, 6, 0, 10, 48.58
1735712065, 21, 35, 36, 12, 1, 0.14%, 6, 0, 10, 83.43
1735712100, 21, 35, 37, 13, 1, 0.14%, 6, 0, 11, 74.23
1735712131, 21, 35, 38, 14, 1, 0.14%, 6, 0, 11, 67.46
1735712177, 21, 35, 39, 15, 1, 0.14%, 6, 0, 11, 62.39
1735712227, 22, 23, 39, 12, 0, 0.14%, 6, 0, 11, 83.61
1735712299, 22, 30, 39, 11, 0, 0.14%, 6, 0, 11, 49.94
1735712304, 22, 31, 39, 10, 0, 0.14%, 6, 0, 11, 39.98
1735712309, 22, 37, 39, 9, 0, 0.14%, 6, 0, 11, 100.52
1735712457, 23, 25, 39, 8, 0, 0.14%, 6, 0, 11, 77.53
1735712523, 23, 25, 40, 9, 0, 0.14%, 6, 0, 11, 62.43
1735712594, 23, 38, 40, 8, 1, 0.14%, 6, 0, 11, 98.51
1735712742, 23, 39, 40, 8, 1, 0.14%, 6, 0, 11, 106.51
1735712921, 24, 11, 40, 7, 0, 0.14%, 6, 0, 11, 65.40
1735712926, 24, 20, 40, 7, 0, 0.14%, 6, 0, 11, 45.50
1735712931, 24, 26, 40, 6, 0, 0.14%, 6, 0, 11, 84.52
1735713028, 24, 34, 40, 3, 0, 0.14%, 6, 0, 11, 71.93
1735713445, 27, 26, 40, 2, 0, 0.14%, 6, 0, 11, 68.94
1735713471, 28, 26, 40, 1, 0, 0.14%, 6, 0, 11, 66.07
1735713506, 29, 26, 40, 1, 0, 0.14%, 6, 0, 11, 65.43
1735713542, 30, 26, 40, 1, 0, 0.14%, 6, 0, 11, 66.09
1735713577, 31, 10, 40, 0, 0, 0.14%, 6, 0, 11, 63.91
1735713582, 31, 26, 40, 0, 0, 0.14%, 6, 0, 11, 72.85
1735713618, 32, 26, 40, 0, 0, 0.14%, 6, 0, 11, 72.88
1735713648, 32, 36, 40, 0, 0, 0.14%, 6, 0, 11, 74.01
1735713719, 33, 26, 40, 0, 0, 0.14%, 6, 0, 11, 63.99
1735713755, 33, 34, 40, 0, 0, 0.14%, 6, 0, 11, 68.54
1735713765, 34, 26, 40, 0, 0, 0.14%, 6, 0, 11, 64.46
1735713801, 34, 34, 40, 0, 0, 0.14%, 6, 0, 11, 62.02
1735713831, 34, 36, 40, 0, 0, 0.14%, 6, 0, 11, 67.01
1735713836, 35, 26, 40, 0, 0, 0.14%, 6, 0, 11, 62.72
1735713877, 35, 34, 40, 0, 0, 0.14%, 6, 0, 11, 69.97
1735713912, 35, 36, 40, 0, 0, 0.14%, 6, 0, 11, 68.71
1735713922, 36, 26, 40, 0, 0, 0.14%, 6, 0, 11, 65.37
1735713958, 36, 34, 40, 0, 0, 0.14%, 6, 0, 11, 71.21
1735713993, 36, 36, 40, 0, 0, 0.14%, 6, 0, 11, 73.40
1735714018, 37, 26, 40, 0, 0, 0.14%, 6, 0, 11, 73.72
1735714054, 37, 34, 40, 0, 0, 0.14%, 6, 0, 11, 75.70
1735714090, 37, 36, 40, 0, 0, 0.14%, 6, 0, 11, 74.28
1735714120, 38, 26, 40, 0, 0, 0.14%, 6, 0, 11, 68.97
1735714161, 38, 36, 40, 0, 0, 0.14%, 6, 0, 11, 69.94
1735714196, 39, 26, 40, 0, 0, 0.14%, 6, 0, 11, 71.54
1735714232, 39, 36, 40, 0, 0, 0.14%, 6, 0, 11, 71.50
1735714267, 40, 26, 40, 0, 0, 0.14%, 6, 0, 11, 68.84
1735714272, 40, 36, 40, 0, 0, 0.14%, 6, 0, 11, 67.73
1735714308, 41, 26, 40, 0, 0, 0.14%, 6, 0, 11, 70.30
1735714313, 41, 36, 40, 0, 0, 0.14%, 6, 0, 11, 71.32
1735714354, 42, 26, 40, 0, 0, 0.14%, 6, 0, 11, 67.03
1735714359, 42, 36, 40, 0, 0, 0.14%, 6, 0, 11, 65.75
1735714394, 43, 26, 40, 0, 0, 0.14%, 6, 0, 11, 73.95
1735714399, 44, 26, 40, 0, 0, 0.14%, 6, 0, 11, 66.20
1735714405, 45, 26, 40, 0, 0, 0.14%, 6, 0, 11, 69.11
1735714415, 46, 11, 40, 0, 0, 0.14%, 6, 0, 11, 61.86
1735714420, 46, 26, 40, 0, 0, 0.14%, 6, 0, 11, 65.04
1735714425, 47, 26, 40, 0, 0, 0.14%, 6, 0, 11, 69.99
1735714435, 48, 12, 40, 0, 0, 0.14%, 6, 0, 11, 63.84
1735714440, 48, 18, 40, 0, 0, 0.14%, 6, 0, 11, 97.66
1735714506, 48, 26, 40, 0, 0, 0.14%, 6, 0, 11, 67.36
1735714511, 49, 26, 40, 0, 0, 0.14%, 6, 0, 11, 65.59
1735714521, 50, 10, 40, 0, 0, 0.14%, 6, 0, 11, 61.77
1735714527, 50, 26, 40, 0, 0, 0.14%, 6, 0, 11, 65.72
1735714537, 51, 10, 40, 0, 0, 0.14%, 6, 0, 11, 57.38
1735714552, 51, 26, 40, 0, 0, 0.14%, 6, 0, 11, 70.96
1735714557, 52, 26, 40, 0, 0, 0.14%, 6, 0, 11, 74.00
1735714562, 53, 26, 40, 0, 0, 0.14%, 6, 0, 11, 68.32
1735714573, 54, 26, 40, 0, 0, 0.14%, 6, 0, 11, 69.79
1735714578, 55, 18, 40, 0, 0, 0.14%, 6, 0, 11, 65.90
1735714603, 55, 26, 40, 0, 0, 0.14%, 6, 0, 11, 60.90
1735714613, 56, 26, 40, 0, 0, 0.14%, 6, 0, 11, 62.68
1735714618, 57, 26, 40, 0, 0, 0.14%, 6, 0, 11, 66.70
1735714623, 58, 26, 40, 0, 0, 0.14%, 6, 0, 11, 64.93
1735714633, 59, 12, 40, 0, 0, 0.14%, 6, 0, 11, 64.05
1735714638, 59, 26, 40, 0, 0, 0.14%, 6, 0, 11, 66.83
1735714648, 60, 26, 40, 0, 0, 0.14%, 6, 0, 11, 63.10
1735714653, 61, 26, 40, 0, 0, 0.14%, 6, 0, 11, 71.95
1735714658, 62, 26, 40, 0, 0, 0.14%, 6, 0, 11, 67.36
1735714669, 63, 26, 40, 0, 0, 0.14%, 6, 0, 11, 70.46
1735714674, 64, 26, 40, 0, 0, 0.14%, 6, 0, 11, 68.85
1735714679, 65, 26, 40, 0, 0, 0.14%, 6, 0, 11, 69.51
1735714684, 66, 26, 40, 0, 0, 0.14%, 6, 0, 11, 69.96
1735714689, 67, 26, 40, 0, 0, 0.14%, 6, 0, 11, 65.72
1735714699, 68, 26, 40, 0, 0, 0.14%, 6, 0, 11, 67.25
1735714704, 68, 38, 40, 0, 0, 0.14%, 6, 0, 11, 73.39
1735714709, 69, 26, 40, 0, 0, 0.14%, 6, 0, 11, 76.12
1735714714, 70, 26, 40, 0, 0, 0.14%, 6, 0, 11, 68.23
1735714724, 71, 26, 40, 0, 0, 0.14%, 6, 0, 11, 69.54
1735714729, 72, 26, 40, 0, 0, 0.14%, 6, 0, 11, 63.52
1735714735, 72, 38, 40, 0, 0, 0.14%, 6, 0, 11, 68.12
1735714755, 73, 26, 40, 0, 0, 0.14%, 6, 0, 11, 66.84
1735714760, 73, 38, 41, 1, 0, 0.14%, 7, 0, 12, 74.67
1735714801, 73, 40, 41, 1, 1, 0.14%, 7, 0, 12, 91.57
1735715042, 74, 26, 41, 0, 0, 0.14%, 7, 0, 12, 63.78
1735715047, 75, 26, 41, 0, 0, 0.14%, 7, 0, 12, 68.02
1735715052, 76, 26, 41, 0, 0, 0.14%, 7, 0, 12, 66.35
1735715057, 77, 26, 41, 0, 0, 0.14%, 7, 0, 12, 65.64
1735715067, 78, 10, 41, 0, 0, 0.14%, 7, 0, 12, 61.40
1735715092, 78, 26, 41, 0, 0, 0.14%, 7, 0, 12, 63.87
1735715102, 79, 26, 41, 0, 0, 0.14%, 7, 0, 12, 66.60
1735715107, 80, 10, 41, 0, 0, 0.14%, 7, 0, 12, 63.73
1735715143, 80, 26, 41, 0, 0, 0.14%, 7, 0, 12, 69.67
1735715153, 81, 26, 41, 0, 0, 0.14%, 7, 0, 12, 70.02
1735715158, 82, 26, 41, 0, 0, 0.14%, 7, 0, 12, 67.22
1735715163, 82, 40, 41, 0, 0, 0.14%, 7, 0, 12, 73.07
1735715189, 83, 26, 41, 0, 0, 0.14%, 7, 0, 12, 68.18
1735715194, 83, 40, 41, 0, 0, 0.14%, 7, 0, 12, 73.33
1735715229, 84, 26, 41, 0, 0, 0.14%, 7, 0, 12, 64.44
1735715235, 84, 40, 41, 0, 0, 0.14%, 7, 0, 12, 72.00
1735715270, 85, 18, 41, 0, 0, 0.14%, 7, 0, 12, 65.47
1735715285, 85, 26, 41, 0, 0, 0.14%, 7, 0, 12, 65.00
1735715296, 85, 40, 41, 0, 0, 0.14%, 7, 0, 12, 74.32
1735715326, 86, 26, 41, 0, 0, 0.14%, 7, 0, 12, 70.97
1735715331, 86, 40, 41, 0, 0, 0.14%, 7, 0, 12, 72.20
1735715367, 87, 26, 41, 0, 0, 0.14%, 7, 0, 12, 69.02
1735715372, 87, 40, 41, 0, 0, 0.14%, 7, 0, 12, 71.79
1735715407, 88, 26, 41, 0, 0, 0.14%, 7, 0, 12, 63.47
1735715418, 88, 40, 41, 0, 0, 0.14%, 7, 0, 12, 72.45
1735715448, 89, 26, 41, 0, 0, 0.14%, 7, 0, 12, 77.21
1735715453, 89, 39, 41, 0, 0, 0.14%, 7, 0, 12, 74.72
1735715479, 90, 26, 41, 0, 0, 0.14%, 7, 0, 12, 71.15
1735715484, 91, 26, 41, 0, 0, 0.14%, 7, 0, 12, 69.87
1735715494, 92, 26, 41, 0, 0, 0.14%, 7, 0, 12, 63.89
1735715499, 92, 38, 41, 0, 0, 0.14%, 7, 0, 12, 77.66
1735715530, 93, 26, 41, 0, 0, 0.14%, 7, 0, 12, 62.64
1735715540, 94, 26, 41, 0, 0, 0.14%, 7, 0, 12, 68.61
1735715545, 95, 26, 41, 0, 0, 0.14%, 7, 0, 12, 70.44
1735715550, 96, 15, 41, 0, 0, 0.14%, 7, 0, 12, 70.37
1735715586, 96, 26, 41, 0, 0, 0.14%, 7, 0, 12, 65.25
1735715591, 97, 26, 41, 0, 0, 0.14%, 7, 0, 12, 66.59
1735715596, 98, 10, 41, 0, 0, 0.14%, 7, 0, 12, 62.23
1735715632, 98, 26, 41, 0, 0, 0.14%, 7, 0, 12, 69.26
1735715642, 99, 26, 41, 0, 0, 0.14%, 7, 0, 12, 65.63
1735715647, 100, 26, 41, 0, 0, 0.14%, 7, 0, 12, 67.52
1735715652, 101, 18, 41, 0, 0, 0.14%, 7, 0, 12, 60.36
1735715673, 101, 26, 41, 0, 0, 0.14%, 7, 0, 12, 67.86
1735715678, 102, 12, 41, 0, 0, 0.14%, 7, 0, 12, 64.76
1735715693, 103, 28, 41, 0, 0, 0.14%, 7, 0, 12, 75.43
1735715764, 106, 39, 41, 0, 0, 0.14%, 7, 0, 12, 76.40
1735715795, 107, 11, 41, 0, 0, 0.14%, 7, 0, 12, 60.32
1735715810, 109, 10, 41, 0, 0, 0.14%, 7, 0, 12, 60.03
1735715846, 109, 24, 41, 0, 0, 0.14%, 7, 0, 12, 66.07
1735715886, 113, 13, 41, 0, 0, 0.14%, 7, 0, 12, 78.36
1735715906, 116, 21, 41, 0, 0, 0.14%, 7, 0, 12, 82.76
1735715983, 119, 11, 41, 0, 0, 0.14%, 7, 0, 12, 59.21
1735716003, 121, 10, 41, 0, 0, 0.14%, 7, 0, 12, 64.35
1735716044, 121, 12, 41, 0, 0, 0.14%, 7, 0, 12, 59.03
1735716069, 122, 18, 41, 0, 0, 0.14%, 7, 0, 12, 64.34
1735716095, 127, 21, 41, 0, 0, 0.14%, 7, 0, 12, 60.58
1735716100, 128, 12, 41, 0, 0, 0.14%, 7, 0, 12, 65.05
1735716135, 135, 21, 41, 0, 0, 0.14%, 7, 0, 12, 72.57
1735716146, 142, 18, 41, 0, 0, 0.14%, 7, 0, 12, 61.43
1735716176, 145, 15, 41, 0, 0, 0.14%, 7, 0, 12, 58.89
1735716186, 145, 30, 41, 0, 0, 0.14%, 7, 0, 12, 111.66
1735716543, 146, 31, 41, 0, 0, 0.14%, 7, 0, 12, 105.68
1735717690, 151, 13, 41, 0, 0, 0.14%, 7, 0, 12, 66.96
1735717700, 153, 39, 41, 0, 0, 0.14%, 7, 0, 12, 71.81
1735717730, 154, 24, 41, 0, 0, 0.14%, 7, 0, 12, 63.21
1735717735, 157, 39, 41, 0, 0, 0.14%, 7, 0, 12, 68.96
1735717771, 159, 17, 41, 0, 0, 0.14%, 7, 0, 12, 62.51
1735717776, 159, 28, 41, 0, 0, 0.14%, 7, 0, 12, 66.52
1735717781, 161, 38, 41, 0, 0, 0.14%, 7, 0, 12, 66.63
1735717816, 163, 17, 41, 0, 0, 0.14%, 7, 0, 12, 60.72
1735717832, 164, 18, 41, 0, 0, 0.14%, 7, 0, 12, 65.23
1735717867, 164, 20, 41, 0, 0, 0.14%, 7, 0, 12, 78.42
1735717872, 164, 39, 41, 0, 0, 0.14%, 7, 0, 12, 74.72
1735717908, 169, 21, 41, 0, 0, 0.14%, 7, 0, 12, 70.64
1735717923, 169, 25, 41, 0, 0, 0.14%, 7, 0, 12, 60.41
1735717933, 170, 13, 41, 0, 0, 0.14%, 7, 0, 12, 59.86
1735717953, 170, 17, 41, 0, 0, 0.14%, 7, 0, 12, 58.48
1735717989, 170, 39, 41, 0, 0, 0.14%, 7, 0, 12, 79.86
1735718020, 173, 21, 41, 0, 0, 0.14%, 7, 0, 12, 68.58
1735718055, 174, 11, 41, 0, 0, 0.14%, 7, 0, 12, 56.51
1735718086, 174, 18, 41, 0, 0, 0.14%, 7, 0, 12, 68.22
1735718121, 178, 35, 41, 0, 0, 0.14%, 7, 0, 12, 65.34
1735718126, 179, 19, 41, 0, 0, 0.14%, 7, 0, 12, 63.96
1735718137, 181, 17, 41, 0, 0, 0.14%, 7, 0, 12, 59.77
1735718172, 182, 20, 41, 0, 0, 0.14%, 7, 0, 12, 103.18
1735718691, 183, 19, 41, 0, 0, 0.14%, 7, 0, 12, 77.13
1735718747, 185, 11, 41, 0, 0, 0.14%, 7, 0, 12, 63.36
1735718782, 185, 30, 41, 0, 0, 0.14%, 7, 0, 12, 79.79
1735718792, 185, 38, 41, 0, 0, 0.14%, 7, 0, 12, 79.61
1735718823, 188, 39, 41, 0, 0, 0.14%, 7, 0, 12, 71.06
1735718858, 191, 27, 41, 0, 0, 0.14%, 7, 0, 12, 64.64
1735718863, 192, 27, 41, 0, 0, 0.14%, 7, 0, 12, 71.45
1735718879, 193, 12, 41, 0, 0, 0.14%, 7, 0, 12, 59.93
1735718914, 193, 18, 41, 0, 0, 0.14%, 7, 0, 12, 62.55
1735718950, 193, 19, 41, 0, 0, 0.14%, 7, 0, 12, 67.27
1735718965, 194, 35, 41, 0, 0, 0.14%, 7, 0, 12, 61.70
1735718985, 195, 11, 41, 0, 0, 0.14%, 7, 0, 12, 66.02
1735719021, 195, 35, 41, 0, 0, 0.14%, 7, 0, 12, 66.79
1735719056, 197, 27, 41, 0, 0, 0.14%, 7, 0, 12, 67.76
1735719087, 197, 28, 41, 0, 0, 0.14%, 7, 0, 12, 60.71
1735719102, 200, 27, 41, 0, 0, 0.14%, 7, 0, 12, 80.40
1735719132, 200, 39, 41, 0, 0, 0.14%, 7, 0, 12, 78.71
1735719167, 201, 17, 41, 0, 0, 0.14%, 7, 0, 12, 57.04
1735719208, 202, 29, 41, 0, 0, 0.14%, 7, 0, 12, 108.88
1735719570, 203, 12, 41, 0, 0, 0.14%, 7, 0, 12, 63.42
1735719606, 204, 35, 41, 0, 0, 0.14%, 7, 0, 12, 67.35
1735719646, 205, 28, 41, 0, 0, 0.14%, 7, 0, 12, 63.93
1735719671, 205, 35, 41, 0, 0, 0.14%, 7, 0, 12, 59.89
1735719707, 206, 11, 41, 0, 0, 0.14%, 7, 0, 12, 66.55
