# unix_time, cycles_done, cur_path, paths_total, pending_total, pending_favs, map_size, unique_crashes, unique_hangs, max_depth, execs_per_sec
1735504363, 0, 0, 10, 10, 1, 0.01%, 0, 0, 1, 38.59
1735504368, 0, 2, 10, 10, 1, 0.01%, 0, 0, 1, 38.95
1735504383, 1, 0, 10, 2, 0, 0.01%, 0, 0, 1, 46.24
1735504388, 1, 1, 10, 1, 0, 0.01%, 0, 0, 1, 46.14
1735504393, 1, 2, 10, 0, 0, 0.01%, 0, 0, 1, 45.80
1735504398, 1, 3, 10, 0, 0, 0.01%, 0, 0, 1, 45.08
1735504408, 1, 4, 10, 0, 0, 0.01%, 0, 0, 1, 44.84
1735504413, 1, 5, 10, 0, 0, 0.01%, 0, 0, 1, 43.71
1735504418, 1, 6, 10, 0, 0, 0.01%, 0, 0, 1, 45.56
1735504423, 1, 7, 10, 0, 0, 0.01%, 0, 0, 1, 44.31
1735504428, 1, 8, 10, 0, 0, 0.01%, 0, 0, 1, 45.54
1735504434, 1, 9, 10, 0, 0, 0.01%, 0, 0, 1, 44.41
1735504439, 2, 0, 10, 0, 0, 0.01%, 0, 0, 1, 45.46
1735504444, 2, 1, 10, 0, 0, 0.01%, 0, 0, 1, 46.94
1735504449, 2, 2, 10, 0, 0, 0.01%, 0, 0, 1, 45.21
1735504459, 2, 3, 10, 0, 0, 0.01%, 0, 0, 1, 46.24
1735504464, 2, 4, 10, 0, 0, 0.01%, 0, 0, 1, 47.28
1735504469, 2, 5, 10, 0, 0, 0.01%, 0, 0, 1, 46.90
1735504474, 2, 6, 10, 0, 0, 0.01%, 0, 0, 1, 44.01
1735504479, 2, 7, 10, 0, 0, 0.01%, 0, 0, 1, 44.46
1735504484, 2, 8, 10, 0, 0, 0.01%, 0, 0, 1, 44.23
1735504489, 2, 9, 10, 0, 0, 0.01%, 0, 0, 1, 46.57
1735504494, 3, 0, 10, 0, 0, 0.01%, 0, 0, 1, 46.28
1735504499, 3, 1, 10, 0, 0, 0.01%, 0, 0, 1, 45.35
1735504505, 3, 2, 10, 0, 0, 0.01%, 0, 0, 1, 45.80
1735504510, 3, 3, 10, 0, 0, 0.01%, 0, 0, 1, 46.82
1735504520, 3, 4, 10, 0, 0, 0.01%, 0, 0, 1, 46.97
1735504525, 3, 5, 10, 0, 0, 0.01%, 0, 0, 1, 45.50
1735504530, 3, 6, 10, 0, 0, 0.01%, 0, 0, 1, 47.58
1735504535, 3, 7, 10, 0, 0, 0.01%, 0, 0, 1, 45.29
1735504540, 3, 8, 10, 0, 0, 0.01%, 0, 0, 1, 45.86
1735504545, 3, 9, 10, 0, 0, 0.01%, 0, 0, 1, 44.64
1735504550, 4, 0, 10, 0, 0, 0.01%, 0, 0, 1, 47.23
1735504555, 4, 1, 10, 0, 0, 0.01%, 0, 0, 1, 46.30
1735504560, 4, 2, 10, 0, 0, 0.01%, 0, 0, 1, 47.36
1735504565, 4, 3, 10, 0, 0, 0.01%, 0, 0, 1, 44.68
1735504570, 4, 4, 10, 0, 0, 0.01%, 0, 0, 1, 47.97
1735504581, 4, 5, 10, 0, 0, 0.01%, 0, 0, 1, 46.98
1735504586, 4, 6, 10, 0, 0, 0.01%, 0, 0, 1, 46.15
1735504591, 4, 7, 10, 0, 0, 0.01%, 0, 0, 1, 43.21
1735504596, 4, 8, 10, 0, 0, 0.01%, 0, 0, 1, 45.39
1735504601, 4, 9, 10, 0, 0, 0.01%, 0, 0, 1, 46.20
1735504606, 5, 0, 10, 0, 0, 0.01%, 0, 0, 1, 44.68
1735504611, 5, 1, 10, 0, 0, 0.01%, 0, 0, 1, 46.26
1735504616, 5, 2, 10, 0, 0, 0.01%, 0, 0, 1, 45.11
1735504621, 5, 3, 10, 0, 0, 0.01%, 0, 0, 1, 47.64
1735504626, 5, 4, 10, 0, 0, 0.01%, 0, 0, 1, 45.48
1735504631, 5, 5, 10, 0, 0, 0.01%, 0, 0, 1, 48.19
1735504642, 5, 6, 10, 0, 0, 0.01%, 0, 0, 1, 45.77
1735504647, 5, 7, 10, 0, 0, 0.01%, 0, 0, 1, 44.40
1735504652, 5, 8, 10, 0, 0, 0.01%, 0, 0, 1, 48.17
1735504657, 5, 9, 10, 0, 0, 0.01%, 0, 0, 1, 46.87
1735504662, 6, 0, 10, 0, 0, 0.01%, 0, 0, 1, 47.67
1735504667, 6, 1, 10, 0, 0, 0.01%, 0, 0, 1, 47.57
1735504672, 6, 2, 10, 0, 0, 0.01%, 0, 0, 1, 46.27
1735504677, 6, 3, 10, 0, 0, 0.01%, 0, 0, 1, 47.37
1735504682, 6, 4, 10, 0, 0, 0.01%, 0, 0, 1, 44.82
1735504687, 6, 5, 10, 0, 0, 0.01%, 0, 0, 1, 46.66
1735504698, 6, 6, 10, 0, 0, 0.01%, 0, 0, 1, 46.38
1735504703, 6, 7, 10, 0, 0, 0.01%, 0, 0, 1, 45.48
1735504708, 6, 8, 10, 0, 0, 0.01%, 0, 0, 1, 45.60
1735504713, 6, 9, 10, 0, 0, 0.01%, 0, 0, 1, 45.33
1735504718, 7, 0, 10, 0, 0, 0.01%, 0, 0, 1, 45.86
1735504723, 7, 1, 10, 0, 0, 0.01%, 0, 0, 1, 45.53
1735504728, 7, 2, 10, 0, 0, 0.01%, 0, 0, 1, 44.59
1735504733, 7, 3, 10, 0, 0, 0.01%, 0, 0, 1, 45.43
1735504738, 7, 4, 10, 0, 0, 0.01%, 0, 0, 1, 46.49
1735504743, 7, 5, 10, 0, 0, 0.01%, 0, 0, 1, 44.16
1735504753, 7, 6, 10, 0, 0, 0.01%, 0, 0, 1, 45.22
1735504758, 7, 7, 10, 0, 0, 0.01%, 0, 0, 1, 47.04
1735504764, 7, 8, 10, 0, 0, 0.01%, 0, 0, 1, 47.06
1735504769, 7, 9, 10, 0, 0, 0.01%, 0, 0, 1, 47.64
1735504774, 8, 0, 10, 0, 0, 0.01%, 0, 0, 1, 45.19
1735504779, 8, 1, 10, 0, 0, 0.01%, 0, 0, 1, 47.22
1735504784, 8, 2, 10, 0, 0, 0.01%, 0, 0, 1, 45.33
1735504789, 8, 3, 10, 0, 0, 0.01%, 0, 0, 1, 46.41
1735504794, 8, 4, 10, 0, 0, 0.01%, 0, 0, 1, 45.13
1735504799, 8, 5, 10, 0, 0, 0.01%, 0, 0, 1, 48.83
1735504804, 8, 6, 10, 0, 0, 0.01%, 0, 0, 1, 47.27
1735504809, 8, 7, 10, 0, 0, 0.01%, 0, 0, 1, 48.90
1735504819, 8, 8, 10, 0, 0, 0.01%, 0, 0, 1, 48.73
1735504824, 8, 9, 10, 0, 0, 0.01%, 0, 0, 1, 45.75
1735504829, 9, 0, 10, 0, 0, 0.01%, 0, 0, 1, 47.98
1735504835, 9, 1, 10, 0, 0, 0.01%, 0, 0, 1, 45.23
1735504840, 9, 2, 10, 0, 0, 0.01%, 0, 0, 1, 44.81
1735504845, 9, 3, 10, 0, 0, 0.01%, 0, 0, 1, 45.67
1735504850, 9, 4, 10, 0, 0, 0.01%, 0, 0, 1, 44.74
1735504855, 9, 5, 10, 0, 0, 0.01%, 0, 0, 1, 47.54
1735504860, 9, 6, 10, 0, 0, 0.01%, 0, 0, 1, 46.82
1735504865, 9, 7, 10, 0, 0, 0.01%, 0, 0, 1, 46.05
1735504870, 9, 8, 10, 0, 0, 0.01%, 0, 0, 1, 44.97
1735504880, 9, 9, 10, 0, 0, 0.01%, 0, 0, 1, 46.01
1735504885, 10, 0, 10, 0, 0, 0.01%, 0, 0, 1, 46.29
1735504890, 10, 1, 10, 0, 0, 0.01%, 0, 0, 1, 46.54
1735504895, 10, 2, 10, 0, 0, 0.01%, 0, 0, 1, 44.47
1735504900, 10, 3, 10, 0, 0, 0.01%, 0, 0, 1, 45.85
1735504905, 10, 4, 10, 0, 0, 0.01%, 0, 0, 1, 45.18
1735504910, 10, 5, 10, 0, 0, 0.01%, 0, 0, 1, 45.21
1735504915, 10, 6, 10, 0, 0, 0.01%, 0, 0, 1, 43.57
1735504920, 10, 7, 10, 0, 0, 0.01%, 0, 0, 1, 46.31
1735504931, 10, 8, 10, 0, 0, 0.01%, 0, 0, 1, 47.46
1735504936, 10, 9, 10, 0, 0, 0.01%, 0, 0, 1, 46.24
1735504941, 11, 0, 10, 0, 0, 0.01%, 0, 0, 1, 45.98
1735504946, 11, 1, 10, 0, 0, 0.01%, 0, 0, 1, 47.74
1735504951, 11, 2, 10, 0, 0, 0.01%, 0, 0, 1, 45.81
1735504956, 11, 3, 10, 0, 0, 0.01%, 0, 0, 1, 45.30
1735504961, 11, 4, 10, 0, 0, 0.01%, 0, 0, 1, 44.64
1735504966, 11, 5, 10, 0, 0, 0.01%, 0, 0, 1, 46.87
1735504971, 11, 6, 10, 0, 0, 0.01%, 0, 0, 1, 47.44
1735504976, 11, 7, 10, 0, 0, 0.01%, 0, 0, 1, 46.15
1735504981, 11, 8, 10, 0, 0, 0.01%, 0, 0, 1, 46.41
1735504986, 11, 9, 10, 0, 0, 0.01%, 0, 0, 1, 44.97
1735504997, 12, 0, 10, 0, 0, 0.01%, 0, 0, 1, 47.02
1735505002, 12, 1, 10, 0, 0, 0.01%, 0, 0, 1, 49.67
1735505007, 12, 2, 10, 0, 0, 0.01%, 0, 0, 1, 49.33
1735505012, 12, 3, 10, 0, 0, 0.01%, 0, 0, 1, 50.82
1735505017, 12, 4, 10, 0, 0, 0.01%, 0, 0, 1, 50.56
1735505022, 12, 5, 10, 0, 0, 0.01%, 0, 0, 1, 48.59
1735505027, 12, 6, 10, 0, 0, 0.01%, 0, 0, 1, 46.05
1735505032, 12, 7, 10, 0, 0, 0.01%, 0, 0, 1, 48.78
1735505037, 12, 8, 10, 0, 0, 0.01%, 0, 0, 1, 46.31
1735505042, 12, 9, 10, 0, 0, 0.01%, 0, 0, 1, 49.60
1735505047, 13, 0, 10, 0, 0, 0.01%, 0, 0, 1, 46.67
1735505052, 13, 1, 10, 0, 0, 0.01%, 0, 0, 1, 48.07
1735505057, 13, 2, 10, 0, 0, 0.01%, 0, 0, 1, 46.46
1735505063, 13, 3, 10, 0, 0, 0.01%, 0, 0, 1, 48.67
1735505068, 13, 4, 10, 0, 0, 0.01%, 0, 0, 1, 47.99
1735505073, 13, 5, 10, 0, 0, 0.01%, 0, 0, 1, 50.96
1735505078, 13, 6, 10, 0, 0, 0.01%, 0, 0, 1, 51.16
1735505083, 13, 7, 10, 0, 0, 0.01%, 0, 0, 1, 49.15
1735505088, 13, 8, 10, 0, 0, 0.01%, 0, 0, 1, 47.42
1735505093, 13, 9, 10, 0, 0, 0.01%, 0, 0, 1, 46.61
1735505098, 14, 0, 10, 0, 0, 0.01%, 0, 0, 1, 50.10
1735505108, 14, 1, 10, 0, 0, 0.01%, 0, 0, 1, 48.17
1735505113, 14, 2, 10, 0, 0, 0.01%, 0, 0, 1, 48.82
1735505118, 14, 3, 10, 0, 0, 0.01%, 0, 0, 1, 48.05
1735505123, 14, 4, 10, 0, 0, 0.01%, 0, 0, 1, 49.01
1735505128, 14, 5, 10, 0, 0, 0.01%, 0, 0, 1, 49.76
1735505133, 14, 6, 10, 0, 0, 0.01%, 0, 0, 1, 48.16
1735505139, 14, 7, 10, 0, 0, 0.01%, 0, 0, 1, 50.34
1735505144, 14, 8, 10, 0, 0, 0.01%, 0, 0, 1, 47.74
1735505149, 14, 9, 10, 0, 0, 0.01%, 0, 0, 1, 50.44
1735505154, 15, 0, 10, 0, 0, 0.01%, 0, 0, 1, 45.76
1735505159, 15, 1, 10, 0, 0, 0.01%, 0, 0, 1, 44.97
1735505164, 15, 2, 10, 0, 0, 0.01%, 0, 0, 1, 46.29
1735505169, 15, 3, 10, 0, 0, 0.01%, 0, 0, 1, 43.13
1735505189, 15, 4, 10, 0, 0, 0.01%, 0, 0, 1, 44.01
1735505210, 15, 5, 10, 0, 0, 0.01%, 0, 0, 1, 45.73
1735505230, 15, 6, 10, 0, 0, 0.01%, 0, 0, 1, 46.22
1735505250, 15, 7, 10, 0, 0, 0.01%, 0, 0, 1, 45.21
1735505271, 15, 8, 10, 0, 0, 0.01%, 0, 0, 1, 42.54
1735505291, 15, 9, 10, 0, 0, 0.01%, 0, 0, 1, 41.75
1735505311, 16, 0, 10, 0, 0, 0.01%, 0, 0, 1, 41.42
1735505332, 16, 1, 10, 0, 0, 0.01%, 0, 0, 1, 48.07
1735505337, 16, 2, 10, 0, 0, 0.01%, 0, 0, 1, 49.65
1735505342, 16, 3, 10, 0, 0, 0.01%, 0, 0, 1, 49.18
1735505347, 16, 4, 10, 0, 0, 0.01%, 0, 0, 1, 47.29
1735505352, 16, 5, 10, 0, 0, 0.01%, 0, 0, 1, 49.39
1735505357, 16, 6, 10, 0, 0, 0.01%, 0, 0, 1, 48.56
1735505362, 16, 7, 10, 0, 0, 0.01%, 0, 0, 1, 51.16
1735505367, 16, 8, 10, 0, 0, 0.01%, 0, 0, 1, 50.35
1735505372, 16, 9, 10, 0, 0, 0.01%, 0, 0, 1, 48.47
1735505377, 17, 0, 10, 0, 0, 0.01%, 0, 0, 1, 46.81
1735505382, 17, 1, 10, 0, 0, 0.01%, 0, 0, 1, 49.42
1735505388, 17, 2, 10, 0, 0, 0.01%, 0, 0, 1, 47.28
1735505393, 17, 3, 10, 0, 0, 0.01%, 0, 0, 1, 47.46
1735505398, 17, 4, 10, 0, 0, 0.01%, 0, 0, 1, 47.61
1735505403, 17, 5, 10, 0, 0, 0.01%, 0, 0, 1, 46.83
1735505408, 17, 6, 10, 0, 0, 0.01%, 0, 0, 1, 47.42
1735505413, 17, 7, 10, 0, 0, 0.01%, 0, 0, 1, 45.49
1735505418, 17, 8, 10, 0, 0, 0.01%, 0, 0, 1, 47.20
1735505428, 17, 9, 10, 0, 0, 0.01%, 0, 0, 1, 45.88
1735505433, 18, 0, 10, 0, 0, 0.01%, 0, 0, 1, 45.59
1735505438, 18, 1, 10, 0, 0, 0.01%, 0, 0, 1, 52.23
1735505444, 18, 2, 10, 0, 0, 0.01%, 0, 0, 1, 49.09
1735505449, 18, 3, 10, 0, 0, 0.01%, 0, 0, 1, 48.84
1735505454, 18, 4, 10, 0, 0, 0.01%, 0, 0, 1, 46.84
1735505459, 18, 5, 10, 0, 0, 0.01%, 0, 0, 1, 47.35
1735505464, 18, 6, 10, 0, 0, 0.01%, 0, 0, 1, 46.72
1735505469, 18, 7, 10, 0, 0, 0.01%, 0, 0, 1, 48.01
1735505474, 18, 8, 10, 0, 0, 0.01%, 0, 0, 1, 46.70
1735505479, 18, 9, 10, 0, 0, 0.01%, 0, 0, 1, 49.02
1735505484, 19, 0, 10, 0, 0, 0.01%, 0, 0, 1, 51.10
1735505489, 19, 1, 10, 0, 0, 0.01%, 0, 0, 1, 48.40
1735505495, 19, 2, 10, 0, 0, 0.01%, 0, 0, 1, 47.97
1735505500, 19, 3, 10, 0, 0, 0.01%, 0, 0, 1, 50.15
1735505505, 19, 4, 10, 0, 0, 0.01%, 0, 0, 1, 49.56
1735505510, 19, 5, 10, 0, 0, 0.01%, 0, 0, 1, 47.68
1735505515, 19, 6, 10, 0, 0, 0.01%, 0, 0, 1, 47.96
1735505520, 19, 7, 10, 0, 0, 0.01%, 0, 0, 1, 47.92
1735505525, 19, 8, 10, 0, 0, 0.01%, 0, 0, 1, 47.20
1735505530, 19, 9, 10, 0, 0, 0.01%, 0, 0, 1, 45.54
1735505535, 20, 0, 10, 0, 0, 0.01%, 0, 0, 1, 46.61
1735505540, 20, 1, 10, 0, 0, 0.01%, 0, 0, 1, 47.23
1735505550, 20, 2, 10, 0, 0, 0.01%, 0, 0, 1, 47.50
1735505555, 20, 3, 10, 0, 0, 0.01%, 0, 0, 1, 45.64
1735505561, 20, 4, 10, 0, 0, 0.01%, 0, 0, 1, 47.96
1735505566, 20, 5, 10, 0, 0, 0.01%, 0, 0, 1, 47.19
1735505571, 20, 6, 10, 0, 0, 0.01%, 0, 0, 1, 45.43
1735505576, 20, 7, 10, 0, 0, 0.01%, 0, 0, 1, 46.32
1735505581, 20, 8, 10, 0, 0, 0.01%, 0, 0, 1, 45.77
1735505586, 20, 9, 10, 0, 0, 0.01%, 0, 0, 1, 46.09
1735505591, 21, 0, 10, 0, 0, 0.01%, 0, 0, 1, 47.52
1735505596, 21, 1, 10, 0, 0, 0.01%, 0, 0, 1, 50.70
1735505601, 21, 2, 10, 0, 0, 0.01%, 0, 0, 1, 47.27
1735505606, 21, 3, 10, 0, 0, 0.01%, 0, 0, 1, 47.88
1735505611, 21, 4, 10, 0, 0, 0.01%, 0, 0, 1, 45.80
1735505616, 21, 5, 10, 0, 0, 0.01%, 0, 0, 1, 50.56
1735505621, 21, 6, 10, 0, 0, 0.01%, 0, 0, 1, 47.33
1735505627, 21, 7, 10, 0, 0, 0.01%, 0, 0, 1, 46.87
1735505637, 21, 8, 10, 0, 0, 0.01%, 0, 0, 1, 47.99
1735505642, 21, 9, 10, 0, 0, 0.01%, 0, 0, 1, 46.99
1735505647, 22, 0, 10, 0, 0, 0.01%, 0, 0, 1, 47.74
1735505652, 22, 1, 10, 0, 0, 0.01%, 0, 0, 1, 47.45
1735505657, 22, 2, 10, 0, 0, 0.01%, 0, 0, 1, 50.70
1735505662, 22, 3, 10, 0, 0, 0.01%, 0, 0, 1, 48.57
1735505667, 22, 4, 10, 0, 0, 0.01%, 0, 0, 1, 49.76
1735505672, 22, 5, 10, 0, 0, 0.01%, 0, 0, 1, 47.27
1735505677, 22, 6, 10, 0, 0, 0.01%, 0, 0, 1, 48.93
1735505682, 22, 7, 10, 0, 0, 0.01%, 0, 0, 1, 47.91
1735505687, 22, 8, 10, 0, 0, 0.01%, 0, 0, 1, 47.16
1735505692, 22, 9, 10, 0, 0, 0.01%, 0, 0, 1, 51.65
1735505698, 23, 0, 10, 0, 0, 0.01%, 0, 0, 1, 48.73
1735505703, 23, 1, 10, 0, 0, 0.01%, 0, 0, 1, 49.55
1735505708, 23, 2, 10, 0, 0, 0.01%, 0, 0, 1, 48.23
1735505713, 23, 3, 10, 0, 0, 0.01%, 0, 0, 1, 46.22
1735505718, 23, 4, 10, 0, 0, 0.01%, 0, 0, 1, 48.49
1735505723, 23, 5, 10, 0, 0, 0.01%, 0, 0, 1, 48.69
1735505728, 23, 6, 10, 0, 0, 0.01%, 0, 0, 1, 48.13
1735505733, 23, 7, 10, 0, 0, 0.01%, 0, 0, 1, 45.66
1735505738, 23, 8, 10, 0, 0, 0.01%, 0, 0, 1, 48.22
1735505743, 23, 9, 10, 0, 0, 0.01%, 0, 0, 1, 48.60
1735505748, 24, 0, 10, 0, 0, 0.01%, 0, 0, 1, 47.70
1735505754, 24, 1, 10, 0, 0, 0.01%, 0, 0, 1, 48.23
1735505764, 24, 2, 10, 0, 0, 0.01%, 0, 0, 1, 49.39
1735505769, 24, 3, 10, 0, 0, 0.01%, 0, 0, 1, 50.19
1735505774, 24, 4, 10, 0, 0, 0.01%, 0, 0, 1, 48.74
1735505779, 24, 5, 10, 0, 0, 0.01%, 0, 0, 1, 47.94
1735505784, 24, 6, 10, 0, 0, 0.01%, 0, 0, 1, 47.59
1735505789, 24, 7, 10, 0, 0, 0.01%, 0, 0, 1, 49.50
1735505794, 24, 8, 10, 0, 0, 0.01%, 0, 0, 1, 47.63
1735505799, 24, 9, 10, 0, 0, 0.01%, 0, 0, 1, 49.53
1735505804, 25, 0, 10, 0, 0, 0.01%, 0, 0, 1, 46.97
1735505809, 25, 1, 10, 0, 0, 0.01%, 0, 0, 1, 47.91
1735505814, 25, 2, 10, 0, 0, 0.01%, 0, 0, 1, 48.26
1735505820, 25, 3, 10, 0, 0, 0.01%, 0, 0, 1, 47.22
1735505825, 25, 4, 10, 0, 0, 0.01%, 0, 0, 1, 46.65
1735505830, 25, 5, 10, 0, 0, 0.01%, 0, 0, 1, 49.16
1735505835, 25, 6, 10, 0, 0, 0.01%, 0, 0, 1, 45.41
1735505840, 25, 7, 10, 0, 0, 0.01%, 0, 0, 1, 50.09
1735505845, 25, 8, 10, 0, 0, 0.01%, 0, 0, 1, 47.72
1735505850, 25, 9, 10, 0, 0, 0.01%, 0, 0, 1, 48.51
1735505855, 26, 0, 10, 0, 0, 0.01%, 0, 0, 1, 46.94
1735505860, 26, 1, 10, 0, 0, 0.01%, 0, 0, 1, 50.60
1735505870, 26, 2, 10, 0, 0, 0.01%, 0, 0, 1, 47.87
1735505876, 26, 3, 10, 0, 0, 0.01%, 0, 0, 1, 46.25
1735505881, 26, 4, 10, 0, 0, 0.01%, 0, 0, 1, 47.59
1735505886, 26, 5, 10, 0, 0, 0.01%, 0, 0, 1, 47.44
1735505891, 26, 6, 10, 0, 0, 0.01%, 0, 0, 1, 49.56
1735505896, 26, 7, 10, 0, 0, 0.01%, 0, 0, 1, 47.00
1735505901, 26, 8, 10, 0, 0, 0.01%, 0, 0, 1, 48.72
1735505906, 26, 9, 10, 0, 0, 0.01%, 0, 0, 1, 50.54
1735505911, 27, 0, 10, 0, 0, 0.01%, 0, 0, 1, 50.84
1735505916, 27, 1, 10, 0, 0, 0.01%, 0, 0, 1, 47.35
1735505921, 27, 2, 10, 0, 0, 0.01%, 0, 0, 1, 49.30
1735505926, 27, 3, 10, 0, 0, 0.01%, 0, 0, 1, 47.07
1735505932, 27, 4, 10, 0, 0, 0.01%, 0, 0, 1, 46.01
1735505937, 27, 5, 10, 0, 0, 0.01%, 0, 0, 1, 47.32
1735505942, 27, 6, 10, 0, 0, 0.01%, 0, 0, 1, 45.24
1735505947, 27, 7, 10, 0, 0, 0.01%, 0, 0, 1, 48.26
1735505952, 27, 8, 10, 0, 0, 0.01%, 0, 0, 1, 47.32
1735505957, 27, 9, 10, 0, 0, 0.01%, 0, 0, 1, 49.63
1735505962, 28, 0, 10, 0, 0, 0.01%, 0, 0, 1, 48.66
1735505967, 28, 1, 10, 0, 0, 0.01%, 0, 0, 1, 47.57
1735505972, 28, 2, 10, 0, 0, 0.01%, 0, 0, 1, 45.95
1735505977, 28, 3, 10, 0, 0, 0.01%, 0, 0, 1, 48.02
1735505988, 28, 4, 10, 0, 0, 0.01%, 0, 0, 1, 47.49
1735505993, 28, 5, 10, 0, 0, 0.01%, 0, 0, 1, 46.66
1735505998, 28, 6, 10, 0, 0, 0.01%, 0, 0, 1, 46.26
1735506003, 28, 7, 10, 0, 0, 0.01%, 0, 0, 1, 46.82
1735506008, 28, 8, 10, 0, 0, 0.01%, 0, 0, 1, 49.39
1735506013, 28, 9, 10, 0, 0, 0.01%, 0, 0, 1, 49.12
1735506018, 29, 0, 10, 0, 0, 0.01%, 0, 0, 1, 48.90
1735506023, 29, 1, 10, 0, 0, 0.01%, 0, 0, 1, 47.11
1735506028, 29, 2, 10, 0, 0, 0.01%, 0, 0, 1, 47.62
1735506033, 29, 3, 10, 0, 0, 0.01%, 0, 0, 1, 48.62
1735506038, 29, 4, 10, 0, 0, 0.01%, 0, 0, 1, 48.88
1735506044, 29, 5, 10, 0, 0, 0.01%, 0, 0, 1, 47.82
1735506049, 29, 6, 10, 0, 0, 0.01%, 0, 0, 1, 47.91
1735506054, 29, 7, 10, 0, 0, 0.01%, 0, 0, 1, 47.51
1735506059, 29, 8, 10, 0, 0, 0.01%, 0, 0, 1, 47.95
1735506064, 29, 9, 10, 0, 0, 0.01%, 0, 0, 1, 50.03
1735506069, 30, 0, 10, 0, 0, 0.01%, 0, 0, 1, 48.35
1735506074, 30, 1, 10, 0, 0, 0.01%, 0, 0, 1, 50.71
1735506079, 30, 2, 10, 0, 0, 0.01%, 0, 0, 1, 47.34
1735506089, 30, 3, 10, 0, 0, 0.01%, 0, 0, 1, 46.19
1735506094, 30, 4, 10, 0, 0, 0.01%, 0, 0, 1, 46.74
1735506099, 30, 5, 10, 0, 0, 0.01%, 0, 0, 1, 48.13
1735506104, 30, 6, 10, 0, 0, 0.01%, 0, 0, 1, 46.84
1735506109, 30, 7, 10, 0, 0, 0.01%, 0, 0, 1, 51.24
1735506114, 30, 8, 10, 0, 0, 0.01%, 0, 0, 1, 48.34
1735506120, 30, 9, 10, 0, 0, 0.01%, 0, 0, 1, 47.66
1735506125, 31, 0, 10, 0, 0, 0.01%, 0, 0, 1, 48.64
1735506130, 31, 1, 10, 0, 0, 0.01%, 0, 0, 1, 50.61
1735506135, 31, 2, 10, 0, 0, 0.01%, 0, 0, 1, 47.41
1735506140, 31, 3, 10, 0, 0, 0.01%, 0, 0, 1, 48.44
1735506145, 31, 4, 10, 0, 0, 0.01%, 0, 0, 1, 49.20
1735506150, 31, 5, 10, 0, 0, 0.01%, 0, 0, 1, 48.34
1735506155, 31, 6, 10, 0, 0, 0.01%, 0, 0, 1, 48.37
1735506160, 31, 7, 10, 0, 0, 0.01%, 0, 0, 1, 48.05
1735506165, 31, 8, 10, 0, 0, 0.01%, 0, 0, 1, 49.20
1735506170, 31, 9, 10, 0, 0, 0.01%, 0, 0, 1, 50.73
1735506175, 32, 0, 10, 0, 0, 0.01%, 0, 0, 1, 47.21
1735506180, 32, 1, 10, 0, 0, 0.01%, 0, 0, 1, 46.46
1735506186, 32, 2, 10, 0, 0, 0.01%, 0, 0, 1, 47.69
1735506191, 32, 3, 10, 0, 0, 0.01%, 0, 0, 1, 50.85
1735506196, 32, 4, 10, 0, 0, 0.01%, 0, 0, 1, 48.77
1735506201, 32, 5, 10, 0, 0, 0.01%, 0, 0, 1, 47.14
1735506211, 32, 7, 10, 0, 0, 0.01%, 0, 0, 1, 51.30
1735506221, 32, 9, 10, 0, 0, 0.01%, 0, 0, 1, 53.24
1735506231, 33, 0, 10, 0, 0, 0.01%, 0, 0, 1, 46.82
1735506237, 33, 1, 10, 0, 0, 0.01%, 0, 0, 1, 47.31
1735506242, 33, 2, 10, 0, 0, 0.01%, 0, 0, 1, 51.61
1735506247, 33, 3, 10, 0, 0, 0.01%, 0, 0, 1, 48.10
1735506252, 33, 4, 10, 0, 0, 0.01%, 0, 0, 1, 48.20
1735506257, 33, 5, 10, 0, 0, 0.01%, 0, 0, 1, 49.31
1735506262, 33, 6, 10, 0, 0, 0.01%, 0, 0, 1, 49.58
1735506267, 33, 7, 10, 0, 0, 0.01%, 0, 0, 1, 47.58
1735506272, 33, 8, 10, 0, 0, 0.01%, 0, 0, 1, 48.51
1735506277, 33, 9, 10, 0, 0, 0.01%, 0, 0, 1, 48.08
1735506282, 34, 0, 10, 0, 0, 0.01%, 0, 0, 1, 49.48
1735506287, 34, 1, 10, 0, 0, 0.01%, 0, 0, 1, 47.30
1735506292, 34, 2, 10, 0, 0, 0.01%, 0, 0, 1, 48.74
1735506298, 34, 3, 10, 0, 0, 0.01%, 0, 0, 1, 48.59
1735506303, 34, 4, 10, 0, 0, 0.01%, 0, 0, 1, 51.26
1735506308, 34, 5, 10, 0, 0, 0.01%, 0, 0, 1, 49.21
1735506313, 34, 6, 10, 0, 0, 0.01%, 0, 0, 1, 48.00
1735506318, 34, 7, 10, 0, 0, 0.01%, 0, 0, 1, 50.47
1735506323, 34, 8, 10, 0, 0, 0.01%, 0, 0, 1, 49.04
1735506328, 34, 9, 10, 0, 0, 0.01%, 0, 0, 1, 50.22
1735506333, 35, 0, 10, 0, 0, 0.01%, 0, 0, 1, 49.37
1735506338, 35, 1, 10, 0, 0, 0.01%, 0, 0, 1, 51.12
1735506343, 35, 2, 10, 0, 0, 0.01%, 0, 0, 1, 47.45
1735506348, 35, 3, 10, 0, 0, 0.01%, 0, 0, 1, 48.62
1735506353, 35, 4, 10, 0, 0, 0.01%, 0, 0, 1, 49.74
1735506359, 35, 5, 10, 0, 0, 0.01%, 0, 0, 1, 46.82
1735506364, 35, 6, 10, 0, 0, 0.01%, 0, 0, 1, 47.87
1735506374, 35, 7, 10, 0, 0, 0.01%, 0, 0, 1, 49.06
1735506379, 35, 8, 10, 0, 0, 0.01%, 0, 0, 1, 48.59
1735506384, 35, 9, 10, 0, 0, 0.01%, 0, 0, 1, 50.95
1735506389, 36, 0, 10, 0, 0, 0.01%, 0, 0, 1, 48.31
1735506394, 36, 1, 10, 0, 0, 0.01%, 0, 0, 1, 50.06
1735506399, 36, 2, 10, 0, 0, 0.01%, 0, 0, 1, 48.37
1735506404, 36, 3, 10, 0, 0, 0.01%, 0, 0, 1, 48.84
1735506409, 36, 4, 10, 0, 0, 0.01%, 0, 0, 1, 45.77
1735506414, 36, 5, 10, 0, 0, 0.01%, 0, 0, 1, 46.14
1735506419, 36, 6, 10, 0, 0, 0.01%, 0, 0, 1, 46.69
1735506425, 36, 7, 10, 0, 0, 0.01%, 0, 0, 1, 46.86
1735506430, 36, 8, 10, 0, 0, 0.01%, 0, 0, 1, 50.12
1735506435, 36, 9, 10, 0, 0, 0.01%, 0, 0, 1, 47.41
1735506440, 37, 0, 10, 0, 0, 0.01%, 0, 0, 1, 46.73
1735506445, 37, 1, 10, 0, 0, 0.01%, 0, 0, 1, 46.46
1735506450, 37, 2, 10, 0, 0, 0.01%, 0, 0, 1, 46.84
1735506455, 37, 3, 10, 0, 0, 0.01%, 0, 0, 1, 46.97
1735506460, 37, 4, 10, 0, 0, 0.01%, 0, 0, 1, 48.35
1735506465, 37, 5, 10, 0, 0, 0.01%, 0, 0, 1, 49.07
1735506470, 37, 6, 10, 0, 0, 0.01%, 0, 0, 1, 48.51
1735506475, 37, 7, 10, 0, 0, 0.01%, 0, 0, 1, 47.93
1735506480, 37, 8, 10, 0, 0, 0.01%, 0, 0, 1, 50.40
1735506491, 37, 9, 10, 0, 0, 0.01%, 0, 0, 1, 47.09
1735506496, 38, 0, 10, 0, 0, 0.01%, 0, 0, 1, 46.70
1735506501, 38, 1, 10, 0, 0, 0.01%, 0, 0, 1, 46.02
1735506506, 38, 2, 10, 0, 0, 0.01%, 0, 0, 1, 46.72
1735506511, 38, 3, 10, 0, 0, 0.01%, 0, 0, 1, 51.64
1735506516, 38, 4, 10, 0, 0, 0.01%, 0, 0, 1, 49.09
1735506521, 38, 5, 10, 0, 0, 0.01%, 0, 0, 1, 48.43
1735506526, 38, 6, 10, 0, 0, 0.01%, 0, 0, 1, 47.13
1735506531, 38, 7, 10, 0, 0, 0.01%, 0, 0, 1, 48.60
1735506536, 38, 8, 10, 0, 0, 0.01%, 0, 0, 1, 48.83
1735506541, 38, 9, 10, 0, 0, 0.01%, 0, 0, 1, 49.34
1735506546, 39, 0, 10, 0, 0, 0.01%, 0, 0, 1, 48.64
1735506551, 39, 1, 10, 0, 0, 0.01%, 0, 0, 1, 49.42
1735506556, 39, 2, 10, 0, 0, 0.01%, 0, 0, 1, 46.93
1735506562, 39, 3, 10, 0, 0, 0.01%, 0, 0, 1, 50.87
1735506567, 39, 4, 10, 0, 0, 0.01%, 0, 0, 1, 47.21
1735506572, 39, 5, 10, 0, 0, 0.01%, 0, 0, 1, 49.76
1735506577, 39, 6, 10, 0, 0, 0.01%, 0, 0, 1, 49.65
1735506582, 39, 7, 10, 0, 0, 0.01%, 0, 0, 1, 49.01
1735506587, 39, 8, 10, 0, 0, 0.01%, 0, 0, 1, 46.60
1735506592, 39, 9, 10, 0, 0, 0.01%, 0, 0, 1, 49.01
1735506597, 40, 0, 10, 0, 0, 0.01%, 0, 0, 1, 48.26
1735506602, 40, 1, 10, 0, 0, 0.01%, 0, 0, 1, 49.65
1735506612, 40, 2, 10, 0, 0, 0.01%, 0, 0, 1, 48.78
1735506617, 40, 3, 10, 0, 0, 0.01%, 0, 0, 1, 48.44
1735506623, 40, 4, 10, 0, 0, 0.01%, 0, 0, 1, 50.12
1735506628, 40, 5, 10, 0, 0, 0.01%, 0, 0, 1, 46.67
1735506633, 40, 6, 10, 0, 0, 0.01%, 0, 0, 1, 49.16
1735506638, 40, 7, 10, 0, 0, 0.01%, 0, 0, 1, 48.11
1735506643, 40, 8, 10, 0, 0, 0.01%, 0, 0, 1, 47.05
1735506648, 40, 9, 10, 0, 0, 0.01%, 0, 0, 1, 47.59
1735506653, 41, 0, 10, 0, 0, 0.01%, 0, 0, 1, 46.88
1735506658, 41, 1, 10, 0, 0, 0.01%, 0, 0, 1, 48.90
1735506663, 41, 2, 10, 0, 0, 0.01%, 0, 0, 1, 46.93
1735506668, 41, 3, 10, 0, 0, 0.01%, 0, 0, 1, 48.80
1735506673, 41, 4, 10, 0, 0, 0.01%, 0, 0, 1, 48.92
1735506679, 41, 5, 10, 0, 0, 0.01%, 0, 0, 1, 47.40
1735506684, 41, 6, 10, 0, 0, 0.01%, 0, 0, 1, 48.65
1735506689, 41, 7, 10, 0, 0, 0.01%, 0, 0, 1, 50.83
1735506694, 41, 8, 10, 0, 0, 0.01%, 0, 0, 1, 47.85
1735506699, 41, 9, 10, 0, 0, 0.01%, 0, 0, 1, 49.55
1735506704, 42, 0, 10, 0, 0, 0.01%, 0, 0, 1, 48.33
1735506709, 42, 1, 10, 0, 0, 0.01%, 0, 0, 1, 46.74
1735506714, 42, 2, 10, 0, 0, 0.01%, 0, 0, 1, 47.51
1735506719, 42, 3, 10, 0, 0, 0.01%, 0, 0, 1, 49.01
1735506724, 42, 4, 10, 0, 0, 0.01%, 0, 0, 1, 48.27
1735506730, 42, 5, 10, 0, 0, 0.01%, 0, 0, 1, 48.70
1735506740, 42, 6, 10, 0, 0, 0.01%, 0, 0, 1, 49.12
1735506745, 42, 7, 10, 0, 0, 0.01%, 0, 0, 1, 48.38
1735506750, 42, 8, 10, 0, 0, 0.01%, 0, 0, 1, 47.75
1735506755, 42, 9, 10, 0, 0, 0.01%, 0, 0, 1, 47.86
1735506760, 43, 0, 10, 0, 0, 0.01%, 0, 0, 1, 46.36
1735506765, 43, 1, 10, 0, 0, 0.01%, 0, 0, 1, 47.93
1735506770, 43, 2, 10, 0, 0, 0.01%, 0, 0, 1, 48.08
1735506775, 43, 3, 10, 0, 0, 0.01%, 0, 0, 1, 48.19
1735506780, 43, 4, 10, 0, 0, 0.01%, 0, 0, 1, 47.37
1735506785, 43, 5, 10, 0, 0, 0.01%, 0, 0, 1, 44.71
1735506790, 43, 6, 10, 0, 0, 0.01%, 0, 0, 1, 46.51
1735506795, 43, 7, 10, 0, 0, 0.01%, 0, 0, 1, 49.45
1735506800, 43, 8, 10, 0, 0, 0.01%, 0, 0, 1, 47.98
1735506805, 43, 9, 10, 0, 0, 0.01%, 0, 0, 1, 47.28
1735506811, 44, 0, 10, 0, 0, 0.01%, 0, 0, 1, 46.46
1735506816, 44, 1, 10, 0, 0, 0.01%, 0, 0, 1, 48.71
1735506821, 44, 2, 10, 0, 0, 0.01%, 0, 0, 1, 46.23
1735506826, 44, 3, 10, 0, 0, 0.01%, 0, 0, 1, 49.05
1735506836, 44, 4, 10, 0, 0, 0.01%, 0, 0, 1, 48.41
1735506841, 44, 5, 10, 0, 0, 0.01%, 0, 0, 1, 48.95
1735506846, 44, 6, 10, 0, 0, 0.01%, 0, 0, 1, 46.11
1735506851, 44, 7, 10, 0, 0, 0.01%, 0, 0, 1, 49.80
1735506856, 44, 8, 10, 0, 0, 0.01%, 0, 0, 1, 47.49
1735506861, 44, 9, 10, 0, 0, 0.01%, 0, 0, 1, 49.21
1735506867, 45, 0, 10, 0, 0, 0.01%, 0, 0, 1, 49.47
1735506872, 45, 1, 10, 0, 0, 0.01%, 0, 0, 1, 49.12
1735506877, 45, 2, 10, 0, 0, 0.01%, 0, 0, 1, 47.40
1735506882, 45, 3, 10, 0, 0, 0.01%, 0, 0, 1, 45.84
1735506887, 45, 4, 10, 0, 0, 0.01%, 0, 0, 1, 50.64
1735506892, 45, 5, 10, 0, 0, 0.01%, 0, 0, 1, 49.59
1735506897, 45, 6, 10, 0, 0, 0.01%, 0, 0, 1, 47.12
1735506902, 45, 7, 10, 0, 0, 0.01%, 0, 0, 1, 49.14
1735506907, 45, 8, 10, 0, 0, 0.01%, 0, 0, 1, 47.45
1735506912, 45, 9, 10, 0, 0, 0.01%, 0, 0, 1, 46.95
1735506917, 46, 0, 10, 0, 0, 0.01%, 0, 0, 1, 48.12
1735506922, 46, 1, 10, 0, 0, 0.01%, 0, 0, 1, 47.69
1735506928, 46, 2, 10, 0, 0, 0.01%, 0, 0, 1, 48.52
1735506933, 46, 3, 10, 0, 0, 0.01%, 0, 0, 1, 49.25
1735506938, 46, 4, 10, 0, 0, 0.01%, 0, 0, 1, 47.69
1735506943, 46, 5, 10, 0, 0, 0.01%, 0, 0, 1, 47.58
1735506948, 46, 6, 10, 0, 0, 0.01%, 0, 0, 1, 48.40
1735506953, 46, 7, 10, 0, 0, 0.01%, 0, 0, 1, 48.59
1735506958, 46, 8, 10, 0, 0, 0.01%, 0, 0, 1, 48.82
1735506968, 46, 9, 10, 0, 0, 0.01%, 0, 0, 1, 47.52
1735506973, 47, 0, 10, 0, 0, 0.01%, 0, 0, 1, 48.72
1735506978, 47, 1, 10, 0, 0, 0.01%, 0, 0, 1, 50.79
1735506983, 47, 2, 10, 0, 0, 0.01%, 0, 0, 1, 46.91
1735506988, 47, 3, 10, 0, 0, 0.01%, 0, 0, 1, 46.80
1735506993, 47, 4, 10, 0, 0, 0.01%, 0, 0, 1, 49.56
1735506998, 47, 5, 10, 0, 0, 0.01%, 0, 0, 1, 47.81
1735507004, 47, 6, 10, 0, 0, 0.01%, 0, 0, 1, 47.28
1735507009, 47, 7, 10, 0, 0, 0.01%, 0, 0, 1, 47.87
1735507014, 47, 8, 10, 0, 0, 0.01%, 0, 0, 1, 48.19
1735507019, 47, 9, 10, 0, 0, 0.01%, 0, 0, 1, 48.61
1735507024, 48, 0, 10, 0, 0, 0.01%, 0, 0, 1, 46.44
1735507029, 48, 1, 10, 0, 0, 0.01%, 0, 0, 1, 47.69
1735507034, 48, 2, 10, 0, 0, 0.01%, 0, 0, 1, 49.65
1735507039, 48, 3, 10, 0, 0, 0.01%, 0, 0, 1, 50.09
1735507044, 48, 4, 10, 0, 0, 0.01%, 0, 0, 1, 48.78
1735507049, 48, 5, 10, 0, 0, 0.01%, 0, 0, 1, 50.24
1735507054, 48, 6, 10, 0, 0, 0.01%, 0, 0, 1, 46.52
1735507059, 48, 7, 10, 0, 0, 0.01%, 0, 0, 1, 48.62
1735507064, 48, 8, 10, 0, 0, 0.01%, 0, 0, 1, 47.94
1735507075, 48, 9, 10, 0, 0, 0.01%, 0, 0, 1, 48.56
1735507080, 49, 0, 10, 0, 0, 0.01%, 0, 0, 1, 47.54
1735507085, 49, 1, 10, 0, 0, 0.01%, 0, 0, 1, 48.96
1735507090, 49, 2, 10, 0, 0, 0.01%, 0, 0, 1, 46.29
1735507095, 49, 3, 10, 0, 0, 0.01%, 0, 0, 1, 49.93
1735507100, 49, 4, 10, 0, 0, 0.01%, 0, 0, 1, 48.36
1735507105, 49, 5, 10, 0, 0, 0.01%, 0, 0, 1, 49.49
1735507110, 49, 6, 10, 0, 0, 0.01%, 0, 0, 1, 48.98
1735507115, 49, 7, 10, 0, 0, 0.01%, 0, 0, 1, 49.15
1735507120, 49, 8, 10, 0, 0, 0.01%, 0, 0, 1, 46.88
1735507125, 49, 9, 10, 0, 0, 0.01%, 0, 0, 1, 47.39
1735507130, 50, 0, 10, 0, 0, 0.01%, 0, 0, 1, 47.90
1735507135, 50, 1, 10, 0, 0, 0.01%, 0, 0, 1, 48.25
1735507140, 50, 2, 10, 0, 0, 0.01%, 0, 0, 1, 50.30
1735507145, 50, 3, 10, 0, 0, 0.01%, 0, 0, 1, 47.70
1735507151, 50, 4, 10, 0, 0, 0.01%, 0, 0, 1, 48.83
1735507156, 50, 5, 10, 0, 0, 0.01%, 0, 0, 1, 47.16
1735507161, 50, 6, 10, 0, 0, 0.01%, 0, 0, 1, 46.04
1735507166, 50, 7, 10, 0, 0, 0.01%, 0, 0, 1, 46.98
1735507171, 50, 8, 10, 0, 0, 0.01%, 0, 0, 1, 47.50
1735507176, 50, 9, 10, 0, 0, 0.01%, 0, 0, 1, 49.75
1735507186, 51, 0, 10, 0, 0, 0.01%, 0, 0, 1, 47.62
1735507191, 51, 1, 10, 0, 0, 0.01%, 0, 0, 1, 47.43
1735507196, 51, 2, 10, 0, 0, 0.01%, 0, 0, 1, 48.71
1735507201, 51, 3, 10, 0, 0, 0.01%, 0, 0, 1, 46.58
1735507206, 51, 4, 10, 0, 0, 0.01%, 0, 0, 1, 49.05
1735507211, 51, 5, 10, 0, 0, 0.01%, 0, 0, 1, 48.17
1735507216, 51, 6, 10, 0, 0, 0.01%, 0, 0, 1, 47.36
1735507222, 51, 7, 10, 0, 0, 0.01%, 0, 0, 1, 48.67
1735507227, 51, 8, 10, 0, 0, 0.01%, 0, 0, 1, 47.17
1735507232, 51, 9, 10, 0, 0, 0.01%, 0, 0, 1, 48.83
1735507237, 52, 0, 10, 0, 0, 0.01%, 0, 0, 1, 46.33
1735507242, 52, 1, 10, 0, 0, 0.01%, 0, 0, 1, 48.01
1735507247, 52, 2, 10, 0, 0, 0.01%, 0, 0, 1, 48.46
1735507252, 52, 3, 10, 0, 0, 0.01%, 0, 0, 1, 47.81
1735507257, 52, 4, 10, 0, 0, 0.01%, 0, 0, 1, 46.88
1735507262, 52, 5, 10, 0, 0, 0.01%, 0, 0, 1, 48.70
1735507267, 52, 6, 10, 0, 0, 0.01%, 0, 0, 1, 48.59
1735507272, 52, 7, 10, 0, 0, 0.01%, 0, 0, 1, 47.84
1735507277, 52, 8, 10, 0, 0, 0.01%, 0, 0, 1, 49.31
1735507282, 52, 9, 10, 0, 0, 0.01%, 0, 0, 1, 46.79
1735507292, 53, 0, 10, 0, 0, 0.01%, 0, 0, 1, 48.84
1735507298, 53, 1, 10, 0, 0, 0.01%, 0, 0, 1, 47.40
1735507303, 53, 2, 10, 0, 0, 0.01%, 0, 0, 1, 47.26
1735507308, 53, 3, 10, 0, 0, 0.01%, 0, 0, 1, 46.95
1735507313, 53, 4, 10, 0, 0, 0.01%, 0, 0, 1, 49.50
1735507318, 53, 5, 10, 0, 0, 0.01%, 0, 0, 1, 47.52
1735507323, 53, 6, 10, 0, 0, 0.01%, 0, 0, 1, 47.84
1735507328, 53, 7, 10, 0, 0, 0.01%, 0, 0, 1, 48.81
1735507333, 53, 8, 10, 0, 0, 0.01%, 0, 0, 1, 50.89
1735507338, 53, 9, 10, 0, 0, 0.01%, 0, 0, 1, 48.65
1735507343, 54, 0, 10, 0, 0, 0.01%, 0, 0, 1, 48.38
1735507348, 54, 1, 10, 0, 0, 0.01%, 0, 0, 1, 46.42
1735507353, 54, 2, 10, 0, 0, 0.01%, 0, 0, 1, 46.63
1735507359, 54, 3, 10, 0, 0, 0.01%, 0, 0, 1, 47.76
1735507364, 54, 4, 10, 0, 0, 0.01%, 0, 0, 1, 48.67
1735507369, 54, 5, 10, 0, 0, 0.01%, 0, 0, 1, 47.19
1735507374, 54, 6, 10, 0, 0, 0.01%, 0, 0, 1, 48.35
1735507379, 54, 7, 10, 0, 0, 0.01%, 0, 0, 1, 48.31
1735507384, 54, 8, 10, 0, 0, 0.01%, 0, 0, 1, 48.94
1735507389, 54, 9, 10, 0, 0, 0.01%, 0, 0, 1, 50.00
1735507394, 55, 0, 10, 0, 0, 0.01%, 0, 0, 1, 48.02
1735507399, 55, 1, 10, 0, 0, 0.01%, 0, 0, 1, 49.33
1735507404, 55, 2, 10, 0, 0, 0.01%, 0, 0, 1, 51.07
1735507414, 55, 3, 10, 0, 0, 0.01%, 0, 0, 1, 48.99
1735507419, 55, 4, 10, 0, 0, 0.01%, 0, 0, 1, 48.48
1735507424, 55, 5, 10, 0, 0, 0.01%, 0, 0, 1, 46.89
1735507430, 55, 6, 10, 0, 0, 0.01%, 0, 0, 1, 46.84
1735507435, 55, 7, 10, 0, 0, 0.01%, 0, 0, 1, 45.30
1735507440, 55, 8, 10, 0, 0, 0.01%, 0, 0, 1, 45.00
1735507445, 55, 9, 10, 0, 0, 0.01%, 0, 0, 1, 48.32
1735507450, 56, 0, 10, 0, 0, 0.01%, 0, 0, 1, 51.61
1735507455, 56, 1, 10, 0, 0, 0.01%, 0, 0, 1, 50.10
1735507460, 56, 2, 10, 0, 0, 0.01%, 0, 0, 1, 50.74
1735507465, 56, 3, 10, 0, 0, 0.01%, 0, 0, 1, 48.94
1735507470, 56, 4, 10, 0, 0, 0.01%, 0, 0, 1, 49.07
1735507475, 56, 5, 10, 0, 0, 0.01%, 0, 0, 1, 47.04
1735507480, 56, 6, 10, 0, 0, 0.01%, 0, 0, 1, 48.67
1735507486, 56, 7, 10, 0, 0, 0.01%, 0, 0, 1, 48.58
1735507491, 56, 8, 10, 0, 0, 0.01%, 0, 0, 1, 47.01
1735507496, 56, 9, 10, 0, 0, 0.01%, 0, 0, 1, 49.42
1735507501, 57, 0, 10, 0, 0, 0.01%, 0, 0, 1, 47.52
1735507506, 57, 1, 10, 0, 0, 0.01%, 0, 0, 1, 48.86
1735507511, 57, 2, 10, 0, 0, 0.01%, 0, 0, 1, 50.68
1735507521, 57, 3, 10, 0, 0, 0.01%, 0, 0, 1, 47.60
1735507526, 57, 4, 10, 0, 0, 0.01%, 0, 0, 1, 49.85
1735507531, 57, 5, 10, 0, 0, 0.01%, 0, 0, 1, 48.51
1735507536, 57, 6, 10, 0, 0, 0.01%, 0, 0, 1, 49.41
1735507542, 57, 7, 10, 0, 0, 0.01%, 0, 0, 1, 46.40
1735507547, 57, 8, 10, 0, 0, 0.01%, 0, 0, 1, 49.49
1735507552, 57, 9, 10, 0, 0, 0.01%, 0, 0, 1, 48.94
1735507557, 58, 0, 10, 0, 0, 0.01%, 0, 0, 1, 51.34
1735507562, 58, 1, 10, 0, 0, 0.01%, 0, 0, 1, 48.47
1735507567, 58, 2, 10, 0, 0, 0.01%, 0, 0, 1, 46.96
1735507572, 58, 3, 10, 0, 0, 0.01%, 0, 0, 1, 48.03
1735507577, 58, 4, 10, 0, 0, 0.01%, 0, 0, 1, 49.35
1735507582, 58, 5, 10, 0, 0, 0.01%, 0, 0, 1, 48.01
1735507588, 58, 6, 10, 0, 0, 0.01%, 0, 0, 1, 52.06
1735507593, 58, 7, 10, 0, 0, 0.01%, 0, 0, 1, 48.04
1735507598, 58, 8, 10, 0, 0, 0.01%, 0, 0, 1, 48.59
1735507603, 58, 9, 10, 0, 0, 0.01%, 0, 0, 1, 50.44
1735507608, 59, 0, 10, 0, 0, 0.01%, 0, 0, 1, 46.62
1735507613, 59, 1, 10, 0, 0, 0.01%, 0, 0, 1, 49.48
1735507618, 59, 2, 10, 0, 0, 0.01%, 0, 0, 1, 48.65
1735507623, 59, 3, 10, 0, 0, 0.01%, 0, 0, 1, 49.45
1735507628, 59, 4, 10, 0, 0, 0.01%, 0, 0, 1, 49.28
1735507633, 59, 5, 10, 0, 0, 0.01%, 0, 0, 1, 48.84
1735507638, 59, 6, 10, 0, 0, 0.01%, 0, 0, 1, 49.65
1735507643, 59, 7, 10, 0, 0, 0.01%, 0, 0, 1, 49.14
1735507649, 59, 8, 10, 0, 0, 0.01%, 0, 0, 1, 48.89
1735507654, 59, 9, 10, 0, 0, 0.01%, 0, 0, 1, 50.27
1735507659, 60, 0, 10, 0, 0, 0.01%, 0, 0, 1, 47.00
1735507664, 60, 1, 10, 0, 0, 0.01%, 0, 0, 1, 47.39
1735507669, 60, 2, 10, 0, 0, 0.01%, 0, 0, 1, 48.02
1735507674, 60, 3, 10, 0, 0, 0.01%, 0, 0, 1, 48.53
1735507684, 60, 4, 10, 0, 0, 0.01%, 0, 0, 1, 46.49
1735507689, 60, 5, 10, 0, 0, 0.01%, 0, 0, 1, 46.12
1735507694, 60, 6, 10, 0, 0, 0.01%, 0, 0, 1, 46.95
1735507699, 60, 7, 10, 0, 0, 0.01%, 0, 0, 1, 48.35
1735507704, 60, 8, 10, 0, 0, 0.01%, 0, 0, 1, 48.64
1735507709, 60, 9, 10, 0, 0, 0.01%, 0, 0, 1, 46.63
1735507714, 61, 0, 10, 0, 0, 0.01%, 0, 0, 1, 49.08
1735507719, 61, 1, 10, 0, 0, 0.01%, 0, 0, 1, 48.98
1735507724, 61, 2, 10, 0, 0, 0.01%, 0, 0, 1, 48.78
1735507730, 61, 3, 10, 0, 0, 0.01%, 0, 0, 1, 48.87
1735507735, 61, 4, 10, 0, 0, 0.01%, 0, 0, 1, 47.38
1735507740, 61, 5, 10, 0, 0, 0.01%, 0, 0, 1, 48.70
1735507745, 61, 6, 10, 0, 0, 0.01%, 0, 0, 1, 46.63
1735507750, 61, 7, 10, 0, 0, 0.01%, 0, 0, 1, 49.83
1735507755, 61, 8, 10, 0, 0, 0.01%, 0, 0, 1, 46.61
1735507760, 61, 9, 10, 0, 0, 0.01%, 0, 0, 1, 48.17
1735507765, 62, 0, 10, 0, 0, 0.01%, 0, 0, 1, 47.80
1735507775, 62, 1, 10, 0, 0, 0.01%, 0, 0, 1, 48.82
1735507780, 62, 2, 10, 0, 0, 0.01%, 0, 0, 1, 48.29
1735507785, 62, 3, 10, 0, 0, 0.01%, 0, 0, 1, 49.38
1735507790, 62, 4, 10, 0, 0, 0.01%, 0, 0, 1, 48.00
1735507795, 62, 5, 10, 0, 0, 0.01%, 0, 0, 1, 44.89
1735507800, 62, 6, 10, 0, 0, 0.01%, 0, 0, 1, 49.42
1735507806, 62, 7, 10, 0, 0, 0.01%, 0, 0, 1, 48.55
1735507811, 62, 8, 10, 0, 0, 0.01%, 0, 0, 1, 47.04
1735507816, 62, 9, 10, 0, 0, 0.01%, 0, 0, 1, 45.55
1735507821, 63, 0, 10, 0, 0, 0.01%, 0, 0, 1, 46.14
1735507826, 63, 1, 10, 0, 0, 0.01%, 0, 0, 1, 49.20
1735507831, 63, 2, 10, 0, 0, 0.01%, 0, 0, 1, 49.06
1735507836, 63, 3, 10, 0, 0, 0.01%, 0, 0, 1, 46.49
1735507841, 63, 4, 10, 0, 0, 0.01%, 0, 0, 1, 49.18
1735507846, 63, 5, 10, 0, 0, 0.01%, 0, 0, 1, 51.15
1735507851, 63, 6, 10, 0, 0, 0.01%, 0, 0, 1, 44.78
1735507856, 63, 7, 10, 0, 0, 0.01%, 0, 0, 1, 49.04
1735507861, 63, 8, 10, 0, 0, 0.01%, 0, 0, 1, 48.29
1735507866, 63, 9, 10, 0, 0, 0.01%, 0, 0, 1, 52.34
1735507872, 64, 0, 10, 0, 0, 0.01%, 0, 0, 1, 48.50
1735507877, 64, 1, 10, 0, 0, 0.01%, 0, 0, 1, 48.42
1735507882, 64, 2, 10, 0, 0, 0.01%, 0, 0, 1, 48.28
1735507887, 64, 3, 10, 0, 0, 0.01%, 0, 0, 1, 49.66
1735507892, 64, 4, 10, 0, 0, 0.01%, 0, 0, 1, 47.49
1735507902, 64, 5, 10, 0, 0, 0.01%, 0, 0, 1, 49.80
1735507907, 64, 6, 10, 0, 0, 0.01%, 0, 0, 1, 48.85
1735507912, 64, 7, 10, 0, 0, 0.01%, 0, 0, 1, 46.92
1735507917, 64, 8, 10, 0, 0, 0.01%, 0, 0, 1, 46.93
1735507923, 64, 9, 10, 0, 0, 0.01%, 0, 0, 1, 48.04
1735507928, 65, 0, 10, 0, 0, 0.01%, 0, 0, 1, 48.83
1735507933, 65, 1, 10, 0, 0, 0.01%, 0, 0, 1, 47.72
1735507938, 65, 2, 10, 0, 0, 0.01%, 0, 0, 1, 49.43
1735507943, 65, 3, 10, 0, 0, 0.01%, 0, 0, 1, 48.99
1735507948, 65, 4, 10, 0, 0, 0.01%, 0, 0, 1, 49.78
1735507953, 65, 5, 10, 0, 0, 0.01%, 0, 0, 1, 48.90
1735507958, 65, 6, 10, 0, 0, 0.01%, 0, 0, 1, 50.00
1735507963, 65, 7, 10, 0, 0, 0.01%, 0, 0, 1, 47.28
1735507968, 65, 8, 10, 0, 0, 0.01%, 0, 0, 1, 48.47
1735507973, 65, 9, 10, 0, 0, 0.01%, 0, 0, 1, 46.12
1735507978, 66, 0, 10, 0, 0, 0.01%, 0, 0, 1, 48.43
1735507983, 66, 1, 10, 0, 0, 0.01%, 0, 0, 1, 47.28
1735507989, 66, 2, 10, 0, 0, 0.01%, 0, 0, 1, 42.67
1735507994, 66, 3, 10, 0, 0, 0.01%, 0, 0, 1, 44.89
1735508004, 66, 4, 10, 0, 0, 0.01%, 0, 0, 1, 46.35
1735508009, 66, 5, 10, 0, 0, 0.01%, 0, 0, 1, 47.45
1735508014, 66, 6, 10, 0, 0, 0.01%, 0, 0, 1, 46.84
1735508019, 66, 7, 10, 0, 0, 0.01%, 0, 0, 1, 48.63
1735508024, 66, 8, 10, 0, 0, 0.01%, 0, 0, 1, 46.33
1735508029, 66, 9, 10, 0, 0, 0.01%, 0, 0, 1, 49.73
1735508034, 67, 0, 10, 0, 0, 0.01%, 0, 0, 1, 49.05
1735508039, 67, 1, 10, 0, 0, 0.01%, 0, 0, 1, 47.76
1735508044, 67, 2, 10, 0, 0, 0.01%, 0, 0, 1, 48.29
1735508049, 67, 3, 10, 0, 0, 0.01%, 0, 0, 1, 48.52
1735508054, 67, 4, 10, 0, 0, 0.01%, 0, 0, 1, 46.68
1735508060, 67, 5, 10, 0, 0, 0.01%, 0, 0, 1, 47.21
1735508065, 67, 6, 10, 0, 0, 0.01%, 0, 0, 1, 48.18
1735508070, 67, 7, 10, 0, 0, 0.01%, 0, 0, 1, 46.57
1735508075, 67, 8, 10, 0, 0, 0.01%, 0, 0, 1, 47.56
1735508080, 67, 9, 10, 0, 0, 0.01%, 0, 0, 1, 46.97
1735508090, 68, 0, 10, 0, 0, 0.01%, 0, 0, 1, 46.11
1735508095, 68, 1, 10, 0, 0, 0.01%, 0, 0, 1, 47.87
1735508100, 68, 2, 10, 0, 0, 0.01%, 0, 0, 1, 47.54
1735508105, 68, 3, 10, 0, 0, 0.01%, 0, 0, 1, 48.87
1735508110, 68, 4, 10, 0, 0, 0.01%, 0, 0, 1, 49.20
1735508115, 68, 5, 10, 0, 0, 0.01%, 0, 0, 1, 47.95
1735508120, 68, 6, 10, 0, 0, 0.01%, 0, 0, 1, 47.15
1735508125, 68, 7, 10, 0, 0, 0.01%, 0, 0, 1, 49.28
1735508130, 68, 8, 10, 0, 0, 0.01%, 0, 0, 1, 48.99
1735508136, 68, 9, 10, 0, 0, 0.01%, 0, 0, 1, 48.66
1735508141, 69, 0, 10, 0, 0, 0.01%, 0, 0, 1, 47.37
1735508146, 69, 1, 10, 0, 0, 0.01%, 0, 0, 1, 47.53
1735508151, 69, 2, 10, 0, 0, 0.01%, 0, 0, 1, 48.16
1735508156, 69, 3, 10, 0, 0, 0.01%, 0, 0, 1, 48.00
1735508161, 69, 4, 10, 0, 0, 0.01%, 0, 0, 1, 49.54
1735508166, 69, 5, 10, 0, 0, 0.01%, 0, 0, 1, 47.69
1735508171, 69, 6, 10, 0, 0, 0.01%, 0, 0, 1, 49.07
1735508176, 69, 7, 10, 0, 0, 0.01%, 0, 0, 1, 46.98
1735508181, 69, 8, 10, 0, 0, 0.01%, 0, 0, 1, 48.91
1735508186, 69, 9, 10, 0, 0, 0.01%, 0, 0, 1, 48.35
1735508196, 70, 0, 10, 0, 0, 0.01%, 0, 0, 1, 48.45
1735508201, 70, 1, 10, 0, 0, 0.01%, 0, 0, 1, 50.68
1735508206, 70, 2, 10, 0, 0, 0.01%, 0, 0, 1, 48.92
1735508211, 70, 3, 10, 0, 0, 0.01%, 0, 0, 1, 46.56
1735508217, 70, 4, 10, 0, 0, 0.01%, 0, 0, 1, 45.95
1735508222, 70, 5, 10, 0, 0, 0.01%, 0, 0, 1, 47.01
1735508227, 70, 6, 10, 0, 0, 0.01%, 0, 0, 1, 46.86
1735508232, 70, 7, 10, 0, 0, 0.01%, 0, 0, 1, 49.66
1735508237, 70, 8, 10, 0, 0, 0.01%, 0, 0, 1, 46.66
1735508242, 70, 9, 10, 0, 0, 0.01%, 0, 0, 1, 46.96
1735508247, 71, 0, 10, 0, 0, 0.01%, 0, 0, 1, 47.30
1735508252, 71, 1, 10, 0, 0, 0.01%, 0, 0, 1, 46.69
1735508257, 72, 10, 12, 1, 0, 0.14%, 2, 0, 3, 48.03
1735508262, 72, 10, 13, 2, 0, 0.14%, 3, 0, 3, 61.94
1735508334, 72, 12, 13, 1, 1, 0.14%, 3, 0, 3, 80.23
1735508410, 75, 12, 13, 0, 0, 0.14%, 3, 0, 3, 49.80
1735508441, 76, 11, 13, 0, 0, 0.14%, 3, 0, 3, 75.39
1735508466, 76, 11, 14, 1, 0, 0.14%, 3, 0, 4, 52.08
1735508527, 76, 11, 16, 3, 0, 0.14%, 4, 0, 4, 51.44
1735508557, 76, 13, 16, 3, 2, 0.14%, 4, 0, 4, 59.56
1735508578, 76, 13, 17, 4, 2, 0.14%, 5, 0, 5, 59.44
1735508715, 76, 16, 17, 2, 1, 0.14%, 5, 0, 5, 46.78
1735508720, 76, 16, 24, 9, 1, 0.14%, 5, 0, 6, 65.83
1735508725, 76, 16, 27, 12, 1, 0.14%, 5, 0, 6, 86.70
1735508730, 76, 16, 28, 13, 1, 0.14%, 6, 0, 6, 100.11
1735508979, 76, 16, 29, 14, 1, 0.14%, 6, 0, 6, 63.42
1735509091, 76, 28, 29, 12, 1, 0.14%, 6, 0, 6, 82.06
1735509355, 76, 28, 30, 13, 1, 0.14%, 6, 0, 7, 72.98
1735509360, 76, 28, 31, 14, 1, 0.14%, 7, 0, 7, 69.53
1735509396, 76, 28, 32, 15, 1, 0.14%, 7, 0, 7, 75.92
1735509437, 76, 30, 32, 14, 2, 0.14%, 7, 0, 7, 110.47
1735509442, 76, 30, 33, 15, 2, 0.14%, 7, 0, 8, 116.84
1735509503, 76, 30, 34, 16, 2, 0.14%, 7, 0, 8, 72.51
1735509513, 76, 30, 35, 17, 2, 0.14%, 7, 0, 8, 81.84
1735509528, 76, 30, 36, 18, 2, 0.14%, 7, 0, 8, 76.28
1735509538, 76, 30, 37, 19, 2, 0.14%, 7, 0, 8, 76.36
1735509579, 76, 31, 37, 18, 2, 0.14%, 7, 0, 8, 46.93
1735510321, 76, 31, 38, 19, 2, 0.14%, 7, 0, 8, 44.77
1735510397, 76, 35, 38, 18, 2, 0.14%, 7, 0, 8, 76.37
1735510499, 76, 37, 38, 17, 1, 0.14%, 7, 0, 8, 49.11
1735512046, 77, 27, 38, 14, 0, 0.14%, 7, 0, 8, 63.09
1735512051, 77, 34, 38, 13, 0, 0.14%, 7, 0, 8, 80.98
1735512157, 78, 18, 38, 12, 0, 0.14%, 7, 0, 8, 56.60
1735512162, 80, 23, 38, 5, 0, 0.14%, 7, 0, 8, 40.22
1735512167, 83, 36, 38, 2, 0, 0.14%, 7, 0, 8, 82.82
1735512439, 87, 33, 38, 0, 0, 0.14%, 7, 0, 8, 100.78
1735512515, 87, 33, 39, 1, 0, 0.14%, 7, 0, 9, 75.05
1735512612, 88, 38, 39, 0, 0, 0.14%, 7, 0, 9, 92.91
1735512678, 88, 38, 40, 1, 0, 0.14%, 7, 0, 10, 58.59
1735512708, 88, 38, 41, 2, 0, 0.14%, 7, 0, 10, 78.46
1735512785, 88, 39, 41, 2, 2, 0.14%, 7, 0, 10, 72.79
1735513157, 89, 12, 41, 1, 0, 0.14%, 7, 0, 10, 62.71
1735513172, 90, 24, 41, 0, 0, 0.14%, 7, 0, 10, 70.35
1735513340, 90, 40, 41, 0, 0, 0.14%, 7, 0, 10, 103.07
1735513462, 90, 40, 42, 1, 0, 0.14%, 7, 0, 11, 80.37
1735513528, 90, 41, 42, 1, 1, 0.14%, 7, 0, 11, 106.32
1735513727, 95, 15, 42, 0, 0, 0.14%, 7, 0, 11, 79.84
1735513772, 98, 39, 42, 0, 0, 0.14%, 7, 0, 11, 71.91
1735513808, 99, 39, 42, 0, 0, 0.14%, 7, 0, 11, 65.59
1735513843, 99, 41, 42, 0, 0, 0.14%, 7, 0, 11, 77.15
1735513868, 100, 39, 42, 0, 0, 0.14%, 7, 0, 11, 72.14
1735513899, 100, 41, 42, 0, 0, 0.14%, 7, 0, 11, 74.43
1735513930, 101, 39, 42, 0, 0, 0.14%, 7, 0, 11, 76.92
1735513966, 101, 41, 42, 0, 0, 0.14%, 7, 0, 11, 77.17
1735513996, 102, 39, 42, 0, 0, 0.14%, 7, 0, 11, 70.10
1735514032, 102, 41, 42, 0, 0, 0.14%, 7, 0, 11, 69.02
1735514067, 103, 12, 42, 0, 0, 0.14%, 7, 0, 11, 63.32
1735514082, 103, 39, 42, 0, 0, 0.14%, 7, 0, 11, 73.68
1735514118, 103, 41, 42, 0, 0, 0.14%, 7, 0, 11, 79.42
1735514148, 104, 41, 42, 0, 0, 0.14%, 7, 0, 11, 60.89
1735514184, 105, 41, 42, 0, 0, 0.14%, 7, 0, 11, 74.09
1735514219, 114, 34, 42, 0, 0, 0.14%, 7, 0, 11, 70.72
1735514239, 116, 24, 42, 0, 0, 0.14%, 7, 0, 11, 71.90
1735514260, 117, 24, 42, 0, 0, 0.14%, 7, 0, 11, 70.87
1735514285, 118, 29, 42, 0, 0, 0.14%, 7, 0, 11, 86.32
1735514641, 122, 15, 42, 0, 0, 0.14%, 7, 0, 11, 61.53
1735514661, 126, 12, 42, 0, 0, 0.14%, 7, 0, 11, 59.30
1735514696, 129, 34, 42, 0, 0, 0.14%, 7, 0, 11, 73.66
1735514732, 130, 15, 42, 0, 0, 0.14%, 7, 0, 11, 58.90
1735514752, 131, 24, 42, 0, 0, 0.14%, 7, 0, 11, 71.30
1735514777, 135, 12, 42, 0, 0, 0.14%, 7, 0, 11, 59.96
1735514813, 135, 37, 42, 0, 0, 0.14%, 7, 0, 11, 77.74
1735514838, 137, 15, 42, 0, 0, 0.14%, 7, 0, 11, 62.96
1735514874, 137, 24, 42, 0, 0, 0.14%, 7, 0, 11, 67.95
1735514904, 140, 25, 42, 0, 0, 0.14%, 7, 0, 11, 88.94
1735515088, 142, 12, 42, 0, 0, 0.14%, 7, 0, 11, 59.97
1735515129, 147, 10, 42, 0, 0, 0.14%, 7, 0, 11, 61.37
1735515139, 148, 37, 42, 0, 0, 0.14%, 7, 0, 11, 80.47
