# unix_time, cycles_done, cur_path, paths_total, pending_total, pending_favs, map_size, unique_crashes, unique_hangs, max_depth, execs_per_sec
1735829971, 0, 0, 10, 10, 1, 0.01%, 0, 0, 1, 35.81
1735829976, 0, 2, 10, 10, 1, 0.01%, 0, 0, 1, 35.73
1735829991, 1, 0, 10, 2, 0, 0.01%, 0, 0, 1, 44.46
1735829996, 1, 1, 10, 1, 0, 0.01%, 0, 0, 1, 44.12
1735830006, 1, 2, 10, 0, 0, 0.01%, 0, 0, 1, 43.92
1735830011, 1, 3, 10, 0, 0, 0.01%, 0, 0, 1, 43.65
1735830016, 1, 4, 10, 0, 0, 0.01%, 0, 0, 1, 43.91
1735830022, 1, 5, 10, 0, 0, 0.01%, 0, 0, 1, 42.28
1735830027, 1, 6, 10, 0, 0, 0.01%, 0, 0, 1, 42.47
1735830032, 1, 7, 10, 0, 0, 0.01%, 0, 0, 1, 42.35
1735830042, 1, 8, 10, 0, 0, 0.01%, 0, 0, 1, 43.00
1735830047, 1, 9, 10, 0, 0, 0.01%, 0, 0, 1, 43.92
1735830052, 2, 0, 10, 0, 0, 0.01%, 0, 0, 1, 43.25
1735830057, 2, 1, 10, 0, 0, 0.01%, 0, 0, 1, 44.08
1735830062, 2, 2, 10, 0, 0, 0.01%, 0, 0, 1, 42.39
1735830067, 2, 3, 10, 0, 0, 0.01%, 0, 0, 1, 45.45
1735830078, 2, 4, 10, 0, 0, 0.01%, 0, 0, 1, 44.09
1735830083, 2, 5, 10, 0, 0, 0.01%, 0, 0, 1, 43.45
1735830088, 2, 6, 10, 0, 0, 0.01%, 0, 0, 1, 44.20
1735830093, 2, 7, 10, 0, 0, 0.01%, 0, 0, 1, 42.68
1735830098, 2, 8, 10, 0, 0, 0.01%, 0, 0, 1, 43.01
1735830103, 2, 9, 10, 0, 0, 0.01%, 0, 0, 1, 44.77
1735830113, 3, 0, 10, 0, 0, 0.01%, 0, 0, 1, 43.04
1735830118, 3, 1, 10, 0, 0, 0.01%, 0, 0, 1, 42.96
1735830123, 3, 2, 10, 0, 0, 0.01%, 0, 0, 1, 44.11
1735830128, 3, 3, 10, 0, 0, 0.01%, 0, 0, 1, 43.81
1735830134, 3, 4, 10, 0, 0, 0.01%, 0, 0, 1, 42.19
1735830139, 3, 5, 10, 0, 0, 0.01%, 0, 0, 1, 45.23
1735830144, 3, 6, 10, 0, 0, 0.01%, 0, 0, 1, 43.09
1735830154, 3, 7, 10, 0, 0, 0.01%, 0, 0, 1, 46.16
1735830159, 3, 8, 10, 0, 0, 0.01%, 0, 0, 1, 43.91
1735830164, 3, 9, 10, 0, 0, 0.01%, 0, 0, 1, 44.60
1735830169, 4, 0, 10, 0, 0, 0.01%, 0, 0, 1, 43.65
1735830174, 4, 1, 10, 0, 0, 0.01%, 0, 0, 1, 43.78
1735830179, 4, 2, 10, 0, 0, 0.01%, 0, 0, 1, 42.96
1735830189, 4, 3, 10, 0, 0, 0.01%, 0, 0, 1, 42.93
1735830194, 4, 4, 10, 0, 0, 0.01%, 0, 0, 1, 43.31
1735830200, 4, 5, 10, 0, 0, 0.01%, 0, 0, 1, 42.73
1735830205, 4, 6, 10, 0, 0, 0.01%, 0, 0, 1, 41.63
1735830210, 4, 7, 10, 0, 0, 0.01%, 0, 0, 1, 42.95
1735830215, 4, 8, 10, 0, 0, 0.01%, 0, 0, 1, 42.66
1735830225, 4, 9, 10, 0, 0, 0.01%, 0, 0, 1, 43.75
1735830230, 5, 0, 10, 0, 0, 0.01%, 0, 0, 1, 42.63
1735830235, 5, 1, 10, 0, 0, 0.01%, 0, 0, 1, 42.82
1735830240, 5, 2, 10, 0, 0, 0.01%, 0, 0, 1, 42.45
1735830246, 5, 3, 10, 0, 0, 0.01%, 0, 0, 1, 42.29
1735830251, 5, 4, 10, 0, 0, 0.01%, 0, 0, 1, 43.86
1735830261, 5, 5, 10, 0, 0, 0.01%, 0, 0, 1, 42.99
1735830266, 5, 6, 10, 0, 0, 0.01%, 0, 0, 1, 43.46
1735830271, 5, 7, 10, 0, 0, 0.01%, 0, 0, 1, 43.68
1735830276, 5, 8, 10, 0, 0, 0.01%, 0, 0, 1, 43.47
1735830281, 5, 9, 10, 0, 0, 0.01%, 0, 0, 1, 42.80
1735830286, 6, 0, 10, 0, 0, 0.01%, 0, 0, 1, 44.34
1735830296, 6, 1, 10, 0, 0, 0.01%, 0, 0, 1, 43.94
1735830301, 6, 2, 10, 0, 0, 0.01%, 0, 0, 1, 43.22
1735830307, 6, 3, 10, 0, 0, 0.01%, 0, 0, 1, 43.76
1735830312, 6, 4, 10, 0, 0, 0.01%, 0, 0, 1, 44.17
1735830317, 6, 5, 10, 0, 0, 0.01%, 0, 0, 1, 43.15
1735830322, 6, 6, 10, 0, 0, 0.01%, 0, 0, 1, 43.29
1735830327, 6, 7, 10, 0, 0, 0.01%, 0, 0, 1, 42.28
1735830337, 6, 8, 10, 0, 0, 0.01%, 0, 0, 1, 43.06
1735830342, 6, 9, 10, 0, 0, 0.01%, 0, 0, 1, 44.64
1735830347, 7, 0, 10, 0, 0, 0.01%, 0, 0, 1, 42.29
1735830352, 7, 1, 10, 0, 0, 0.01%, 0, 0, 1, 45.17
1735830358, 7, 2, 10, 0, 0, 0.01%, 0, 0, 1, 44.39
1735830363, 7, 3, 10, 0, 0, 0.01%, 0, 0, 1, 42.70
1735830373, 7, 4, 10, 0, 0, 0.01%, 0, 0, 1, 44.06
1735830378, 7, 5, 10, 0, 0, 0.01%, 0, 0, 1, 42.81
1735830383, 7, 6, 10, 0, 0, 0.01%, 0, 0, 1, 45.13
1735830388, 7, 7, 10, 0, 0, 0.01%, 0, 0, 1, 44.08
1735830393, 7, 8, 10, 0, 0, 0.01%, 0, 0, 1, 44.15
1735830398, 7, 9, 10, 0, 0, 0.01%, 0, 0, 1, 44.03
1735830403, 8, 0, 10, 0, 0, 0.01%, 0, 0, 1, 43.50
1735830413, 8, 1, 10, 0, 0, 0.01%, 0, 0, 1, 43.45
1735830419, 8, 2, 10, 0, 0, 0.01%, 0, 0, 1, 42.72
1735830424, 8, 3, 10, 0, 0, 0.01%, 0, 0, 1, 44.18
1735830429, 8, 4, 10, 0, 0, 0.01%, 0, 0, 1, 44.48
1735830434, 8, 5, 10, 0, 0, 0.01%, 0, 0, 1, 43.79
1735830439, 8, 6, 10, 0, 0, 0.01%, 0, 0, 1, 44.72
1735830444, 8, 7, 10, 0, 0, 0.01%, 0, 0, 1, 43.97
1735830454, 8, 8, 10, 0, 0, 0.01%, 0, 0, 1, 44.30
1735830459, 8, 9, 10, 0, 0, 0.01%, 0, 0, 1, 43.70
1735830464, 9, 0, 10, 0, 0, 0.01%, 0, 0, 1, 42.51
1735830470, 9, 1, 10, 0, 0, 0.01%, 0, 0, 1, 41.98
1735830475, 9, 2, 10, 0, 0, 0.01%, 0, 0, 1, 44.38
1735830480, 9, 3, 10, 0, 0, 0.01%, 0, 0, 1, 42.65
1735830490, 9, 4, 10, 0, 0, 0.01%, 0, 0, 1, 43.45
1735830495, 9, 5, 10, 0, 0, 0.01%, 0, 0, 1, 42.87
1735830500, 9, 6, 10, 0, 0, 0.01%, 0, 0, 1, 43.48
1735830505, 9, 7, 10, 0, 0, 0.01%, 0, 0, 1, 43.16
1735830510, 9, 8, 10, 0, 0, 0.01%, 0, 0, 1, 43.11
1735830515, 9, 9, 10, 0, 0, 0.01%, 0, 0, 1, 44.18
1735830525, 10, 0, 10, 0, 0, 0.01%, 0, 0, 1, 44.43
1735830531, 10, 1, 10, 0, 0, 0.01%, 0, 0, 1, 42.76
1735830536, 10, 2, 10, 0, 0, 0.01%, 0, 0, 1, 45.39
1735830541, 10, 3, 10, 0, 0, 0.01%, 0, 0, 1, 44.67
1735830546, 10, 4, 10, 0, 0, 0.01%, 0, 0, 1, 43.27
1735830551, 10, 5, 10, 0, 0, 0.01%, 0, 0, 1, 43.90
1735830561, 10, 6, 10, 0, 0, 0.01%, 0, 0, 1, 43.30
1735830566, 10, 7, 10, 0, 0, 0.01%, 0, 0, 1, 42.35
1735830571, 10, 8, 10, 0, 0, 0.01%, 0, 0, 1, 43.58
1735830576, 10, 9, 10, 0, 0, 0.01%, 0, 0, 1, 45.59
1735830581, 11, 0, 10, 0, 0, 0.01%, 0, 0, 1, 45.18
1735830586, 11, 1, 10, 0, 0, 0.01%, 0, 0, 1, 44.40
1735830592, 11, 2, 10, 0, 0, 0.01%, 0, 0, 1, 44.56
1735830597, 11, 3, 10, 0, 0, 0.01%, 0, 0, 1, 43.69
1735830607, 11, 4, 10, 0, 0, 0.01%, 0, 0, 1, 44.09
1735830612, 11, 5, 10, 0, 0, 0.01%, 0, 0, 1, 45.99
1735830617, 11, 6, 10, 0, 0, 0.01%, 0, 0, 1, 42.75
1735830622, 11, 7, 10, 0, 0, 0.01%, 0, 0, 1, 45.66
1735830627, 11, 8, 10, 0, 0, 0.01%, 0, 0, 1, 44.08
1735830632, 11, 9, 10, 0, 0, 0.01%, 0, 0, 1, 43.03
1735830637, 12, 0, 10, 0, 0, 0.01%, 0, 0, 1, 46.16
1735830647, 12, 1, 10, 0, 0, 0.01%, 0, 0, 1, 44.20
1735830652, 12, 2, 10, 0, 0, 0.01%, 0, 0, 1, 46.35
1735830657, 12, 3, 10, 0, 0, 0.01%, 0, 0, 1, 46.96
1735830662, 12, 4, 10, 0, 0, 0.01%, 0, 0, 1, 45.50
1735830668, 12, 5, 10, 0, 0, 0.01%, 0, 0, 1, 45.19
1735830673, 12, 6, 10, 0, 0, 0.01%, 0, 0, 1, 45.35
1735830678, 12, 7, 10, 0, 0, 0.01%, 0, 0, 1, 44.85
1735830683, 12, 8, 10, 0, 0, 0.01%, 0, 0, 1, 45.49
1735830688, 12, 9, 10, 0, 0, 0.01%, 0, 0, 1, 44.82
1735830698, 13, 0, 10, 0, 0, 0.01%, 0, 0, 1, 43.71
1735830703, 13, 1, 10, 0, 0, 0.01%, 0, 0, 1, 43.08
1735830708, 13, 2, 10, 0, 0, 0.01%, 0, 0, 1, 44.67
1735830713, 13, 3, 10, 0, 0, 0.01%, 0, 0, 1, 45.78
1735830718, 13, 4, 10, 0, 0, 0.01%, 0, 0, 1, 44.20
1735830723, 13, 5, 10, 0, 0, 0.01%, 0, 0, 1, 46.43
1735830729, 13, 6, 10, 0, 0, 0.01%, 0, 0, 1, 44.75
1735830734, 13, 7, 10, 0, 0, 0.01%, 0, 0, 1, 44.80
1735830744, 13, 8, 10, 0, 0, 0.01%, 0, 0, 1, 44.94
1735830749, 13, 9, 10, 0, 0, 0.01%, 0, 0, 1, 46.79
1735830754, 14, 0, 10, 0, 0, 0.01%, 0, 0, 1, 44.36
1735830759, 14, 1, 10, 0, 0, 0.01%, 0, 0, 1, 44.56
1735830764, 14, 2, 10, 0, 0, 0.01%, 0, 0, 1, 44.90
1735830769, 14, 3, 10, 0, 0, 0.01%, 0, 0, 1, 46.45
1735830774, 14, 4, 10, 0, 0, 0.01%, 0, 0, 1, 47.09
1735830779, 14, 5, 10, 0, 0, 0.01%, 0, 0, 1, 46.71
1735830785, 14, 6, 10, 0, 0, 0.01%, 0, 0, 1, 45.36
1735830790, 14, 7, 10, 0, 0, 0.01%, 0, 0, 1, 47.86
1735830795, 14, 8, 10, 0, 0, 0.01%, 0, 0, 1, 44.91
1735830805, 14, 9, 10, 0, 0, 0.01%, 0, 0, 1, 45.75
1735830810, 15, 0, 10, 0, 0, 0.01%, 0, 0, 1, 45.70
1735830815, 15, 1, 10, 0, 0, 0.01%, 0, 0, 1, 46.10
1735830820, 15, 2, 10, 0, 0, 0.01%, 0, 0, 1, 45.14
1735830825, 15, 3, 10, 0, 0, 0.01%, 0, 0, 1, 42.13
1735830846, 15, 4, 10, 0, 0, 0.01%, 0, 0, 1, 43.88
1735830871, 15, 5, 10, 0, 0, 0.01%, 0, 0, 1, 38.37
1735830892, 15, 6, 10, 0, 0, 0.01%, 0, 0, 1, 40.75
1735830912, 15, 7, 10, 0, 0, 0.01%, 0, 0, 1, 39.97
1735830933, 15, 8, 10, 0, 0, 0.01%, 0, 0, 1, 42.02
1735830953, 15, 9, 10, 0, 0, 0.01%, 0, 0, 1, 43.15
1735830979, 16, 0, 10, 0, 0, 0.01%, 0, 0, 1, 38.00
1735830999, 16, 1, 10, 0, 0, 0.01%, 0, 0, 1, 45.40
1735831004, 16, 2, 10, 0, 0, 0.01%, 0, 0, 1, 45.28
1735831009, 16, 3, 10, 0, 0, 0.01%, 0, 0, 1, 44.24
1735831014, 16, 4, 10, 0, 0, 0.01%, 0, 0, 1, 44.69
1735831019, 16, 5, 10, 0, 0, 0.01%, 0, 0, 1, 44.72
1735831024, 16, 6, 10, 0, 0, 0.01%, 0, 0, 1, 45.39
1735831029, 16, 7, 10, 0, 0, 0.01%, 0, 0, 1, 45.50
1735831040, 16, 8, 10, 0, 0, 0.01%, 0, 0, 1, 45.55
1735831045, 16, 9, 10, 0, 0, 0.01%, 0, 0, 1, 47.04
1735831050, 17, 0, 10, 0, 0, 0.01%, 0, 0, 1, 44.87
1735831055, 17, 1, 10, 0, 0, 0.01%, 0, 0, 1, 44.55
1735831060, 17, 2, 10, 0, 0, 0.01%, 0, 0, 1, 44.01
1735831065, 17, 3, 10, 0, 0, 0.01%, 0, 0, 1, 46.28
1735831070, 17, 4, 10, 0, 0, 0.01%, 0, 0, 1, 45.03
1735831075, 17, 5, 10, 0, 0, 0.01%, 0, 0, 1, 44.60
1735831080, 17, 6, 10, 0, 0, 0.01%, 0, 0, 1, 46.20
1735831090, 17, 7, 10, 0, 0, 0.01%, 0, 0, 1, 44.59
1735831096, 17, 8, 10, 0, 0, 0.01%, 0, 0, 1, 44.15
1735831101, 17, 9, 10, 0, 0, 0.01%, 0, 0, 1, 44.91
1735831106, 18, 0, 10, 0, 0, 0.01%, 0, 0, 1, 44.99
1735831111, 18, 1, 10, 0, 0, 0.01%, 0, 0, 1, 46.89
1735831116, 18, 2, 10, 0, 0, 0.01%, 0, 0, 1, 45.83
1735831121, 18, 3, 10, 0, 0, 0.01%, 0, 0, 1, 43.44
1735831126, 18, 4, 10, 0, 0, 0.01%, 0, 0, 1, 45.27
1735831136, 18, 5, 10, 0, 0, 0.01%, 0, 0, 1, 46.79
1735831141, 18, 6, 10, 0, 0, 0.01%, 0, 0, 1, 45.77
1735831146, 18, 7, 10, 0, 0, 0.01%, 0, 0, 1, 45.54
1735831151, 18, 8, 10, 0, 0, 0.01%, 0, 0, 1, 43.92
1735831156, 18, 9, 10, 0, 0, 0.01%, 0, 0, 1, 43.78
1735831162, 19, 0, 10, 0, 0, 0.01%, 0, 0, 1, 44.68
1735831167, 19, 1, 10, 0, 0, 0.01%, 0, 0, 1, 44.98
1735831172, 19, 2, 10, 0, 0, 0.01%, 0, 0, 1, 44.88
1735831177, 19, 3, 10, 0, 0, 0.01%, 0, 0, 1, 44.51
1735831187, 19, 4, 10, 0, 0, 0.01%, 0, 0, 1, 46.11
1735831192, 19, 5, 10, 0, 0, 0.01%, 0, 0, 1, 45.90
1735831197, 19, 6, 10, 0, 0, 0.01%, 0, 0, 1, 45.31
1735831202, 19, 7, 10, 0, 0, 0.01%, 0, 0, 1, 42.61
1735831207, 19, 8, 10, 0, 0, 0.01%, 0, 0, 1, 45.38
1735831212, 19, 9, 10, 0, 0, 0.01%, 0, 0, 1, 46.63
1735831217, 20, 0, 10, 0, 0, 0.01%, 0, 0, 1, 47.00
1735831223, 20, 1, 10, 0, 0, 0.01%, 0, 0, 1, 45.84
1735831228, 20, 2, 10, 0, 0, 0.01%, 0, 0, 1, 45.51
1735831238, 20, 3, 10, 0, 0, 0.01%, 0, 0, 1, 45.37
1735831243, 20, 4, 10, 0, 0, 0.01%, 0, 0, 1, 46.54
1735831248, 20, 5, 10, 0, 0, 0.01%, 0, 0, 1, 46.36
1735831253, 20, 6, 10, 0, 0, 0.01%, 0, 0, 1, 46.42
1735831258, 20, 7, 10, 0, 0, 0.01%, 0, 0, 1, 46.59
1735831263, 20, 8, 10, 0, 0, 0.01%, 0, 0, 1, 45.71
1735831268, 20, 9, 10, 0, 0, 0.01%, 0, 0, 1, 44.63
1735831273, 21, 0, 10, 0, 0, 0.01%, 0, 0, 1, 44.67
1735831284, 21, 1, 10, 0, 0, 0.01%, 0, 0, 1, 44.84
1735831289, 21, 2, 10, 0, 0, 0.01%, 0, 0, 1, 45.77
1735831294, 21, 3, 10, 0, 0, 0.01%, 0, 0, 1, 44.46
1735831299, 21, 4, 10, 0, 0, 0.01%, 0, 0, 1, 45.71
1735831304, 21, 5, 10, 0, 0, 0.01%, 0, 0, 1, 46.35
1735831309, 21, 6, 10, 0, 0, 0.01%, 0, 0, 1, 46.28
1735831314, 21, 7, 10, 0, 0, 0.01%, 0, 0, 1, 46.58
1735831319, 21, 8, 10, 0, 0, 0.01%, 0, 0, 1, 47.01
1735831324, 21, 9, 10, 0, 0, 0.01%, 0, 0, 1, 45.03
1735831329, 22, 0, 10, 0, 0, 0.01%, 0, 0, 1, 44.97
1735831339, 22, 1, 10, 0, 0, 0.01%, 0, 0, 1, 46.67
1735831344, 22, 2, 10, 0, 0, 0.01%, 0, 0, 1, 44.62
1735831349, 22, 3, 10, 0, 0, 0.01%, 0, 0, 1, 46.38
1735831354, 22, 4, 10, 0, 0, 0.01%, 0, 0, 1, 45.41
1735831359, 22, 5, 10, 0, 0, 0.01%, 0, 0, 1, 44.37
1735831365, 22, 6, 10, 0, 0, 0.01%, 0, 0, 1, 43.68
1735831370, 22, 7, 10, 0, 0, 0.01%, 0, 0, 1, 46.94
1735831375, 22, 8, 10, 0, 0, 0.01%, 0, 0, 1, 44.57
1735831385, 22, 9, 10, 0, 0, 0.01%, 0, 0, 1, 46.02
1735831390, 23, 0, 10, 0, 0, 0.01%, 0, 0, 1, 44.29
1735831395, 23, 1, 10, 0, 0, 0.01%, 0, 0, 1, 42.09
1735831400, 23, 2, 10, 0, 0, 0.01%, 0, 0, 1, 45.59
1735831405, 23, 3, 10, 0, 0, 0.01%, 0, 0, 1, 43.65
1735831410, 23, 4, 10, 0, 0, 0.01%, 0, 0, 1, 43.86
1735831415, 23, 5, 10, 0, 0, 0.01%, 0, 0, 1, 43.91
1735831420, 23, 6, 10, 0, 0, 0.01%, 0, 0, 1, 43.87
1735831431, 23, 7, 10, 0, 0, 0.01%, 0, 0, 1, 46.12
1735831436, 23, 8, 10, 0, 0, 0.01%, 0, 0, 1, 45.59
1735831441, 23, 9, 10, 0, 0, 0.01%, 0, 0, 1, 46.06
1735831446, 24, 0, 10, 0, 0, 0.01%, 0, 0, 1, 45.66
1735831451, 24, 1, 10, 0, 0, 0.01%, 0, 0, 1, 47.00
1735831456, 24, 2, 10, 0, 0, 0.01%, 0, 0, 1, 46.24
1735831461, 24, 3, 10, 0, 0, 0.01%, 0, 0, 1, 45.10
1735831466, 24, 4, 10, 0, 0, 0.01%, 0, 0, 1, 43.85
1735831476, 24, 5, 10, 0, 0, 0.01%, 0, 0, 1, 45.36
1735831481, 24, 6, 10, 0, 0, 0.01%, 0, 0, 1, 43.16
1735831486, 24, 7, 10, 0, 0, 0.01%, 0, 0, 1, 45.06
1735831491, 24, 8, 10, 0, 0, 0.01%, 0, 0, 1, 45.02
1735831497, 24, 9, 10, 0, 0, 0.01%, 0, 0, 1, 43.66
1735831502, 25, 0, 10, 0, 0, 0.01%, 0, 0, 1, 42.51
1735831507, 25, 1, 10, 0, 0, 0.01%, 0, 0, 1, 43.85
1735831517, 25, 2, 10, 0, 0, 0.01%, 0, 0, 1, 44.21
1735831522, 25, 3, 10, 0, 0, 0.01%, 0, 0, 1, 43.88
1735831527, 25, 4, 10, 0, 0, 0.01%, 0, 0, 1, 44.43
1735831532, 25, 5, 10, 0, 0, 0.01%, 0, 0, 1, 44.28
1735831537, 25, 6, 10, 0, 0, 0.01%, 0, 0, 1, 46.41
1735831542, 25, 7, 10, 0, 0, 0.01%, 0, 0, 1, 46.92
1735831547, 25, 8, 10, 0, 0, 0.01%, 0, 0, 1, 45.05
1735831552, 25, 9, 10, 0, 0, 0.01%, 0, 0, 1, 44.08
1735831562, 26, 0, 10, 0, 0, 0.01%, 0, 0, 1, 45.91
1735831568, 26, 1, 10, 0, 0, 0.01%, 0, 0, 1, 45.46
1735831573, 26, 2, 10, 0, 0, 0.01%, 0, 0, 1, 45.55
1735831578, 26, 3, 10, 0, 0, 0.01%, 0, 0, 1, 43.94
1735831583, 26, 4, 10, 0, 0, 0.01%, 0, 0, 1, 44.04
1735831588, 26, 5, 10, 0, 0, 0.01%, 0, 0, 1, 45.78
1735831593, 26, 6, 10, 0, 0, 0.01%, 0, 0, 1, 44.20
1735831598, 26, 7, 10, 0, 0, 0.01%, 0, 0, 1, 45.32
1735831603, 26, 8, 10, 0, 0, 0.01%, 0, 0, 1, 45.24
1735831613, 26, 9, 10, 0, 0, 0.01%, 0, 0, 1, 47.38
1735831618, 27, 0, 10, 0, 0, 0.01%, 0, 0, 1, 44.61
1735831624, 27, 1, 10, 0, 0, 0.01%, 0, 0, 1, 46.37
1735831629, 27, 2, 10, 0, 0, 0.01%, 0, 0, 1, 45.77
1735831634, 27, 3, 10, 0, 0, 0.01%, 0, 0, 1, 45.27
1735831639, 27, 4, 10, 0, 0, 0.01%, 0, 0, 1, 44.49
1735831644, 27, 5, 10, 0, 0, 0.01%, 0, 0, 1, 45.27
1735831649, 27, 6, 10, 0, 0, 0.01%, 0, 0, 1, 46.94
1735831654, 27, 7, 10, 0, 0, 0.01%, 0, 0, 1, 43.81
1735831664, 27, 8, 10, 0, 0, 0.01%, 0, 0, 1, 43.98
1735831669, 27, 9, 10, 0, 0, 0.01%, 0, 0, 1, 45.92
1735831674, 28, 0, 10, 0, 0, 0.01%, 0, 0, 1, 44.97
1735831679, 28, 1, 10, 0, 0, 0.01%, 0, 0, 1, 46.08
1735831684, 28, 2, 10, 0, 0, 0.01%, 0, 0, 1, 44.49
1735831689, 28, 3, 10, 0, 0, 0.01%, 0, 0, 1, 44.81
1735831694, 28, 4, 10, 0, 0, 0.01%, 0, 0, 1, 43.72
1735831699, 28, 5, 10, 0, 0, 0.01%, 0, 0, 1, 47.34
1735831710, 28, 6, 10, 0, 0, 0.01%, 0, 0, 1, 44.07
1735831715, 28, 7, 10, 0, 0, 0.01%, 0, 0, 1, 44.76
1735831720, 28, 8, 10, 0, 0, 0.01%, 0, 0, 1, 45.40
1735831725, 28, 9, 10, 0, 0, 0.01%, 0, 0, 1, 45.53
1735831730, 29, 0, 10, 0, 0, 0.01%, 0, 0, 1, 44.10
1735831735, 29, 1, 10, 0, 0, 0.01%, 0, 0, 1, 45.39
1735831740, 29, 2, 10, 0, 0, 0.01%, 0, 0, 1, 43.12
1735831745, 29, 3, 10, 0, 0, 0.01%, 0, 0, 1, 47.65
1735831755, 29, 4, 10, 0, 0, 0.01%, 0, 0, 1, 43.55
1735831760, 29, 5, 10, 0, 0, 0.01%, 0, 0, 1, 43.93
1735831766, 29, 6, 10, 0, 0, 0.01%, 0, 0, 1, 46.82
1735831771, 29, 7, 10, 0, 0, 0.01%, 0, 0, 1, 45.31
1735831776, 29, 8, 10, 0, 0, 0.01%, 0, 0, 1, 44.10
1735831781, 29, 9, 10, 0, 0, 0.01%, 0, 0, 1, 44.41
1735831786, 30, 0, 10, 0, 0, 0.01%, 0, 0, 1, 46.52
1735831791, 30, 1, 10, 0, 0, 0.01%, 0, 0, 1, 44.91
1735831796, 30, 2, 10, 0, 0, 0.01%, 0, 0, 1, 45.15
1735831806, 30, 3, 10, 0, 0, 0.01%, 0, 0, 1, 45.13
1735831811, 30, 4, 10, 0, 0, 0.01%, 0, 0, 1, 43.03
1735831816, 30, 5, 10, 0, 0, 0.01%, 0, 0, 1, 44.70
1735831821, 30, 6, 10, 0, 0, 0.01%, 0, 0, 1, 44.97
1735831827, 30, 7, 10, 0, 0, 0.01%, 0, 0, 1, 44.78
1735831832, 30, 8, 10, 0, 0, 0.01%, 0, 0, 1, 46.03
1735831837, 30, 9, 10, 0, 0, 0.01%, 0, 0, 1, 44.72
1735831842, 31, 0, 10, 0, 0, 0.01%, 0, 0, 1, 45.53
1735831847, 31, 1, 10, 0, 0, 0.01%, 0, 0, 1, 45.31
1735831857, 31, 2, 10, 0, 0, 0.01%, 0, 0, 1, 47.36
1735831862, 31, 3, 10, 0, 0, 0.01%, 0, 0, 1, 45.59
1735831867, 31, 4, 10, 0, 0, 0.01%, 0, 0, 1, 44.95
1735831872, 31, 5, 10, 0, 0, 0.01%, 0, 0, 1, 44.99
1735831877, 31, 6, 10, 0, 0, 0.01%, 0, 0, 1, 45.76
1735831882, 31, 7, 10, 0, 0, 0.01%, 0, 0, 1, 46.63
1735831888, 31, 8, 10, 0, 0, 0.01%, 0, 0, 1, 44.18
1735831893, 31, 9, 10, 0, 0, 0.01%, 0, 0, 1, 45.23
1735831898, 32, 0, 10, 0, 0, 0.01%, 0, 0, 1, 48.13
1735831903, 32, 1, 10, 0, 0, 0.01%, 0, 0, 1, 46.60
1735831913, 32, 2, 10, 0, 0, 0.01%, 0, 0, 1, 46.75
1735831918, 32, 3, 10, 0, 0, 0.01%, 0, 0, 1, 44.73
1735831923, 32, 4, 10, 0, 0, 0.01%, 0, 0, 1, 45.33
1735831928, 32, 5, 10, 0, 0, 0.01%, 0, 0, 1, 45.72
1735831933, 32, 6, 10, 0, 0, 0.01%, 0, 0, 1, 44.12
1735831938, 32, 7, 10, 0, 0, 0.01%, 0, 0, 1, 44.58
1735831944, 32, 8, 10, 0, 0, 0.01%, 0, 0, 1, 43.24
1735831949, 32, 9, 10, 0, 0, 0.01%, 0, 0, 1, 44.95
1735831959, 33, 0, 10, 0, 0, 0.01%, 0, 0, 1, 46.40
1735831964, 33, 1, 10, 0, 0, 0.01%, 0, 0, 1, 45.61
1735831969, 33, 2, 10, 0, 0, 0.01%, 0, 0, 1, 44.02
1735831974, 33, 3, 10, 0, 0, 0.01%, 0, 0, 1, 45.35
1735831979, 33, 4, 10, 0, 0, 0.01%, 0, 0, 1, 46.10
1735831984, 33, 5, 10, 0, 0, 0.01%, 0, 0, 1, 45.47
1735831989, 33, 6, 10, 0, 0, 0.01%, 0, 0, 1, 44.65
1735831994, 33, 7, 10, 0, 0, 0.01%, 0, 0, 1, 46.00
1735831999, 33, 8, 10, 0, 0, 0.01%, 0, 0, 1, 44.79
1735832010, 33, 9, 10, 0, 0, 0.01%, 0, 0, 1, 44.45
1735832015, 34, 0, 10, 0, 0, 0.01%, 0, 0, 1, 45.11
1735832020, 34, 1, 10, 0, 0, 0.01%, 0, 0, 1, 45.56
1735832025, 34, 2, 10, 0, 0, 0.01%, 0, 0, 1, 43.26
1735832030, 34, 3, 10, 0, 0, 0.01%, 0, 0, 1, 46.54
1735832035, 34, 4, 10, 0, 0, 0.01%, 0, 0, 1, 46.88
1735832040, 34, 5, 10, 0, 0, 0.01%, 0, 0, 1, 46.51
1735832045, 34, 6, 10, 0, 0, 0.01%, 0, 0, 1, 45.99
1735832050, 34, 7, 10, 0, 0, 0.01%, 0, 0, 1, 44.99
1735832060, 34, 8, 10, 0, 0, 0.01%, 0, 0, 1, 46.22
1735832065, 34, 9, 10, 0, 0, 0.01%, 0, 0, 1, 45.39
1735832071, 35, 0, 10, 0, 0, 0.01%, 0, 0, 1, 45.95
1735832076, 35, 1, 10, 0, 0, 0.01%, 0, 0, 1, 47.79
1735832081, 35, 2, 10, 0, 0, 0.01%, 0, 0, 1, 44.87
1735832086, 35, 3, 10, 0, 0, 0.01%, 0, 0, 1, 45.02
1735832091, 35, 4, 10, 0, 0, 0.01%, 0, 0, 1, 46.89
1735832096, 35, 5, 10, 0, 0, 0.01%, 0, 0, 1, 46.41
1735832101, 35, 6, 10, 0, 0, 0.01%, 0, 0, 1, 47.24
1735832106, 35, 7, 10, 0, 0, 0.01%, 0, 0, 1, 45.26
1735832116, 35, 8, 10, 0, 0, 0.01%, 0, 0, 1, 44.64
1735832121, 35, 9, 10, 0, 0, 0.01%, 0, 0, 1, 44.97
1735832127, 36, 0, 10, 0, 0, 0.01%, 0, 0, 1, 44.67
1735832132, 36, 1, 10, 0, 0, 0.01%, 0, 0, 1, 43.03
1735832137, 36, 2, 10, 0, 0, 0.01%, 0, 0, 1, 43.52
1735832142, 36, 3, 10, 0, 0, 0.01%, 0, 0, 1, 44.29
1735832147, 36, 4, 10, 0, 0, 0.01%, 0, 0, 1, 43.98
1735832157, 36, 5, 10, 0, 0, 0.01%, 0, 0, 1, 46.51
1735832162, 36, 6, 10, 0, 0, 0.01%, 0, 0, 1, 45.73
1735832167, 36, 7, 10, 0, 0, 0.01%, 0, 0, 1, 45.98
1735832172, 36, 8, 10, 0, 0, 0.01%, 0, 0, 1, 45.04
1735832177, 36, 9, 10, 0, 0, 0.01%, 0, 0, 1, 46.50
1735832182, 37, 0, 10, 0, 0, 0.01%, 0, 0, 1, 43.70
1735832188, 37, 1, 10, 0, 0, 0.01%, 0, 0, 1, 45.19
1735832193, 37, 2, 10, 0, 0, 0.01%, 0, 0, 1, 45.36
1735832198, 37, 3, 10, 0, 0, 0.01%, 0, 0, 1, 44.20
1735832208, 37, 4, 10, 0, 0, 0.01%, 0, 0, 1, 44.88
1735832213, 37, 5, 10, 0, 0, 0.01%, 0, 0, 1, 45.94
1735832218, 37, 6, 10, 0, 0, 0.01%, 0, 0, 1, 44.42
1735832223, 37, 7, 10, 0, 0, 0.01%, 0, 0, 1, 44.88
1735832228, 37, 8, 10, 0, 0, 0.01%, 0, 0, 1, 42.33
1735832233, 37, 9, 10, 0, 0, 0.01%, 0, 0, 1, 44.16
1735832238, 38, 0, 10, 0, 0, 0.01%, 0, 0, 1, 46.96
1735832243, 38, 1, 10, 0, 0, 0.01%, 0, 0, 1, 43.95
1735832253, 38, 2, 10, 0, 0, 0.01%, 0, 0, 1, 48.61
1735832259, 38, 3, 10, 0, 0, 0.01%, 0, 0, 1, 46.16
1735832264, 38, 4, 10, 0, 0, 0.01%, 0, 0, 1, 46.49
1735832269, 38, 5, 10, 0, 0, 0.01%, 0, 0, 1, 46.74
1735832274, 38, 6, 10, 0, 0, 0.01%, 0, 0, 1, 46.53
1735832279, 38, 7, 10, 0, 0, 0.01%, 0, 0, 1, 45.73
1735832284, 38, 8, 10, 0, 0, 0.01%, 0, 0, 1, 45.70
1735832289, 38, 9, 10, 0, 0, 0.01%, 0, 0, 1, 44.45
1735832294, 39, 0, 10, 0, 0, 0.01%, 0, 0, 1, 46.71
1735832299, 39, 1, 10, 0, 0, 0.01%, 0, 0, 1, 44.19
1735832304, 39, 2, 10, 0, 0, 0.01%, 0, 0, 1, 45.97
1735832309, 39, 3, 10, 0, 0, 0.01%, 0, 0, 1, 47.96
1735832320, 39, 4, 10, 0, 0, 0.01%, 0, 0, 1, 43.07
1735832325, 39, 5, 10, 0, 0, 0.01%, 0, 0, 1, 44.52
1735832330, 39, 6, 10, 0, 0, 0.01%, 0, 0, 1, 43.68
1735832335, 39, 7, 10, 0, 0, 0.01%, 0, 0, 1, 45.93
1735832340, 39, 8, 10, 0, 0, 0.01%, 0, 0, 1, 46.63
1735832345, 39, 9, 10, 0, 0, 0.01%, 0, 0, 1, 45.79
1735832350, 40, 0, 10, 0, 0, 0.01%, 0, 0, 1, 44.36
1735832355, 40, 1, 10, 0, 0, 0.01%, 0, 0, 1, 46.59
1735832365, 40, 2, 10, 0, 0, 0.01%, 0, 0, 1, 44.64
1735832370, 40, 3, 10, 0, 0, 0.01%, 0, 0, 1, 44.42
1735832375, 40, 4, 10, 0, 0, 0.01%, 0, 0, 1, 44.74
1735832380, 40, 5, 10, 0, 0, 0.01%, 0, 0, 1, 45.92
1735832386, 40, 6, 10, 0, 0, 0.01%, 0, 0, 1, 46.28
1735832391, 40, 7, 10, 0, 0, 0.01%, 0, 0, 1, 45.99
1735832396, 40, 8, 10, 0, 0, 0.01%, 0, 0, 1, 47.28
1735832401, 40, 9, 10, 0, 0, 0.01%, 0, 0, 1, 46.02
1735832411, 41, 0, 10, 0, 0, 0.01%, 0, 0, 1, 45.52
1735832416, 41, 1, 10, 0, 0, 0.01%, 0, 0, 1, 43.97
1735832421, 41, 2, 10, 0, 0, 0.01%, 0, 0, 1, 44.91
1735832426, 41, 3, 10, 0, 0, 0.01%, 0, 0, 1, 44.40
1735832431, 41, 4, 10, 0, 0, 0.01%, 0, 0, 1, 43.68
1735832436, 41, 5, 10, 0, 0, 0.01%, 0, 0, 1, 43.48
1735832441, 41, 6, 10, 0, 0, 0.01%, 0, 0, 1, 46.29
1735832446, 41, 7, 10, 0, 0, 0.01%, 0, 0, 1, 45.53
1735832456, 41, 8, 10, 0, 0, 0.01%, 0, 0, 1, 45.45
1735832462, 41, 9, 10, 0, 0, 0.01%, 0, 0, 1, 45.63
1735832467, 42, 0, 10, 0, 0, 0.01%, 0, 0, 1, 45.87
1735832472, 42, 1, 10, 0, 0, 0.01%, 0, 0, 1, 44.55
1735832477, 42, 2, 10, 0, 0, 0.01%, 0, 0, 1, 45.37
1735832482, 42, 3, 10, 0, 0, 0.01%, 0, 0, 1, 44.50
1735832487, 42, 4, 10, 0, 0, 0.01%, 0, 0, 1, 44.69
1735832492, 42, 5, 10, 0, 0, 0.01%, 0, 0, 1, 45.19
1735832502, 42, 6, 10, 0, 0, 0.01%, 0, 0, 1, 46.09
1735832507, 42, 7, 10, 0, 0, 0.01%, 0, 0, 1, 45.32
1735832512, 42, 8, 11, 1, 0, 0.14%, 1, 0, 2, 45.36
1735832517, 42, 10, 11, 1, 1, 0.14%, 1, 0, 2, 60.90
1735832528, 42, 10, 12, 2, 1, 0.14%, 2, 0, 3, 51.70
1735832604, 42, 11, 12, 1, 1, 0.14%, 2, 0, 3, 55.65
1735832609, 42, 11, 13, 2, 1, 0.14%, 3, 0, 4, 61.48
1735832680, 42, 12, 13, 1, 1, 0.14%, 3, 0, 4, 64.00
1735832782, 44, 12, 13, 0, 0, 0.14%, 3, 0, 4, 48.05
1735832823, 45, 12, 13, 0, 0, 0.14%, 3, 0, 4, 48.46
1735832833, 45, 12, 14, 1, 0, 0.14%, 3, 0, 5, 49.68
1735832884, 45, 13, 14, 1, 1, 0.14%, 3, 0, 5, 43.39
1735832889, 45, 13, 16, 3, 1, 0.14%, 3, 0, 6, 73.37
1735832894, 45, 13, 17, 4, 1, 0.14%, 3, 0, 6, 95.89
1735832899, 45, 13, 21, 8, 1, 0.14%, 3, 0, 6, 92.25
1735832965, 45, 13, 22, 9, 1, 0.14%, 3, 0, 6, 53.03
1735832981, 45, 13, 23, 10, 1, 0.14%, 3, 0, 6, 50.28
1735833006, 45, 13, 24, 11, 1, 0.14%, 3, 0, 6, 55.88
1735833087, 45, 22, 24, 10, 1, 0.14%, 3, 0, 6, 78.39
1735833148, 45, 22, 25, 11, 1, 0.14%, 4, 0, 7, 49.00
1735833163, 45, 22, 26, 12, 1, 0.14%, 5, 0, 7, 59.57
1735833184, 45, 22, 27, 13, 1, 0.14%, 5, 0, 7, 57.74
1735833255, 45, 24, 28, 13, 2, 0.14%, 5, 0, 8, 68.68
1735833275, 45, 24, 29, 14, 2, 0.14%, 5, 0, 8, 61.20
1735833280, 45, 24, 30, 15, 2, 0.14%, 5, 0, 8, 55.36
1735833377, 45, 26, 30, 14, 3, 0.14%, 5, 0, 8, 50.16
1735833458, 45, 26, 31, 15, 3, 0.14%, 5, 0, 8, 57.13
1735833555, 45, 29, 31, 14, 2, 0.14%, 5, 0, 8, 59.82
1735833671, 45, 30, 31, 13, 1, 0.14%, 5, 0, 8, 97.14
1735833881, 45, 30, 32, 14, 1, 0.14%, 5, 0, 9, 68.57
1735833887, 45, 30, 33, 15, 1, 0.14%, 5, 0, 9, 69.48
1735833927, 45, 30, 34, 16, 1, 0.14%, 5, 0, 9, 73.39
1735833993, 45, 31, 34, 15, 1, 0.14%, 5, 0, 9, 52.75
1735834085, 45, 31, 35, 16, 1, 0.14%, 5, 0, 10, 47.92
1735834105, 45, 31, 36, 17, 1, 0.14%, 5, 0, 10, 68.59
1735834126, 45, 31, 37, 18, 1, 0.14%, 5, 0, 10, 65.68
1735834212, 45, 36, 37, 17, 1, 0.14%, 5, 0, 10, 56.54
1735834417, 45, 36, 38, 18, 1, 0.14%, 6, 0, 11, 102.21
1735834784, 45, 36, 39, 19, 1, 0.14%, 7, 0, 11, 76.66
1735834871, 45, 37, 39, 18, 2, 0.14%, 7, 0, 11, 41.29
1735834876, 45, 38, 39, 17, 1, 0.14%, 7, 0, 11, 97.41
1735835233, 45, 38, 40, 18, 1, 0.14%, 7, 0, 12, 78.00
1735835248, 45, 39, 40, 17, 1, 0.14%, 7, 0, 12, 44.10
1735835954, 47, 35, 40, 7, 0, 0.14%, 7, 0, 12, 49.99
1735835959, 48, 32, 40, 5, 0, 0.14%, 7, 0, 12, 53.18
1735836393, 49, 25, 40, 4, 0, 0.14%, 7, 0, 12, 88.20
1735836535, 49, 28, 40, 4, 0, 0.14%, 7, 0, 12, 72.06
1735836627, 54, 33, 40, 2, 0, 0.14%, 7, 0, 12, 53.99
1735837103, 55, 25, 40, 0, 0, 0.14%, 7, 0, 12, 60.65
1735837133, 56, 21, 40, 0, 0, 0.14%, 7, 0, 12, 73.85
1735837250, 56, 25, 40, 0, 0, 0.14%, 7, 0, 12, 61.72
1735837290, 57, 25, 40, 0, 0, 0.14%, 7, 0, 12, 68.90
1735837326, 58, 25, 40, 0, 0, 0.14%, 7, 0, 12, 68.80
1735837361, 58, 28, 40, 0, 0, 0.14%, 7, 0, 12, 58.44
1735837392, 59, 25, 40, 0, 0, 0.14%, 7, 0, 12, 61.24
1735837432, 59, 28, 40, 0, 0, 0.14%, 7, 0, 12, 57.42
1735837473, 60, 25, 40, 0, 0, 0.14%, 7, 0, 12, 67.86
1735837509, 60, 28, 40, 0, 0, 0.14%, 7, 0, 12, 64.04
1735837549, 61, 21, 40, 0, 0, 0.14%, 7, 0, 12, 58.72
1735837570, 61, 25, 40, 0, 0, 0.14%, 7, 0, 12, 69.75
1735837605, 61, 28, 40, 0, 0, 0.14%, 7, 0, 12, 59.91
1735837645, 62, 21, 40, 0, 0, 0.14%, 7, 0, 12, 61.59
1735837671, 62, 25, 40, 0, 0, 0.14%, 7, 0, 12, 62.03
1735837711, 62, 28, 40, 0, 0, 0.14%, 7, 0, 12, 61.63
1735837752, 63, 21, 40, 0, 0, 0.14%, 7, 0, 12, 60.40
1735837782, 63, 28, 40, 0, 0, 0.14%, 7, 0, 12, 64.65
1735837823, 64, 21, 40, 0, 0, 0.14%, 7, 0, 12, 63.81
1735837858, 64, 28, 40, 0, 0, 0.14%, 7, 0, 12, 57.49
1735837899, 65, 21, 40, 0, 0, 0.14%, 7, 0, 12, 56.51
1735837934, 66, 21, 40, 0, 0, 0.14%, 7, 0, 12, 55.91
1735837970, 69, 24, 40, 0, 0, 0.14%, 7, 0, 12, 59.69
1735837990, 70, 11, 40, 0, 0, 0.14%, 7, 0, 12, 57.05
1735837996, 82, 11, 40, 0, 0, 0.14%, 7, 0, 12, 57.79
1735838026, 92, 24, 40, 0, 0, 0.14%, 7, 0, 12, 59.09
1735838066, 96, 18, 40, 0, 0, 0.14%, 7, 0, 12, 58.21
1735838148, 103, 24, 40, 0, 0, 0.14%, 7, 0, 12, 60.95
1735838189, 104, 11, 40, 0, 0, 0.14%, 7, 0, 12, 60.94
1735838224, 104, 23, 40, 0, 0, 0.14%, 7, 0, 12, 69.35
1735838455, 127, 24, 40, 0, 0, 0.14%, 7, 0, 12, 60.60
1735838495, 133, 24, 40, 0, 0, 0.14%, 7, 0, 12, 62.42
1735838531, 143, 23, 40, 0, 0, 0.14%, 7, 0, 12, 61.72
1735838551, 144, 24, 40, 0, 0, 0.14%, 7, 0, 12, 58.57
1735838587, 145, 11, 40, 0, 0, 0.14%, 7, 0, 12, 61.14
1735838627, 155, 12, 40, 0, 0, 0.14%, 7, 0, 12, 63.43
1735838648, 161, 37, 40, 0, 0, 0.14%, 7, 0, 12, 84.45
1735839274, 162, 11, 40, 0, 0, 0.14%, 7, 0, 12, 67.67
1735839314, 162, 24, 40, 0, 0, 0.14%, 7, 0, 12, 60.86
1735839355, 165, 15, 40, 0, 0, 0.14%, 7, 0, 12, 80.06
1735839467, 166, 35, 40, 0, 0, 0.14%, 7, 0, 12, 112.66
1735839890, 169, 18, 40, 0, 0, 0.14%, 7, 0, 12, 58.50
1735839916, 170, 14, 40, 0, 0, 0.14%, 7, 0, 12, 60.24
1735839987, 179, 31, 40, 0, 0, 0.14%, 7, 0, 12, 64.59
1735840022, 182, 14, 40, 0, 0, 0.14%, 7, 0, 12, 62.31
1735840042, 186, 14, 40, 0, 0, 0.14%, 7, 0, 12, 54.94
1735840058, 186, 31, 40, 0, 0, 0.14%, 7, 0, 12, 65.91
1735840098, 187, 27, 40, 0, 0, 0.14%, 7, 0, 12, 84.53
1735840169, 190, 20, 40, 0, 0, 0.14%, 7, 0, 12, 68.15
1735840235, 191, 11, 40, 0, 0, 0.14%, 7, 0, 12, 60.36
1735840276, 191, 27, 40, 0, 0, 0.14%, 7, 0, 12, 62.35
1735840306, 195, 34, 40, 0, 0, 0.14%, 7, 0, 12, 92.92
1735840479, 201, 18, 40, 0, 0, 0.14%, 7, 0, 12, 51.98
1735840510, 201, 31, 40, 0, 0, 0.14%, 7, 0, 12, 62.76
1735840545, 202, 31, 40, 0, 0, 0.14%, 7, 0, 12, 61.13
1735840581, 206, 11, 40, 0, 0, 0.14%, 7, 0, 12, 61.47
1735840627, 210, 38, 40, 0, 0, 0.14%, 7, 0, 12, 72.74
1735840637, 213, 20, 40, 0, 0, 0.14%, 7, 0, 12, 65.85
1735840672, 213, 23, 40, 0, 0, 0.14%, 7, 0, 12, 54.03
1735840713, 215, 20, 40, 0, 0, 0.14%, 7, 0, 12, 60.31
1735840748, 215, 39, 40, 0, 0, 0.14%, 7, 0, 12, 67.27
1735840758, 216, 26, 40, 0, 0, 0.14%, 7, 0, 12, 59.90
