# unix_time, cycles_done, cur_path, paths_total, pending_total, pending_favs, map_size, unique_crashes, unique_hangs, max_depth, execs_per_sec
1735786771, 0, 0, 10, 10, 1, 0.01%, 0, 0, 1, 37.45
1735786791, 0, 9, 10, 1, 0, 0.01%, 0, 0, 1, 42.62
1735786796, 1, 0, 10, 0, 0, 0.01%, 0, 0, 1, 41.85
1735786801, 1, 1, 10, 0, 0, 0.01%, 0, 0, 1, 42.40
1735786806, 1, 2, 10, 0, 0, 0.01%, 0, 0, 1, 43.42
1735786811, 1, 3, 10, 0, 0, 0.01%, 0, 0, 1, 44.70
1735786816, 1, 4, 10, 0, 0, 0.01%, 0, 0, 1, 43.77
1735786821, 1, 5, 10, 0, 0, 0.01%, 0, 0, 1, 45.27
1735786826, 1, 6, 10, 0, 0, 0.01%, 0, 0, 1, 45.11
1735786836, 1, 7, 10, 0, 0, 0.01%, 0, 0, 1, 42.96
1735786842, 1, 8, 10, 0, 0, 0.01%, 0, 0, 1, 43.20
1735786847, 1, 9, 10, 0, 0, 0.01%, 0, 0, 1, 43.29
1735786852, 2, 0, 10, 0, 0, 0.01%, 0, 0, 1, 42.34
1735786857, 2, 1, 10, 0, 0, 0.01%, 0, 0, 1, 44.29
1735786862, 2, 2, 10, 0, 0, 0.01%, 0, 0, 1, 45.03
1735786872, 2, 3, 10, 0, 0, 0.01%, 0, 0, 1, 44.06
1735786877, 2, 4, 10, 0, 0, 0.01%, 0, 0, 1, 43.47
1735786882, 2, 5, 10, 0, 0, 0.01%, 0, 0, 1, 45.57
1735786887, 2, 6, 10, 0, 0, 0.01%, 0, 0, 1, 43.86
1735786893, 2, 7, 10, 0, 0, 0.01%, 0, 0, 1, 44.12
1735786898, 2, 8, 10, 0, 0, 0.01%, 0, 0, 1, 47.62
1735786903, 2, 9, 10, 0, 0, 0.01%, 0, 0, 1, 44.91
1735786913, 3, 0, 10, 0, 0, 0.01%, 0, 0, 1, 44.27
1735786918, 3, 1, 10, 0, 0, 0.01%, 0, 0, 1, 44.32
1735786923, 3, 2, 10, 0, 0, 0.01%, 0, 0, 1, 43.53
1735786928, 3, 3, 10, 0, 0, 0.01%, 0, 0, 1, 43.95
1735786933, 3, 4, 10, 0, 0, 0.01%, 0, 0, 1, 43.12
1735786938, 3, 5, 10, 0, 0, 0.01%, 0, 0, 1, 43.62
1735786943, 3, 6, 10, 0, 0, 0.01%, 0, 0, 1, 43.69
1735786953, 3, 7, 10, 0, 0, 0.01%, 0, 0, 1, 44.07
1735786959, 3, 8, 10, 0, 0, 0.01%, 0, 0, 1, 44.38
1735786964, 3, 9, 10, 0, 0, 0.01%, 0, 0, 1, 46.52
1735786969, 4, 0, 10, 0, 0, 0.01%, 0, 0, 1, 44.12
1735786974, 4, 1, 10, 0, 0, 0.01%, 0, 0, 1, 45.23
1735786979, 4, 2, 10, 0, 0, 0.01%, 0, 0, 1, 45.74
1735786984, 4, 3, 10, 0, 0, 0.01%, 0, 0, 1, 43.97
1735786994, 4, 4, 10, 0, 0, 0.01%, 0, 0, 1, 43.85
1735786999, 4, 5, 10, 0, 0, 0.01%, 0, 0, 1, 44.19
1735787004, 4, 6, 10, 0, 0, 0.01%, 0, 0, 1, 44.96
1735787010, 4, 7, 10, 0, 0, 0.01%, 0, 0, 1, 43.70
1735787015, 4, 8, 10, 0, 0, 0.01%, 0, 0, 1, 44.12
1735787020, 4, 9, 10, 0, 0, 0.01%, 0, 0, 1, 44.85
1735787025, 5, 0, 10, 0, 0, 0.01%, 0, 0, 1, 43.89
1735787030, 5, 1, 10, 0, 0, 0.01%, 0, 0, 1, 45.92
1735787040, 5, 2, 10, 0, 0, 0.01%, 0, 0, 1, 47.58
1735787045, 5, 3, 10, 0, 0, 0.01%, 0, 0, 1, 45.42
1735787050, 5, 4, 10, 0, 0, 0.01%, 0, 0, 1, 43.97
1735787055, 5, 5, 10, 0, 0, 0.01%, 0, 0, 1, 42.59
1735787060, 5, 6, 10, 0, 0, 0.01%, 0, 0, 1, 42.64
1735787065, 5, 7, 10, 0, 0, 0.01%, 0, 0, 1, 45.55
1735787070, 5, 8, 10, 0, 0, 0.01%, 0, 0, 1, 45.11
1735787081, 5, 9, 10, 0, 0, 0.01%, 0, 0, 1, 42.89
1735787086, 6, 0, 10, 0, 0, 0.01%, 0, 0, 1, 44.79
1735787091, 6, 1, 10, 0, 0, 0.01%, 0, 0, 1, 44.52
1735787096, 6, 2, 10, 0, 0, 0.01%, 0, 0, 1, 43.35
1735787101, 6, 3, 10, 0, 0, 0.01%, 0, 0, 1, 43.05
1735787106, 6, 4, 10, 0, 0, 0.01%, 0, 0, 1, 42.90
1735787111, 6, 5, 10, 0, 0, 0.01%, 0, 0, 1, 44.32
1735787121, 6, 6, 10, 0, 0, 0.01%, 0, 0, 1, 44.57
1735787126, 6, 7, 10, 0, 0, 0.01%, 0, 0, 1, 46.50
1735787132, 6, 8, 10, 0, 0, 0.01%, 0, 0, 1, 45.15
1735787137, 6, 9, 10, 0, 0, 0.01%, 0, 0, 1, 44.29
1735787142, 7, 0, 10, 0, 0, 0.01%, 0, 0, 1, 44.92
1735787147, 7, 1, 10, 0, 0, 0.01%, 0, 0, 1, 43.49
1735787152, 7, 2, 10, 0, 0, 0.01%, 0, 0, 1, 44.37
1735787157, 7, 3, 10, 0, 0, 0.01%, 0, 0, 1, 43.83
1735787167, 7, 4, 10, 0, 0, 0.01%, 0, 0, 1, 43.22
1735787172, 7, 5, 10, 0, 0, 0.01%, 0, 0, 1, 45.99
1735787177, 7, 6, 10, 0, 0, 0.01%, 0, 0, 1, 45.41
1735787182, 7, 7, 10, 0, 0, 0.01%, 0, 0, 1, 43.12
1735787187, 7, 8, 10, 0, 0, 0.01%, 0, 0, 1, 44.27
1735787192, 7, 9, 10, 0, 0, 0.01%, 0, 0, 1, 44.03
1735787197, 8, 0, 10, 0, 0, 0.01%, 0, 0, 1, 44.43
1735787208, 8, 1, 10, 0, 0, 0.01%, 0, 0, 1, 43.41
1735787213, 8, 2, 10, 0, 0, 0.01%, 0, 0, 1, 43.20
1735787218, 8, 3, 10, 0, 0, 0.01%, 0, 0, 1, 43.21
1735787223, 8, 4, 10, 0, 0, 0.01%, 0, 0, 1, 45.30
1735787228, 8, 5, 10, 0, 0, 0.01%, 0, 0, 1, 43.93
1735787233, 8, 6, 10, 0, 0, 0.01%, 0, 0, 1, 45.27
1735787238, 8, 7, 10, 0, 0, 0.01%, 0, 0, 1, 45.46
1735787243, 8, 8, 10, 0, 0, 0.01%, 0, 0, 1, 46.48
1735787254, 8, 9, 10, 0, 0, 0.01%, 0, 0, 1, 41.66
1735787259, 9, 0, 10, 0, 0, 0.01%, 0, 0, 1, 44.93
1735787264, 9, 1, 10, 0, 0, 0.01%, 0, 0, 1, 43.25
1735787269, 9, 2, 10, 0, 0, 0.01%, 0, 0, 1, 44.21
1735787274, 9, 3, 10, 0, 0, 0.01%, 0, 0, 1, 42.35
1735787279, 9, 4, 10, 0, 0, 0.01%, 0, 0, 1, 44.87
1735787289, 9, 5, 10, 0, 0, 0.01%, 0, 0, 1, 43.73
1735787294, 9, 6, 10, 0, 0, 0.01%, 0, 0, 1, 42.11
1735787299, 9, 7, 10, 0, 0, 0.01%, 0, 0, 1, 46.26
1735787305, 9, 8, 10, 0, 0, 0.01%, 0, 0, 1, 42.84
1735787310, 9, 9, 10, 0, 0, 0.01%, 0, 0, 1, 45.99
1735787315, 10, 0, 10, 0, 0, 0.01%, 0, 0, 1, 46.97
1735787320, 10, 1, 10, 0, 0, 0.01%, 0, 0, 1, 44.93
1735787325, 10, 2, 10, 0, 0, 0.01%, 0, 0, 1, 42.96
1735787335, 10, 3, 10, 0, 0, 0.01%, 0, 0, 1, 45.68
1735787340, 10, 4, 10, 0, 0, 0.01%, 0, 0, 1, 45.25
1735787345, 10, 5, 10, 0, 0, 0.01%, 0, 0, 1, 43.84
1735787350, 10, 6, 10, 0, 0, 0.01%, 0, 0, 1, 42.91
1735787355, 10, 7, 10, 0, 0, 0.01%, 0, 0, 1, 43.71
1735787360, 10, 8, 10, 0, 0, 0.01%, 0, 0, 1, 45.39
1735787365, 10, 8, 11, 1, 0, 0.14%, 1, 0, 2, 43.37
1735787370, 10, 10, 11, 1, 1, 0.14%, 1, 0, 2, 53.63
1735787376, 10, 10, 12, 2, 1, 0.14%, 2, 0, 3, 55.09
1735787452, 11, 11, 13, 1, 0, 0.14%, 3, 0, 4, 73.75
1735787528, 11, 12, 13, 1, 1, 0.14%, 3, 0, 4, 69.03
1735787634, 14, 11, 13, 0, 0, 0.14%, 3, 0, 4, 47.20
1735787640, 14, 12, 13, 0, 0, 0.14%, 3, 0, 4, 49.53
1735787675, 15, 11, 13, 0, 0, 0.14%, 3, 0, 4, 51.68
1735787690, 15, 12, 13, 0, 0, 0.14%, 3, 0, 4, 47.47
1735787731, 16, 11, 13, 0, 0, 0.14%, 3, 0, 4, 49.76
1735787766, 16, 12, 13, 0, 0, 0.14%, 3, 0, 4, 49.61
1735787807, 17, 11, 13, 0, 0, 0.14%, 3, 0, 4, 51.10
1735787853, 17, 12, 13, 0, 0, 0.14%, 3, 0, 4, 47.34
1735787898, 18, 11, 13, 0, 0, 0.14%, 3, 0, 4, 50.13
1735787903, 18, 11, 14, 1, 0, 0.14%, 3, 0, 4, 48.35
1735787908, 18, 11, 15, 2, 0, 0.14%, 3, 0, 4, 50.21
1735787954, 18, 14, 16, 3, 1, 0.14%, 3, 0, 5, 75.55
1735787990, 18, 14, 17, 4, 1, 0.14%, 3, 0, 5, 57.25
1735788005, 18, 14, 18, 5, 1, 0.14%, 3, 0, 5, 57.97
1735788020, 18, 14, 19, 6, 1, 0.14%, 3, 0, 5, 54.87
1735788046, 18, 14, 20, 7, 1, 0.14%, 4, 0, 5, 56.18
1735788107, 18, 19, 20, 5, 1, 0.14%, 4, 0, 5, 59.82
1735788112, 18, 19, 21, 6, 1, 0.14%, 5, 0, 6, 67.83
1735788188, 18, 20, 21, 5, 1, 0.14%, 5, 0, 6, 65.05
1735788238, 18, 20, 22, 6, 1, 0.14%, 5, 0, 7, 50.84
1735788289, 18, 20, 23, 7, 1, 0.14%, 5, 0, 7, 58.10
1735788310, 18, 21, 23, 6, 2, 0.14%, 5, 0, 7, 50.91
1735788345, 18, 21, 25, 8, 2, 0.14%, 5, 0, 8, 53.59
1735788436, 18, 23, 25, 6, 1, 0.14%, 5, 0, 8, 63.76
1735788441, 18, 23, 26, 7, 1, 0.14%, 5, 0, 9, 96.92
1735788477, 18, 23, 27, 8, 1, 0.14%, 5, 0, 9, 55.90
1735788482, 18, 23, 28, 9, 1, 0.14%, 5, 0, 9, 54.72
1735788609, 19, 27, 28, 6, 0, 0.14%, 5, 0, 9, 44.65
1735788614, 21, 19, 28, 2, 0, 0.14%, 5, 0, 9, 47.31
1735788635, 21, 19, 29, 3, 0, 0.14%, 5, 0, 9, 55.16
1735788650, 21, 28, 29, 3, 1, 0.14%, 5, 0, 9, 97.47
1735788701, 21, 28, 30, 4, 1, 0.14%, 5, 0, 9, 55.59
1735788731, 21, 28, 31, 5, 1, 0.14%, 5, 0, 9, 56.98
1735788766, 21, 28, 32, 6, 1, 0.14%, 5, 0, 9, 55.81
1735788771, 21, 30, 32, 5, 2, 0.14%, 5, 0, 9, 78.08
1735788797, 21, 30, 33, 6, 2, 0.14%, 5, 0, 9, 61.47
1735788852, 21, 30, 34, 7, 2, 0.14%, 5, 0, 9, 58.51
1735788898, 21, 32, 34, 5, 1, 0.14%, 5, 0, 9, 70.82
1735788939, 21, 32, 35, 6, 1, 0.14%, 5, 0, 9, 73.86
1735789055, 21, 34, 35, 5, 1, 0.14%, 5, 0, 9, 51.33
1735789157, 21, 34, 37, 7, 1, 0.14%, 6, 0, 10, 78.25
1735789264, 21, 36, 37, 6, 1, 0.14%, 6, 0, 10, 80.42
1735789397, 21, 36, 38, 7, 1, 0.14%, 6, 0, 11, 126.64
1735789494, 21, 37, 38, 6, 1, 0.14%, 6, 0, 11, 83.71
1735789734, 22, 12, 38, 5, 0, 0.14%, 6, 0, 11, 60.00
1735789774, 23, 29, 38, 2, 0, 0.14%, 6, 0, 11, 56.79
1735789947, 23, 31, 38, 1, 0, 0.14%, 6, 0, 11, 106.83
1735790199, 24, 11, 38, 1, 0, 0.14%, 6, 0, 11, 57.55
1735790209, 25, 35, 38, 1, 0, 0.14%, 6, 0, 11, 53.16
1735790214, 26, 35, 38, 0, 0, 0.14%, 6, 0, 11, 107.21
1735790485, 26, 35, 39, 1, 0, 0.14%, 7, 0, 11, 77.78
1735790582, 28, 12, 39, 1, 0, 0.14%, 7, 0, 11, 58.65
1735790622, 30, 31, 39, 1, 0, 0.14%, 7, 0, 11, 65.51
1735790633, 30, 37, 39, 1, 0, 0.14%, 7, 0, 11, 63.93
1735790638, 31, 31, 39, 1, 0, 0.14%, 7, 0, 11, 66.52
1735790658, 31, 37, 39, 1, 0, 0.14%, 7, 0, 11, 64.29
1735790673, 32, 31, 39, 1, 0, 0.14%, 7, 0, 11, 71.01
1735790709, 32, 35, 39, 1, 0, 0.14%, 7, 0, 11, 63.50
1735790719, 32, 37, 39, 1, 0, 0.14%, 7, 0, 11, 74.26
1735790750, 33, 31, 39, 1, 0, 0.14%, 7, 0, 11, 67.17
1735790786, 33, 35, 39, 1, 0, 0.14%, 7, 0, 11, 68.67
1735790806, 33, 37, 39, 1, 0, 0.14%, 7, 0, 11, 70.38
1735790842, 34, 31, 39, 1, 0, 0.14%, 7, 0, 11, 76.03
1735790877, 34, 35, 39, 1, 0, 0.14%, 7, 0, 11, 75.37
1735790913, 34, 37, 39, 1, 0, 0.14%, 7, 0, 11, 70.63
1735790948, 35, 31, 39, 1, 0, 0.14%, 7, 0, 11, 71.24
1735790984, 35, 35, 39, 1, 0, 0.14%, 7, 0, 11, 70.01
1735791019, 35, 37, 39, 1, 0, 0.14%, 7, 0, 11, 73.08
1735791055, 36, 31, 39, 1, 0, 0.14%, 7, 0, 11, 70.39
1735791090, 36, 35, 39, 1, 0, 0.14%, 7, 0, 11, 70.99
1735791126, 36, 37, 39, 1, 0, 0.14%, 7, 0, 11, 74.90
1735791162, 36, 38, 39, 1, 0, 0.14%, 7, 0, 11, 98.12
1735791436, 37, 35, 39, 0, 0, 0.14%, 7, 0, 11, 73.93
1735791467, 38, 35, 39, 0, 0, 0.14%, 7, 0, 11, 59.35
1735791507, 39, 35, 39, 0, 0, 0.14%, 7, 0, 11, 77.13
1735791538, 40, 35, 39, 0, 0, 0.14%, 7, 0, 11, 65.70
1735791578, 45, 12, 39, 0, 0, 0.14%, 7, 0, 11, 56.30
1735791619, 47, 27, 39, 0, 0, 0.14%, 7, 0, 11, 101.75
1735792436, 53, 18, 39, 0, 0, 0.14%, 7, 0, 11, 62.01
1735792497, 53, 19, 39, 0, 0, 0.14%, 7, 0, 11, 65.47
1735792508, 55, 29, 39, 0, 0, 0.14%, 7, 0, 11, 61.26
1735792528, 57, 11, 39, 0, 0, 0.14%, 7, 0, 11, 58.46
1735792543, 61, 12, 39, 0, 0, 0.14%, 7, 0, 11, 58.19
1735792579, 63, 13, 39, 0, 0, 0.14%, 7, 0, 11, 67.98
1735792758, 64, 29, 39, 0, 0, 0.14%, 7, 0, 11, 65.80
1735792778, 66, 24, 39, 0, 0, 0.14%, 7, 0, 11, 78.16
1735792855, 67, 11, 39, 0, 0, 0.14%, 7, 0, 11, 66.33
1735792880, 73, 12, 39, 0, 0, 0.14%, 7, 0, 11, 58.46
1735792921, 79, 19, 39, 0, 0, 0.14%, 7, 0, 11, 60.87
1735792926, 80, 29, 39, 0, 0, 0.14%, 7, 0, 11, 65.82
1735792946, 81, 11, 39, 0, 0, 0.14%, 7, 0, 11, 57.22
1735792977, 83, 29, 39, 0, 0, 0.14%, 7, 0, 11, 62.24
1735793017, 84, 19, 39, 0, 0, 0.14%, 7, 0, 11, 54.89
1735793027, 93, 12, 39, 0, 0, 0.14%, 7, 0, 11, 61.42
1735793068, 97, 28, 39, 0, 0, 0.14%, 7, 0, 11, 55.29
1735793078, 103, 12, 39, 0, 0, 0.14%, 7, 0, 11, 59.64
1735793119, 105, 15, 39, 0, 0, 0.14%, 7, 0, 11, 92.84
1735793139, 113, 29, 39, 0, 0, 0.14%, 7, 0, 11, 66.96
1735793174, 114, 32, 39, 0, 0, 0.14%, 7, 0, 11, 63.61
1735793185, 121, 12, 39, 0, 0, 0.14%, 7, 0, 11, 53.50
1735793220, 126, 24, 39, 0, 0, 0.14%, 7, 0, 11, 58.54
1735793230, 128, 24, 39, 0, 0, 0.14%, 7, 0, 11, 63.72
1735793245, 129, 12, 39, 0, 0, 0.14%, 7, 0, 11, 57.40
1735793281, 129, 15, 39, 0, 0, 0.14%, 7, 0, 11, 58.19
1735793291, 131, 30, 39, 0, 0, 0.14%, 7, 0, 11, 60.89
1735793296, 134, 30, 39, 0, 0, 0.14%, 7, 0, 11, 60.34
1735793312, 138, 30, 39, 0, 0, 0.14%, 7, 0, 11, 61.25
1735793342, 140, 20, 39, 0, 0, 0.14%, 7, 0, 11, 60.03
1735793347, 141, 11, 39, 0, 0, 0.14%, 7, 0, 11, 60.76
1735793373, 141, 29, 39, 0, 0, 0.14%, 7, 0, 11, 64.86
1735793408, 143, 24, 39, 0, 0, 0.14%, 7, 0, 11, 67.34
1735793439, 143, 28, 39, 0, 0, 0.14%, 7, 0, 11, 63.03
1735793444, 146, 18, 39, 0, 0, 0.14%, 7, 0, 11, 68.12
1735793449, 146, 19, 39, 0, 0, 0.14%, 7, 0, 11, 57.61
1735793484, 148, 10, 39, 0, 0, 0.14%, 7, 0, 11, 60.49
1735793489, 149, 32, 39, 0, 0, 0.14%, 7, 0, 11, 58.55
1735793504, 152, 10, 39, 0, 0, 0.14%, 7, 0, 11, 56.26
1735793510, 152, 18, 39, 0, 0, 0.14%, 7, 0, 11, 56.85
1735793525, 152, 29, 39, 0, 0, 0.14%, 7, 0, 11, 68.22
1735793561, 155, 11, 39, 0, 0, 0.14%, 7, 0, 11, 65.84
1735793596, 155, 28, 39, 0, 0, 0.14%, 7, 0, 11, 66.23
1735793621, 156, 24, 39, 0, 0, 0.14%, 7, 0, 11, 61.97
1735793662, 157, 19, 39, 0, 0, 0.14%, 7, 0, 11, 54.99
1735793697, 158, 24, 39, 0, 0, 0.14%, 7, 0, 11, 57.70
1735793738, 159, 18, 39, 0, 0, 0.14%, 7, 0, 11, 63.04
1735793768, 162, 18, 39, 0, 0, 0.14%, 7, 0, 11, 56.92
1735793809, 165, 16, 39, 0, 0, 0.14%, 7, 0, 11, 85.22
1735793839, 172, 24, 39, 0, 0, 0.14%, 7, 0, 11, 57.29
1735793880, 177, 29, 39, 0, 0, 0.14%, 7, 0, 11, 72.64
1735793915, 178, 13, 39, 0, 0, 0.14%, 7, 0, 11, 58.77
1735793920, 178, 32, 39, 0, 0, 0.14%, 7, 0, 11, 63.50
1735793945, 179, 15, 39, 0, 0, 0.14%, 7, 0, 11, 66.11
1735793961, 179, 30, 39, 0, 0, 0.14%, 7, 0, 11, 62.19
1735794001, 180, 19, 39, 0, 0, 0.14%, 7, 0, 11, 61.33
1735794042, 183, 20, 39, 0, 0, 0.14%, 7, 0, 11, 56.56
1735794052, 184, 23, 39, 0, 0, 0.14%, 7, 0, 11, 58.83
1735794062, 187, 18, 39, 0, 0, 0.14%, 7, 0, 11, 63.65
1735794103, 187, 22, 39, 0, 0, 0.14%, 7, 0, 11, 60.77
1735794108, 189, 24, 39, 0, 0, 0.14%, 7, 0, 11, 59.99
1735794144, 191, 24, 39, 0, 0, 0.14%, 7, 0, 11, 61.55
1735794184, 195, 15, 39, 0, 0, 0.14%, 7, 0, 11, 59.90
1735794215, 196, 11, 39, 0, 0, 0.14%, 7, 0, 11, 59.78
1735794255, 196, 18, 39, 0, 0, 0.14%, 7, 0, 11, 62.86
1735794291, 196, 26, 39, 0, 0, 0.14%, 7, 0, 11, 81.11
1735794357, 200, 19, 39, 0, 0, 0.14%, 7, 0, 11, 60.42
1735794397, 202, 19, 39, 0, 0, 0.14%, 7, 0, 11, 63.29
1735794433, 203, 18, 39, 0, 0, 0.14%, 7, 0, 11, 63.26
1735794474, 205, 22, 39, 0, 0, 0.14%, 7, 0, 11, 72.54
1735794535, 205, 32, 39, 0, 0, 0.14%, 7, 0, 11, 63.42
1735794570, 206, 25, 39, 0, 0, 0.14%, 7, 0, 11, 65.08
1735794611, 208, 10, 39, 0, 0, 0.14%, 7, 0, 11, 61.12
1735794621, 209, 24, 39, 0, 0, 0.14%, 7, 0, 11, 60.63
1735794662, 210, 29, 39, 0, 0, 0.14%, 7, 0, 11, 66.24
1735794697, 211, 23, 39, 0, 0, 0.14%, 7, 0, 11, 57.85
1735794707, 211, 26, 39, 0, 0, 0.14%, 7, 0, 11, 63.96
1735794728, 213, 15, 39, 0, 0, 0.14%, 7, 0, 11, 58.39
1735794768, 213, 16, 39, 0, 0, 0.14%, 7, 0, 11, 60.33
1735794773, 215, 13, 39, 0, 0, 0.14%, 7, 0, 11, 67.17
1735794788, 216, 30, 39, 0, 0, 0.14%, 7, 0, 11, 55.49
1735794829, 218, 18, 39, 0, 0, 0.14%, 7, 0, 11, 64.24
1735794864, 218, 26, 39, 0, 0, 0.14%, 7, 0, 11, 62.60
1735794905, 220, 13, 39, 0, 0, 0.14%, 7, 0, 11, 73.52
1735794935, 220, 36, 39, 0, 0, 0.14%, 7, 0, 11, 61.87
1735794940, 222, 20, 39, 0, 0, 0.14%, 7, 0, 11, 64.00
1735794961, 224, 30, 39, 0, 0, 0.14%, 7, 0, 11, 61.31
1735794996, 228, 28, 39, 0, 0, 0.14%, 7, 0, 11, 65.01
1735795036, 229, 20, 39, 0, 0, 0.14%, 7, 0, 11, 57.11
1735795077, 229, 36, 39, 0, 0, 0.14%, 7, 0, 11, 70.05
1735795087, 230, 15, 39, 0, 0, 0.14%, 7, 0, 11, 63.87
1735795123, 232, 28, 39, 0, 0, 0.14%, 7, 0, 11, 61.17
1735795159, 237, 17, 39, 0, 0, 0.14%, 7, 0, 11, 89.18
1735795210, 237, 28, 39, 0, 0, 0.14%, 7, 0, 11, 61.67
1735795245, 238, 22, 39, 0, 0, 0.14%, 7, 0, 11, 67.19
1735795255, 239, 19, 39, 0, 0, 0.14%, 7, 0, 11, 58.14
1735795291, 241, 20, 39, 0, 0, 0.14%, 7, 0, 11, 63.79
1735795337, 241, 30, 39, 0, 0, 0.14%, 7, 0, 11, 62.97
1735795372, 241, 36, 39, 0, 0, 0.14%, 7, 0, 11, 70.88
1735795398, 243, 26, 39, 0, 0, 0.14%, 7, 0, 11, 69.48
1735795433, 243, 33, 39, 0, 0, 0.14%, 7, 0, 11, 79.21
1735795494, 248, 20, 39, 0, 0, 0.14%, 7, 0, 11, 62.95
1735795534, 248, 22, 39, 0, 0, 0.14%, 7, 0, 11, 57.22
1735795544, 248, 29, 39, 0, 0, 0.14%, 7, 0, 11, 66.56
1735795580, 251, 32, 39, 0, 0, 0.14%, 7, 0, 11, 66.18
1735795620, 253, 16, 39, 0, 0, 0.14%, 7, 0, 11, 59.80
1735795630, 253, 19, 39, 0, 0, 0.14%, 7, 0, 11, 59.83
1735795666, 253, 22, 39, 0, 0, 0.14%, 7, 0, 11, 61.36
1735795686, 254, 23, 39, 0, 0, 0.14%, 7, 0, 11, 62.10
1735795717, 255, 36, 39, 0, 0, 0.14%, 7, 0, 11, 58.47
1735795757, 257, 23, 39, 0, 0, 0.14%, 7, 0, 11, 58.41
1735795798, 259, 17, 39, 0, 0, 0.14%, 7, 0, 11, 61.83
1735795808, 261, 17, 39, 0, 0, 0.14%, 7, 0, 11, 63.72
1735795823, 263, 17, 39, 0, 0, 0.14%, 7, 0, 11, 65.48
1735795864, 270, 16, 39, 0, 0, 0.14%, 7, 0, 11, 57.59
1735795879, 271, 15, 39, 0, 0, 0.14%, 7, 0, 11, 61.78
1735795914, 273, 17, 39, 0, 0, 0.14%, 7, 0, 11, 62.01
1735795955, 275, 25, 39, 0, 0, 0.14%, 7, 0, 11, 63.88
1735795965, 277, 19, 39, 0, 0, 0.14%, 7, 0, 11, 56.55
1735796006, 278, 28, 39, 0, 0, 0.14%, 7, 0, 11, 61.94
1735796041, 281, 26, 39, 0, 0, 0.14%, 7, 0, 11, 56.31
1735796082, 283, 25, 39, 0, 0, 0.14%, 7, 0, 11, 57.28
1735796112, 284, 30, 39, 0, 0, 0.14%, 7, 0, 11, 60.84
1735796153, 284, 33, 39, 0, 0, 0.14%, 7, 0, 11, 62.02
1735796158, 285, 16, 39, 0, 0, 0.14%, 7, 0, 11, 60.60
1735796193, 285, 33, 39, 0, 0, 0.14%, 7, 0, 11, 63.10
1735796213, 287, 32, 39, 0, 0, 0.14%, 7, 0, 11, 64.52
1735796249, 287, 36, 39, 0, 0, 0.14%, 7, 0, 11, 58.42
1735796290, 292, 23, 39, 0, 0, 0.14%, 7, 0, 11, 62.55
1735796325, 294, 20, 39, 0, 0, 0.14%, 7, 0, 11, 62.39
1735796366, 295, 16, 39, 0, 0, 0.14%, 7, 0, 11, 59.50
1735796406, 295, 20, 39, 0, 0, 0.14%, 7, 0, 11, 52.28
1735796447, 295, 25, 39, 0, 0, 0.14%, 7, 0, 11, 57.79
1735796487, 297, 16, 39, 0, 0, 0.14%, 7, 0, 11, 55.72
1735796528, 297, 38, 39, 0, 0, 0.14%, 7, 0, 11, 65.21
1735796533, 299, 10, 39, 0, 0, 0.14%, 7, 0, 11, 58.20
1735796553, 299, 15, 39, 0, 0, 0.14%, 7, 0, 11, 59.72
1735796588, 301, 15, 39, 0, 0, 0.14%, 7, 0, 11, 58.32
1735796629, 301, 29, 39, 0, 0, 0.14%, 7, 0, 11, 70.19
1735796664, 302, 16, 39, 0, 0, 0.14%, 7, 0, 11, 61.18
1735796705, 302, 26, 39, 0, 0, 0.14%, 7, 0, 11, 68.39
1735796740, 308, 32, 39, 0, 0, 0.14%, 7, 0, 11, 67.97
1735796781, 309, 33, 39, 0, 0, 0.14%, 7, 0, 11, 64.82
1735796816, 311, 10, 39, 0, 0, 0.14%, 7, 0, 11, 60.92
1735796852, 311, 34, 39, 0, 0, 0.14%, 7, 0, 11, 65.47
1735796857, 312, 34, 39, 0, 0, 0.14%, 7, 0, 11, 69.89
1735796877, 313, 22, 39, 0, 0, 0.14%, 7, 0, 11, 59.04
1735796918, 313, 29, 39, 0, 0, 0.14%, 7, 0, 11, 66.82
1735796953, 313, 34, 39, 0, 0, 0.14%, 7, 0, 11, 56.68
1735796989, 314, 32, 39, 0, 0, 0.14%, 7, 0, 11, 64.72
1735797029, 317, 26, 39, 0, 0, 0.14%, 7, 0, 11, 63.47
1735797070, 318, 16, 39, 0, 0, 0.14%, 7, 0, 11, 55.64
1735797110, 318, 26, 39, 0, 0, 0.14%, 7, 0, 11, 59.98
1735797146, 319, 20, 39, 0, 0, 0.14%, 7, 0, 11, 55.32
1735797186, 321, 23, 39, 0, 0, 0.14%, 7, 0, 11, 61.06
1735797227, 322, 34, 39, 0, 0, 0.14%, 7, 0, 11, 67.57
1735797258, 323, 38, 39, 0, 0, 0.14%, 7, 0, 11, 58.03
1735797278, 328, 38, 39, 0, 0, 0.14%, 7, 0, 11, 58.42
1735797319, 330, 38, 39, 0, 0, 0.14%, 7, 0, 11, 74.43
1735797354, 331, 25, 39, 0, 0, 0.14%, 7, 0, 11, 57.97
1735797389, 335, 34, 39, 0, 0, 0.14%, 7, 0, 11, 63.73
1735797425, 336, 13, 39, 0, 0, 0.14%, 7, 0, 11, 63.34
1735797460, 336, 21, 39, 0, 0, 0.14%, 7, 0, 11, 53.68
1735797466, 336, 32, 39, 0, 0, 0.14%, 7, 0, 11, 58.54
1735797506, 338, 28, 39, 0, 0, 0.14%, 7, 0, 11, 62.68
1735797547, 338, 33, 39, 0, 0, 0.14%, 7, 0, 11, 58.22
