# unix_time, cycles_done, cur_path, paths_total, pending_total, pending_favs, map_size, unique_crashes, unique_hangs, max_depth, execs_per_sec
1733531709, 0, 0, 10, 10, 1, 0.01%, 0, 0, 1, 35.91
1733531714, 0, 2, 10, 10, 1, 0.01%, 0, 0, 1, 35.83
1733531730, 1, 0, 10, 2, 0, 0.01%, 0, 0, 1, 44.08
1733531740, 1, 1, 10, 1, 0, 0.01%, 0, 0, 1, 44.11
1733531745, 1, 2, 10, 0, 0, 0.01%, 0, 0, 1, 43.46
1733531750, 1, 3, 10, 0, 0, 0.01%, 0, 0, 1, 44.22
1733531755, 1, 4, 10, 0, 0, 0.01%, 0, 0, 1, 44.52
1733531760, 1, 5, 10, 0, 0, 0.01%, 0, 0, 1, 45.30
1733531765, 1, 6, 10, 0, 0, 0.01%, 0, 0, 1, 45.15
1733531770, 1, 7, 10, 0, 0, 0.01%, 0, 0, 1, 45.97
1733531775, 1, 8, 10, 0, 0, 0.01%, 0, 0, 1, 44.49
1733531785, 1, 9, 10, 0, 0, 0.01%, 0, 0, 1, 45.85
1733531790, 2, 0, 10, 0, 0, 0.01%, 0, 0, 1, 42.57
1733531795, 2, 1, 10, 0, 0, 0.01%, 0, 0, 1, 43.06
1733531800, 2, 2, 10, 0, 0, 0.01%, 0, 0, 1, 42.98
1733531806, 2, 3, 10, 0, 0, 0.01%, 0, 0, 1, 46.44
1733531811, 2, 4, 10, 0, 0, 0.01%, 0, 0, 1, 45.48
1733531821, 2, 5, 10, 0, 0, 0.01%, 0, 0, 1, 43.43
1733531826, 2, 6, 10, 0, 0, 0.01%, 0, 0, 1, 42.28
1733531831, 2, 7, 10, 0, 0, 0.01%, 0, 0, 1, 42.80
1733531836, 2, 8, 10, 0, 0, 0.01%, 0, 0, 1, 43.55
1733531841, 2, 9, 10, 0, 0, 0.01%, 0, 0, 1, 44.20
1733531846, 3, 0, 10, 0, 0, 0.01%, 0, 0, 1, 42.08
1733531856, 3, 1, 10, 0, 0, 0.01%, 0, 0, 1, 44.82
1733531861, 3, 2, 10, 0, 0, 0.01%, 0, 0, 1, 44.80
1733531866, 3, 3, 10, 0, 0, 0.01%, 0, 0, 1, 43.72
1733531871, 3, 4, 10, 0, 0, 0.01%, 0, 0, 1, 43.09
1733531876, 3, 5, 10, 0, 0, 0.01%, 0, 0, 1, 43.45
1733531881, 3, 6, 10, 0, 0, 0.01%, 0, 0, 1, 43.18
1733531886, 3, 7, 10, 0, 0, 0.01%, 0, 0, 1, 43.94
1733531897, 3, 8, 10, 0, 0, 0.01%, 0, 0, 1, 43.40
1733531902, 3, 9, 10, 0, 0, 0.01%, 0, 0, 1, 43.24
1733531907, 4, 0, 10, 0, 0, 0.01%, 0, 0, 1, 42.49
1733531912, 4, 1, 10, 0, 0, 0.01%, 0, 0, 1, 43.92
1733531917, 4, 2, 10, 0, 0, 0.01%, 0, 0, 1, 43.88
1733531922, 4, 3, 10, 0, 0, 0.01%, 0, 0, 1, 42.65
1733531932, 4, 4, 10, 0, 0, 0.01%, 0, 0, 1, 42.33
1733531937, 4, 5, 10, 0, 0, 0.01%, 0, 0, 1, 44.61
1733531942, 4, 6, 10, 0, 0, 0.01%, 0, 0, 1, 43.34
1733531947, 4, 7, 10, 0, 0, 0.01%, 0, 0, 1, 41.45
1733531952, 4, 8, 10, 0, 0, 0.01%, 0, 0, 1, 43.46
1733531958, 4, 9, 10, 0, 0, 0.01%, 0, 0, 1, 42.89
1733531968, 5, 0, 10, 0, 0, 0.01%, 0, 0, 1, 42.75
1733531973, 5, 1, 10, 0, 0, 0.01%, 0, 0, 1, 43.08
1733531978, 5, 2, 10, 0, 0, 0.01%, 0, 0, 1, 43.46
1733531983, 5, 3, 10, 0, 0, 0.01%, 0, 0, 1, 43.53
1733531988, 5, 4, 10, 0, 0, 0.01%, 0, 0, 1, 43.13
1733531993, 5, 5, 10, 0, 0, 0.01%, 0, 0, 1, 44.41
1733532003, 5, 6, 10, 0, 0, 0.01%, 0, 0, 1, 43.54
1733532008, 5, 7, 10, 0, 0, 0.01%, 0, 0, 1, 45.10
1733532014, 5, 8, 10, 0, 0, 0.01%, 0, 0, 1, 45.54
1733532019, 5, 9, 10, 0, 0, 0.01%, 0, 0, 1, 44.29
1733532024, 6, 0, 10, 0, 0, 0.01%, 0, 0, 1, 43.22
1733532029, 6, 1, 10, 0, 0, 0.01%, 0, 0, 1, 43.23
1733532034, 6, 2, 10, 0, 0, 0.01%, 0, 0, 1, 43.37
1733532039, 6, 3, 10, 0, 0, 0.01%, 0, 0, 1, 44.08
1733532049, 6, 4, 10, 0, 0, 0.01%, 0, 0, 1, 44.63
1733532054, 6, 5, 10, 0, 0, 0.01%, 0, 0, 1, 44.81
1733532059, 6, 6, 10, 0, 0, 0.01%, 0, 0, 1, 43.50
1733532064, 6, 7, 10, 0, 0, 0.01%, 0, 0, 1, 45.44
1733532069, 6, 8, 10, 0, 0, 0.01%, 0, 0, 1, 43.70
1733532074, 6, 9, 10, 0, 0, 0.01%, 0, 0, 1, 42.74
1733532085, 7, 0, 10, 0, 0, 0.01%, 0, 0, 1, 43.08
1733532090, 7, 1, 10, 0, 0, 0.01%, 0, 0, 1, 43.83
1733532095, 7, 2, 10, 0, 0, 0.01%, 0, 0, 1, 42.21
1733532100, 7, 3, 10, 0, 0, 0.01%, 0, 0, 1, 43.96
1733532105, 7, 4, 10, 0, 0, 0.01%, 0, 0, 1, 43.56
1733532110, 7, 5, 10, 0, 0, 0.01%, 0, 0, 1, 42.52
1733532120, 7, 6, 10, 0, 0, 0.01%, 0, 0, 1, 44.07
1733532125, 7, 7, 10, 0, 0, 0.01%, 0, 0, 1, 43.08
1733532130, 7, 8, 10, 0, 0, 0.01%, 0, 0, 1, 43.90
1733532135, 7, 9, 10, 0, 0, 0.01%, 0, 0, 1, 41.85
1733532140, 8, 0, 10, 0, 0, 0.01%, 0, 0, 1, 43.64
1733532145, 8, 1, 10, 0, 0, 0.01%, 0, 0, 1, 44.82
1733532156, 8, 2, 10, 0, 0, 0.01%, 0, 0, 1, 44.10
1733532161, 8, 3, 10, 0, 0, 0.01%, 0, 0, 1, 44.75
1733532166, 8, 4, 10, 0, 0, 0.01%, 0, 0, 1, 44.62
1733532171, 8, 5, 10, 0, 0, 0.01%, 0, 0, 1, 42.30
1733532176, 8, 6, 10, 0, 0, 0.01%, 0, 0, 1, 43.44
1733532181, 8, 7, 10, 0, 0, 0.01%, 0, 0, 1, 44.52
1733532186, 8, 8, 10, 0, 0, 0.01%, 0, 0, 1, 44.62
1733532196, 8, 9, 10, 0, 0, 0.01%, 0, 0, 1, 44.01
1733532201, 9, 0, 10, 0, 0, 0.01%, 0, 0, 1, 43.97
1733532206, 9, 1, 10, 0, 0, 0.01%, 0, 0, 1, 43.09
1733532211, 9, 2, 10, 0, 0, 0.01%, 0, 0, 1, 45.76
1733532216, 9, 3, 10, 0, 0, 0.01%, 0, 0, 1, 44.21
1733532221, 9, 4, 10, 0, 0, 0.01%, 0, 0, 1, 43.21
1733532232, 9, 5, 10, 0, 0, 0.01%, 0, 0, 1, 43.70
1733532237, 9, 6, 10, 0, 0, 0.01%, 0, 0, 1, 41.75
1733532242, 9, 7, 10, 0, 0, 0.01%, 0, 0, 1, 42.52
1733532247, 9, 8, 10, 0, 0, 0.01%, 0, 0, 1, 44.41
1733532252, 9, 9, 10, 0, 0, 0.01%, 0, 0, 1, 43.41
1733532257, 10, 0, 10, 0, 0, 0.01%, 0, 0, 1, 44.75
1733532267, 10, 1, 10, 0, 0, 0.01%, 0, 0, 1, 43.08
1733532272, 10, 2, 10, 0, 0, 0.01%, 0, 0, 1, 44.45
1733532277, 10, 3, 10, 0, 0, 0.01%, 0, 0, 1, 44.99
1733532282, 10, 4, 10, 0, 0, 0.01%, 0, 0, 1, 44.60
1733532288, 10, 5, 10, 0, 0, 0.01%, 0, 0, 1, 43.96
1733532293, 10, 6, 10, 0, 0, 0.01%, 0, 0, 1, 44.14
1733532298, 10, 7, 10, 0, 0, 0.01%, 0, 0, 1, 44.26
1733532308, 10, 8, 10, 0, 0, 0.01%, 0, 0, 1, 43.84
1733532313, 10, 9, 10, 0, 0, 0.01%, 0, 0, 1, 43.49
1733532318, 11, 0, 10, 0, 0, 0.01%, 0, 0, 1, 45.84
1733532323, 11, 1, 10, 0, 0, 0.01%, 0, 0, 1, 43.70
1733532328, 11, 2, 10, 0, 0, 0.01%, 0, 0, 1, 42.47
1733532333, 11, 3, 10, 0, 0, 0.01%, 0, 0, 1, 45.57
1733532338, 11, 4, 10, 0, 0, 0.01%, 0, 0, 1, 46.94
1733532343, 11, 5, 10, 0, 0, 0.01%, 0, 0, 1, 44.82
1733532354, 11, 6, 10, 0, 0, 0.01%, 0, 0, 1, 44.54
1733532359, 11, 7, 10, 0, 0, 0.01%, 0, 0, 1, 44.28
1733532364, 11, 8, 10, 0, 0, 0.01%, 0, 0, 1, 45.46
1733532369, 11, 9, 10, 0, 0, 0.01%, 0, 0, 1, 43.45
1733532374, 12, 0, 10, 0, 0, 0.01%, 0, 0, 1, 44.43
1733532379, 12, 1, 10, 0, 0, 0.01%, 0, 0, 1, 45.55
1733532384, 12, 2, 10, 0, 0, 0.01%, 0, 0, 1, 43.16
1733532389, 12, 3, 10, 0, 0, 0.01%, 0, 0, 1, 42.88
1733532399, 12, 4, 10, 0, 0, 0.01%, 0, 0, 1, 43.99
1733532404, 12, 5, 10, 0, 0, 0.01%, 0, 0, 1, 45.65
1733532410, 12, 6, 10, 0, 0, 0.01%, 0, 0, 1, 45.72
1733532415, 12, 7, 10, 0, 0, 0.01%, 0, 0, 1, 47.64
1733532420, 12, 8, 10, 0, 0, 0.01%, 0, 0, 1, 46.78
1733532425, 12, 9, 10, 0, 0, 0.01%, 0, 0, 1, 44.82
1733532430, 13, 0, 10, 0, 0, 0.01%, 0, 0, 1, 46.63
1733532435, 13, 1, 10, 0, 0, 0.01%, 0, 0, 1, 44.58
1733532440, 13, 2, 10, 0, 0, 0.01%, 0, 0, 1, 44.92
1733532450, 13, 3, 10, 0, 0, 0.01%, 0, 0, 1, 45.05
1733532455, 13, 4, 10, 0, 0, 0.01%, 0, 0, 1, 43.97
1733532460, 13, 5, 10, 0, 0, 0.01%, 0, 0, 1, 43.65
1733532465, 13, 6, 10, 0, 0, 0.01%, 0, 0, 1, 43.15
1733532470, 13, 7, 10, 0, 0, 0.01%, 0, 0, 1, 45.27
1733532475, 13, 8, 10, 0, 0, 0.01%, 0, 0, 1, 44.31
1733532480, 13, 9, 10, 0, 0, 0.01%, 0, 0, 1, 45.21
1733532485, 14, 0, 10, 0, 0, 0.01%, 0, 0, 1, 45.53
1733532496, 14, 1, 10, 0, 0, 0.01%, 0, 0, 1, 46.46
1733532501, 14, 2, 10, 0, 0, 0.01%, 0, 0, 1, 45.71
1733532506, 14, 3, 10, 0, 0, 0.01%, 0, 0, 1, 43.60
1733532511, 14, 4, 10, 0, 0, 0.01%, 0, 0, 1, 45.17
1733532516, 14, 5, 10, 0, 0, 0.01%, 0, 0, 1, 45.02
1733532521, 14, 6, 10, 0, 0, 0.01%, 0, 0, 1, 46.83
1733532526, 14, 7, 10, 0, 0, 0.01%, 0, 0, 1, 44.09
1733532531, 14, 8, 10, 0, 0, 0.01%, 0, 0, 1, 44.94
1733532541, 14, 9, 10, 0, 0, 0.01%, 0, 0, 1, 43.69
1733532546, 15, 0, 10, 0, 0, 0.01%, 0, 0, 1, 44.66
1733532551, 15, 1, 10, 0, 0, 0.01%, 0, 0, 1, 44.07
1733532556, 15, 2, 10, 0, 0, 0.01%, 0, 0, 1, 45.29
1733532562, 15, 3, 10, 0, 0, 0.01%, 0, 0, 1, 42.19
1733532582, 15, 4, 10, 0, 0, 0.01%, 0, 0, 1, 44.27
1733532607, 15, 5, 10, 0, 0, 0.01%, 0, 0, 1, 39.47
1733532628, 15, 6, 10, 0, 0, 0.01%, 0, 0, 1, 40.81
1733532648, 15, 7, 10, 0, 0, 0.01%, 0, 0, 1, 40.98
1733532669, 15, 8, 10, 0, 0, 0.01%, 0, 0, 1, 41.98
1733532689, 15, 9, 10, 0, 0, 0.01%, 0, 0, 1, 41.73
1733532709, 16, 0, 10, 0, 0, 0.01%, 0, 0, 1, 43.96
1733532735, 16, 1, 10, 0, 0, 0.01%, 0, 0, 1, 45.03
1733532740, 16, 2, 10, 0, 0, 0.01%, 0, 0, 1, 45.63
1733532745, 16, 3, 10, 0, 0, 0.01%, 0, 0, 1, 47.57
1733532750, 16, 4, 10, 0, 0, 0.01%, 0, 0, 1, 45.15
1733532755, 16, 5, 10, 0, 0, 0.01%, 0, 0, 1, 44.21
1733532760, 16, 6, 10, 0, 0, 0.01%, 0, 0, 1, 46.58
1733532765, 16, 7, 10, 0, 0, 0.01%, 0, 0, 1, 45.53
1733532770, 16, 8, 10, 0, 0, 0.01%, 0, 0, 1, 44.83
1733532780, 16, 9, 10, 0, 0, 0.01%, 0, 0, 1, 46.55
1733532785, 17, 0, 10, 0, 0, 0.01%, 0, 0, 1, 46.68
1733532791, 17, 1, 10, 0, 0, 0.01%, 0, 0, 1, 44.94
1733532796, 17, 2, 10, 0, 0, 0.01%, 0, 0, 1, 46.00
1733532801, 17, 3, 10, 0, 0, 0.01%, 0, 0, 1, 44.39
1733532806, 17, 4, 10, 0, 0, 0.01%, 0, 0, 1, 45.60
1733532811, 17, 5, 10, 0, 0, 0.01%, 0, 0, 1, 43.82
1733532816, 17, 6, 10, 0, 0, 0.01%, 0, 0, 1, 44.22
1733532821, 17, 7, 10, 0, 0, 0.01%, 0, 0, 1, 45.09
1733532831, 17, 8, 10, 0, 0, 0.01%, 0, 0, 1, 46.58
1733532837, 17, 9, 10, 0, 0, 0.01%, 0, 0, 1, 46.66
1733532842, 18, 0, 10, 0, 0, 0.01%, 0, 0, 1, 46.57
1733532847, 18, 1, 10, 0, 0, 0.01%, 0, 0, 1, 44.74
1733532852, 18, 2, 10, 0, 0, 0.01%, 0, 0, 1, 46.19
1733532857, 18, 3, 10, 0, 0, 0.01%, 0, 0, 1, 46.33
1733532862, 18, 4, 10, 0, 0, 0.01%, 0, 0, 1, 44.09
1733532867, 18, 5, 10, 0, 0, 0.01%, 0, 0, 1, 45.07
1733532872, 18, 6, 10, 0, 0, 0.01%, 0, 0, 1, 45.03
1733532882, 18, 7, 10, 0, 0, 0.01%, 0, 0, 1, 45.47
1733532887, 18, 8, 10, 0, 0, 0.01%, 0, 0, 1, 43.86
1733532892, 18, 9, 10, 0, 0, 0.01%, 0, 0, 1, 44.31
1733532897, 19, 0, 10, 0, 0, 0.01%, 0, 0, 1, 45.09
1733532902, 19, 1, 10, 0, 0, 0.01%, 0, 0, 1, 46.52
1733532907, 19, 2, 10, 0, 0, 0.01%, 0, 0, 1, 44.11
1733532912, 19, 3, 10, 0, 0, 0.01%, 0, 0, 1, 44.71
1733532918, 19, 4, 10, 0, 0, 0.01%, 0, 0, 1, 44.96
1733532928, 19, 5, 10, 0, 0, 0.01%, 0, 0, 1, 45.08
1733532933, 19, 6, 10, 0, 0, 0.01%, 0, 0, 1, 44.87
1733532938, 19, 7, 10, 0, 0, 0.01%, 0, 0, 1, 45.25
1733532943, 19, 8, 10, 0, 0, 0.01%, 0, 0, 1, 45.05
1733532948, 19, 9, 10, 0, 0, 0.01%, 0, 0, 1, 44.05
1733532953, 20, 0, 10, 0, 0, 0.01%, 0, 0, 1, 43.42
1733532958, 20, 1, 10, 0, 0, 0.01%, 0, 0, 1, 45.82
1733532963, 20, 2, 10, 0, 0, 0.01%, 0, 0, 1, 46.75
1733532973, 20, 3, 10, 0, 0, 0.01%, 0, 0, 1, 43.10
1733532978, 20, 4, 10, 0, 0, 0.01%, 0, 0, 1, 43.84
1733532983, 20, 5, 10, 0, 0, 0.01%, 0, 0, 1, 45.30
1733532988, 20, 6, 10, 0, 0, 0.01%, 0, 0, 1, 45.40
1733532993, 20, 7, 10, 0, 0, 0.01%, 0, 0, 1, 46.54
1733532999, 20, 8, 10, 0, 0, 0.01%, 0, 0, 1, 47.61
1733533004, 20, 9, 10, 0, 0, 0.01%, 0, 0, 1, 47.64
1733533009, 21, 0, 10, 0, 0, 0.01%, 0, 0, 1, 44.84
1733533014, 21, 1, 10, 0, 0, 0.01%, 0, 0, 1, 46.06
1733533019, 21, 2, 10, 0, 0, 0.01%, 0, 0, 1, 45.24
1733533029, 21, 3, 10, 0, 0, 0.01%, 0, 0, 1, 45.27
1733533034, 21, 4, 10, 0, 0, 0.01%, 0, 0, 1, 46.20
1733533039, 21, 5, 10, 0, 0, 0.01%, 0, 0, 1, 44.27
1733533045, 21, 6, 10, 0, 0, 0.01%, 0, 0, 1, 45.27
1733533050, 21, 7, 10, 0, 0, 0.01%, 0, 0, 1, 45.33
1733533055, 21, 8, 10, 0, 0, 0.01%, 0, 0, 1, 45.04
1733533060, 21, 9, 10, 0, 0, 0.01%, 0, 0, 1, 46.47
1733533065, 22, 0, 10, 0, 0, 0.01%, 0, 0, 1, 45.56
1733533070, 22, 1, 10, 0, 0, 0.01%, 0, 0, 1, 45.54
1733533080, 22, 2, 10, 0, 0, 0.01%, 0, 0, 1, 45.83
1733533085, 22, 3, 10, 0, 0, 0.01%, 0, 0, 1, 45.84
1733533090, 22, 4, 10, 0, 0, 0.01%, 0, 0, 1, 45.90
1733533095, 22, 5, 10, 0, 0, 0.01%, 0, 0, 1, 45.87
1733533100, 22, 6, 10, 0, 0, 0.01%, 0, 0, 1, 47.07
1733533105, 22, 7, 10, 0, 0, 0.01%, 0, 0, 1, 46.82
1733533110, 22, 8, 10, 0, 0, 0.01%, 0, 0, 1, 45.73
1733533116, 22, 9, 10, 0, 0, 0.01%, 0, 0, 1, 43.49
1733533121, 23, 0, 10, 0, 0, 0.01%, 0, 0, 1, 43.03
1733533131, 23, 1, 10, 0, 0, 0.01%, 0, 0, 1, 44.81
1733533136, 23, 2, 10, 0, 0, 0.01%, 0, 0, 1, 45.10
1733533141, 23, 3, 10, 0, 0, 0.01%, 0, 0, 1, 44.26
1733533146, 23, 4, 10, 0, 0, 0.01%, 0, 0, 1, 46.68
1733533151, 23, 5, 10, 0, 0, 0.01%, 0, 0, 1, 45.52
1733533156, 23, 6, 10, 0, 0, 0.01%, 0, 0, 1, 44.67
1733533161, 23, 7, 10, 0, 0, 0.01%, 0, 0, 1, 45.60
1733533166, 23, 8, 10, 0, 0, 0.01%, 0, 0, 1, 45.02
1733533171, 23, 9, 10, 0, 0, 0.01%, 0, 0, 1, 45.88
1733533181, 24, 0, 10, 0, 0, 0.01%, 0, 0, 1, 45.44
1733533186, 24, 1, 10, 0, 0, 0.01%, 0, 0, 1, 45.76
1733533191, 24, 2, 10, 0, 0, 0.01%, 0, 0, 1, 45.25
1733533197, 24, 3, 10, 0, 0, 0.01%, 0, 0, 1, 46.61
1733533202, 24, 4, 10, 0, 0, 0.01%, 0, 0, 1, 45.57
1733533207, 24, 5, 10, 0, 0, 0.01%, 0, 0, 1, 46.54
1733533212, 24, 6, 10, 0, 0, 0.01%, 0, 0, 1, 46.37
1733533217, 24, 7, 10, 0, 0, 0.01%, 0, 0, 1, 45.25
1733533222, 24, 8, 10, 0, 0, 0.01%, 0, 0, 1, 45.68
1733533227, 24, 9, 10, 0, 0, 0.01%, 0, 0, 1, 44.61
1733533237, 25, 0, 10, 0, 0, 0.01%, 0, 0, 1, 45.37
1733533242, 25, 1, 10, 0, 0, 0.01%, 0, 0, 1, 47.47
1733533247, 25, 2, 10, 0, 0, 0.01%, 0, 0, 1, 44.72
1733533253, 25, 3, 10, 0, 0, 0.01%, 0, 0, 1, 43.53
1733533258, 25, 4, 10, 0, 0, 0.01%, 0, 0, 1, 43.98
1733533263, 25, 5, 10, 0, 0, 0.01%, 0, 0, 1, 46.24
1733533268, 25, 6, 10, 0, 0, 0.01%, 0, 0, 1, 45.76
1733533273, 25, 7, 10, 0, 0, 0.01%, 0, 0, 1, 46.11
1733533278, 25, 8, 10, 0, 0, 0.01%, 0, 0, 1, 43.75
1733533288, 25, 9, 10, 0, 0, 0.01%, 0, 0, 1, 44.06
1733533293, 26, 0, 10, 0, 0, 0.01%, 0, 0, 1, 45.51
1733533298, 26, 1, 10, 0, 0, 0.01%, 0, 0, 1, 46.90
1733533303, 26, 2, 10, 0, 0, 0.01%, 0, 0, 1, 46.36
1733533308, 26, 3, 10, 0, 0, 0.01%, 0, 0, 1, 44.35
1733533313, 26, 4, 10, 0, 0, 0.01%, 0, 0, 1, 46.08
1733533318, 26, 5, 10, 0, 0, 0.01%, 0, 0, 1, 45.06
1733533323, 26, 6, 10, 0, 0, 0.01%, 0, 0, 1, 44.64
1733533328, 26, 7, 10, 0, 0, 0.01%, 0, 0, 1, 45.72
1733533339, 26, 8, 10, 0, 0, 0.01%, 0, 0, 1, 44.90
1733533344, 26, 9, 10, 0, 0, 0.01%, 0, 0, 1, 44.60
1733533349, 27, 0, 10, 0, 0, 0.01%, 0, 0, 1, 44.23
1733533354, 27, 1, 10, 0, 0, 0.01%, 0, 0, 1, 45.91
1733533359, 27, 2, 10, 0, 0, 0.01%, 0, 0, 1, 46.46
1733533364, 27, 3, 10, 0, 0, 0.01%, 0, 0, 1, 46.66
1733533369, 27, 4, 10, 0, 0, 0.01%, 0, 0, 1, 44.61
1733533374, 27, 5, 10, 0, 0, 0.01%, 0, 0, 1, 48.46
1733533379, 27, 6, 10, 0, 0, 0.01%, 0, 0, 1, 46.73
1733533384, 27, 7, 10, 0, 0, 0.01%, 0, 0, 1, 45.93
1733533395, 27, 8, 10, 0, 0, 0.01%, 0, 0, 1, 44.87
1733533400, 27, 9, 10, 0, 0, 0.01%, 0, 0, 1, 45.14
1733533405, 28, 0, 10, 0, 0, 0.01%, 0, 0, 1, 44.94
1733533410, 28, 1, 10, 0, 0, 0.01%, 0, 0, 1, 46.34
1733533415, 28, 2, 10, 0, 0, 0.01%, 0, 0, 1, 45.04
1733533420, 28, 3, 10, 0, 0, 0.01%, 0, 0, 1, 45.35
1733533425, 28, 4, 10, 0, 0, 0.01%, 0, 0, 1, 44.68
1733533430, 28, 5, 10, 0, 0, 0.01%, 0, 0, 1, 44.85
1733533435, 28, 6, 10, 0, 0, 0.01%, 0, 0, 1, 45.43
1733533445, 28, 7, 10, 0, 0, 0.01%, 0, 0, 1, 44.55
1733533450, 28, 8, 10, 0, 0, 0.01%, 0, 0, 1, 44.81
1733533455, 28, 9, 10, 0, 0, 0.01%, 0, 0, 1, 44.16
1733533460, 29, 0, 10, 0, 0, 0.01%, 0, 0, 1, 44.67
1733533465, 29, 1, 10, 0, 0, 0.01%, 0, 0, 1, 44.96
1733533470, 29, 2, 10, 0, 0, 0.01%, 0, 0, 1, 44.71
1733533475, 29, 3, 10, 0, 0, 0.01%, 0, 0, 1, 45.25
1733533486, 29, 4, 10, 0, 0, 0.01%, 0, 0, 1, 46.00
1733533491, 29, 5, 10, 0, 0, 0.01%, 0, 0, 1, 46.32
1733533496, 29, 6, 10, 0, 0, 0.01%, 0, 0, 1, 44.17
1733533501, 29, 7, 10, 0, 0, 0.01%, 0, 0, 1, 45.05
1733533506, 29, 8, 10, 0, 0, 0.01%, 0, 0, 1, 46.36
1733533511, 29, 9, 10, 0, 0, 0.01%, 0, 0, 1, 47.13
1733533516, 30, 0, 10, 0, 0, 0.01%, 0, 0, 1, 46.28
1733533521, 30, 1, 10, 0, 0, 0.01%, 0, 0, 1, 45.83
1733533526, 30, 2, 10, 0, 0, 0.01%, 0, 0, 1, 43.47
1733533532, 30, 3, 10, 0, 0, 0.01%, 0, 0, 1, 46.73
1733533542, 30, 4, 10, 0, 0, 0.01%, 0, 0, 1, 45.14
1733533547, 30, 5, 10, 0, 0, 0.01%, 0, 0, 1, 44.61
1733533552, 30, 6, 10, 0, 0, 0.01%, 0, 0, 1, 45.65
1733533557, 30, 7, 10, 0, 0, 0.01%, 0, 0, 1, 45.48
1733533562, 30, 8, 10, 0, 0, 0.01%, 0, 0, 1, 45.92
1733533567, 30, 9, 10, 0, 0, 0.01%, 0, 0, 1, 46.58
1733533572, 31, 0, 10, 0, 0, 0.01%, 0, 0, 1, 45.79
1733533577, 31, 1, 10, 0, 0, 0.01%, 0, 0, 1, 45.79
1733533582, 31, 2, 10, 0, 0, 0.01%, 0, 0, 1, 45.45
1733533592, 31, 3, 10, 0, 0, 0.01%, 0, 0, 1, 46.02
1733533598, 31, 4, 10, 0, 0, 0.01%, 0, 0, 1, 47.22
1733533603, 31, 5, 10, 0, 0, 0.01%, 0, 0, 1, 46.28
1733533608, 31, 6, 10, 0, 0, 0.01%, 0, 0, 1, 45.49
1733533613, 31, 7, 10, 0, 0, 0.01%, 0, 0, 1, 45.74
1733533618, 31, 8, 10, 0, 0, 0.01%, 0, 0, 1, 44.80
1733533623, 31, 9, 10, 0, 0, 0.01%, 0, 0, 1, 46.28
1733533628, 32, 0, 10, 0, 0, 0.01%, 0, 0, 1, 47.42
1733533633, 32, 1, 10, 0, 0, 0.01%, 0, 0, 1, 46.08
1733533638, 32, 2, 10, 0, 0, 0.01%, 0, 0, 1, 44.10
1733533643, 32, 3, 10, 0, 0, 0.01%, 0, 0, 1, 44.10
1733533653, 32, 4, 10, 0, 0, 0.01%, 0, 0, 1, 45.12
1733533659, 32, 5, 10, 0, 0, 0.01%, 0, 0, 1, 46.49
1733533664, 32, 6, 10, 0, 0, 0.01%, 0, 0, 1, 46.85
1733533669, 32, 7, 10, 0, 0, 0.01%, 0, 0, 1, 45.93
1733533674, 32, 8, 10, 0, 0, 0.01%, 0, 0, 1, 48.30
1733533679, 32, 9, 10, 0, 0, 0.01%, 0, 0, 1, 45.95
1733533684, 33, 0, 10, 0, 0, 0.01%, 0, 0, 1, 44.87
1733533689, 33, 1, 10, 0, 0, 0.01%, 0, 0, 1, 45.58
1733533694, 33, 2, 10, 0, 0, 0.01%, 0, 0, 1, 45.12
1733533699, 33, 3, 10, 0, 0, 0.01%, 0, 0, 1, 45.47
1733533709, 33, 4, 10, 0, 0, 0.01%, 0, 0, 1, 44.47
1733533714, 33, 5, 10, 0, 0, 0.01%, 0, 0, 1, 47.13
1733533720, 33, 6, 10, 0, 0, 0.01%, 0, 0, 1, 45.23
1733533725, 33, 7, 10, 0, 0, 0.01%, 0, 0, 1, 47.03
1733533730, 33, 8, 10, 0, 0, 0.01%, 0, 0, 1, 44.87
1733533735, 33, 9, 10, 0, 0, 0.01%, 0, 0, 1, 45.18
1733533740, 34, 0, 10, 0, 0, 0.01%, 0, 0, 1, 44.11
1733533745, 34, 1, 10, 0, 0, 0.01%, 0, 0, 1, 43.50
1733533755, 34, 2, 10, 0, 0, 0.01%, 0, 0, 1, 46.88
1733533760, 34, 3, 10, 0, 0, 0.01%, 0, 0, 1, 45.99
1733533765, 34, 4, 10, 0, 0, 0.01%, 0, 0, 1, 46.33
1733533770, 34, 5, 10, 0, 0, 0.01%, 0, 0, 1, 45.88
1733533775, 34, 6, 10, 0, 0, 0.01%, 0, 0, 1, 44.82
1733533780, 34, 7, 10, 0, 0, 0.01%, 0, 0, 1, 45.56
1733533785, 34, 8, 10, 0, 0, 0.01%, 0, 0, 1, 44.86
1733533791, 34, 9, 10, 0, 0, 0.01%, 0, 0, 1, 44.04
1733533796, 35, 0, 10, 0, 0, 0.01%, 0, 0, 1, 45.72
1733533801, 35, 1, 10, 0, 0, 0.01%, 0, 0, 1, 44.66
1733533811, 35, 2, 10, 0, 0, 0.01%, 0, 0, 1, 45.77
1733533816, 35, 3, 10, 0, 0, 0.01%, 0, 0, 1, 44.19
1733533821, 35, 4, 10, 0, 0, 0.01%, 0, 0, 1, 45.56
1733533826, 35, 5, 10, 0, 0, 0.01%, 0, 0, 1, 47.77
1733533831, 35, 6, 10, 0, 0, 0.01%, 0, 0, 1, 46.58
1733533836, 35, 7, 10, 0, 0, 0.01%, 0, 0, 1, 47.05
1733533841, 35, 8, 10, 0, 0, 0.01%, 0, 0, 1, 45.17
1733533846, 35, 9, 10, 0, 0, 0.01%, 0, 0, 1, 45.34
1733533851, 36, 0, 10, 0, 0, 0.01%, 0, 0, 1, 44.72
1733533861, 36, 1, 10, 0, 0, 0.01%, 0, 0, 1, 45.72
1733533867, 36, 2, 10, 0, 0, 0.01%, 0, 0, 1, 44.28
1733533872, 36, 3, 10, 0, 0, 0.01%, 0, 0, 1, 44.44
1733533877, 36, 4, 10, 0, 0, 0.01%, 0, 0, 1, 46.89
1733533882, 36, 5, 10, 0, 0, 0.01%, 0, 0, 1, 45.94
1733533887, 36, 6, 10, 0, 0, 0.01%, 0, 0, 1, 46.93
1733533892, 36, 7, 10, 0, 0, 0.01%, 0, 0, 1, 46.01
1733533897, 39, 10, 11, 0, 0, 0.14%, 1, 0, 2, 48.78
1733533907, 39, 10, 12, 1, 0, 0.14%, 2, 0, 3, 54.35
1733533984, 39, 11, 13, 2, 1, 0.14%, 3, 0, 4, 72.07
1733533994, 39, 11, 14, 3, 1, 0.14%, 3, 0, 4, 51.95
1733534014, 39, 11, 15, 4, 1, 0.14%, 3, 0, 4, 49.42
1733534111, 39, 12, 15, 3, 2, 0.14%, 3, 0, 4, 69.53
1733534126, 39, 12, 16, 4, 2, 0.14%, 3, 0, 5, 50.85
1733534202, 39, 12, 17, 5, 2, 0.14%, 3, 0, 5, 48.27
1733534268, 39, 12, 20, 8, 2, 0.14%, 3, 0, 5, 44.32
1733534283, 39, 16, 20, 7, 2, 0.14%, 3, 0, 5, 42.11
1733534299, 39, 16, 21, 8, 2, 0.14%, 3, 0, 6, 107.74
1733534335, 39, 16, 22, 9, 2, 0.14%, 3, 0, 6, 113.51
1733534340, 39, 16, 23, 10, 2, 0.14%, 3, 0, 6, 111.74
1733534396, 39, 16, 24, 11, 2, 0.14%, 4, 0, 6, 108.92
1733534401, 39, 16, 25, 12, 2, 0.14%, 5, 0, 6, 111.28
1733534804, 39, 16, 26, 13, 2, 0.14%, 6, 0, 6, 67.36
1733534819, 39, 16, 27, 14, 2, 0.14%, 6, 0, 6, 68.45
1733534860, 39, 20, 27, 13, 2, 0.14%, 6, 0, 6, 50.15
1733534865, 39, 25, 28, 13, 1, 0.14%, 7, 0, 7, 69.87
1733534906, 39, 25, 29, 14, 1, 0.14%, 7, 0, 7, 58.90
1733534911, 39, 25, 30, 15, 1, 0.14%, 7, 0, 7, 57.82
1733534931, 39, 25, 31, 16, 1, 0.14%, 7, 0, 7, 59.27
1733534936, 39, 25, 32, 17, 1, 0.14%, 7, 0, 7, 58.61
1733534976, 39, 25, 33, 18, 1, 0.14%, 7, 0, 7, 59.80
1733534981, 39, 25, 34, 19, 1, 0.14%, 7, 0, 7, 62.81
1733535002, 39, 33, 34, 18, 1, 0.14%, 7, 0, 7, 63.63
1733535098, 40, 28, 34, 17, 0, 0.14%, 7, 0, 7, 73.44
1733535185, 40, 31, 34, 16, 1, 0.14%, 7, 0, 7, 67.95
1733535276, 41, 17, 34, 15, 0, 0.14%, 7, 0, 7, 70.22
1733535368, 42, 26, 34, 13, 0, 0.14%, 7, 0, 7, 37.99
1733535940, 42, 32, 34, 12, 0, 0.14%, 7, 0, 7, 96.45
1733536133, 43, 25, 34, 9, 0, 0.14%, 7, 0, 7, 50.95
1733536164, 43, 33, 34, 8, 0, 0.14%, 7, 0, 7, 55.69
1733536199, 44, 30, 34, 7, 0, 0.14%, 7, 0, 7, 70.80
1733536296, 44, 33, 34, 6, 0, 0.14%, 7, 0, 7, 58.51
1733536337, 45, 23, 34, 5, 0, 0.14%, 7, 0, 7, 53.47
1733536342, 45, 33, 34, 3, 0, 0.14%, 7, 0, 7, 47.74
1733536383, 46, 33, 34, 3, 0, 0.14%, 7, 0, 7, 56.71
1733536423, 47, 33, 34, 1, 0, 0.14%, 7, 0, 7, 54.40
1733536469, 48, 33, 34, 1, 0, 0.14%, 7, 0, 7, 54.58
1733536509, 49, 14, 34, 1, 0, 0.14%, 7, 0, 7, 58.20
1733536514, 49, 33, 34, 0, 0, 0.14%, 7, 0, 7, 54.34
1733536560, 50, 19, 34, 0, 0, 0.14%, 7, 0, 7, 85.61
1733536606, 50, 19, 35, 1, 0, 0.14%, 7, 0, 7, 54.81
1733536692, 50, 34, 35, 1, 1, 0.14%, 7, 0, 7, 67.64
1733536789, 52, 24, 35, 0, 0, 0.14%, 7, 0, 7, 94.29
1733537176, 52, 30, 35, 0, 0, 0.14%, 7, 0, 7, 56.06
1733537207, 53, 30, 35, 0, 0, 0.14%, 7, 0, 7, 58.84
1733537247, 54, 30, 35, 0, 0, 0.14%, 7, 0, 7, 63.39
1733537293, 55, 24, 35, 0, 0, 0.14%, 7, 0, 7, 59.15
1733537308, 55, 30, 35, 0, 0, 0.14%, 7, 0, 7, 56.90
1733537349, 55, 31, 35, 0, 0, 0.14%, 7, 0, 7, 56.26
1733537384, 56, 24, 35, 0, 0, 0.14%, 7, 0, 7, 63.10
1733537420, 56, 30, 35, 0, 0, 0.14%, 7, 0, 7, 57.68
1733537460, 57, 24, 35, 0, 0, 0.14%, 7, 0, 7, 62.84
1733537501, 57, 30, 35, 0, 0, 0.14%, 7, 0, 7, 52.90
1733537541, 57, 34, 35, 0, 0, 0.14%, 7, 0, 7, 57.76
1733537577, 58, 24, 35, 0, 0, 0.14%, 7, 0, 7, 56.49
1733537612, 58, 30, 35, 0, 0, 0.14%, 7, 0, 7, 52.51
1733537658, 58, 31, 35, 0, 0, 0.14%, 7, 0, 7, 56.08
1733537699, 58, 34, 35, 0, 0, 0.14%, 7, 0, 7, 56.41
1733537744, 59, 24, 35, 0, 0, 0.14%, 7, 0, 7, 65.23
1733537779, 59, 30, 35, 0, 0, 0.14%, 7, 0, 7, 55.50
1733537805, 59, 30, 36, 1, 0, 0.14%, 7, 0, 8, 58.08
1733537825, 59, 35, 36, 1, 1, 0.14%, 7, 0, 8, 75.69
1733537989, 59, 35, 37, 2, 1, 0.14%, 7, 0, 9, 67.88
1733538085, 59, 36, 37, 1, 1, 0.14%, 7, 0, 9, 80.25
1733538284, 60, 24, 37, 0, 0, 0.14%, 7, 0, 9, 63.01
1733538319, 61, 24, 37, 0, 0, 0.14%, 7, 0, 9, 67.04
1733538355, 63, 33, 37, 0, 0, 0.14%, 7, 0, 9, 63.43
1733538390, 68, 36, 37, 0, 0, 0.14%, 7, 0, 9, 65.80
1733538425, 69, 36, 37, 0, 0, 0.14%, 7, 0, 9, 61.28
1733538466, 70, 36, 37, 0, 0, 0.14%, 7, 0, 9, 64.26
1733538476, 70, 36, 38, 1, 0, 0.14%, 7, 0, 10, 67.79
1733538517, 70, 37, 38, 1, 1, 0.14%, 7, 0, 10, 92.44
1733538771, 70, 37, 39, 2, 1, 0.14%, 8, 0, 11, 72.42
1733538847, 75, 38, 39, 1, 0, 0.14%, 8, 0, 11, 59.04
1733539142, 76, 36, 39, 0, 0, 0.14%, 8, 0, 11, 65.77
1733539183, 79, 34, 39, 0, 0, 0.14%, 8, 0, 11, 62.00
1733539219, 80, 30, 39, 0, 0, 0.14%, 8, 0, 11, 62.10
1733539259, 80, 37, 39, 0, 0, 0.14%, 8, 0, 11, 65.49
1733539295, 81, 37, 39, 0, 0, 0.14%, 8, 0, 11, 74.37
1733539330, 82, 37, 39, 0, 0, 0.14%, 8, 0, 11, 68.63
1733539371, 83, 33, 39, 0, 0, 0.14%, 8, 0, 11, 61.79
1733539406, 83, 37, 39, 0, 0, 0.14%, 8, 0, 11, 62.20
1733539442, 84, 34, 39, 0, 0, 0.14%, 8, 0, 11, 65.51
1733539483, 84, 37, 39, 0, 0, 0.14%, 8, 0, 11, 65.98
1733539518, 85, 37, 39, 0, 0, 0.14%, 8, 0, 11, 72.66
1733539554, 87, 31, 39, 0, 0, 0.14%, 8, 0, 11, 62.49
1733539594, 90, 31, 39, 0, 0, 0.14%, 8, 0, 11, 61.73
1733539630, 96, 32, 39, 0, 0, 0.14%, 8, 0, 11, 64.11
1733539655, 102, 36, 39, 0, 0, 0.14%, 8, 0, 11, 65.20
1733539696, 103, 36, 39, 0, 0, 0.14%, 8, 0, 11, 72.09
1733539732, 105, 25, 39, 0, 0, 0.14%, 8, 0, 11, 62.90
1733539767, 108, 31, 39, 0, 0, 0.14%, 8, 0, 11, 65.50
1733539807, 121, 21, 39, 0, 0, 0.14%, 8, 0, 11, 80.44
1733539868, 123, 33, 39, 0, 0, 0.14%, 8, 0, 11, 61.10
1733539909, 123, 36, 39, 0, 0, 0.14%, 8, 0, 11, 73.84
1733539944, 126, 14, 39, 0, 0, 0.14%, 8, 0, 11, 83.05
1733540128, 127, 29, 39, 0, 0, 0.14%, 8, 0, 11, 77.23
1733540179, 128, 34, 39, 0, 0, 0.14%, 8, 0, 11, 59.51
1733540214, 133, 21, 39, 0, 0, 0.14%, 8, 0, 11, 59.66
1733540235, 135, 31, 39, 0, 0, 0.14%, 8, 0, 11, 60.28
1733540271, 136, 11, 39, 0, 0, 0.14%, 8, 0, 11, 55.89
1733540281, 137, 29, 39, 0, 0, 0.14%, 8, 0, 11, 57.37
1733540301, 137, 34, 39, 0, 0, 0.14%, 8, 0, 11, 63.94
1733540342, 139, 11, 39, 0, 0, 0.14%, 8, 0, 11, 55.03
1733540352, 141, 31, 39, 0, 0, 0.14%, 8, 0, 11, 61.49
1733540387, 142, 18, 39, 0, 0, 0.14%, 8, 0, 11, 57.14
1733540428, 145, 25, 39, 0, 0, 0.14%, 8, 0, 11, 54.38
1733540469, 147, 11, 39, 0, 0, 0.14%, 8, 0, 11, 55.87
1733540489, 148, 33, 39, 0, 0, 0.14%, 8, 0, 11, 63.14
1733540524, 151, 10, 39, 0, 0, 0.14%, 8, 0, 11, 60.31
1733540534, 151, 11, 39, 0, 0, 0.14%, 8, 0, 11, 52.15
1733540570, 153, 32, 39, 0, 0, 0.14%, 8, 0, 11, 58.91
1733540605, 156, 27, 39, 0, 0, 0.14%, 8, 0, 11, 67.83
1733540697, 158, 29, 39, 0, 0, 0.14%, 8, 0, 11, 54.66
1733540737, 159, 29, 39, 0, 0, 0.14%, 8, 0, 11, 63.15
1733540778, 164, 31, 39, 0, 0, 0.14%, 8, 0, 11, 58.59
1733540813, 165, 33, 39, 0, 0, 0.14%, 8, 0, 11, 66.04
1733540854, 166, 15, 39, 0, 0, 0.14%, 8, 0, 11, 84.02
1733540910, 168, 10, 39, 0, 0, 0.14%, 8, 0, 11, 58.34
1733540915, 170, 18, 39, 0, 0, 0.14%, 8, 0, 11, 61.03
1733540925, 172, 31, 39, 0, 0, 0.14%, 8, 0, 11, 59.70
1733540961, 173, 19, 39, 0, 0, 0.14%, 8, 0, 11, 63.32
1733540971, 173, 38, 39, 0, 0, 0.14%, 8, 0, 11, 62.92
1733541007, 175, 28, 39, 0, 0, 0.14%, 8, 0, 11, 64.10
1733541027, 176, 20, 39, 0, 0, 0.14%, 8, 0, 11, 113.37
1733541544, 178, 27, 39, 0, 0, 0.14%, 8, 0, 11, 60.64
1733541579, 181, 31, 39, 0, 0, 0.14%, 8, 0, 11, 61.79
1733541620, 182, 33, 39, 0, 0, 0.14%, 8, 0, 11, 63.21
1733541625, 183, 20, 39, 0, 0, 0.14%, 8, 0, 11, 61.06
1733541646, 183, 32, 39, 0, 0, 0.14%, 8, 0, 11, 67.92
1733541681, 184, 20, 39, 0, 0, 0.14%, 8, 0, 11, 64.74
1733541707, 186, 33, 39, 0, 0, 0.14%, 8, 0, 11, 62.16
1733541712, 189, 10, 39, 0, 0, 0.14%, 8, 0, 11, 59.26
1733541727, 189, 20, 39, 0, 0, 0.14%, 8, 0, 11, 74.37
1733541762, 193, 21, 39, 0, 0, 0.14%, 8, 0, 11, 53.86
1733541798, 193, 31, 39, 0, 0, 0.14%, 8, 0, 11, 58.44
1733541838, 195, 27, 39, 0, 0, 0.14%, 8, 0, 11, 63.91
1733541874, 198, 28, 39, 0, 0, 0.14%, 8, 0, 11, 54.38
1733541894, 198, 29, 39, 0, 0, 0.14%, 8, 0, 11, 56.82
1733541935, 198, 33, 39, 0, 0, 0.14%, 8, 0, 11, 63.48
1733541940, 198, 34, 39, 0, 0, 0.14%, 8, 0, 11, 59.70
1733541980, 202, 29, 39, 0, 0, 0.14%, 8, 0, 11, 53.46
1733542021, 204, 20, 39, 0, 0, 0.14%, 8, 0, 11, 63.49
1733542057, 205, 29, 39, 0, 0, 0.14%, 8, 0, 11, 58.23
1733542097, 206, 27, 39, 0, 0, 0.14%, 8, 0, 11, 66.26
1733542138, 207, 19, 39, 0, 0, 0.14%, 8, 0, 11, 58.33
1733542168, 208, 25, 39, 0, 0, 0.14%, 8, 0, 11, 63.33
1733542204, 213, 38, 39, 0, 0, 0.14%, 8, 0, 11, 71.38
1733542239, 215, 19, 39, 0, 0, 0.14%, 8, 0, 11, 59.52
1733542280, 216, 32, 39, 0, 0, 0.14%, 8, 0, 11, 72.21
1733542315, 217, 11, 39, 0, 0, 0.14%, 8, 0, 11, 56.23
1733542346, 217, 29, 39, 0, 0, 0.14%, 8, 0, 11, 55.88
1733542386, 217, 34, 39, 0, 0, 0.14%, 8, 0, 11, 63.66
1733542422, 219, 19, 39, 0, 0, 0.14%, 8, 0, 11, 54.83
1733542457, 219, 35, 39, 0, 0, 0.14%, 8, 0, 11, 62.11
1733542498, 225, 14, 39, 0, 0, 0.14%, 8, 0, 11, 62.16
1733542503, 227, 32, 39, 0, 0, 0.14%, 8, 0, 11, 68.05
1733542539, 227, 35, 39, 0, 0, 0.14%, 8, 0, 11, 72.58
1733542574, 228, 38, 39, 0, 0, 0.14%, 8, 0, 11, 60.52
1733542615, 230, 20, 39, 0, 0, 0.14%, 8, 0, 11, 69.62
1733542650, 230, 28, 39, 0, 0, 0.14%, 8, 0, 11, 57.71
1733542681, 230, 29, 39, 0, 0, 0.14%, 8, 0, 11, 56.78
1733542721, 230, 35, 39, 0, 0, 0.14%, 8, 0, 11, 57.65
1733542762, 231, 29, 39, 0, 0, 0.14%, 8, 0, 11, 58.01
1733542802, 234, 21, 39, 0, 0, 0.14%, 8, 0, 11, 54.60
1733542838, 234, 33, 39, 0, 0, 0.14%, 8, 0, 11, 65.17
1733542843, 235, 38, 39, 0, 0, 0.14%, 8, 0, 11, 66.02
1733542879, 236, 14, 39, 0, 0, 0.14%, 8, 0, 11, 64.60
1733542909, 239, 21, 39, 0, 0, 0.14%, 8, 0, 11, 54.85
1733542945, 239, 38, 39, 0, 0, 0.14%, 8, 0, 11, 65.10
1733542986, 240, 23, 39, 0, 0, 0.14%, 8, 0, 11, 109.48
1733543368, 241, 22, 39, 0, 0, 0.14%, 8, 0, 11, 69.94
1733543419, 241, 27, 39, 0, 0, 0.14%, 8, 0, 11, 61.54
1733543454, 244, 18, 39, 0, 0, 0.14%, 8, 0, 11, 56.31
1733543475, 244, 35, 39, 0, 0, 0.14%, 8, 0, 11, 63.87
1733543510, 245, 35, 39, 0, 0, 0.14%, 8, 0, 11, 58.62
1733543551, 247, 19, 39, 0, 0, 0.14%, 8, 0, 11, 57.39
1733543587, 248, 18, 39, 0, 0, 0.14%, 8, 0, 11, 54.86
1733543612, 249, 38, 39, 0, 0, 0.14%, 8, 0, 11, 72.14
1733543647, 250, 11, 39, 0, 0, 0.14%, 8, 0, 11, 58.17
1733543688, 250, 19, 39, 0, 0, 0.14%, 8, 0, 11, 60.67
1733543723, 252, 15, 39, 0, 0, 0.14%, 8, 0, 11, 60.06
1733543733, 252, 17, 39, 0, 0, 0.14%, 8, 0, 11, 57.31
1733543744, 252, 22, 39, 0, 0, 0.14%, 8, 0, 11, 56.54
1733543759, 252, 28, 39, 0, 0, 0.14%, 8, 0, 11, 62.47
1733543795, 254, 19, 39, 0, 0, 0.14%, 8, 0, 11, 65.09
1733543835, 254, 28, 39, 0, 0, 0.14%, 8, 0, 11, 62.14
1733543871, 254, 34, 39, 0, 0, 0.14%, 8, 0, 11, 62.08
1733543911, 255, 29, 39, 0, 0, 0.14%, 8, 0, 11, 56.55
1733543957, 258, 17, 39, 0, 0, 0.14%, 8, 0, 11, 63.45
1733543982, 258, 33, 39, 0, 0, 0.14%, 8, 0, 11, 62.19
1733543992, 260, 15, 39, 0, 0, 0.14%, 8, 0, 11, 57.36
1733544023, 260, 31, 39, 0, 0, 0.14%, 8, 0, 11, 56.87
1733544058, 261, 14, 39, 0, 0, 0.14%, 8, 0, 11, 68.86
1733544093, 261, 27, 39, 0, 0, 0.14%, 8, 0, 11, 63.81
1733544134, 262, 35, 39, 0, 0, 0.14%, 8, 0, 11, 68.82
1733544169, 263, 12, 39, 0, 0, 0.14%, 8, 0, 11, 56.13
1733544179, 264, 16, 39, 0, 0, 0.14%, 8, 0, 11, 64.43
1733544184, 264, 32, 39, 0, 0, 0.14%, 8, 0, 11, 70.40
1733544220, 265, 12, 39, 0, 0, 0.14%, 8, 0, 11, 59.23
1733544240, 265, 29, 39, 0, 0, 0.14%, 8, 0, 11, 56.61
1733544281, 267, 11, 39, 0, 0, 0.14%, 8, 0, 11, 59.08
1733544316, 268, 23, 39, 0, 0, 0.14%, 8, 0, 11, 64.85
1733544326, 269, 16, 39, 0, 0, 0.14%, 8, 0, 11, 67.34
1733544332, 269, 25, 39, 0, 0, 0.14%, 8, 0, 11, 65.12
1733544372, 271, 11, 39, 0, 0, 0.14%, 8, 0, 11, 54.36
1733544408, 271, 21, 39, 0, 0, 0.14%, 8, 0, 11, 54.34
1733544448, 271, 28, 39, 0, 0, 0.14%, 8, 0, 11, 62.47
1733544484, 271, 35, 39, 0, 0, 0.14%, 8, 0, 11, 74.17
1733544519, 276, 17, 39, 0, 0, 0.14%, 8, 0, 11, 64.84
1733544545, 277, 21, 39, 0, 0, 0.14%, 8, 0, 11, 52.41
1733544586, 278, 25, 39, 0, 0, 0.14%, 8, 0, 11, 59.75
1733544621, 279, 12, 39, 0, 0, 0.14%, 8, 0, 11, 58.93
1733544662, 279, 14, 39, 0, 0, 0.14%, 8, 0, 11, 62.94
1733544698, 280, 23, 39, 0, 0, 0.14%, 8, 0, 11, 62.86
1733544713, 281, 17, 39, 0, 0, 0.14%, 8, 0, 11, 61.19
1733544754, 281, 31, 39, 0, 0, 0.14%, 8, 0, 11, 65.19
1733544789, 282, 21, 39, 0, 0, 0.14%, 8, 0, 11, 64.02
1733544825, 282, 22, 39, 0, 0, 0.14%, 8, 0, 11, 63.79
1733544845, 283, 27, 39, 0, 0, 0.14%, 8, 0, 11, 63.05
1733544886, 283, 28, 39, 0, 0, 0.14%, 8, 0, 11, 63.41
1733544921, 284, 18, 39, 0, 0, 0.14%, 8, 0, 11, 49.42
1733544962, 284, 28, 39, 0, 0, 0.14%, 8, 0, 11, 65.02
1733544997, 288, 15, 39, 0, 0, 0.14%, 8, 0, 11, 58.79
1733545038, 288, 23, 39, 0, 0, 0.14%, 8, 0, 11, 61.75
1733545078, 292, 15, 39, 0, 0, 0.14%, 8, 0, 11, 57.62
1733545113, 292, 31, 39, 0, 0, 0.14%, 8, 0, 11, 59.09
1733545154, 293, 23, 39, 0, 0, 0.14%, 8, 0, 11, 61.68
1733545190, 294, 22, 39, 0, 0, 0.14%, 8, 0, 11, 56.42
1733545230, 298, 22, 39, 0, 0, 0.14%, 8, 0, 11, 60.73
1733545261, 298, 23, 39, 0, 0, 0.14%, 8, 0, 11, 58.52
1733545296, 300, 25, 39, 0, 0, 0.14%, 8, 0, 11, 58.59
1733545337, 300, 31, 39, 0, 0, 0.14%, 8, 0, 11, 62.28
1733545377, 302, 14, 39, 0, 0, 0.14%, 8, 0, 11, 66.82
1733545413, 303, 17, 39, 0, 0, 0.14%, 8, 0, 11, 60.49
1733545448, 303, 33, 39, 0, 0, 0.14%, 8, 0, 11, 62.39
1733545458, 304, 10, 39, 0, 0, 0.14%, 8, 0, 11, 56.09
1733545474, 305, 23, 39, 0, 0, 0.14%, 8, 0, 11, 65.73
1733545504, 307, 33, 39, 0, 0, 0.14%, 8, 0, 11, 63.91
1733545514, 312, 14, 39, 0, 0, 0.14%, 8, 0, 11, 63.23
1733545550, 312, 31, 39, 0, 0, 0.14%, 8, 0, 11, 57.28
1733545565, 317, 33, 39, 0, 0, 0.14%, 8, 0, 11, 60.60
1733545575, 318, 25, 39, 0, 0, 0.14%, 8, 0, 11, 63.97
1733545611, 321, 14, 39, 0, 0, 0.14%, 8, 0, 11, 66.77
1733545646, 321, 25, 39, 0, 0, 0.14%, 8, 0, 11, 58.98
1733545687, 323, 13, 39, 0, 0, 0.14%, 8, 0, 11, 85.54
1733545748, 323, 16, 39, 0, 0, 0.14%, 8, 0, 11, 65.07
1733545763, 325, 17, 39, 0, 0, 0.14%, 8, 0, 11, 59.97
1733545804, 328, 13, 39, 0, 0, 0.14%, 8, 0, 11, 56.21
1733545809, 332, 32, 39, 0, 0, 0.14%, 8, 0, 11, 62.59
1733545844, 334, 12, 39, 0, 0, 0.14%, 8, 0, 11, 63.32
1733545880, 335, 31, 39, 0, 0, 0.14%, 8, 0, 11, 61.79
1733545895, 337, 13, 39, 0, 0, 0.14%, 8, 0, 11, 61.79
1733545910, 337, 23, 39, 0, 0, 0.14%, 8, 0, 11, 65.85
1733545946, 343, 26, 39, 0, 0, 0.14%, 8, 0, 11, 75.03
1733545956, 344, 27, 39, 0, 0, 0.14%, 8, 0, 11, 62.83
1733545992, 349, 15, 39, 0, 0, 0.14%, 8, 0, 11, 62.71
1733546032, 354, 10, 39, 0, 0, 0.14%, 8, 0, 11, 51.82
1733546058, 354, 22, 39, 0, 0, 0.14%, 8, 0, 11, 58.96
1733546103, 355, 13, 39, 0, 0, 0.14%, 8, 0, 11, 61.11
1733546133, 359, 27, 39, 0, 0, 0.14%, 8, 0, 11, 54.23
1733546174, 359, 32, 39, 0, 0, 0.14%, 8, 0, 11, 77.30
1733546209, 362, 25, 39, 0, 0, 0.14%, 8, 0, 11, 62.52
1733546245, 364, 15, 39, 0, 0, 0.14%, 8, 0, 11, 58.94
1733546285, 365, 25, 39, 0, 0, 0.14%, 8, 0, 11, 64.08
1733546326, 366, 32, 39, 0, 0, 0.14%, 8, 0, 11, 71.00
1733546362, 371, 13, 39, 0, 0, 0.14%, 8, 0, 11, 63.35
1733546398, 373, 32, 39, 0, 0, 0.14%, 8, 0, 11, 63.91
1733546433, 375, 27, 39, 0, 0, 0.14%, 8, 0, 11, 60.51
1733546474, 376, 32, 39, 0, 0, 0.14%, 8, 0, 11, 70.35
1733546509, 377, 10, 39, 0, 0, 0.14%, 8, 0, 11, 58.26
1733546555, 378, 26, 39, 0, 0, 0.14%, 8, 0, 11, 68.69
1733546565, 379, 12, 39, 0, 0, 0.14%, 8, 0, 11, 57.06
1733546601, 379, 31, 39, 0, 0, 0.14%, 8, 0, 11, 61.41
1733546616, 381, 31, 39, 0, 0, 0.14%, 8, 0, 11, 64.09
1733546632, 382, 27, 39, 0, 0, 0.14%, 8, 0, 11, 64.07
1733546667, 383, 15, 39, 0, 0, 0.14%, 8, 0, 11, 61.88
1733546708, 385, 26, 39, 0, 0, 0.14%, 8, 0, 11, 70.38
1733546733, 387, 18, 39, 0, 0, 0.14%, 8, 0, 11, 63.45
1733546774, 391, 31, 39, 0, 0, 0.14%, 8, 0, 11, 61.94
1733546789, 392, 18, 39, 0, 0, 0.14%, 8, 0, 11, 59.26
1733546825, 397, 31, 39, 0, 0, 0.14%, 8, 0, 11, 55.79
1733546840, 399, 25, 39, 0, 0, 0.14%, 8, 0, 11, 64.78
1733546881, 405, 25, 39, 0, 0, 0.14%, 8, 0, 11, 62.64
1733546916, 407, 25, 39, 0, 0, 0.14%, 8, 0, 11, 61.51
1733546957, 408, 12, 39, 0, 0, 0.14%, 8, 0, 11, 58.17
1733546992, 412, 31, 39, 0, 0, 0.14%, 8, 0, 11, 60.13
1733547007, 421, 26, 39, 0, 0, 0.14%, 8, 0, 11, 72.64
1733547043, 431, 31, 39, 0, 0, 0.14%, 8, 0, 11, 61.74
1733547058, 432, 31, 39, 0, 0, 0.14%, 8, 0, 11, 60.03
1733547068, 434, 31, 39, 0, 0, 0.14%, 8, 0, 11, 54.94
1733547083, 436, 31, 39, 0, 0, 0.14%, 8, 0, 11, 62.16
1733547098, 443, 31, 39, 0, 0, 0.14%, 8, 0, 11, 60.46
1733547114, 448, 25, 39, 0, 0, 0.14%, 8, 0, 11, 61.76
1733547154, 450, 31, 39, 0, 0, 0.14%, 8, 0, 11, 61.38
1733547170, 465, 31, 39, 0, 0, 0.14%, 8, 0, 11, 61.85
1733547175, 468, 12, 39, 0, 0, 0.14%, 8, 0, 11, 54.42
1733547205, 475, 31, 39, 0, 0, 0.14%, 8, 0, 11, 62.60
1733547210, 476, 31, 39, 0, 0, 0.14%, 8, 0, 11, 67.04
1733547220, 478, 26, 39, 0, 0, 0.14%, 8, 0, 11, 71.76
1733547256, 492, 25, 39, 0, 0, 0.14%, 8, 0, 11, 60.71
1733547271, 506, 31, 39, 0, 0, 0.14%, 8, 0, 11, 57.94
1733547276, 537, 25, 39, 0, 0, 0.14%, 8, 0, 11, 58.44
1733547292, 541, 31, 39, 0, 0, 0.14%, 8, 0, 11, 57.13
1733547302, 555, 25, 39, 0, 0, 0.14%, 8, 0, 11, 68.82
1733547312, 557, 25, 39, 0, 0, 0.14%, 8, 0, 11, 59.09
1733547327, 576, 25, 39, 0, 0, 0.14%, 8, 0, 11, 64.45
1733547342, 583, 31, 39, 0, 0, 0.14%, 8, 0, 11, 62.09
1733547352, 585, 25, 39, 0, 0, 0.14%, 8, 0, 11, 63.44
1733547363, 601, 31, 39, 0, 0, 0.14%, 8, 0, 11, 61.98
1733547373, 604, 25, 39, 0, 0, 0.14%, 8, 0, 11, 61.43
1733547388, 617, 25, 39, 0, 0, 0.14%, 8, 0, 11, 65.68
1733547398, 644, 25, 39, 0, 0, 0.14%, 8, 0, 11, 58.30
1733547413, 652, 25, 39, 0, 0, 0.14%, 8, 0, 11, 64.25
1733547428, 662, 31, 39, 0, 0, 0.14%, 8, 0, 11, 63.86
1733547433, 682, 25, 39, 0, 0, 0.14%, 8, 0, 11, 60.82
1733547449, 719, 31, 39, 0, 0, 0.14%, 8, 0, 11, 62.69
1733547454, 754, 25, 39, 0, 0, 0.14%, 8, 0, 11, 59.26
1733547469, 766, 31, 39, 0, 0, 0.14%, 8, 0, 11, 62.19
1733547474, 770, 25, 39, 0, 0, 0.14%, 8, 0, 11, 62.54
1733547489, 775, 25, 39, 0, 0, 0.14%, 8, 0, 11, 64.99
1733547505, 777, 25, 39, 0, 0, 0.14%, 8, 0, 11, 59.91
1733547520, 779, 25, 39, 0, 0, 0.14%, 8, 0, 11, 62.75
1733547535, 779, 31, 39, 0, 0, 0.14%, 8, 0, 11, 55.12
1733547540, 784, 25, 39, 0, 0, 0.14%, 8, 0, 11, 61.22
1733547555, 802, 25, 39, 0, 0, 0.14%, 8, 0, 11, 61.67
1733547570, 809, 25, 39, 0, 0, 0.14%, 8, 0, 11, 60.23
1733547585, 817, 25, 39, 0, 0, 0.14%, 8, 0, 11, 64.00
1733547601, 817, 31, 39, 0, 0, 0.14%, 8, 0, 11, 59.45
1733547606, 833, 25, 39, 0, 0, 0.14%, 8, 0, 11, 63.73
1733547621, 835, 31, 39, 0, 0, 0.14%, 8, 0, 11, 54.81
1733547626, 848, 31, 39, 0, 0, 0.14%, 8, 0, 11, 57.37
1733547636, 860, 31, 39, 0, 0, 0.14%, 8, 0, 11, 62.65
1733547641, 863, 25, 39, 0, 0, 0.14%, 8, 0, 11, 64.27
1733547657, 868, 31, 39, 0, 0, 0.14%, 8, 0, 11, 65.47
1733547662, 876, 25, 39, 0, 0, 0.14%, 8, 0, 11, 60.62
1733547677, 879, 25, 39, 0, 0, 0.14%, 8, 0, 11, 59.20
1733547692, 898, 31, 39, 0, 0, 0.14%, 8, 0, 11, 61.17
1733547697, 910, 25, 39, 0, 0, 0.14%, 8, 0, 11, 55.16
1733547712, 911, 31, 39, 0, 0, 0.14%, 8, 0, 11, 59.71
1733547717, 912, 25, 39, 0, 0, 0.14%, 8, 0, 11, 65.78
1733547732, 947, 31, 39, 0, 0, 0.14%, 8, 0, 11, 63.02
1733547742, 956, 31, 39, 0, 0, 0.14%, 8, 0, 11, 57.78
1733547748, 999, 25, 39, 0, 0, 0.14%, 8, 0, 11, 61.47
1733547763, 1002, 25, 39, 0, 0, 0.14%, 8, 0, 11, 61.87
1733547773, 1003, 31, 39, 0, 0, 0.14%, 8, 0, 11, 59.94
1733547783, 1004, 25, 39, 0, 0, 0.14%, 8, 0, 11, 63.02
1733547798, 1016, 31, 39, 0, 0, 0.14%, 8, 0, 11, 60.48
1733547803, 1035, 31, 39, 0, 0, 0.14%, 8, 0, 11, 58.88
1733547813, 1036, 25, 39, 0, 0, 0.14%, 8, 0, 11, 58.46
1733547819, 1043, 25, 39, 0, 0, 0.14%, 8, 0, 11, 63.55
1733547824, 1044, 25, 39, 0, 0, 0.14%, 8, 0, 11, 59.57
1733547834, 1047, 31, 39, 0, 0, 0.14%, 8, 0, 11, 58.66
1733547839, 1052, 31, 39, 0, 0, 0.14%, 8, 0, 11, 64.38
1733547844, 1076, 31, 39, 0, 0, 0.14%, 8, 0, 11, 62.96
1733547854, 1079, 25, 39, 0, 0, 0.14%, 8, 0, 11, 61.75
1733547859, 1088, 25, 39, 0, 0, 0.14%, 8, 0, 11, 63.06
1733547870, 1098, 25, 39, 0, 0, 0.14%, 8, 0, 11, 59.53
1733547875, 1098, 31, 39, 0, 0, 0.14%, 8, 0, 11, 61.05
1733547880, 1117, 25, 39, 0, 0, 0.14%, 8, 0, 11, 63.55
1733547890, 1125, 25, 39, 0, 0, 0.14%, 8, 0, 11, 61.08
1733547895, 1125, 31, 39, 0, 0, 0.14%, 8, 0, 11, 59.66
1733547905, 1130, 25, 39, 0, 0, 0.14%, 8, 0, 11, 58.98
1733547910, 1153, 25, 39, 0, 0, 0.14%, 8, 0, 11, 61.44
1733547921, 1169, 25, 39, 0, 0, 0.14%, 8, 0, 11, 59.81
1733547926, 1180, 25, 39, 0, 0, 0.14%, 8, 0, 11, 56.94
1733547931, 1188, 25, 39, 0, 0, 0.14%, 8, 0, 11, 56.43
1733547941, 1194, 25, 39, 0, 0, 0.14%, 8, 0, 11, 61.24
1733547946, 1195, 25, 39, 0, 0, 0.14%, 8, 0, 11, 61.80
1733547956, 1214, 25, 39, 0, 0, 0.14%, 8, 0, 11, 61.64
1733547961, 1231, 25, 39, 0, 0, 0.14%, 8, 0, 11, 60.49
1733547971, 1238, 25, 39, 0, 0, 0.14%, 8, 0, 11, 61.60
1733547976, 1245, 25, 39, 0, 0, 0.14%, 8, 0, 11, 62.79
1733547981, 1247, 25, 39, 0, 0, 0.14%, 8, 0, 11, 59.26
1733547991, 1250, 25, 39, 0, 0, 0.14%, 8, 0, 11, 58.50
1733547996, 1291, 31, 39, 0, 0, 0.14%, 8, 0, 11, 61.01
1733548002, 1298, 25, 39, 0, 0, 0.14%, 8, 0, 11, 59.77
1733548012, 1304, 25, 39, 0, 0, 0.14%, 8, 0, 11, 62.56
1733548017, 1315, 31, 39, 0, 0, 0.14%, 8, 0, 11, 58.18
1733548027, 1318, 25, 39, 0, 0, 0.14%, 8, 0, 11, 58.41
1733548032, 1352, 25, 39, 0, 0, 0.14%, 8, 0, 11, 62.10
1733548043, 1366, 25, 39, 0, 0, 0.14%, 8, 0, 11, 61.67
1733548048, 1370, 25, 39, 0, 0, 0.14%, 8, 0, 11, 62.42
1733548053, 1379, 25, 39, 0, 0, 0.14%, 8, 0, 11, 63.70
1733548063, 1390, 25, 39, 0, 0, 0.14%, 8, 0, 11, 62.03
1733548068, 1403, 31, 39, 0, 0, 0.14%, 8, 0, 11, 61.62
1733548078, 1414, 25, 39, 0, 0, 0.14%, 8, 0, 11, 63.61
1733548083, 1417, 31, 39, 0, 0, 0.14%, 8, 0, 11, 63.03
1733548088, 1449, 25, 39, 0, 0, 0.14%, 8, 0, 11, 57.18
1733548098, 1456, 31, 39, 0, 0, 0.14%, 8, 0, 11, 56.40
1733548103, 1474, 31, 39, 0, 0, 0.14%, 8, 0, 11, 58.39
1733548113, 1478, 31, 39, 0, 0, 0.14%, 8, 0, 11, 60.02
1733548118, 1482, 31, 39, 0, 0, 0.14%, 8, 0, 11, 60.47
1733548128, 1485, 25, 39, 0, 0, 0.14%, 8, 0, 11, 60.60
1733548134, 1498, 25, 39, 0, 0, 0.14%, 8, 0, 11, 58.70
1733548144, 1510, 31, 39, 0, 0, 0.14%, 8, 0, 11, 61.88
1733548149, 1512, 31, 39, 0, 0, 0.14%, 8, 0, 11, 59.40
1733548159, 1522, 31, 39, 0, 0, 0.14%, 8, 0, 11, 56.46
1733548164, 1549, 25, 39, 0, 0, 0.14%, 8, 0, 11, 55.97
1733548169, 1552, 31, 39, 0, 0, 0.14%, 8, 0, 11, 58.34
1733548179, 1565, 31, 39, 0, 0, 0.14%, 8, 0, 11, 62.32
1733548184, 1588, 25, 39, 0, 0, 0.14%, 8, 0, 11, 65.53
1733548189, 1595, 31, 39, 0, 0, 0.14%, 8, 0, 11, 61.08
1733548199, 1614, 25, 39, 0, 0, 0.14%, 8, 0, 11, 65.38
1733548204, 1618, 31, 39, 0, 0, 0.14%, 8, 0, 11, 61.62
1733548215, 1622, 31, 39, 0, 0, 0.14%, 8, 0, 11, 59.02
1733548220, 1655, 31, 39, 0, 0, 0.14%, 8, 0, 11, 60.77
1733548225, 1659, 31, 39, 0, 0, 0.14%, 8, 0, 11, 62.34
1733548235, 1672, 25, 39, 0, 0, 0.14%, 8, 0, 11, 62.85
1733548240, 1679, 31, 39, 0, 0, 0.14%, 8, 0, 11, 61.77
1733548250, 1690, 25, 39, 0, 0, 0.14%, 8, 0, 11, 60.58
1733548255, 1692, 25, 39, 0, 0, 0.14%, 8, 0, 11, 63.32
1733548265, 1702, 31, 39, 0, 0, 0.14%, 8, 0, 11, 58.13
1733548270, 1708, 25, 39, 0, 0, 0.14%, 8, 0, 11, 58.79
1733548275, 1716, 25, 39, 0, 0, 0.14%, 8, 0, 11, 59.64
1733548285, 1716, 31, 39, 0, 0, 0.14%, 8, 0, 11, 61.73
1733548291, 1720, 31, 39, 0, 0, 0.14%, 8, 0, 11, 60.62
1733548301, 1726, 25, 39, 0, 0, 0.14%, 8, 0, 11, 66.99
1733548306, 1737, 25, 39, 0, 0, 0.14%, 8, 0, 11, 61.44
1733548311, 1740, 25, 39, 0, 0, 0.14%, 8, 0, 11, 61.51
1733548321, 1758, 31, 39, 0, 0, 0.14%, 8, 0, 11, 66.57
1733548326, 1759, 31, 39, 0, 0, 0.14%, 8, 0, 11, 66.84
1733548331, 1771, 31, 39, 0, 0, 0.14%, 8, 0, 11, 60.51
1733548342, 1798, 31, 39, 0, 0, 0.14%, 8, 0, 11, 57.30
1733548347, 1799, 25, 39, 0, 0, 0.14%, 8, 0, 11, 59.76
1733548357, 1809, 25, 39, 0, 0, 0.14%, 8, 0, 11, 63.24
1733548362, 1814, 31, 39, 0, 0, 0.14%, 8, 0, 11, 63.06
1733548367, 1832, 25, 39, 0, 0, 0.14%, 8, 0, 11, 59.48
1733548377, 1834, 25, 39, 0, 0, 0.14%, 8, 0, 11, 65.64
1733548382, 1849, 31, 39, 0, 0, 0.14%, 8, 0, 11, 62.69
1733548392, 1850, 31, 39, 0, 0, 0.14%, 8, 0, 11, 58.20
1733548398, 1860, 25, 39, 0, 0, 0.14%, 8, 0, 11, 57.86
1733548408, 1865, 25, 39, 0, 0, 0.14%, 8, 0, 11, 58.01
1733548413, 1877, 31, 39, 0, 0, 0.14%, 8, 0, 11, 59.85
1733548418, 1889, 25, 39, 0, 0, 0.14%, 8, 0, 11, 60.87
1733548428, 1892, 31, 39, 0, 0, 0.14%, 8, 0, 11, 58.66
1733548433, 1912, 31, 39, 0, 0, 0.14%, 8, 0, 11, 60.81
1733548443, 1917, 31, 39, 0, 0, 0.14%, 8, 0, 11, 60.16
1733548448, 1937, 25, 39, 0, 0, 0.14%, 8, 0, 11, 63.66
1733548453, 1948, 31, 39, 0, 0, 0.14%, 8, 0, 11, 64.45
1733548463, 1954, 31, 39, 0, 0, 0.14%, 8, 0, 11, 61.46
1733548468, 1957, 31, 39, 0, 0, 0.14%, 8, 0, 11, 61.10
1733548478, 1980, 25, 39, 0, 0, 0.14%, 8, 0, 11, 66.57
1733548483, 1985, 25, 39, 0, 0, 0.14%, 8, 0, 11, 66.94
1733548489, 2000, 25, 39, 0, 0, 0.14%, 8, 0, 11, 62.91
1733548499, 2003, 31, 39, 0, 0, 0.14%, 8, 0, 11, 60.65
1733548504, 2009, 31, 39, 0, 0, 0.14%, 8, 0, 11, 57.67
1733548514, 2021, 25, 39, 0, 0, 0.14%, 8, 0, 11, 60.45
1733548519, 2047, 31, 39, 0, 0, 0.14%, 8, 0, 11, 62.55
1733548524, 2069, 25, 39, 0, 0, 0.14%, 8, 0, 11, 59.49
1733548534, 2075, 31, 39, 0, 0, 0.14%, 8, 0, 11, 60.53
1733548539, 2076, 31, 39, 0, 0, 0.14%, 8, 0, 11, 61.53
1733548549, 2081, 25, 39, 0, 0, 0.14%, 8, 0, 11, 62.20
1733548554, 2084, 31, 39, 0, 0, 0.14%, 8, 0, 11, 62.02
1733548560, 2098, 31, 39, 0, 0, 0.14%, 8, 0, 11, 63.67
1733548570, 2106, 31, 39, 0, 0, 0.14%, 8, 0, 11, 58.18
1733548575, 2113, 25, 39, 0, 0, 0.14%, 8, 0, 11, 62.20
1733548585, 2117, 31, 39, 0, 0, 0.14%, 8, 0, 11, 61.41
1733548590, 2124, 25, 39, 0, 0, 0.14%, 8, 0, 11, 62.38
1733548595, 2128, 31, 39, 0, 0, 0.14%, 8, 0, 11, 63.67
1733548605, 2135, 25, 39, 0, 0, 0.14%, 8, 0, 11, 64.67
1733548610, 2139, 25, 39, 0, 0, 0.14%, 8, 0, 11, 58.23
1733548620, 2144, 25, 39, 0, 0, 0.14%, 8, 0, 11, 61.15
1733548625, 2155, 31, 39, 0, 0, 0.14%, 8, 0, 11, 60.10
1733548636, 2173, 25, 39, 0, 0, 0.14%, 8, 0, 11, 59.89
1733548641, 2175, 25, 39, 0, 0, 0.14%, 8, 0, 11, 61.51
1733548646, 2178, 25, 39, 0, 0, 0.14%, 8, 0, 11, 54.46
1733548656, 2183, 25, 39, 0, 0, 0.14%, 8, 0, 11, 60.03
1733548661, 2188, 25, 39, 0, 0, 0.14%, 8, 0, 11, 63.32
1733548671, 2204, 31, 39, 0, 0, 0.14%, 8, 0, 11, 61.60
1733548676, 2232, 25, 39, 0, 0, 0.14%, 8, 0, 11, 60.63
1733548686, 2237, 31, 39, 0, 0, 0.14%, 8, 0, 11, 57.41
1733548691, 2238, 31, 39, 0, 0, 0.14%, 8, 0, 11, 59.14
1733548697, 2249, 25, 39, 0, 0, 0.14%, 8, 0, 11, 65.15
1733548707, 2252, 25, 39, 0, 0, 0.14%, 8, 0, 11, 62.26
1733548712, 2256, 31, 39, 0, 0, 0.14%, 8, 0, 11, 64.79
1733548722, 2297, 25, 39, 0, 0, 0.14%, 8, 0, 11, 58.69
1733548727, 2302, 31, 39, 0, 0, 0.14%, 8, 0, 11, 60.75
1733548732, 2303, 0, 39, 0, 0, 0.14%, 8, 0, 11, 58.64
1733548737, 2317, 31, 39, 0, 0, 0.14%, 8, 0, 11, 57.12
1733548742, 2321, 31, 39, 0, 0, 0.14%, 8, 0, 11, 59.30
1733548747, 2341, 25, 39, 0, 0, 0.14%, 8, 0, 11, 58.79
1733548758, 2344, 25, 39, 0, 0, 0.14%, 8, 0, 11, 62.01
1733548763, 2348, 31, 39, 0, 0, 0.14%, 8, 0, 11, 63.29
1733548773, 2355, 25, 39, 0, 0, 0.14%, 8, 0, 11, 66.51
1733548778, 2355, 31, 39, 0, 0, 0.14%, 8, 0, 11, 61.69
1733548783, 2357, 25, 39, 0, 0, 0.14%, 8, 0, 11, 63.72
1733548793, 2371, 25, 39, 0, 0, 0.14%, 8, 0, 11, 58.59
1733548799, 2397, 31, 39, 0, 0, 0.14%, 8, 0, 11, 63.40
1733548809, 2444, 31, 39, 0, 0, 0.14%, 8, 0, 11, 60.41
1733548814, 2452, 25, 39, 0, 0, 0.14%, 8, 0, 11, 61.15
1733548819, 2454, 31, 39, 0, 0, 0.14%, 8, 0, 11, 58.18
1733548829, 2458, 25, 39, 0, 0, 0.14%, 8, 0, 11, 59.52
1733548834, 2468, 31, 39, 0, 0, 0.14%, 8, 0, 11, 62.92
1733548844, 2484, 25, 39, 0, 0, 0.14%, 8, 0, 11, 60.24
1733548850, 2519, 31, 39, 0, 0, 0.14%, 8, 0, 11, 59.36
1733548860, 2526, 31, 39, 0, 0, 0.14%, 8, 0, 11, 61.27
1733548865, 2533, 25, 39, 0, 0, 0.14%, 8, 0, 11, 61.80
1733548870, 2537, 25, 39, 0, 0, 0.14%, 8, 0, 11, 64.25
1733548880, 2538, 31, 39, 0, 0, 0.14%, 8, 0, 11, 57.61
1733548885, 2546, 31, 39, 0, 0, 0.14%, 8, 0, 11, 57.78
1733548895, 2547, 31, 39, 0, 0, 0.14%, 8, 0, 11, 56.18
1733548900, 2557, 25, 39, 0, 0, 0.14%, 8, 0, 11, 60.22
1733548910, 2570, 25, 39, 0, 0, 0.14%, 8, 0, 11, 62.04
1733548915, 2585, 31, 39, 0, 0, 0.14%, 8, 0, 11, 59.48
1733548920, 2593, 31, 39, 0, 0, 0.14%, 8, 0, 11, 58.65
1733548930, 2621, 31, 39, 0, 0, 0.14%, 8, 0, 11, 58.37
1733548936, 2624, 31, 39, 0, 0, 0.14%, 8, 0, 11, 62.68
1733548941, 2638, 25, 39, 0, 0, 0.14%, 8, 0, 11, 67.12
1733548951, 2644, 25, 39, 0, 0, 0.14%, 8, 0, 11, 63.03
1733548956, 2651, 25, 39, 0, 0, 0.14%, 8, 0, 11, 58.93
1733548966, 2653, 25, 39, 0, 0, 0.14%, 8, 0, 11, 64.46
1733548971, 2662, 31, 39, 0, 0, 0.14%, 8, 0, 11, 60.07
1733548981, 2668, 25, 39, 0, 0, 0.14%, 8, 0, 11, 61.29
1733548986, 2672, 25, 39, 0, 0, 0.14%, 8, 0, 11, 62.92
1733548991, 2673, 31, 39, 0, 0, 0.14%, 8, 0, 11, 65.12
1733549001, 2675, 31, 39, 0, 0, 0.14%, 8, 0, 11, 63.50
1733549006, 2683, 25, 39, 0, 0, 0.14%, 8, 0, 11, 64.11
1733549012, 2698, 25, 39, 0, 0, 0.14%, 8, 0, 11, 64.00
1733549022, 2699, 25, 39, 0, 0, 0.14%, 8, 0, 11, 61.10
1733549027, 2704, 25, 39, 0, 0, 0.14%, 8, 0, 11, 62.56
1733549032, 2723, 31, 39, 0, 0, 0.14%, 8, 0, 11, 58.27
1733549042, 2729, 25, 39, 0, 0, 0.14%, 8, 0, 11, 62.65
1733549047, 2739, 31, 39, 0, 0, 0.14%, 8, 0, 11, 58.73
1733549058, 2775, 31, 39, 0, 0, 0.14%, 8, 0, 11, 61.11
1733549063, 2792, 25, 39, 0, 0, 0.14%, 8, 0, 11, 64.65
1733549073, 2793, 25, 39, 0, 0, 0.14%, 8, 0, 11, 60.43
1733549078, 2803, 25, 39, 0, 0, 0.14%, 8, 0, 11, 65.55
1733549083, 2811, 31, 39, 0, 0, 0.14%, 8, 0, 11, 66.67
1733549093, 2826, 31, 39, 0, 0, 0.14%, 8, 0, 11, 59.07
1733549098, 2828, 25, 39, 0, 0, 0.14%, 8, 0, 11, 66.09
1733549103, 2834, 25, 39, 0, 0, 0.14%, 8, 0, 11, 62.30
1733549113, 2848, 31, 39, 0, 0, 0.14%, 8, 0, 11, 61.33
1733549118, 2852, 25, 39, 0, 0, 0.14%, 8, 0, 11, 62.06
1733549123, 2855, 31, 39, 0, 0, 0.14%, 8, 0, 11, 63.18
1733549134, 2856, 31, 39, 0, 0, 0.14%, 8, 0, 11, 62.63
1733549139, 2858, 25, 39, 0, 0, 0.14%, 8, 0, 11, 58.45
1733549149, 2870, 31, 39, 0, 0, 0.14%, 8, 0, 11, 58.09
1733549154, 2886, 25, 39, 0, 0, 0.14%, 8, 0, 11, 59.42
1733549164, 2912, 25, 39, 0, 0, 0.14%, 8, 0, 11, 67.52
1733549169, 2915, 31, 39, 0, 0, 0.14%, 8, 0, 11, 60.46
1733549174, 2920, 25, 39, 0, 0, 0.14%, 8, 0, 11, 56.84
1733549184, 2922, 25, 39, 0, 0, 0.14%, 8, 0, 11, 60.45
1733549189, 2944, 25, 39, 0, 0, 0.14%, 8, 0, 11, 58.58
1733549200, 2960, 25, 39, 0, 0, 0.14%, 8, 0, 11, 59.27
1733549205, 2972, 31, 39, 0, 0, 0.14%, 8, 0, 11, 58.87
1733549215, 2978, 25, 39, 0, 0, 0.14%, 8, 0, 11, 66.23
1733549220, 2981, 31, 39, 0, 0, 0.14%, 8, 0, 11, 62.11
1733549225, 2987, 31, 39, 0, 0, 0.14%, 8, 0, 11, 58.55
1733549235, 2996, 31, 39, 0, 0, 0.14%, 8, 0, 11, 62.10
1733549240, 2998, 25, 39, 0, 0, 0.14%, 8, 0, 11, 66.37
1733549250, 3001, 31, 39, 0, 0, 0.14%, 8, 0, 11, 58.03
1733549255, 3003, 25, 39, 0, 0, 0.14%, 8, 0, 11, 61.82
1733549260, 3010, 31, 39, 0, 0, 0.14%, 8, 0, 11, 59.01
1733549270, 3017, 25, 39, 0, 0, 0.14%, 8, 0, 11, 60.79
1733549276, 3027, 25, 39, 0, 0, 0.14%, 8, 0, 11, 60.40
1733549286, 3027, 31, 39, 0, 0, 0.14%, 8, 0, 11, 60.88
1733549291, 3033, 25, 39, 0, 0, 0.14%, 8, 0, 11, 66.50
1733549301, 3072, 25, 39, 0, 0, 0.14%, 8, 0, 11, 59.36
1733549306, 3073, 31, 39, 0, 0, 0.14%, 8, 0, 11, 60.44
1733549311, 3082, 25, 39, 0, 0, 0.14%, 8, 0, 11, 61.85
1733549321, 3083, 25, 39, 0, 0, 0.14%, 8, 0, 11, 62.84
1733549326, 3088, 25, 39, 0, 0, 0.14%, 8, 0, 11, 60.87
1733549336, 3104, 25, 39, 0, 0, 0.14%, 8, 0, 11, 65.18
1733549341, 3120, 25, 39, 0, 0, 0.14%, 8, 0, 11, 66.97
1733549346, 3129, 25, 39, 0, 0, 0.14%, 8, 0, 11, 64.69
1733549356, 3138, 25, 39, 0, 0, 0.14%, 8, 0, 11, 62.45
1733549362, 3142, 25, 39, 0, 0, 0.14%, 8, 0, 11, 62.05
1733549367, 3193, 25, 39, 0, 0, 0.14%, 8, 0, 11, 60.67
1733549377, 3219, 25, 39, 0, 0, 0.14%, 8, 0, 11, 62.20
1733549382, 3220, 25, 39, 0, 0, 0.14%, 8, 0, 11, 60.46
1733549392, 3223, 31, 39, 0, 0, 0.14%, 8, 0, 11, 63.26
1733549397, 3258, 31, 39, 0, 0, 0.14%, 8, 0, 11, 60.34
1733549403, 3274, 25, 39, 0, 0, 0.14%, 8, 0, 11, 61.82
1733549413, 3275, 25, 39, 0, 0, 0.14%, 8, 0, 11, 65.02
1733549418, 3281, 31, 39, 0, 0, 0.14%, 8, 0, 11, 62.11
1733549423, 3287, 25, 39, 0, 0, 0.14%, 8, 0, 11, 61.70
1733549433, 3295, 31, 39, 0, 0, 0.14%, 8, 0, 11, 60.61
1733549438, 3323, 31, 39, 0, 0, 0.14%, 8, 0, 11, 57.13
1733549448, 3333, 31, 39, 0, 0, 0.14%, 8, 0, 11, 63.19
1733549453, 3339, 25, 39, 0, 0, 0.14%, 8, 0, 11, 61.95
1733549464, 3343, 25, 39, 0, 0, 0.14%, 8, 0, 11, 62.44
1733549469, 3359, 31, 39, 0, 0, 0.14%, 8, 0, 11, 62.44
1733549474, 3363, 31, 39, 0, 0, 0.14%, 8, 0, 11, 63.40
1733549484, 3366, 25, 39, 0, 0, 0.14%, 8, 0, 11, 53.34
1733549489, 3377, 25, 39, 0, 0, 0.14%, 8, 0, 11, 59.40
1733549499, 3390, 25, 39, 0, 0, 0.14%, 8, 0, 11, 65.43
1733549504, 3396, 25, 39, 0, 0, 0.14%, 8, 0, 11, 60.95
1733549509, 3403, 25, 39, 0, 0, 0.14%, 8, 0, 11, 59.31
1733549520, 3404, 25, 39, 0, 0, 0.14%, 8, 0, 11, 59.40
1733549525, 3423, 31, 39, 0, 0, 0.14%, 8, 0, 11, 62.41
1733549535, 3442, 31, 39, 0, 0, 0.14%, 8, 0, 11, 63.32
1733549540, 3444, 31, 39, 0, 0, 0.14%, 8, 0, 11, 63.86
1733549545, 3449, 25, 39, 0, 0, 0.14%, 8, 0, 11, 57.40
1733549555, 3449, 31, 39, 0, 0, 0.14%, 8, 0, 11, 59.79
1733549560, 3451, 25, 39, 0, 0, 0.14%, 8, 0, 11, 66.99
1733549571, 3453, 31, 39, 0, 0, 0.14%, 8, 0, 11, 61.53
1733549576, 3478, 25, 39, 0, 0, 0.14%, 8, 0, 11, 62.65
1733549581, 3479, 25, 39, 0, 0, 0.14%, 8, 0, 11, 61.08
1733549591, 3502, 31, 39, 0, 0, 0.14%, 8, 0, 11, 61.20
1733549596, 3513, 31, 39, 0, 0, 0.14%, 8, 0, 11, 60.95
1733549606, 3556, 25, 39, 0, 0, 0.14%, 8, 0, 11, 60.08
1733549611, 3574, 25, 39, 0, 0, 0.14%, 8, 0, 11, 67.05
1733549616, 3603, 25, 39, 0, 0, 0.14%, 8, 0, 11, 63.25
1733549626, 3622, 25, 39, 0, 0, 0.14%, 8, 0, 11, 64.15
1733549631, 3637, 25, 39, 0, 0, 0.14%, 8, 0, 11, 64.34
1733549636, 3642, 25, 39, 0, 0, 0.14%, 8, 0, 11, 60.02
1733549647, 3643, 25, 39, 0, 0, 0.14%, 8, 0, 11, 62.91
1733549652, 3679, 25, 39, 0, 0, 0.14%, 8, 0, 11, 62.50
1733549662, 3687, 25, 39, 0, 0, 0.14%, 8, 0, 11, 61.91
1733549667, 3706, 25, 39, 0, 0, 0.14%, 8, 0, 11, 62.29
1733549672, 3712, 25, 39, 0, 0, 0.14%, 8, 0, 11, 66.44
1733549682, 3714, 25, 39, 0, 0, 0.14%, 8, 0, 11, 57.58
1733549687, 3728, 25, 39, 0, 0, 0.14%, 8, 0, 11, 64.24
1733549692, 3739, 25, 39, 0, 0, 0.14%, 8, 0, 11, 57.67
1733549702, 3745, 25, 39, 0, 0, 0.14%, 8, 0, 11, 64.48
