# unix_time, cycles_done, cur_path, paths_total, pending_total, pending_favs, map_size, unique_crashes, unique_hangs, max_depth, execs_per_sec
1735644117, 0, 0, 10, 10, 1, 0.01%, 0, 0, 1, 35.96
1735644138, 1, 0, 10, 0, 0, 0.01%, 0, 0, 1, 45.88
1735644143, 1, 1, 10, 0, 0, 0.01%, 0, 0, 1, 44.52
1735644148, 1, 2, 10, 0, 0, 0.01%, 0, 0, 1, 45.97
1735644158, 1, 3, 10, 0, 0, 0.01%, 0, 0, 1, 45.97
1735644163, 1, 4, 10, 0, 0, 0.01%, 0, 0, 1, 45.14
1735644168, 1, 5, 10, 0, 0, 0.01%, 0, 0, 1, 45.37
1735644173, 1, 6, 10, 0, 0, 0.01%, 0, 0, 1, 43.84
1735644178, 1, 7, 10, 0, 0, 0.01%, 0, 0, 1, 46.48
1735644183, 1, 8, 10, 0, 0, 0.01%, 0, 0, 1, 45.32
1735644188, 1, 9, 10, 0, 0, 0.01%, 0, 0, 1, 44.09
1735644194, 2, 0, 10, 0, 0, 0.01%, 0, 0, 1, 44.57
1735644199, 2, 1, 10, 0, 0, 0.01%, 0, 0, 1, 47.57
1735644209, 2, 2, 10, 0, 0, 0.01%, 0, 0, 1, 45.99
1735644214, 2, 3, 10, 0, 0, 0.01%, 0, 0, 1, 45.53
1735644219, 2, 4, 10, 0, 0, 0.01%, 0, 0, 1, 45.32
1735644224, 2, 5, 10, 0, 0, 0.01%, 0, 0, 1, 45.20
1735644229, 2, 6, 10, 0, 0, 0.01%, 0, 0, 1, 46.88
1735644234, 2, 7, 10, 0, 0, 0.01%, 0, 0, 1, 45.98
1735644239, 2, 8, 10, 0, 0, 0.01%, 0, 0, 1, 42.28
1735644244, 2, 9, 10, 0, 0, 0.01%, 0, 0, 1, 44.86
1735644254, 3, 0, 10, 0, 0, 0.01%, 0, 0, 1, 44.08
1735644259, 3, 1, 10, 0, 0, 0.01%, 0, 0, 1, 45.61
1735644264, 3, 2, 10, 0, 0, 0.01%, 0, 0, 1, 45.02
1735644269, 3, 3, 11, 1, 0, 0.14%, 1, 0, 2, 47.60
1735644274, 3, 10, 11, 1, 1, 0.14%, 1, 0, 2, 57.81
1735644285, 3, 10, 12, 2, 1, 0.14%, 2, 0, 3, 50.54
1735644320, 3, 11, 12, 1, 1, 0.14%, 2, 0, 3, 67.88
1735644325, 3, 11, 13, 2, 1, 0.14%, 3, 0, 4, 64.73
1735644330, 3, 11, 14, 3, 1, 0.14%, 4, 0, 4, 51.76
1735644386, 3, 12, 14, 2, 2, 0.14%, 4, 0, 4, 52.55
1735644442, 4, 12, 14, 0, 0, 0.14%, 4, 0, 4, 48.53
1735644493, 4, 13, 15, 1, 0, 0.14%, 5, 0, 5, 70.21
1735644518, 4, 13, 16, 2, 0, 0.14%, 5, 0, 5, 51.53
1735644579, 4, 14, 16, 2, 2, 0.14%, 5, 0, 5, 66.31
1735644681, 4, 15, 16, 1, 1, 0.14%, 5, 0, 5, 55.15
1735644701, 4, 15, 17, 2, 1, 0.14%, 5, 0, 6, 52.64
1735644818, 4, 15, 18, 3, 1, 0.14%, 5, 0, 6, 49.39
1735644838, 4, 15, 20, 5, 1, 0.14%, 5, 0, 6, 55.37
1735644853, 4, 16, 20, 4, 2, 0.14%, 5, 0, 6, 77.00
1735644863, 4, 16, 21, 5, 2, 0.14%, 5, 0, 7, 87.48
1735644904, 4, 16, 22, 6, 2, 0.14%, 5, 0, 7, 55.63
1735644934, 4, 16, 23, 7, 2, 0.14%, 5, 0, 7, 55.60
1735644980, 4, 20, 23, 6, 1, 0.14%, 5, 0, 7, 90.09
1735645036, 4, 20, 25, 8, 1, 0.14%, 5, 0, 8, 54.91
1735645056, 5, 12, 26, 6, 0, 0.14%, 5, 0, 8, 53.95
1735645061, 5, 12, 27, 7, 0, 0.14%, 5, 0, 8, 50.19
1735645112, 5, 26, 27, 7, 1, 0.14%, 5, 0, 8, 46.94
1735645122, 5, 26, 28, 8, 1, 0.14%, 5, 0, 8, 114.95
1735645153, 5, 26, 30, 10, 1, 0.14%, 5, 0, 8, 114.45
1735645178, 5, 26, 32, 12, 1, 0.14%, 5, 0, 8, 106.20
1735645183, 5, 26, 34, 14, 1, 0.14%, 5, 0, 8, 109.35
1735645213, 5, 26, 36, 16, 1, 0.14%, 7, 0, 8, 112.93
1735645494, 5, 26, 37, 17, 1, 0.14%, 7, 0, 8, 70.02
1735645550, 5, 36, 37, 16, 1, 0.14%, 7, 0, 8, 101.74
1735645611, 5, 36, 38, 17, 1, 0.14%, 7, 0, 8, 67.79
1735645631, 5, 36, 40, 19, 1, 0.14%, 7, 0, 8, 73.99
1735645667, 5, 36, 42, 21, 1, 0.14%, 7, 0, 8, 71.19
1735645692, 5, 38, 42, 20, 2, 0.14%, 7, 0, 8, 69.04
1735645885, 5, 40, 42, 19, 1, 0.14%, 7, 0, 8, 85.11
1735645991, 6, 39, 42, 17, 0, 0.14%, 7, 0, 8, 43.24
1735646400, 6, 41, 42, 16, 0, 0.14%, 7, 0, 8, 66.91
1735646456, 7, 23, 42, 14, 0, 0.14%, 7, 0, 8, 78.17
1735646532, 8, 37, 42, 10, 0, 0.14%, 7, 0, 8, 54.53
1735646644, 11, 32, 42, 8, 0, 0.14%, 7, 0, 8, 43.12
1735646649, 12, 17, 42, 7, 0, 0.14%, 7, 0, 8, 101.76
1735646715, 15, 37, 42, 3, 0, 0.14%, 7, 0, 8, 63.17
1735646720, 16, 22, 42, 3, 0, 0.14%, 7, 0, 8, 61.81
1735646725, 16, 37, 42, 2, 0, 0.14%, 7, 0, 8, 53.20
1735646746, 17, 22, 42, 2, 0, 0.14%, 7, 0, 8, 66.95
1735646786, 17, 37, 42, 1, 0, 0.14%, 7, 0, 8, 61.33
1735646827, 18, 37, 42, 1, 0, 0.14%, 7, 0, 8, 70.67
1735646863, 19, 37, 42, 1, 0, 0.14%, 7, 0, 8, 70.09
1735646898, 20, 22, 42, 1, 0, 0.14%, 7, 0, 8, 62.22
1735646903, 20, 37, 42, 0, 0, 0.14%, 7, 0, 8, 58.77
1735646944, 21, 22, 42, 0, 0, 0.14%, 7, 0, 8, 61.47
1735646949, 21, 37, 42, 0, 0, 0.14%, 7, 0, 8, 64.86
1735646990, 22, 22, 42, 0, 0, 0.14%, 7, 0, 8, 61.41
1735647005, 22, 37, 42, 0, 0, 0.14%, 7, 0, 8, 74.75
1735647045, 23, 22, 42, 0, 0, 0.14%, 7, 0, 8, 62.41
1735647081, 23, 37, 42, 0, 0, 0.14%, 7, 0, 8, 65.26
1735647117, 24, 22, 42, 0, 0, 0.14%, 7, 0, 8, 70.27
1735647152, 25, 22, 42, 0, 0, 0.14%, 7, 0, 8, 58.45
1735647188, 26, 22, 42, 0, 0, 0.14%, 7, 0, 8, 55.54
1735647228, 26, 30, 42, 0, 0, 0.14%, 7, 0, 8, 110.18
1735647397, 27, 22, 42, 0, 0, 0.14%, 7, 0, 8, 63.47
1735647432, 27, 30, 42, 0, 0, 0.14%, 7, 0, 8, 64.37
1735647447, 28, 22, 42, 0, 0, 0.14%, 7, 0, 8, 62.96
1735647482, 28, 30, 42, 0, 0, 0.14%, 7, 0, 8, 67.77
1735647513, 28, 32, 42, 0, 0, 0.14%, 7, 0, 8, 111.38
1735647697, 29, 30, 42, 0, 0, 0.14%, 7, 0, 8, 64.27
1735647727, 30, 30, 42, 0, 0, 0.14%, 7, 0, 8, 67.69
1735647757, 31, 30, 42, 0, 0, 0.14%, 7, 0, 8, 62.45
1735647788, 32, 30, 42, 0, 0, 0.14%, 7, 0, 8, 60.02
1735647818, 33, 30, 42, 0, 0, 0.14%, 7, 0, 8, 61.76
1735647854, 34, 30, 42, 0, 0, 0.14%, 7, 0, 8, 63.93
1735647884, 35, 30, 42, 0, 0, 0.14%, 7, 0, 8, 66.32
1735647920, 37, 13, 42, 0, 0, 0.14%, 7, 0, 8, 57.77
1735647925, 38, 13, 42, 0, 0, 0.14%, 7, 0, 8, 58.13
1735647935, 40, 13, 42, 0, 0, 0.14%, 7, 0, 8, 60.15
1735647955, 47, 14, 42, 0, 0, 0.14%, 7, 0, 8, 58.89
1735647960, 50, 13, 42, 0, 0, 0.14%, 7, 0, 8, 57.72
1735648001, 51, 18, 42, 0, 0, 0.14%, 7, 0, 8, 86.50
1735648052, 53, 13, 42, 0, 0, 0.14%, 7, 0, 8, 64.01
1735648088, 55, 40, 42, 0, 0, 0.14%, 7, 0, 8, 70.38
1735648098, 56, 13, 42, 0, 0, 0.14%, 7, 0, 8, 60.58
1735648133, 56, 41, 42, 0, 0, 0.14%, 7, 0, 8, 70.74
1735648138, 61, 40, 42, 0, 0, 0.14%, 7, 0, 8, 61.25
1735648154, 61, 42, 43, 1, 1, 0.14%, 7, 0, 8, 77.46
1735648403, 65, 23, 43, 0, 0, 0.14%, 7, 0, 8, 65.49
1735648414, 70, 42, 43, 0, 0, 0.14%, 7, 0, 8, 66.36
1735648449, 71, 42, 43, 0, 0, 0.14%, 7, 0, 8, 71.93
1735648485, 72, 42, 43, 0, 0, 0.14%, 7, 0, 8, 69.21
1735648520, 73, 39, 43, 0, 0, 0.14%, 7, 0, 8, 62.44
1735648525, 73, 40, 43, 0, 0, 0.14%, 7, 0, 8, 63.21
1735648545, 73, 42, 43, 0, 0, 0.14%, 7, 0, 8, 71.15
1735648581, 74, 42, 43, 0, 0, 0.14%, 7, 0, 8, 66.58
1735648617, 75, 42, 43, 0, 0, 0.14%, 7, 0, 8, 72.73
1735648652, 76, 42, 43, 0, 0, 0.14%, 7, 0, 8, 69.31
1735648688, 77, 12, 43, 0, 0, 0.14%, 7, 0, 8, 64.75
1735648693, 77, 41, 43, 0, 0, 0.14%, 7, 0, 8, 62.14
1735648698, 80, 32, 43, 0, 0, 0.14%, 7, 0, 8, 67.40
1735648703, 80, 35, 43, 0, 0, 0.14%, 7, 0, 8, 67.77
1735649044, 82, 39, 43, 0, 0, 0.14%, 7, 0, 8, 71.14
1735649054, 91, 20, 43, 0, 0, 0.14%, 7, 0, 8, 64.40
1735649059, 93, 24, 43, 0, 0, 0.14%, 7, 0, 8, 77.49
1735649085, 96, 11, 43, 0, 0, 0.14%, 7, 0, 8, 62.33
1735649090, 98, 14, 43, 0, 0, 0.14%, 7, 0, 8, 58.61
1735649095, 98, 23, 43, 0, 0, 0.14%, 7, 0, 8, 59.02
1735649120, 102, 32, 43, 0, 0, 0.14%, 7, 0, 8, 64.87
1735649135, 103, 14, 43, 0, 0, 0.14%, 7, 0, 8, 57.58
1735649146, 103, 17, 43, 0, 0, 0.14%, 7, 0, 8, 66.82
1735649151, 103, 23, 43, 0, 0, 0.14%, 7, 0, 8, 63.47
1735649186, 103, 36, 43, 0, 0, 0.14%, 7, 0, 8, 65.05
1735649191, 104, 26, 43, 0, 0, 0.14%, 7, 0, 8, 67.11
1735649196, 104, 36, 43, 0, 0, 0.14%, 7, 0, 8, 65.51
1735649206, 106, 23, 43, 0, 0, 0.14%, 7, 0, 8, 61.36
1735649242, 106, 36, 43, 0, 0, 0.14%, 7, 0, 8, 54.03
1735649267, 107, 35, 43, 0, 0, 0.14%, 7, 0, 8, 65.16
1735649272, 109, 39, 43, 0, 0, 0.14%, 7, 0, 8, 75.04
1735649283, 110, 40, 43, 0, 0, 0.14%, 7, 0, 8, 71.67
1735649308, 111, 31, 43, 0, 0, 0.14%, 7, 0, 8, 82.64
1735649497, 113, 41, 43, 0, 0, 0.14%, 7, 0, 8, 58.89
1735649517, 114, 20, 43, 0, 0, 0.14%, 7, 0, 8, 62.00
1735649527, 115, 23, 43, 0, 0, 0.14%, 7, 0, 8, 58.47
1735649568, 116, 17, 43, 0, 0, 0.14%, 7, 0, 8, 62.75
1735649573, 117, 20, 43, 0, 0, 0.14%, 7, 0, 8, 67.41
1735649594, 118, 13, 43, 0, 0, 0.14%, 7, 0, 8, 59.85
1735649634, 118, 23, 43, 0, 0, 0.14%, 7, 0, 8, 59.67
1735649670, 122, 36, 43, 0, 0, 0.14%, 7, 0, 8, 66.11
1735649710, 122, 39, 43, 0, 0, 0.14%, 7, 0, 8, 78.18
1735649731, 123, 14, 43, 0, 0, 0.14%, 7, 0, 8, 63.61
1735649756, 124, 12, 43, 0, 0, 0.14%, 7, 0, 8, 59.41
1735649771, 125, 39, 43, 0, 0, 0.14%, 7, 0, 8, 80.25
1735649806, 128, 24, 43, 0, 0, 0.14%, 7, 0, 8, 61.79
1735649816, 129, 24, 43, 0, 0, 0.14%, 7, 0, 8, 64.55
1735649847, 130, 23, 43, 0, 0, 0.14%, 7, 0, 8, 58.97
1735649882, 132, 13, 43, 0, 0, 0.14%, 7, 0, 8, 68.21
1735649923, 132, 19, 43, 0, 0, 0.14%, 7, 0, 8, 74.66
1735649984, 132, 39, 43, 0, 0, 0.14%, 7, 0, 8, 73.95
1735650019, 133, 13, 43, 0, 0, 0.14%, 7, 0, 8, 57.57
1735650060, 135, 18, 43, 0, 0, 0.14%, 7, 0, 8, 64.50
1735650065, 136, 20, 43, 0, 0, 0.14%, 7, 0, 8, 62.06
1735650100, 136, 32, 43, 0, 0, 0.14%, 7, 0, 8, 70.24
1735650126, 136, 35, 43, 0, 0, 0.14%, 7, 0, 8, 65.14
1735650141, 136, 40, 43, 0, 0, 0.14%, 7, 0, 8, 71.62
1735650176, 138, 18, 43, 0, 0, 0.14%, 7, 0, 8, 61.52
1735650187, 139, 18, 43, 0, 0, 0.14%, 7, 0, 8, 69.93
1735650207, 141, 24, 43, 0, 0, 0.14%, 7, 0, 8, 63.06
1735650232, 141, 35, 43, 0, 0, 0.14%, 7, 0, 8, 67.92
1735650268, 141, 40, 43, 0, 0, 0.14%, 7, 0, 8, 61.17
1735650303, 142, 34, 43, 0, 0, 0.14%, 7, 0, 8, 104.81
1735650649, 143, 40, 43, 0, 0, 0.14%, 7, 0, 8, 69.54
1735650684, 144, 39, 43, 0, 0, 0.14%, 7, 0, 8, 74.02
1735650715, 145, 21, 43, 0, 0, 0.14%, 7, 0, 8, 66.14
1735650725, 147, 11, 43, 0, 0, 0.14%, 7, 0, 8, 57.31
1735650730, 147, 21, 43, 0, 0, 0.14%, 7, 0, 8, 59.79
1735650735, 149, 13, 43, 0, 0, 0.14%, 7, 0, 8, 60.66
1735650776, 150, 18, 43, 0, 0, 0.14%, 7, 0, 8, 69.22
1735650811, 151, 36, 43, 0, 0, 0.14%, 7, 0, 8, 67.76
1735650847, 153, 12, 43, 0, 0, 0.14%, 7, 0, 8, 62.54
1735650867, 153, 40, 43, 0, 0, 0.14%, 7, 0, 8, 66.79
1735650908, 154, 14, 43, 0, 0, 0.14%, 7, 0, 8, 57.51
1735650943, 154, 35, 43, 0, 0, 0.14%, 7, 0, 8, 66.23
1735650968, 155, 26, 43, 0, 0, 0.14%, 7, 0, 8, 66.32
1735650973, 156, 20, 43, 0, 0, 0.14%, 7, 0, 8, 63.07
1735651009, 157, 12, 43, 0, 0, 0.14%, 7, 0, 8, 65.59
1735651044, 158, 26, 43, 0, 0, 0.14%, 7, 0, 8, 61.97
1735651054, 158, 41, 43, 0, 0, 0.14%, 7, 0, 8, 61.01
1735651090, 159, 17, 43, 0, 0, 0.14%, 7, 0, 8, 72.40
1735651115, 159, 39, 43, 0, 0, 0.14%, 7, 0, 8, 80.70
1735651146, 159, 41, 43, 0, 0, 0.14%, 7, 0, 8, 63.64
1735651186, 160, 18, 43, 0, 0, 0.14%, 7, 0, 8, 63.94
1735651217, 162, 21, 43, 0, 0, 0.14%, 7, 0, 8, 75.61
1735651262, 162, 41, 43, 0, 0, 0.14%, 7, 0, 8, 63.07
1735651298, 163, 32, 43, 0, 0, 0.14%, 7, 0, 8, 57.95
1735651334, 166, 18, 43, 0, 0, 0.14%, 7, 0, 8, 69.04
1735651364, 166, 20, 43, 0, 0, 0.14%, 7, 0, 8, 68.41
1735651405, 168, 11, 43, 0, 0, 0.14%, 7, 0, 8, 63.52
1735651410, 168, 17, 43, 0, 0, 0.14%, 7, 0, 8, 65.19
1735651440, 168, 25, 43, 0, 0, 0.14%, 7, 0, 8, 77.05
1735651476, 168, 40, 43, 0, 0, 0.14%, 7, 0, 8, 68.70
1735651511, 171, 41, 43, 0, 0, 0.14%, 7, 0, 8, 63.93
1735651552, 172, 26, 43, 0, 0, 0.14%, 7, 0, 8, 73.50
1735651572, 173, 32, 43, 0, 0, 0.14%, 7, 0, 8, 64.74
1735651608, 175, 33, 43, 0, 0, 0.14%, 7, 0, 8, 103.95
1735651787, 180, 17, 43, 0, 0, 0.14%, 7, 0, 8, 69.01
1735651822, 181, 24, 43, 0, 0, 0.14%, 7, 0, 8, 66.34
1735651858, 182, 32, 43, 0, 0, 0.14%, 7, 0, 8, 66.76
1735651888, 183, 23, 43, 0, 0, 0.14%, 7, 0, 8, 63.33
1735651924, 183, 32, 43, 0, 0, 0.14%, 7, 0, 8, 60.40
1735651954, 183, 35, 43, 0, 0, 0.14%, 7, 0, 8, 66.34
1735651985, 184, 11, 43, 0, 0, 0.14%, 7, 0, 8, 59.97
1735651995, 185, 18, 43, 0, 0, 0.14%, 7, 0, 8, 66.83
1735652025, 186, 21, 43, 0, 0, 0.14%, 7, 0, 8, 61.30
1735652030, 186, 24, 43, 0, 0, 0.14%, 7, 0, 8, 60.52
1735652066, 186, 38, 43, 0, 0, 0.14%, 7, 0, 8, 73.94
1735652071, 187, 38, 43, 0, 0, 0.14%, 7, 0, 8, 76.92
1735652091, 190, 34, 43, 0, 0, 0.14%, 7, 0, 8, 57.46
1735652096, 190, 40, 43, 0, 0, 0.14%, 7, 0, 8, 73.63
1735652132, 194, 36, 43, 0, 0, 0.14%, 7, 0, 8, 73.58
1735652167, 195, 33, 43, 0, 0, 0.14%, 7, 0, 8, 70.45
1735652172, 196, 14, 43, 0, 0, 0.14%, 7, 0, 8, 59.79
1735652213, 197, 11, 43, 0, 0, 0.14%, 7, 0, 8, 56.91
1735652233, 197, 21, 43, 0, 0, 0.14%, 7, 0, 8, 64.79
1735652238, 197, 40, 43, 0, 0, 0.14%, 7, 0, 8, 67.90
1735652274, 198, 25, 43, 0, 0, 0.14%, 7, 0, 8, 56.59
1735652289, 198, 41, 43, 0, 0, 0.14%, 7, 0, 8, 65.05
1735652325, 199, 25, 43, 0, 0, 0.14%, 7, 0, 8, 62.48
1735652350, 200, 12, 43, 0, 0, 0.14%, 7, 0, 8, 66.48
1735652380, 202, 12, 43, 0, 0, 0.14%, 7, 0, 8, 57.95
1735652416, 202, 17, 43, 0, 0, 0.14%, 7, 0, 8, 65.15
1735652451, 202, 24, 43, 0, 0, 0.14%, 7, 0, 8, 62.18
1735652487, 203, 11, 43, 0, 0, 0.14%, 7, 0, 8, 59.86
1735652528, 205, 17, 43, 0, 0, 0.14%, 7, 0, 8, 76.59
1735652558, 205, 24, 43, 0, 0, 0.14%, 7, 0, 8, 68.30
1735652593, 206, 26, 43, 0, 0, 0.14%, 7, 0, 8, 71.25
1735652619, 207, 24, 43, 0, 0, 0.14%, 7, 0, 8, 67.44
1735652654, 209, 41, 43, 0, 0, 0.14%, 7, 0, 8, 60.17
1735652690, 210, 33, 43, 0, 0, 0.14%, 7, 0, 8, 61.84
1735652710, 211, 26, 43, 0, 0, 0.14%, 7, 0, 8, 79.05
1735652735, 212, 12, 43, 0, 0, 0.14%, 7, 0, 8, 57.75
1735652765, 212, 14, 43, 0, 0, 0.14%, 7, 0, 8, 61.56
1735652806, 213, 39, 43, 0, 0, 0.14%, 7, 0, 8, 77.78
1735652837, 214, 29, 43, 0, 0, 0.14%, 7, 0, 8, 67.94
1735652867, 217, 20, 43, 0, 0, 0.14%, 7, 0, 8, 62.61
1735652903, 217, 21, 43, 0, 0, 0.14%, 7, 0, 8, 64.46
1735652923, 218, 27, 43, 0, 0, 0.14%, 7, 0, 8, 105.69
1735653304, 218, 39, 43, 0, 0, 0.14%, 7, 0, 8, 76.36
1735653335, 219, 25, 43, 0, 0, 0.14%, 7, 0, 8, 69.55
1735653370, 220, 20, 43, 0, 0, 0.14%, 7, 0, 8, 67.70
1735653405, 221, 25, 43, 0, 0, 0.14%, 7, 0, 8, 72.32
1735653446, 222, 38, 43, 0, 0, 0.14%, 7, 0, 8, 72.32
1735653481, 223, 14, 43, 0, 0, 0.14%, 7, 0, 8, 59.11
1735653517, 223, 28, 43, 0, 0, 0.14%, 7, 0, 8, 65.58
1735653558, 224, 36, 43, 0, 0, 0.14%, 7, 0, 8, 74.45
1735653588, 224, 38, 43, 0, 0, 0.14%, 7, 0, 8, 75.31
1735653624, 225, 11, 43, 0, 0, 0.14%, 7, 0, 8, 63.24
1735653654, 225, 29, 43, 0, 0, 0.14%, 7, 0, 8, 67.51
1735653664, 226, 40, 43, 0, 0, 0.14%, 7, 0, 8, 65.60
1735653700, 227, 34, 43, 0, 0, 0.14%, 7, 0, 8, 60.64
1735653705, 228, 34, 43, 0, 0, 0.14%, 7, 0, 8, 60.83
1735653725, 228, 39, 43, 0, 0, 0.14%, 7, 0, 8, 77.51
1735653756, 229, 10, 43, 0, 0, 0.14%, 7, 0, 8, 59.62
1735653761, 229, 21, 43, 0, 0, 0.14%, 7, 0, 8, 59.26
1735653796, 229, 41, 43, 0, 0, 0.14%, 7, 0, 8, 63.23
1735653832, 230, 31, 43, 0, 0, 0.14%, 7, 0, 8, 62.24
1735653837, 230, 38, 43, 0, 0, 0.14%, 7, 0, 8, 72.48
1735653872, 231, 10, 43, 0, 0, 0.14%, 7, 0, 8, 61.64
1735653877, 231, 39, 43, 0, 0, 0.14%, 7, 0, 8, 78.80
1735653907, 232, 19, 43, 0, 0, 0.14%, 7, 0, 8, 68.47
1735653913, 233, 19, 43, 0, 0, 0.14%, 7, 0, 8, 73.34
1735653928, 234, 24, 43, 0, 0, 0.14%, 7, 0, 8, 63.67
1735653963, 235, 15, 43, 0, 0, 0.14%, 7, 0, 8, 61.44
1735653968, 235, 20, 43, 0, 0, 0.14%, 7, 0, 8, 62.34
1735654004, 236, 35, 43, 0, 0, 0.14%, 7, 0, 8, 67.38
1735654029, 237, 20, 43, 0, 0, 0.14%, 7, 0, 8, 57.31
1735654070, 240, 29, 43, 0, 0, 0.14%, 7, 0, 8, 60.92
1735654085, 241, 14, 43, 0, 0, 0.14%, 7, 0, 8, 61.74
1735654125, 241, 15, 43, 0, 0, 0.14%, 7, 0, 8, 60.23
1735654135, 243, 41, 43, 0, 0, 0.14%, 7, 0, 8, 63.72
1735654176, 244, 14, 43, 0, 0, 0.14%, 7, 0, 8, 59.86
1735654211, 244, 26, 43, 0, 0, 0.14%, 7, 0, 8, 73.07
1735654247, 244, 38, 43, 0, 0, 0.14%, 7, 0, 8, 74.98
1735654278, 244, 40, 43, 0, 0, 0.14%, 7, 0, 8, 68.36
1735654313, 244, 41, 43, 0, 0, 0.14%, 7, 0, 8, 65.17
1735654348, 249, 16, 43, 0, 0, 0.14%, 7, 0, 8, 65.84
1735654354, 249, 31, 43, 0, 0, 0.14%, 7, 0, 8, 68.11
1735654364, 249, 35, 43, 0, 0, 0.14%, 7, 0, 8, 64.32
1735654399, 250, 16, 43, 0, 0, 0.14%, 7, 0, 8, 59.67
1735654415, 252, 34, 43, 0, 0, 0.14%, 7, 0, 8, 67.21
1735654440, 253, 15, 43, 0, 0, 0.14%, 7, 0, 8, 59.98
1735654471, 254, 16, 43, 0, 0, 0.14%, 7, 0, 8, 64.58
1735654496, 256, 17, 43, 0, 0, 0.14%, 7, 0, 8, 62.86
1735654532, 256, 20, 43, 0, 0, 0.14%, 7, 0, 8, 67.78
1735654567, 258, 11, 43, 0, 0, 0.14%, 7, 0, 8, 63.44
1735654598, 260, 14, 43, 0, 0, 0.14%, 7, 0, 8, 60.99
1735654638, 260, 17, 43, 0, 0, 0.14%, 7, 0, 8, 71.44
1735654674, 262, 21, 43, 0, 0, 0.14%, 7, 0, 8, 65.69
1735654709, 263, 19, 43, 0, 0, 0.14%, 7, 0, 8, 74.47
1735654730, 264, 11, 43, 0, 0, 0.14%, 7, 0, 8, 68.28
1735654770, 265, 40, 43, 0, 0, 0.14%, 7, 0, 8, 68.75
1735654775, 266, 17, 43, 0, 0, 0.14%, 7, 0, 8, 66.57
1735654810, 266, 21, 43, 0, 0, 0.14%, 7, 0, 8, 72.29
1735654846, 267, 11, 43, 0, 0, 0.14%, 7, 0, 8, 63.69
1735654886, 267, 16, 43, 0, 0, 0.14%, 7, 0, 8, 65.26
