# unix_time, cycles_done, cur_path, paths_total, pending_total, pending_favs, map_size, unique_crashes, unique_hangs, max_depth, execs_per_sec
1734122962, 0, 0, 10, 10, 1, 0.01%, 0, 0, 1, 36.20
1734122967, 0, 3, 10, 10, 1, 0.01%, 0, 0, 1, 38.62
1734122982, 1, 0, 10, 3, 0, 0.01%, 0, 0, 1, 44.73
1734122987, 1, 1, 10, 2, 0, 0.01%, 0, 0, 1, 45.58
1734122992, 1, 2, 10, 1, 0, 0.01%, 0, 0, 1, 44.63
1734122997, 1, 3, 10, 0, 0, 0.01%, 0, 0, 1, 48.19
1734123002, 1, 4, 10, 0, 0, 0.01%, 0, 0, 1, 45.23
1734123012, 1, 5, 10, 0, 0, 0.01%, 0, 0, 1, 44.86
1734123017, 1, 6, 10, 0, 0, 0.01%, 0, 0, 1, 47.27
1734123022, 1, 7, 10, 0, 0, 0.01%, 0, 0, 1, 47.26
1734123028, 1, 8, 10, 0, 0, 0.01%, 0, 0, 1, 45.98
1734123033, 1, 9, 10, 0, 0, 0.01%, 0, 0, 1, 48.07
1734123038, 2, 0, 10, 0, 0, 0.01%, 0, 0, 1, 48.49
1734123043, 2, 1, 10, 0, 0, 0.01%, 0, 0, 1, 48.25
1734123048, 2, 2, 10, 0, 0, 0.01%, 0, 0, 1, 48.28
1734123053, 2, 3, 10, 0, 0, 0.01%, 0, 0, 1, 45.66
1734123058, 2, 4, 10, 0, 0, 0.01%, 0, 0, 1, 45.92
1734123063, 2, 5, 10, 0, 0, 0.01%, 0, 0, 1, 44.83
1734123068, 2, 6, 10, 0, 0, 0.01%, 0, 0, 1, 47.30
1734123073, 2, 7, 10, 0, 0, 0.01%, 0, 0, 1, 47.49
1734123084, 2, 8, 10, 0, 0, 0.01%, 0, 0, 1, 45.69
1734123089, 2, 9, 10, 0, 0, 0.01%, 0, 0, 1, 44.43
1734123094, 3, 0, 10, 0, 0, 0.01%, 0, 0, 1, 45.23
1734123099, 3, 1, 10, 0, 0, 0.01%, 0, 0, 1, 45.55
1734123104, 3, 2, 10, 0, 0, 0.01%, 0, 0, 1, 49.45
1734123109, 3, 3, 10, 0, 0, 0.01%, 0, 0, 1, 45.95
1734123114, 3, 4, 10, 0, 0, 0.01%, 0, 0, 1, 46.35
1734123119, 3, 5, 10, 0, 0, 0.01%, 0, 0, 1, 45.46
1734123124, 3, 6, 10, 0, 0, 0.01%, 0, 0, 1, 47.91
1734123130, 3, 7, 10, 0, 0, 0.01%, 0, 0, 1, 45.09
1734123135, 3, 8, 10, 0, 0, 0.01%, 0, 0, 1, 44.80
1734123140, 3, 9, 10, 0, 0, 0.01%, 0, 0, 1, 47.27
1734123150, 4, 0, 10, 0, 0, 0.01%, 0, 0, 1, 45.10
1734123155, 4, 1, 10, 0, 0, 0.01%, 0, 0, 1, 45.95
1734123160, 4, 2, 10, 0, 0, 0.01%, 0, 0, 1, 48.08
1734123165, 4, 3, 10, 0, 0, 0.01%, 0, 0, 1, 45.73
1734123170, 4, 4, 10, 0, 0, 0.01%, 0, 0, 1, 43.80
1734123175, 4, 5, 10, 0, 0, 0.01%, 0, 0, 1, 44.49
1734123180, 4, 6, 10, 0, 0, 0.01%, 0, 0, 1, 45.46
1734123185, 4, 7, 10, 0, 0, 0.01%, 0, 0, 1, 46.73
1734123190, 4, 8, 10, 0, 0, 0.01%, 0, 0, 1, 48.48
1734123201, 4, 9, 10, 0, 0, 0.01%, 0, 0, 1, 46.56
1734123206, 5, 0, 10, 0, 0, 0.01%, 0, 0, 1, 44.42
1734123211, 5, 1, 10, 0, 0, 0.01%, 0, 0, 1, 43.77
1734123216, 5, 2, 10, 0, 0, 0.01%, 0, 0, 1, 47.79
1734123221, 5, 3, 10, 0, 0, 0.01%, 0, 0, 1, 46.23
1734123226, 5, 4, 10, 0, 0, 0.01%, 0, 0, 1, 46.83
1734123231, 5, 5, 10, 0, 0, 0.01%, 0, 0, 1, 48.13
1734123236, 5, 6, 10, 0, 0, 0.01%, 0, 0, 1, 47.14
1734123241, 5, 7, 10, 0, 0, 0.01%, 0, 0, 1, 46.23
1734123247, 5, 8, 10, 0, 0, 0.01%, 0, 0, 1, 45.96
1734123252, 5, 9, 10, 0, 0, 0.01%, 0, 0, 1, 44.04
1734123257, 6, 0, 10, 0, 0, 0.01%, 0, 0, 1, 46.74
1734123267, 6, 1, 10, 0, 0, 0.01%, 0, 0, 1, 44.23
1734123272, 6, 2, 10, 0, 0, 0.01%, 0, 0, 1, 44.83
1734123277, 6, 3, 10, 0, 0, 0.01%, 0, 0, 1, 47.03
1734123282, 6, 4, 10, 0, 0, 0.01%, 0, 0, 1, 46.93
1734123287, 6, 5, 10, 0, 0, 0.01%, 0, 0, 1, 47.79
1734123293, 6, 6, 10, 0, 0, 0.01%, 0, 0, 1, 45.10
1734123298, 6, 7, 10, 0, 0, 0.01%, 0, 0, 1, 45.91
1734123303, 6, 8, 10, 0, 0, 0.01%, 0, 0, 1, 45.86
1734123308, 6, 9, 10, 0, 0, 0.01%, 0, 0, 1, 44.48
1734123313, 7, 0, 10, 0, 0, 0.01%, 0, 0, 1, 45.58
1734123323, 7, 1, 10, 0, 0, 0.01%, 0, 0, 1, 45.36
1734123328, 7, 2, 10, 0, 0, 0.01%, 0, 0, 1, 46.28
1734123333, 7, 3, 10, 0, 0, 0.01%, 0, 0, 1, 42.93
1734123338, 7, 4, 10, 0, 0, 0.01%, 0, 0, 1, 46.71
1734123343, 7, 5, 10, 0, 0, 0.01%, 0, 0, 1, 45.14
1734123348, 7, 6, 10, 0, 0, 0.01%, 0, 0, 1, 46.74
1734123354, 7, 7, 10, 0, 0, 0.01%, 0, 0, 1, 45.88
1734123359, 7, 8, 10, 0, 0, 0.01%, 0, 0, 1, 48.34
1734123364, 7, 9, 10, 0, 0, 0.01%, 0, 0, 1, 45.55
1734123374, 8, 0, 10, 0, 0, 0.01%, 0, 0, 1, 47.30
1734123379, 8, 1, 10, 0, 0, 0.01%, 0, 0, 1, 45.86
1734123384, 8, 2, 10, 0, 0, 0.01%, 0, 0, 1, 47.51
1734123389, 8, 3, 10, 0, 0, 0.01%, 0, 0, 1, 47.57
1734123394, 8, 4, 10, 0, 0, 0.01%, 0, 0, 1, 46.31
1734123399, 8, 5, 10, 0, 0, 0.01%, 0, 0, 1, 43.62
1734123404, 8, 6, 10, 0, 0, 0.01%, 0, 0, 1, 43.62
1734123409, 8, 7, 10, 0, 0, 0.01%, 0, 0, 1, 45.56
1734123414, 8, 8, 10, 0, 0, 0.01%, 0, 0, 1, 43.46
1734123420, 8, 9, 10, 0, 0, 0.01%, 0, 0, 1, 44.09
1734123430, 9, 0, 10, 0, 0, 0.01%, 0, 0, 1, 49.21
1734123435, 9, 1, 10, 0, 0, 0.01%, 0, 0, 1, 46.33
1734123440, 9, 2, 10, 0, 0, 0.01%, 0, 0, 1, 46.86
1734123445, 9, 3, 10, 0, 0, 0.01%, 0, 0, 1, 46.61
1734123450, 9, 4, 10, 0, 0, 0.01%, 0, 0, 1, 46.42
1734123455, 9, 5, 10, 0, 0, 0.01%, 0, 0, 1, 45.42
1734123460, 9, 6, 10, 0, 0, 0.01%, 0, 0, 1, 46.62
1734123465, 9, 7, 10, 0, 0, 0.01%, 0, 0, 1, 44.05
1734123470, 9, 8, 10, 0, 0, 0.01%, 0, 0, 1, 46.44
1734123475, 9, 9, 10, 0, 0, 0.01%, 0, 0, 1, 45.94
1734123481, 10, 0, 10, 0, 0, 0.01%, 0, 0, 1, 44.83
1734123491, 10, 1, 10, 0, 0, 0.01%, 0, 0, 1, 46.47
1734123496, 10, 2, 10, 0, 0, 0.01%, 0, 0, 1, 47.18
1734123501, 10, 3, 10, 0, 0, 0.01%, 0, 0, 1, 44.83
1734123506, 10, 4, 10, 0, 0, 0.01%, 0, 0, 1, 46.69
1734123511, 10, 5, 10, 0, 0, 0.01%, 0, 0, 1, 45.22
1734123516, 10, 6, 10, 0, 0, 0.01%, 0, 0, 1, 48.96
1734123521, 10, 7, 10, 0, 0, 0.01%, 0, 0, 1, 46.81
1734123526, 10, 8, 10, 0, 0, 0.01%, 0, 0, 1, 47.14
1734123531, 10, 9, 10, 0, 0, 0.01%, 0, 0, 1, 48.55
1734123536, 11, 0, 10, 0, 0, 0.01%, 0, 0, 1, 47.13
1734123541, 11, 1, 10, 0, 0, 0.01%, 0, 0, 1, 46.25
1734123547, 11, 2, 10, 0, 0, 0.01%, 0, 0, 1, 45.62
1734123557, 11, 3, 10, 0, 0, 0.01%, 0, 0, 1, 48.09
1734123562, 11, 4, 10, 0, 0, 0.01%, 0, 0, 1, 47.74
1734123567, 11, 5, 10, 0, 0, 0.01%, 0, 0, 1, 47.36
1734123572, 11, 6, 10, 0, 0, 0.01%, 0, 0, 1, 47.03
1734123577, 11, 7, 10, 0, 0, 0.01%, 0, 0, 1, 50.86
1734123583, 11, 8, 10, 0, 0, 0.01%, 0, 0, 1, 48.11
1734123588, 11, 9, 10, 0, 0, 0.01%, 0, 0, 1, 49.20
1734123593, 12, 0, 10, 0, 0, 0.01%, 0, 0, 1, 50.40
1734123598, 12, 1, 10, 0, 0, 0.01%, 0, 0, 1, 49.05
1734123603, 12, 2, 10, 0, 0, 0.01%, 0, 0, 1, 48.97
1734123608, 12, 3, 10, 0, 0, 0.01%, 0, 0, 1, 47.60
1734123613, 12, 4, 10, 0, 0, 0.01%, 0, 0, 1, 49.22
1734123618, 12, 5, 10, 0, 0, 0.01%, 0, 0, 1, 49.57
1734123623, 12, 6, 10, 0, 0, 0.01%, 0, 0, 1, 47.62
1734123628, 12, 7, 10, 0, 0, 0.01%, 0, 0, 1, 46.79
1734123633, 12, 8, 10, 0, 0, 0.01%, 0, 0, 1, 49.51
1734123639, 12, 9, 10, 0, 0, 0.01%, 0, 0, 1, 47.79
1734123644, 13, 0, 10, 0, 0, 0.01%, 0, 0, 1, 49.04
1734123649, 13, 1, 10, 0, 0, 0.01%, 0, 0, 1, 48.92
1734123654, 13, 2, 10, 0, 0, 0.01%, 0, 0, 1, 48.27
1734123659, 13, 3, 10, 0, 0, 0.01%, 0, 0, 1, 49.65
1734123664, 13, 4, 10, 0, 0, 0.01%, 0, 0, 1, 46.89
1734123669, 13, 5, 10, 0, 0, 0.01%, 0, 0, 1, 47.41
1734123674, 13, 6, 10, 0, 0, 0.01%, 0, 0, 1, 46.72
1734123684, 13, 7, 10, 0, 0, 0.01%, 0, 0, 1, 46.20
1734123689, 13, 8, 10, 0, 0, 0.01%, 0, 0, 1, 45.91
1734123695, 13, 9, 10, 0, 0, 0.01%, 0, 0, 1, 48.46
1734123700, 14, 0, 10, 0, 0, 0.01%, 0, 0, 1, 46.97
1734123705, 14, 1, 10, 0, 0, 0.01%, 0, 0, 1, 47.46
1734123710, 14, 2, 10, 0, 0, 0.01%, 0, 0, 1, 47.16
1734123715, 14, 3, 10, 0, 0, 0.01%, 0, 0, 1, 49.45
1734123720, 14, 4, 10, 0, 0, 0.01%, 0, 0, 1, 47.07
1734123725, 14, 5, 10, 0, 0, 0.01%, 0, 0, 1, 48.03
1734123730, 14, 6, 10, 0, 0, 0.01%, 0, 0, 1, 48.18
1734123735, 14, 7, 10, 0, 0, 0.01%, 0, 0, 1, 48.86
1734123740, 14, 8, 10, 0, 0, 0.01%, 0, 0, 1, 49.47
1734123746, 14, 9, 10, 0, 0, 0.01%, 0, 0, 1, 48.32
1734123751, 15, 0, 10, 0, 0, 0.01%, 0, 0, 1, 46.37
1734123756, 15, 1, 10, 0, 0, 0.01%, 0, 0, 1, 47.23
1734123761, 15, 2, 10, 0, 0, 0.01%, 0, 0, 1, 47.49
1734123766, 15, 3, 10, 0, 0, 0.01%, 0, 0, 1, 48.36
1734123776, 15, 4, 10, 0, 0, 0.01%, 0, 0, 1, 40.35
1734123797, 15, 5, 10, 0, 0, 0.01%, 0, 0, 1, 41.81
1734123812, 15, 6, 10, 0, 0, 0.01%, 0, 0, 1, 48.31
1734123833, 15, 7, 10, 0, 0, 0.01%, 0, 0, 1, 45.41
1734123853, 15, 8, 10, 0, 0, 0.01%, 0, 0, 1, 44.77
1734123873, 15, 9, 10, 0, 0, 0.01%, 0, 0, 1, 44.97
1734123894, 16, 0, 10, 0, 0, 0.01%, 0, 0, 1, 41.26
1734123914, 16, 1, 10, 0, 0, 0.01%, 0, 0, 1, 44.33
1734123934, 16, 2, 10, 0, 0, 0.01%, 0, 0, 1, 47.32
1734123939, 16, 3, 10, 0, 0, 0.01%, 0, 0, 1, 47.67
1734123944, 16, 4, 10, 0, 0, 0.01%, 0, 0, 1, 46.72
1734123949, 16, 5, 10, 0, 0, 0.01%, 0, 0, 1, 49.94
1734123955, 16, 6, 10, 0, 0, 0.01%, 0, 0, 1, 48.57
1734123960, 16, 7, 10, 0, 0, 0.01%, 0, 0, 1, 50.24
1734123965, 16, 8, 10, 0, 0, 0.01%, 0, 0, 1, 47.87
1734123970, 16, 9, 10, 0, 0, 0.01%, 0, 0, 1, 47.73
1734123975, 17, 0, 10, 0, 0, 0.01%, 0, 0, 1, 48.26
1734123980, 17, 1, 10, 0, 0, 0.01%, 0, 0, 1, 48.64
1734123985, 17, 2, 10, 0, 0, 0.01%, 0, 0, 1, 47.11
1734123990, 17, 3, 10, 0, 0, 0.01%, 0, 0, 1, 48.51
1734124000, 17, 4, 10, 0, 0, 0.01%, 0, 0, 1, 47.61
1734124005, 17, 5, 10, 0, 0, 0.01%, 0, 0, 1, 49.23
1734124010, 17, 6, 10, 0, 0, 0.01%, 0, 0, 1, 47.83
1734124015, 17, 7, 10, 0, 0, 0.01%, 0, 0, 1, 45.67
1734124021, 17, 8, 10, 0, 0, 0.01%, 0, 0, 1, 45.68
1734124026, 17, 9, 10, 0, 0, 0.01%, 0, 0, 1, 48.97
1734124031, 18, 0, 10, 0, 0, 0.01%, 0, 0, 1, 47.57
1734124036, 18, 1, 10, 0, 0, 0.01%, 0, 0, 1, 48.07
1734124041, 18, 2, 10, 0, 0, 0.01%, 0, 0, 1, 47.06
1734124046, 18, 3, 10, 0, 0, 0.01%, 0, 0, 1, 48.61
1734124051, 18, 4, 10, 0, 0, 0.01%, 0, 0, 1, 47.98
1734124056, 18, 5, 10, 0, 0, 0.01%, 0, 0, 1, 45.23
1734124061, 18, 6, 10, 0, 0, 0.01%, 0, 0, 1, 49.22
1734124066, 18, 7, 10, 0, 0, 0.01%, 0, 0, 1, 47.98
1734124071, 18, 8, 10, 0, 0, 0.01%, 0, 0, 1, 47.23
1734124076, 18, 9, 10, 0, 0, 0.01%, 0, 0, 1, 46.25
1734124081, 19, 0, 10, 0, 0, 0.01%, 0, 0, 1, 51.94
1734124087, 19, 1, 10, 0, 0, 0.01%, 0, 0, 1, 48.35
1734124097, 19, 2, 10, 0, 0, 0.01%, 0, 0, 1, 47.88
1734124102, 19, 3, 10, 0, 0, 0.01%, 0, 0, 1, 48.55
1734124107, 19, 4, 10, 0, 0, 0.01%, 0, 0, 1, 47.03
1734124112, 19, 5, 10, 0, 0, 0.01%, 0, 0, 1, 49.22
1734124117, 19, 6, 10, 0, 0, 0.01%, 0, 0, 1, 49.59
1734124122, 19, 7, 10, 0, 0, 0.01%, 0, 0, 1, 50.77
1734124127, 19, 8, 10, 0, 0, 0.01%, 0, 0, 1, 47.41
1734124132, 19, 9, 10, 0, 0, 0.01%, 0, 0, 1, 47.93
1734124137, 20, 0, 10, 0, 0, 0.01%, 0, 0, 1, 47.02
1734124142, 20, 1, 10, 0, 0, 0.01%, 0, 0, 1, 48.93
1734124147, 20, 2, 10, 0, 0, 0.01%, 0, 0, 1, 48.76
1734124153, 20, 3, 10, 0, 0, 0.01%, 0, 0, 1, 49.61
1734124158, 20, 4, 10, 0, 0, 0.01%, 0, 0, 1, 49.58
1734124163, 20, 5, 10, 0, 0, 0.01%, 0, 0, 1, 49.56
1734124168, 20, 6, 10, 0, 0, 0.01%, 0, 0, 1, 48.42
1734124173, 20, 7, 10, 0, 0, 0.01%, 0, 0, 1, 47.36
1734124178, 20, 8, 10, 0, 0, 0.01%, 0, 0, 1, 47.99
1734124183, 20, 9, 10, 0, 0, 0.01%, 0, 0, 1, 49.19
1734124188, 21, 0, 10, 0, 0, 0.01%, 0, 0, 1, 46.50
1734124193, 21, 1, 10, 0, 0, 0.01%, 0, 0, 1, 48.26
1734124203, 21, 2, 10, 0, 0, 0.01%, 0, 0, 1, 47.74
1734124208, 21, 3, 10, 0, 0, 0.01%, 0, 0, 1, 46.36
1734124213, 21, 4, 10, 0, 0, 0.01%, 0, 0, 1, 46.24
1734124218, 21, 5, 10, 0, 0, 0.01%, 0, 0, 1, 50.84
1734124224, 21, 6, 10, 0, 0, 0.01%, 0, 0, 1, 47.52
1734124229, 21, 7, 10, 0, 0, 0.01%, 0, 0, 1, 46.85
1734124234, 21, 8, 10, 0, 0, 0.01%, 0, 0, 1, 46.96
1734124239, 21, 9, 10, 0, 0, 0.01%, 0, 0, 1, 48.58
1734124244, 22, 0, 10, 0, 0, 0.01%, 0, 0, 1, 48.54
1734124249, 22, 1, 10, 0, 0, 0.01%, 0, 0, 1, 47.83
1734124254, 22, 2, 10, 0, 0, 0.01%, 0, 0, 1, 47.51
1734124259, 22, 3, 10, 0, 0, 0.01%, 0, 0, 1, 50.00
1734124264, 22, 4, 10, 0, 0, 0.01%, 0, 0, 1, 47.78
1734124269, 22, 5, 10, 0, 0, 0.01%, 0, 0, 1, 48.14
1734124275, 22, 6, 10, 0, 0, 0.01%, 0, 0, 1, 46.82
1734124280, 22, 7, 10, 0, 0, 0.01%, 0, 0, 1, 49.35
1734124285, 22, 8, 10, 0, 0, 0.01%, 0, 0, 1, 48.31
1734124290, 22, 9, 10, 0, 0, 0.01%, 0, 0, 1, 46.09
1734124295, 23, 0, 10, 0, 0, 0.01%, 0, 0, 1, 45.87
1734124305, 23, 1, 10, 0, 0, 0.01%, 0, 0, 1, 49.25
1734124310, 23, 2, 10, 0, 0, 0.01%, 0, 0, 1, 48.47
1734124315, 23, 3, 10, 0, 0, 0.01%, 0, 0, 1, 50.44
1734124320, 23, 4, 10, 0, 0, 0.01%, 0, 0, 1, 48.04
1734124325, 23, 5, 10, 0, 0, 0.01%, 0, 0, 1, 47.17
1734124331, 23, 6, 10, 0, 0, 0.01%, 0, 0, 1, 47.56
1734124336, 23, 7, 10, 0, 0, 0.01%, 0, 0, 1, 46.37
1734124341, 23, 8, 10, 0, 0, 0.01%, 0, 0, 1, 47.74
1734124346, 23, 9, 10, 0, 0, 0.01%, 0, 0, 1, 47.11
1734124351, 24, 0, 10, 0, 0, 0.01%, 0, 0, 1, 45.63
1734124356, 24, 1, 10, 0, 0, 0.01%, 0, 0, 1, 49.45
1734124361, 24, 2, 10, 0, 0, 0.01%, 0, 0, 1, 49.27
1734124366, 24, 3, 10, 0, 0, 0.01%, 0, 0, 1, 47.59
1734124371, 24, 4, 10, 0, 0, 0.01%, 0, 0, 1, 46.26
1734124377, 24, 5, 10, 0, 0, 0.01%, 0, 0, 1, 48.67
1734124382, 24, 6, 10, 0, 0, 0.01%, 0, 0, 1, 47.19
1734124387, 24, 7, 10, 0, 0, 0.01%, 0, 0, 1, 48.10
1734124392, 24, 8, 10, 0, 0, 0.01%, 0, 0, 1, 50.97
1734124397, 24, 9, 10, 0, 0, 0.01%, 0, 0, 1, 50.09
1734124402, 25, 0, 10, 0, 0, 0.01%, 0, 0, 1, 48.24
1734124407, 25, 1, 10, 0, 0, 0.01%, 0, 0, 1, 48.36
1734124412, 25, 2, 10, 0, 0, 0.01%, 0, 0, 1, 46.23
1734124422, 25, 3, 10, 0, 0, 0.01%, 0, 0, 1, 48.64
1734124428, 25, 4, 10, 0, 0, 0.01%, 0, 0, 1, 46.62
1734124433, 25, 5, 10, 0, 0, 0.01%, 0, 0, 1, 47.13
1734124438, 25, 6, 10, 0, 0, 0.01%, 0, 0, 1, 48.68
1734124443, 25, 7, 10, 0, 0, 0.01%, 0, 0, 1, 45.71
1734124448, 25, 8, 10, 0, 0, 0.01%, 0, 0, 1, 46.49
1734124453, 25, 9, 10, 0, 0, 0.01%, 0, 0, 1, 47.43
1734124458, 26, 0, 10, 0, 0, 0.01%, 0, 0, 1, 47.95
1734124463, 26, 1, 10, 0, 0, 0.01%, 0, 0, 1, 47.63
1734124468, 26, 2, 10, 0, 0, 0.01%, 0, 0, 1, 47.68
1734124473, 26, 3, 10, 0, 0, 0.01%, 0, 0, 1, 47.08
1734124478, 26, 4, 10, 0, 0, 0.01%, 0, 0, 1, 50.36
1734124483, 26, 5, 10, 0, 0, 0.01%, 0, 0, 1, 45.50
1734124488, 26, 6, 10, 0, 0, 0.01%, 0, 0, 1, 46.50
1734124494, 26, 7, 10, 0, 0, 0.01%, 0, 0, 1, 48.00
1734124499, 26, 8, 10, 0, 0, 0.01%, 0, 0, 1, 48.29
1734124504, 26, 9, 10, 0, 0, 0.01%, 0, 0, 1, 47.46
1734124509, 27, 0, 10, 0, 0, 0.01%, 0, 0, 1, 45.72
1734124514, 27, 1, 10, 0, 0, 0.01%, 0, 0, 1, 49.73
1734124524, 27, 2, 10, 0, 0, 0.01%, 0, 0, 1, 46.86
1734124529, 27, 3, 10, 0, 0, 0.01%, 0, 0, 1, 46.50
1734124534, 27, 4, 10, 0, 0, 0.01%, 0, 0, 1, 48.35
1734124539, 27, 5, 10, 0, 0, 0.01%, 0, 0, 1, 49.16
1734124544, 27, 6, 10, 0, 0, 0.01%, 0, 0, 1, 48.28
1734124549, 27, 7, 10, 0, 0, 0.01%, 0, 0, 1, 50.70
1734124554, 27, 8, 10, 0, 0, 0.01%, 0, 0, 1, 46.39
1734124560, 27, 9, 10, 0, 0, 0.01%, 0, 0, 1, 47.00
1734124565, 28, 0, 10, 0, 0, 0.01%, 0, 0, 1, 47.36
1734124570, 28, 1, 10, 0, 0, 0.01%, 0, 0, 1, 48.28
1734124575, 28, 2, 10, 0, 0, 0.01%, 0, 0, 1, 48.49
1734124580, 28, 3, 10, 0, 0, 0.01%, 0, 0, 1, 46.88
1734124585, 28, 4, 10, 0, 0, 0.01%, 0, 0, 1, 47.86
1734124590, 28, 5, 10, 0, 0, 0.01%, 0, 0, 1, 48.61
1734124595, 28, 6, 10, 0, 0, 0.01%, 0, 0, 1, 48.64
1734124601, 28, 7, 10, 0, 0, 0.01%, 0, 0, 1, 48.54
1734124606, 28, 8, 10, 0, 0, 0.01%, 0, 0, 1, 46.86
1734124611, 28, 9, 10, 0, 0, 0.01%, 0, 0, 1, 46.26
1734124616, 29, 0, 10, 0, 0, 0.01%, 0, 0, 1, 48.80
1734124626, 29, 1, 10, 0, 0, 0.01%, 0, 0, 1, 48.49
1734124631, 29, 2, 10, 0, 0, 0.01%, 0, 0, 1, 47.30
1734124636, 29, 3, 10, 0, 0, 0.01%, 0, 0, 1, 49.42
1734124641, 29, 4, 10, 0, 0, 0.01%, 0, 0, 1, 48.95
1734124646, 29, 5, 10, 0, 0, 0.01%, 0, 0, 1, 46.57
1734124652, 29, 6, 10, 0, 0, 0.01%, 0, 0, 1, 47.22
1734124657, 29, 7, 10, 0, 0, 0.01%, 0, 0, 1, 47.54
1734124662, 29, 8, 10, 0, 0, 0.01%, 0, 0, 1, 47.74
1734124667, 29, 9, 10, 0, 0, 0.01%, 0, 0, 1, 47.23
1734124672, 30, 0, 10, 0, 0, 0.01%, 0, 0, 1, 47.71
1734124677, 30, 1, 10, 0, 0, 0.01%, 0, 0, 1, 47.87
1734124682, 30, 2, 10, 0, 0, 0.01%, 0, 0, 1, 49.29
1734124687, 30, 3, 10, 0, 0, 0.01%, 0, 0, 1, 46.00
1734124692, 30, 4, 10, 0, 0, 0.01%, 0, 0, 1, 48.80
1734124697, 30, 5, 10, 0, 0, 0.01%, 0, 0, 1, 48.13
1734124702, 30, 6, 10, 0, 0, 0.01%, 0, 0, 1, 50.71
1734124707, 30, 7, 10, 0, 0, 0.01%, 0, 0, 1, 48.10
1734124713, 30, 8, 10, 0, 0, 0.01%, 0, 0, 1, 47.19
1734124718, 30, 9, 10, 0, 0, 0.01%, 0, 0, 1, 44.70
1734124723, 31, 0, 10, 0, 0, 0.01%, 0, 0, 1, 49.96
1734124728, 31, 1, 10, 0, 0, 0.01%, 0, 0, 1, 48.81
1734124733, 31, 2, 10, 0, 0, 0.01%, 0, 0, 1, 50.33
1734124743, 31, 3, 10, 0, 0, 0.01%, 0, 0, 1, 48.87
1734124748, 31, 4, 10, 0, 0, 0.01%, 0, 0, 1, 48.22
1734124753, 31, 5, 10, 0, 0, 0.01%, 0, 0, 1, 50.10
1734124758, 31, 6, 10, 0, 0, 0.01%, 0, 0, 1, 48.39
1734124763, 31, 7, 10, 0, 0, 0.01%, 0, 0, 1, 48.95
1734124768, 31, 8, 10, 0, 0, 0.01%, 0, 0, 1, 47.64
1734124774, 31, 9, 10, 0, 0, 0.01%, 0, 0, 1, 45.96
1734124779, 32, 0, 10, 0, 0, 0.01%, 0, 0, 1, 50.01
1734124784, 32, 1, 10, 0, 0, 0.01%, 0, 0, 1, 47.45
1734124789, 32, 2, 10, 0, 0, 0.01%, 0, 0, 1, 49.11
1734124794, 32, 3, 10, 0, 0, 0.01%, 0, 0, 1, 48.35
1734124799, 32, 4, 10, 0, 0, 0.01%, 0, 0, 1, 47.62
1734124804, 32, 5, 10, 0, 0, 0.01%, 0, 0, 1, 47.33
1734124809, 32, 6, 10, 0, 0, 0.01%, 0, 0, 1, 49.93
1734124814, 32, 7, 10, 0, 0, 0.01%, 0, 0, 1, 48.01
1734124819, 32, 8, 10, 0, 0, 0.01%, 0, 0, 1, 46.62
1734124824, 32, 9, 10, 0, 0, 0.01%, 0, 0, 1, 48.14
1734124830, 33, 0, 10, 0, 0, 0.01%, 0, 0, 1, 46.29
1734124835, 33, 1, 10, 0, 0, 0.01%, 0, 0, 1, 49.46
1734124840, 33, 2, 10, 0, 0, 0.01%, 0, 0, 1, 49.48
1734124850, 33, 3, 10, 0, 0, 0.01%, 0, 0, 1, 48.62
1734124855, 33, 4, 10, 0, 0, 0.01%, 0, 0, 1, 48.49
1734124860, 33, 5, 10, 0, 0, 0.01%, 0, 0, 1, 47.01
1734124865, 33, 6, 10, 0, 0, 0.01%, 0, 0, 1, 46.90
1734124870, 33, 7, 10, 0, 0, 0.01%, 0, 0, 1, 48.22
1734124875, 33, 8, 10, 0, 0, 0.01%, 0, 0, 1, 49.85
1734124881, 33, 9, 10, 0, 0, 0.01%, 0, 0, 1, 47.68
1734124886, 34, 0, 10, 0, 0, 0.01%, 0, 0, 1, 47.30
1734124891, 34, 1, 10, 0, 0, 0.01%, 0, 0, 1, 48.61
1734124896, 34, 2, 10, 0, 0, 0.01%, 0, 0, 1, 49.39
1734124901, 34, 3, 10, 0, 0, 0.01%, 0, 0, 1, 50.72
1734124906, 34, 4, 10, 0, 0, 0.01%, 0, 0, 1, 46.41
1734124911, 34, 5, 10, 0, 0, 0.01%, 0, 0, 1, 47.81
1734124916, 34, 6, 10, 0, 0, 0.01%, 0, 0, 1, 50.67
1734124921, 34, 7, 10, 0, 0, 0.01%, 0, 0, 1, 49.10
1734124926, 34, 8, 10, 0, 0, 0.01%, 0, 0, 1, 46.47
1734124932, 34, 9, 10, 0, 0, 0.01%, 0, 0, 1, 47.91
1734124937, 35, 0, 10, 0, 0, 0.01%, 0, 0, 1, 47.83
1734124942, 35, 1, 10, 0, 0, 0.01%, 0, 0, 1, 47.24
1734124947, 35, 2, 10, 0, 0, 0.01%, 0, 0, 1, 47.43
1734124952, 35, 3, 10, 0, 0, 0.01%, 0, 0, 1, 50.04
1734124957, 35, 4, 10, 0, 0, 0.01%, 0, 0, 1, 48.49
1734124962, 35, 5, 10, 0, 0, 0.01%, 0, 0, 1, 49.87
1734124967, 35, 6, 10, 0, 0, 0.01%, 0, 0, 1, 47.97
1734124972, 35, 7, 10, 0, 0, 0.01%, 0, 0, 1, 50.24
1734124983, 35, 8, 10, 0, 0, 0.01%, 0, 0, 1, 48.38
1734124988, 35, 9, 10, 0, 0, 0.01%, 0, 0, 1, 45.79
1734124993, 36, 0, 10, 0, 0, 0.01%, 0, 0, 1, 49.95
1734124998, 36, 1, 10, 0, 0, 0.01%, 0, 0, 1, 47.56
1734125003, 36, 2, 10, 0, 0, 0.01%, 0, 0, 1, 50.08
1734125008, 36, 3, 10, 0, 0, 0.01%, 0, 0, 1, 51.04
1734125013, 36, 4, 10, 0, 0, 0.01%, 0, 0, 1, 46.84
1734125018, 36, 5, 10, 0, 0, 0.01%, 0, 0, 1, 47.09
1734125023, 36, 6, 10, 0, 0, 0.01%, 0, 0, 1, 49.36
1734125029, 36, 7, 10, 0, 0, 0.01%, 0, 0, 1, 48.90
1734125034, 36, 8, 10, 0, 0, 0.01%, 0, 0, 1, 48.96
1734125039, 36, 9, 10, 0, 0, 0.01%, 0, 0, 1, 47.43
1734125044, 37, 0, 10, 0, 0, 0.01%, 0, 0, 1, 48.77
1734125049, 37, 1, 10, 0, 0, 0.01%, 0, 0, 1, 49.03
1734125054, 37, 2, 10, 0, 0, 0.01%, 0, 0, 1, 51.42
1734125059, 37, 3, 10, 0, 0, 0.01%, 0, 0, 1, 47.90
1734125064, 37, 4, 10, 0, 0, 0.01%, 0, 0, 1, 48.19
1734125069, 37, 5, 10, 0, 0, 0.01%, 0, 0, 1, 47.31
1734125074, 37, 6, 10, 0, 0, 0.01%, 0, 0, 1, 48.13
1734125079, 37, 7, 10, 0, 0, 0.01%, 0, 0, 1, 46.47
1734125084, 37, 8, 10, 0, 0, 0.01%, 0, 0, 1, 46.76
1734125089, 37, 9, 10, 0, 0, 0.01%, 0, 0, 1, 45.94
1734125095, 38, 0, 10, 0, 0, 0.01%, 0, 0, 1, 46.86
1734125105, 38, 1, 10, 0, 0, 0.01%, 0, 0, 1, 48.31
1734125110, 38, 2, 10, 0, 0, 0.01%, 0, 0, 1, 50.34
1734125115, 38, 3, 10, 0, 0, 0.01%, 0, 0, 1, 48.24
1734125120, 38, 4, 10, 0, 0, 0.01%, 0, 0, 1, 47.05
1734125125, 38, 5, 10, 0, 0, 0.01%, 0, 0, 1, 46.42
1734125130, 38, 6, 10, 0, 0, 0.01%, 0, 0, 1, 50.15
1734125135, 38, 7, 10, 0, 0, 0.01%, 0, 0, 1, 49.47
1734125140, 38, 8, 10, 0, 0, 0.01%, 0, 0, 1, 50.91
1734125145, 38, 9, 10, 0, 0, 0.01%, 0, 0, 1, 49.57
1734125150, 39, 0, 10, 0, 0, 0.01%, 0, 0, 1, 49.47
1734125156, 39, 1, 10, 0, 0, 0.01%, 0, 0, 1, 46.72
1734125161, 39, 2, 10, 0, 0, 0.01%, 0, 0, 1, 46.28
1734125166, 39, 3, 10, 0, 0, 0.01%, 0, 0, 1, 45.73
1734125171, 39, 4, 10, 0, 0, 0.01%, 0, 0, 1, 46.82
1734125176, 39, 5, 10, 0, 0, 0.01%, 0, 0, 1, 49.65
1734125181, 39, 6, 10, 0, 0, 0.01%, 0, 0, 1, 47.30
1734125186, 39, 7, 10, 0, 0, 0.01%, 0, 0, 1, 46.72
1734125191, 39, 8, 10, 0, 0, 0.01%, 0, 0, 1, 46.51
1734125196, 39, 9, 10, 0, 0, 0.01%, 0, 0, 1, 46.83
1734125206, 40, 0, 10, 0, 0, 0.01%, 0, 0, 1, 48.82
1734125211, 40, 1, 10, 0, 0, 0.01%, 0, 0, 1, 49.60
1734125216, 40, 2, 10, 0, 0, 0.01%, 0, 0, 1, 48.91
1734125222, 40, 3, 10, 0, 0, 0.01%, 0, 0, 1, 47.12
1734125227, 40, 4, 10, 0, 0, 0.01%, 0, 0, 1, 45.41
1734125232, 40, 5, 10, 0, 0, 0.01%, 0, 0, 1, 47.71
1734125237, 40, 6, 10, 0, 0, 0.01%, 0, 0, 1, 48.51
1734125242, 40, 7, 10, 0, 0, 0.01%, 0, 0, 1, 49.76
1734125247, 40, 8, 10, 0, 0, 0.01%, 0, 0, 1, 47.75
1734125252, 40, 9, 10, 0, 0, 0.01%, 0, 0, 1, 46.68
1734125257, 41, 0, 10, 0, 0, 0.01%, 0, 0, 1, 48.72
1734125262, 41, 1, 10, 0, 0, 0.01%, 0, 0, 1, 47.33
1734125267, 41, 2, 11, 1, 0, 0.14%, 1, 0, 2, 48.59
1734125272, 41, 10, 12, 2, 1, 0.14%, 2, 0, 3, 54.78
1734125278, 41, 10, 13, 3, 1, 0.14%, 3, 0, 3, 54.76
1734125288, 41, 10, 14, 4, 1, 0.14%, 3, 0, 3, 52.26
1734125293, 41, 10, 14, 4, 1, 0.14%, 4, 0, 3, 54.19
1734125400, 41, 12, 14, 2, 2, 0.14%, 4, 0, 3, 71.04
1734125456, 41, 13, 15, 2, 1, 0.14%, 5, 0, 4, 60.20
1734125506, 41, 14, 15, 1, 1, 0.14%, 5, 0, 4, 71.79
1734125557, 41, 14, 16, 2, 1, 0.14%, 5, 0, 5, 54.28
1734125664, 42, 15, 16, 0, 0, 0.14%, 5, 0, 5, 85.99
1734125679, 42, 15, 17, 1, 0, 0.14%, 5, 0, 6, 70.84
1734125684, 42, 15, 18, 2, 0, 0.14%, 5, 0, 6, 63.40
1734125715, 42, 15, 19, 3, 0, 0.14%, 5, 0, 6, 58.87
1734125761, 42, 15, 20, 4, 0, 0.14%, 5, 0, 6, 58.47
1734125771, 42, 15, 21, 5, 0, 0.14%, 5, 0, 6, 63.30
1734125796, 42, 15, 25, 9, 0, 0.14%, 5, 0, 6, 52.68
1734125801, 42, 15, 26, 10, 0, 0.14%, 5, 0, 6, 46.37
1734125822, 42, 18, 26, 10, 3, 0.14%, 5, 0, 6, 39.62
1734126269, 42, 18, 27, 11, 3, 0.14%, 5, 0, 7, 102.23
1734126280, 42, 18, 29, 13, 3, 0.14%, 5, 0, 7, 84.27
1734126290, 42, 18, 30, 14, 3, 0.14%, 5, 0, 7, 82.53
1734126310, 42, 18, 31, 15, 3, 0.14%, 5, 0, 7, 80.54
1734126341, 42, 18, 32, 16, 3, 0.14%, 5, 0, 7, 63.87
1734126346, 42, 23, 32, 15, 3, 0.14%, 5, 0, 7, 65.59
1734126422, 42, 27, 32, 14, 2, 0.14%, 5, 0, 7, 78.45
1734126478, 42, 27, 33, 15, 2, 0.14%, 5, 0, 8, 61.17
1734126499, 43, 19, 33, 13, 0, 0.14%, 5, 0, 8, 42.81
1734127090, 43, 19, 34, 14, 0, 0.14%, 5, 0, 8, 94.38
1734127100, 43, 19, 35, 15, 0, 0.14%, 6, 0, 8, 86.26
1734127121, 43, 19, 36, 16, 0, 0.14%, 6, 0, 8, 98.67
1734127126, 43, 19, 36, 16, 0, 0.14%, 7, 0, 8, 95.25
1734127151, 43, 35, 36, 15, 1, 0.14%, 7, 0, 8, 44.92
1734128310, 44, 24, 36, 14, 0, 0.14%, 7, 0, 8, 91.13
1734128416, 44, 28, 36, 12, 0, 0.14%, 7, 0, 8, 87.60
1734128452, 44, 28, 37, 13, 0, 0.14%, 7, 0, 8, 71.77
1734128523, 44, 36, 37, 12, 1, 0.14%, 7, 0, 8, 73.65
1734128543, 44, 36, 38, 13, 1, 0.14%, 7, 0, 9, 63.51
1734128610, 45, 25, 38, 10, 0, 0.14%, 7, 0, 9, 43.57
1734129495, 47, 30, 38, 4, 0, 0.14%, 7, 0, 9, 76.72
1734129669, 47, 34, 38, 3, 0, 0.14%, 7, 0, 9, 59.43
1734129674, 48, 31, 38, 2, 0, 0.14%, 7, 0, 9, 40.20
1734129679, 49, 31, 38, 1, 0, 0.14%, 7, 0, 9, 119.42
1734129999, 53, 25, 38, 1, 0, 0.14%, 7, 0, 9, 67.20
1734130024, 54, 25, 38, 1, 0, 0.14%, 7, 0, 9, 71.19
1734130059, 55, 25, 38, 1, 0, 0.14%, 7, 0, 9, 80.80
1734130090, 56, 25, 38, 0, 0, 0.14%, 7, 0, 9, 62.80
1734130125, 57, 25, 38, 0, 0, 0.14%, 7, 0, 9, 86.88
1734130156, 58, 25, 38, 0, 0, 0.14%, 7, 0, 9, 72.40
1734130166, 58, 25, 39, 1, 0, 0.14%, 7, 0, 9, 76.99
1734130191, 59, 38, 39, 0, 0, 0.14%, 7, 0, 9, 62.13
1734130943, 61, 29, 39, 0, 0, 0.14%, 7, 0, 9, 69.12
1734130999, 64, 29, 39, 0, 0, 0.14%, 7, 0, 9, 64.51
1734131019, 65, 29, 39, 0, 0, 0.14%, 7, 0, 9, 67.89
1734131055, 66, 16, 39, 0, 0, 0.14%, 7, 0, 9, 74.11
1734131111, 66, 29, 39, 0, 0, 0.14%, 7, 0, 9, 61.54
1734131136, 67, 29, 39, 0, 0, 0.14%, 7, 0, 9, 57.87
1734131177, 68, 29, 39, 0, 0, 0.14%, 7, 0, 9, 57.55
1734131212, 69, 25, 39, 0, 0, 0.14%, 7, 0, 9, 68.32
1734131248, 69, 29, 39, 0, 0, 0.14%, 7, 0, 9, 61.30
1734131278, 69, 38, 39, 0, 0, 0.14%, 7, 0, 9, 75.08
1734131304, 70, 29, 39, 0, 0, 0.14%, 7, 0, 9, 63.60
1734131339, 70, 38, 39, 0, 0, 0.14%, 7, 0, 9, 69.80
1734131370, 71, 29, 39, 0, 0, 0.14%, 7, 0, 9, 61.34
1734131410, 71, 38, 39, 0, 0, 0.14%, 7, 0, 9, 86.57
1734131441, 72, 38, 39, 0, 0, 0.14%, 7, 0, 9, 77.03
1734131471, 73, 38, 39, 0, 0, 0.14%, 7, 0, 9, 64.55
1734131507, 77, 25, 39, 0, 0, 0.14%, 7, 0, 9, 76.46
1734131537, 78, 12, 39, 0, 0, 0.14%, 7, 0, 9, 64.00
1734131548, 82, 34, 39, 0, 0, 0.14%, 7, 0, 9, 106.09
1734132052, 84, 26, 39, 0, 0, 0.14%, 7, 0, 9, 76.42
1734132123, 87, 32, 39, 0, 0, 0.14%, 7, 0, 9, 102.38
1734132235, 92, 12, 39, 0, 0, 0.14%, 7, 0, 9, 61.26
1734132245, 93, 12, 39, 0, 0, 0.14%, 7, 0, 9, 57.53
1734132265, 95, 33, 39, 0, 0, 0.14%, 7, 0, 9, 81.86
1734132331, 102, 20, 39, 0, 0, 0.14%, 7, 0, 9, 79.83
1734132387, 105, 14, 39, 0, 0, 0.14%, 7, 0, 9, 65.60
1734132408, 112, 17, 39, 0, 0, 0.14%, 7, 0, 9, 70.85
1734132469, 113, 12, 39, 0, 0, 0.14%, 7, 0, 9, 57.69
1734132509, 116, 13, 39, 0, 0, 0.14%, 7, 0, 9, 56.79
1734132514, 116, 28, 39, 0, 0, 0.14%, 7, 0, 9, 68.95
1734132535, 121, 12, 39, 0, 0, 0.14%, 7, 0, 9, 66.62
1734132565, 121, 28, 39, 0, 0, 0.14%, 7, 0, 9, 60.78
1734132600, 121, 33, 39, 0, 0, 0.14%, 7, 0, 9, 57.07
1734132621, 122, 11, 39, 0, 0, 0.14%, 7, 0, 9, 83.07
1734132646, 122, 33, 39, 0, 0, 0.14%, 7, 0, 9, 67.76
1734132687, 125, 13, 39, 0, 0, 0.14%, 7, 0, 9, 60.12
1734132712, 127, 13, 39, 0, 0, 0.14%, 7, 0, 9, 64.60
1734132748, 128, 33, 39, 0, 0, 0.14%, 7, 0, 9, 65.36
1734132784, 130, 11, 39, 0, 0, 0.14%, 7, 0, 9, 64.63
1734132794, 130, 32, 39, 0, 0, 0.14%, 7, 0, 9, 69.32
1734132829, 139, 16, 39, 0, 0, 0.14%, 7, 0, 9, 62.04
1734132849, 140, 26, 39, 0, 0, 0.14%, 7, 0, 9, 65.24
1734132865, 140, 33, 39, 0, 0, 0.14%, 7, 0, 9, 65.17
1734132906, 148, 16, 39, 0, 0, 0.14%, 7, 0, 9, 59.37
1734132946, 151, 16, 39, 0, 0, 0.14%, 7, 0, 9, 64.99
1734132982, 152, 14, 39, 0, 0, 0.14%, 7, 0, 9, 59.55
1734133017, 156, 32, 39, 0, 0, 0.14%, 7, 0, 9, 70.83
1734133053, 157, 27, 39, 0, 0, 0.14%, 7, 0, 9, 60.38
1734133073, 159, 28, 39, 0, 0, 0.14%, 7, 0, 9, 61.78
1734133109, 159, 31, 39, 0, 0, 0.14%, 7, 0, 9, 73.11
1734133114, 159, 37, 39, 0, 0, 0.14%, 7, 0, 9, 74.13
1734133195, 160, 13, 39, 0, 0, 0.14%, 7, 0, 9, 66.38
1734133235, 161, 20, 39, 0, 0, 0.14%, 7, 0, 9, 68.11
1734133250, 165, 31, 39, 0, 0, 0.14%, 7, 0, 9, 60.85
1734133271, 167, 28, 39, 0, 0, 0.14%, 7, 0, 9, 72.46
1734133306, 173, 28, 39, 0, 0, 0.14%, 7, 0, 9, 62.72
1734133342, 177, 14, 39, 0, 0, 0.14%, 7, 0, 9, 61.85
1734133377, 177, 28, 39, 0, 0, 0.14%, 7, 0, 9, 70.38
1734133413, 180, 14, 39, 0, 0, 0.14%, 7, 0, 9, 62.15
1734133449, 183, 13, 39, 0, 0, 0.14%, 7, 0, 9, 63.59
1734133484, 183, 17, 39, 0, 0, 0.14%, 7, 0, 9, 63.70
1734133504, 186, 14, 39, 0, 0, 0.14%, 7, 0, 9, 61.75
1734133540, 186, 30, 39, 0, 0, 0.14%, 7, 0, 9, 78.85
1734133566, 186, 35, 39, 0, 0, 0.14%, 7, 0, 9, 82.22
1734133581, 189, 18, 39, 0, 0, 0.14%, 7, 0, 9, 74.72
1734133591, 192, 11, 39, 0, 0, 0.14%, 7, 0, 9, 58.62
1734133607, 192, 15, 39, 0, 0, 0.14%, 7, 0, 9, 67.33
1734133617, 192, 20, 39, 0, 0, 0.14%, 7, 0, 9, 72.13
1734133642, 192, 27, 39, 0, 0, 0.14%, 7, 0, 9, 57.90
1734133677, 192, 32, 39, 0, 0, 0.14%, 7, 0, 9, 66.94
1734133718, 193, 28, 39, 0, 0, 0.14%, 7, 0, 9, 64.21
1734133749, 194, 26, 39, 0, 0, 0.14%, 7, 0, 9, 70.80
1734133784, 196, 12, 39, 0, 0, 0.14%, 7, 0, 9, 66.86
1734133819, 196, 16, 39, 0, 0, 0.14%, 7, 0, 9, 60.60
1734133855, 197, 30, 39, 0, 0, 0.14%, 7, 0, 9, 76.62
1734133890, 203, 15, 39, 0, 0, 0.14%, 7, 0, 9, 68.13
1734133905, 204, 15, 39, 0, 0, 0.14%, 7, 0, 9, 65.21
1734133931, 206, 15, 39, 0, 0, 0.14%, 7, 0, 9, 62.26
1734133971, 207, 20, 39, 0, 0, 0.14%, 7, 0, 9, 65.22
1734134007, 208, 11, 39, 0, 0, 0.14%, 7, 0, 9, 55.90
1734134043, 211, 19, 39, 0, 0, 0.14%, 7, 0, 9, 81.46
1734134058, 211, 26, 39, 0, 0, 0.14%, 7, 0, 9, 64.39
1734134094, 211, 33, 39, 0, 0, 0.14%, 7, 0, 9, 61.80
1734134129, 214, 36, 39, 0, 0, 0.14%, 7, 0, 9, 65.40
1734134155, 215, 12, 39, 0, 0, 0.14%, 7, 0, 9, 57.38
1734134195, 217, 13, 39, 0, 0, 0.14%, 7, 0, 9, 59.91
1734134230, 217, 16, 39, 0, 0, 0.14%, 7, 0, 9, 60.94
1734134271, 218, 15, 39, 0, 0, 0.14%, 7, 0, 9, 66.64
1734134306, 218, 26, 39, 0, 0, 0.14%, 7, 0, 9, 61.10
1734134347, 218, 32, 39, 0, 0, 0.14%, 7, 0, 9, 71.68
1734134362, 218, 32, 40, 1, 0, 0.16%, 8, 0, 9, 64.45
1734134383, 218, 39, 40, 1, 1, 0.16%, 8, 0, 9, 70.98
1734134393, 218, 39, 42, 3, 1, 0.16%, 8, 0, 10, 54.77
1734134408, 218, 39, 43, 4, 1, 0.18%, 9, 0, 10, 55.92
1734134499, 218, 42, 43, 2, 1, 0.18%, 9, 0, 10, 82.95
1734134570, 218, 43, 44, 2, 1, 0.18%, 9, 0, 11, 49.53
1734134601, 218, 43, 45, 3, 1, 0.19%, 10, 0, 12, 107.79
1734134667, 218, 43, 46, 4, 1, 0.19%, 10, 0, 12, 120.97
1734134775, 218, 43, 48, 6, 1, 0.19%, 10, 0, 12, 115.13
1734135606, 218, 43, 49, 7, 1, 0.19%, 10, 0, 12, 83.68
1734135626, 218, 43, 50, 8, 1, 0.19%, 10, 0, 12, 83.07
1734135677, 218, 44, 50, 7, 2, 0.19%, 10, 0, 12, 38.97
1734135734, 218, 44, 51, 8, 2, 0.22%, 11, 0, 13, 99.43
1734135769, 218, 44, 52, 9, 2, 0.23%, 12, 0, 13, 127.52
1734136749, 218, 48, 52, 8, 3, 0.23%, 12, 0, 13, 47.03
1734136754, 218, 50, 52, 7, 2, 0.23%, 12, 0, 13, 36.98
1734136759, 218, 51, 52, 6, 1, 0.23%, 12, 0, 13, 33.00
1734136764, 219, 12, 52, 5, 0, 0.23%, 12, 0, 13, 39.48
1734136805, 219, 20, 52, 5, 0, 0.23%, 12, 0, 13, 65.45
1734136841, 219, 46, 52, 4, 0, 0.23%, 12, 0, 13, 57.69
1734136846, 219, 48, 52, 3, 0, 0.23%, 12, 0, 13, 85.96
1734137895, 219, 48, 53, 4, 0, 0.23%, 12, 0, 13, 89.00
1734137936, 219, 48, 54, 5, 0, 0.23%, 12, 0, 13, 74.65
1734137951, 219, 52, 54, 5, 2, 0.23%, 12, 0, 13, 56.63
1734139090, 219, 53, 54, 4, 1, 0.23%, 12, 0, 13, 96.84
1734139171, 220, 47, 54, 3, 0, 0.23%, 12, 0, 13, 59.52
1734139176, 220, 49, 54, 2, 0, 0.23%, 12, 0, 13, 63.86
1734139325, 221, 27, 54, 1, 0, 0.23%, 12, 0, 13, 62.98
1734139360, 221, 41, 54, 1, 0, 0.23%, 12, 0, 13, 71.05
1734139437, 221, 41, 55, 2, 0, 0.25%, 13, 0, 13, 59.32
1734139452, 221, 54, 55, 1, 1, 0.25%, 13, 0, 13, 75.17
1734139457, 221, 54, 56, 2, 1, 0.25%, 13, 0, 13, 97.51
1734139548, 221, 55, 56, 1, 1, 0.25%, 13, 0, 13, 83.54
1734139641, 222, 33, 56, 0, 0, 0.25%, 13, 0, 13, 69.30
1734139676, 223, 11, 56, 0, 0, 0.25%, 13, 0, 13, 70.56
1734139707, 223, 50, 56, 0, 0, 0.25%, 13, 0, 13, 121.29
1734139758, 223, 50, 57, 1, 0, 0.25%, 13, 0, 14, 101.75
1734140801, 223, 56, 57, 1, 1, 0.25%, 13, 0, 14, 68.28
1734140863, 223, 56, 58, 2, 1, 0.25%, 13, 0, 15, 106.69
