# unix_time, cycles_done, cur_path, paths_total, pending_total, pending_favs, map_size, unique_crashes, unique_hangs, max_depth, execs_per_sec
1733549709, 0, 0, 10, 10, 1, 0.01%, 0, 0, 1, 35.97
1733549714, 0, 2, 10, 10, 1, 0.01%, 0, 0, 1, 35.92
1733549730, 1, 0, 10, 2, 0, 0.01%, 0, 0, 1, 42.76
1733549740, 1, 1, 10, 1, 0, 0.01%, 0, 0, 1, 44.39
1733549745, 1, 2, 10, 0, 0, 0.01%, 0, 0, 1, 43.47
1733549750, 1, 3, 10, 0, 0, 0.01%, 0, 0, 1, 43.22
1733549755, 1, 4, 10, 0, 0, 0.01%, 0, 0, 1, 44.04
1733549760, 1, 5, 10, 0, 0, 0.01%, 0, 0, 1, 44.67
1733549765, 1, 6, 10, 0, 0, 0.01%, 0, 0, 1, 45.41
1733549770, 1, 7, 10, 0, 0, 0.01%, 0, 0, 1, 44.46
1733549780, 1, 8, 10, 0, 0, 0.01%, 0, 0, 1, 42.33
1733549785, 1, 9, 10, 0, 0, 0.01%, 0, 0, 1, 46.03
1733549790, 2, 0, 10, 0, 0, 0.01%, 0, 0, 1, 44.40
1733549796, 2, 1, 10, 0, 0, 0.01%, 0, 0, 1, 43.91
1733549801, 2, 2, 10, 0, 0, 0.01%, 0, 0, 1, 43.16
1733549806, 2, 3, 10, 0, 0, 0.01%, 0, 0, 1, 42.91
1733549811, 2, 4, 10, 0, 0, 0.01%, 0, 0, 1, 43.97
1733549821, 2, 5, 10, 0, 0, 0.01%, 0, 0, 1, 42.97
1733549826, 2, 6, 10, 0, 0, 0.01%, 0, 0, 1, 42.46
1733549831, 2, 7, 10, 0, 0, 0.01%, 0, 0, 1, 44.30
1733549836, 2, 8, 10, 0, 0, 0.01%, 0, 0, 1, 42.81
1733549841, 2, 9, 10, 0, 0, 0.01%, 0, 0, 1, 43.60
1733549851, 3, 0, 10, 0, 0, 0.01%, 0, 0, 1, 44.60
1733549856, 3, 1, 10, 0, 0, 0.01%, 0, 0, 1, 45.47
1733549861, 3, 2, 10, 0, 0, 0.01%, 0, 0, 1, 44.08
1733549866, 3, 3, 10, 0, 0, 0.01%, 0, 0, 1, 43.96
1733549871, 3, 4, 10, 0, 0, 0.01%, 0, 0, 1, 43.73
1733549876, 3, 5, 10, 0, 0, 0.01%, 0, 0, 1, 43.80
1733549882, 3, 6, 10, 0, 0, 0.01%, 0, 0, 1, 43.65
1733549892, 3, 7, 10, 0, 0, 0.01%, 0, 0, 1, 43.09
1733549897, 3, 8, 10, 0, 0, 0.01%, 0, 0, 1, 43.65
1733549902, 3, 9, 10, 0, 0, 0.01%, 0, 0, 1, 44.30
1733549907, 4, 0, 10, 0, 0, 0.01%, 0, 0, 1, 44.19
1733549912, 4, 1, 10, 0, 0, 0.01%, 0, 0, 1, 44.61
1733549917, 4, 2, 10, 0, 0, 0.01%, 0, 0, 1, 44.42
1733549927, 4, 3, 10, 0, 0, 0.01%, 0, 0, 1, 43.42
1733549932, 4, 4, 10, 0, 0, 0.01%, 0, 0, 1, 43.51
1733549937, 4, 5, 10, 0, 0, 0.01%, 0, 0, 1, 42.40
1733549943, 4, 6, 10, 0, 0, 0.01%, 0, 0, 1, 42.97
1733549948, 4, 7, 10, 0, 0, 0.01%, 0, 0, 1, 43.09
1733549953, 4, 8, 10, 0, 0, 0.01%, 0, 0, 1, 42.57
1733549963, 4, 9, 10, 0, 0, 0.01%, 0, 0, 1, 42.93
1733549968, 5, 0, 10, 0, 0, 0.01%, 0, 0, 1, 43.94
1733549973, 5, 1, 10, 0, 0, 0.01%, 0, 0, 1, 44.08
1733549978, 5, 2, 10, 0, 0, 0.01%, 0, 0, 1, 43.86
1733549983, 5, 3, 10, 0, 0, 0.01%, 0, 0, 1, 44.32
1733549988, 5, 4, 10, 0, 0, 0.01%, 0, 0, 1, 43.13
1733549998, 5, 5, 10, 0, 0, 0.01%, 0, 0, 1, 42.63
1733550003, 5, 6, 10, 0, 0, 0.01%, 0, 0, 1, 42.46
1733550008, 5, 7, 10, 0, 0, 0.01%, 0, 0, 1, 43.82
1733550013, 5, 8, 10, 0, 0, 0.01%, 0, 0, 1, 43.05
1733550018, 5, 9, 10, 0, 0, 0.01%, 0, 0, 1, 43.58
1733550024, 6, 0, 10, 0, 0, 0.01%, 0, 0, 1, 42.61
1733550029, 6, 1, 10, 0, 0, 0.01%, 0, 0, 1, 44.28
1733550039, 6, 2, 10, 0, 0, 0.01%, 0, 0, 1, 42.81
1733550044, 6, 3, 10, 0, 0, 0.01%, 0, 0, 1, 42.93
1733550049, 6, 4, 10, 0, 0, 0.01%, 0, 0, 1, 43.11
1733550054, 6, 5, 10, 0, 0, 0.01%, 0, 0, 1, 42.61
1733550059, 6, 6, 10, 0, 0, 0.01%, 0, 0, 1, 43.97
1733550069, 6, 7, 10, 0, 0, 0.01%, 0, 0, 1, 45.29
1733550074, 6, 8, 10, 0, 0, 0.01%, 0, 0, 1, 43.62
1733550079, 6, 9, 10, 0, 0, 0.01%, 0, 0, 1, 44.15
1733550084, 7, 0, 10, 0, 0, 0.01%, 0, 0, 1, 42.97
1733550089, 7, 1, 10, 0, 0, 0.01%, 0, 0, 1, 42.75
1733550094, 7, 2, 10, 0, 0, 0.01%, 0, 0, 1, 42.96
1733550099, 7, 3, 10, 0, 0, 0.01%, 0, 0, 1, 43.92
1733550110, 7, 4, 10, 0, 0, 0.01%, 0, 0, 1, 43.86
1733550115, 7, 5, 10, 0, 0, 0.01%, 0, 0, 1, 43.80
1733550120, 7, 6, 10, 0, 0, 0.01%, 0, 0, 1, 43.69
1733550125, 7, 7, 10, 0, 0, 0.01%, 0, 0, 1, 42.50
1733550130, 7, 8, 10, 0, 0, 0.01%, 0, 0, 1, 44.28
1733550135, 7, 9, 10, 0, 0, 0.01%, 0, 0, 1, 45.98
1733550140, 8, 0, 10, 0, 0, 0.01%, 0, 0, 1, 44.44
1733550150, 8, 1, 10, 0, 0, 0.01%, 0, 0, 1, 44.13
1733550155, 8, 2, 10, 0, 0, 0.01%, 0, 0, 1, 42.48
1733550160, 8, 3, 10, 0, 0, 0.01%, 0, 0, 1, 45.08
1733550165, 8, 4, 10, 0, 0, 0.01%, 0, 0, 1, 42.66
1733550171, 8, 5, 10, 0, 0, 0.01%, 0, 0, 1, 42.08
1733550176, 8, 6, 10, 0, 0, 0.01%, 0, 0, 1, 43.29
1733550186, 8, 7, 10, 0, 0, 0.01%, 0, 0, 1, 44.25
1733550191, 8, 8, 10, 0, 0, 0.01%, 0, 0, 1, 43.91
1733550196, 8, 9, 10, 0, 0, 0.01%, 0, 0, 1, 44.66
1733550201, 9, 0, 10, 0, 0, 0.01%, 0, 0, 1, 44.31
1733550206, 9, 1, 10, 0, 0, 0.01%, 0, 0, 1, 41.82
1733550211, 9, 2, 10, 0, 0, 0.01%, 0, 0, 1, 40.83
1733550221, 9, 3, 10, 0, 0, 0.01%, 0, 0, 1, 43.10
1733550227, 9, 4, 10, 0, 0, 0.01%, 0, 0, 1, 43.36
1733550232, 9, 5, 10, 0, 0, 0.01%, 0, 0, 1, 44.12
1733550237, 9, 6, 10, 0, 0, 0.01%, 0, 0, 1, 42.96
1733550242, 9, 7, 10, 0, 0, 0.01%, 0, 0, 1, 43.97
1733550247, 9, 8, 10, 0, 0, 0.01%, 0, 0, 1, 44.07
1733550257, 9, 9, 10, 0, 0, 0.01%, 0, 0, 1, 43.22
1733550262, 10, 0, 10, 0, 0, 0.01%, 0, 0, 1, 44.18
1733550267, 10, 1, 10, 0, 0, 0.01%, 0, 0, 1, 45.29
1733550272, 10, 2, 10, 0, 0, 0.01%, 0, 0, 1, 43.20
1733550278, 10, 3, 10, 0, 0, 0.01%, 0, 0, 1, 45.04
1733550283, 10, 4, 10, 0, 0, 0.01%, 0, 0, 1, 43.78
1733550288, 10, 5, 10, 0, 0, 0.01%, 0, 0, 1, 42.95
1733550298, 10, 6, 10, 0, 0, 0.01%, 0, 0, 1, 42.66
1733550303, 10, 7, 10, 0, 0, 0.01%, 0, 0, 1, 42.97
1733550308, 10, 8, 10, 0, 0, 0.01%, 0, 0, 1, 43.01
1733550313, 10, 9, 10, 0, 0, 0.01%, 0, 0, 1, 46.14
1733550318, 11, 0, 10, 0, 0, 0.01%, 0, 0, 1, 44.03
1733550323, 11, 1, 10, 0, 0, 0.01%, 0, 0, 1, 45.66
1733550328, 11, 2, 10, 0, 0, 0.01%, 0, 0, 1, 46.52
1733550338, 11, 3, 10, 0, 0, 0.01%, 0, 0, 1, 44.34
1733550343, 11, 4, 10, 0, 0, 0.01%, 0, 0, 1, 45.01
1733550348, 11, 5, 10, 0, 0, 0.01%, 0, 0, 1, 43.60
1733550353, 11, 6, 10, 0, 0, 0.01%, 0, 0, 1, 44.47
1733550358, 11, 7, 10, 0, 0, 0.01%, 0, 0, 1, 43.14
1733550363, 11, 8, 10, 0, 0, 0.01%, 0, 0, 1, 44.24
1733550369, 11, 9, 10, 0, 0, 0.01%, 0, 0, 1, 42.99
1733550379, 12, 0, 10, 0, 0, 0.01%, 0, 0, 1, 44.58
1733550384, 12, 1, 10, 0, 0, 0.01%, 0, 0, 1, 43.73
1733550389, 12, 2, 10, 0, 0, 0.01%, 0, 0, 1, 44.23
1733550394, 12, 3, 10, 0, 0, 0.01%, 0, 0, 1, 45.20
1733550399, 12, 4, 10, 0, 0, 0.01%, 0, 0, 1, 44.80
1733550404, 12, 5, 10, 0, 0, 0.01%, 0, 0, 1, 45.67
1733550409, 12, 6, 10, 0, 0, 0.01%, 0, 0, 1, 45.55
1733550414, 12, 7, 10, 0, 0, 0.01%, 0, 0, 1, 45.21
1733550424, 12, 8, 10, 0, 0, 0.01%, 0, 0, 1, 45.18
1733550429, 12, 9, 10, 0, 0, 0.01%, 0, 0, 1, 44.09
1733550435, 13, 0, 10, 0, 0, 0.01%, 0, 0, 1, 44.55
1733550440, 13, 1, 10, 0, 0, 0.01%, 0, 0, 1, 46.59
1733550445, 13, 2, 10, 0, 0, 0.01%, 0, 0, 1, 45.71
1733550450, 13, 3, 10, 0, 0, 0.01%, 0, 0, 1, 45.68
1733550455, 13, 4, 10, 0, 0, 0.01%, 0, 0, 1, 46.24
1733550460, 13, 5, 10, 0, 0, 0.01%, 0, 0, 1, 44.66
1733550465, 13, 6, 10, 0, 0, 0.01%, 0, 0, 1, 44.56
1733550475, 13, 7, 10, 0, 0, 0.01%, 0, 0, 1, 44.84
1733550480, 13, 8, 10, 0, 0, 0.01%, 0, 0, 1, 47.16
1733550485, 13, 9, 10, 0, 0, 0.01%, 0, 0, 1, 45.00
1733550490, 14, 0, 10, 0, 0, 0.01%, 0, 0, 1, 45.11
1733550495, 14, 1, 10, 0, 0, 0.01%, 0, 0, 1, 46.15
1733550500, 14, 2, 10, 0, 0, 0.01%, 0, 0, 1, 43.65
1733550505, 14, 3, 10, 0, 0, 0.01%, 0, 0, 1, 45.25
1733550510, 14, 4, 10, 0, 0, 0.01%, 0, 0, 1, 45.79
1733550521, 14, 5, 10, 0, 0, 0.01%, 0, 0, 1, 46.39
1733550526, 14, 6, 10, 0, 0, 0.01%, 0, 0, 1, 44.21
1733550531, 14, 7, 10, 0, 0, 0.01%, 0, 0, 1, 45.07
1733550536, 14, 8, 10, 0, 0, 0.01%, 0, 0, 1, 46.99
1733550541, 14, 9, 10, 0, 0, 0.01%, 0, 0, 1, 47.55
1733550546, 15, 0, 10, 0, 0, 0.01%, 0, 0, 1, 45.70
1733550551, 15, 1, 10, 0, 0, 0.01%, 0, 0, 1, 46.46
1733550556, 15, 2, 10, 0, 0, 0.01%, 0, 0, 1, 44.95
1733550566, 15, 3, 10, 0, 0, 0.01%, 0, 0, 1, 38.01
1733550587, 15, 4, 10, 0, 0, 0.01%, 0, 0, 1, 39.83
1733550607, 15, 5, 10, 0, 0, 0.01%, 0, 0, 1, 40.39
1733550627, 15, 6, 10, 0, 0, 0.01%, 0, 0, 1, 42.27
1733550648, 15, 7, 10, 0, 0, 0.01%, 0, 0, 1, 43.12
1733550668, 15, 8, 10, 0, 0, 0.01%, 0, 0, 1, 43.31
1733550689, 15, 9, 10, 0, 0, 0.01%, 0, 0, 1, 46.83
1733550714, 16, 0, 10, 0, 0, 0.01%, 0, 0, 1, 38.41
1733550735, 16, 1, 10, 0, 0, 0.01%, 0, 0, 1, 46.49
1733550740, 16, 2, 10, 0, 0, 0.01%, 0, 0, 1, 46.71
1733550745, 16, 3, 10, 0, 0, 0.01%, 0, 0, 1, 46.29
1733550750, 16, 4, 10, 0, 0, 0.01%, 0, 0, 1, 46.97
1733550755, 16, 5, 10, 0, 0, 0.01%, 0, 0, 1, 46.65
1733550760, 16, 6, 10, 0, 0, 0.01%, 0, 0, 1, 46.58
1733550765, 16, 7, 10, 0, 0, 0.01%, 0, 0, 1, 45.55
1733550770, 16, 8, 10, 0, 0, 0.01%, 0, 0, 1, 47.16
1733550780, 16, 9, 10, 0, 0, 0.01%, 0, 0, 1, 47.79
1733550785, 17, 0, 10, 0, 0, 0.01%, 0, 0, 1, 45.65
1733550790, 17, 1, 10, 0, 0, 0.01%, 0, 0, 1, 44.72
1733550795, 17, 2, 10, 0, 0, 0.01%, 0, 0, 1, 44.88
1733550801, 17, 3, 10, 0, 0, 0.01%, 0, 0, 1, 44.82
1733550806, 17, 4, 10, 0, 0, 0.01%, 0, 0, 1, 45.12
1733550811, 17, 5, 10, 0, 0, 0.01%, 0, 0, 1, 46.04
1733550816, 17, 6, 10, 0, 0, 0.01%, 0, 0, 1, 46.16
1733550821, 17, 7, 10, 0, 0, 0.01%, 0, 0, 1, 44.56
1733550831, 17, 8, 10, 0, 0, 0.01%, 0, 0, 1, 44.59
1733550836, 17, 9, 10, 0, 0, 0.01%, 0, 0, 1, 45.17
1733550841, 18, 0, 10, 0, 0, 0.01%, 0, 0, 1, 45.39
1733550846, 18, 1, 10, 0, 0, 0.01%, 0, 0, 1, 47.73
1733550851, 18, 2, 10, 0, 0, 0.01%, 0, 0, 1, 45.09
1733550856, 18, 3, 10, 0, 0, 0.01%, 0, 0, 1, 44.54
1733550862, 18, 4, 10, 0, 0, 0.01%, 0, 0, 1, 44.64
1733550867, 18, 5, 10, 0, 0, 0.01%, 0, 0, 1, 45.35
1733550872, 18, 6, 10, 0, 0, 0.01%, 0, 0, 1, 45.80
1733550882, 18, 7, 10, 0, 0, 0.01%, 0, 0, 1, 46.23
1733550887, 18, 8, 10, 0, 0, 0.01%, 0, 0, 1, 46.07
1733550892, 18, 9, 10, 0, 0, 0.01%, 0, 0, 1, 46.24
1733550897, 19, 0, 10, 0, 0, 0.01%, 0, 0, 1, 45.76
1733550902, 19, 1, 10, 0, 0, 0.01%, 0, 0, 1, 46.47
1733550907, 19, 2, 10, 0, 0, 0.01%, 0, 0, 1, 46.29
1733550912, 19, 3, 10, 0, 0, 0.01%, 0, 0, 1, 45.41
1733550917, 19, 4, 10, 0, 0, 0.01%, 0, 0, 1, 46.73
1733550922, 19, 5, 10, 0, 0, 0.01%, 0, 0, 1, 44.46
1733550927, 19, 6, 10, 0, 0, 0.01%, 0, 0, 1, 43.85
1733550938, 19, 7, 10, 0, 0, 0.01%, 0, 0, 1, 46.25
1733550943, 19, 8, 10, 0, 0, 0.01%, 0, 0, 1, 45.69
1733550948, 19, 9, 10, 0, 0, 0.01%, 0, 0, 1, 45.74
1733550953, 20, 0, 10, 0, 0, 0.01%, 0, 0, 1, 47.28
1733550958, 20, 1, 10, 0, 0, 0.01%, 0, 0, 1, 47.28
1733550963, 20, 2, 10, 0, 0, 0.01%, 0, 0, 1, 46.90
1733550968, 20, 3, 10, 0, 0, 0.01%, 0, 0, 1, 46.42
1733550973, 20, 4, 10, 0, 0, 0.01%, 0, 0, 1, 48.66
1733550978, 20, 5, 10, 0, 0, 0.01%, 0, 0, 1, 45.28
1733550983, 20, 6, 10, 0, 0, 0.01%, 0, 0, 1, 45.51
1733550988, 20, 7, 10, 0, 0, 0.01%, 0, 0, 1, 46.28
1733550998, 20, 8, 10, 0, 0, 0.01%, 0, 0, 1, 44.36
1733551004, 20, 9, 10, 0, 0, 0.01%, 0, 0, 1, 43.93
1733551009, 21, 0, 10, 0, 0, 0.01%, 0, 0, 1, 44.59
1733551014, 21, 1, 10, 0, 0, 0.01%, 0, 0, 1, 45.25
1733551019, 21, 2, 10, 0, 0, 0.01%, 0, 0, 1, 46.34
1733551024, 21, 3, 10, 0, 0, 0.01%, 0, 0, 1, 45.61
1733551029, 21, 4, 10, 0, 0, 0.01%, 0, 0, 1, 45.94
1733551034, 21, 5, 10, 0, 0, 0.01%, 0, 0, 1, 47.48
1733551039, 21, 6, 10, 0, 0, 0.01%, 0, 0, 1, 45.41
1733551049, 21, 7, 10, 0, 0, 0.01%, 0, 0, 1, 44.40
1733551054, 21, 8, 10, 0, 0, 0.01%, 0, 0, 1, 45.27
1733551059, 21, 9, 10, 0, 0, 0.01%, 0, 0, 1, 46.70
1733551064, 22, 0, 10, 0, 0, 0.01%, 0, 0, 1, 46.13
1733551069, 22, 1, 10, 0, 0, 0.01%, 0, 0, 1, 45.52
1733551074, 22, 2, 10, 0, 0, 0.01%, 0, 0, 1, 46.41
1733551080, 22, 3, 10, 0, 0, 0.01%, 0, 0, 1, 45.80
1733551085, 22, 4, 10, 0, 0, 0.01%, 0, 0, 1, 43.33
1733551090, 22, 5, 10, 0, 0, 0.01%, 0, 0, 1, 45.79
1733551100, 22, 6, 10, 0, 0, 0.01%, 0, 0, 1, 48.22
1733551105, 22, 7, 10, 0, 0, 0.01%, 0, 0, 1, 45.99
1733551110, 22, 8, 10, 0, 0, 0.01%, 0, 0, 1, 44.91
1733551115, 22, 9, 10, 0, 0, 0.01%, 0, 0, 1, 45.92
1733551120, 23, 0, 10, 0, 0, 0.01%, 0, 0, 1, 45.59
1733551125, 23, 1, 10, 0, 0, 0.01%, 0, 0, 1, 48.00
1733551130, 23, 2, 10, 0, 0, 0.01%, 0, 0, 1, 46.46
1733551135, 23, 3, 10, 0, 0, 0.01%, 0, 0, 1, 44.02
1733551145, 23, 4, 10, 0, 0, 0.01%, 0, 0, 1, 45.10
1733551151, 23, 5, 10, 0, 0, 0.01%, 0, 0, 1, 43.25
1733551156, 23, 6, 10, 0, 0, 0.01%, 0, 0, 1, 46.01
1733551161, 23, 7, 10, 0, 0, 0.01%, 0, 0, 1, 43.60
1733551166, 23, 8, 10, 0, 0, 0.01%, 0, 0, 1, 45.61
1733551171, 23, 9, 10, 0, 0, 0.01%, 0, 0, 1, 44.05
1733551176, 24, 0, 10, 0, 0, 0.01%, 0, 0, 1, 45.09
1733551181, 24, 1, 10, 0, 0, 0.01%, 0, 0, 1, 46.27
1733551186, 24, 2, 10, 0, 0, 0.01%, 0, 0, 1, 45.09
1733551196, 24, 3, 10, 0, 0, 0.01%, 0, 0, 1, 44.91
1733551201, 24, 4, 10, 0, 0, 0.01%, 0, 0, 1, 44.58
1733551206, 24, 5, 10, 0, 0, 0.01%, 0, 0, 1, 45.70
1733551211, 24, 6, 10, 0, 0, 0.01%, 0, 0, 1, 47.49
1733551216, 24, 7, 10, 0, 0, 0.01%, 0, 0, 1, 44.59
1733551221, 24, 8, 10, 0, 0, 0.01%, 0, 0, 1, 46.74
1733551227, 24, 9, 10, 0, 0, 0.01%, 0, 0, 1, 45.28
1733551232, 25, 0, 10, 0, 0, 0.01%, 0, 0, 1, 47.74
1733551237, 25, 1, 10, 0, 0, 0.01%, 0, 0, 1, 45.79
1733551247, 25, 2, 10, 0, 0, 0.01%, 0, 0, 1, 46.17
1733551252, 25, 3, 10, 0, 0, 0.01%, 0, 0, 1, 44.82
1733551257, 25, 4, 10, 0, 0, 0.01%, 0, 0, 1, 46.49
1733551262, 25, 5, 10, 0, 0, 0.01%, 0, 0, 1, 45.98
1733551267, 25, 6, 10, 0, 0, 0.01%, 0, 0, 1, 45.19
1733551272, 25, 7, 10, 0, 0, 0.01%, 0, 0, 1, 47.06
1733551277, 25, 8, 10, 0, 0, 0.01%, 0, 0, 1, 44.15
1733551282, 25, 9, 10, 0, 0, 0.01%, 0, 0, 1, 45.46
1733551287, 26, 0, 10, 0, 0, 0.01%, 0, 0, 1, 46.15
1733551293, 26, 1, 10, 0, 0, 0.01%, 0, 0, 1, 46.27
1733551303, 26, 2, 10, 0, 0, 0.01%, 0, 0, 1, 44.01
1733551308, 26, 3, 10, 0, 0, 0.01%, 0, 0, 1, 45.58
1733551313, 26, 4, 10, 0, 0, 0.01%, 0, 0, 1, 44.66
1733551318, 26, 5, 10, 0, 0, 0.01%, 0, 0, 1, 46.64
1733551323, 26, 6, 10, 0, 0, 0.01%, 0, 0, 1, 46.10
1733551328, 26, 7, 10, 0, 0, 0.01%, 0, 0, 1, 45.51
1733551333, 26, 8, 10, 0, 0, 0.01%, 0, 0, 1, 45.50
1733551338, 26, 9, 10, 0, 0, 0.01%, 0, 0, 1, 43.98
1733551343, 27, 0, 10, 0, 0, 0.01%, 0, 0, 1, 44.19
1733551353, 27, 1, 10, 0, 0, 0.01%, 0, 0, 1, 46.51
1733551358, 27, 2, 10, 0, 0, 0.01%, 0, 0, 1, 45.25
1733551364, 27, 3, 10, 0, 0, 0.01%, 0, 0, 1, 45.78
1733551369, 27, 4, 10, 0, 0, 0.01%, 0, 0, 1, 45.43
1733551374, 27, 5, 10, 0, 0, 0.01%, 0, 0, 1, 43.86
1733551379, 27, 6, 10, 0, 0, 0.01%, 0, 0, 1, 46.24
1733551384, 27, 7, 10, 0, 0, 0.01%, 0, 0, 1, 45.02
1733551389, 27, 8, 10, 0, 0, 0.01%, 0, 0, 1, 44.71
1733551394, 27, 9, 10, 0, 0, 0.01%, 0, 0, 1, 45.01
1733551404, 28, 0, 10, 0, 0, 0.01%, 0, 0, 1, 45.67
1733551409, 28, 1, 10, 0, 0, 0.01%, 0, 0, 1, 47.13
1733551414, 28, 2, 10, 0, 0, 0.01%, 0, 0, 1, 45.79
1733551419, 28, 3, 10, 0, 0, 0.01%, 0, 0, 1, 45.19
1733551424, 28, 4, 10, 0, 0, 0.01%, 0, 0, 1, 48.08
1733551429, 28, 5, 10, 0, 0, 0.01%, 0, 0, 1, 45.43
1733551434, 28, 6, 10, 0, 0, 0.01%, 0, 0, 1, 44.18
1733551439, 28, 7, 10, 0, 0, 0.01%, 0, 0, 1, 45.43
1733551445, 28, 8, 10, 0, 0, 0.01%, 0, 0, 1, 45.55
1733551455, 28, 9, 10, 0, 0, 0.01%, 0, 0, 1, 45.88
1733551460, 29, 0, 10, 0, 0, 0.01%, 0, 0, 1, 43.79
1733551465, 29, 1, 10, 0, 0, 0.01%, 0, 0, 1, 44.45
1733551470, 29, 2, 10, 0, 0, 0.01%, 0, 0, 1, 45.14
1733551475, 29, 3, 10, 0, 0, 0.01%, 0, 0, 1, 48.07
1733551480, 29, 4, 10, 0, 0, 0.01%, 0, 0, 1, 49.16
1733551485, 29, 5, 10, 0, 0, 0.01%, 0, 0, 1, 47.52
1733551490, 29, 6, 10, 0, 0, 0.01%, 0, 0, 1, 46.10
1733551495, 29, 7, 10, 0, 0, 0.01%, 0, 0, 1, 45.21
1733551500, 29, 8, 10, 0, 0, 0.01%, 0, 0, 1, 45.72
1733551510, 29, 9, 10, 0, 0, 0.01%, 0, 0, 1, 45.47
1733551515, 30, 0, 10, 0, 0, 0.01%, 0, 0, 1, 45.60
1733551520, 30, 1, 10, 0, 0, 0.01%, 0, 0, 1, 45.60
1733551525, 30, 2, 10, 0, 0, 0.01%, 0, 0, 1, 45.46
1733551531, 30, 3, 10, 0, 0, 0.01%, 0, 0, 1, 45.21
1733551536, 30, 4, 10, 0, 0, 0.01%, 0, 0, 1, 46.66
1733551541, 30, 5, 10, 0, 0, 0.01%, 0, 0, 1, 45.86
1733551546, 30, 6, 10, 0, 0, 0.01%, 0, 0, 1, 45.53
1733551551, 30, 7, 10, 0, 0, 0.01%, 0, 0, 1, 44.89
1733551556, 30, 8, 10, 0, 0, 0.01%, 0, 0, 1, 45.65
1733551566, 30, 9, 10, 0, 0, 0.01%, 0, 0, 1, 45.68
1733551571, 31, 0, 10, 0, 0, 0.01%, 0, 0, 1, 44.43
1733551576, 31, 1, 10, 0, 0, 0.01%, 0, 0, 1, 45.41
1733551581, 31, 2, 10, 0, 0, 0.01%, 0, 0, 1, 44.22
1733551586, 31, 3, 10, 0, 0, 0.01%, 0, 0, 1, 45.29
1733551592, 31, 4, 10, 0, 0, 0.01%, 0, 0, 1, 46.12
1733551597, 31, 5, 10, 0, 0, 0.01%, 0, 0, 1, 45.28
1733551602, 31, 6, 10, 0, 0, 0.01%, 0, 0, 1, 45.25
1733551612, 31, 7, 10, 0, 0, 0.01%, 0, 0, 1, 45.70
1733551617, 31, 8, 10, 0, 0, 0.01%, 0, 0, 1, 45.80
1733551622, 31, 9, 10, 0, 0, 0.01%, 0, 0, 1, 46.08
1733551627, 32, 0, 10, 0, 0, 0.01%, 0, 0, 1, 44.90
1733551632, 32, 1, 10, 0, 0, 0.01%, 0, 0, 1, 45.12
1733551637, 32, 2, 10, 0, 0, 0.01%, 0, 0, 1, 44.51
1733551642, 32, 3, 10, 0, 0, 0.01%, 0, 0, 1, 43.84
1733551647, 32, 4, 10, 0, 0, 0.01%, 0, 0, 1, 44.11
1733551652, 32, 5, 10, 0, 0, 0.01%, 0, 0, 1, 45.31
1733551663, 32, 6, 10, 0, 0, 0.01%, 0, 0, 1, 46.37
1733551668, 32, 7, 10, 0, 0, 0.01%, 0, 0, 1, 45.94
1733551673, 32, 8, 10, 0, 0, 0.01%, 0, 0, 1, 44.87
1733551678, 32, 9, 10, 0, 0, 0.01%, 0, 0, 1, 45.04
1733551683, 33, 0, 10, 0, 0, 0.01%, 0, 0, 1, 46.57
1733551688, 33, 1, 10, 0, 0, 0.01%, 0, 0, 1, 45.05
1733551693, 33, 2, 10, 0, 0, 0.01%, 0, 0, 1, 45.58
1733551698, 33, 3, 10, 0, 0, 0.01%, 0, 0, 1, 45.56
1733551703, 33, 4, 10, 0, 0, 0.01%, 0, 0, 1, 44.38
1733551713, 33, 5, 10, 0, 0, 0.01%, 0, 0, 1, 46.96
1733551718, 33, 6, 10, 0, 0, 0.01%, 0, 0, 1, 46.54
1733551724, 33, 7, 10, 0, 0, 0.01%, 0, 0, 1, 45.77
1733551729, 33, 8, 10, 0, 0, 0.01%, 0, 0, 1, 46.60
1733551734, 33, 9, 10, 0, 0, 0.01%, 0, 0, 1, 45.49
1733551739, 34, 0, 10, 0, 0, 0.01%, 0, 0, 1, 46.46
1733551744, 34, 1, 10, 0, 0, 0.01%, 0, 0, 1, 46.05
1733551749, 34, 2, 10, 0, 0, 0.01%, 0, 0, 1, 45.82
1733551754, 34, 3, 10, 0, 0, 0.01%, 0, 0, 1, 44.77
1733551759, 34, 4, 10, 0, 0, 0.01%, 0, 0, 1, 46.59
1733551764, 34, 5, 10, 0, 0, 0.01%, 0, 0, 1, 47.07
1733551774, 34, 6, 10, 0, 0, 0.01%, 0, 0, 1, 44.76
1733551779, 34, 7, 10, 0, 0, 0.01%, 0, 0, 1, 46.08
1733551784, 34, 8, 10, 0, 0, 0.01%, 0, 0, 1, 43.55
1733551789, 34, 9, 10, 0, 0, 0.01%, 0, 0, 1, 46.88
1733551794, 35, 0, 10, 0, 0, 0.01%, 0, 0, 1, 45.91
1733551800, 35, 1, 10, 0, 0, 0.01%, 0, 0, 1, 45.92
1733551805, 35, 2, 10, 0, 0, 0.01%, 0, 0, 1, 44.29
1733551810, 35, 3, 10, 0, 0, 0.01%, 0, 0, 1, 48.54
1733551815, 35, 4, 10, 0, 0, 0.01%, 0, 0, 1, 47.82
1733551825, 35, 5, 10, 0, 0, 0.01%, 0, 0, 1, 44.88
1733551830, 35, 6, 10, 0, 0, 0.01%, 0, 0, 1, 44.50
1733551835, 35, 7, 10, 0, 0, 0.01%, 0, 0, 1, 48.09
1733551840, 35, 8, 10, 0, 0, 0.01%, 0, 0, 1, 45.20
1733551845, 35, 9, 10, 0, 0, 0.01%, 0, 0, 1, 46.05
1733551850, 36, 0, 10, 0, 0, 0.01%, 0, 0, 1, 46.48
1733551855, 36, 1, 10, 0, 0, 0.01%, 0, 0, 1, 47.75
1733551861, 36, 2, 10, 0, 0, 0.01%, 0, 0, 1, 46.82
1733551866, 36, 3, 10, 0, 0, 0.01%, 0, 0, 1, 46.62
1733551871, 36, 4, 10, 0, 0, 0.01%, 0, 0, 1, 45.65
1733551881, 36, 5, 10, 0, 0, 0.01%, 0, 0, 1, 44.94
1733551886, 36, 6, 10, 0, 0, 0.01%, 0, 0, 1, 44.61
1733551891, 36, 7, 10, 0, 0, 0.01%, 0, 0, 1, 46.82
1733551896, 36, 8, 10, 0, 0, 0.01%, 0, 0, 1, 45.46
1733551901, 36, 9, 10, 0, 0, 0.01%, 0, 0, 1, 45.55
1733551906, 37, 0, 10, 0, 0, 0.01%, 0, 0, 1, 44.54
1733551911, 37, 1, 10, 0, 0, 0.01%, 0, 0, 1, 47.81
1733551916, 37, 2, 10, 0, 0, 0.01%, 0, 0, 1, 45.04
1733551921, 37, 3, 10, 0, 0, 0.01%, 0, 0, 1, 47.20
1733551932, 37, 4, 10, 0, 0, 0.01%, 0, 0, 1, 43.02
1733551937, 37, 5, 10, 0, 0, 0.01%, 0, 0, 1, 43.32
1733551942, 37, 6, 10, 0, 0, 0.01%, 0, 0, 1, 47.09
1733551947, 37, 7, 10, 0, 0, 0.01%, 0, 0, 1, 46.72
1733551952, 37, 8, 10, 0, 0, 0.01%, 0, 0, 1, 47.68
1733551957, 37, 9, 10, 0, 0, 0.01%, 0, 0, 1, 45.40
1733551962, 38, 0, 10, 0, 0, 0.01%, 0, 0, 1, 46.23
1733551967, 38, 1, 10, 0, 0, 0.01%, 0, 0, 1, 47.19
1733551972, 38, 2, 10, 0, 0, 0.01%, 0, 0, 1, 48.45
1733551977, 38, 3, 10, 0, 0, 0.01%, 0, 0, 1, 44.65
1733551982, 38, 4, 10, 0, 0, 0.01%, 0, 0, 1, 46.50
1733551988, 38, 5, 10, 0, 0, 0.01%, 0, 0, 1, 46.26
1733551998, 38, 6, 11, 1, 0, 0.14%, 1, 0, 2, 47.68
1733552003, 38, 10, 11, 1, 1, 0.14%, 1, 0, 2, 56.48
1733552008, 38, 10, 12, 2, 1, 0.14%, 2, 0, 3, 49.60
1733552038, 38, 10, 13, 3, 1, 0.14%, 2, 0, 3, 48.10
1733552135, 38, 12, 17, 6, 1, 0.14%, 2, 0, 4, 49.56
1733552140, 38, 12, 20, 9, 1, 0.14%, 2, 0, 4, 84.69
1733552145, 38, 12, 21, 10, 1, 0.14%, 3, 0, 4, 98.22
1733552216, 38, 12, 22, 11, 1, 0.14%, 3, 0, 4, 59.46
1733552282, 38, 21, 22, 9, 1, 0.14%, 3, 0, 4, 73.61
1733552440, 38, 21, 23, 10, 1, 0.14%, 4, 0, 5, 61.37
1733552456, 38, 21, 24, 11, 1, 0.14%, 5, 0, 5, 62.85
1733552517, 39, 23, 24, 8, 0, 0.14%, 5, 0, 5, 83.45
1733552537, 39, 23, 25, 9, 0, 0.14%, 6, 0, 6, 112.79
1733552680, 39, 23, 27, 11, 0, 0.14%, 6, 0, 6, 67.30
1733552690, 39, 23, 28, 12, 0, 0.14%, 6, 0, 6, 68.44
1733552695, 39, 23, 29, 13, 0, 0.14%, 6, 0, 6, 68.67
1733552710, 39, 23, 30, 14, 0, 0.14%, 6, 0, 6, 70.33
1733552771, 39, 25, 30, 13, 2, 0.14%, 6, 0, 6, 81.70
1733552990, 39, 26, 30, 12, 0, 0.14%, 6, 0, 6, 73.66
1733553047, 39, 26, 31, 13, 0, 0.14%, 6, 0, 7, 58.57
1733553133, 40, 29, 31, 9, 0, 0.14%, 6, 0, 7, 91.39
1733553291, 40, 29, 32, 10, 0, 0.14%, 7, 0, 7, 78.89
1733553342, 40, 31, 32, 9, 1, 0.14%, 7, 0, 7, 55.65
1733553602, 41, 28, 32, 7, 0, 0.14%, 7, 0, 7, 63.37
1733553709, 43, 22, 32, 4, 0, 0.14%, 7, 0, 7, 68.08
1733554030, 43, 24, 32, 3, 0, 0.14%, 7, 0, 7, 78.37
1733554051, 43, 24, 33, 4, 0, 0.14%, 7, 0, 7, 113.75
1733554240, 46, 13, 33, 2, 0, 0.14%, 7, 0, 7, 54.22
1733554245, 47, 32, 33, 1, 0, 0.14%, 7, 0, 7, 89.14
1733554414, 47, 32, 34, 2, 0, 0.14%, 7, 0, 8, 73.84
1733554475, 47, 32, 35, 3, 0, 0.14%, 7, 0, 8, 54.62
1733554480, 47, 32, 36, 4, 0, 0.14%, 7, 0, 8, 66.87
1733554490, 47, 35, 36, 4, 1, 0.14%, 7, 0, 8, 85.91
1733554495, 47, 35, 37, 5, 1, 0.14%, 7, 0, 9, 96.08
1733554690, 47, 35, 38, 6, 1, 0.14%, 7, 0, 9, 78.40
1733554756, 47, 35, 39, 7, 1, 0.14%, 7, 0, 9, 70.61
1733554791, 47, 38, 39, 6, 1, 0.14%, 7, 0, 9, 84.07
1733555056, 49, 33, 39, 3, 0, 0.14%, 7, 0, 9, 45.16
1733555067, 50, 33, 39, 2, 0, 0.14%, 7, 0, 9, 75.26
1733556660, 50, 33, 40, 3, 0, 0.14%, 7, 0, 9, 59.66
1733556762, 50, 39, 40, 3, 1, 0.14%, 7, 0, 9, 49.79
1733557793, 50, 39, 41, 4, 1, 0.14%, 7, 0, 10, 94.88
1733557880, 50, 40, 41, 3, 1, 0.14%, 7, 0, 10, 52.94
1733558375, 53, 27, 41, 2, 0, 0.14%, 7, 0, 10, 71.33
1733558452, 54, 30, 41, 2, 0, 0.14%, 7, 0, 10, 67.11
1733558523, 54, 34, 41, 2, 0, 0.14%, 7, 0, 10, 55.51
1733558528, 59, 34, 41, 1, 0, 0.14%, 7, 0, 10, 80.09
1733559075, 62, 25, 41, 1, 0, 0.14%, 7, 0, 10, 74.80
1733559091, 63, 37, 41, 1, 0, 0.14%, 7, 0, 10, 54.06
1733559438, 65, 34, 41, 0, 0, 0.14%, 7, 0, 10, 73.84
1733559453, 66, 34, 41, 0, 0, 0.14%, 7, 0, 10, 68.85
1733559494, 67, 34, 41, 0, 0, 0.14%, 7, 0, 10, 69.58
1733559524, 68, 34, 41, 0, 0, 0.14%, 7, 0, 10, 70.68
1733559560, 69, 25, 41, 0, 0, 0.14%, 7, 0, 10, 79.18
1733559575, 69, 34, 41, 0, 0, 0.14%, 7, 0, 10, 75.62
1733559611, 108, 24, 41, 0, 0, 0.14%, 7, 0, 10, 69.94
1733559626, 113, 24, 41, 0, 0, 0.14%, 7, 0, 10, 71.88
1733559641, 119, 20, 41, 0, 0, 0.14%, 7, 0, 10, 59.15
1733559728, 119, 24, 41, 0, 0, 0.14%, 7, 0, 10, 63.89
1733559764, 124, 25, 41, 0, 0, 0.14%, 7, 0, 10, 73.48
1733559799, 138, 32, 41, 0, 0, 0.14%, 7, 0, 10, 72.13
1733559819, 140, 25, 41, 0, 0, 0.14%, 7, 0, 10, 74.76
1733559850, 147, 23, 41, 0, 0, 0.14%, 7, 0, 10, 64.85
1733559870, 150, 24, 41, 0, 0, 0.14%, 7, 0, 10, 73.07
1733559900, 157, 20, 41, 0, 0, 0.14%, 7, 0, 10, 61.09
1733559915, 158, 25, 41, 0, 0, 0.14%, 7, 0, 10, 64.33
1733559956, 159, 15, 41, 0, 0, 0.14%, 7, 0, 10, 84.09
1733560012, 165, 27, 41, 0, 0, 0.14%, 7, 0, 10, 68.30
1733560027, 166, 27, 41, 0, 0, 0.14%, 7, 0, 10, 62.11
1733560047, 170, 32, 41, 0, 0, 0.14%, 7, 0, 10, 71.13
1733560078, 172, 27, 41, 0, 0, 0.14%, 7, 0, 10, 73.16
1733560114, 174, 22, 41, 0, 0, 0.14%, 7, 0, 10, 63.05
1733560124, 175, 15, 41, 0, 0, 0.14%, 7, 0, 10, 62.45
1733560139, 175, 27, 41, 0, 0, 0.14%, 7, 0, 10, 62.97
1733560175, 176, 24, 41, 0, 0, 0.14%, 7, 0, 10, 67.14
1733560210, 181, 20, 41, 0, 0, 0.14%, 7, 0, 10, 57.14
1733560241, 183, 15, 41, 0, 0, 0.14%, 7, 0, 10, 59.00
1733560276, 185, 22, 41, 0, 0, 0.14%, 7, 0, 10, 63.18
1733560296, 186, 24, 41, 0, 0, 0.14%, 7, 0, 10, 64.56
1733560332, 187, 20, 41, 0, 0, 0.14%, 7, 0, 10, 70.45
1733560367, 187, 27, 41, 0, 0, 0.14%, 7, 0, 10, 63.58
1733560408, 187, 40, 41, 0, 0, 0.14%, 7, 0, 10, 79.95
1733560438, 189, 32, 41, 0, 0, 0.14%, 7, 0, 10, 63.82
1733560474, 190, 13, 41, 0, 0, 0.14%, 7, 0, 10, 61.06
1733560535, 192, 14, 41, 0, 0, 0.14%, 7, 0, 10, 59.72
1733560595, 195, 23, 41, 0, 0, 0.14%, 7, 0, 10, 70.11
1733560611, 195, 40, 41, 0, 0, 0.14%, 7, 0, 10, 72.49
1733560646, 196, 15, 41, 0, 0, 0.14%, 7, 0, 10, 60.54
1733560672, 197, 14, 41, 0, 0, 0.14%, 7, 0, 10, 68.96
1733560682, 197, 23, 41, 0, 0, 0.14%, 7, 0, 10, 69.60
1733560718, 198, 27, 41, 0, 0, 0.14%, 7, 0, 10, 62.08
1733560753, 199, 20, 41, 0, 0, 0.14%, 7, 0, 10, 70.17
1733560794, 206, 20, 41, 0, 0, 0.14%, 7, 0, 10, 60.86
1733560829, 206, 27, 41, 0, 0, 0.14%, 7, 0, 10, 62.54
1733560869, 207, 13, 41, 0, 0, 0.14%, 7, 0, 10, 56.25
1733560875, 207, 14, 41, 0, 0, 0.14%, 7, 0, 10, 60.96
1733560895, 208, 24, 41, 0, 0, 0.14%, 7, 0, 10, 69.23
1733560931, 208, 40, 41, 0, 0, 0.14%, 7, 0, 10, 72.26
1733560966, 209, 25, 41, 0, 0, 0.14%, 7, 0, 10, 75.71
1733560997, 210, 18, 41, 0, 0, 0.14%, 7, 0, 10, 72.86
1733561063, 214, 16, 41, 0, 0, 0.14%, 7, 0, 10, 76.71
1733561114, 214, 36, 41, 0, 0, 0.14%, 7, 0, 10, 89.93
1733561329, 216, 13, 41, 0, 0, 0.14%, 7, 0, 10, 61.51
1733561339, 217, 13, 41, 0, 0, 0.14%, 7, 0, 10, 61.21
1733561359, 217, 25, 41, 0, 0, 0.14%, 7, 0, 10, 78.29
1733561390, 218, 20, 41, 0, 0, 0.14%, 7, 0, 10, 72.47
1733561430, 220, 20, 41, 0, 0, 0.14%, 7, 0, 10, 60.15
1733561466, 222, 16, 41, 0, 0, 0.14%, 7, 0, 10, 67.91
1733561481, 222, 27, 41, 0, 0, 0.14%, 7, 0, 10, 68.48
1733561516, 223, 20, 41, 0, 0, 0.14%, 7, 0, 10, 72.10
1733561557, 224, 16, 41, 0, 0, 0.14%, 7, 0, 10, 60.97
1733561588, 227, 14, 41, 0, 0, 0.14%, 7, 0, 10, 62.68
1733561603, 228, 36, 41, 0, 0, 0.14%, 7, 0, 10, 68.91
1733561624, 231, 14, 41, 0, 0, 0.14%, 7, 0, 10, 58.48
1733561659, 232, 39, 41, 0, 0, 0.14%, 7, 0, 10, 85.97
1733561675, 233, 36, 41, 0, 0, 0.14%, 7, 0, 10, 65.82
1733561710, 234, 13, 41, 0, 0, 0.14%, 7, 0, 10, 59.39
1733561745, 234, 39, 41, 0, 0, 0.14%, 7, 0, 10, 73.61
1733561776, 235, 40, 41, 0, 0, 0.14%, 7, 0, 10, 78.06
1733561781, 235, 40, 42, 1, 0, 0.14%, 8, 0, 11, 81.51
1733561817, 237, 23, 42, 1, 0, 0.14%, 8, 0, 11, 79.61
1733561847, 237, 32, 42, 1, 0, 0.14%, 8, 0, 11, 75.61
1733561878, 238, 14, 42, 1, 0, 0.14%, 8, 0, 11, 65.83
1733561908, 238, 17, 42, 1, 0, 0.14%, 8, 0, 11, 63.88
1733561974, 238, 41, 42, 1, 0, 0.14%, 8, 0, 11, 55.35
1733562799, 239, 39, 42, 0, 0, 0.14%, 8, 0, 11, 73.78
1733562829, 240, 13, 42, 0, 0, 0.14%, 8, 0, 11, 59.74
1733562865, 240, 14, 42, 0, 0, 0.14%, 8, 0, 11, 58.70
1733562900, 242, 13, 42, 0, 0, 0.14%, 8, 0, 11, 59.42
1733562936, 242, 35, 42, 0, 0, 0.14%, 8, 0, 11, 72.47
1733562956, 243, 28, 42, 0, 0, 0.14%, 8, 0, 11, 60.71
1733562971, 244, 23, 42, 0, 0, 0.14%, 8, 0, 11, 73.06
1733563007, 244, 32, 42, 0, 0, 0.14%, 8, 0, 11, 72.38
1733563042, 247, 36, 42, 0, 0, 0.14%, 8, 0, 11, 67.01
1733563078, 248, 22, 42, 0, 0, 0.14%, 8, 0, 11, 64.77
1733563108, 248, 38, 42, 0, 0, 0.14%, 8, 0, 11, 67.99
1733563144, 249, 36, 42, 0, 0, 0.14%, 8, 0, 11, 63.08
1733563184, 251, 39, 42, 0, 0, 0.14%, 8, 0, 11, 89.99
1733563215, 252, 16, 42, 0, 0, 0.14%, 8, 0, 11, 65.06
1733563246, 252, 40, 42, 0, 0, 0.14%, 8, 0, 11, 71.32
1733563281, 253, 23, 42, 0, 0, 0.14%, 8, 0, 11, 70.73
1733563311, 253, 32, 42, 0, 0, 0.14%, 8, 0, 11, 67.70
1733563347, 257, 38, 42, 0, 0, 0.14%, 8, 0, 11, 65.20
1733563382, 258, 10, 42, 0, 0, 0.14%, 8, 0, 11, 60.98
1733563388, 259, 24, 42, 0, 0, 0.14%, 8, 0, 11, 73.57
1733563418, 261, 35, 42, 0, 0, 0.14%, 8, 0, 11, 61.29
1733563454, 262, 35, 42, 0, 0, 0.14%, 8, 0, 11, 66.88
1733563490, 263, 26, 42, 0, 0, 0.14%, 8, 0, 11, 65.48
1733563500, 265, 17, 42, 0, 0, 0.14%, 8, 0, 11, 64.82
1733563505, 266, 15, 42, 0, 0, 0.14%, 8, 0, 11, 59.82
1733563535, 269, 10, 42, 0, 0, 0.14%, 8, 0, 11, 75.89
1733563545, 269, 15, 42, 0, 0, 0.14%, 8, 0, 11, 63.01
1733563576, 269, 26, 42, 0, 0, 0.14%, 8, 0, 11, 62.89
1733563591, 269, 35, 42, 0, 0, 0.14%, 8, 0, 11, 71.66
1733563627, 270, 16, 42, 0, 0, 0.14%, 8, 0, 11, 68.83
1733563657, 270, 28, 42, 0, 0, 0.14%, 8, 0, 11, 57.19
1733563697, 272, 10, 42, 0, 0, 0.14%, 8, 0, 11, 58.70
1733563707, 272, 38, 42, 0, 0, 0.14%, 8, 0, 11, 72.01
1733563743, 273, 17, 42, 0, 0, 0.14%, 8, 0, 11, 57.46
1733563753, 273, 32, 42, 0, 0, 0.14%, 8, 0, 11, 71.11
1733563788, 278, 15, 42, 0, 0, 0.14%, 8, 0, 11, 62.66
1733563819, 279, 14, 42, 0, 0, 0.14%, 8, 0, 11, 64.84
1733563854, 280, 10, 42, 0, 0, 0.14%, 8, 0, 11, 61.07
1733563875, 280, 29, 42, 0, 0, 0.14%, 8, 0, 11, 67.73
1733563885, 281, 16, 42, 0, 0, 0.14%, 8, 0, 11, 65.33
1733563915, 281, 37, 42, 0, 0, 0.14%, 8, 0, 11, 74.31
1733563946, 282, 16, 42, 0, 0, 0.14%, 8, 0, 11, 65.58
1733563986, 282, 18, 42, 0, 0, 0.14%, 8, 0, 11, 55.43
1733563991, 283, 23, 42, 0, 0, 0.14%, 8, 0, 11, 64.93
1733564022, 284, 25, 42, 0, 0, 0.14%, 8, 0, 11, 71.33
1733564058, 285, 19, 42, 0, 0, 0.14%, 8, 0, 11, 62.95
1733564108, 285, 23, 42, 0, 0, 0.14%, 8, 0, 11, 71.88
1733564139, 287, 29, 42, 0, 0, 0.14%, 8, 0, 11, 66.30
1733564144, 289, 19, 42, 0, 0, 0.14%, 8, 0, 11, 62.84
1733564155, 290, 38, 42, 0, 0, 0.14%, 8, 0, 11, 70.26
1733564190, 294, 12, 42, 0, 0, 0.14%, 8, 0, 11, 64.64
1733564195, 294, 33, 42, 0, 0, 0.14%, 8, 0, 11, 68.01
1733564216, 294, 37, 42, 0, 0, 0.14%, 8, 0, 11, 72.06
1733564251, 296, 18, 42, 0, 0, 0.14%, 8, 0, 11, 61.53
1733564267, 296, 26, 42, 0, 0, 0.14%, 8, 0, 11, 64.47
1733564302, 296, 38, 42, 0, 0, 0.14%, 8, 0, 11, 72.27
1733564338, 297, 26, 42, 0, 0, 0.14%, 8, 0, 11, 61.57
1733564373, 297, 31, 42, 0, 0, 0.14%, 8, 0, 11, 75.63
1733564388, 299, 26, 42, 0, 0, 0.14%, 8, 0, 11, 65.26
1733564429, 301, 31, 42, 0, 0, 0.14%, 8, 0, 11, 78.84
1733564459, 302, 32, 42, 0, 0, 0.14%, 8, 0, 11, 67.82
1733564495, 306, 17, 42, 0, 0, 0.14%, 8, 0, 11, 63.95
1733564520, 306, 28, 42, 0, 0, 0.14%, 8, 0, 11, 66.28
1733564556, 307, 10, 42, 0, 0, 0.14%, 8, 0, 11, 60.46
1733564591, 309, 22, 42, 0, 0, 0.14%, 8, 0, 11, 64.74
1733564627, 310, 16, 42, 0, 0, 0.14%, 8, 0, 11, 59.29
1733564658, 311, 19, 42, 0, 0, 0.14%, 8, 0, 11, 66.35
1733564673, 311, 22, 42, 0, 0, 0.14%, 8, 0, 11, 65.59
1733564708, 313, 38, 42, 0, 0, 0.14%, 8, 0, 11, 72.79
1733564739, 314, 26, 42, 0, 0, 0.14%, 8, 0, 11, 58.62
1733564779, 315, 18, 42, 0, 0, 0.14%, 8, 0, 11, 63.20
1733564795, 317, 26, 42, 0, 0, 0.14%, 8, 0, 11, 62.47
1733564830, 320, 29, 42, 0, 0, 0.14%, 8, 0, 11, 67.55
1733564850, 321, 12, 42, 0, 0, 0.14%, 8, 0, 11, 65.88
1733564860, 326, 19, 42, 0, 0, 0.14%, 8, 0, 11, 63.59
1733564891, 327, 22, 42, 0, 0, 0.14%, 8, 0, 11, 67.07
1733564926, 327, 31, 42, 0, 0, 0.14%, 8, 0, 11, 79.73
1733564941, 328, 19, 42, 0, 0, 0.14%, 8, 0, 11, 58.44
1733564977, 330, 10, 42, 0, 0, 0.14%, 8, 0, 11, 65.69
1733565018, 330, 36, 42, 0, 0, 0.14%, 8, 0, 11, 65.54
1733565053, 334, 11, 42, 0, 0, 0.14%, 8, 0, 11, 70.31
1733565068, 334, 29, 42, 0, 0, 0.14%, 8, 0, 11, 69.43
1733565104, 337, 17, 42, 0, 0, 0.14%, 8, 0, 11, 58.67
1733565134, 341, 18, 42, 0, 0, 0.14%, 8, 0, 11, 66.33
1733565165, 342, 15, 42, 0, 0, 0.14%, 8, 0, 11, 62.83
1733565200, 342, 22, 42, 0, 0, 0.14%, 8, 0, 11, 73.03
1733565225, 344, 33, 42, 0, 0, 0.14%, 8, 0, 11, 70.38
1733565261, 347, 33, 42, 0, 0, 0.14%, 8, 0, 11, 76.93
1733565292, 348, 29, 42, 0, 0, 0.14%, 8, 0, 11, 75.80
1733565327, 348, 30, 42, 0, 0, 0.14%, 8, 0, 11, 59.43
1733565337, 350, 11, 42, 0, 0, 0.14%, 8, 0, 11, 62.59
1733565342, 353, 38, 42, 0, 0, 0.14%, 8, 0, 11, 76.14
1733565378, 356, 11, 42, 0, 0, 0.14%, 8, 0, 11, 61.90
1733565388, 356, 30, 42, 0, 0, 0.14%, 8, 0, 11, 62.29
1733565403, 358, 11, 42, 0, 0, 0.14%, 8, 0, 11, 62.08
1733565428, 359, 11, 42, 0, 0, 0.14%, 8, 0, 11, 59.11
1733565464, 359, 18, 42, 0, 0, 0.14%, 8, 0, 11, 63.09
1733565484, 363, 17, 42, 0, 0, 0.14%, 8, 0, 11, 65.33
1733565520, 363, 31, 42, 0, 0, 0.14%, 8, 0, 11, 68.46
1733565550, 363, 37, 42, 0, 0, 0.14%, 8, 0, 11, 65.59
1733565586, 364, 33, 42, 0, 0, 0.14%, 8, 0, 11, 80.30
1733565621, 373, 17, 42, 0, 0, 0.14%, 8, 0, 11, 55.56
1733565657, 374, 19, 42, 0, 0, 0.14%, 8, 0, 11, 59.90
1733565692, 374, 31, 42, 0, 0, 0.14%, 8, 0, 11, 81.38
1733565723, 379, 12, 42, 0, 0, 0.14%, 8, 0, 11, 66.02
1733565738, 379, 18, 42, 0, 0, 0.14%, 8, 0, 11, 60.21
1733565769, 380, 33, 42, 0, 0, 0.14%, 8, 0, 11, 82.80
1733565799, 383, 37, 42, 0, 0, 0.14%, 8, 0, 11, 71.05
1733565834, 384, 18, 42, 0, 0, 0.14%, 8, 0, 11, 61.59
1733565865, 384, 28, 42, 0, 0, 0.14%, 8, 0, 11, 65.74
1733565900, 386, 30, 42, 0, 0, 0.14%, 8, 0, 11, 63.19
1733565936, 389, 30, 42, 0, 0, 0.14%, 8, 0, 11, 66.48
1733565976, 392, 11, 42, 0, 0, 0.14%, 8, 0, 11, 58.35
1733566007, 392, 37, 42, 0, 0, 0.14%, 8, 0, 11, 69.41
1733566042, 394, 31, 42, 0, 0, 0.14%, 8, 0, 11, 76.41
1733566078, 397, 28, 42, 0, 0, 0.14%, 8, 0, 11, 65.40
1733566114, 402, 21, 42, 0, 0, 0.14%, 8, 0, 11, 67.72
1733566119, 402, 28, 42, 0, 0, 0.14%, 8, 0, 11, 67.37
1733566154, 404, 31, 42, 0, 0, 0.14%, 8, 0, 11, 82.09
1733566185, 405, 30, 42, 0, 0, 0.14%, 8, 0, 11, 66.26
1733566220, 410, 30, 42, 0, 0, 0.14%, 8, 0, 11, 67.71
1733566256, 414, 21, 42, 0, 0, 0.14%, 8, 0, 11, 73.67
1733566271, 418, 28, 42, 0, 0, 0.14%, 8, 0, 11, 60.25
1733566311, 419, 28, 42, 0, 0, 0.14%, 8, 0, 11, 60.81
1733566342, 422, 30, 42, 0, 0, 0.14%, 8, 0, 11, 76.71
1733566383, 427, 37, 42, 0, 0, 0.14%, 8, 0, 11, 68.37
1733566418, 430, 31, 42, 0, 0, 0.14%, 8, 0, 11, 75.32
1733566454, 432, 28, 42, 0, 0, 0.14%, 8, 0, 11, 64.74
1733566489, 440, 21, 42, 0, 0, 0.14%, 8, 0, 11, 64.02
1733566514, 447, 21, 42, 0, 0, 0.14%, 8, 0, 11, 61.57
1733566545, 530, 41, 42, 0, 0, 0.14%, 8, 0, 11, 75.52
1733566570, 543, 41, 42, 0, 0, 0.14%, 8, 0, 11, 82.70
1733566601, 545, 41, 42, 0, 0, 0.14%, 8, 0, 11, 79.63
1733566631, 2613, 0, 42, 0, 0, 0.14%, 8, 0, 11, 0.00
1733566637, 22989, 0, 42, 0, 0, 0.14%, 8, 0, 11, 0.00
1733566642, 43288, 0, 42, 0, 0, 0.14%, 8, 0, 11, 0.00
1733566647, 63647, 0, 42, 0, 0, 0.14%, 8, 0, 11, 0.00
1733566652, 83998, 0, 42, 0, 0, 0.14%, 8, 0, 11, 0.00
1733566657, 104320, 0, 42, 0, 0, 0.14%, 8, 0, 11, 0.00
1733566663, 124600, 0, 42, 0, 0, 0.14%, 8, 0, 11, 0.00
1733566668, 145128, 0, 42, 0, 0, 0.14%, 8, 0, 11, 0.00
1733566673, 165377, 0, 42, 0, 0, 0.14%, 8, 0, 11, 0.00
1733566678, 185595, 0, 42, 0, 0, 0.14%, 8, 0, 11, 0.00
1733566683, 206009, 0, 42, 0, 0, 0.14%, 8, 0, 11, 0.00
1733566689, 226311, 0, 42, 0, 0, 0.14%, 8, 0, 11, 0.00
1733566694, 246666, 0, 42, 0, 0, 0.14%, 8, 0, 11, 0.00
1733566699, 266987, 0, 42, 0, 0, 0.14%, 8, 0, 11, 0.00
1733566704, 287328, 0, 42, 0, 0, 0.14%, 8, 0, 11, 0.00
1733566709, 307681, 0, 42, 0, 0, 0.14%, 8, 0, 11, 0.00
1733566715, 328071, 0, 42, 0, 0, 0.14%, 8, 0, 11, 0.00
1733566720, 348347, 0, 42, 0, 0, 0.14%, 8, 0, 11, 0.00
1733566725, 368778, 0, 42, 0, 0, 0.14%, 8, 0, 11, 0.00
1733566730, 389115, 0, 42, 0, 0, 0.14%, 8, 0, 11, 0.00
1733566735, 409433, 0, 42, 0, 0, 0.14%, 8, 0, 11, 0.00
1733566741, 429772, 0, 42, 0, 0, 0.14%, 8, 0, 11, 0.00
1733566746, 450092, 0, 42, 0, 0, 0.14%, 8, 0, 11, 0.00
1733566751, 470464, 0, 42, 0, 0, 0.14%, 8, 0, 11, 0.00
1733566756, 490852, 0, 42, 0, 0, 0.14%, 8, 0, 11, 0.00
1733566761, 511211, 0, 42, 0, 0, 0.14%, 8, 0, 11, 0.00
1733566767, 531537, 0, 42, 0, 0, 0.14%, 8, 0, 11, 0.00
1733566772, 551818, 0, 42, 0, 0, 0.14%, 8, 0, 11, 0.00
1733566777, 572093, 0, 42, 0, 0, 0.14%, 8, 0, 11, 0.00
1733566782, 592453, 0, 42, 0, 0, 0.14%, 8, 0, 11, 0.00
1733566787, 612850, 0, 42, 0, 0, 0.14%, 8, 0, 11, 0.00
1733566793, 633153, 0, 42, 0, 0, 0.14%, 8, 0, 11, 0.00
1733566798, 653517, 0, 42, 0, 0, 0.14%, 8, 0, 11, 0.00
1733566803, 673864, 0, 42, 0, 0, 0.14%, 8, 0, 11, 0.00
1733566808, 694233, 0, 42, 0, 0, 0.14%, 8, 0, 11, 0.00
1733566813, 714579, 0, 42, 0, 0, 0.14%, 8, 0, 11, 0.00
1733566819, 734905, 0, 42, 0, 0, 0.14%, 8, 0, 11, 0.00
1733566824, 755234, 0, 42, 0, 0, 0.14%, 8, 0, 11, 0.00
1733566829, 775610, 0, 42, 0, 0, 0.14%, 8, 0, 11, 0.00
1733566834, 796041, 0, 42, 0, 0, 0.14%, 8, 0, 11, 0.00
1733566839, 816361, 0, 42, 0, 0, 0.14%, 8, 0, 11, 0.00
1733566845, 836854, 0, 42, 0, 0, 0.14%, 8, 0, 11, 0.00
1733566850, 857161, 0, 42, 0, 0, 0.14%, 8, 0, 11, 0.00
1733566855, 877456, 0, 42, 0, 0, 0.14%, 8, 0, 11, 0.00
1733566860, 897797, 0, 42, 0, 0, 0.14%, 8, 0, 11, 0.00
1733566865, 918131, 0, 42, 0, 0, 0.14%, 8, 0, 11, 0.00
1733566871, 938493, 0, 42, 0, 0, 0.14%, 8, 0, 11, 0.00
1733566876, 958834, 0, 42, 0, 0, 0.14%, 8, 0, 11, 0.00
1733566881, 979160, 0, 42, 0, 0, 0.14%, 8, 0, 11, 0.00
1733566886, 999427, 0, 42, 0, 0, 0.14%, 8, 0, 11, 0.00
1733566891, 1019653, 0, 42, 0, 0, 0.14%, 8, 0, 11, 0.00
1733566897, 1039919, 0, 42, 0, 0, 0.14%, 8, 0, 11, 0.00
1733566902, 1060316, 0, 42, 0, 0, 0.14%, 8, 0, 11, 0.00
1733566907, 1080709, 0, 42, 0, 0, 0.14%, 8, 0, 11, 0.00
1733566912, 1101123, 0, 42, 0, 0, 0.14%, 8, 0, 11, 0.00
1733566917, 1121466, 0, 42, 0, 0, 0.14%, 8, 0, 11, 0.00
1733566923, 1141859, 0, 42, 0, 0, 0.14%, 8, 0, 11, 0.00
1733566928, 1162220, 0, 42, 0, 0, 0.14%, 8, 0, 11, 0.00
1733566933, 1182586, 0, 42, 0, 0, 0.14%, 8, 0, 11, 0.00
1733566938, 1202888, 0, 42, 0, 0, 0.14%, 8, 0, 11, 0.00
1733566943, 1223259, 0, 42, 0, 0, 0.14%, 8, 0, 11, 0.00
1733566949, 1243597, 0, 42, 0, 0, 0.14%, 8, 0, 11, 0.00
1733566954, 1263952, 0, 42, 0, 0, 0.14%, 8, 0, 11, 0.00
1733566959, 1284278, 0, 42, 0, 0, 0.14%, 8, 0, 11, 0.00
1733566964, 1304529, 0, 42, 0, 0, 0.14%, 8, 0, 11, 0.00
1733566969, 1324942, 0, 42, 0, 0, 0.14%, 8, 0, 11, 0.00
1733566975, 1345291, 0, 42, 0, 0, 0.14%, 8, 0, 11, 0.00
1733566980, 1365622, 0, 42, 0, 0, 0.14%, 8, 0, 11, 0.00
1733566985, 1386075, 0, 42, 0, 0, 0.14%, 8, 0, 11, 0.00
1733566990, 1406404, 0, 42, 0, 0, 0.14%, 8, 0, 11, 0.00
1733566995, 1426724, 0, 42, 0, 0, 0.14%, 8, 0, 11, 0.00
1733567001, 1447101, 0, 42, 0, 0, 0.14%, 8, 0, 11, 0.00
1733567006, 1467524, 0, 42, 0, 0, 0.14%, 8, 0, 11, 0.00
1733567011, 1487845, 0, 42, 0, 0, 0.14%, 8, 0, 11, 0.00
1733567016, 1508295, 0, 42, 0, 0, 0.14%, 8, 0, 11, 0.00
1733567021, 1528695, 0, 42, 0, 0, 0.14%, 8, 0, 11, 0.00
1733567027, 1548958, 0, 42, 0, 0, 0.14%, 8, 0, 11, 0.00
1733567032, 1569382, 0, 42, 0, 0, 0.14%, 8, 0, 11, 0.00
1733567037, 1589588, 0, 42, 0, 0, 0.14%, 8, 0, 11, 0.00
1733567042, 1609945, 0, 42, 0, 0, 0.14%, 8, 0, 11, 0.00
1733567047, 1630314, 0, 42, 0, 0, 0.14%, 8, 0, 11, 0.00
1733567053, 1650592, 0, 42, 0, 0, 0.14%, 8, 0, 11, 0.00
1733567058, 1670881, 0, 42, 0, 0, 0.14%, 8, 0, 11, 0.00
1733567063, 1691265, 0, 42, 0, 0, 0.14%, 8, 0, 11, 0.00
1733567068, 1711548, 0, 42, 0, 0, 0.14%, 8, 0, 11, 0.00
1733567073, 1731913, 0, 42, 0, 0, 0.14%, 8, 0, 11, 0.00
1733567079, 1752356, 0, 42, 0, 0, 0.14%, 8, 0, 11, 0.00
1733567084, 1772675, 0, 42, 0, 0, 0.14%, 8, 0, 11, 0.00
1733567089, 1792966, 0, 42, 0, 0, 0.14%, 8, 0, 11, 0.00
1733567094, 1813282, 0, 42, 0, 0, 0.14%, 8, 0, 11, 0.00
1733567099, 1833620, 0, 42, 0, 0, 0.14%, 8, 0, 11, 0.00
1733567105, 1853878, 0, 42, 0, 0, 0.14%, 8, 0, 11, 0.00
1733567110, 1874134, 0, 42, 0, 0, 0.14%, 8, 0, 11, 0.00
1733567115, 1894371, 0, 42, 0, 0, 0.14%, 8, 0, 11, 0.00
1733567120, 1914806, 0, 42, 0, 0, 0.14%, 8, 0, 11, 0.00
1733567125, 1935189, 0, 42, 0, 0, 0.14%, 8, 0, 11, 0.00
1733567131, 1955574, 0, 42, 0, 0, 0.14%, 8, 0, 11, 0.00
1733567136, 1975939, 0, 42, 0, 0, 0.14%, 8, 0, 11, 0.00
1733567141, 1996308, 0, 42, 0, 0, 0.14%, 8, 0, 11, 0.00
1733567146, 2016654, 0, 42, 0, 0, 0.14%, 8, 0, 11, 0.00
1733567151, 2036893, 0, 42, 0, 0, 0.14%, 8, 0, 11, 0.00
1733567157, 2057228, 0, 42, 0, 0, 0.14%, 8, 0, 11, 0.00
1733567162, 2077620, 0, 42, 0, 0, 0.14%, 8, 0, 11, 0.00
1733567167, 2098005, 0, 42, 0, 0, 0.14%, 8, 0, 11, 0.00
1733567172, 2118285, 0, 42, 0, 0, 0.14%, 8, 0, 11, 0.00
1733567177, 2138670, 0, 42, 0, 0, 0.14%, 8, 0, 11, 0.00
1733567183, 2159013, 0, 42, 0, 0, 0.14%, 8, 0, 11, 0.00
1733567188, 2179395, 0, 42, 0, 0, 0.14%, 8, 0, 11, 0.00
1733567193, 2199820, 0, 42, 0, 0, 0.14%, 8, 0, 11, 0.00
1733567198, 2220236, 0, 42, 0, 0, 0.14%, 8, 0, 11, 0.00
1733567203, 2240682, 0, 42, 0, 0, 0.14%, 8, 0, 11, 0.00
1733567209, 2261000, 0, 42, 0, 0, 0.14%, 8, 0, 11, 0.00
1733567214, 2281409, 0, 42, 0, 0, 0.14%, 8, 0, 11, 0.00
1733567219, 2301645, 0, 42, 0, 0, 0.14%, 8, 0, 11, 0.00
1733567224, 2321926, 0, 42, 0, 0, 0.14%, 8, 0, 11, 0.00
1733567229, 2342295, 0, 42, 0, 0, 0.14%, 8, 0, 11, 0.00
1733567235, 2362646, 0, 42, 0, 0, 0.14%, 8, 0, 11, 0.00
1733567240, 2382995, 0, 42, 0, 0, 0.14%, 8, 0, 11, 0.00
1733567245, 2403380, 0, 42, 0, 0, 0.14%, 8, 0, 11, 0.00
1733567250, 2423739, 0, 42, 0, 0, 0.14%, 8, 0, 11, 0.00
1733567255, 2444047, 0, 42, 0, 0, 0.14%, 8, 0, 11, 0.00
1733567261, 2464453, 0, 42, 0, 0, 0.14%, 8, 0, 11, 0.00
1733567266, 2484821, 0, 42, 0, 0, 0.14%, 8, 0, 11, 0.00
1733567271, 2505158, 0, 42, 0, 0, 0.14%, 8, 0, 11, 0.00
1733567276, 2525457, 0, 42, 0, 0, 0.14%, 8, 0, 11, 0.00
1733567281, 2545853, 0, 42, 0, 0, 0.14%, 8, 0, 11, 0.00
1733567287, 2566216, 0, 42, 0, 0, 0.14%, 8, 0, 11, 0.00
1733567292, 2586465, 0, 42, 0, 0, 0.14%, 8, 0, 11, 0.00
1733567297, 2606676, 0, 42, 0, 0, 0.14%, 8, 0, 11, 0.00
1733567302, 2626963, 0, 42, 0, 0, 0.14%, 8, 0, 11, 0.00
1733567307, 2647320, 0, 42, 0, 0, 0.14%, 8, 0, 11, 0.00
1733567313, 2667755, 0, 42, 0, 0, 0.14%, 8, 0, 11, 0.00
1733567318, 2688156, 0, 42, 0, 0, 0.14%, 8, 0, 11, 0.00
1733567323, 2708431, 0, 42, 0, 0, 0.14%, 8, 0, 11, 0.00
1733567328, 2728782, 0, 42, 0, 0, 0.14%, 8, 0, 11, 0.00
1733567333, 2749063, 0, 42, 0, 0, 0.14%, 8, 0, 11, 0.00
1733567339, 2769466, 0, 42, 0, 0, 0.14%, 8, 0, 11, 0.00
1733567344, 2789813, 0, 42, 0, 0, 0.14%, 8, 0, 11, 0.00
1733567349, 2810172, 0, 42, 0, 0, 0.14%, 8, 0, 11, 0.00
1733567354, 2830494, 0, 42, 0, 0, 0.14%, 8, 0, 11, 0.00
1733567359, 2850880, 0, 42, 0, 0, 0.14%, 8, 0, 11, 0.00
1733567365, 2871253, 0, 42, 0, 0, 0.14%, 8, 0, 11, 0.00
1733567370, 2891635, 0, 42, 0, 0, 0.14%, 8, 0, 11, 0.00
1733567375, 2911956, 0, 42, 0, 0, 0.14%, 8, 0, 11, 0.00
1733567380, 2932218, 0, 42, 0, 0, 0.14%, 8, 0, 11, 0.00
1733567385, 2952588, 0, 42, 0, 0, 0.14%, 8, 0, 11, 0.00
1733567391, 2972935, 0, 42, 0, 0, 0.14%, 8, 0, 11, 0.00
1733567396, 2993394, 0, 42, 0, 0, 0.14%, 8, 0, 11, 0.00
1733567401, 3013894, 0, 42, 0, 0, 0.14%, 8, 0, 11, 0.00
1733567406, 3034250, 0, 42, 0, 0, 0.14%, 8, 0, 11, 0.00
1733567411, 3054648, 0, 42, 0, 0, 0.14%, 8, 0, 11, 0.00
1733567417, 3075028, 0, 42, 0, 0, 0.14%, 8, 0, 11, 0.00
1733567422, 3095407, 0, 42, 0, 0, 0.14%, 8, 0, 11, 0.00
1733567427, 3115817, 0, 42, 0, 0, 0.14%, 8, 0, 11, 0.00
1733567432, 3136224, 0, 42, 0, 0, 0.14%, 8, 0, 11, 0.00
1733567437, 3156575, 0, 42, 0, 0, 0.14%, 8, 0, 11, 0.00
1733567443, 3176863, 0, 42, 0, 0, 0.14%, 8, 0, 11, 0.00
1733567448, 3197325, 0, 42, 0, 0, 0.14%, 8, 0, 11, 0.00
1733567453, 3217724, 0, 42, 0, 0, 0.14%, 8, 0, 11, 0.00
1733567458, 3237982, 0, 42, 0, 0, 0.14%, 8, 0, 11, 0.00
1733567463, 3258308, 0, 42, 0, 0, 0.14%, 8, 0, 11, 0.00
1733567469, 3278587, 0, 42, 0, 0, 0.14%, 8, 0, 11, 0.00
1733567474, 3298928, 0, 42, 0, 0, 0.14%, 8, 0, 11, 0.00
1733567479, 3319337, 0, 42, 0, 0, 0.14%, 8, 0, 11, 0.00
1733567484, 3339761, 0, 42, 0, 0, 0.14%, 8, 0, 11, 0.00
1733567489, 3360081, 0, 42, 0, 0, 0.14%, 8, 0, 11, 0.00
1733567495, 3380377, 0, 42, 0, 0, 0.14%, 8, 0, 11, 0.00
1733567500, 3400673, 0, 42, 0, 0, 0.14%, 8, 0, 11, 0.00
1733567505, 3420921, 0, 42, 0, 0, 0.14%, 8, 0, 11, 0.00
1733567510, 3441194, 0, 42, 0, 0, 0.14%, 8, 0, 11, 0.00
1733567515, 3461596, 0, 42, 0, 0, 0.14%, 8, 0, 11, 0.00
1733567521, 3481894, 0, 42, 0, 0, 0.14%, 8, 0, 11, 0.00
1733567526, 3502303, 0, 42, 0, 0, 0.14%, 8, 0, 11, 0.00
1733567531, 3522704, 0, 42, 0, 0, 0.14%, 8, 0, 11, 0.00
1733567536, 3543127, 0, 42, 0, 0, 0.14%, 8, 0, 11, 0.00
1733567541, 3563468, 0, 42, 0, 0, 0.14%, 8, 0, 11, 0.00
1733567547, 3583729, 0, 42, 0, 0, 0.14%, 8, 0, 11, 0.00
1733567552, 3603956, 0, 42, 0, 0, 0.14%, 8, 0, 11, 0.00
1733567557, 3624276, 0, 42, 0, 0, 0.14%, 8, 0, 11, 0.00
1733567562, 3644677, 0, 42, 0, 0, 0.14%, 8, 0, 11, 0.00
1733567567, 3665004, 0, 42, 0, 0, 0.14%, 8, 0, 11, 0.00
1733567573, 3685362, 0, 42, 0, 0, 0.14%, 8, 0, 11, 0.00
1733567578, 3705698, 0, 42, 0, 0, 0.14%, 8, 0, 11, 0.00
1733567583, 3726026, 0, 42, 0, 0, 0.14%, 8, 0, 11, 0.00
1733567588, 3746292, 0, 42, 0, 0, 0.14%, 8, 0, 11, 0.00
1733567593, 3766655, 0, 42, 0, 0, 0.14%, 8, 0, 11, 0.00
1733567599, 3786976, 0, 42, 0, 0, 0.14%, 8, 0, 11, 0.00
1733567604, 3807387, 0, 42, 0, 0, 0.14%, 8, 0, 11, 0.00
1733567609, 3827727, 0, 42, 0, 0, 0.14%, 8, 0, 11, 0.00
1733567614, 3848138, 0, 42, 0, 0, 0.14%, 8, 0, 11, 0.00
1733567619, 3868446, 0, 42, 0, 0, 0.14%, 8, 0, 11, 0.00
1733567625, 3888828, 0, 42, 0, 0, 0.14%, 8, 0, 11, 0.00
1733567630, 3909226, 0, 42, 0, 0, 0.14%, 8, 0, 11, 0.00
1733567635, 3929622, 0, 42, 0, 0, 0.14%, 8, 0, 11, 0.00
1733567640, 3950119, 0, 42, 0, 0, 0.14%, 8, 0, 11, 0.00
1733567645, 3970469, 0, 42, 0, 0, 0.14%, 8, 0, 11, 0.00
1733567651, 3990820, 0, 42, 0, 0, 0.14%, 8, 0, 11, 0.00
1733567656, 4011096, 0, 42, 0, 0, 0.14%, 8, 0, 11, 0.00
1733567661, 4031324, 0, 42, 0, 0, 0.14%, 8, 0, 11, 0.00
1733567666, 4051687, 0, 42, 0, 0, 0.14%, 8, 0, 11, 0.00
1733567671, 4072017, 0, 42, 0, 0, 0.14%, 8, 0, 11, 0.00
1733567677, 4092373, 0, 42, 0, 0, 0.14%, 8, 0, 11, 0.00
1733567682, 4112820, 0, 42, 0, 0, 0.14%, 8, 0, 11, 0.00
1733567687, 4133267, 0, 42, 0, 0, 0.14%, 8, 0, 11, 0.00
1733567692, 4153691, 0, 42, 0, 0, 0.14%, 8, 0, 11, 0.00
1733567697, 4174097, 0, 42, 0, 0, 0.14%, 8, 0, 11, 0.00
1733567703, 4194477, 0, 42, 0, 0, 0.14%, 8, 0, 11, 0.00
