# unix_time, cycles_done, cur_path, paths_total, pending_total, pending_favs, map_size, unique_crashes, unique_hangs, max_depth, execs_per_sec
1734487018, 0, 0, 10, 10, 1, 0.01%, 0, 0, 1, 35.79
1734487023, 0, 3, 10, 10, 1, 0.01%, 0, 0, 1, 37.00
1734487038, 1, 0, 10, 3, 0, 0.01%, 0, 0, 1, 46.32
1734487043, 1, 1, 10, 2, 0, 0.01%, 0, 0, 1, 45.15
1734487048, 1, 2, 10, 1, 0, 0.01%, 0, 0, 1, 43.85
1734487058, 1, 3, 10, 0, 0, 0.01%, 0, 0, 1, 46.57
1734487063, 1, 4, 10, 0, 0, 0.01%, 0, 0, 1, 45.16
1734487068, 1, 5, 10, 0, 0, 0.01%, 0, 0, 1, 43.70
1734487073, 1, 6, 10, 0, 0, 0.01%, 0, 0, 1, 45.08
1734487078, 1, 7, 10, 0, 0, 0.01%, 0, 0, 1, 46.37
1734487084, 1, 8, 10, 0, 0, 0.01%, 0, 0, 1, 45.48
1734487089, 1, 9, 10, 0, 0, 0.01%, 0, 0, 1, 44.45
1734487094, 2, 0, 10, 0, 0, 0.01%, 0, 0, 1, 46.82
1734487099, 2, 1, 10, 0, 0, 0.01%, 0, 0, 1, 45.42
1734487109, 2, 2, 10, 0, 0, 0.01%, 0, 0, 1, 44.52
1734487114, 2, 3, 10, 0, 0, 0.01%, 0, 0, 1, 45.76
1734487119, 2, 4, 10, 0, 0, 0.01%, 0, 0, 1, 43.28
1734487124, 2, 5, 10, 0, 0, 0.01%, 0, 0, 1, 44.02
1734487129, 2, 6, 10, 0, 0, 0.01%, 0, 0, 1, 47.60
1734487134, 2, 7, 10, 0, 0, 0.01%, 0, 0, 1, 45.08
1734487139, 2, 8, 10, 0, 0, 0.01%, 0, 0, 1, 42.84
1734487144, 2, 9, 10, 0, 0, 0.01%, 0, 0, 1, 44.68
1734487154, 3, 0, 10, 0, 0, 0.01%, 0, 0, 1, 44.18
1734487160, 3, 1, 10, 0, 0, 0.01%, 0, 0, 1, 43.01
1734487165, 3, 2, 10, 0, 0, 0.01%, 0, 0, 1, 44.15
1734487170, 3, 3, 10, 0, 0, 0.01%, 0, 0, 1, 45.15
1734487175, 3, 4, 10, 0, 0, 0.01%, 0, 0, 1, 43.35
1734487180, 3, 5, 10, 0, 0, 0.01%, 0, 0, 1, 42.90
1734487185, 3, 6, 10, 0, 0, 0.01%, 0, 0, 1, 46.72
1734487195, 3, 7, 10, 0, 0, 0.01%, 0, 0, 1, 44.69
1734487200, 3, 8, 10, 0, 0, 0.01%, 0, 0, 1, 47.57
1734487205, 3, 9, 10, 0, 0, 0.01%, 0, 0, 1, 47.39
1734487210, 4, 0, 10, 0, 0, 0.01%, 0, 0, 1, 44.41
1734487215, 4, 1, 10, 0, 0, 0.01%, 0, 0, 1, 45.62
1734487220, 4, 2, 10, 0, 0, 0.01%, 0, 0, 1, 46.08
1734487225, 4, 3, 10, 0, 0, 0.01%, 0, 0, 1, 45.14
1734487231, 4, 4, 10, 0, 0, 0.01%, 0, 0, 1, 43.31
1734487236, 4, 5, 10, 0, 0, 0.01%, 0, 0, 1, 45.51
1734487246, 4, 6, 10, 0, 0, 0.01%, 0, 0, 1, 44.88
1734487251, 4, 7, 10, 0, 0, 0.01%, 0, 0, 1, 42.99
1734487256, 4, 8, 10, 0, 0, 0.01%, 0, 0, 1, 47.12
1734487261, 4, 9, 10, 0, 0, 0.01%, 0, 0, 1, 46.10
1734487266, 5, 0, 10, 0, 0, 0.01%, 0, 0, 1, 47.13
1734487271, 5, 1, 10, 0, 0, 0.01%, 0, 0, 1, 44.84
1734487276, 5, 2, 10, 0, 0, 0.01%, 0, 0, 1, 43.91
1734487281, 5, 3, 10, 0, 0, 0.01%, 0, 0, 1, 42.27
1734487291, 5, 4, 10, 0, 0, 0.01%, 0, 0, 1, 46.13
1734487297, 5, 5, 10, 0, 0, 0.01%, 0, 0, 1, 45.83
1734487302, 5, 6, 10, 0, 0, 0.01%, 0, 0, 1, 45.19
1734487307, 5, 7, 10, 0, 0, 0.01%, 0, 0, 1, 45.45
1734487312, 5, 8, 10, 0, 0, 0.01%, 0, 0, 1, 43.84
1734487317, 5, 9, 10, 0, 0, 0.01%, 0, 0, 1, 43.74
1734487322, 6, 0, 10, 0, 0, 0.01%, 0, 0, 1, 47.11
1734487327, 6, 1, 10, 0, 0, 0.01%, 0, 0, 1, 47.46
1734487332, 6, 2, 10, 0, 0, 0.01%, 0, 0, 1, 46.12
1734487342, 6, 3, 10, 0, 0, 0.01%, 0, 0, 1, 45.34
1734487347, 6, 4, 10, 0, 0, 0.01%, 0, 0, 1, 44.92
1734487352, 6, 5, 11, 1, 0, 0.14%, 1, 0, 2, 45.02
1734487358, 6, 10, 11, 1, 1, 0.14%, 1, 0, 2, 64.61
1734487368, 6, 10, 12, 2, 1, 0.14%, 2, 0, 3, 52.34
1734487444, 7, 11, 13, 1, 0, 0.14%, 3, 0, 4, 74.64
1734487485, 7, 12, 13, 1, 1, 0.14%, 3, 0, 4, 55.04
1734487551, 7, 12, 14, 2, 1, 0.14%, 4, 0, 5, 47.07
1734487627, 7, 12, 15, 3, 1, 0.14%, 4, 0, 5, 49.95
1734487658, 7, 13, 16, 3, 2, 0.14%, 5, 0, 6, 76.28
1734487668, 7, 13, 17, 4, 2, 0.14%, 5, 0, 6, 56.96
1734487729, 7, 13, 18, 5, 2, 0.14%, 5, 0, 6, 59.09
1734487805, 7, 13, 19, 6, 2, 0.14%, 5, 0, 6, 48.39
1734487820, 7, 15, 19, 5, 3, 0.14%, 5, 0, 6, 68.00
1734487825, 7, 15, 20, 6, 3, 0.14%, 5, 0, 7, 69.46
1734487886, 7, 15, 21, 7, 3, 0.14%, 5, 0, 7, 54.53
1734487901, 7, 15, 22, 8, 3, 0.14%, 5, 0, 7, 50.50
1734487922, 7, 15, 24, 10, 3, 0.14%, 5, 0, 7, 58.60
1734487937, 7, 17, 24, 9, 3, 0.14%, 5, 0, 7, 53.89
1734487982, 7, 17, 25, 10, 3, 0.14%, 5, 0, 7, 52.64
1734488039, 7, 17, 27, 12, 3, 0.14%, 5, 0, 7, 57.75
1734488059, 7, 17, 28, 13, 3, 0.14%, 5, 0, 7, 59.16
1734488064, 7, 18, 28, 12, 3, 0.14%, 5, 0, 7, 74.86
1734488140, 7, 27, 28, 10, 1, 0.14%, 5, 0, 7, 98.56
1734488319, 7, 27, 29, 11, 1, 0.14%, 5, 0, 8, 65.29
1734488374, 7, 27, 30, 12, 1, 0.14%, 5, 0, 8, 67.66
1734488400, 7, 28, 30, 11, 2, 0.14%, 5, 0, 8, 79.74
1734488481, 7, 28, 31, 12, 2, 0.14%, 5, 0, 9, 60.80
1734488517, 7, 28, 32, 13, 2, 0.14%, 5, 0, 9, 60.16
1734488573, 7, 31, 32, 12, 1, 0.14%, 5, 0, 9, 60.20
1734488583, 7, 31, 33, 13, 1, 0.14%, 5, 0, 10, 107.49
1734488705, 8, 25, 33, 10, 0, 0.14%, 5, 0, 10, 48.66
1734488791, 8, 29, 33, 9, 0, 0.14%, 5, 0, 10, 82.46
1734488953, 8, 29, 34, 10, 0, 0.14%, 6, 0, 10, 77.67
1734489045, 8, 33, 34, 9, 1, 0.14%, 6, 0, 10, 103.49
1734489361, 8, 33, 35, 10, 1, 0.14%, 6, 0, 10, 78.85
1734489448, 8, 34, 35, 9, 1, 0.14%, 6, 0, 10, 68.53
1734489544, 8, 34, 36, 10, 1, 0.14%, 6, 0, 11, 113.01
1734489819, 9, 14, 36, 8, 0, 0.14%, 6, 0, 11, 57.88
1734489901, 11, 22, 36, 3, 0, 0.14%, 6, 0, 11, 67.47
1734489977, 11, 24, 36, 2, 0, 0.14%, 6, 0, 11, 40.40
1734490946, 11, 24, 37, 3, 0, 0.14%, 6, 0, 11, 63.77
1734491054, 11, 24, 38, 4, 0, 0.14%, 6, 0, 11, 69.71
1734491125, 11, 37, 38, 3, 1, 0.14%, 6, 0, 11, 39.77
1734491130, 12, 36, 38, 2, 0, 0.14%, 6, 0, 11, 34.79
1734491140, 12, 37, 38, 1, 0, 0.14%, 6, 0, 11, 53.88
1734492172, 14, 22, 38, 1, 0, 0.14%, 6, 0, 11, 66.46
1734492182, 15, 22, 38, 1, 0, 0.14%, 6, 0, 11, 64.80
1734492202, 16, 22, 38, 0, 0, 0.14%, 6, 0, 11, 61.67
1734492233, 17, 22, 38, 0, 0, 0.14%, 6, 0, 11, 57.94
1734492269, 17, 30, 38, 0, 0, 0.14%, 6, 0, 11, 96.90
1734492335, 18, 16, 38, 0, 0, 0.14%, 6, 0, 11, 86.37
1734492360, 18, 22, 38, 0, 0, 0.14%, 6, 0, 11, 65.09
1734492396, 19, 22, 38, 0, 0, 0.14%, 6, 0, 11, 62.52
1734492431, 20, 22, 38, 0, 0, 0.14%, 6, 0, 11, 67.60
1734492462, 21, 22, 38, 0, 0, 0.14%, 6, 0, 11, 67.26
1734492497, 21, 26, 38, 0, 0, 0.14%, 6, 0, 11, 63.66
1734492502, 22, 22, 38, 0, 0, 0.14%, 6, 0, 11, 64.13
1734492538, 22, 26, 38, 0, 0, 0.14%, 6, 0, 11, 78.14
1734492594, 22, 37, 38, 0, 0, 0.14%, 6, 0, 11, 69.25
1734492599, 23, 22, 38, 0, 0, 0.14%, 6, 0, 11, 67.60
1734492635, 23, 26, 38, 0, 0, 0.14%, 6, 0, 11, 68.89
1734492640, 23, 37, 38, 0, 0, 0.14%, 6, 0, 11, 81.95
1734492660, 24, 22, 38, 0, 0, 0.14%, 6, 0, 11, 63.16
1734492696, 24, 26, 38, 0, 0, 0.14%, 6, 0, 11, 68.15
1734492701, 24, 37, 38, 0, 0, 0.14%, 6, 0, 11, 63.97
1734492737, 25, 22, 38, 0, 0, 0.14%, 6, 0, 11, 63.75
1734492767, 25, 26, 38, 0, 0, 0.14%, 6, 0, 11, 67.44
1734492783, 25, 37, 39, 1, 0, 0.14%, 6, 0, 11, 62.57
1734492788, 25, 37, 39, 1, 0, 0.14%, 7, 0, 11, 88.34
1734492824, 25, 38, 39, 1, 1, 0.14%, 7, 0, 11, 55.59
1734493876, 26, 22, 39, 0, 0, 0.14%, 7, 0, 11, 63.36
1734493911, 27, 22, 39, 0, 0, 0.14%, 7, 0, 11, 63.14
1734493916, 28, 22, 39, 0, 0, 0.14%, 7, 0, 11, 61.78
1734493921, 29, 22, 39, 0, 0, 0.14%, 7, 0, 11, 64.48
1734493927, 30, 22, 39, 0, 0, 0.14%, 7, 0, 11, 64.45
1734493932, 31, 22, 39, 0, 0, 0.14%, 7, 0, 11, 60.60
1734493937, 32, 22, 39, 0, 0, 0.14%, 7, 0, 11, 63.67
1734493942, 33, 22, 39, 0, 0, 0.14%, 7, 0, 11, 64.09
1734493947, 33, 26, 39, 0, 0, 0.14%, 7, 0, 11, 63.49
1734493983, 34, 22, 39, 0, 0, 0.14%, 7, 0, 11, 70.26
1734493988, 35, 22, 39, 0, 0, 0.14%, 7, 0, 11, 66.23
1734493993, 36, 22, 39, 0, 0, 0.14%, 7, 0, 11, 65.45
1734493998, 36, 38, 39, 0, 0, 0.14%, 7, 0, 11, 72.70
1734494003, 37, 22, 39, 0, 0, 0.14%, 7, 0, 11, 66.08
1734494008, 37, 38, 39, 0, 0, 0.14%, 7, 0, 11, 73.62
1734494028, 38, 22, 39, 0, 0, 0.14%, 7, 0, 11, 61.95
1734494033, 38, 38, 39, 0, 0, 0.14%, 7, 0, 11, 81.84
1734494064, 39, 22, 39, 0, 0, 0.14%, 7, 0, 11, 65.33
1734494069, 39, 38, 39, 0, 0, 0.14%, 7, 0, 11, 80.33
1734494100, 40, 22, 39, 0, 0, 0.14%, 7, 0, 11, 70.96
1734494105, 40, 38, 39, 0, 0, 0.14%, 7, 0, 11, 90.37
1734494135, 41, 22, 39, 0, 0, 0.14%, 7, 0, 11, 62.24
1734494140, 42, 22, 39, 0, 0, 0.14%, 7, 0, 11, 66.83
1734494145, 43, 22, 39, 0, 0, 0.14%, 7, 0, 11, 67.29
1734494150, 44, 22, 39, 0, 0, 0.14%, 7, 0, 11, 69.03
1734494155, 45, 22, 39, 0, 0, 0.14%, 7, 0, 11, 66.29
1734494160, 46, 20, 39, 0, 0, 0.14%, 7, 0, 11, 109.87
1734494350, 53, 20, 39, 0, 0, 0.14%, 7, 0, 11, 72.78
1734494355, 56, 37, 39, 0, 0, 0.14%, 7, 0, 11, 73.98
1734494385, 58, 20, 39, 0, 0, 0.14%, 7, 0, 11, 70.94
1734494401, 59, 32, 39, 0, 0, 0.14%, 7, 0, 11, 88.63
1734494477, 61, 26, 39, 0, 0, 0.14%, 7, 0, 11, 72.63
1734494508, 64, 28, 39, 0, 0, 0.14%, 7, 0, 11, 69.17
1734494513, 77, 20, 39, 0, 0, 0.14%, 7, 0, 11, 68.97
1734494543, 78, 35, 39, 0, 0, 0.14%, 7, 0, 11, 120.27
1734494828, 81, 17, 39, 0, 0, 0.14%, 7, 0, 11, 68.18
1734494833, 82, 26, 39, 0, 0, 0.14%, 7, 0, 11, 70.67
1734494869, 83, 26, 39, 0, 0, 0.14%, 7, 0, 11, 65.51
1734494904, 83, 31, 39, 0, 0, 0.14%, 7, 0, 11, 71.24
1734494909, 93, 20, 39, 0, 0, 0.14%, 7, 0, 11, 72.88
1734494940, 97, 20, 39, 0, 0, 0.14%, 7, 0, 11, 72.54
1734494975, 98, 20, 39, 0, 0, 0.14%, 7, 0, 11, 69.58
1734495006, 99, 20, 39, 0, 0, 0.14%, 7, 0, 11, 77.53
1734495041, 99, 28, 39, 0, 0, 0.14%, 7, 0, 11, 70.52
1734495052, 100, 25, 39, 0, 0, 0.14%, 7, 0, 11, 65.36
1734495057, 101, 30, 39, 0, 0, 0.14%, 7, 0, 11, 66.24
1734495067, 102, 32, 39, 0, 0, 0.14%, 7, 0, 11, 68.76
1734495077, 103, 19, 39, 0, 0, 0.14%, 7, 0, 11, 68.69
1734495082, 103, 26, 39, 0, 0, 0.14%, 7, 0, 11, 69.23
1734495113, 105, 17, 39, 0, 0, 0.14%, 7, 0, 11, 70.04
1734495123, 106, 23, 39, 0, 0, 0.14%, 7, 0, 11, 66.50
1734495128, 108, 31, 39, 0, 0, 0.14%, 7, 0, 11, 70.08
1734495148, 110, 16, 39, 0, 0, 0.14%, 7, 0, 11, 67.26
1734495153, 115, 27, 39, 0, 0, 0.14%, 7, 0, 11, 66.79
1734495158, 121, 32, 39, 0, 0, 0.14%, 7, 0, 11, 73.55
1734495184, 123, 19, 39, 0, 0, 0.14%, 7, 0, 11, 79.32
1734495250, 124, 16, 39, 0, 0, 0.14%, 7, 0, 11, 69.59
1734495260, 126, 17, 39, 0, 0, 0.14%, 7, 0, 11, 62.36
1734495280, 126, 30, 39, 0, 0, 0.14%, 7, 0, 11, 63.57
1734495301, 130, 20, 39, 0, 0, 0.14%, 7, 0, 11, 70.81
1734495336, 131, 23, 39, 0, 0, 0.14%, 7, 0, 11, 86.01
1734495377, 133, 20, 39, 0, 0, 0.14%, 7, 0, 11, 68.84
1734495407, 134, 23, 39, 0, 0, 0.14%, 7, 0, 11, 69.27
1734495428, 136, 21, 39, 0, 0, 0.14%, 7, 0, 11, 68.17
1734495433, 136, 31, 39, 0, 0, 0.14%, 7, 0, 11, 72.09
1734495463, 140, 28, 39, 0, 0, 0.14%, 7, 0, 11, 71.06
1734495489, 142, 27, 39, 0, 0, 0.14%, 7, 0, 11, 70.57
1734495494, 144, 25, 39, 0, 0, 0.14%, 7, 0, 11, 69.68
1734495509, 147, 21, 39, 0, 0, 0.14%, 7, 0, 11, 85.59
1734496039, 148, 32, 39, 0, 0, 0.14%, 7, 0, 11, 66.95
1734496075, 148, 35, 39, 0, 0, 0.14%, 7, 0, 11, 69.62
1734496085, 151, 20, 39, 0, 0, 0.14%, 7, 0, 11, 70.88
1734496115, 152, 16, 39, 0, 0, 0.14%, 7, 0, 11, 65.30
1734496131, 152, 28, 39, 0, 0, 0.14%, 7, 0, 11, 70.85
1734496167, 153, 28, 39, 0, 0, 0.14%, 7, 0, 11, 60.84
1734496202, 154, 17, 39, 0, 0, 0.14%, 7, 0, 11, 62.03
1734496238, 155, 20, 39, 0, 0, 0.14%, 7, 0, 11, 65.06
1734496268, 155, 28, 39, 0, 0, 0.14%, 7, 0, 11, 70.83
1734496309, 157, 19, 39, 0, 0, 0.14%, 7, 0, 11, 66.93
1734496314, 158, 31, 39, 0, 0, 0.14%, 7, 0, 11, 67.42
1734496350, 160, 28, 39, 0, 0, 0.14%, 7, 0, 11, 70.82
1734496386, 160, 32, 39, 0, 0, 0.14%, 7, 0, 11, 76.27
1734496416, 161, 18, 39, 0, 0, 0.14%, 7, 0, 11, 63.31
1734496426, 162, 33, 39, 0, 0, 0.14%, 7, 0, 11, 70.99
1734496431, 164, 11, 39, 0, 0, 0.14%, 7, 0, 11, 71.08
1734496436, 165, 30, 39, 0, 0, 0.14%, 7, 0, 11, 71.81
1734496467, 166, 18, 39, 0, 0, 0.14%, 7, 0, 11, 61.31
1734496492, 169, 35, 39, 0, 0, 0.14%, 7, 0, 11, 73.96
1734496518, 172, 33, 39, 0, 0, 0.14%, 7, 0, 11, 75.56
1734496538, 173, 17, 39, 0, 0, 0.14%, 7, 0, 11, 65.91
1734496573, 175, 19, 39, 0, 0, 0.14%, 7, 0, 11, 70.76
1734496578, 177, 11, 39, 0, 0, 0.14%, 7, 0, 11, 71.92
1734496588, 178, 14, 39, 0, 0, 0.14%, 7, 0, 11, 65.55
1734496594, 179, 30, 39, 0, 0, 0.14%, 7, 0, 11, 69.95
1734496630, 180, 32, 39, 0, 0, 0.14%, 7, 0, 11, 75.74
1734496660, 183, 35, 39, 0, 0, 0.14%, 7, 0, 11, 63.83
1734496696, 184, 14, 39, 0, 0, 0.14%, 7, 0, 11, 59.34
1734496706, 185, 28, 39, 0, 0, 0.14%, 7, 0, 11, 66.36
1734496742, 186, 11, 39, 0, 0, 0.14%, 7, 0, 11, 65.61
1734496757, 186, 32, 39, 0, 0, 0.14%, 7, 0, 11, 75.42
1734496787, 187, 28, 39, 0, 0, 0.14%, 7, 0, 11, 67.96
1734496823, 188, 31, 39, 0, 0, 0.14%, 7, 0, 11, 76.61
1734496853, 190, 20, 39, 0, 0, 0.14%, 7, 0, 11, 79.55
1734496889, 190, 27, 39, 0, 0, 0.14%, 7, 0, 11, 73.34
1734496904, 190, 28, 39, 0, 0, 0.14%, 7, 0, 11, 61.40
1734496940, 191, 25, 39, 0, 0, 0.14%, 7, 0, 11, 76.77
1734496955, 191, 35, 39, 0, 0, 0.14%, 7, 0, 11, 68.31
1734496990, 192, 28, 39, 0, 0, 0.14%, 7, 0, 11, 72.80
1734497021, 193, 30, 39, 0, 0, 0.14%, 7, 0, 11, 66.78
1734497057, 194, 20, 39, 0, 0, 0.14%, 7, 0, 11, 71.62
1734497062, 194, 30, 39, 0, 0, 0.14%, 7, 0, 11, 70.38
1734497097, 195, 17, 39, 0, 0, 0.14%, 7, 0, 11, 71.98
1734497132, 195, 18, 39, 0, 0, 0.14%, 7, 0, 11, 71.57
1734497168, 195, 35, 39, 0, 0, 0.14%, 7, 0, 11, 75.78
1734497198, 201, 11, 39, 0, 0, 0.14%, 7, 0, 11, 64.05
1734497234, 201, 25, 39, 0, 0, 0.14%, 7, 0, 11, 65.43
1734497265, 202, 28, 39, 0, 0, 0.14%, 7, 0, 11, 72.32
1734497300, 202, 31, 39, 0, 0, 0.14%, 7, 0, 11, 66.50
1734497336, 203, 16, 39, 0, 0, 0.14%, 7, 0, 11, 66.18
1734497361, 203, 31, 39, 0, 0, 0.14%, 7, 0, 11, 74.24
1734497392, 204, 30, 39, 0, 0, 0.14%, 7, 0, 11, 76.02
1734497427, 204, 31, 39, 0, 0, 0.14%, 7, 0, 11, 66.66
1734497457, 204, 33, 39, 0, 0, 0.14%, 7, 0, 11, 76.54
1734497488, 205, 20, 39, 0, 0, 0.14%, 7, 0, 11, 76.59
1734497498, 206, 19, 39, 0, 0, 0.14%, 7, 0, 11, 69.98
1734497513, 208, 23, 39, 0, 0, 0.14%, 7, 0, 11, 63.25
1734497549, 208, 28, 39, 0, 0, 0.14%, 7, 0, 11, 62.47
1734497559, 209, 19, 39, 0, 0, 0.14%, 7, 0, 11, 71.41
1734497589, 209, 20, 39, 0, 0, 0.14%, 7, 0, 11, 70.23
1734497594, 211, 17, 39, 0, 0, 0.14%, 7, 0, 11, 68.31
1734497630, 211, 32, 39, 0, 0, 0.14%, 7, 0, 11, 78.56
1734497660, 212, 20, 39, 0, 0, 0.14%, 7, 0, 11, 71.28
1734497670, 212, 32, 39, 0, 0, 0.14%, 7, 0, 11, 74.75
1734497701, 213, 17, 39, 0, 0, 0.14%, 7, 0, 11, 67.45
1734497736, 213, 23, 39, 0, 0, 0.14%, 7, 0, 11, 65.71
1734497772, 214, 19, 39, 0, 0, 0.14%, 7, 0, 11, 67.48
1734497803, 214, 24, 39, 0, 0, 0.14%, 7, 0, 11, 74.45
1734497808, 216, 24, 39, 0, 0, 0.14%, 7, 0, 11, 75.83
1734497818, 217, 30, 39, 0, 0, 0.14%, 7, 0, 11, 70.39
1734497853, 218, 30, 39, 0, 0, 0.14%, 7, 0, 11, 65.64
1734497889, 221, 11, 39, 0, 0, 0.14%, 7, 0, 11, 63.81
1734497924, 222, 13, 39, 0, 0, 0.14%, 7, 0, 11, 70.65
1734497929, 222, 31, 39, 0, 0, 0.14%, 7, 0, 11, 74.18
1734497960, 223, 14, 39, 0, 0, 0.14%, 7, 0, 11, 64.95
1734497980, 223, 18, 39, 0, 0, 0.14%, 7, 0, 11, 67.30
1734498010, 224, 16, 39, 0, 0, 0.14%, 7, 0, 11, 60.98
1734498051, 224, 25, 39, 0, 0, 0.14%, 7, 0, 11, 69.29
1734498086, 225, 19, 39, 0, 0, 0.14%, 7, 0, 11, 70.97
1734498117, 226, 24, 39, 0, 0, 0.14%, 7, 0, 11, 75.71
1734498137, 226, 28, 39, 0, 0, 0.14%, 7, 0, 11, 67.50
1734498147, 226, 34, 39, 0, 0, 0.14%, 7, 0, 11, 69.86
1734498152, 227, 10, 39, 0, 0, 0.14%, 7, 0, 11, 64.25
1734498157, 227, 13, 39, 0, 0, 0.14%, 7, 0, 11, 63.70
1734498172, 228, 10, 39, 0, 0, 0.14%, 7, 0, 11, 67.84
1734498177, 230, 25, 39, 0, 0, 0.14%, 7, 0, 11, 67.85
1734498208, 231, 10, 39, 0, 0, 0.14%, 7, 0, 11, 61.38
1734498218, 231, 18, 39, 0, 0, 0.14%, 7, 0, 11, 61.95
1734498254, 232, 15, 39, 0, 0, 0.14%, 7, 0, 11, 67.43
1734498259, 233, 17, 39, 0, 0, 0.14%, 7, 0, 11, 64.67
1734498300, 233, 18, 39, 0, 0, 0.14%, 7, 0, 11, 63.00
1734498331, 233, 23, 39, 0, 0, 0.14%, 7, 0, 11, 69.08
1734498366, 235, 24, 39, 0, 0, 0.14%, 7, 0, 11, 68.46
1734498397, 236, 17, 39, 0, 0, 0.14%, 7, 0, 11, 61.88
1734498432, 238, 11, 39, 0, 0, 0.14%, 7, 0, 11, 67.19
1734498468, 239, 32, 39, 0, 0, 0.14%, 7, 0, 11, 83.80
1734498504, 240, 11, 39, 0, 0, 0.14%, 7, 0, 11, 62.48
1734498539, 240, 17, 39, 0, 0, 0.14%, 7, 0, 11, 62.96
1734498575, 241, 13, 39, 0, 0, 0.14%, 7, 0, 11, 68.27
1734498595, 241, 20, 39, 0, 0, 0.14%, 7, 0, 11, 69.52
1734498600, 242, 28, 39, 0, 0, 0.14%, 7, 0, 11, 69.49
1734498605, 242, 29, 39, 0, 0, 0.14%, 7, 0, 11, 76.66
1734498615, 243, 23, 39, 0, 0, 0.14%, 7, 0, 11, 69.44
1734498651, 245, 13, 39, 0, 0, 0.14%, 7, 0, 11, 62.55
1734498686, 247, 15, 39, 0, 0, 0.14%, 7, 0, 11, 68.41
1734498702, 248, 33, 39, 0, 0, 0.14%, 7, 0, 11, 81.59
1734498737, 250, 24, 39, 0, 0, 0.14%, 7, 0, 11, 93.17
1734498768, 253, 29, 39, 0, 0, 0.14%, 7, 0, 11, 75.94
1734498783, 255, 20, 39, 0, 0, 0.14%, 7, 0, 11, 64.97
1734498793, 256, 18, 39, 0, 0, 0.14%, 7, 0, 11, 63.45
1734498824, 257, 34, 39, 0, 0, 0.14%, 7, 0, 11, 79.47
1734498844, 258, 12, 39, 0, 0, 0.14%, 7, 0, 11, 63.81
1734498849, 258, 33, 39, 0, 0, 0.14%, 7, 0, 11, 76.25
1734498880, 260, 21, 39, 0, 0, 0.14%, 7, 0, 11, 64.72
1734498885, 260, 29, 39, 0, 0, 0.14%, 7, 0, 11, 68.54
1734498920, 265, 34, 39, 0, 0, 0.14%, 7, 0, 11, 84.07
1734498951, 266, 27, 39, 0, 0, 0.14%, 7, 0, 11, 68.10
1734498981, 267, 12, 39, 0, 0, 0.14%, 7, 0, 11, 57.12
1734498992, 268, 10, 39, 0, 0, 0.14%, 7, 0, 11, 59.94
1734499012, 268, 23, 39, 0, 0, 0.14%, 7, 0, 11, 67.90
1734499042, 269, 18, 39, 0, 0, 0.14%, 7, 0, 11, 65.42
1734499078, 269, 20, 39, 0, 0, 0.14%, 7, 0, 11, 70.10
1734499083, 269, 30, 39, 0, 0, 0.14%, 7, 0, 11, 66.71
1734499118, 271, 28, 39, 0, 0, 0.14%, 7, 0, 11, 65.38
1734499123, 272, 27, 39, 0, 0, 0.14%, 7, 0, 11, 71.21
1734499154, 272, 29, 39, 0, 0, 0.14%, 7, 0, 11, 79.19
1734499190, 273, 21, 39, 0, 0, 0.14%, 7, 0, 11, 68.24
1734499200, 274, 18, 39, 0, 0, 0.14%, 7, 0, 11, 62.07
1734499230, 274, 21, 39, 0, 0, 0.14%, 7, 0, 11, 69.00
1734499251, 274, 34, 39, 0, 0, 0.14%, 7, 0, 11, 63.21
1734499286, 275, 21, 39, 0, 0, 0.14%, 7, 0, 11, 72.25
1734499322, 275, 34, 39, 0, 0, 0.14%, 7, 0, 11, 78.67
1734499352, 276, 28, 39, 0, 0, 0.14%, 7, 0, 11, 69.59
1734499357, 279, 12, 39, 0, 0, 0.14%, 7, 0, 11, 66.92
1734499378, 280, 25, 39, 0, 0, 0.14%, 7, 0, 11, 74.89
1734499413, 281, 10, 39, 0, 0, 0.14%, 7, 0, 11, 62.93
1734499449, 281, 16, 39, 0, 0, 0.14%, 7, 0, 11, 63.18
1734499484, 281, 25, 39, 0, 0, 0.14%, 7, 0, 11, 62.37
1734499520, 284, 29, 39, 0, 0, 0.14%, 7, 0, 11, 72.67
1734499551, 285, 33, 39, 0, 0, 0.14%, 7, 0, 11, 66.11
1734499586, 287, 14, 39, 0, 0, 0.14%, 7, 0, 11, 67.34
1734499622, 289, 28, 39, 0, 0, 0.14%, 7, 0, 11, 64.78
1734499627, 290, 16, 39, 0, 0, 0.14%, 7, 0, 11, 62.24
1734499662, 293, 19, 39, 0, 0, 0.14%, 7, 0, 11, 72.73
1734499698, 295, 11, 39, 0, 0, 0.14%, 7, 0, 11, 63.58
1734499733, 295, 14, 39, 0, 0, 0.14%, 7, 0, 11, 66.93
1734499769, 296, 13, 39, 0, 0, 0.14%, 7, 0, 11, 65.60
1734499804, 296, 20, 39, 0, 0, 0.14%, 7, 0, 11, 61.79
1734499810, 297, 10, 39, 0, 0, 0.14%, 7, 0, 11, 59.29
1734499845, 297, 16, 39, 0, 0, 0.14%, 7, 0, 11, 67.32
1734499876, 301, 19, 39, 0, 0, 0.14%, 7, 0, 11, 67.03
1734499911, 303, 14, 39, 0, 0, 0.14%, 7, 0, 11, 62.17
1734499947, 304, 16, 39, 0, 0, 0.14%, 7, 0, 11, 63.64
1734499983, 304, 27, 39, 0, 0, 0.14%, 7, 0, 11, 67.85
1734500018, 307, 28, 39, 0, 0, 0.14%, 7, 0, 11, 67.94
1734500023, 308, 13, 39, 0, 0, 0.14%, 7, 0, 11, 66.80
1734500058, 310, 11, 39, 0, 0, 0.14%, 7, 0, 11, 65.42
1734500094, 310, 15, 39, 0, 0, 0.14%, 7, 0, 11, 66.46
1734500124, 313, 20, 39, 0, 0, 0.14%, 7, 0, 11, 70.41
1734500129, 314, 27, 39, 0, 0, 0.14%, 7, 0, 11, 70.14
1734500165, 314, 28, 39, 0, 0, 0.14%, 7, 0, 11, 67.91
1734500170, 320, 20, 39, 0, 0, 0.14%, 7, 0, 11, 69.81
1734500175, 320, 29, 39, 0, 0, 0.14%, 7, 0, 11, 67.13
1734500210, 327, 28, 39, 0, 0, 0.14%, 7, 0, 11, 76.15
1734500215, 331, 12, 39, 0, 0, 0.14%, 7, 0, 11, 61.43
1734500246, 333, 19, 39, 0, 0, 0.14%, 7, 0, 11, 73.98
1734500281, 333, 28, 39, 0, 0, 0.14%, 7, 0, 11, 66.39
1734500286, 334, 13, 39, 0, 0, 0.14%, 7, 0, 11, 65.76
1734500321, 334, 16, 39, 0, 0, 0.14%, 7, 0, 11, 59.15
1734500357, 338, 12, 39, 0, 0, 0.14%, 7, 0, 11, 62.54
1734500388, 338, 14, 39, 0, 0, 0.14%, 7, 0, 11, 65.04
1734500423, 338, 16, 39, 0, 0, 0.14%, 7, 0, 11, 60.11
1734500459, 340, 12, 39, 0, 0, 0.14%, 7, 0, 11, 69.26
1734500494, 341, 13, 39, 0, 0, 0.14%, 7, 0, 11, 66.87
1734500530, 341, 14, 39, 0, 0, 0.14%, 7, 0, 11, 65.00
1734500560, 343, 10, 39, 0, 0, 0.14%, 7, 0, 11, 62.42
1734500600, 348, 13, 39, 0, 0, 0.14%, 7, 0, 11, 68.21
1734500636, 353, 12, 39, 0, 0, 0.14%, 7, 0, 11, 63.74
1734500666, 357, 16, 39, 0, 0, 0.14%, 7, 0, 11, 62.73
1734500702, 358, 12, 39, 0, 0, 0.14%, 7, 0, 11, 71.61
1734500738, 363, 15, 39, 0, 0, 0.14%, 7, 0, 11, 59.79
1734500773, 366, 27, 39, 0, 0, 0.14%, 7, 0, 11, 77.57
1734500809, 370, 15, 39, 0, 0, 0.14%, 7, 0, 11, 65.40
1734500845, 370, 27, 39, 0, 0, 0.14%, 7, 0, 11, 75.00
1734500875, 373, 14, 39, 0, 0, 0.14%, 7, 0, 11, 67.01
1734500910, 374, 15, 39, 0, 0, 0.14%, 7, 0, 11, 57.22
1734500946, 374, 27, 39, 0, 0, 0.14%, 7, 0, 11, 73.60
1734500976, 379, 13, 39, 0, 0, 0.14%, 7, 0, 11, 62.77
1734501012, 380, 20, 39, 0, 0, 0.14%, 7, 0, 11, 63.94
1734501017, 402, 36, 39, 0, 0, 0.14%, 7, 0, 11, 99.22
1734502127, 404, 20, 39, 0, 0, 0.14%, 7, 0, 11, 81.71
1734502137, 406, 20, 39, 0, 0, 0.14%, 7, 0, 11, 68.52
1734502142, 409, 36, 39, 0, 0, 0.14%, 7, 0, 11, 75.31
1734502147, 410, 15, 39, 0, 0, 0.14%, 7, 0, 11, 65.12
1734502182, 414, 27, 39, 0, 0, 0.14%, 7, 0, 11, 62.97
1734502218, 418, 36, 39, 0, 0, 0.14%, 7, 0, 11, 78.89
1734502239, 419, 36, 39, 0, 0, 0.14%, 7, 0, 11, 91.56
1734502264, 425, 12, 39, 0, 0, 0.14%, 7, 0, 11, 62.06
1734502299, 438, 36, 39, 0, 0, 0.14%, 7, 0, 11, 77.35
1734502330, 440, 20, 39, 0, 0, 0.14%, 7, 0, 11, 69.22
1734502335, 451, 28, 39, 0, 0, 0.14%, 7, 0, 11, 68.42
1734502345, 457, 28, 39, 0, 0, 0.14%, 7, 0, 11, 67.20
1734502350, 462, 28, 39, 0, 0, 0.14%, 7, 0, 11, 68.92
1734502355, 476, 28, 39, 0, 0, 0.14%, 7, 0, 11, 69.25
1734502360, 493, 20, 39, 0, 0, 0.14%, 7, 0, 11, 64.43
1734502370, 498, 20, 39, 0, 0, 0.14%, 7, 0, 11, 67.55
1734502376, 511, 28, 39, 0, 0, 0.14%, 7, 0, 11, 68.89
1734502381, 514, 20, 39, 0, 0, 0.14%, 7, 0, 11, 67.72
1734502386, 515, 20, 39, 0, 0, 0.14%, 7, 0, 11, 71.63
1734502396, 535, 28, 39, 0, 0, 0.14%, 7, 0, 11, 71.24
1734502401, 568, 28, 39, 0, 0, 0.14%, 7, 0, 11, 66.24
1734502406, 597, 28, 39, 0, 0, 0.14%, 7, 0, 11, 70.31
1734502411, 607, 28, 39, 0, 0, 0.14%, 7, 0, 11, 64.48
1734502421, 608, 28, 39, 0, 0, 0.14%, 7, 0, 11, 72.73
1734502426, 614, 28, 39, 0, 0, 0.14%, 7, 0, 11, 69.29
1734502431, 617, 20, 39, 0, 0, 0.14%, 7, 0, 11, 68.08
1734502436, 622, 20, 39, 0, 0, 0.14%, 7, 0, 11, 71.71
1734502446, 634, 20, 39, 0, 0, 0.14%, 7, 0, 11, 66.22
1734502451, 639, 20, 39, 0, 0, 0.14%, 7, 0, 11, 70.83
1734502456, 650, 20, 39, 0, 0, 0.14%, 7, 0, 11, 70.34
1734502461, 653, 28, 39, 0, 0, 0.14%, 7, 0, 11, 64.36
1734502472, 656, 20, 39, 0, 0, 0.14%, 7, 0, 11, 68.30
1734502477, 661, 20, 39, 0, 0, 0.14%, 7, 0, 11, 71.22
1734502482, 672, 20, 39, 0, 0, 0.14%, 7, 0, 11, 66.48
1734502492, 676, 20, 39, 0, 0, 0.14%, 7, 0, 11, 67.52
1734502497, 689, 20, 39, 0, 0, 0.14%, 7, 0, 11, 74.58
1734502502, 692, 20, 39, 0, 0, 0.14%, 7, 0, 11, 70.70
1734502507, 717, 20, 39, 0, 0, 0.14%, 7, 0, 11, 66.53
1734502512, 731, 28, 39, 0, 0, 0.14%, 7, 0, 11, 71.86
1734502522, 742, 28, 39, 0, 0, 0.14%, 7, 0, 11, 69.33
1734502527, 745, 20, 39, 0, 0, 0.14%, 7, 0, 11, 70.58
1734502532, 754, 28, 39, 0, 0, 0.14%, 7, 0, 11, 67.73
1734502537, 761, 20, 39, 0, 0, 0.14%, 7, 0, 11, 68.46
1734502547, 768, 28, 39, 0, 0, 0.14%, 7, 0, 11, 69.64
1734502552, 773, 28, 39, 0, 0, 0.14%, 7, 0, 11, 67.28
1734502557, 795, 20, 39, 0, 0, 0.14%, 7, 0, 11, 69.51
1734502562, 804, 28, 39, 0, 0, 0.14%, 7, 0, 11, 68.04
1734502573, 809, 28, 39, 0, 0, 0.14%, 7, 0, 11, 70.10
1734502578, 812, 20, 39, 0, 0, 0.14%, 7, 0, 11, 71.11
1734502583, 816, 28, 39, 0, 0, 0.14%, 7, 0, 11, 64.78
1734502588, 823, 20, 39, 0, 0, 0.14%, 7, 0, 11, 63.38
1734502598, 833, 28, 39, 0, 0, 0.14%, 7, 0, 11, 71.45
1734502603, 841, 20, 39, 0, 0, 0.14%, 7, 0, 11, 71.90
1734502608, 847, 20, 39, 0, 0, 0.14%, 7, 0, 11, 72.17
1734502613, 856, 20, 39, 0, 0, 0.14%, 7, 0, 11, 73.20
1734502618, 866, 20, 39, 0, 0, 0.14%, 7, 0, 11, 70.92
1734502623, 869, 28, 39, 0, 0, 0.14%, 7, 0, 11, 65.94
1734502634, 882, 28, 39, 0, 0, 0.14%, 7, 0, 11, 63.35
1734502639, 902, 28, 39, 0, 0, 0.14%, 7, 0, 11, 68.27
1734502644, 904, 20, 39, 0, 0, 0.14%, 7, 0, 11, 69.49
1734502654, 925, 20, 39, 0, 0, 0.14%, 7, 0, 11, 69.64
1734502659, 928, 20, 39, 0, 0, 0.14%, 7, 0, 11, 64.93
1734502664, 933, 28, 39, 0, 0, 0.14%, 7, 0, 11, 66.72
1734502669, 936, 20, 39, 0, 0, 0.14%, 7, 0, 11, 70.43
1734502674, 940, 20, 39, 0, 0, 0.14%, 7, 0, 11, 73.83
1734502685, 954, 28, 39, 0, 0, 0.14%, 7, 0, 11, 69.78
1734502690, 958, 28, 39, 0, 0, 0.14%, 7, 0, 11, 68.71
1734502695, 964, 28, 39, 0, 0, 0.14%, 7, 0, 11, 68.48
1734502700, 974, 20, 39, 0, 0, 0.14%, 7, 0, 11, 72.53
1734502705, 988, 28, 39, 0, 0, 0.14%, 7, 0, 11, 73.71
1734502715, 989, 28, 39, 0, 0, 0.14%, 7, 0, 11, 67.36
1734502720, 993, 28, 39, 0, 0, 0.14%, 7, 0, 11, 73.34
1734502726, 995, 20, 39, 0, 0, 0.14%, 7, 0, 11, 76.54
1734502731, 1000, 28, 39, 0, 0, 0.14%, 7, 0, 11, 64.78
1734502741, 1002, 28, 39, 0, 0, 0.14%, 7, 0, 11, 68.22
1734502746, 1021, 20, 39, 0, 0, 0.14%, 7, 0, 11, 75.68
1734502751, 1028, 20, 39, 0, 0, 0.14%, 7, 0, 11, 70.52
1734502756, 1033, 20, 39, 0, 0, 0.14%, 7, 0, 11, 72.84
1734502766, 1076, 20, 39, 0, 0, 0.14%, 7, 0, 11, 67.93
1734502771, 1089, 20, 39, 0, 0, 0.14%, 7, 0, 11, 64.16
1734502776, 1090, 28, 39, 0, 0, 0.14%, 7, 0, 11, 68.34
1734502787, 1117, 20, 39, 0, 0, 0.14%, 7, 0, 11, 66.99
1734502792, 1140, 28, 39, 0, 0, 0.14%, 7, 0, 11, 72.34
1734502797, 1150, 20, 39, 0, 0, 0.14%, 7, 0, 11, 73.49
1734502802, 7740, 0, 39, 0, 0, 0.14%, 7, 0, 11, 0.00
1734502807, 25287, 0, 39, 0, 0, 0.14%, 7, 0, 11, 0.00
1734502812, 42945, 0, 39, 0, 0, 0.14%, 7, 0, 11, 0.00
1734502817, 59950, 0, 39, 0, 0, 0.14%, 7, 0, 11, 0.00
1734502823, 77556, 0, 39, 0, 0, 0.14%, 7, 0, 11, 0.00
1734502828, 94534, 0, 39, 0, 0, 0.14%, 7, 0, 11, 0.00
1734502833, 112214, 0, 39, 0, 0, 0.14%, 7, 0, 11, 0.00
1734502838, 129188, 0, 39, 0, 0, 0.14%, 7, 0, 11, 0.00
1734502843, 146759, 0, 39, 0, 0, 0.14%, 7, 0, 11, 0.00
1734502849, 163706, 0, 39, 0, 0, 0.14%, 7, 0, 11, 0.00
1734502854, 180722, 0, 39, 0, 0, 0.14%, 7, 0, 11, 0.00
1734502859, 197695, 0, 39, 0, 0, 0.14%, 7, 0, 11, 0.00
1734502864, 215966, 0, 39, 0, 0, 0.14%, 7, 0, 11, 0.00
1734502869, 232903, 0, 39, 0, 0, 0.14%, 7, 0, 11, 0.00
1734502875, 250515, 0, 39, 0, 0, 0.14%, 7, 0, 11, 0.00
1734502880, 267518, 0, 39, 0, 0, 0.14%, 7, 0, 11, 0.00
1734502885, 284499, 0, 39, 0, 0, 0.14%, 7, 0, 11, 0.00
1734502890, 302170, 0, 39, 0, 0, 0.14%, 7, 0, 11, 0.00
1734502895, 319186, 0, 39, 0, 0, 0.14%, 7, 0, 11, 0.00
1734502901, 336846, 0, 39, 0, 0, 0.14%, 7, 0, 11, 0.00
1734502906, 354524, 0, 39, 0, 0, 0.14%, 7, 0, 11, 0.00
1734502911, 372202, 0, 39, 0, 0, 0.14%, 7, 0, 11, 0.00
1734502916, 389195, 0, 39, 0, 0, 0.14%, 7, 0, 11, 0.00
1734502921, 406785, 0, 39, 0, 0, 0.14%, 7, 0, 11, 0.00
1734502927, 423806, 0, 39, 0, 0, 0.14%, 7, 0, 11, 0.00
1734502932, 440755, 0, 39, 0, 0, 0.14%, 7, 0, 11, 0.00
1734502937, 458427, 0, 39, 0, 0, 0.14%, 7, 0, 11, 0.00
1734502942, 475360, 0, 39, 0, 0, 0.14%, 7, 0, 11, 0.00
1734502947, 493561, 0, 39, 0, 0, 0.14%, 7, 0, 11, 0.00
1734502953, 510621, 0, 39, 0, 0, 0.14%, 7, 0, 11, 0.00
1734502958, 528235, 0, 39, 0, 0, 0.14%, 7, 0, 11, 0.00
1734502963, 545186, 0, 39, 0, 0, 0.14%, 7, 0, 11, 0.00
1734502968, 562754, 0, 39, 0, 0, 0.14%, 7, 0, 11, 0.00
1734502973, 580397, 0, 39, 0, 0, 0.14%, 7, 0, 11, 0.00
1734502979, 598044, 0, 39, 0, 0, 0.14%, 7, 0, 11, 0.00
1734502984, 615686, 0, 39, 0, 0, 0.14%, 7, 0, 11, 0.00
1734502989, 632664, 0, 39, 0, 0, 0.14%, 7, 0, 11, 0.00
1734502994, 649643, 0, 39, 0, 0, 0.14%, 7, 0, 11, 0.00
1734502999, 667287, 0, 39, 0, 0, 0.14%, 7, 0, 11, 0.00
1734503005, 684909, 0, 39, 0, 0, 0.14%, 7, 0, 11, 0.00
1734503010, 702579, 0, 39, 0, 0, 0.14%, 7, 0, 11, 0.00
1734503015, 720174, 0, 39, 0, 0, 0.14%, 7, 0, 11, 0.00
1734503020, 737193, 0, 39, 0, 0, 0.14%, 7, 0, 11, 0.00
1734503025, 754784, 0, 39, 0, 0, 0.14%, 7, 0, 11, 0.00
1734503031, 771738, 0, 39, 0, 0, 0.14%, 7, 0, 11, 0.00
1734503036, 788699, 0, 39, 0, 0, 0.14%, 7, 0, 11, 0.00
1734503041, 806968, 0, 39, 0, 0, 0.14%, 7, 0, 11, 0.00
1734503046, 823912, 0, 39, 0, 0, 0.14%, 7, 0, 11, 0.00
1734503051, 841513, 0, 39, 0, 0, 0.14%, 7, 0, 11, 0.00
1734503057, 858411, 0, 39, 0, 0, 0.14%, 7, 0, 11, 0.00
1734503062, 875362, 0, 39, 0, 0, 0.14%, 7, 0, 11, 0.00
1734503067, 892999, 0, 39, 0, 0, 0.14%, 7, 0, 11, 0.00
1734503072, 909945, 0, 39, 0, 0, 0.14%, 7, 0, 11, 0.00
1734503077, 927506, 0, 39, 0, 0, 0.14%, 7, 0, 11, 0.00
1734503083, 943789, 0, 39, 0, 0, 0.14%, 7, 0, 11, 0.00
1734503088, 961398, 0, 39, 0, 0, 0.14%, 7, 0, 11, 0.00
1734503093, 978387, 0, 39, 0, 0, 0.14%, 7, 0, 11, 0.00
1734503098, 996042, 0, 39, 0, 0, 0.14%, 7, 0, 11, 0.00
1734503103, 1012998, 0, 39, 0, 0, 0.14%, 7, 0, 11, 0.00
1734503109, 1031266, 0, 39, 0, 0, 0.14%, 7, 0, 11, 0.00
1734503114, 1048236, 0, 39, 0, 0, 0.14%, 7, 0, 11, 0.00
1734503119, 1065143, 0, 39, 0, 0, 0.14%, 7, 0, 11, 0.00
1734503124, 1082148, 0, 39, 0, 0, 0.14%, 7, 0, 11, 0.00
1734503129, 1099747, 0, 39, 0, 0, 0.14%, 7, 0, 11, 0.00
1734503135, 1116725, 0, 39, 0, 0, 0.14%, 7, 0, 11, 0.00
1734503140, 1133733, 0, 39, 0, 0, 0.14%, 7, 0, 11, 0.00
1734503145, 1150721, 0, 39, 0, 0, 0.14%, 7, 0, 11, 0.00
1734503150, 1169018, 0, 39, 0, 0, 0.14%, 7, 0, 11, 0.00
1734503155, 1186071, 0, 39, 0, 0, 0.14%, 7, 0, 11, 0.00
1734503161, 1203776, 0, 39, 0, 0, 0.14%, 7, 0, 11, 0.00
1734503166, 1221383, 0, 39, 0, 0, 0.14%, 7, 0, 11, 0.00
1734503171, 1238390, 0, 39, 0, 0, 0.14%, 7, 0, 11, 0.00
1734503176, 1256009, 0, 39, 0, 0, 0.14%, 7, 0, 11, 0.00
1734503181, 1273012, 0, 39, 0, 0, 0.14%, 7, 0, 11, 0.00
1734503187, 1289340, 0, 39, 0, 0, 0.14%, 7, 0, 11, 0.00
1734503192, 1306904, 0, 39, 0, 0, 0.14%, 7, 0, 11, 0.00
1734503197, 1323927, 0, 39, 0, 0, 0.14%, 7, 0, 11, 0.00
1734503202, 1340974, 0, 39, 0, 0, 0.14%, 7, 0, 11, 0.00
1734503207, 1357990, 0, 39, 0, 0, 0.14%, 7, 0, 11, 0.00
1734503213, 1374893, 0, 39, 0, 0, 0.14%, 7, 0, 11, 0.00
1734503218, 1391908, 0, 39, 0, 0, 0.14%, 7, 0, 11, 0.00
1734503223, 1409541, 0, 39, 0, 0, 0.14%, 7, 0, 11, 0.00
1734503228, 1426532, 0, 39, 0, 0, 0.14%, 7, 0, 11, 0.00
1734503233, 1444066, 0, 39, 0, 0, 0.14%, 7, 0, 11, 0.00
1734503239, 1461009, 0, 39, 0, 0, 0.14%, 7, 0, 11, 0.00
1734503244, 1477966, 0, 39, 0, 0, 0.14%, 7, 0, 11, 0.00
1734503249, 1495690, 0, 39, 0, 0, 0.14%, 7, 0, 11, 0.00
1734503254, 1512651, 0, 39, 0, 0, 0.14%, 7, 0, 11, 0.00
1734503259, 1529588, 0, 39, 0, 0, 0.14%, 7, 0, 11, 0.00
1734503265, 1547886, 0, 39, 0, 0, 0.14%, 7, 0, 11, 0.00
1734503270, 1564961, 0, 39, 0, 0, 0.14%, 7, 0, 11, 0.00
1734503275, 1581988, 0, 39, 0, 0, 0.14%, 7, 0, 11, 0.00
1734503280, 1598968, 0, 39, 0, 0, 0.14%, 7, 0, 11, 0.00
1734503285, 1616564, 0, 39, 0, 0, 0.14%, 7, 0, 11, 0.00
1734503291, 1633537, 0, 39, 0, 0, 0.14%, 7, 0, 11, 0.00
1734503296, 1651115, 0, 39, 0, 0, 0.14%, 7, 0, 11, 0.00
1734503301, 1668081, 0, 39, 0, 0, 0.14%, 7, 0, 11, 0.00
1734503306, 1685760, 0, 39, 0, 0, 0.14%, 7, 0, 11, 0.00
1734503311, 1702756, 0, 39, 0, 0, 0.14%, 7, 0, 11, 0.00
1734503317, 1720348, 0, 39, 0, 0, 0.14%, 7, 0, 11, 0.00
1734503322, 1737365, 0, 39, 0, 0, 0.14%, 7, 0, 11, 0.00
1734503327, 1755605, 0, 39, 0, 0, 0.14%, 7, 0, 11, 0.00
1734503332, 1771907, 0, 39, 0, 0, 0.14%, 7, 0, 11, 0.00
1734503337, 1789538, 0, 39, 0, 0, 0.14%, 7, 0, 11, 0.00
1734503343, 1806474, 0, 39, 0, 0, 0.14%, 7, 0, 11, 0.00
1734503348, 1823460, 0, 39, 0, 0, 0.14%, 7, 0, 11, 0.00
1734503353, 1841687, 0, 39, 0, 0, 0.14%, 7, 0, 11, 0.00
1734503358, 1858637, 0, 39, 0, 0, 0.14%, 7, 0, 11, 0.00
1734503363, 1875512, 0, 39, 0, 0, 0.14%, 7, 0, 11, 0.00
1734503369, 1893215, 0, 39, 0, 0, 0.14%, 7, 0, 11, 0.00
1734503374, 1910272, 0, 39, 0, 0, 0.14%, 7, 0, 11, 0.00
1734503379, 1927965, 0, 39, 0, 0, 0.14%, 7, 0, 11, 0.00
1734503384, 1944903, 0, 39, 0, 0, 0.14%, 7, 0, 11, 0.00
1734503389, 1963122, 0, 39, 0, 0, 0.14%, 7, 0, 11, 0.00
1734503395, 1980125, 0, 39, 0, 0, 0.14%, 7, 0, 11, 0.00
1734503400, 1997707, 0, 39, 0, 0, 0.14%, 7, 0, 11, 0.00
1734503405, 2014626, 0, 39, 0, 0, 0.14%, 7, 0, 11, 0.00
1734503410, 2032188, 0, 39, 0, 0, 0.14%, 7, 0, 11, 0.00
1734503415, 2049170, 0, 39, 0, 0, 0.14%, 7, 0, 11, 0.00
1734503421, 2066798, 0, 39, 0, 0, 0.14%, 7, 0, 11, 0.00
1734503426, 2083800, 0, 39, 0, 0, 0.14%, 7, 0, 11, 0.00
1734503431, 2100826, 0, 39, 0, 0, 0.14%, 7, 0, 11, 0.00
1734503436, 2118510, 0, 39, 0, 0, 0.14%, 7, 0, 11, 0.00
1734503441, 2135453, 0, 39, 0, 0, 0.14%, 7, 0, 11, 0.00
1734503447, 2152431, 0, 39, 0, 0, 0.14%, 7, 0, 11, 0.00
1734503452, 2169403, 0, 39, 0, 0, 0.14%, 7, 0, 11, 0.00
1734503457, 2186779, 0, 39, 0, 0, 0.14%, 7, 0, 11, 0.00
1734503462, 2204003, 0, 39, 0, 0, 0.14%, 7, 0, 11, 0.00
1734503467, 2221639, 0, 39, 0, 0, 0.14%, 7, 0, 11, 0.00
1734503473, 2239281, 0, 39, 0, 0, 0.14%, 7, 0, 11, 0.00
1734503478, 2256925, 0, 39, 0, 0, 0.14%, 7, 0, 11, 0.00
1734503483, 2273965, 0, 39, 0, 0, 0.14%, 7, 0, 11, 0.00
1734503488, 2290935, 0, 39, 0, 0, 0.14%, 7, 0, 11, 0.00
1734503493, 2308637, 0, 39, 0, 0, 0.14%, 7, 0, 11, 0.00
1734503499, 2325546, 0, 39, 0, 0, 0.14%, 7, 0, 11, 0.00
1734503504, 2343145, 0, 39, 0, 0, 0.14%, 7, 0, 11, 0.00
1734503509, 2360760, 0, 39, 0, 0, 0.14%, 7, 0, 11, 0.00
1734503514, 2377708, 0, 39, 0, 0, 0.14%, 7, 0, 11, 0.00
1734503519, 2394677, 0, 39, 0, 0, 0.14%, 7, 0, 11, 0.00
1734503525, 2412283, 0, 39, 0, 0, 0.14%, 7, 0, 11, 0.00
1734503530, 2429299, 0, 39, 0, 0, 0.14%, 7, 0, 11, 0.00
1734503535, 2446298, 0, 39, 0, 0, 0.14%, 7, 0, 11, 0.00
1734503540, 2463878, 0, 39, 0, 0, 0.14%, 7, 0, 11, 0.00
1734503545, 2480855, 0, 39, 0, 0, 0.14%, 7, 0, 11, 0.00
1734503551, 2498243, 0, 39, 0, 0, 0.14%, 7, 0, 11, 0.00
1734503556, 2514836, 0, 39, 0, 0, 0.14%, 7, 0, 11, 0.00
1734503561, 2533079, 0, 39, 0, 0, 0.14%, 7, 0, 11, 0.00
1734503566, 2550002, 0, 39, 0, 0, 0.14%, 7, 0, 11, 0.00
1734503571, 2567618, 0, 39, 0, 0, 0.14%, 7, 0, 11, 0.00
1734503577, 2584517, 0, 39, 0, 0, 0.14%, 7, 0, 11, 0.00
1734503582, 2600746, 0, 39, 0, 0, 0.14%, 7, 0, 11, 0.00
1734503587, 2618373, 0, 39, 0, 0, 0.14%, 7, 0, 11, 0.00
1734503592, 2635382, 0, 39, 0, 0, 0.14%, 7, 0, 11, 0.00
1734503597, 2653686, 0, 39, 0, 0, 0.14%, 7, 0, 11, 0.00
1734503603, 2670707, 0, 39, 0, 0, 0.14%, 7, 0, 11, 0.00
1734503608, 2687733, 0, 39, 0, 0, 0.14%, 7, 0, 11, 0.00
1734503613, 2706001, 0, 39, 0, 0, 0.14%, 7, 0, 11, 0.00
1734503618, 2722610, 0, 39, 0, 0, 0.14%, 7, 0, 11, 0.00
1734503623, 2739934, 0, 39, 0, 0, 0.14%, 7, 0, 11, 0.00
1734503629, 2756938, 0, 39, 0, 0, 0.14%, 7, 0, 11, 0.00
1734503634, 2774009, 0, 39, 0, 0, 0.14%, 7, 0, 11, 0.00
1734503639, 2792242, 0, 39, 0, 0, 0.14%, 7, 0, 11, 0.00
1734503644, 2809236, 0, 39, 0, 0, 0.14%, 7, 0, 11, 0.00
1734503649, 2826232, 0, 39, 0, 0, 0.14%, 7, 0, 11, 0.00
1734503655, 2843180, 0, 39, 0, 0, 0.14%, 7, 0, 11, 0.00
1734503660, 2859440, 0, 39, 0, 0, 0.14%, 7, 0, 11, 0.00
1734503665, 2877053, 0, 39, 0, 0, 0.14%, 7, 0, 11, 0.00
1734503670, 2894028, 0, 39, 0, 0, 0.14%, 7, 0, 11, 0.00
1734503675, 2911097, 0, 39, 0, 0, 0.14%, 7, 0, 11, 0.00
1734503681, 2928057, 0, 39, 0, 0, 0.14%, 7, 0, 11, 0.00
1734503686, 2945010, 0, 39, 0, 0, 0.14%, 7, 0, 11, 0.00
1734503691, 2961955, 0, 39, 0, 0, 0.14%, 7, 0, 11, 0.00
1734503696, 2978298, 0, 39, 0, 0, 0.14%, 7, 0, 11, 0.00
1734503701, 2995278, 0, 39, 0, 0, 0.14%, 7, 0, 11, 0.00
1734503707, 3012908, 0, 39, 0, 0, 0.14%, 7, 0, 11, 0.00
1734503712, 3029869, 0, 39, 0, 0, 0.14%, 7, 0, 11, 0.00
1734503717, 3047591, 0, 39, 0, 0, 0.14%, 7, 0, 11, 0.00
1734503722, 3064491, 0, 39, 0, 0, 0.14%, 7, 0, 11, 0.00
1734503727, 3081533, 0, 39, 0, 0, 0.14%, 7, 0, 11, 0.00
1734503733, 3098547, 0, 39, 0, 0, 0.14%, 7, 0, 11, 0.00
1734503738, 3116154, 0, 39, 0, 0, 0.14%, 7, 0, 11, 0.00
1734503743, 3133776, 0, 39, 0, 0, 0.14%, 7, 0, 11, 0.00
1734503748, 3150667, 0, 39, 0, 0, 0.14%, 7, 0, 11, 0.00
1734503753, 3167737, 0, 39, 0, 0, 0.14%, 7, 0, 11, 0.00
1734503759, 3183946, 0, 39, 0, 0, 0.14%, 7, 0, 11, 0.00
1734503764, 3201596, 0, 39, 0, 0, 0.14%, 7, 0, 11, 0.00
1734503769, 3218646, 0, 39, 0, 0, 0.14%, 7, 0, 11, 0.00
1734503774, 3234964, 0, 39, 0, 0, 0.14%, 7, 0, 11, 0.00
1734503779, 3251352, 0, 39, 0, 0, 0.14%, 7, 0, 11, 0.00
1734503785, 3268330, 0, 39, 0, 0, 0.14%, 7, 0, 11, 0.00
1734503790, 3284697, 0, 39, 0, 0, 0.14%, 7, 0, 11, 0.00
1734503795, 3301694, 0, 39, 0, 0, 0.14%, 7, 0, 11, 0.00
1734503800, 3318648, 0, 39, 0, 0, 0.14%, 7, 0, 11, 0.00
1734503805, 3336242, 0, 39, 0, 0, 0.14%, 7, 0, 11, 0.00
1734503811, 3353254, 0, 39, 0, 0, 0.14%, 7, 0, 11, 0.00
1734503816, 3369599, 0, 39, 0, 0, 0.14%, 7, 0, 11, 0.00
1734503821, 3386558, 0, 39, 0, 0, 0.14%, 7, 0, 11, 0.00
1734503826, 3403522, 0, 39, 0, 0, 0.14%, 7, 0, 11, 0.00
1734503831, 3419865, 0, 39, 0, 0, 0.14%, 7, 0, 11, 0.00
1734503837, 3436901, 0, 39, 0, 0, 0.14%, 7, 0, 11, 0.00
1734503842, 3453279, 0, 39, 0, 0, 0.14%, 7, 0, 11, 0.00
1734503847, 3470162, 0, 39, 0, 0, 0.14%, 7, 0, 11, 0.00
1734503852, 3487154, 0, 39, 0, 0, 0.14%, 7, 0, 11, 0.00
1734503857, 3504836, 0, 39, 0, 0, 0.14%, 7, 0, 11, 0.00
1734503863, 3521771, 0, 39, 0, 0, 0.14%, 7, 0, 11, 0.00
1734503868, 3538709, 0, 39, 0, 0, 0.14%, 7, 0, 11, 0.00
1734503873, 3555661, 0, 39, 0, 0, 0.14%, 7, 0, 11, 0.00
1734503878, 3571947, 0, 39, 0, 0, 0.14%, 7, 0, 11, 0.00
1734503883, 3590901, 0, 39, 0, 0, 0.14%, 7, 0, 11, 0.00
1734503889, 3607215, 0, 39, 0, 0, 0.14%, 7, 0, 11, 0.00
1734503894, 3624204, 0, 39, 0, 0, 0.14%, 7, 0, 11, 0.00
1734503899, 3640588, 0, 39, 0, 0, 0.14%, 7, 0, 11, 0.00
1734503904, 3658209, 0, 39, 0, 0, 0.14%, 7, 0, 11, 0.00
1734503909, 3674543, 0, 39, 0, 0, 0.14%, 7, 0, 11, 0.00
1734503915, 3691652, 0, 39, 0, 0, 0.14%, 7, 0, 11, 0.00
1734503920, 3707967, 0, 39, 0, 0, 0.14%, 7, 0, 11, 0.00
1734503925, 3724944, 0, 39, 0, 0, 0.14%, 7, 0, 11, 0.00
1734503930, 3741963, 0, 39, 0, 0, 0.14%, 7, 0, 11, 0.00
1734503935, 3758969, 0, 39, 0, 0, 0.14%, 7, 0, 11, 0.00
1734503941, 3775274, 0, 39, 0, 0, 0.14%, 7, 0, 11, 0.00
1734503946, 3792879, 0, 39, 0, 0, 0.14%, 7, 0, 11, 0.00
1734503951, 3810452, 0, 39, 0, 0, 0.14%, 7, 0, 11, 0.00
1734503956, 3826819, 0, 39, 0, 0, 0.14%, 7, 0, 11, 0.00
1734503961, 3843193, 0, 39, 0, 0, 0.14%, 7, 0, 11, 0.00
1734503967, 3860128, 0, 39, 0, 0, 0.14%, 7, 0, 11, 0.00
1734503972, 3876463, 0, 39, 0, 0, 0.14%, 7, 0, 11, 0.00
1734503977, 3894096, 0, 39, 0, 0, 0.14%, 7, 0, 11, 0.00
1734503982, 3910509, 0, 39, 0, 0, 0.14%, 7, 0, 11, 0.00
1734503987, 3927465, 0, 39, 0, 0, 0.14%, 7, 0, 11, 0.00
1734503993, 3944457, 0, 39, 0, 0, 0.14%, 7, 0, 11, 0.00
1734503998, 3962115, 0, 39, 0, 0, 0.14%, 7, 0, 11, 0.00
1734504003, 3979122, 0, 39, 0, 0, 0.14%, 7, 0, 11, 0.00
1734504008, 3996062, 0, 39, 0, 0, 0.14%, 7, 0, 11, 0.00
1734504013, 4012996, 0, 39, 0, 0, 0.14%, 7, 0, 11, 0.00
1734504019, 4029957, 0, 39, 0, 0, 0.14%, 7, 0, 11, 0.00
1734504024, 4046979, 0, 39, 0, 0, 0.14%, 7, 0, 11, 0.00
1734504029, 4064623, 0, 39, 0, 0, 0.14%, 7, 0, 11, 0.00
1734504034, 4080888, 0, 39, 0, 0, 0.14%, 7, 0, 11, 0.00
1734504039, 4098484, 0, 39, 0, 0, 0.14%, 7, 0, 11, 0.00
1734504045, 4115399, 0, 39, 0, 0, 0.14%, 7, 0, 11, 0.00
1734504050, 4133020, 0, 39, 0, 0, 0.14%, 7, 0, 11, 0.00
1734504055, 4150065, 0, 39, 0, 0, 0.14%, 7, 0, 11, 0.00
1734504060, 4166980, 0, 39, 0, 0, 0.14%, 7, 0, 11, 0.00
1734504065, 4183953, 0, 39, 0, 0, 0.14%, 7, 0, 11, 0.00
1734504071, 4200947, 0, 39, 0, 0, 0.14%, 7, 0, 11, 0.00
1734504076, 4217263, 0, 39, 0, 0, 0.14%, 7, 0, 11, 0.00
1734504081, 4233602, 0, 39, 0, 0, 0.14%, 7, 0, 11, 0.00
1734504086, 4249969, 0, 39, 0, 0, 0.14%, 7, 0, 11, 0.00
1734504091, 4266314, 0, 39, 0, 0, 0.14%, 7, 0, 11, 0.00
1734504097, 4282593, 0, 39, 0, 0, 0.14%, 7, 0, 11, 0.00
1734504102, 4299527, 0, 39, 0, 0, 0.14%, 7, 0, 11, 0.00
1734504107, 4315885, 0, 39, 0, 0, 0.14%, 7, 0, 11, 0.00
1734504112, 4332941, 0, 39, 0, 0, 0.14%, 7, 0, 11, 0.00
1734504117, 4349273, 0, 39, 0, 0, 0.14%, 7, 0, 11, 0.00
1734504123, 4366268, 0, 39, 0, 0, 0.14%, 7, 0, 11, 0.00
1734504128, 4383260, 0, 39, 0, 0, 0.14%, 7, 0, 11, 0.00
1734504133, 4400312, 0, 39, 0, 0, 0.14%, 7, 0, 11, 0.00
1734504138, 4416659, 0, 39, 0, 0, 0.14%, 7, 0, 11, 0.00
1734504143, 4433557, 0, 39, 0, 0, 0.14%, 7, 0, 11, 0.00
1734504149, 4450539, 0, 39, 0, 0, 0.14%, 7, 0, 11, 0.00
1734504154, 4467483, 0, 39, 0, 0, 0.14%, 7, 0, 11, 0.00
1734504159, 4484432, 0, 39, 0, 0, 0.14%, 7, 0, 11, 0.00
1734504164, 4501077, 0, 39, 0, 0, 0.14%, 7, 0, 11, 0.00
1734504169, 4518420, 0, 39, 0, 0, 0.14%, 7, 0, 11, 0.00
1734504175, 4534685, 0, 39, 0, 0, 0.14%, 7, 0, 11, 0.00
1734504180, 4551725, 0, 39, 0, 0, 0.14%, 7, 0, 11, 0.00
1734504185, 4568697, 0, 39, 0, 0, 0.14%, 7, 0, 11, 0.00
1734504190, 4585031, 0, 39, 0, 0, 0.14%, 7, 0, 11, 0.00
1734504195, 4602032, 0, 39, 0, 0, 0.14%, 7, 0, 11, 0.00
1734504201, 4618415, 0, 39, 0, 0, 0.14%, 7, 0, 11, 0.00
1734504206, 4635341, 0, 39, 0, 0, 0.14%, 7, 0, 11, 0.00
1734504211, 4651690, 0, 39, 0, 0, 0.14%, 7, 0, 11, 0.00
1734504216, 4669955, 0, 39, 0, 0, 0.14%, 7, 0, 11, 0.00
1734504221, 4686943, 0, 39, 0, 0, 0.14%, 7, 0, 11, 0.00
1734504227, 4703201, 0, 39, 0, 0, 0.14%, 7, 0, 11, 0.00
1734504232, 4719551, 0, 39, 0, 0, 0.14%, 7, 0, 11, 0.00
1734504237, 4737851, 0, 39, 0, 0, 0.14%, 7, 0, 11, 0.00
1734504242, 4754864, 0, 39, 0, 0, 0.14%, 7, 0, 11, 0.00
1734504247, 4771236, 0, 39, 0, 0, 0.14%, 7, 0, 11, 0.00
1734504253, 4788273, 0, 39, 0, 0, 0.14%, 7, 0, 11, 0.00
1734504258, 4805278, 0, 39, 0, 0, 0.14%, 7, 0, 11, 0.00
1734504263, 4822987, 0, 39, 0, 0, 0.14%, 7, 0, 11, 0.00
1734504268, 4839989, 0, 39, 0, 0, 0.14%, 7, 0, 11, 0.00
1734504273, 4856313, 0, 39, 0, 0, 0.14%, 7, 0, 11, 0.00
1734504279, 4872632, 0, 39, 0, 0, 0.14%, 7, 0, 11, 0.00
1734504284, 4889648, 0, 39, 0, 0, 0.14%, 7, 0, 11, 0.00
1734504289, 4907258, 0, 39, 0, 0, 0.14%, 7, 0, 11, 0.00
1734504294, 4923606, 0, 39, 0, 0, 0.14%, 7, 0, 11, 0.00
1734504299, 4939918, 0, 39, 0, 0, 0.14%, 7, 0, 11, 0.00
1734504305, 4956256, 0, 39, 0, 0, 0.14%, 7, 0, 11, 0.00
1734504310, 4973121, 0, 39, 0, 0, 0.14%, 7, 0, 11, 0.00
1734504315, 4990072, 0, 39, 0, 0, 0.14%, 7, 0, 11, 0.00
1734504320, 5007087, 0, 39, 0, 0, 0.14%, 7, 0, 11, 0.00
1734504325, 5023396, 0, 39, 0, 0, 0.14%, 7, 0, 11, 0.00
1734504331, 5040492, 0, 39, 0, 0, 0.14%, 7, 0, 11, 0.00
1734504336, 5058042, 0, 39, 0, 0, 0.14%, 7, 0, 11, 0.00
1734504341, 5075091, 0, 39, 0, 0, 0.14%, 7, 0, 11, 0.00
1734504346, 5092698, 0, 39, 0, 0, 0.14%, 7, 0, 11, 0.00
1734504351, 5108983, 0, 39, 0, 0, 0.14%, 7, 0, 11, 0.00
1734504357, 5125994, 0, 39, 0, 0, 0.14%, 7, 0, 11, 0.00
1734504362, 5142968, 0, 39, 0, 0, 0.14%, 7, 0, 11, 0.00
1734504367, 5159970, 0, 39, 0, 0, 0.14%, 7, 0, 11, 0.00
1734504372, 5176276, 0, 39, 0, 0, 0.14%, 7, 0, 11, 0.00
1734504377, 5193357, 0, 39, 0, 0, 0.14%, 7, 0, 11, 0.00
1734504383, 5210941, 0, 39, 0, 0, 0.14%, 7, 0, 11, 0.00
1734504388, 5227923, 0, 39, 0, 0, 0.14%, 7, 0, 11, 0.00
1734504393, 5244225, 0, 39, 0, 0, 0.14%, 7, 0, 11, 0.00
1734504398, 5262467, 0, 39, 0, 0, 0.14%, 7, 0, 11, 0.00
1734504403, 5278783, 0, 39, 0, 0, 0.14%, 7, 0, 11, 0.00
1734504409, 5295146, 0, 39, 0, 0, 0.14%, 7, 0, 11, 0.00
1734504414, 5312161, 0, 39, 0, 0, 0.14%, 7, 0, 11, 0.00
1734504419, 5329165, 0, 39, 0, 0, 0.14%, 7, 0, 11, 0.00
1734504424, 5346187, 0, 39, 0, 0, 0.14%, 7, 0, 11, 0.00
1734504429, 5364408, 0, 39, 0, 0, 0.14%, 7, 0, 11, 0.00
1734504435, 5381478, 0, 39, 0, 0, 0.14%, 7, 0, 11, 0.00
1734504440, 5398457, 0, 39, 0, 0, 0.14%, 7, 0, 11, 0.00
1734504445, 5415483, 0, 39, 0, 0, 0.14%, 7, 0, 11, 0.00
1734504450, 5432492, 0, 39, 0, 0, 0.14%, 7, 0, 11, 0.00
1734504455, 5449423, 0, 39, 0, 0, 0.14%, 7, 0, 11, 0.00
1734504461, 5465842, 0, 39, 0, 0, 0.14%, 7, 0, 11, 0.00
1734504466, 5482754, 0, 39, 0, 0, 0.14%, 7, 0, 11, 0.00
1734504471, 5499733, 0, 39, 0, 0, 0.14%, 7, 0, 11, 0.00
1734504476, 5516670, 0, 39, 0, 0, 0.14%, 7, 0, 11, 0.00
1734504481, 5533663, 0, 39, 0, 0, 0.14%, 7, 0, 11, 0.00
1734504487, 5551236, 0, 39, 0, 0, 0.14%, 7, 0, 11, 0.00
1734504492, 5568256, 0, 39, 0, 0, 0.14%, 7, 0, 11, 0.00
1734504497, 5585230, 0, 39, 0, 0, 0.14%, 7, 0, 11, 0.00
1734504502, 5602772, 0, 39, 0, 0, 0.14%, 7, 0, 11, 0.00
1734504507, 5619757, 0, 39, 0, 0, 0.14%, 7, 0, 11, 0.00
1734504513, 5636071, 0, 39, 0, 0, 0.14%, 7, 0, 11, 0.00
1734504518, 5653119, 0, 39, 0, 0, 0.14%, 7, 0, 11, 0.00
1734504523, 5670085, 0, 39, 0, 0, 0.14%, 7, 0, 11, 0.00
1734504528, 5687120, 0, 39, 0, 0, 0.14%, 7, 0, 11, 0.00
1734504533, 5703382, 0, 39, 0, 0, 0.14%, 7, 0, 11, 0.00
1734504539, 5720374, 0, 39, 0, 0, 0.14%, 7, 0, 11, 0.00
1734504544, 5737334, 0, 39, 0, 0, 0.14%, 7, 0, 11, 0.00
1734504549, 5754996, 0, 39, 0, 0, 0.14%, 7, 0, 11, 0.00
1734504554, 5772016, 0, 39, 0, 0, 0.14%, 7, 0, 11, 0.00
1734504559, 5789063, 0, 39, 0, 0, 0.14%, 7, 0, 11, 0.00
1734504565, 5806095, 0, 39, 0, 0, 0.14%, 7, 0, 11, 0.00
1734504570, 5823737, 0, 39, 0, 0, 0.14%, 7, 0, 11, 0.00
1734504575, 5840647, 0, 39, 0, 0, 0.14%, 7, 0, 11, 0.00
1734504580, 5856965, 0, 39, 0, 0, 0.14%, 7, 0, 11, 0.00
1734504585, 5873988, 0, 39, 0, 0, 0.14%, 7, 0, 11, 0.00
1734504591, 5890966, 0, 39, 0, 0, 0.14%, 7, 0, 11, 0.00
1734504596, 5907312, 0, 39, 0, 0, 0.14%, 7, 0, 11, 0.00
1734504601, 5923658, 0, 39, 0, 0, 0.14%, 7, 0, 11, 0.00
1734504606, 5940679, 0, 39, 0, 0, 0.14%, 7, 0, 11, 0.00
1734504611, 5957710, 0, 39, 0, 0, 0.14%, 7, 0, 11, 0.00
1734504617, 5974703, 0, 39, 0, 0, 0.14%, 7, 0, 11, 0.00
1734504622, 5991649, 0, 39, 0, 0, 0.14%, 7, 0, 11, 0.00
1734504627, 6008100, 0, 39, 0, 0, 0.14%, 7, 0, 11, 0.00
1734504632, 6025086, 0, 39, 0, 0, 0.14%, 7, 0, 11, 0.00
1734504637, 6042084, 0, 39, 0, 0, 0.14%, 7, 0, 11, 0.00
1734504643, 6059048, 0, 39, 0, 0, 0.14%, 7, 0, 11, 0.00
1734504648, 6075984, 0, 39, 0, 0, 0.14%, 7, 0, 11, 0.00
1734504653, 6092946, 0, 39, 0, 0, 0.14%, 7, 0, 11, 0.00
1734504658, 6109910, 0, 39, 0, 0, 0.14%, 7, 0, 11, 0.00
1734504663, 6126804, 0, 39, 0, 0, 0.14%, 7, 0, 11, 0.00
1734504669, 6143796, 0, 39, 0, 0, 0.14%, 7, 0, 11, 0.00
1734504674, 6160846, 0, 39, 0, 0, 0.14%, 7, 0, 11, 0.00
1734504679, 6178493, 0, 39, 0, 0, 0.14%, 7, 0, 11, 0.00
1734504684, 6194846, 0, 39, 0, 0, 0.14%, 7, 0, 11, 0.00
1734504689, 6212494, 0, 39, 0, 0, 0.14%, 7, 0, 11, 0.00
1734504695, 6229494, 0, 39, 0, 0, 0.14%, 7, 0, 11, 0.00
1734504700, 6246531, 0, 39, 0, 0, 0.14%, 7, 0, 11, 0.00
1734504705, 6262780, 0, 39, 0, 0, 0.14%, 7, 0, 11, 0.00
1734504710, 6280351, 0, 39, 0, 0, 0.14%, 7, 0, 11, 0.00
1734504715, 6297374, 0, 39, 0, 0, 0.14%, 7, 0, 11, 0.00
1734504721, 6314335, 0, 39, 0, 0, 0.14%, 7, 0, 11, 0.00
1734504726, 6331276, 0, 39, 0, 0, 0.14%, 7, 0, 11, 0.00
1734504731, 6347598, 0, 39, 0, 0, 0.14%, 7, 0, 11, 0.00
1734504736, 6364672, 0, 39, 0, 0, 0.14%, 7, 0, 11, 0.00
1734504741, 6380960, 0, 39, 0, 0, 0.14%, 7, 0, 11, 0.00
1734504747, 6397210, 0, 39, 0, 0, 0.14%, 7, 0, 11, 0.00
1734504752, 6413534, 0, 39, 0, 0, 0.14%, 7, 0, 11, 0.00
1734504757, 6430525, 0, 39, 0, 0, 0.14%, 7, 0, 11, 0.00
1734504762, 6447544, 0, 39, 0, 0, 0.14%, 7, 0, 11, 0.00
1734504767, 6464473, 0, 39, 0, 0, 0.14%, 7, 0, 11, 0.00
1734504773, 6481529, 0, 39, 0, 0, 0.14%, 7, 0, 11, 0.00
1734504778, 6499106, 0, 39, 0, 0, 0.14%, 7, 0, 11, 0.00
1734504783, 6516638, 0, 39, 0, 0, 0.14%, 7, 0, 11, 0.00
1734504788, 6532997, 0, 39, 0, 0, 0.14%, 7, 0, 11, 0.00
1734504793, 6549963, 0, 39, 0, 0, 0.14%, 7, 0, 11, 0.00
1734504799, 6566252, 0, 39, 0, 0, 0.14%, 7, 0, 11, 0.00
1734504804, 6582613, 0, 39, 0, 0, 0.14%, 7, 0, 11, 0.00
1734504809, 6598954, 0, 39, 0, 0, 0.14%, 7, 0, 11, 0.00
1734504814, 6615363, 0, 39, 0, 0, 0.14%, 7, 0, 11, 0.00
1734504819, 6631632, 0, 39, 0, 0, 0.14%, 7, 0, 11, 0.00
1734504825, 6648588, 0, 39, 0, 0, 0.14%, 7, 0, 11, 0.00
1734504830, 6664926, 0, 39, 0, 0, 0.14%, 7, 0, 11, 0.00
1734504835, 6681311, 0, 39, 0, 0, 0.14%, 7, 0, 11, 0.00
1734504840, 6698316, 0, 39, 0, 0, 0.14%, 7, 0, 11, 0.00
1734504845, 6715388, 0, 39, 0, 0, 0.14%, 7, 0, 11, 0.00
1734504851, 6732963, 0, 39, 0, 0, 0.14%, 7, 0, 11, 0.00
1734504856, 6749962, 0, 39, 0, 0, 0.14%, 7, 0, 11, 0.00
1734504861, 6766927, 0, 39, 0, 0, 0.14%, 7, 0, 11, 0.00
1734504866, 6783895, 0, 39, 0, 0, 0.14%, 7, 0, 11, 0.00
1734504871, 6800843, 0, 39, 0, 0, 0.14%, 7, 0, 11, 0.00
1734504877, 6818486, 0, 39, 0, 0, 0.14%, 7, 0, 11, 0.00
1734504882, 6836060, 0, 39, 0, 0, 0.14%, 7, 0, 11, 0.00
1734504887, 6852377, 0, 39, 0, 0, 0.14%, 7, 0, 11, 0.00
1734504892, 6869333, 0, 39, 0, 0, 0.14%, 7, 0, 11, 0.00
1734504897, 6886354, 0, 39, 0, 0, 0.14%, 7, 0, 11, 0.00
1734504903, 6903975, 0, 39, 0, 0, 0.14%, 7, 0, 11, 0.00
1734504908, 6920969, 0, 39, 0, 0, 0.14%, 7, 0, 11, 0.00
1734504913, 6937938, 0, 39, 0, 0, 0.14%, 7, 0, 11, 0.00
1734504918, 6954923, 0, 39, 0, 0, 0.14%, 7, 0, 11, 0.00
1734504923, 6971909, 0, 39, 0, 0, 0.14%, 7, 0, 11, 0.00
1734504929, 6989492, 0, 39, 0, 0, 0.14%, 7, 0, 11, 0.00
1734504934, 7006416, 0, 39, 0, 0, 0.14%, 7, 0, 11, 0.00
1734504939, 7023335, 0, 39, 0, 0, 0.14%, 7, 0, 11, 0.00
1734504944, 7039656, 0, 39, 0, 0, 0.14%, 7, 0, 11, 0.00
1734504949, 7057345, 0, 39, 0, 0, 0.14%, 7, 0, 11, 0.00
1734504955, 7074411, 0, 39, 0, 0, 0.14%, 7, 0, 11, 0.00
1734504960, 7091437, 0, 39, 0, 0, 0.14%, 7, 0, 11, 0.00
1734504965, 7108448, 0, 39, 0, 0, 0.14%, 7, 0, 11, 0.00
1734504970, 7124822, 0, 39, 0, 0, 0.14%, 7, 0, 11, 0.00
1734504975, 7141812, 0, 39, 0, 0, 0.14%, 7, 0, 11, 0.00
1734504981, 7158813, 0, 39, 0, 0, 0.14%, 7, 0, 11, 0.00
1734504986, 7175125, 0, 39, 0, 0, 0.14%, 7, 0, 11, 0.00
1734504991, 7192055, 0, 39, 0, 0, 0.14%, 7, 0, 11, 0.00
1734504996, 7209552, 0, 39, 0, 0, 0.14%, 7, 0, 11, 0.00
1734505001, 7226767, 0, 39, 0, 0, 0.14%, 7, 0, 11, 0.00
1734505007, 7243122, 0, 39, 0, 0, 0.14%, 7, 0, 11, 0.00
