# unix_time, cycles_done, cur_path, paths_total, pending_total, pending_favs, map_size, unique_crashes, unique_hangs, max_depth, execs_per_sec
1734180071, 0, 0, 10, 10, 1, 0.01%, 0, 0, 1, 36.13
1734180076, 0, 3, 10, 10, 1, 0.01%, 0, 0, 1, 36.10
1734180091, 1, 0, 10, 3, 0, 0.01%, 0, 0, 1, 42.85
1734180096, 1, 1, 10, 2, 0, 0.01%, 0, 0, 1, 42.90
1734180106, 1, 2, 10, 1, 0, 0.01%, 0, 0, 1, 42.82
1734180112, 1, 3, 10, 0, 0, 0.01%, 0, 0, 1, 43.45
1734180117, 1, 4, 10, 0, 0, 0.01%, 0, 0, 1, 44.68
1734180122, 1, 5, 10, 0, 0, 0.01%, 0, 0, 1, 42.34
1734180127, 1, 6, 10, 0, 0, 0.01%, 0, 0, 1, 43.15
1734180132, 1, 7, 10, 0, 0, 0.01%, 0, 0, 1, 44.20
1734180142, 1, 8, 10, 0, 0, 0.01%, 0, 0, 1, 42.99
1734180147, 1, 9, 10, 0, 0, 0.01%, 0, 0, 1, 44.32
1734180152, 2, 0, 10, 0, 0, 0.01%, 0, 0, 1, 44.32
1734180157, 2, 1, 10, 0, 0, 0.01%, 0, 0, 1, 45.14
1734180162, 2, 2, 10, 0, 0, 0.01%, 0, 0, 1, 43.57
1734180167, 2, 3, 10, 0, 0, 0.01%, 0, 0, 1, 43.14
1734180173, 2, 4, 10, 0, 0, 0.01%, 0, 0, 1, 41.27
1734180183, 2, 5, 10, 0, 0, 0.01%, 0, 0, 1, 42.03
1734180188, 2, 6, 10, 0, 0, 0.01%, 0, 0, 1, 44.24
1734180193, 2, 7, 10, 0, 0, 0.01%, 0, 0, 1, 45.50
1734180198, 2, 8, 10, 0, 0, 0.01%, 0, 0, 1, 43.07
1734180203, 2, 9, 10, 0, 0, 0.01%, 0, 0, 1, 43.85
1734180208, 3, 0, 10, 0, 0, 0.01%, 0, 0, 1, 44.65
1734180213, 3, 1, 10, 0, 0, 0.01%, 0, 0, 1, 43.52
1734180223, 3, 2, 10, 0, 0, 0.01%, 0, 0, 1, 43.57
1734180228, 3, 3, 10, 0, 0, 0.01%, 0, 0, 1, 43.76
1734180233, 3, 4, 10, 0, 0, 0.01%, 0, 0, 1, 42.38
1734180238, 3, 5, 10, 0, 0, 0.01%, 0, 0, 1, 44.07
1734180244, 3, 6, 10, 0, 0, 0.01%, 0, 0, 1, 45.02
1734180249, 3, 7, 10, 0, 0, 0.01%, 0, 0, 1, 44.35
1734180259, 3, 8, 10, 0, 0, 0.01%, 0, 0, 1, 45.51
1734180264, 3, 9, 10, 0, 0, 0.01%, 0, 0, 1, 44.01
1734180269, 4, 0, 10, 0, 0, 0.01%, 0, 0, 1, 44.20
1734180274, 4, 1, 10, 0, 0, 0.01%, 0, 0, 1, 44.68
1734180279, 4, 2, 10, 0, 0, 0.01%, 0, 0, 1, 43.07
1734180284, 4, 3, 10, 0, 0, 0.01%, 0, 0, 1, 43.00
1734180289, 4, 4, 10, 0, 0, 0.01%, 0, 0, 1, 42.74
1734180299, 4, 5, 10, 0, 0, 0.01%, 0, 0, 1, 43.96
1734180304, 4, 6, 10, 0, 0, 0.01%, 0, 0, 1, 44.62
1734180310, 4, 7, 10, 0, 0, 0.01%, 0, 0, 1, 44.44
1734180315, 4, 8, 10, 0, 0, 0.01%, 0, 0, 1, 43.11
1734180320, 4, 9, 10, 0, 0, 0.01%, 0, 0, 1, 43.63
1734180325, 5, 0, 10, 0, 0, 0.01%, 0, 0, 1, 43.35
1734180335, 5, 1, 10, 0, 0, 0.01%, 0, 0, 1, 44.48
1734180340, 5, 2, 10, 0, 0, 0.01%, 0, 0, 1, 44.88
1734180345, 5, 3, 10, 0, 0, 0.01%, 0, 0, 1, 42.57
1734180350, 5, 4, 10, 0, 0, 0.01%, 0, 0, 1, 43.76
1734180355, 5, 5, 10, 0, 0, 0.01%, 0, 0, 1, 44.19
1734180360, 5, 6, 10, 0, 0, 0.01%, 0, 0, 1, 44.82
1734180365, 5, 7, 10, 0, 0, 0.01%, 0, 0, 1, 43.37
1734180376, 5, 8, 10, 0, 0, 0.01%, 0, 0, 1, 43.27
1734180381, 5, 9, 10, 0, 0, 0.01%, 0, 0, 1, 44.32
1734180386, 6, 0, 10, 0, 0, 0.01%, 0, 0, 1, 43.30
1734180391, 6, 1, 10, 0, 0, 0.01%, 0, 0, 1, 44.18
1734180396, 6, 2, 10, 0, 0, 0.01%, 0, 0, 1, 43.92
1734180401, 6, 3, 10, 0, 0, 0.01%, 0, 0, 1, 43.66
1734180406, 6, 4, 10, 0, 0, 0.01%, 0, 0, 1, 44.25
1734180416, 6, 5, 10, 0, 0, 0.01%, 0, 0, 1, 44.46
1734180421, 6, 6, 10, 0, 0, 0.01%, 0, 0, 1, 44.71
1734180426, 6, 7, 10, 0, 0, 0.01%, 0, 0, 1, 44.24
1734180431, 6, 8, 10, 0, 0, 0.01%, 0, 0, 1, 42.89
1734180436, 6, 9, 10, 0, 0, 0.01%, 0, 0, 1, 43.20
1734180441, 7, 0, 10, 0, 0, 0.01%, 0, 0, 1, 44.31
1734180451, 7, 1, 10, 0, 0, 0.01%, 0, 0, 1, 42.57
1734180457, 7, 2, 10, 0, 0, 0.01%, 0, 0, 1, 44.48
1734180462, 7, 3, 10, 0, 0, 0.01%, 0, 0, 1, 44.10
1734180467, 7, 4, 10, 0, 0, 0.01%, 0, 0, 1, 41.39
1734180472, 7, 5, 10, 0, 0, 0.01%, 0, 0, 1, 42.99
1734180477, 7, 6, 10, 0, 0, 0.01%, 0, 0, 1, 43.49
1734180487, 7, 7, 10, 0, 0, 0.01%, 0, 0, 1, 42.83
1734180492, 7, 8, 10, 0, 0, 0.01%, 0, 0, 1, 42.98
1734180497, 7, 9, 10, 0, 0, 0.01%, 0, 0, 1, 44.46
1734180502, 8, 0, 10, 0, 0, 0.01%, 0, 0, 1, 42.80
1734180507, 8, 1, 10, 0, 0, 0.01%, 0, 0, 1, 42.04
1734180512, 8, 2, 10, 0, 0, 0.01%, 0, 0, 1, 43.93
1734180522, 8, 3, 10, 0, 0, 0.01%, 0, 0, 1, 43.25
1734180528, 8, 4, 10, 0, 0, 0.01%, 0, 0, 1, 44.08
1734180533, 8, 5, 10, 0, 0, 0.01%, 0, 0, 1, 44.72
1734180538, 8, 6, 10, 0, 0, 0.01%, 0, 0, 1, 43.50
1734180543, 8, 7, 10, 0, 0, 0.01%, 0, 0, 1, 44.34
1734180548, 8, 8, 10, 0, 0, 0.01%, 0, 0, 1, 42.63
1734180558, 8, 9, 10, 0, 0, 0.01%, 0, 0, 1, 45.52
1734180563, 9, 0, 10, 0, 0, 0.01%, 0, 0, 1, 45.10
1734180568, 9, 1, 10, 0, 0, 0.01%, 0, 0, 1, 43.90
1734180573, 9, 2, 10, 0, 0, 0.01%, 0, 0, 1, 44.14
1734180578, 9, 3, 10, 0, 0, 0.01%, 0, 0, 1, 42.18
1734180583, 9, 4, 10, 0, 0, 0.01%, 0, 0, 1, 43.16
1734180589, 9, 5, 10, 0, 0, 0.01%, 0, 0, 1, 45.06
1734180599, 9, 6, 10, 0, 0, 0.01%, 0, 0, 1, 43.55
1734180604, 9, 7, 10, 0, 0, 0.01%, 0, 0, 1, 42.81
1734180609, 9, 8, 10, 0, 0, 0.01%, 0, 0, 1, 44.70
1734180614, 9, 9, 10, 0, 0, 0.01%, 0, 0, 1, 43.55
1734180619, 10, 0, 10, 0, 0, 0.01%, 0, 0, 1, 43.01
1734180624, 10, 1, 10, 0, 0, 0.01%, 0, 0, 1, 43.78
1734180634, 10, 2, 10, 0, 0, 0.01%, 0, 0, 1, 43.99
1734180639, 10, 3, 10, 0, 0, 0.01%, 0, 0, 1, 43.81
1734180644, 10, 4, 10, 0, 0, 0.01%, 0, 0, 1, 44.95
1734180649, 10, 5, 10, 0, 0, 0.01%, 0, 0, 1, 43.44
1734180654, 10, 6, 10, 0, 0, 0.01%, 0, 0, 1, 43.04
1734180659, 10, 7, 10, 0, 0, 0.01%, 0, 0, 1, 45.16
1734180665, 10, 8, 10, 0, 0, 0.01%, 0, 0, 1, 44.09
1734180675, 10, 9, 10, 0, 0, 0.01%, 0, 0, 1, 44.89
1734180680, 11, 0, 10, 0, 0, 0.01%, 0, 0, 1, 46.41
1734180685, 11, 1, 10, 0, 0, 0.01%, 0, 0, 1, 44.58
1734180690, 11, 2, 10, 0, 0, 0.01%, 0, 0, 1, 44.64
1734180695, 11, 3, 10, 0, 0, 0.01%, 0, 0, 1, 43.47
1734180700, 11, 4, 10, 0, 0, 0.01%, 0, 0, 1, 43.78
1734180705, 11, 5, 10, 0, 0, 0.01%, 0, 0, 1, 44.58
1734180710, 11, 6, 10, 0, 0, 0.01%, 0, 0, 1, 44.77
1734180720, 11, 7, 10, 0, 0, 0.01%, 0, 0, 1, 44.07
1734180725, 11, 8, 10, 0, 0, 0.01%, 0, 0, 1, 45.48
1734180730, 11, 9, 10, 0, 0, 0.01%, 0, 0, 1, 45.47
1734180735, 12, 0, 10, 0, 0, 0.01%, 0, 0, 1, 47.43
1734180740, 12, 1, 10, 0, 0, 0.01%, 0, 0, 1, 46.62
1734180745, 12, 2, 10, 0, 0, 0.01%, 0, 0, 1, 47.97
1734180751, 12, 3, 10, 0, 0, 0.01%, 0, 0, 1, 44.12
1734180756, 12, 4, 10, 0, 0, 0.01%, 0, 0, 1, 44.05
1734180761, 12, 5, 10, 0, 0, 0.01%, 0, 0, 1, 45.60
1734180771, 12, 6, 10, 0, 0, 0.01%, 0, 0, 1, 45.98
1734180776, 12, 7, 10, 0, 0, 0.01%, 0, 0, 1, 45.38
1734180781, 12, 8, 10, 0, 0, 0.01%, 0, 0, 1, 46.58
1734180786, 12, 9, 10, 0, 0, 0.01%, 0, 0, 1, 44.71
1734180791, 13, 0, 10, 0, 0, 0.01%, 0, 0, 1, 44.16
1734180796, 13, 1, 10, 0, 0, 0.01%, 0, 0, 1, 46.19
1734180801, 13, 2, 10, 0, 0, 0.01%, 0, 0, 1, 45.81
1734180806, 13, 3, 10, 0, 0, 0.01%, 0, 0, 1, 44.04
1734180816, 13, 4, 10, 0, 0, 0.01%, 0, 0, 1, 45.24
1734180821, 13, 5, 10, 0, 0, 0.01%, 0, 0, 1, 46.28
1734180827, 13, 6, 10, 0, 0, 0.01%, 0, 0, 1, 45.17
1734180832, 13, 7, 10, 0, 0, 0.01%, 0, 0, 1, 45.28
1734180837, 13, 8, 10, 0, 0, 0.01%, 0, 0, 1, 44.79
1734180842, 13, 9, 10, 0, 0, 0.01%, 0, 0, 1, 44.84
1734180847, 14, 0, 10, 0, 0, 0.01%, 0, 0, 1, 44.82
1734180852, 14, 1, 10, 0, 0, 0.01%, 0, 0, 1, 46.97
1734180857, 14, 2, 10, 0, 0, 0.01%, 0, 0, 1, 46.70
1734180862, 14, 3, 10, 0, 0, 0.01%, 0, 0, 1, 46.94
1734180872, 14, 4, 10, 0, 0, 0.01%, 0, 0, 1, 46.39
1734180877, 14, 5, 10, 0, 0, 0.01%, 0, 0, 1, 47.28
1734180882, 14, 6, 10, 0, 0, 0.01%, 0, 0, 1, 43.57
1734180887, 14, 7, 10, 0, 0, 0.01%, 0, 0, 1, 46.62
1734180892, 14, 8, 10, 0, 0, 0.01%, 0, 0, 1, 44.27
1734180898, 14, 9, 10, 0, 0, 0.01%, 0, 0, 1, 46.38
1734180903, 15, 0, 10, 0, 0, 0.01%, 0, 0, 1, 44.61
1734180908, 15, 1, 10, 0, 0, 0.01%, 0, 0, 1, 44.64
1734180913, 15, 2, 10, 0, 0, 0.01%, 0, 0, 1, 44.79
1734180923, 15, 3, 10, 0, 0, 0.01%, 0, 0, 1, 46.06
1734180928, 15, 4, 10, 0, 0, 0.01%, 0, 0, 1, 39.72
1734180948, 15, 5, 10, 0, 0, 0.01%, 0, 0, 1, 40.87
1734180969, 15, 6, 10, 0, 0, 0.01%, 0, 0, 1, 42.58
1734180989, 15, 7, 10, 0, 0, 0.01%, 0, 0, 1, 45.43
1734181015, 15, 8, 10, 0, 0, 0.01%, 0, 0, 1, 38.36
1734181035, 15, 9, 10, 0, 0, 0.01%, 0, 0, 1, 39.17
1734181055, 16, 0, 10, 0, 0, 0.01%, 0, 0, 1, 40.46
1734181075, 16, 1, 10, 0, 0, 0.01%, 0, 0, 1, 43.25
1734181096, 16, 2, 10, 0, 0, 0.01%, 0, 0, 1, 45.48
1734181101, 16, 3, 10, 0, 0, 0.01%, 0, 0, 1, 45.74
1734181111, 16, 4, 10, 0, 0, 0.01%, 0, 0, 1, 45.85
1734181116, 16, 5, 10, 0, 0, 0.01%, 0, 0, 1, 44.86
1734181121, 16, 6, 10, 0, 0, 0.01%, 0, 0, 1, 46.81
1734181126, 16, 7, 10, 0, 0, 0.01%, 0, 0, 1, 46.44
1734181131, 16, 8, 10, 0, 0, 0.01%, 0, 0, 1, 44.78
1734181137, 16, 9, 10, 0, 0, 0.01%, 0, 0, 1, 45.25
1734181142, 17, 0, 10, 0, 0, 0.01%, 0, 0, 1, 45.22
1734181147, 17, 1, 10, 0, 0, 0.01%, 0, 0, 1, 44.62
1734181152, 17, 2, 10, 0, 0, 0.01%, 0, 0, 1, 43.34
1734181157, 17, 3, 10, 0, 0, 0.01%, 0, 0, 1, 46.63
1734181167, 17, 4, 10, 0, 0, 0.01%, 0, 0, 1, 43.75
1734181172, 17, 5, 10, 0, 0, 0.01%, 0, 0, 1, 46.01
1734181177, 17, 6, 10, 0, 0, 0.01%, 0, 0, 1, 46.41
1734181182, 17, 7, 10, 0, 0, 0.01%, 0, 0, 1, 45.60
1734181187, 17, 8, 10, 0, 0, 0.01%, 0, 0, 1, 45.00
1734181193, 17, 9, 10, 0, 0, 0.01%, 0, 0, 1, 43.66
1734181198, 18, 0, 10, 0, 0, 0.01%, 0, 0, 1, 45.88
1734181203, 18, 1, 10, 0, 0, 0.01%, 0, 0, 1, 45.82
1734181208, 18, 2, 10, 0, 0, 0.01%, 0, 0, 1, 45.89
1734181213, 18, 3, 10, 0, 0, 0.01%, 0, 0, 1, 46.71
1734181223, 18, 4, 10, 0, 0, 0.01%, 0, 0, 1, 46.62
1734181228, 18, 5, 10, 0, 0, 0.01%, 0, 0, 1, 43.66
1734181233, 18, 6, 10, 0, 0, 0.01%, 0, 0, 1, 43.53
1734181238, 18, 7, 10, 0, 0, 0.01%, 0, 0, 1, 44.92
1734181243, 18, 8, 10, 0, 0, 0.01%, 0, 0, 1, 43.97
1734181248, 18, 9, 10, 0, 0, 0.01%, 0, 0, 1, 44.30
1734181253, 19, 0, 10, 0, 0, 0.01%, 0, 0, 1, 46.23
1734181259, 19, 1, 10, 0, 0, 0.01%, 0, 0, 1, 47.11
1734181269, 19, 2, 10, 0, 0, 0.01%, 0, 0, 1, 44.46
1734181274, 19, 3, 10, 0, 0, 0.01%, 0, 0, 1, 45.76
1734181279, 19, 4, 10, 0, 0, 0.01%, 0, 0, 1, 46.00
1734181284, 19, 5, 10, 0, 0, 0.01%, 0, 0, 1, 46.29
1734181289, 19, 6, 10, 0, 0, 0.01%, 0, 0, 1, 45.82
1734181294, 19, 7, 10, 0, 0, 0.01%, 0, 0, 1, 47.60
1734181299, 19, 8, 10, 0, 0, 0.01%, 0, 0, 1, 45.49
1734181304, 19, 9, 10, 0, 0, 0.01%, 0, 0, 1, 45.35
1734181310, 20, 0, 10, 0, 0, 0.01%, 0, 0, 1, 44.30
1734181320, 20, 1, 10, 0, 0, 0.01%, 0, 0, 1, 44.61
1734181325, 20, 2, 10, 0, 0, 0.01%, 0, 0, 1, 44.75
1734181330, 20, 3, 10, 0, 0, 0.01%, 0, 0, 1, 46.03
1734181335, 20, 4, 10, 0, 0, 0.01%, 0, 0, 1, 45.72
1734181340, 20, 5, 10, 0, 0, 0.01%, 0, 0, 1, 44.86
1734181345, 20, 6, 10, 0, 0, 0.01%, 0, 0, 1, 46.14
1734181350, 20, 7, 10, 0, 0, 0.01%, 0, 0, 1, 45.80
1734181355, 20, 8, 10, 0, 0, 0.01%, 0, 0, 1, 45.48
1734181365, 20, 9, 10, 0, 0, 0.01%, 0, 0, 1, 45.33
1734181370, 21, 0, 10, 0, 0, 0.01%, 0, 0, 1, 47.06
1734181375, 21, 1, 10, 0, 0, 0.01%, 0, 0, 1, 44.22
1734181380, 21, 2, 10, 0, 0, 0.01%, 0, 0, 1, 45.92
1734181386, 21, 3, 10, 0, 0, 0.01%, 0, 0, 1, 44.42
1734181391, 21, 4, 10, 0, 0, 0.01%, 0, 0, 1, 45.02
1734181396, 21, 5, 10, 0, 0, 0.01%, 0, 0, 1, 44.53
1734181401, 21, 6, 10, 0, 0, 0.01%, 0, 0, 1, 44.77
1734181406, 21, 7, 10, 0, 0, 0.01%, 0, 0, 1, 45.43
1734181416, 21, 8, 10, 0, 0, 0.01%, 0, 0, 1, 44.84
1734181421, 21, 9, 10, 0, 0, 0.01%, 0, 0, 1, 46.68
1734181426, 22, 0, 10, 0, 0, 0.01%, 0, 0, 1, 47.29
1734181431, 22, 1, 10, 0, 0, 0.01%, 0, 0, 1, 46.47
1734181436, 22, 2, 10, 0, 0, 0.01%, 0, 0, 1, 46.48
1734181441, 22, 3, 10, 0, 0, 0.01%, 0, 0, 1, 44.17
1734181446, 22, 4, 10, 0, 0, 0.01%, 0, 0, 1, 44.31
1734181451, 22, 5, 10, 0, 0, 0.01%, 0, 0, 1, 44.36
1734181457, 22, 6, 10, 0, 0, 0.01%, 0, 0, 1, 46.39
1734181467, 22, 7, 10, 0, 0, 0.01%, 0, 0, 1, 47.22
1734181472, 22, 8, 10, 0, 0, 0.01%, 0, 0, 1, 47.42
1734181477, 22, 9, 10, 0, 0, 0.01%, 0, 0, 1, 44.73
1734181482, 23, 0, 10, 0, 0, 0.01%, 0, 0, 1, 46.32
1734181487, 23, 1, 10, 0, 0, 0.01%, 0, 0, 1, 45.91
1734181492, 23, 2, 10, 0, 0, 0.01%, 0, 0, 1, 45.22
1734181497, 23, 3, 10, 0, 0, 0.01%, 0, 0, 1, 49.14
1734181502, 23, 4, 10, 0, 0, 0.01%, 0, 0, 1, 47.28
1734181507, 23, 5, 10, 0, 0, 0.01%, 0, 0, 1, 45.06
1734181512, 23, 6, 10, 0, 0, 0.01%, 0, 0, 1, 43.99
1734181522, 23, 7, 10, 0, 0, 0.01%, 0, 0, 1, 44.78
1734181527, 23, 8, 10, 0, 0, 0.01%, 0, 0, 1, 45.97
1734181533, 23, 9, 10, 0, 0, 0.01%, 0, 0, 1, 45.79
1734181538, 24, 0, 10, 0, 0, 0.01%, 0, 0, 1, 47.41
1734181543, 24, 1, 10, 0, 0, 0.01%, 0, 0, 1, 45.28
1734181548, 24, 2, 10, 0, 0, 0.01%, 0, 0, 1, 45.09
1734181553, 24, 3, 10, 0, 0, 0.01%, 0, 0, 1, 47.27
1734181558, 24, 4, 10, 0, 0, 0.01%, 0, 0, 1, 44.29
1734181563, 24, 5, 10, 0, 0, 0.01%, 0, 0, 1, 45.30
1734181568, 24, 6, 10, 0, 0, 0.01%, 0, 0, 1, 45.89
1734181578, 24, 7, 10, 0, 0, 0.01%, 0, 0, 1, 45.59
1734181583, 24, 8, 10, 0, 0, 0.01%, 0, 0, 1, 47.53
1734181588, 24, 9, 10, 0, 0, 0.01%, 0, 0, 1, 47.20
1734181594, 25, 0, 10, 0, 0, 0.01%, 0, 0, 1, 45.02
1734181599, 25, 1, 10, 0, 0, 0.01%, 0, 0, 1, 45.83
1734181604, 25, 2, 10, 0, 0, 0.01%, 0, 0, 1, 45.93
1734181609, 25, 3, 10, 0, 0, 0.01%, 0, 0, 1, 46.13
1734181614, 25, 4, 10, 0, 0, 0.01%, 0, 0, 1, 44.54
1734181619, 25, 5, 10, 0, 0, 0.01%, 0, 0, 1, 45.95
1734181629, 25, 6, 10, 0, 0, 0.01%, 0, 0, 1, 47.12
1734181634, 25, 7, 10, 0, 0, 0.01%, 0, 0, 1, 44.35
1734181639, 25, 8, 10, 0, 0, 0.01%, 0, 0, 1, 45.07
1734181644, 25, 9, 10, 0, 0, 0.01%, 0, 0, 1, 45.01
1734181650, 26, 0, 10, 0, 0, 0.01%, 0, 0, 1, 44.39
1734181655, 26, 1, 10, 0, 0, 0.01%, 0, 0, 1, 45.81
1734181660, 26, 2, 10, 0, 0, 0.01%, 0, 0, 1, 45.82
1734181665, 26, 3, 10, 0, 0, 0.01%, 0, 0, 1, 45.76
1734181670, 26, 4, 10, 0, 0, 0.01%, 0, 0, 1, 43.53
1734181680, 26, 5, 10, 0, 0, 0.01%, 0, 0, 1, 44.66
1734181685, 26, 6, 10, 0, 0, 0.01%, 0, 0, 1, 46.65
1734181690, 26, 7, 10, 0, 0, 0.01%, 0, 0, 1, 44.95
1734181695, 26, 8, 10, 0, 0, 0.01%, 0, 0, 1, 46.76
1734181700, 26, 9, 10, 0, 0, 0.01%, 0, 0, 1, 42.43
1734181705, 27, 0, 10, 0, 0, 0.01%, 0, 0, 1, 46.99
1734181710, 27, 1, 10, 0, 0, 0.01%, 0, 0, 1, 45.04
1734181715, 27, 2, 10, 0, 0, 0.01%, 0, 0, 1, 45.67
1734181721, 27, 3, 10, 0, 0, 0.01%, 0, 0, 1, 45.57
1734181731, 27, 4, 10, 0, 0, 0.01%, 0, 0, 1, 47.30
1734181736, 27, 5, 10, 0, 0, 0.01%, 0, 0, 1, 45.12
1734181741, 27, 6, 10, 0, 0, 0.01%, 0, 0, 1, 46.04
1734181746, 27, 7, 10, 0, 0, 0.01%, 0, 0, 1, 46.40
1734181751, 27, 8, 10, 0, 0, 0.01%, 0, 0, 1, 46.02
1734181756, 27, 9, 10, 0, 0, 0.01%, 0, 0, 1, 46.42
1734181761, 28, 0, 10, 0, 0, 0.01%, 0, 0, 1, 45.41
1734181766, 28, 1, 10, 0, 0, 0.01%, 0, 0, 1, 44.79
1734181772, 28, 2, 10, 0, 0, 0.01%, 0, 0, 1, 45.68
1734181777, 28, 3, 10, 0, 0, 0.01%, 0, 0, 1, 45.57
1734181782, 28, 4, 10, 0, 0, 0.01%, 0, 0, 1, 45.97
1734181792, 28, 5, 10, 0, 0, 0.01%, 0, 0, 1, 45.71
1734181797, 28, 6, 10, 0, 0, 0.01%, 0, 0, 1, 45.63
1734181802, 28, 7, 10, 0, 0, 0.01%, 0, 0, 1, 44.69
1734181807, 28, 8, 10, 0, 0, 0.01%, 0, 0, 1, 44.05
1734181812, 28, 9, 10, 0, 0, 0.01%, 0, 0, 1, 43.73
1734181817, 29, 0, 10, 0, 0, 0.01%, 0, 0, 1, 45.24
1734181822, 29, 1, 10, 0, 0, 0.01%, 0, 0, 1, 46.18
1734181827, 29, 2, 10, 0, 0, 0.01%, 0, 0, 1, 47.17
1734181832, 29, 3, 10, 0, 0, 0.01%, 0, 0, 1, 44.76
1734181843, 29, 4, 10, 0, 0, 0.01%, 0, 0, 1, 44.10
1734181848, 29, 5, 10, 0, 0, 0.01%, 0, 0, 1, 47.12
1734181853, 29, 6, 10, 0, 0, 0.01%, 0, 0, 1, 48.01
1734181858, 29, 7, 10, 0, 0, 0.01%, 0, 0, 1, 48.00
1734181863, 29, 8, 10, 0, 0, 0.01%, 0, 0, 1, 47.99
1734181868, 29, 9, 10, 0, 0, 0.01%, 0, 0, 1, 45.54
1734181873, 30, 0, 10, 0, 0, 0.01%, 0, 0, 1, 47.27
1734181878, 30, 1, 10, 0, 0, 0.01%, 0, 0, 1, 45.42
1734181883, 30, 2, 10, 0, 0, 0.01%, 0, 0, 1, 43.17
1734181889, 30, 3, 10, 0, 0, 0.01%, 0, 0, 1, 44.69
1734181899, 30, 4, 10, 0, 0, 0.01%, 0, 0, 1, 45.60
1734181904, 30, 5, 10, 0, 0, 0.01%, 0, 0, 1, 44.56
1734181909, 30, 6, 10, 0, 0, 0.01%, 0, 0, 1, 46.45
1734181914, 30, 7, 10, 0, 0, 0.01%, 0, 0, 1, 47.81
1734181919, 30, 8, 10, 0, 0, 0.01%, 0, 0, 1, 44.36
1734181924, 30, 9, 10, 0, 0, 0.01%, 0, 0, 1, 45.20
1734181929, 31, 0, 10, 0, 0, 0.01%, 0, 0, 1, 44.31
1734181934, 31, 1, 10, 0, 0, 0.01%, 0, 0, 1, 45.75
1734181944, 31, 2, 10, 0, 0, 0.01%, 0, 0, 1, 45.25
1734181949, 31, 3, 10, 0, 0, 0.01%, 0, 0, 1, 46.27
1734181954, 31, 4, 10, 0, 0, 0.01%, 0, 0, 1, 44.09
1734181960, 31, 5, 10, 0, 0, 0.01%, 0, 0, 1, 45.09
1734181965, 31, 6, 10, 0, 0, 0.01%, 0, 0, 1, 44.53
1734181970, 31, 7, 10, 0, 0, 0.01%, 0, 0, 1, 45.28
1734181975, 31, 8, 10, 0, 0, 0.01%, 0, 0, 1, 45.05
1734181980, 31, 9, 10, 0, 0, 0.01%, 0, 0, 1, 43.99
1734181985, 32, 0, 10, 0, 0, 0.01%, 0, 0, 1, 45.61
1734181995, 32, 1, 10, 0, 0, 0.01%, 0, 0, 1, 45.61
1734182000, 32, 2, 10, 0, 0, 0.01%, 0, 0, 1, 45.03
1734182005, 32, 3, 10, 0, 0, 0.01%, 0, 0, 1, 44.79
1734182010, 32, 4, 10, 0, 0, 0.01%, 0, 0, 1, 42.29
1734182015, 32, 5, 10, 0, 0, 0.01%, 0, 0, 1, 44.20
1734182020, 32, 6, 10, 0, 0, 0.01%, 0, 0, 1, 44.96
1734182026, 32, 7, 10, 0, 0, 0.01%, 0, 0, 1, 45.10
1734182031, 32, 8, 10, 0, 0, 0.01%, 0, 0, 1, 45.91
1734182041, 32, 9, 10, 0, 0, 0.01%, 0, 0, 1, 47.26
1734182046, 33, 0, 10, 0, 0, 0.01%, 0, 0, 1, 45.11
1734182051, 33, 1, 10, 0, 0, 0.01%, 0, 0, 1, 46.10
1734182056, 33, 2, 10, 0, 0, 0.01%, 0, 0, 1, 45.15
1734182061, 33, 3, 10, 0, 0, 0.01%, 0, 0, 1, 43.74
1734182066, 33, 4, 10, 0, 0, 0.01%, 0, 0, 1, 44.82
1734182071, 33, 5, 10, 0, 0, 0.01%, 0, 0, 1, 44.93
1734182076, 33, 6, 10, 0, 0, 0.01%, 0, 0, 1, 45.58
1734182081, 33, 7, 10, 0, 0, 0.01%, 0, 0, 1, 46.06
1734182091, 33, 8, 10, 0, 0, 0.01%, 0, 0, 1, 46.45
1734182096, 33, 9, 10, 0, 0, 0.01%, 0, 0, 1, 45.87
1734182102, 34, 0, 10, 0, 0, 0.01%, 0, 0, 1, 46.71
1734182107, 34, 1, 10, 0, 0, 0.01%, 0, 0, 1, 46.75
1734182112, 34, 2, 10, 0, 0, 0.01%, 0, 0, 1, 45.42
1734182117, 34, 3, 10, 0, 0, 0.01%, 0, 0, 1, 43.34
1734182122, 34, 4, 10, 0, 0, 0.01%, 0, 0, 1, 43.93
1734182127, 34, 5, 10, 0, 0, 0.01%, 0, 0, 1, 44.33
1734182132, 34, 6, 10, 0, 0, 0.01%, 0, 0, 1, 45.78
1734182142, 34, 7, 10, 0, 0, 0.01%, 0, 0, 1, 44.43
1734182147, 34, 8, 10, 0, 0, 0.01%, 0, 0, 1, 45.34
1734182152, 34, 9, 10, 0, 0, 0.01%, 0, 0, 1, 46.64
1734182157, 35, 0, 10, 0, 0, 0.01%, 0, 0, 1, 46.76
1734182162, 35, 1, 10, 0, 0, 0.01%, 0, 0, 1, 47.45
1734182167, 35, 2, 10, 0, 0, 0.01%, 0, 0, 1, 47.00
1734182173, 35, 3, 10, 0, 0, 0.01%, 0, 0, 1, 46.74
1734182178, 35, 4, 10, 0, 0, 0.01%, 0, 0, 1, 46.65
1734182183, 35, 5, 10, 0, 0, 0.01%, 0, 0, 1, 44.99
1734182188, 35, 6, 10, 0, 0, 0.01%, 0, 0, 1, 43.99
1734182198, 35, 7, 10, 0, 0, 0.01%, 0, 0, 1, 45.61
1734182203, 35, 8, 10, 0, 0, 0.01%, 0, 0, 1, 46.13
1734182208, 35, 9, 10, 0, 0, 0.01%, 0, 0, 1, 46.93
1734182213, 36, 0, 10, 0, 0, 0.01%, 0, 0, 1, 44.75
1734182218, 36, 1, 10, 0, 0, 0.01%, 0, 0, 1, 43.06
1734182223, 36, 2, 10, 0, 0, 0.01%, 0, 0, 1, 44.81
1734182228, 36, 3, 10, 0, 0, 0.01%, 0, 0, 1, 44.53
1734182233, 36, 4, 10, 0, 0, 0.01%, 0, 0, 1, 45.99
1734182239, 36, 5, 10, 0, 0, 0.01%, 0, 0, 1, 45.31
1734182249, 36, 6, 10, 0, 0, 0.01%, 0, 0, 1, 46.25
1734182254, 36, 7, 10, 0, 0, 0.01%, 0, 0, 1, 45.93
1734182259, 36, 8, 10, 0, 0, 0.01%, 0, 0, 1, 45.70
1734182264, 36, 9, 10, 0, 0, 0.01%, 0, 0, 1, 44.36
1734182269, 37, 0, 10, 0, 0, 0.01%, 0, 0, 1, 46.15
1734182274, 37, 1, 10, 0, 0, 0.01%, 0, 0, 1, 45.61
1734182279, 37, 2, 10, 0, 0, 0.01%, 0, 0, 1, 45.14
1734182284, 37, 3, 10, 0, 0, 0.01%, 0, 0, 1, 46.15
1734182289, 37, 4, 10, 0, 0, 0.01%, 0, 0, 1, 45.53
1734182299, 37, 5, 10, 0, 0, 0.01%, 0, 0, 1, 44.14
1734182305, 37, 6, 10, 0, 0, 0.01%, 0, 0, 1, 45.11
1734182310, 37, 7, 10, 0, 0, 0.01%, 0, 0, 1, 47.04
1734182315, 37, 8, 10, 0, 0, 0.01%, 0, 0, 1, 45.92
1734182320, 37, 9, 10, 0, 0, 0.01%, 0, 0, 1, 45.44
1734182325, 38, 0, 10, 0, 0, 0.01%, 0, 0, 1, 45.16
1734182330, 38, 1, 10, 0, 0, 0.01%, 0, 0, 1, 43.88
1734182335, 38, 2, 10, 0, 0, 0.01%, 0, 0, 1, 45.33
1734182345, 38, 3, 10, 0, 0, 0.01%, 0, 0, 1, 45.38
1734182350, 38, 4, 10, 0, 0, 0.01%, 0, 0, 1, 44.63
1734182355, 38, 5, 10, 0, 0, 0.01%, 0, 0, 1, 46.21
1734182360, 38, 6, 10, 0, 0, 0.01%, 0, 0, 1, 44.52
1734182365, 38, 7, 10, 0, 0, 0.01%, 0, 0, 1, 45.62
1734182371, 38, 8, 10, 0, 0, 0.01%, 0, 0, 1, 44.93
1734182376, 38, 9, 10, 0, 0, 0.01%, 0, 0, 1, 47.81
1734182381, 39, 0, 10, 0, 0, 0.01%, 0, 0, 1, 44.14
1734182386, 39, 1, 10, 0, 0, 0.01%, 0, 0, 1, 43.85
1734182391, 39, 2, 10, 0, 0, 0.01%, 0, 0, 1, 45.79
1734182401, 39, 3, 10, 0, 0, 0.01%, 0, 0, 1, 43.88
1734182406, 39, 4, 10, 0, 0, 0.01%, 0, 0, 1, 45.74
1734182411, 39, 5, 10, 0, 0, 0.01%, 0, 0, 1, 45.43
1734182416, 39, 6, 10, 0, 0, 0.01%, 0, 0, 1, 45.83
1734182421, 39, 7, 10, 0, 0, 0.01%, 0, 0, 1, 44.19
1734182426, 39, 8, 10, 0, 0, 0.01%, 0, 0, 1, 43.57
1734182431, 39, 9, 10, 0, 0, 0.01%, 0, 0, 1, 44.67
1734182436, 40, 0, 10, 0, 0, 0.01%, 0, 0, 1, 45.79
1734182447, 40, 1, 10, 0, 0, 0.01%, 0, 0, 1, 45.78
1734182452, 40, 2, 10, 0, 0, 0.01%, 0, 0, 1, 44.13
1734182457, 40, 3, 10, 0, 0, 0.01%, 0, 0, 1, 46.97
1734182462, 40, 4, 10, 0, 0, 0.01%, 0, 0, 1, 43.76
1734182467, 40, 5, 10, 0, 0, 0.01%, 0, 0, 1, 45.19
1734182472, 40, 6, 10, 0, 0, 0.01%, 0, 0, 1, 45.66
1734182477, 40, 7, 10, 0, 0, 0.01%, 0, 0, 1, 45.89
1734182482, 40, 8, 10, 0, 0, 0.01%, 0, 0, 1, 45.01
1734182492, 40, 9, 10, 0, 0, 0.01%, 0, 0, 1, 45.96
1734182497, 41, 0, 10, 0, 0, 0.01%, 0, 0, 1, 48.13
1734182502, 41, 1, 10, 0, 0, 0.01%, 0, 0, 1, 44.89
1734182508, 41, 2, 10, 0, 0, 0.01%, 0, 0, 1, 44.64
1734182513, 41, 3, 10, 0, 0, 0.01%, 0, 0, 1, 44.89
1734182518, 41, 4, 10, 0, 0, 0.01%, 0, 0, 1, 46.49
1734182523, 41, 5, 10, 0, 0, 0.01%, 0, 0, 1, 46.07
1734182528, 41, 6, 10, 0, 0, 0.01%, 0, 0, 1, 46.80
1734182533, 41, 7, 10, 0, 0, 0.01%, 0, 0, 1, 44.26
1734182538, 41, 8, 10, 0, 0, 0.01%, 0, 0, 1, 45.69
1734182543, 41, 9, 10, 0, 0, 0.01%, 0, 0, 1, 46.44
1734182553, 42, 0, 10, 0, 0, 0.01%, 0, 0, 1, 44.80
1734182558, 42, 1, 10, 0, 0, 0.01%, 0, 0, 1, 44.02
1734182563, 42, 2, 10, 0, 0, 0.01%, 0, 0, 1, 46.36
1734182569, 42, 3, 10, 0, 0, 0.01%, 0, 0, 1, 45.73
1734182574, 42, 4, 10, 0, 0, 0.01%, 0, 0, 1, 43.79
1734182579, 42, 5, 10, 0, 0, 0.01%, 0, 0, 1, 44.21
1734182584, 42, 6, 10, 0, 0, 0.01%, 0, 0, 1, 45.63
1734182589, 42, 7, 10, 0, 0, 0.01%, 0, 0, 1, 44.70
1734182594, 42, 8, 10, 0, 0, 0.01%, 0, 0, 1, 45.79
1734182604, 42, 9, 10, 0, 0, 0.01%, 0, 0, 1, 44.29
1734182609, 43, 0, 10, 0, 0, 0.01%, 0, 0, 1, 46.98
1734182614, 43, 1, 10, 0, 0, 0.01%, 0, 0, 1, 47.09
1734182619, 43, 2, 10, 0, 0, 0.01%, 0, 0, 1, 46.46
1734182624, 43, 3, 10, 0, 0, 0.01%, 0, 0, 1, 47.12
1734182629, 43, 4, 10, 0, 0, 0.01%, 0, 0, 1, 46.50
1734182634, 43, 5, 10, 0, 0, 0.01%, 0, 0, 1, 45.94
1734182639, 43, 6, 10, 0, 0, 0.01%, 0, 0, 1, 44.89
1734182645, 43, 7, 10, 0, 0, 0.01%, 0, 0, 1, 45.79
1734182650, 43, 8, 10, 0, 0, 0.01%, 0, 0, 1, 47.05
1734182660, 43, 9, 10, 0, 0, 0.01%, 0, 0, 1, 45.69
1734182665, 44, 0, 10, 0, 0, 0.01%, 0, 0, 1, 43.42
1734182670, 44, 1, 10, 0, 0, 0.01%, 0, 0, 1, 44.26
1734182675, 44, 2, 10, 0, 0, 0.01%, 0, 0, 1, 45.16
1734182680, 44, 3, 10, 0, 0, 0.01%, 0, 0, 1, 44.02
1734182685, 44, 4, 10, 0, 0, 0.01%, 0, 0, 1, 44.52
1734182690, 44, 5, 10, 0, 0, 0.01%, 0, 0, 1, 45.14
1734182695, 44, 6, 10, 0, 0, 0.01%, 0, 0, 1, 44.96
1734182700, 44, 7, 10, 0, 0, 0.01%, 0, 0, 1, 45.80
1734182711, 44, 8, 10, 0, 0, 0.01%, 0, 0, 1, 44.26
1734182716, 44, 9, 10, 0, 0, 0.01%, 0, 0, 1, 44.63
1734182721, 45, 0, 10, 0, 0, 0.01%, 0, 0, 1, 45.11
1734182726, 45, 1, 10, 0, 0, 0.01%, 0, 0, 1, 45.30
1734182731, 45, 2, 10, 0, 0, 0.01%, 0, 0, 1, 45.56
1734182736, 45, 3, 10, 0, 0, 0.01%, 0, 0, 1, 47.77
1734182741, 45, 4, 10, 0, 0, 0.01%, 0, 0, 1, 47.52
1734182746, 45, 5, 10, 0, 0, 0.01%, 0, 0, 1, 47.44
1734182751, 45, 6, 10, 0, 0, 0.01%, 0, 0, 1, 48.40
1734182756, 45, 7, 10, 0, 0, 0.01%, 0, 0, 1, 44.60
1734182767, 45, 8, 10, 0, 0, 0.01%, 0, 0, 1, 47.27
1734182772, 45, 9, 10, 0, 0, 0.01%, 0, 0, 1, 46.75
1734182777, 46, 0, 10, 0, 0, 0.01%, 0, 0, 1, 44.25
1734182782, 46, 1, 10, 0, 0, 0.01%, 0, 0, 1, 45.42
1734182787, 46, 2, 10, 0, 0, 0.01%, 0, 0, 1, 46.78
1734182792, 46, 3, 10, 0, 0, 0.01%, 0, 0, 1, 45.30
1734182797, 46, 4, 10, 0, 0, 0.01%, 0, 0, 1, 44.44
1734182802, 46, 5, 10, 0, 0, 0.01%, 0, 0, 1, 45.95
1734182807, 46, 6, 10, 0, 0, 0.01%, 0, 0, 1, 45.97
1734182812, 46, 7, 10, 0, 0, 0.01%, 0, 0, 1, 46.34
1734182822, 46, 8, 10, 0, 0, 0.01%, 0, 0, 1, 44.75
1734182827, 46, 9, 10, 0, 0, 0.01%, 0, 0, 1, 45.66
1734182832, 47, 0, 10, 0, 0, 0.01%, 0, 0, 1, 43.54
1734182838, 47, 1, 10, 0, 0, 0.01%, 0, 0, 1, 44.36
1734182843, 47, 2, 10, 0, 0, 0.01%, 0, 0, 1, 45.80
1734182848, 47, 3, 10, 0, 0, 0.01%, 0, 0, 1, 45.43
1734182853, 47, 4, 10, 0, 0, 0.01%, 0, 0, 1, 46.60
1734182858, 47, 5, 10, 0, 0, 0.01%, 0, 0, 1, 45.56
1734182863, 47, 6, 10, 0, 0, 0.01%, 0, 0, 1, 46.05
1734182873, 47, 7, 10, 0, 0, 0.01%, 0, 0, 1, 44.38
1734182878, 47, 8, 10, 0, 0, 0.01%, 0, 0, 1, 46.25
1734182883, 47, 9, 10, 0, 0, 0.01%, 0, 0, 1, 45.09
1734182888, 48, 0, 10, 0, 0, 0.01%, 0, 0, 1, 44.27
1734182893, 48, 1, 10, 0, 0, 0.01%, 0, 0, 1, 44.09
1734182898, 48, 2, 10, 0, 0, 0.01%, 0, 0, 1, 45.31
1734182903, 48, 3, 10, 0, 0, 0.01%, 0, 0, 1, 45.38
1734182908, 48, 4, 10, 0, 0, 0.01%, 0, 0, 1, 45.85
1734182919, 48, 5, 10, 0, 0, 0.01%, 0, 0, 1, 45.60
1734182924, 48, 6, 10, 0, 0, 0.01%, 0, 0, 1, 46.80
1734182929, 48, 7, 10, 0, 0, 0.01%, 0, 0, 1, 46.71
1734182934, 48, 8, 10, 0, 0, 0.01%, 0, 0, 1, 45.65
1734182939, 48, 9, 10, 0, 0, 0.01%, 0, 0, 1, 44.47
1734182944, 49, 0, 10, 0, 0, 0.01%, 0, 0, 1, 45.13
1734182949, 49, 1, 10, 0, 0, 0.01%, 0, 0, 1, 46.52
1734182954, 49, 2, 10, 0, 0, 0.01%, 0, 0, 1, 46.55
1734182959, 49, 3, 10, 0, 0, 0.01%, 0, 0, 1, 44.52
1734182969, 49, 4, 10, 0, 0, 0.01%, 0, 0, 1, 44.15
1734182974, 49, 5, 10, 0, 0, 0.01%, 0, 0, 1, 44.69
1734182979, 49, 6, 10, 0, 0, 0.01%, 0, 0, 1, 42.86
1734182984, 49, 7, 10, 0, 0, 0.01%, 0, 0, 1, 45.88
1734182989, 49, 8, 10, 0, 0, 0.01%, 0, 0, 1, 45.74
1734182994, 49, 9, 10, 0, 0, 0.01%, 0, 0, 1, 45.53
1734183000, 50, 0, 10, 0, 0, 0.01%, 0, 0, 1, 43.83
1734183005, 50, 1, 10, 0, 0, 0.01%, 0, 0, 1, 46.87
1734183015, 50, 2, 10, 0, 0, 0.01%, 0, 0, 1, 44.55
1734183020, 50, 3, 10, 0, 0, 0.01%, 0, 0, 1, 45.47
1734183025, 50, 4, 10, 0, 0, 0.01%, 0, 0, 1, 45.23
1734183030, 50, 5, 10, 0, 0, 0.01%, 0, 0, 1, 44.98
1734183035, 50, 6, 10, 0, 0, 0.01%, 0, 0, 1, 45.14
1734183040, 50, 7, 10, 0, 0, 0.01%, 0, 0, 1, 44.29
1734183045, 50, 8, 10, 0, 0, 0.01%, 0, 0, 1, 45.44
1734183050, 50, 9, 10, 0, 0, 0.01%, 0, 0, 1, 46.24
1734183055, 51, 0, 10, 0, 0, 0.01%, 0, 0, 1, 45.85
1734183065, 51, 1, 10, 0, 0, 0.01%, 0, 0, 1, 43.62
1734183071, 51, 2, 11, 1, 0, 0.14%, 1, 0, 2, 43.51
1734183076, 51, 10, 11, 1, 1, 0.14%, 1, 0, 2, 62.34
1734183157, 56, 10, 11, 0, 0, 0.14%, 1, 0, 2, 48.17
1734183193, 57, 10, 11, 0, 0, 0.14%, 1, 0, 2, 46.41
1734183198, 57, 10, 12, 1, 0, 0.14%, 2, 0, 3, 45.95
1734183244, 57, 11, 12, 1, 1, 0.14%, 2, 0, 3, 48.80
1734183249, 57, 11, 13, 2, 1, 0.14%, 3, 0, 4, 61.58
1734183305, 57, 11, 14, 3, 1, 0.14%, 3, 0, 4, 46.96
1734183381, 57, 12, 14, 2, 2, 0.14%, 3, 0, 4, 63.17
1734183427, 57, 12, 15, 3, 2, 0.14%, 4, 0, 5, 49.46
1734183462, 57, 12, 16, 4, 2, 0.14%, 4, 0, 5, 49.52
1734183544, 57, 14, 16, 3, 2, 0.14%, 4, 0, 5, 57.48
1734183549, 57, 14, 17, 4, 2, 0.14%, 5, 0, 6, 66.78
1734183564, 57, 14, 18, 5, 2, 0.14%, 5, 0, 6, 50.99
1734183594, 57, 14, 19, 6, 2, 0.14%, 5, 0, 6, 50.55
1734183655, 57, 14, 20, 7, 2, 0.14%, 5, 0, 6, 51.20
1734183711, 57, 15, 20, 6, 3, 0.14%, 5, 0, 6, 85.93
1734183787, 57, 16, 20, 5, 2, 0.14%, 5, 0, 6, 70.42
1734183853, 57, 16, 21, 6, 2, 0.14%, 5, 0, 7, 51.43
1734183864, 57, 19, 21, 5, 2, 0.14%, 5, 0, 7, 73.68
1734183945, 57, 20, 21, 4, 1, 0.14%, 5, 0, 7, 66.74
1734183960, 57, 20, 23, 6, 1, 0.14%, 5, 0, 8, 105.66
1734184016, 57, 20, 24, 7, 1, 0.14%, 5, 0, 8, 56.18
1734184026, 57, 20, 25, 8, 1, 0.14%, 5, 0, 8, 55.44
1734184041, 57, 20, 26, 9, 1, 0.14%, 5, 0, 8, 57.83
1734184112, 57, 23, 27, 9, 1, 0.14%, 5, 0, 9, 68.07
1734184235, 58, 18, 27, 6, 0, 0.14%, 5, 0, 9, 59.41
1734184321, 59, 26, 27, 1, 0, 0.14%, 5, 0, 9, 53.48
1734184377, 59, 26, 28, 2, 0, 0.14%, 5, 0, 10, 54.96
1734184397, 59, 26, 30, 4, 0, 0.14%, 5, 0, 10, 52.25
1734184402, 59, 26, 31, 5, 0, 0.14%, 5, 0, 10, 53.40
1734184504, 60, 15, 31, 4, 0, 0.14%, 5, 0, 10, 50.29
1734184539, 60, 24, 31, 4, 0, 0.14%, 5, 0, 10, 79.37
1734184799, 60, 28, 31, 3, 0, 0.14%, 5, 0, 10, 55.41
1734184937, 61, 15, 31, 1, 0, 0.14%, 5, 0, 10, 55.95
1734184977, 61, 15, 32, 2, 0, 0.14%, 5, 0, 10, 54.75
1734184983, 61, 31, 32, 2, 1, 0.14%, 5, 0, 10, 71.91
1734184993, 61, 31, 33, 3, 1, 0.14%, 5, 0, 10, 101.77
1734185033, 61, 31, 34, 4, 1, 0.14%, 5, 0, 10, 55.32
1734185135, 61, 33, 34, 3, 1, 0.14%, 5, 0, 10, 75.54
1734185211, 61, 33, 35, 4, 1, 0.14%, 5, 0, 10, 57.53
1734185302, 62, 34, 35, 2, 0, 0.14%, 5, 0, 10, 59.41
1734185568, 64, 29, 35, 1, 0, 0.14%, 5, 0, 10, 65.05
1734185630, 64, 29, 36, 2, 0, 0.14%, 5, 0, 11, 50.82
1734185670, 64, 29, 37, 3, 0, 0.14%, 5, 0, 11, 58.88
1734185711, 64, 29, 38, 4, 0, 0.14%, 5, 0, 11, 57.82
1734185767, 64, 37, 38, 4, 1, 0.14%, 5, 0, 11, 64.76
1734185772, 64, 37, 39, 5, 1, 0.14%, 5, 0, 12, 93.32
1734185904, 69, 34, 39, 3, 0, 0.14%, 5, 0, 12, 67.79
1734185930, 69, 36, 39, 3, 0, 0.14%, 5, 0, 12, 70.12
1734186042, 70, 27, 39, 2, 0, 0.14%, 5, 0, 12, 67.72
1734186143, 70, 34, 39, 2, 0, 0.14%, 5, 0, 12, 65.81
1734186173, 71, 34, 39, 2, 0, 0.14%, 5, 0, 12, 55.11
1734186209, 71, 38, 39, 1, 0, 0.14%, 5, 0, 12, 69.43
1734186342, 72, 34, 39, 1, 0, 0.14%, 5, 0, 12, 67.57
1734186377, 72, 38, 39, 1, 0, 0.14%, 5, 0, 12, 62.09
1734186382, 72, 38, 40, 2, 0, 0.14%, 5, 0, 13, 67.07
1734186418, 72, 38, 41, 3, 0, 0.14%, 5, 0, 13, 64.24
1734186428, 72, 39, 41, 3, 2, 0.14%, 5, 0, 13, 44.21
1734186869, 72, 40, 41, 2, 1, 0.14%, 5, 0, 13, 49.72
1734186965, 72, 40, 42, 3, 1, 0.14%, 5, 0, 14, 110.28
1734186970, 72, 40, 42, 3, 1, 0.14%, 6, 0, 14, 76.51
1734187271, 76, 25, 42, 1, 0, 0.14%, 6, 0, 14, 66.50
1734187393, 78, 41, 42, 1, 0, 0.14%, 6, 0, 14, 106.10
1734187796, 81, 30, 42, 1, 0, 0.14%, 6, 0, 14, 76.48
1734187995, 81, 41, 42, 0, 0, 0.14%, 6, 0, 14, 67.86
1734188030, 82, 41, 42, 0, 0, 0.14%, 6, 0, 14, 63.75
1734188071, 83, 41, 42, 0, 0, 0.14%, 6, 0, 14, 68.28
1734188107, 84, 41, 42, 0, 0, 0.14%, 6, 0, 14, 66.03
1734188142, 85, 41, 42, 0, 0, 0.14%, 6, 0, 14, 57.02
1734188183, 86, 41, 42, 0, 0, 0.14%, 6, 0, 14, 70.70
1734188218, 87, 41, 42, 0, 0, 0.14%, 6, 0, 14, 71.96
1734188253, 88, 10, 42, 0, 0, 0.14%, 6, 0, 14, 55.27
1734188263, 89, 30, 42, 0, 0, 0.14%, 6, 0, 14, 65.86
1734188289, 90, 30, 42, 0, 0, 0.14%, 6, 0, 14, 56.85
1734188325, 91, 30, 42, 0, 0, 0.14%, 6, 0, 14, 68.13
1734188365, 92, 30, 42, 0, 0, 0.14%, 6, 0, 14, 70.17
1734188401, 93, 30, 42, 0, 0, 0.14%, 6, 0, 14, 65.96
1734188436, 94, 30, 42, 0, 0, 0.14%, 6, 0, 14, 56.39
1734188477, 95, 30, 42, 0, 0, 0.14%, 6, 0, 14, 65.17
1734188517, 96, 30, 42, 0, 0, 0.14%, 6, 0, 14, 69.79
1734188552, 99, 15, 42, 0, 0, 0.14%, 6, 0, 14, 61.57
1734188568, 99, 38, 42, 0, 0, 0.14%, 6, 0, 14, 64.91
1734188603, 106, 10, 42, 0, 0, 0.14%, 6, 0, 14, 63.51
1734188624, 113, 13, 42, 0, 0, 0.14%, 6, 0, 14, 59.69
1734188685, 119, 36, 42, 0, 0, 0.14%, 6, 0, 14, 64.46
1734188715, 120, 26, 42, 0, 0, 0.14%, 6, 0, 14, 60.99
1734188740, 123, 33, 42, 0, 0, 0.14%, 6, 0, 14, 59.81
1734188760, 123, 38, 42, 0, 0, 0.14%, 6, 0, 14, 63.52
1734188801, 124, 15, 42, 0, 0, 0.14%, 6, 0, 14, 59.12
1734188841, 126, 29, 42, 0, 0, 0.14%, 6, 0, 14, 62.55
1734188872, 128, 33, 42, 0, 0, 0.14%, 6, 0, 14, 60.99
1734188907, 129, 36, 42, 0, 0, 0.14%, 6, 0, 14, 64.63
1734188943, 133, 19, 42, 0, 0, 0.14%, 6, 0, 14, 56.25
1734188963, 133, 29, 42, 0, 0, 0.14%, 6, 0, 14, 54.85
1734188999, 134, 15, 42, 0, 0, 0.14%, 6, 0, 14, 65.20
1734189039, 134, 26, 42, 0, 0, 0.14%, 6, 0, 14, 61.54
1734189080, 134, 33, 42, 0, 0, 0.14%, 6, 0, 14, 62.80
1734189121, 136, 26, 42, 0, 0, 0.14%, 6, 0, 14, 55.37
1734189156, 144, 15, 42, 0, 0, 0.14%, 6, 0, 14, 63.73
1734189192, 145, 10, 42, 0, 0, 0.14%, 6, 0, 14, 59.82
1734189223, 145, 19, 42, 0, 0, 0.14%, 6, 0, 14, 62.33
1734189258, 146, 33, 42, 0, 0, 0.14%, 6, 0, 14, 64.51
1734189298, 147, 34, 42, 0, 0, 0.14%, 6, 0, 14, 69.93
1734189334, 151, 19, 42, 0, 0, 0.14%, 6, 0, 14, 54.67
1734189370, 152, 15, 42, 0, 0, 0.14%, 6, 0, 14, 60.26
1734189405, 152, 26, 42, 0, 0, 0.14%, 6, 0, 14, 54.06
1734189446, 153, 15, 42, 0, 0, 0.14%, 6, 0, 14, 58.29
1734189481, 153, 28, 42, 0, 0, 0.14%, 6, 0, 14, 63.41
1734189512, 153, 34, 42, 0, 0, 0.14%, 6, 0, 14, 64.34
1734189552, 154, 19, 42, 0, 0, 0.14%, 6, 0, 14, 56.09
1734189593, 155, 26, 42, 0, 0, 0.14%, 6, 0, 14, 60.51
1734189634, 159, 19, 42, 0, 0, 0.14%, 6, 0, 14, 57.38
1734189669, 160, 10, 42, 0, 0, 0.14%, 6, 0, 14, 57.94
1734189694, 161, 22, 42, 0, 0, 0.14%, 6, 0, 14, 68.69
1734189780, 161, 28, 42, 0, 0, 0.14%, 6, 0, 14, 62.36
1734189821, 163, 13, 42, 0, 0, 0.14%, 6, 0, 14, 61.34
1734189841, 166, 13, 42, 0, 0, 0.14%, 6, 0, 14, 61.51
1734189877, 166, 23, 42, 0, 0, 0.14%, 6, 0, 14, 50.32
1734189907, 168, 15, 42, 0, 0, 0.14%, 6, 0, 14, 60.72
1734189948, 169, 13, 42, 0, 0, 0.14%, 6, 0, 14, 63.42
1734189983, 170, 15, 42, 0, 0, 0.14%, 6, 0, 14, 58.68
1734190024, 171, 33, 42, 0, 0, 0.14%, 6, 0, 14, 64.87
1734190059, 173, 19, 42, 0, 0, 0.14%, 6, 0, 14, 65.41
1734190100, 175, 15, 42, 0, 0, 0.14%, 6, 0, 14, 59.25
1734190135, 175, 19, 42, 0, 0, 0.14%, 6, 0, 14, 67.53
1734190176, 176, 19, 42, 0, 0, 0.14%, 6, 0, 14, 59.50
1734190216, 176, 36, 42, 0, 0, 0.14%, 6, 0, 14, 63.22
1734190257, 178, 10, 42, 0, 0, 0.14%, 6, 0, 14, 50.48
1734190292, 180, 10, 42, 0, 0, 0.14%, 6, 0, 14, 53.72
1734190333, 182, 22, 42, 0, 0, 0.14%, 6, 0, 14, 60.07
1734190373, 183, 11, 42, 0, 0, 0.14%, 6, 0, 14, 52.71
1734190383, 183, 23, 42, 0, 0, 0.14%, 6, 0, 14, 59.35
1734190419, 184, 33, 42, 0, 0, 0.14%, 6, 0, 14, 62.29
1734190454, 184, 36, 42, 0, 0, 0.14%, 6, 0, 14, 55.57
1734190495, 185, 10, 42, 0, 0, 0.14%, 6, 0, 14, 53.41
1734190535, 185, 13, 42, 0, 0, 0.14%, 6, 0, 14, 57.69
1734190571, 185, 22, 42, 0, 0, 0.14%, 6, 0, 14, 61.94
1734190611, 185, 35, 42, 0, 0, 0.14%, 6, 0, 14, 69.44
1734190733, 188, 21, 42, 0, 0, 0.14%, 6, 0, 14, 66.91
1734190824, 188, 37, 42, 0, 0, 0.14%, 6, 0, 14, 67.55
1734190850, 190, 28, 42, 0, 0, 0.14%, 6, 0, 14, 56.07
1734190890, 190, 33, 42, 0, 0, 0.14%, 6, 0, 14, 55.09
1734190936, 191, 40, 42, 0, 0, 0.14%, 6, 0, 14, 68.82
1734190961, 192, 29, 42, 0, 0, 0.14%, 6, 0, 14, 57.04
1734191002, 193, 24, 42, 0, 0, 0.14%, 6, 0, 14, 69.04
1734191027, 193, 37, 42, 0, 0, 0.14%, 6, 0, 14, 59.30
1734191068, 195, 19, 42, 0, 0, 0.14%, 6, 0, 14, 58.12
1734191108, 195, 23, 42, 0, 0, 0.14%, 6, 0, 14, 61.12
1734191144, 196, 18, 42, 0, 0, 0.14%, 6, 0, 14, 59.46
1734191164, 197, 21, 42, 0, 0, 0.14%, 6, 0, 14, 60.43
1734191189, 197, 24, 42, 0, 0, 0.14%, 6, 0, 14, 62.69
1734191229, 197, 36, 42, 0, 0, 0.14%, 6, 0, 14, 61.99
1734191270, 198, 17, 42, 0, 0, 0.14%, 6, 0, 14, 68.76
1734191331, 198, 29, 42, 0, 0, 0.14%, 6, 0, 14, 60.34
1734191371, 200, 22, 42, 0, 0, 0.14%, 6, 0, 14, 58.18
1734191411, 200, 40, 42, 0, 0, 0.14%, 6, 0, 14, 68.27
1734191447, 201, 18, 42, 0, 0, 0.14%, 6, 0, 14, 58.45
1734191488, 203, 25, 42, 0, 0, 0.14%, 6, 0, 14, 62.57
1734191518, 203, 29, 42, 0, 0, 0.14%, 6, 0, 14, 58.08
1734191553, 206, 19, 42, 0, 0, 0.14%, 6, 0, 14, 58.11
1734191589, 209, 29, 42, 0, 0, 0.14%, 6, 0, 14, 61.09
1734191629, 210, 21, 42, 0, 0, 0.14%, 6, 0, 14, 55.00
1734191670, 210, 22, 42, 0, 0, 0.14%, 6, 0, 14, 57.56
1734191705, 210, 26, 42, 0, 0, 0.14%, 6, 0, 14, 62.66
1734191741, 212, 34, 42, 0, 0, 0.14%, 6, 0, 14, 70.83
1734191776, 212, 37, 42, 0, 0, 0.14%, 6, 0, 14, 65.70
1734191812, 213, 13, 42, 0, 0, 0.14%, 6, 0, 14, 62.07
1734191852, 218, 28, 42, 0, 0, 0.14%, 6, 0, 14, 59.47
1734191893, 219, 37, 42, 0, 0, 0.14%, 6, 0, 14, 63.54
1734191928, 222, 27, 42, 0, 0, 0.14%, 6, 0, 14, 63.58
1734191959, 223, 21, 42, 0, 0, 0.14%, 6, 0, 14, 56.96
1734191994, 223, 38, 42, 0, 0, 0.14%, 6, 0, 14, 61.83
1734192035, 224, 11, 42, 0, 0, 0.14%, 6, 0, 14, 54.42
1734192040, 224, 18, 42, 0, 0, 0.14%, 6, 0, 14, 59.64
1734192080, 224, 33, 42, 0, 0, 0.14%, 6, 0, 14, 61.76
1734192121, 226, 22, 42, 0, 0, 0.14%, 6, 0, 14, 62.15
1734192156, 228, 26, 42, 0, 0, 0.14%, 6, 0, 14, 63.88
1734192197, 229, 23, 42, 0, 0, 0.14%, 6, 0, 14, 62.16
1734192232, 231, 24, 42, 0, 0, 0.14%, 6, 0, 14, 64.83
1734192268, 233, 36, 42, 0, 0, 0.14%, 6, 0, 14, 63.89
1734192309, 235, 38, 42, 0, 0, 0.14%, 6, 0, 14, 62.83
1734192344, 236, 25, 42, 0, 0, 0.14%, 6, 0, 14, 56.80
1734192385, 237, 27, 42, 0, 0, 0.14%, 6, 0, 14, 59.63
1734192425, 238, 17, 42, 0, 0, 0.14%, 6, 0, 14, 53.67
1734192445, 238, 21, 42, 0, 0, 0.14%, 6, 0, 14, 57.88
1734192486, 240, 13, 42, 0, 0, 0.14%, 6, 0, 14, 61.36
1734192526, 243, 11, 42, 0, 0, 0.14%, 6, 0, 14, 54.45
1734192552, 244, 11, 42, 0, 0, 0.14%, 6, 0, 14, 57.97
1734192592, 244, 38, 42, 0, 0, 0.14%, 6, 0, 14, 65.42
1734192628, 246, 39, 42, 0, 0, 0.14%, 6, 0, 14, 62.52
1734192653, 247, 33, 42, 0, 0, 0.14%, 6, 0, 14, 61.46
1734192694, 253, 17, 42, 0, 0, 0.14%, 6, 0, 14, 52.88
1734192714, 254, 22, 42, 0, 0, 0.14%, 6, 0, 14, 60.31
1734192755, 255, 14, 42, 0, 0, 0.14%, 6, 0, 14, 57.45
1734192770, 256, 23, 42, 0, 0, 0.14%, 6, 0, 14, 63.48
1734192811, 256, 27, 42, 0, 0, 0.14%, 6, 0, 14, 62.02
1734192846, 256, 28, 42, 0, 0, 0.14%, 6, 0, 14, 61.60
1734192882, 257, 27, 42, 0, 0, 0.14%, 6, 0, 14, 58.24
1734192923, 257, 28, 42, 0, 0, 0.14%, 6, 0, 14, 55.81
1734192963, 258, 26, 42, 0, 0, 0.14%, 6, 0, 14, 58.85
1734193004, 260, 32, 42, 0, 0, 0.14%, 6, 0, 14, 79.40
1734193080, 260, 36, 42, 0, 0, 0.14%, 6, 0, 14, 58.20
1734193121, 261, 14, 42, 0, 0, 0.14%, 6, 0, 14, 59.58
1734193156, 261, 24, 42, 0, 0, 0.14%, 6, 0, 14, 61.68
1734193192, 261, 28, 42, 0, 0, 0.14%, 6, 0, 14, 59.74
1734193233, 264, 27, 42, 0, 0, 0.14%, 6, 0, 14, 60.22
1734193273, 266, 21, 42, 0, 0, 0.14%, 6, 0, 14, 61.02
1734193309, 268, 25, 42, 0, 0, 0.14%, 6, 0, 14, 65.26
1734193344, 270, 14, 42, 0, 0, 0.14%, 6, 0, 14, 61.01
1734193385, 271, 36, 42, 0, 0, 0.14%, 6, 0, 14, 69.06
1734193421, 273, 13, 42, 0, 0, 0.14%, 6, 0, 14, 60.13
1734193461, 276, 13, 42, 0, 0, 0.14%, 6, 0, 14, 59.84
1734193497, 276, 34, 42, 0, 0, 0.14%, 6, 0, 14, 66.46
1734193537, 277, 12, 42, 0, 0, 0.14%, 6, 0, 14, 57.46
1734193558, 278, 13, 42, 0, 0, 0.14%, 6, 0, 14, 59.32
1734193593, 279, 27, 42, 0, 0, 0.14%, 6, 0, 14, 61.11
1734193634, 280, 14, 42, 0, 0, 0.14%, 6, 0, 14, 59.00
1734193669, 280, 38, 42, 0, 0, 0.14%, 6, 0, 14, 66.72
1734193705, 281, 12, 42, 0, 0, 0.14%, 6, 0, 14, 59.86
1734193740, 281, 27, 42, 0, 0, 0.14%, 6, 0, 14, 64.36
1734193781, 283, 32, 42, 0, 0, 0.14%, 6, 0, 14, 65.16
1734193801, 284, 21, 42, 0, 0, 0.14%, 6, 0, 14, 58.30
1734193832, 284, 25, 42, 0, 0, 0.14%, 6, 0, 14, 64.62
1734193867, 284, 36, 42, 0, 0, 0.14%, 6, 0, 14, 66.56
1734193908, 286, 24, 42, 0, 0, 0.14%, 6, 0, 14, 67.43
1734193943, 290, 18, 42, 0, 0, 0.14%, 6, 0, 14, 63.62
1734193984, 290, 23, 42, 0, 0, 0.14%, 6, 0, 14, 62.36
1734194024, 290, 34, 42, 0, 0, 0.14%, 6, 0, 14, 67.11
1734194060, 292, 17, 42, 0, 0, 0.14%, 6, 0, 14, 57.83
1734194100, 292, 37, 42, 0, 0, 0.14%, 6, 0, 14, 68.29
1734194136, 293, 25, 42, 0, 0, 0.14%, 6, 0, 14, 57.81
1734194176, 294, 25, 42, 0, 0, 0.14%, 6, 0, 14, 61.63
1734194211, 297, 17, 42, 0, 0, 0.14%, 6, 0, 14, 56.41
1734194252, 297, 39, 42, 0, 0, 0.14%, 6, 0, 14, 62.97
1734194292, 298, 24, 42, 0, 0, 0.14%, 6, 0, 14, 67.86
1734194328, 298, 39, 42, 0, 0, 0.14%, 6, 0, 14, 70.79
1734194363, 299, 18, 42, 0, 0, 0.14%, 6, 0, 14, 64.24
1734194399, 302, 37, 42, 0, 0, 0.14%, 6, 0, 14, 60.69
1734194434, 303, 25, 42, 0, 0, 0.14%, 6, 0, 14, 62.61
1734194475, 304, 12, 42, 0, 0, 0.14%, 6, 0, 14, 55.45
1734194505, 304, 40, 42, 0, 0, 0.14%, 6, 0, 14, 73.50
1734194541, 305, 40, 42, 0, 0, 0.14%, 6, 0, 14, 69.44
1734194576, 307, 18, 42, 0, 0, 0.14%, 6, 0, 14, 64.74
1734194612, 309, 20, 42, 0, 0, 0.14%, 6, 0, 14, 63.11
1734194632, 310, 40, 42, 0, 0, 0.14%, 6, 0, 14, 68.51
1734194668, 313, 11, 42, 0, 0, 0.14%, 6, 0, 14, 61.64
1734194698, 314, 20, 42, 0, 0, 0.14%, 6, 0, 14, 67.27
1734194739, 315, 16, 42, 0, 0, 0.14%, 6, 0, 14, 60.67
1734194754, 315, 32, 42, 0, 0, 0.14%, 6, 0, 14, 60.45
1734194795, 321, 18, 42, 0, 0, 0.14%, 6, 0, 14, 58.23
1734194835, 321, 24, 42, 0, 0, 0.14%, 6, 0, 14, 69.90
1734194865, 322, 37, 42, 0, 0, 0.14%, 6, 0, 14, 64.65
1734194901, 323, 20, 42, 0, 0, 0.14%, 6, 0, 14, 64.56
1734194936, 324, 18, 42, 0, 0, 0.14%, 6, 0, 14, 54.70
1734194977, 324, 38, 42, 0, 0, 0.14%, 6, 0, 14, 66.14
1734195012, 326, 31, 42, 0, 0, 0.14%, 6, 0, 14, 63.37
1734195033, 327, 20, 42, 0, 0, 0.14%, 6, 0, 14, 59.49
1734195068, 327, 32, 42, 0, 0, 0.14%, 6, 0, 14, 58.05
1734195108, 328, 16, 42, 0, 0, 0.14%, 6, 0, 14, 58.52
1734195139, 330, 14, 42, 0, 0, 0.14%, 6, 0, 14, 54.31
1734195174, 330, 32, 42, 0, 0, 0.14%, 6, 0, 14, 67.53
1734195210, 334, 13, 42, 0, 0, 0.14%, 6, 0, 14, 62.88
1734195251, 334, 21, 42, 0, 0, 0.14%, 6, 0, 14, 60.38
1734195287, 334, 39, 42, 0, 0, 0.14%, 6, 0, 14, 73.33
1734195322, 335, 16, 42, 0, 0, 0.14%, 6, 0, 14, 61.32
1734195362, 336, 12, 42, 0, 0, 0.14%, 6, 0, 14, 61.77
1734195398, 337, 14, 42, 0, 0, 0.14%, 6, 0, 14, 59.37
1734195434, 337, 40, 42, 0, 0, 0.14%, 6, 0, 14, 65.05
1734195469, 340, 13, 42, 0, 0, 0.14%, 6, 0, 14, 61.10
1734195510, 341, 17, 42, 0, 0, 0.14%, 6, 0, 14, 56.95
1734195545, 342, 35, 42, 0, 0, 0.14%, 6, 0, 14, 58.31
1734195576, 343, 31, 42, 0, 0, 0.14%, 6, 0, 14, 70.70
1734195612, 344, 17, 42, 0, 0, 0.14%, 6, 0, 14, 57.62
1734195653, 344, 18, 42, 0, 0, 0.14%, 6, 0, 14, 59.06
1734195693, 344, 31, 42, 0, 0, 0.14%, 6, 0, 14, 66.03
1734195729, 345, 27, 42, 0, 0, 0.14%, 6, 0, 14, 60.25
1734195764, 346, 12, 42, 0, 0, 0.14%, 6, 0, 14, 64.00
1734195805, 346, 21, 42, 0, 0, 0.14%, 6, 0, 14, 60.78
1734195840, 346, 32, 42, 0, 0, 0.14%, 6, 0, 14, 63.18
1734195876, 349, 16, 42, 0, 0, 0.14%, 6, 0, 14, 59.89
1734195911, 353, 14, 42, 0, 0, 0.14%, 6, 0, 14, 59.50
1734195952, 353, 16, 42, 0, 0, 0.14%, 6, 0, 14, 60.43
1734195987, 354, 39, 42, 0, 0, 0.14%, 6, 0, 14, 74.33
1734196023, 355, 40, 42, 0, 0, 0.14%, 6, 0, 14, 66.35
1734196059, 357, 12, 42, 0, 0, 0.14%, 6, 0, 14, 61.26
1734196094, 357, 35, 42, 0, 0, 0.14%, 6, 0, 14, 62.88
1734196130, 358, 18, 42, 0, 0, 0.14%, 6, 0, 14, 59.16
1734196165, 361, 37, 42, 0, 0, 0.14%, 6, 0, 14, 66.51
1734196201, 363, 12, 42, 0, 0, 0.14%, 6, 0, 14, 61.96
1734196241, 365, 31, 42, 0, 0, 0.14%, 6, 0, 14, 56.80
1734196282, 365, 32, 42, 0, 0, 0.14%, 6, 0, 14, 62.04
1734196318, 366, 31, 42, 0, 0, 0.14%, 6, 0, 14, 61.40
1734196353, 366, 37, 42, 0, 0, 0.14%, 6, 0, 14, 64.82
1734196389, 367, 35, 42, 0, 0, 0.14%, 6, 0, 14, 60.02
1734196429, 369, 35, 42, 0, 0, 0.14%, 6, 0, 14, 63.33
1734196465, 374, 14, 42, 0, 0, 0.14%, 6, 0, 14, 59.74
1734196500, 375, 35, 42, 0, 0, 0.14%, 6, 0, 14, 56.99
1734196541, 380, 31, 42, 0, 0, 0.14%, 6, 0, 14, 60.20
1734196576, 381, 11, 42, 0, 0, 0.14%, 6, 0, 14, 57.15
1734196612, 382, 11, 42, 0, 0, 0.14%, 6, 0, 14, 59.83
1734196647, 384, 11, 42, 0, 0, 0.14%, 6, 0, 14, 63.34
1734196683, 388, 23, 42, 0, 0, 0.14%, 6, 0, 14, 59.27
1734196718, 390, 14, 42, 0, 0, 0.14%, 6, 0, 14, 62.25
1734196759, 395, 11, 42, 0, 0, 0.14%, 6, 0, 14, 61.41
1734196794, 397, 23, 42, 0, 0, 0.14%, 6, 0, 14, 67.40
1734196830, 399, 17, 42, 0, 0, 0.14%, 6, 0, 14, 65.53
1734196870, 400, 23, 42, 0, 0, 0.14%, 6, 0, 14, 58.26
1734196911, 404, 31, 42, 0, 0, 0.14%, 6, 0, 14, 65.81
1734196946, 405, 16, 42, 0, 0, 0.14%, 6, 0, 14, 58.22
1734196987, 408, 16, 42, 0, 0, 0.14%, 6, 0, 14, 54.57
1734197018, 408, 17, 42, 0, 0, 0.14%, 6, 0, 14, 55.82
1734197058, 410, 35, 42, 0, 0, 0.14%, 6, 0, 14, 64.15
1734197099, 12577, 0, 42, 0, 0, 0.14%, 6, 0, 14, 0.00
1734197104, 28061, 0, 42, 0, 0, 0.14%, 6, 0, 14, 0.00
1734197109, 43496, 0, 42, 0, 0, 0.14%, 6, 0, 14, 0.00
1734197114, 58919, 0, 42, 0, 0, 0.14%, 6, 0, 14, 0.00
1734197119, 74301, 0, 42, 0, 0, 0.14%, 6, 0, 14, 0.00
1734197125, 89770, 0, 42, 0, 0, 0.14%, 6, 0, 14, 0.00
1734197130, 105188, 0, 42, 0, 0, 0.14%, 6, 0, 14, 0.00
1734197135, 120589, 0, 42, 0, 0, 0.14%, 6, 0, 14, 0.00
1734197140, 136003, 0, 42, 0, 0, 0.14%, 6, 0, 14, 0.00
1734197145, 151409, 0, 42, 0, 0, 0.14%, 6, 0, 14, 0.00
1734197151, 166904, 0, 42, 0, 0, 0.14%, 6, 0, 14, 0.00
1734197156, 182271, 0, 42, 0, 0, 0.14%, 6, 0, 14, 0.00
1734197161, 197591, 0, 42, 0, 0, 0.14%, 6, 0, 14, 0.00
1734197166, 212993, 0, 42, 0, 0, 0.14%, 6, 0, 14, 0.00
1734197171, 228414, 0, 42, 0, 0, 0.14%, 6, 0, 14, 0.00
1734197177, 243833, 0, 42, 0, 0, 0.14%, 6, 0, 14, 0.00
1734197182, 259289, 0, 42, 0, 0, 0.14%, 6, 0, 14, 0.00
1734197187, 274690, 0, 42, 0, 0, 0.14%, 6, 0, 14, 0.00
1734197192, 290076, 0, 42, 0, 0, 0.14%, 6, 0, 14, 0.00
1734197197, 305539, 0, 42, 0, 0, 0.14%, 6, 0, 14, 0.00
1734197203, 321014, 0, 42, 0, 0, 0.14%, 6, 0, 14, 0.00
1734197208, 336457, 0, 42, 0, 0, 0.14%, 6, 0, 14, 0.00
1734197213, 351888, 0, 42, 0, 0, 0.14%, 6, 0, 14, 0.00
1734197218, 367373, 0, 42, 0, 0, 0.14%, 6, 0, 14, 0.00
1734197223, 382829, 0, 42, 0, 0, 0.14%, 6, 0, 14, 0.00
1734197229, 398288, 0, 42, 0, 0, 0.14%, 6, 0, 14, 0.00
1734197234, 413762, 0, 42, 0, 0, 0.14%, 6, 0, 14, 0.00
1734197239, 429151, 0, 42, 0, 0, 0.14%, 6, 0, 14, 0.00
1734197244, 444547, 0, 42, 0, 0, 0.14%, 6, 0, 14, 0.00
1734197249, 459973, 0, 42, 0, 0, 0.14%, 6, 0, 14, 0.00
1734197255, 475384, 0, 42, 0, 0, 0.14%, 6, 0, 14, 0.00
1734197260, 490771, 0, 42, 0, 0, 0.14%, 6, 0, 14, 0.00
1734197265, 506225, 0, 42, 0, 0, 0.14%, 6, 0, 14, 0.00
1734197270, 521647, 0, 42, 0, 0, 0.14%, 6, 0, 14, 0.00
1734197275, 537007, 0, 42, 0, 0, 0.14%, 6, 0, 14, 0.00
1734197281, 552458, 0, 42, 0, 0, 0.14%, 6, 0, 14, 0.00
1734197286, 567937, 0, 42, 0, 0, 0.14%, 6, 0, 14, 0.00
1734197291, 583359, 0, 42, 0, 0, 0.14%, 6, 0, 14, 0.00
1734197296, 598754, 0, 42, 0, 0, 0.14%, 6, 0, 14, 0.00
1734197301, 614160, 0, 42, 0, 0, 0.14%, 6, 0, 14, 0.00
1734197307, 629659, 0, 42, 0, 0, 0.14%, 6, 0, 14, 0.00
1734197312, 645138, 0, 42, 0, 0, 0.14%, 6, 0, 14, 0.00
1734197317, 660602, 0, 42, 0, 0, 0.14%, 6, 0, 14, 0.00
1734197322, 676048, 0, 42, 0, 0, 0.14%, 6, 0, 14, 0.00
1734197327, 691511, 0, 42, 0, 0, 0.14%, 6, 0, 14, 0.00
1734197333, 706914, 0, 42, 0, 0, 0.14%, 6, 0, 14, 0.00
1734197338, 722302, 0, 42, 0, 0, 0.14%, 6, 0, 14, 0.00
1734197343, 737741, 0, 42, 0, 0, 0.14%, 6, 0, 14, 0.00
1734197348, 753154, 0, 42, 0, 0, 0.14%, 6, 0, 14, 0.00
1734197353, 768513, 0, 42, 0, 0, 0.14%, 6, 0, 14, 0.00
1734197359, 783879, 0, 42, 0, 0, 0.14%, 6, 0, 14, 0.00
1734197364, 799273, 0, 42, 0, 0, 0.14%, 6, 0, 14, 0.00
1734197369, 814774, 0, 42, 0, 0, 0.14%, 6, 0, 14, 0.00
1734197374, 830182, 0, 42, 0, 0, 0.14%, 6, 0, 14, 0.00
1734197379, 845630, 0, 42, 0, 0, 0.14%, 6, 0, 14, 0.00
1734197385, 861014, 0, 42, 0, 0, 0.14%, 6, 0, 14, 0.00
1734197390, 876524, 0, 42, 0, 0, 0.14%, 6, 0, 14, 0.00
1734197395, 891926, 0, 42, 0, 0, 0.14%, 6, 0, 14, 0.00
1734197400, 907349, 0, 42, 0, 0, 0.14%, 6, 0, 14, 0.00
1734197405, 922840, 0, 42, 0, 0, 0.14%, 6, 0, 14, 0.00
1734197411, 938241, 0, 42, 0, 0, 0.14%, 6, 0, 14, 0.00
1734197416, 953653, 0, 42, 0, 0, 0.14%, 6, 0, 14, 0.00
1734197421, 969012, 0, 42, 0, 0, 0.14%, 6, 0, 14, 0.00
1734197426, 984501, 0, 42, 0, 0, 0.14%, 6, 0, 14, 0.00
1734197431, 999889, 0, 42, 0, 0, 0.14%, 6, 0, 14, 0.00
1734197437, 1015284, 0, 42, 0, 0, 0.14%, 6, 0, 14, 0.00
1734197442, 1030696, 0, 42, 0, 0, 0.14%, 6, 0, 14, 0.00
1734197447, 1046149, 0, 42, 0, 0, 0.14%, 6, 0, 14, 0.00
1734197452, 1061510, 0, 42, 0, 0, 0.14%, 6, 0, 14, 0.00
1734197457, 1076932, 0, 42, 0, 0, 0.14%, 6, 0, 14, 0.00
1734197463, 1092385, 0, 42, 0, 0, 0.14%, 6, 0, 14, 0.00
1734197468, 1107808, 0, 42, 0, 0, 0.14%, 6, 0, 14, 0.00
1734197473, 1123256, 0, 42, 0, 0, 0.14%, 6, 0, 14, 0.00
1734197478, 1138662, 0, 42, 0, 0, 0.14%, 6, 0, 14, 0.00
1734197483, 1154034, 0, 42, 0, 0, 0.14%, 6, 0, 14, 0.00
1734197489, 1169468, 0, 42, 0, 0, 0.14%, 6, 0, 14, 0.00
1734197494, 1184897, 0, 42, 0, 0, 0.14%, 6, 0, 14, 0.00
1734197499, 1200259, 0, 42, 0, 0, 0.14%, 6, 0, 14, 0.00
1734197504, 1215681, 0, 42, 0, 0, 0.14%, 6, 0, 14, 0.00
1734197509, 1231070, 0, 42, 0, 0, 0.14%, 6, 0, 14, 0.00
1734197515, 1246515, 0, 42, 0, 0, 0.14%, 6, 0, 14, 0.00
1734197520, 1261924, 0, 42, 0, 0, 0.14%, 6, 0, 14, 0.00
1734197525, 1277365, 0, 42, 0, 0, 0.14%, 6, 0, 14, 0.00
1734197530, 1292827, 0, 42, 0, 0, 0.14%, 6, 0, 14, 0.00
1734197535, 1308267, 0, 42, 0, 0, 0.14%, 6, 0, 14, 0.00
1734197541, 1323747, 0, 42, 0, 0, 0.14%, 6, 0, 14, 0.00
1734197546, 1339191, 0, 42, 0, 0, 0.14%, 6, 0, 14, 0.00
1734197551, 1354607, 0, 42, 0, 0, 0.14%, 6, 0, 14, 0.00
1734197556, 1370012, 0, 42, 0, 0, 0.14%, 6, 0, 14, 0.00
1734197561, 1385416, 0, 42, 0, 0, 0.14%, 6, 0, 14, 0.00
1734197567, 1400824, 0, 42, 0, 0, 0.14%, 6, 0, 14, 0.00
1734197572, 1416289, 0, 42, 0, 0, 0.14%, 6, 0, 14, 0.00
1734197577, 1431653, 0, 42, 0, 0, 0.14%, 6, 0, 14, 0.00
1734197582, 1447009, 0, 42, 0, 0, 0.14%, 6, 0, 14, 0.00
1734197587, 1462409, 0, 42, 0, 0, 0.14%, 6, 0, 14, 0.00
1734197593, 1477741, 0, 42, 0, 0, 0.14%, 6, 0, 14, 0.00
1734197598, 1493153, 0, 42, 0, 0, 0.14%, 6, 0, 14, 0.00
1734197603, 1508603, 0, 42, 0, 0, 0.14%, 6, 0, 14, 0.00
1734197608, 1524007, 0, 42, 0, 0, 0.14%, 6, 0, 14, 0.00
1734197613, 1539483, 0, 42, 0, 0, 0.14%, 6, 0, 14, 0.00
1734197619, 1554804, 0, 42, 0, 0, 0.14%, 6, 0, 14, 0.00
1734197624, 1570203, 0, 42, 0, 0, 0.14%, 6, 0, 14, 0.00
1734197629, 1585720, 0, 42, 0, 0, 0.14%, 6, 0, 14, 0.00
1734197634, 1601134, 0, 42, 0, 0, 0.14%, 6, 0, 14, 0.00
1734197639, 1616609, 0, 42, 0, 0, 0.14%, 6, 0, 14, 0.00
1734197645, 1631958, 0, 42, 0, 0, 0.14%, 6, 0, 14, 0.00
1734197650, 1647298, 0, 42, 0, 0, 0.14%, 6, 0, 14, 0.00
1734197655, 1662731, 0, 42, 0, 0, 0.14%, 6, 0, 14, 0.00
1734197660, 1678190, 0, 42, 0, 0, 0.14%, 6, 0, 14, 0.00
1734197665, 1693601, 0, 42, 0, 0, 0.14%, 6, 0, 14, 0.00
1734197671, 1708988, 0, 42, 0, 0, 0.14%, 6, 0, 14, 0.00
1734197676, 1724366, 0, 42, 0, 0, 0.14%, 6, 0, 14, 0.00
1734197681, 1739706, 0, 42, 0, 0, 0.14%, 6, 0, 14, 0.00
1734197686, 1755058, 0, 42, 0, 0, 0.14%, 6, 0, 14, 0.00
1734197691, 1770499, 0, 42, 0, 0, 0.14%, 6, 0, 14, 0.00
1734197697, 1785931, 0, 42, 0, 0, 0.14%, 6, 0, 14, 0.00
1734197702, 1801312, 0, 42, 0, 0, 0.14%, 6, 0, 14, 0.00
1734197707, 1816737, 0, 42, 0, 0, 0.14%, 6, 0, 14, 0.00
1734197712, 1832152, 0, 42, 0, 0, 0.14%, 6, 0, 14, 0.00
1734197717, 1847520, 0, 42, 0, 0, 0.14%, 6, 0, 14, 0.00
1734197723, 1862983, 0, 42, 0, 0, 0.14%, 6, 0, 14, 0.00
1734197728, 1878320, 0, 42, 0, 0, 0.14%, 6, 0, 14, 0.00
1734197733, 1893683, 0, 42, 0, 0, 0.14%, 6, 0, 14, 0.00
1734197738, 1909099, 0, 42, 0, 0, 0.14%, 6, 0, 14, 0.00
1734197743, 1924507, 0, 42, 0, 0, 0.14%, 6, 0, 14, 0.00
1734197749, 1940008, 0, 42, 0, 0, 0.14%, 6, 0, 14, 0.00
1734197754, 1955534, 0, 42, 0, 0, 0.14%, 6, 0, 14, 0.00
1734197759, 1970972, 0, 42, 0, 0, 0.14%, 6, 0, 14, 0.00
1734197764, 1986364, 0, 42, 0, 0, 0.14%, 6, 0, 14, 0.00
1734197769, 2001827, 0, 42, 0, 0, 0.14%, 6, 0, 14, 0.00
1734197775, 2017271, 0, 42, 0, 0, 0.14%, 6, 0, 14, 0.00
1734197780, 2032674, 0, 42, 0, 0, 0.14%, 6, 0, 14, 0.00
1734197785, 2048091, 0, 42, 0, 0, 0.14%, 6, 0, 14, 0.00
1734197790, 2063540, 0, 42, 0, 0, 0.14%, 6, 0, 14, 0.00
1734197795, 2078918, 0, 42, 0, 0, 0.14%, 6, 0, 14, 0.00
1734197801, 2094355, 0, 42, 0, 0, 0.14%, 6, 0, 14, 0.00
1734197806, 2109775, 0, 42, 0, 0, 0.14%, 6, 0, 14, 0.00
1734197811, 2125214, 0, 42, 0, 0, 0.14%, 6, 0, 14, 0.00
1734197816, 2140697, 0, 42, 0, 0, 0.14%, 6, 0, 14, 0.00
1734197821, 2156107, 0, 42, 0, 0, 0.14%, 6, 0, 14, 0.00
1734197827, 2171502, 0, 42, 0, 0, 0.14%, 6, 0, 14, 0.00
1734197832, 2186955, 0, 42, 0, 0, 0.14%, 6, 0, 14, 0.00
1734197837, 2202404, 0, 42, 0, 0, 0.14%, 6, 0, 14, 0.00
1734197842, 2217825, 0, 42, 0, 0, 0.14%, 6, 0, 14, 0.00
1734197847, 2233210, 0, 42, 0, 0, 0.14%, 6, 0, 14, 0.00
1734197853, 2248598, 0, 42, 0, 0, 0.14%, 6, 0, 14, 0.00
1734197858, 2264014, 0, 42, 0, 0, 0.14%, 6, 0, 14, 0.00
1734197863, 2279512, 0, 42, 0, 0, 0.14%, 6, 0, 14, 0.00
1734197868, 2294923, 0, 42, 0, 0, 0.14%, 6, 0, 14, 0.00
1734197873, 2310334, 0, 42, 0, 0, 0.14%, 6, 0, 14, 0.00
1734197879, 2325749, 0, 42, 0, 0, 0.14%, 6, 0, 14, 0.00
1734197884, 2341163, 0, 42, 0, 0, 0.14%, 6, 0, 14, 0.00
1734197889, 2356559, 0, 42, 0, 0, 0.14%, 6, 0, 14, 0.00
1734197894, 2371970, 0, 42, 0, 0, 0.14%, 6, 0, 14, 0.00
1734197899, 2387382, 0, 42, 0, 0, 0.14%, 6, 0, 14, 0.00
1734197905, 2402724, 0, 42, 0, 0, 0.14%, 6, 0, 14, 0.00
1734197910, 2418153, 0, 42, 0, 0, 0.14%, 6, 0, 14, 0.00
1734197915, 2433536, 0, 42, 0, 0, 0.14%, 6, 0, 14, 0.00
1734197920, 2448977, 0, 42, 0, 0, 0.14%, 6, 0, 14, 0.00
1734197925, 2464316, 0, 42, 0, 0, 0.14%, 6, 0, 14, 0.00
1734197931, 2479705, 0, 42, 0, 0, 0.14%, 6, 0, 14, 0.00
1734197936, 2495118, 0, 42, 0, 0, 0.14%, 6, 0, 14, 0.00
1734197941, 2510578, 0, 42, 0, 0, 0.14%, 6, 0, 14, 0.00
1734197946, 2525956, 0, 42, 0, 0, 0.14%, 6, 0, 14, 0.00
1734197951, 2541242, 0, 42, 0, 0, 0.14%, 6, 0, 14, 0.00
1734197957, 2556700, 0, 42, 0, 0, 0.14%, 6, 0, 14, 0.00
1734197962, 2572103, 0, 42, 0, 0, 0.14%, 6, 0, 14, 0.00
1734197967, 2587486, 0, 42, 0, 0, 0.14%, 6, 0, 14, 0.00
1734197972, 2602852, 0, 42, 0, 0, 0.14%, 6, 0, 14, 0.00
1734197977, 2618285, 0, 42, 0, 0, 0.14%, 6, 0, 14, 0.00
1734197983, 2633731, 0, 42, 0, 0, 0.14%, 6, 0, 14, 0.00
1734197988, 2649169, 0, 42, 0, 0, 0.14%, 6, 0, 14, 0.00
1734197993, 2664502, 0, 42, 0, 0, 0.14%, 6, 0, 14, 0.00
1734197998, 2679971, 0, 42, 0, 0, 0.14%, 6, 0, 14, 0.00
1734198003, 2695390, 0, 42, 0, 0, 0.14%, 6, 0, 14, 0.00
1734198009, 2710788, 0, 42, 0, 0, 0.14%, 6, 0, 14, 0.00
1734198014, 2726245, 0, 42, 0, 0, 0.14%, 6, 0, 14, 0.00
1734198019, 2741603, 0, 42, 0, 0, 0.14%, 6, 0, 14, 0.00
1734198024, 2757125, 0, 42, 0, 0, 0.14%, 6, 0, 14, 0.00
1734198029, 2772535, 0, 42, 0, 0, 0.14%, 6, 0, 14, 0.00
1734198035, 2787924, 0, 42, 0, 0, 0.14%, 6, 0, 14, 0.00
1734198040, 2803289, 0, 42, 0, 0, 0.14%, 6, 0, 14, 0.00
1734198045, 2818680, 0, 42, 0, 0, 0.14%, 6, 0, 14, 0.00
1734198050, 2834073, 0, 42, 0, 0, 0.14%, 6, 0, 14, 0.00
1734198055, 2849496, 0, 42, 0, 0, 0.14%, 6, 0, 14, 0.00
1734198061, 2864952, 0, 42, 0, 0, 0.14%, 6, 0, 14, 0.00
