# unix_time, cycles_done, cur_path, paths_total, pending_total, pending_favs, map_size, unique_crashes, unique_hangs, max_depth, execs_per_sec
1733767384, 0, 0, 10, 10, 1, 0.01%, 0, 0, 1, 36.02
1733767389, 0, 4, 10, 10, 1, 0.01%, 0, 0, 1, 35.93
1733767404, 1, 0, 10, 4, 0, 0.01%, 0, 0, 1, 44.76
1733767409, 1, 1, 10, 3, 0, 0.01%, 0, 0, 1, 43.34
1733767419, 1, 2, 10, 2, 0, 0.01%, 0, 0, 1, 42.38
1733767424, 1, 3, 10, 1, 0, 0.01%, 0, 0, 1, 43.38
1733767429, 1, 4, 10, 0, 0, 0.01%, 0, 0, 1, 42.61
1733767434, 1, 5, 10, 0, 0, 0.01%, 0, 0, 1, 42.52
1733767439, 1, 6, 10, 0, 0, 0.01%, 0, 0, 1, 44.21
1733767444, 1, 7, 10, 0, 0, 0.01%, 0, 0, 1, 43.54
1733767455, 1, 8, 10, 0, 0, 0.01%, 0, 0, 1, 43.78
1733767460, 1, 9, 10, 0, 0, 0.01%, 0, 0, 1, 43.95
1733767465, 2, 0, 10, 0, 0, 0.01%, 0, 0, 1, 43.37
1733767470, 2, 1, 10, 0, 0, 0.01%, 0, 0, 1, 43.74
1733767475, 2, 2, 10, 0, 0, 0.01%, 0, 0, 1, 43.11
1733767480, 2, 3, 10, 0, 0, 0.01%, 0, 0, 1, 43.35
1733767490, 2, 4, 10, 0, 0, 0.01%, 0, 0, 1, 43.00
1733767495, 2, 5, 10, 0, 0, 0.01%, 0, 0, 1, 43.01
1733767500, 2, 6, 10, 0, 0, 0.01%, 0, 0, 1, 43.55
1733767505, 2, 7, 10, 0, 0, 0.01%, 0, 0, 1, 44.53
1733767510, 2, 8, 10, 0, 0, 0.01%, 0, 0, 1, 43.82
1733767516, 2, 9, 10, 0, 0, 0.01%, 0, 0, 1, 44.21
1733767521, 3, 0, 10, 0, 0, 0.01%, 0, 0, 1, 43.21
1733767531, 3, 1, 10, 0, 0, 0.01%, 0, 0, 1, 43.52
1733767536, 3, 2, 10, 0, 0, 0.01%, 0, 0, 1, 43.43
1733767541, 3, 3, 10, 0, 0, 0.01%, 0, 0, 1, 46.12
1733767546, 3, 4, 10, 0, 0, 0.01%, 0, 0, 1, 43.32
1733767551, 3, 5, 10, 0, 0, 0.01%, 0, 0, 1, 42.99
1733767556, 3, 6, 10, 0, 0, 0.01%, 0, 0, 1, 43.34
1733767566, 3, 7, 10, 0, 0, 0.01%, 0, 0, 1, 43.86
1733767571, 3, 8, 10, 0, 0, 0.01%, 0, 0, 1, 44.56
1733767576, 3, 9, 10, 0, 0, 0.01%, 0, 0, 1, 43.84
1733767581, 4, 0, 10, 0, 0, 0.01%, 0, 0, 1, 43.49
1733767587, 4, 1, 10, 0, 0, 0.01%, 0, 0, 1, 43.86
1733767592, 4, 2, 10, 0, 0, 0.01%, 0, 0, 1, 42.93
1733767597, 4, 3, 10, 0, 0, 0.01%, 0, 0, 1, 42.00
1733767607, 4, 4, 10, 0, 0, 0.01%, 0, 0, 1, 45.20
1733767612, 4, 5, 10, 0, 0, 0.01%, 0, 0, 1, 43.92
1733767617, 4, 6, 10, 0, 0, 0.01%, 0, 0, 1, 43.94
1733767622, 4, 7, 10, 0, 0, 0.01%, 0, 0, 1, 44.00
1733767627, 4, 8, 10, 0, 0, 0.01%, 0, 0, 1, 42.23
1733767632, 4, 9, 10, 0, 0, 0.01%, 0, 0, 1, 45.41
1733767642, 5, 0, 10, 0, 0, 0.01%, 0, 0, 1, 42.06
1733767647, 5, 1, 10, 0, 0, 0.01%, 0, 0, 1, 43.02
1733767652, 5, 2, 10, 0, 0, 0.01%, 0, 0, 1, 42.17
1733767658, 5, 3, 10, 0, 0, 0.01%, 0, 0, 1, 42.98
1733767663, 5, 4, 10, 0, 0, 0.01%, 0, 0, 1, 43.35
1733767668, 5, 5, 10, 0, 0, 0.01%, 0, 0, 1, 43.17
1733767678, 5, 6, 10, 0, 0, 0.01%, 0, 0, 1, 43.92
1733767683, 5, 7, 10, 0, 0, 0.01%, 0, 0, 1, 44.38
1733767688, 5, 8, 10, 0, 0, 0.01%, 0, 0, 1, 43.80
1733767693, 5, 9, 10, 0, 0, 0.01%, 0, 0, 1, 44.14
1733767698, 5, 10, 11, 1, 1, 0.14%, 1, 0, 2, 49.09
1733767708, 5, 10, 12, 2, 1, 0.14%, 2, 0, 3, 51.20
1733767789, 6, 11, 13, 1, 0, 0.14%, 3, 0, 4, 61.07
1733767815, 6, 11, 14, 2, 0, 0.14%, 3, 0, 4, 47.86
1733767825, 6, 11, 15, 3, 0, 0.14%, 4, 0, 4, 45.51
1733767835, 6, 11, 16, 4, 0, 0.14%, 4, 0, 4, 45.59
1733767906, 6, 12, 16, 4, 2, 0.14%, 4, 0, 4, 50.23
1733767922, 6, 12, 17, 5, 2, 0.14%, 4, 0, 5, 48.28
1733768079, 6, 14, 17, 4, 1, 0.14%, 4, 0, 5, 56.81
1733768084, 6, 14, 18, 5, 1, 0.14%, 5, 0, 5, 89.32
1733768104, 6, 14, 20, 7, 1, 0.14%, 5, 0, 5, 63.30
1733768109, 6, 14, 21, 8, 1, 0.14%, 5, 0, 5, 63.62
1733768119, 6, 14, 23, 10, 1, 0.14%, 5, 0, 5, 56.89
1733768124, 6, 14, 24, 11, 1, 0.14%, 5, 0, 5, 59.08
1733768175, 6, 14, 25, 12, 1, 0.14%, 5, 0, 5, 61.98
1733768195, 6, 14, 26, 13, 1, 0.14%, 5, 0, 5, 59.94
1733768205, 6, 14, 27, 14, 1, 0.14%, 5, 0, 5, 63.96
1733768231, 6, 14, 28, 15, 1, 0.14%, 5, 0, 5, 57.31
1733768241, 6, 24, 28, 12, 1, 0.14%, 5, 0, 5, 79.57
1733768327, 7, 19, 28, 10, 0, 0.14%, 5, 0, 5, 74.28
1733768403, 7, 25, 28, 8, 0, 0.14%, 5, 0, 5, 48.27
1733768408, 8, 13, 28, 7, 0, 0.14%, 5, 0, 5, 69.82
1733768494, 8, 18, 28, 6, 0, 0.14%, 5, 0, 5, 85.90
1733768571, 9, 17, 28, 4, 0, 0.14%, 5, 0, 5, 56.76
1733768576, 9, 17, 29, 5, 0, 0.14%, 5, 0, 6, 87.05
1733768612, 10, 12, 29, 4, 0, 0.14%, 5, 0, 6, 55.05
1733768617, 10, 20, 29, 3, 0, 0.14%, 5, 0, 6, 71.33
1733768719, 11, 12, 29, 2, 0, 0.14%, 5, 0, 6, 54.66
1733768739, 12, 12, 29, 2, 0, 0.14%, 5, 0, 6, 56.04
1733768780, 12, 26, 29, 2, 0, 0.14%, 5, 0, 6, 42.85
1733768795, 12, 28, 29, 1, 0, 0.14%, 5, 0, 6, 85.86
1733768831, 13, 12, 29, 1, 0, 0.14%, 5, 0, 6, 57.00
1733768841, 13, 12, 30, 2, 0, 0.14%, 5, 0, 6, 50.47
1733768887, 13, 29, 30, 2, 1, 0.14%, 5, 0, 6, 101.37
1733768892, 13, 29, 31, 3, 1, 0.14%, 5, 0, 6, 95.39
1733768907, 13, 29, 33, 5, 1, 0.14%, 5, 0, 6, 107.73
1733769105, 15, 28, 33, 3, 0, 0.14%, 5, 0, 6, 59.36
1733769115, 16, 28, 33, 3, 0, 0.14%, 5, 0, 6, 64.63
1733769125, 17, 28, 33, 3, 0, 0.14%, 5, 0, 6, 58.68
1733769166, 18, 22, 33, 3, 0, 0.14%, 5, 0, 6, 76.76
1733769207, 18, 28, 33, 3, 0, 0.14%, 5, 0, 6, 61.72
1733769247, 19, 12, 33, 2, 0, 0.14%, 5, 0, 6, 51.34
1733769278, 19, 28, 33, 2, 0, 0.14%, 5, 0, 6, 61.92
1733769298, 19, 28, 34, 3, 0, 0.14%, 5, 0, 7, 58.70
1733769319, 19, 33, 34, 3, 1, 0.14%, 5, 0, 7, 72.83
1733769354, 19, 33, 35, 4, 1, 0.14%, 5, 0, 8, 61.74
1733769400, 19, 33, 36, 5, 1, 0.14%, 5, 0, 8, 61.00
1733769456, 19, 35, 36, 4, 1, 0.14%, 5, 0, 8, 83.67
1733769594, 21, 22, 36, 1, 0, 0.14%, 5, 0, 8, 52.88
1733769604, 22, 23, 36, 0, 0, 0.14%, 5, 0, 8, 87.16
1733769650, 22, 34, 36, 0, 0, 0.14%, 5, 0, 8, 75.64
1733769721, 22, 34, 37, 1, 0, 0.14%, 5, 0, 9, 65.59
1733769838, 23, 36, 37, 0, 0, 0.14%, 5, 0, 9, 63.44
1733770077, 26, 23, 37, 0, 0, 0.14%, 5, 0, 9, 59.72
1733770087, 27, 23, 37, 0, 0, 0.14%, 5, 0, 9, 65.50
1733770102, 28, 23, 37, 0, 0, 0.14%, 5, 0, 9, 63.21
1733770137, 29, 23, 37, 0, 0, 0.14%, 5, 0, 9, 59.91
1733770178, 30, 23, 37, 0, 0, 0.14%, 5, 0, 9, 63.77
1733770213, 31, 23, 37, 0, 0, 0.14%, 5, 0, 9, 59.83
1733770254, 32, 23, 37, 0, 0, 0.14%, 5, 0, 9, 64.23
1733770290, 32, 36, 37, 0, 0, 0.14%, 5, 0, 9, 65.23
1733770300, 33, 23, 37, 0, 0, 0.14%, 5, 0, 9, 63.48
1733770341, 33, 36, 37, 0, 0, 0.14%, 5, 0, 9, 67.02
1733770371, 34, 17, 37, 0, 0, 0.14%, 5, 0, 9, 60.29
1733770376, 34, 23, 37, 0, 0, 0.14%, 5, 0, 9, 54.12
1733770417, 34, 36, 37, 0, 0, 0.14%, 5, 0, 9, 66.48
1733770452, 35, 23, 37, 0, 0, 0.14%, 5, 0, 9, 63.62
1733770483, 35, 23, 38, 1, 0, 0.14%, 6, 0, 9, 76.40
1733770493, 35, 37, 38, 1, 1, 0.14%, 6, 0, 9, 46.56
1733770554, 35, 37, 39, 2, 1, 0.14%, 6, 0, 9, 109.58
1733771795, 35, 38, 39, 1, 1, 0.14%, 6, 0, 9, 41.19
1733771805, 36, 36, 39, 0, 0, 0.14%, 6, 0, 9, 53.17
1733771841, 37, 23, 39, 0, 0, 0.14%, 6, 0, 9, 57.98
1733771881, 37, 36, 39, 0, 0, 0.14%, 6, 0, 9, 65.10
1733771917, 38, 36, 39, 0, 0, 0.14%, 6, 0, 9, 66.02
1733771952, 39, 28, 39, 0, 0, 0.14%, 6, 0, 9, 62.78
1733771987, 41, 38, 39, 0, 0, 0.14%, 6, 0, 9, 68.63
1733773259, 41, 38, 40, 1, 0, 0.14%, 7, 0, 9, 86.65
1733773300, 41, 39, 40, 1, 1, 0.14%, 7, 0, 9, 49.53
1733773310, 42, 23, 40, 0, 0, 0.14%, 7, 0, 9, 44.58
1733773315, 42, 39, 40, 0, 0, 0.14%, 7, 0, 9, 69.56
1733774623, 47, 12, 40, 0, 0, 0.14%, 7, 0, 9, 54.86
1733774658, 47, 15, 40, 0, 0, 0.14%, 7, 0, 9, 86.91
1733774684, 47, 37, 40, 0, 0, 0.14%, 7, 0, 9, 64.28
1733774689, 48, 37, 40, 0, 0, 0.14%, 7, 0, 9, 81.86
1733774699, 49, 37, 40, 0, 0, 0.14%, 7, 0, 9, 75.46
1733774729, 50, 37, 40, 0, 0, 0.14%, 7, 0, 9, 67.07
1733774760, 53, 39, 40, 0, 0, 0.14%, 7, 0, 9, 60.36
1733774770, 54, 39, 40, 0, 0, 0.14%, 7, 0, 9, 82.15
1733774785, 55, 32, 40, 0, 0, 0.14%, 7, 0, 9, 62.11
1733774830, 55, 39, 40, 0, 0, 0.14%, 7, 0, 9, 78.22
1733774866, 56, 39, 40, 0, 0, 0.14%, 7, 0, 9, 70.47
1733774902, 57, 28, 40, 0, 0, 0.14%, 7, 0, 9, 58.08
1733774932, 59, 12, 40, 0, 0, 0.14%, 7, 0, 9, 72.63
1733774972, 59, 32, 40, 0, 0, 0.14%, 7, 0, 9, 54.56
1733774977, 62, 12, 40, 0, 0, 0.14%, 7, 0, 9, 58.57
1733775013, 63, 17, 40, 0, 0, 0.14%, 7, 0, 9, 63.36
1733775028, 64, 22, 40, 0, 0, 0.14%, 7, 0, 9, 60.63
1733775033, 65, 28, 40, 0, 0, 0.14%, 7, 0, 9, 62.78
1733775069, 68, 25, 40, 0, 0, 0.14%, 7, 0, 9, 84.50
1733775437, 68, 26, 40, 0, 0, 0.14%, 7, 0, 9, 79.20
1733776819, 69, 22, 40, 0, 0, 0.14%, 7, 0, 9, 63.16
1733776824, 76, 32, 40, 0, 0, 0.14%, 7, 0, 9, 66.00
1733776839, 79, 15, 40, 0, 0, 0.14%, 7, 0, 9, 63.96
1733776844, 81, 15, 40, 0, 0, 0.14%, 7, 0, 9, 61.98
1733776860, 82, 22, 40, 0, 0, 0.14%, 7, 0, 9, 57.09
1733776870, 84, 32, 40, 0, 0, 0.14%, 7, 0, 9, 58.75
1733776906, 85, 20, 40, 0, 0, 0.14%, 7, 0, 9, 69.72
1733776911, 86, 28, 40, 0, 0, 0.14%, 7, 0, 9, 71.62
1733776946, 87, 12, 40, 0, 0, 0.14%, 7, 0, 9, 65.04
1733776977, 87, 17, 40, 0, 0, 0.14%, 7, 0, 9, 76.73
1733776997, 87, 34, 40, 0, 0, 0.14%, 7, 0, 9, 65.97
1733777007, 94, 20, 40, 0, 0, 0.14%, 7, 0, 9, 66.76
1733777023, 94, 29, 40, 0, 0, 0.14%, 7, 0, 9, 60.61
1733777028, 95, 12, 40, 0, 0, 0.14%, 7, 0, 9, 56.17
1733777063, 96, 15, 40, 0, 0, 0.14%, 7, 0, 9, 59.82
1733777094, 102, 24, 40, 0, 0, 0.14%, 7, 0, 9, 60.51
1733777099, 102, 32, 40, 0, 0, 0.14%, 7, 0, 9, 60.41
1733777134, 103, 17, 40, 0, 0, 0.14%, 7, 0, 9, 66.48
1733777165, 103, 32, 40, 0, 0, 0.14%, 7, 0, 9, 63.55
1733777205, 110, 20, 40, 0, 0, 0.14%, 7, 0, 9, 68.57
1733777236, 110, 28, 40, 0, 0, 0.14%, 7, 0, 9, 65.37
1733777271, 112, 22, 40, 0, 0, 0.14%, 7, 0, 9, 59.23
1733777297, 112, 32, 40, 0, 0, 0.14%, 7, 0, 9, 63.24
1733777332, 112, 34, 40, 0, 0, 0.14%, 7, 0, 9, 63.01
1733777362, 120, 38, 40, 0, 0, 0.14%, 7, 0, 9, 76.59
1733777373, 121, 26, 40, 0, 0, 0.14%, 7, 0, 9, 69.68
1733777378, 121, 32, 40, 0, 0, 0.14%, 7, 0, 9, 63.99
1733777418, 125, 20, 40, 0, 0, 0.14%, 7, 0, 9, 67.85
1733777454, 128, 15, 40, 0, 0, 0.14%, 7, 0, 9, 57.93
1733777490, 129, 17, 40, 0, 0, 0.14%, 7, 0, 9, 62.53
1733777530, 132, 22, 40, 0, 0, 0.14%, 7, 0, 9, 53.06
1733777566, 133, 38, 40, 0, 0, 0.14%, 7, 0, 9, 67.23
1733777591, 134, 13, 40, 0, 0, 0.14%, 7, 0, 9, 64.28
1733777596, 134, 15, 40, 0, 0, 0.14%, 7, 0, 9, 63.76
1733777632, 134, 38, 40, 0, 0, 0.14%, 7, 0, 9, 78.61
1733777668, 135, 34, 40, 0, 0, 0.14%, 7, 0, 9, 67.36
1733777703, 137, 12, 40, 0, 0, 0.14%, 7, 0, 9, 58.40
1733777734, 140, 16, 40, 0, 0, 0.14%, 7, 0, 9, 70.25
1733777759, 146, 22, 40, 0, 0, 0.14%, 7, 0, 9, 55.49
1733777795, 147, 26, 40, 0, 0, 0.14%, 7, 0, 9, 80.49
1733777810, 148, 18, 40, 0, 0, 0.14%, 7, 0, 9, 60.38
1733777815, 149, 28, 40, 0, 0, 0.14%, 7, 0, 9, 63.48
1733777850, 150, 17, 40, 0, 0, 0.14%, 7, 0, 9, 63.26
1733777886, 156, 15, 40, 0, 0, 0.14%, 7, 0, 9, 61.61
1733777921, 158, 13, 40, 0, 0, 0.14%, 7, 0, 9, 53.13
1733777937, 158, 18, 40, 0, 0, 0.14%, 7, 0, 9, 66.71
1733777947, 159, 15, 40, 0, 0, 0.14%, 7, 0, 9, 61.08
1733777987, 161, 12, 40, 0, 0, 0.14%, 7, 0, 9, 60.73
1733778018, 161, 20, 40, 0, 0, 0.14%, 7, 0, 9, 62.29
1733778058, 163, 16, 40, 0, 0, 0.14%, 7, 0, 9, 56.40
1733778068, 165, 18, 40, 0, 0, 0.14%, 7, 0, 9, 62.62
1733778083, 165, 24, 40, 0, 0, 0.14%, 7, 0, 9, 67.07
1733778088, 165, 26, 40, 0, 0, 0.14%, 7, 0, 9, 75.07
1733778114, 167, 11, 40, 0, 0, 0.14%, 7, 0, 9, 63.32
1733778119, 167, 16, 40, 0, 0, 0.14%, 7, 0, 9, 61.95
1733778134, 170, 20, 40, 0, 0, 0.14%, 7, 0, 9, 70.60
1733778175, 171, 18, 40, 0, 0, 0.14%, 7, 0, 9, 65.46
1733778205, 172, 16, 40, 0, 0, 0.14%, 7, 0, 9, 59.89
1733778241, 172, 31, 40, 0, 0, 0.14%, 7, 0, 9, 64.12
1733778276, 173, 26, 40, 0, 0, 0.14%, 7, 0, 9, 81.66
1733778307, 174, 24, 40, 0, 0, 0.14%, 7, 0, 9, 57.86
1733778322, 179, 17, 40, 0, 0, 0.14%, 7, 0, 9, 64.76
1733778357, 180, 21, 40, 0, 0, 0.14%, 7, 0, 9, 94.63
1733778398, 180, 31, 40, 0, 0, 0.14%, 7, 0, 9, 60.95
1733778403, 181, 13, 40, 0, 0, 0.14%, 7, 0, 9, 64.79
1733778433, 181, 20, 40, 0, 0, 0.14%, 7, 0, 9, 68.45
1733778464, 183, 19, 40, 0, 0, 0.14%, 7, 0, 9, 72.28
1733778474, 183, 20, 40, 0, 0, 0.14%, 7, 0, 9, 72.72
1733778509, 183, 29, 40, 0, 0, 0.14%, 7, 0, 9, 64.26
1733778520, 184, 33, 40, 0, 0, 0.14%, 7, 0, 9, 65.81
1733778525, 185, 31, 40, 0, 0, 0.14%, 7, 0, 9, 60.85
1733778535, 187, 14, 40, 0, 0, 0.14%, 7, 0, 9, 59.58
1733778540, 187, 33, 40, 0, 0, 0.14%, 7, 0, 9, 61.60
1733778555, 188, 34, 40, 0, 0, 0.14%, 7, 0, 9, 62.74
1733778591, 191, 15, 40, 0, 0, 0.14%, 7, 0, 9, 53.49
1733778626, 191, 29, 40, 0, 0, 0.14%, 7, 0, 9, 64.27
1733778647, 192, 18, 40, 0, 0, 0.14%, 7, 0, 9, 65.27
1733778682, 192, 24, 40, 0, 0, 0.14%, 7, 0, 9, 60.74
1733778718, 193, 14, 40, 0, 0, 0.14%, 7, 0, 9, 63.27
1733778733, 194, 16, 40, 0, 0, 0.14%, 7, 0, 9, 58.91
1733778769, 196, 18, 40, 0, 0, 0.14%, 7, 0, 9, 66.99
1733778804, 197, 34, 40, 0, 0, 0.14%, 7, 0, 9, 64.59
1733778840, 201, 24, 40, 0, 0, 0.14%, 7, 0, 9, 71.48
1733778881, 202, 22, 40, 0, 0, 0.14%, 7, 0, 9, 57.34
1733778916, 203, 18, 40, 0, 0, 0.14%, 7, 0, 9, 57.57
1733778952, 204, 16, 40, 0, 0, 0.14%, 7, 0, 9, 62.22
1733778992, 205, 11, 40, 0, 0, 0.14%, 7, 0, 9, 62.49
1733778997, 206, 11, 40, 0, 0, 0.14%, 7, 0, 9, 60.29
1733779007, 207, 30, 40, 0, 0, 0.14%, 7, 0, 9, 99.76
1733779196, 208, 30, 40, 0, 0, 0.14%, 7, 0, 9, 61.49
1733779206, 208, 35, 40, 0, 0, 0.14%, 7, 0, 9, 59.05
1733779216, 211, 27, 40, 0, 0, 0.14%, 7, 0, 9, 82.29
1733779400, 212, 34, 40, 0, 0, 0.14%, 7, 0, 9, 58.30
1733779441, 212, 35, 40, 0, 0, 0.14%, 7, 0, 9, 62.83
1733779461, 216, 33, 40, 0, 0, 0.14%, 7, 0, 9, 64.17
1733779487, 221, 16, 40, 0, 0, 0.14%, 7, 0, 9, 61.09
1733779527, 222, 22, 40, 0, 0, 0.14%, 7, 0, 9, 55.68
1733779568, 223, 19, 40, 0, 0, 0.14%, 7, 0, 9, 57.09
1733779578, 224, 13, 40, 0, 0, 0.14%, 7, 0, 9, 61.66
1733779614, 225, 13, 40, 0, 0, 0.14%, 7, 0, 9, 62.29
1733779654, 225, 24, 40, 0, 0, 0.14%, 7, 0, 9, 64.07
1733779690, 225, 34, 40, 0, 0, 0.14%, 7, 0, 9, 58.83
1733779730, 226, 14, 40, 0, 0, 0.14%, 7, 0, 9, 62.11
1733779745, 227, 29, 40, 0, 0, 0.14%, 7, 0, 9, 60.61
1733779781, 230, 17, 40, 0, 0, 0.14%, 7, 0, 9, 62.68
1733779812, 230, 35, 40, 0, 0, 0.14%, 7, 0, 9, 68.18
1733779852, 231, 18, 40, 0, 0, 0.14%, 7, 0, 9, 64.78
1733779888, 231, 27, 40, 0, 0, 0.14%, 7, 0, 9, 62.25
1733779893, 232, 13, 40, 0, 0, 0.14%, 7, 0, 9, 61.92
1733779929, 233, 33, 40, 0, 0, 0.14%, 7, 0, 9, 63.28
1733779969, 233, 34, 40, 0, 0, 0.14%, 7, 0, 9, 66.60
1733780004, 234, 19, 40, 0, 0, 0.14%, 7, 0, 9, 58.90
1733780025, 236, 27, 40, 0, 0, 0.14%, 7, 0, 9, 72.55
1733780035, 237, 33, 40, 0, 0, 0.14%, 7, 0, 9, 55.20
1733780075, 238, 14, 40, 0, 0, 0.14%, 7, 0, 9, 63.21
1733780111, 238, 22, 40, 0, 0, 0.14%, 7, 0, 9, 58.65
1733780151, 238, 31, 40, 0, 0, 0.14%, 7, 0, 9, 58.46
1733780172, 238, 35, 40, 0, 0, 0.14%, 7, 0, 9, 53.80
1733780207, 241, 11, 40, 0, 0, 0.14%, 7, 0, 9, 62.20
1733780227, 243, 27, 40, 0, 0, 0.14%, 7, 0, 9, 66.99
1733780253, 245, 22, 40, 0, 0, 0.14%, 7, 0, 9, 55.55
1733780293, 245, 35, 40, 0, 0, 0.14%, 7, 0, 9, 60.41
1733780328, 253, 22, 40, 0, 0, 0.14%, 7, 0, 9, 58.53
1733780369, 254, 19, 40, 0, 0, 0.14%, 7, 0, 9, 60.59
1733780399, 255, 29, 40, 0, 0, 0.14%, 7, 0, 9, 60.86
1733780435, 255, 31, 40, 0, 0, 0.14%, 7, 0, 9, 63.53
1733780471, 259, 22, 40, 0, 0, 0.14%, 7, 0, 9, 69.58
1733780516, 259, 27, 40, 0, 0, 0.14%, 7, 0, 9, 71.54
1733780552, 260, 11, 40, 0, 0, 0.14%, 7, 0, 9, 63.70
1733780587, 260, 16, 40, 0, 0, 0.14%, 7, 0, 9, 61.67
1733780623, 261, 21, 40, 0, 0, 0.14%, 7, 0, 9, 61.81
1733780628, 263, 17, 40, 0, 0, 0.14%, 7, 0, 9, 68.02
1733780664, 264, 24, 40, 0, 0, 0.14%, 7, 0, 9, 63.21
1733780699, 264, 25, 40, 0, 0, 0.14%, 7, 0, 9, 75.60
1733780709, 264, 30, 40, 0, 0, 0.14%, 7, 0, 9, 67.33
1733780725, 267, 13, 40, 0, 0, 0.14%, 7, 0, 9, 55.77
1733780765, 269, 18, 40, 0, 0, 0.14%, 7, 0, 9, 65.18
1733780801, 270, 35, 40, 0, 0, 0.14%, 7, 0, 9, 66.42
1733780836, 271, 24, 40, 0, 0, 0.14%, 7, 0, 9, 63.19
1733780872, 273, 17, 40, 0, 0, 0.14%, 7, 0, 9, 61.94
1733780907, 273, 25, 40, 0, 0, 0.14%, 7, 0, 9, 68.50
1733780928, 273, 33, 40, 0, 0, 0.14%, 7, 0, 9, 61.91
1733780963, 274, 31, 40, 0, 0, 0.14%, 7, 0, 9, 63.31
1733780999, 277, 31, 40, 0, 0, 0.14%, 7, 0, 9, 57.65
1733781034, 277, 33, 40, 0, 0, 0.14%, 7, 0, 9, 61.29
1733781069, 279, 33, 40, 0, 0, 0.14%, 7, 0, 9, 61.85
1733781105, 282, 14, 40, 0, 0, 0.14%, 7, 0, 9, 55.90
1733781140, 283, 16, 40, 0, 0, 0.14%, 7, 0, 9, 60.57
1733781176, 283, 25, 40, 0, 0, 0.14%, 7, 0, 9, 83.42
1733781211, 283, 35, 40, 0, 0, 0.14%, 7, 0, 9, 58.52
1733781247, 285, 29, 40, 0, 0, 0.14%, 7, 0, 9, 59.19
1733781282, 287, 30, 40, 0, 0, 0.14%, 7, 0, 9, 68.12
1733781318, 288, 29, 40, 0, 0, 0.14%, 7, 0, 9, 60.86
1733781353, 289, 11, 40, 0, 0, 0.14%, 7, 0, 9, 59.22
1733781394, 291, 14, 40, 0, 0, 0.14%, 7, 0, 9, 63.31
1733781424, 293, 29, 40, 0, 0, 0.14%, 7, 0, 9, 65.15
1733781455, 296, 17, 40, 0, 0, 0.14%, 7, 0, 9, 64.06
1733781490, 296, 29, 40, 0, 0, 0.14%, 7, 0, 9, 68.05
1733781521, 299, 14, 40, 0, 0, 0.14%, 7, 0, 9, 57.39
1733781561, 302, 19, 40, 0, 0, 0.14%, 7, 0, 9, 63.67
1733781596, 307, 29, 40, 0, 0, 0.14%, 7, 0, 9, 71.80
1733781627, 311, 21, 40, 0, 0, 0.14%, 7, 0, 9, 63.69
1733781632, 311, 35, 40, 0, 0, 0.14%, 7, 0, 9, 72.10
1733781672, 312, 10, 40, 0, 0, 0.14%, 7, 0, 9, 60.42
1733781678, 315, 24, 40, 0, 0, 0.14%, 7, 0, 9, 69.46
1733781713, 318, 10, 40, 0, 0, 0.14%, 7, 0, 9, 62.19
1733781718, 319, 29, 40, 0, 0, 0.14%, 7, 0, 9, 70.54
1733781749, 320, 19, 40, 0, 0, 0.14%, 7, 0, 9, 62.04
1733781789, 323, 24, 40, 0, 0, 0.14%, 7, 0, 9, 62.28
1733781825, 326, 11, 40, 0, 0, 0.14%, 7, 0, 9, 66.55
1733781861, 326, 30, 40, 0, 0, 0.14%, 7, 0, 9, 60.27
1733781896, 336, 29, 40, 0, 0, 0.14%, 7, 0, 9, 66.36
1733781926, 341, 30, 40, 0, 0, 0.14%, 7, 0, 9, 59.88
1733781962, 343, 19, 40, 0, 0, 0.14%, 7, 0, 9, 59.28
1733782003, 351, 24, 40, 0, 0, 0.14%, 7, 0, 9, 65.72
1733782038, 352, 19, 40, 0, 0, 0.14%, 7, 0, 9, 59.83
1733782074, 352, 31, 40, 0, 0, 0.14%, 7, 0, 9, 58.03
1733782109, 354, 11, 40, 0, 0, 0.14%, 7, 0, 9, 56.25
1733782150, 361, 10, 40, 0, 0, 0.14%, 7, 0, 9, 56.65
1733782155, 362, 30, 40, 0, 0, 0.14%, 7, 0, 9, 60.03
1733782190, 368, 31, 40, 0, 0, 0.14%, 7, 0, 9, 64.96
1733782226, 369, 30, 40, 0, 0, 0.14%, 7, 0, 9, 61.98
1733782267, 372, 10, 40, 0, 0, 0.14%, 7, 0, 9, 56.64
1733782282, 374, 19, 40, 0, 0, 0.14%, 7, 0, 9, 59.51
1733782322, 375, 21, 40, 0, 0, 0.14%, 7, 0, 9, 68.85
1733782342, 382, 21, 40, 0, 0, 0.14%, 7, 0, 9, 66.06
1733782378, 386, 19, 40, 0, 0, 0.14%, 7, 0, 9, 67.43
1733782414, 387, 10, 40, 0, 0, 0.14%, 7, 0, 9, 66.30
1733782449, 391, 19, 40, 0, 0, 0.14%, 7, 0, 9, 67.27
1733782490, 398, 10, 40, 0, 0, 0.14%, 7, 0, 9, 57.41
1733782531, 414, 21, 40, 0, 0, 0.14%, 7, 0, 9, 70.53
1733782566, 416, 21, 40, 0, 0, 0.14%, 7, 0, 9, 64.02
1733782602, 11771, 0, 40, 0, 0, 0.14%, 7, 0, 9, 0.00
1733782607, 24729, 0, 40, 0, 0, 0.14%, 7, 0, 9, 0.00
1733782612, 37701, 0, 40, 0, 0, 0.14%, 7, 0, 9, 0.00
1733782618, 50696, 0, 40, 0, 0, 0.14%, 7, 0, 9, 0.00
1733782623, 63627, 0, 40, 0, 0, 0.14%, 7, 0, 9, 0.00
1733782628, 76597, 0, 40, 0, 0, 0.14%, 7, 0, 9, 0.00
1733782633, 89542, 0, 40, 0, 0, 0.14%, 7, 0, 9, 0.00
1733782638, 102508, 0, 40, 0, 0, 0.14%, 7, 0, 9, 0.00
1733782644, 115465, 0, 40, 0, 0, 0.14%, 7, 0, 9, 0.00
1733782649, 128447, 0, 40, 0, 0, 0.14%, 7, 0, 9, 0.00
1733782654, 141390, 0, 40, 0, 0, 0.14%, 7, 0, 9, 0.00
1733782659, 154310, 0, 40, 0, 0, 0.14%, 7, 0, 9, 0.00
1733782664, 167277, 0, 40, 0, 0, 0.14%, 7, 0, 9, 0.00
1733782670, 180306, 0, 40, 0, 0, 0.14%, 7, 0, 9, 0.00
1733782675, 193300, 0, 40, 0, 0, 0.14%, 7, 0, 9, 0.00
1733782680, 206274, 0, 40, 0, 0, 0.14%, 7, 0, 9, 0.00
1733782685, 219220, 0, 40, 0, 0, 0.14%, 7, 0, 9, 0.00
1733782690, 232172, 0, 40, 0, 0, 0.14%, 7, 0, 9, 0.00
1733782696, 245081, 0, 40, 0, 0, 0.14%, 7, 0, 9, 0.00
1733782701, 258055, 0, 40, 0, 0, 0.14%, 7, 0, 9, 0.00
1733782706, 270975, 0, 40, 0, 0, 0.14%, 7, 0, 9, 0.00
1733782711, 283997, 0, 40, 0, 0, 0.14%, 7, 0, 9, 0.00
1733782716, 296947, 0, 40, 0, 0, 0.14%, 7, 0, 9, 0.00
1733782722, 309909, 0, 40, 0, 0, 0.14%, 7, 0, 9, 0.00
1733782727, 322870, 0, 40, 0, 0, 0.14%, 7, 0, 9, 0.00
1733782732, 335886, 0, 40, 0, 0, 0.14%, 7, 0, 9, 0.00
1733782737, 348885, 0, 40, 0, 0, 0.14%, 7, 0, 9, 0.00
1733782742, 361886, 0, 40, 0, 0, 0.14%, 7, 0, 9, 0.00
1733782748, 374841, 0, 40, 0, 0, 0.14%, 7, 0, 9, 0.00
1733782753, 387778, 0, 40, 0, 0, 0.14%, 7, 0, 9, 0.00
1733782758, 400737, 0, 40, 0, 0, 0.14%, 7, 0, 9, 0.00
1733782763, 413675, 0, 40, 0, 0, 0.14%, 7, 0, 9, 0.00
1733782768, 426621, 0, 40, 0, 0, 0.14%, 7, 0, 9, 0.00
1733782774, 439546, 0, 40, 0, 0, 0.14%, 7, 0, 9, 0.00
1733782779, 452542, 0, 40, 0, 0, 0.14%, 7, 0, 9, 0.00
1733782784, 465540, 0, 40, 0, 0, 0.14%, 7, 0, 9, 0.00
1733782789, 478490, 0, 40, 0, 0, 0.14%, 7, 0, 9, 0.00
1733782794, 491458, 0, 40, 0, 0, 0.14%, 7, 0, 9, 0.00
1733782800, 504399, 0, 40, 0, 0, 0.14%, 7, 0, 9, 0.00
1733782805, 517385, 0, 40, 0, 0, 0.14%, 7, 0, 9, 0.00
1733782810, 530359, 0, 40, 0, 0, 0.14%, 7, 0, 9, 0.00
1733782815, 543323, 0, 40, 0, 0, 0.14%, 7, 0, 9, 0.00
1733782820, 556281, 0, 40, 0, 0, 0.14%, 7, 0, 9, 0.00
1733782826, 569262, 0, 40, 0, 0, 0.14%, 7, 0, 9, 0.00
1733782831, 582212, 0, 40, 0, 0, 0.14%, 7, 0, 9, 0.00
1733782836, 595146, 0, 40, 0, 0, 0.14%, 7, 0, 9, 0.00
1733782841, 608173, 0, 40, 0, 0, 0.14%, 7, 0, 9, 0.00
1733782846, 621178, 0, 40, 0, 0, 0.14%, 7, 0, 9, 0.00
1733782852, 634155, 0, 40, 0, 0, 0.14%, 7, 0, 9, 0.00
1733782857, 647081, 0, 40, 0, 0, 0.14%, 7, 0, 9, 0.00
1733782862, 660070, 0, 40, 0, 0, 0.14%, 7, 0, 9, 0.00
1733782867, 673024, 0, 40, 0, 0, 0.14%, 7, 0, 9, 0.00
1733782872, 686021, 0, 40, 0, 0, 0.14%, 7, 0, 9, 0.00
1733782878, 698972, 0, 40, 0, 0, 0.14%, 7, 0, 9, 0.00
1733782883, 711993, 0, 40, 0, 0, 0.14%, 7, 0, 9, 0.00
1733782888, 724976, 0, 40, 0, 0, 0.14%, 7, 0, 9, 0.00
1733782893, 737973, 0, 40, 0, 0, 0.14%, 7, 0, 9, 0.00
1733782898, 750943, 0, 40, 0, 0, 0.14%, 7, 0, 9, 0.00
1733782904, 763914, 0, 40, 0, 0, 0.14%, 7, 0, 9, 0.00
1733782909, 776909, 0, 40, 0, 0, 0.14%, 7, 0, 9, 0.00
1733782914, 789819, 0, 40, 0, 0, 0.14%, 7, 0, 9, 0.00
1733782919, 802725, 0, 40, 0, 0, 0.14%, 7, 0, 9, 0.00
1733782924, 815679, 0, 40, 0, 0, 0.14%, 7, 0, 9, 0.00
1733782930, 828623, 0, 40, 0, 0, 0.14%, 7, 0, 9, 0.00
1733782935, 841663, 0, 40, 0, 0, 0.14%, 7, 0, 9, 0.00
1733782940, 854706, 0, 40, 0, 0, 0.14%, 7, 0, 9, 0.00
1733782945, 867712, 0, 40, 0, 0, 0.14%, 7, 0, 9, 0.00
1733782950, 880753, 0, 40, 0, 0, 0.14%, 7, 0, 9, 0.00
1733782956, 893742, 0, 40, 0, 0, 0.14%, 7, 0, 9, 0.00
1733782961, 906706, 0, 40, 0, 0, 0.14%, 7, 0, 9, 0.00
1733782966, 919668, 0, 40, 0, 0, 0.14%, 7, 0, 9, 0.00
1733782971, 932659, 0, 40, 0, 0, 0.14%, 7, 0, 9, 0.00
1733782976, 945533, 0, 40, 0, 0, 0.14%, 7, 0, 9, 0.00
1733782982, 958539, 0, 40, 0, 0, 0.14%, 7, 0, 9, 0.00
1733782987, 971515, 0, 40, 0, 0, 0.14%, 7, 0, 9, 0.00
1733782992, 984388, 0, 40, 0, 0, 0.14%, 7, 0, 9, 0.00
1733782997, 997378, 0, 40, 0, 0, 0.14%, 7, 0, 9, 0.00
1733783002, 1010361, 0, 40, 0, 0, 0.14%, 7, 0, 9, 0.00
1733783008, 1023330, 0, 40, 0, 0, 0.14%, 7, 0, 9, 0.00
1733783013, 1036291, 0, 40, 0, 0, 0.14%, 7, 0, 9, 0.00
1733783018, 1049226, 0, 40, 0, 0, 0.14%, 7, 0, 9, 0.00
1733783023, 1062234, 0, 40, 0, 0, 0.14%, 7, 0, 9, 0.00
1733783028, 1075212, 0, 40, 0, 0, 0.14%, 7, 0, 9, 0.00
1733783034, 1088227, 0, 40, 0, 0, 0.14%, 7, 0, 9, 0.00
1733783039, 1101207, 0, 40, 0, 0, 0.14%, 7, 0, 9, 0.00
1733783044, 1114180, 0, 40, 0, 0, 0.14%, 7, 0, 9, 0.00
1733783049, 1127162, 0, 40, 0, 0, 0.14%, 7, 0, 9, 0.00
1733783054, 1140089, 0, 40, 0, 0, 0.14%, 7, 0, 9, 0.00
1733783060, 1153049, 0, 40, 0, 0, 0.14%, 7, 0, 9, 0.00
1733783065, 1165959, 0, 40, 0, 0, 0.14%, 7, 0, 9, 0.00
1733783070, 1178908, 0, 40, 0, 0, 0.14%, 7, 0, 9, 0.00
1733783075, 1191818, 0, 40, 0, 0, 0.14%, 7, 0, 9, 0.00
1733783080, 1204767, 0, 40, 0, 0, 0.14%, 7, 0, 9, 0.00
1733783086, 1217750, 0, 40, 0, 0, 0.14%, 7, 0, 9, 0.00
1733783091, 1230721, 0, 40, 0, 0, 0.14%, 7, 0, 9, 0.00
1733783096, 1243662, 0, 40, 0, 0, 0.14%, 7, 0, 9, 0.00
1733783101, 1256673, 0, 40, 0, 0, 0.14%, 7, 0, 9, 0.00
1733783106, 1269613, 0, 40, 0, 0, 0.14%, 7, 0, 9, 0.00
1733783112, 1282544, 0, 40, 0, 0, 0.14%, 7, 0, 9, 0.00
1733783117, 1295537, 0, 40, 0, 0, 0.14%, 7, 0, 9, 0.00
1733783122, 1308457, 0, 40, 0, 0, 0.14%, 7, 0, 9, 0.00
1733783127, 1321448, 0, 40, 0, 0, 0.14%, 7, 0, 9, 0.00
1733783132, 1334398, 0, 40, 0, 0, 0.14%, 7, 0, 9, 0.00
1733783138, 1347448, 0, 40, 0, 0, 0.14%, 7, 0, 9, 0.00
1733783143, 1360376, 0, 40, 0, 0, 0.14%, 7, 0, 9, 0.00
1733783148, 1373332, 0, 40, 0, 0, 0.14%, 7, 0, 9, 0.00
1733783153, 1386290, 0, 40, 0, 0, 0.14%, 7, 0, 9, 0.00
1733783158, 1399242, 0, 40, 0, 0, 0.14%, 7, 0, 9, 0.00
1733783164, 1412213, 0, 40, 0, 0, 0.14%, 7, 0, 9, 0.00
1733783169, 1425190, 0, 40, 0, 0, 0.14%, 7, 0, 9, 0.00
1733783174, 1438134, 0, 40, 0, 0, 0.14%, 7, 0, 9, 0.00
1733783179, 1451096, 0, 40, 0, 0, 0.14%, 7, 0, 9, 0.00
1733783184, 1464080, 0, 40, 0, 0, 0.14%, 7, 0, 9, 0.00
1733783190, 1477040, 0, 40, 0, 0, 0.14%, 7, 0, 9, 0.00
1733783195, 1490026, 0, 40, 0, 0, 0.14%, 7, 0, 9, 0.00
1733783200, 1503028, 0, 40, 0, 0, 0.14%, 7, 0, 9, 0.00
1733783205, 1515993, 0, 40, 0, 0, 0.14%, 7, 0, 9, 0.00
1733783210, 1528933, 0, 40, 0, 0, 0.14%, 7, 0, 9, 0.00
1733783216, 1541837, 0, 40, 0, 0, 0.14%, 7, 0, 9, 0.00
1733783221, 1554786, 0, 40, 0, 0, 0.14%, 7, 0, 9, 0.00
1733783226, 1567697, 0, 40, 0, 0, 0.14%, 7, 0, 9, 0.00
1733783231, 1580693, 0, 40, 0, 0, 0.14%, 7, 0, 9, 0.00
1733783236, 1593671, 0, 40, 0, 0, 0.14%, 7, 0, 9, 0.00
1733783242, 1606632, 0, 40, 0, 0, 0.14%, 7, 0, 9, 0.00
1733783247, 1619602, 0, 40, 0, 0, 0.14%, 7, 0, 9, 0.00
1733783252, 1632608, 0, 40, 0, 0, 0.14%, 7, 0, 9, 0.00
1733783257, 1645584, 0, 40, 0, 0, 0.14%, 7, 0, 9, 0.00
1733783262, 1658565, 0, 40, 0, 0, 0.14%, 7, 0, 9, 0.00
1733783268, 1671608, 0, 40, 0, 0, 0.14%, 7, 0, 9, 0.00
1733783273, 1684606, 0, 40, 0, 0, 0.14%, 7, 0, 9, 0.00
1733783278, 1697560, 0, 40, 0, 0, 0.14%, 7, 0, 9, 0.00
1733783283, 1710517, 0, 40, 0, 0, 0.14%, 7, 0, 9, 0.00
1733783288, 1723508, 0, 40, 0, 0, 0.14%, 7, 0, 9, 0.00
1733783294, 1736437, 0, 40, 0, 0, 0.14%, 7, 0, 9, 0.00
1733783299, 1749383, 0, 40, 0, 0, 0.14%, 7, 0, 9, 0.00
1733783304, 1762324, 0, 40, 0, 0, 0.14%, 7, 0, 9, 0.00
1733783309, 1775334, 0, 40, 0, 0, 0.14%, 7, 0, 9, 0.00
1733783314, 1788275, 0, 40, 0, 0, 0.14%, 7, 0, 9, 0.00
1733783320, 1801220, 0, 40, 0, 0, 0.14%, 7, 0, 9, 0.00
1733783325, 1814152, 0, 40, 0, 0, 0.14%, 7, 0, 9, 0.00
1733783330, 1827116, 0, 40, 0, 0, 0.14%, 7, 0, 9, 0.00
1733783335, 1840137, 0, 40, 0, 0, 0.14%, 7, 0, 9, 0.00
1733783340, 1853110, 0, 40, 0, 0, 0.14%, 7, 0, 9, 0.00
1733783346, 1866102, 0, 40, 0, 0, 0.14%, 7, 0, 9, 0.00
1733783351, 1879080, 0, 40, 0, 0, 0.14%, 7, 0, 9, 0.00
1733783356, 1892033, 0, 40, 0, 0, 0.14%, 7, 0, 9, 0.00
1733783361, 1904987, 0, 40, 0, 0, 0.14%, 7, 0, 9, 0.00
1733783366, 1917886, 0, 40, 0, 0, 0.14%, 7, 0, 9, 0.00
1733783372, 1930842, 0, 40, 0, 0, 0.14%, 7, 0, 9, 0.00
1733783377, 1943808, 0, 40, 0, 0, 0.14%, 7, 0, 9, 0.00
1733783382, 1956809, 0, 40, 0, 0, 0.14%, 7, 0, 9, 0.00
1733783387, 1969823, 0, 40, 0, 0, 0.14%, 7, 0, 9, 0.00
1733783392, 1982802, 0, 40, 0, 0, 0.14%, 7, 0, 9, 0.00
1733783398, 1995777, 0, 40, 0, 0, 0.14%, 7, 0, 9, 0.00
1733783403, 2008731, 0, 40, 0, 0, 0.14%, 7, 0, 9, 0.00
1733783408, 2021734, 0, 40, 0, 0, 0.14%, 7, 0, 9, 0.00
1733783413, 2034717, 0, 40, 0, 0, 0.14%, 7, 0, 9, 0.00
1733783418, 2047696, 0, 40, 0, 0, 0.14%, 7, 0, 9, 0.00
1733783424, 2060710, 0, 40, 0, 0, 0.14%, 7, 0, 9, 0.00
1733783429, 2073684, 0, 40, 0, 0, 0.14%, 7, 0, 9, 0.00
1733783434, 2086649, 0, 40, 0, 0, 0.14%, 7, 0, 9, 0.00
1733783439, 2099630, 0, 40, 0, 0, 0.14%, 7, 0, 9, 0.00
1733783444, 2112573, 0, 40, 0, 0, 0.14%, 7, 0, 9, 0.00
1733783450, 2125545, 0, 40, 0, 0, 0.14%, 7, 0, 9, 0.00
1733783455, 2138546, 0, 40, 0, 0, 0.14%, 7, 0, 9, 0.00
1733783460, 2151541, 0, 40, 0, 0, 0.14%, 7, 0, 9, 0.00
1733783465, 2164460, 0, 40, 0, 0, 0.14%, 7, 0, 9, 0.00
1733783470, 2177428, 0, 40, 0, 0, 0.14%, 7, 0, 9, 0.00
1733783476, 2190436, 0, 40, 0, 0, 0.14%, 7, 0, 9, 0.00
1733783481, 2203392, 0, 40, 0, 0, 0.14%, 7, 0, 9, 0.00
1733783486, 2216366, 0, 40, 0, 0, 0.14%, 7, 0, 9, 0.00
1733783491, 2229311, 0, 40, 0, 0, 0.14%, 7, 0, 9, 0.00
1733783496, 2242327, 0, 40, 0, 0, 0.14%, 7, 0, 9, 0.00
1733783502, 2255276, 0, 40, 0, 0, 0.14%, 7, 0, 9, 0.00
1733783507, 2268280, 0, 40, 0, 0, 0.14%, 7, 0, 9, 0.00
1733783512, 2281232, 0, 40, 0, 0, 0.14%, 7, 0, 9, 0.00
1733783517, 2294171, 0, 40, 0, 0, 0.14%, 7, 0, 9, 0.00
1733783522, 2307146, 0, 40, 0, 0, 0.14%, 7, 0, 9, 0.00
1733783528, 2320185, 0, 40, 0, 0, 0.14%, 7, 0, 9, 0.00
1733783533, 2333160, 0, 40, 0, 0, 0.14%, 7, 0, 9, 0.00
1733783538, 2346162, 0, 40, 0, 0, 0.14%, 7, 0, 9, 0.00
1733783543, 2359096, 0, 40, 0, 0, 0.14%, 7, 0, 9, 0.00
1733783548, 2372093, 0, 40, 0, 0, 0.14%, 7, 0, 9, 0.00
1733783554, 2385059, 0, 40, 0, 0, 0.14%, 7, 0, 9, 0.00
1733783559, 2397985, 0, 40, 0, 0, 0.14%, 7, 0, 9, 0.00
1733783564, 2410976, 0, 40, 0, 0, 0.14%, 7, 0, 9, 0.00
1733783569, 2423952, 0, 40, 0, 0, 0.14%, 7, 0, 9, 0.00
1733783574, 2436916, 0, 40, 0, 0, 0.14%, 7, 0, 9, 0.00
1733783580, 2449909, 0, 40, 0, 0, 0.14%, 7, 0, 9, 0.00
1733783585, 2462878, 0, 40, 0, 0, 0.14%, 7, 0, 9, 0.00
1733783590, 2475905, 0, 40, 0, 0, 0.14%, 7, 0, 9, 0.00
1733783595, 2488912, 0, 40, 0, 0, 0.14%, 7, 0, 9, 0.00
1733783600, 2501920, 0, 40, 0, 0, 0.14%, 7, 0, 9, 0.00
1733783606, 2514871, 0, 40, 0, 0, 0.14%, 7, 0, 9, 0.00
1733783611, 2527855, 0, 40, 0, 0, 0.14%, 7, 0, 9, 0.00
1733783616, 2540828, 0, 40, 0, 0, 0.14%, 7, 0, 9, 0.00
1733783621, 2553837, 0, 40, 0, 0, 0.14%, 7, 0, 9, 0.00
1733783626, 2566740, 0, 40, 0, 0, 0.14%, 7, 0, 9, 0.00
1733783632, 2579716, 0, 40, 0, 0, 0.14%, 7, 0, 9, 0.00
1733783637, 2592722, 0, 40, 0, 0, 0.14%, 7, 0, 9, 0.00
1733783642, 2605699, 0, 40, 0, 0, 0.14%, 7, 0, 9, 0.00
1733783647, 2618667, 0, 40, 0, 0, 0.14%, 7, 0, 9, 0.00
1733783652, 2631624, 0, 40, 0, 0, 0.14%, 7, 0, 9, 0.00
1733783658, 2644632, 0, 40, 0, 0, 0.14%, 7, 0, 9, 0.00
1733783663, 2657607, 0, 40, 0, 0, 0.14%, 7, 0, 9, 0.00
1733783668, 2670606, 0, 40, 0, 0, 0.14%, 7, 0, 9, 0.00
1733783673, 2683633, 0, 40, 0, 0, 0.14%, 7, 0, 9, 0.00
1733783678, 2696602, 0, 40, 0, 0, 0.14%, 7, 0, 9, 0.00
1733783684, 2709572, 0, 40, 0, 0, 0.14%, 7, 0, 9, 0.00
1733783689, 2722581, 0, 40, 0, 0, 0.14%, 7, 0, 9, 0.00
1733783694, 2735568, 0, 40, 0, 0, 0.14%, 7, 0, 9, 0.00
1733783699, 2748548, 0, 40, 0, 0, 0.14%, 7, 0, 9, 0.00
1733783704, 2761526, 0, 40, 0, 0, 0.14%, 7, 0, 9, 0.00
1733783710, 2774461, 0, 40, 0, 0, 0.14%, 7, 0, 9, 0.00
1733783715, 2787417, 0, 40, 0, 0, 0.14%, 7, 0, 9, 0.00
1733783720, 2800369, 0, 40, 0, 0, 0.14%, 7, 0, 9, 0.00
1733783725, 2813353, 0, 40, 0, 0, 0.14%, 7, 0, 9, 0.00
1733783730, 2826334, 0, 40, 0, 0, 0.14%, 7, 0, 9, 0.00
1733783736, 2839304, 0, 40, 0, 0, 0.14%, 7, 0, 9, 0.00
1733783741, 2852262, 0, 40, 0, 0, 0.14%, 7, 0, 9, 0.00
1733783746, 2865185, 0, 40, 0, 0, 0.14%, 7, 0, 9, 0.00
1733783751, 2878123, 0, 40, 0, 0, 0.14%, 7, 0, 9, 0.00
1733783756, 2891075, 0, 40, 0, 0, 0.14%, 7, 0, 9, 0.00
1733783762, 2904005, 0, 40, 0, 0, 0.14%, 7, 0, 9, 0.00
1733783767, 2917010, 0, 40, 0, 0, 0.14%, 7, 0, 9, 0.00
1733783772, 2929989, 0, 40, 0, 0, 0.14%, 7, 0, 9, 0.00
1733783777, 2942977, 0, 40, 0, 0, 0.14%, 7, 0, 9, 0.00
1733783782, 2955927, 0, 40, 0, 0, 0.14%, 7, 0, 9, 0.00
1733783788, 2968923, 0, 40, 0, 0, 0.14%, 7, 0, 9, 0.00
1733783793, 2981873, 0, 40, 0, 0, 0.14%, 7, 0, 9, 0.00
1733783798, 2994861, 0, 40, 0, 0, 0.14%, 7, 0, 9, 0.00
1733783803, 3007842, 0, 40, 0, 0, 0.14%, 7, 0, 9, 0.00
1733783808, 3020858, 0, 40, 0, 0, 0.14%, 7, 0, 9, 0.00
1733783814, 3033801, 0, 40, 0, 0, 0.14%, 7, 0, 9, 0.00
1733783819, 3046742, 0, 40, 0, 0, 0.14%, 7, 0, 9, 0.00
1733783824, 3059700, 0, 40, 0, 0, 0.14%, 7, 0, 9, 0.00
1733783829, 3072661, 0, 40, 0, 0, 0.14%, 7, 0, 9, 0.00
1733783834, 3085586, 0, 40, 0, 0, 0.14%, 7, 0, 9, 0.00
1733783840, 3098562, 0, 40, 0, 0, 0.14%, 7, 0, 9, 0.00
1733783845, 3111521, 0, 40, 0, 0, 0.14%, 7, 0, 9, 0.00
1733783850, 3124500, 0, 40, 0, 0, 0.14%, 7, 0, 9, 0.00
1733783855, 3137469, 0, 40, 0, 0, 0.14%, 7, 0, 9, 0.00
1733783860, 3150389, 0, 40, 0, 0, 0.14%, 7, 0, 9, 0.00
1733783866, 3163338, 0, 40, 0, 0, 0.14%, 7, 0, 9, 0.00
1733783871, 3176327, 0, 40, 0, 0, 0.14%, 7, 0, 9, 0.00
1733783876, 3189290, 0, 40, 0, 0, 0.14%, 7, 0, 9, 0.00
1733783881, 3202238, 0, 40, 0, 0, 0.14%, 7, 0, 9, 0.00
1733783886, 3215227, 0, 40, 0, 0, 0.14%, 7, 0, 9, 0.00
1733783892, 3228170, 0, 40, 0, 0, 0.14%, 7, 0, 9, 0.00
1733783897, 3241103, 0, 40, 0, 0, 0.14%, 7, 0, 9, 0.00
1733783902, 3254075, 0, 40, 0, 0, 0.14%, 7, 0, 9, 0.00
1733783907, 3267089, 0, 40, 0, 0, 0.14%, 7, 0, 9, 0.00
1733783912, 3280024, 0, 40, 0, 0, 0.14%, 7, 0, 9, 0.00
1733783918, 3292981, 0, 40, 0, 0, 0.14%, 7, 0, 9, 0.00
1733783923, 3306008, 0, 40, 0, 0, 0.14%, 7, 0, 9, 0.00
1733783928, 3318974, 0, 40, 0, 0, 0.14%, 7, 0, 9, 0.00
1733783933, 3331940, 0, 40, 0, 0, 0.14%, 7, 0, 9, 0.00
1733783938, 3344905, 0, 40, 0, 0, 0.14%, 7, 0, 9, 0.00
1733783944, 3357903, 0, 40, 0, 0, 0.14%, 7, 0, 9, 0.00
1733783949, 3370859, 0, 40, 0, 0, 0.14%, 7, 0, 9, 0.00
1733783954, 3383860, 0, 40, 0, 0, 0.14%, 7, 0, 9, 0.00
1733783959, 3396796, 0, 40, 0, 0, 0.14%, 7, 0, 9, 0.00
1733783964, 3409828, 0, 40, 0, 0, 0.14%, 7, 0, 9, 0.00
1733783970, 3422758, 0, 40, 0, 0, 0.14%, 7, 0, 9, 0.00
1733783975, 3435748, 0, 40, 0, 0, 0.14%, 7, 0, 9, 0.00
1733783980, 3448705, 0, 40, 0, 0, 0.14%, 7, 0, 9, 0.00
1733783985, 3461702, 0, 40, 0, 0, 0.14%, 7, 0, 9, 0.00
1733783990, 3474770, 0, 40, 0, 0, 0.14%, 7, 0, 9, 0.00
1733783996, 3487744, 0, 40, 0, 0, 0.14%, 7, 0, 9, 0.00
1733784001, 3500756, 0, 40, 0, 0, 0.14%, 7, 0, 9, 0.00
1733784006, 3513720, 0, 40, 0, 0, 0.14%, 7, 0, 9, 0.00
1733784011, 3526681, 0, 40, 0, 0, 0.14%, 7, 0, 9, 0.00
1733784016, 3539676, 0, 40, 0, 0, 0.14%, 7, 0, 9, 0.00
1733784022, 3552604, 0, 40, 0, 0, 0.14%, 7, 0, 9, 0.00
1733784027, 3565521, 0, 40, 0, 0, 0.14%, 7, 0, 9, 0.00
1733784032, 3578499, 0, 40, 0, 0, 0.14%, 7, 0, 9, 0.00
1733784037, 3591455, 0, 40, 0, 0, 0.14%, 7, 0, 9, 0.00
1733784042, 3604472, 0, 40, 0, 0, 0.14%, 7, 0, 9, 0.00
1733784048, 3617491, 0, 40, 0, 0, 0.14%, 7, 0, 9, 0.00
1733784053, 3630432, 0, 40, 0, 0, 0.14%, 7, 0, 9, 0.00
1733784058, 3643412, 0, 40, 0, 0, 0.14%, 7, 0, 9, 0.00
1733784063, 3656334, 0, 40, 0, 0, 0.14%, 7, 0, 9, 0.00
1733784068, 3669319, 0, 40, 0, 0, 0.14%, 7, 0, 9, 0.00
1733784074, 3682296, 0, 40, 0, 0, 0.14%, 7, 0, 9, 0.00
1733784079, 3695276, 0, 40, 0, 0, 0.14%, 7, 0, 9, 0.00
1733784084, 3708290, 0, 40, 0, 0, 0.14%, 7, 0, 9, 0.00
1733784089, 3721289, 0, 40, 0, 0, 0.14%, 7, 0, 9, 0.00
1733784094, 3734194, 0, 40, 0, 0, 0.14%, 7, 0, 9, 0.00
1733784100, 3747176, 0, 40, 0, 0, 0.14%, 7, 0, 9, 0.00
1733784105, 3760138, 0, 40, 0, 0, 0.14%, 7, 0, 9, 0.00
1733784110, 3773071, 0, 40, 0, 0, 0.14%, 7, 0, 9, 0.00
1733784115, 3786095, 0, 40, 0, 0, 0.14%, 7, 0, 9, 0.00
1733784120, 3799068, 0, 40, 0, 0, 0.14%, 7, 0, 9, 0.00
1733784126, 3812035, 0, 40, 0, 0, 0.14%, 7, 0, 9, 0.00
1733784131, 3824958, 0, 40, 0, 0, 0.14%, 7, 0, 9, 0.00
1733784136, 3837877, 0, 40, 0, 0, 0.14%, 7, 0, 9, 0.00
1733784141, 3850849, 0, 40, 0, 0, 0.14%, 7, 0, 9, 0.00
1733784146, 3863806, 0, 40, 0, 0, 0.14%, 7, 0, 9, 0.00
1733784152, 3876775, 0, 40, 0, 0, 0.14%, 7, 0, 9, 0.00
1733784157, 3889765, 0, 40, 0, 0, 0.14%, 7, 0, 9, 0.00
1733784162, 3902717, 0, 40, 0, 0, 0.14%, 7, 0, 9, 0.00
1733784167, 3915660, 0, 40, 0, 0, 0.14%, 7, 0, 9, 0.00
1733784172, 3928634, 0, 40, 0, 0, 0.14%, 7, 0, 9, 0.00
1733784178, 3941576, 0, 40, 0, 0, 0.14%, 7, 0, 9, 0.00
1733784183, 3954592, 0, 40, 0, 0, 0.14%, 7, 0, 9, 0.00
1733784188, 3967553, 0, 40, 0, 0, 0.14%, 7, 0, 9, 0.00
1733784193, 3980508, 0, 40, 0, 0, 0.14%, 7, 0, 9, 0.00
1733784198, 3993474, 0, 40, 0, 0, 0.14%, 7, 0, 9, 0.00
1733784204, 4006468, 0, 40, 0, 0, 0.14%, 7, 0, 9, 0.00
1733784209, 4019415, 0, 40, 0, 0, 0.14%, 7, 0, 9, 0.00
1733784214, 4032408, 0, 40, 0, 0, 0.14%, 7, 0, 9, 0.00
1733784219, 4045415, 0, 40, 0, 0, 0.14%, 7, 0, 9, 0.00
1733784224, 4058376, 0, 40, 0, 0, 0.14%, 7, 0, 9, 0.00
1733784230, 4071335, 0, 40, 0, 0, 0.14%, 7, 0, 9, 0.00
1733784235, 4084301, 0, 40, 0, 0, 0.14%, 7, 0, 9, 0.00
1733784240, 4097226, 0, 40, 0, 0, 0.14%, 7, 0, 9, 0.00
1733784245, 4110237, 0, 40, 0, 0, 0.14%, 7, 0, 9, 0.00
1733784250, 4123165, 0, 40, 0, 0, 0.14%, 7, 0, 9, 0.00
1733784256, 4136150, 0, 40, 0, 0, 0.14%, 7, 0, 9, 0.00
1733784261, 4149111, 0, 40, 0, 0, 0.14%, 7, 0, 9, 0.00
1733784266, 4162070, 0, 40, 0, 0, 0.14%, 7, 0, 9, 0.00
1733784271, 4175020, 0, 40, 0, 0, 0.14%, 7, 0, 9, 0.00
1733784276, 4187969, 0, 40, 0, 0, 0.14%, 7, 0, 9, 0.00
1733784282, 4200907, 0, 40, 0, 0, 0.14%, 7, 0, 9, 0.00
1733784287, 4213849, 0, 40, 0, 0, 0.14%, 7, 0, 9, 0.00
1733784292, 4226817, 0, 40, 0, 0, 0.14%, 7, 0, 9, 0.00
1733784297, 4239789, 0, 40, 0, 0, 0.14%, 7, 0, 9, 0.00
1733784302, 4252783, 0, 40, 0, 0, 0.14%, 7, 0, 9, 0.00
1733784308, 4265703, 0, 40, 0, 0, 0.14%, 7, 0, 9, 0.00
1733784313, 4278658, 0, 40, 0, 0, 0.14%, 7, 0, 9, 0.00
1733784318, 4291635, 0, 40, 0, 0, 0.14%, 7, 0, 9, 0.00
1733784323, 4304591, 0, 40, 0, 0, 0.14%, 7, 0, 9, 0.00
1733784328, 4317596, 0, 40, 0, 0, 0.14%, 7, 0, 9, 0.00
1733784334, 4330572, 0, 40, 0, 0, 0.14%, 7, 0, 9, 0.00
1733784339, 4343563, 0, 40, 0, 0, 0.14%, 7, 0, 9, 0.00
1733784344, 4356501, 0, 40, 0, 0, 0.14%, 7, 0, 9, 0.00
1733784349, 4369448, 0, 40, 0, 0, 0.14%, 7, 0, 9, 0.00
1733784354, 4382398, 0, 40, 0, 0, 0.14%, 7, 0, 9, 0.00
1733784360, 4395428, 0, 40, 0, 0, 0.14%, 7, 0, 9, 0.00
1733784365, 4408409, 0, 40, 0, 0, 0.14%, 7, 0, 9, 0.00
1733784370, 4421379, 0, 40, 0, 0, 0.14%, 7, 0, 9, 0.00
1733784375, 4434359, 0, 40, 0, 0, 0.14%, 7, 0, 9, 0.00
1733784380, 4447318, 0, 40, 0, 0, 0.14%, 7, 0, 9, 0.00
1733784386, 4460295, 0, 40, 0, 0, 0.14%, 7, 0, 9, 0.00
1733784391, 4473215, 0, 40, 0, 0, 0.14%, 7, 0, 9, 0.00
1733784396, 4486185, 0, 40, 0, 0, 0.14%, 7, 0, 9, 0.00
1733784401, 4499127, 0, 40, 0, 0, 0.14%, 7, 0, 9, 0.00
1733784406, 4512108, 0, 40, 0, 0, 0.14%, 7, 0, 9, 0.00
1733784412, 4525105, 0, 40, 0, 0, 0.14%, 7, 0, 9, 0.00
1733784417, 4538130, 0, 40, 0, 0, 0.14%, 7, 0, 9, 0.00
1733784422, 4551156, 0, 40, 0, 0, 0.14%, 7, 0, 9, 0.00
1733784427, 4564110, 0, 40, 0, 0, 0.14%, 7, 0, 9, 0.00
1733784432, 4577092, 0, 40, 0, 0, 0.14%, 7, 0, 9, 0.00
1733784438, 4590084, 0, 40, 0, 0, 0.14%, 7, 0, 9, 0.00
1733784443, 4603081, 0, 40, 0, 0, 0.14%, 7, 0, 9, 0.00
1733784448, 4616039, 0, 40, 0, 0, 0.14%, 7, 0, 9, 0.00
1733784453, 4629014, 0, 40, 0, 0, 0.14%, 7, 0, 9, 0.00
1733784458, 4642063, 0, 40, 0, 0, 0.14%, 7, 0, 9, 0.00
1733784464, 4655020, 0, 40, 0, 0, 0.14%, 7, 0, 9, 0.00
1733784469, 4668032, 0, 40, 0, 0, 0.14%, 7, 0, 9, 0.00
1733784474, 4680980, 0, 40, 0, 0, 0.14%, 7, 0, 9, 0.00
1733784479, 4693885, 0, 40, 0, 0, 0.14%, 7, 0, 9, 0.00
1733784484, 4706899, 0, 40, 0, 0, 0.14%, 7, 0, 9, 0.00
1733784490, 4719857, 0, 40, 0, 0, 0.14%, 7, 0, 9, 0.00
1733784495, 4732840, 0, 40, 0, 0, 0.14%, 7, 0, 9, 0.00
1733784500, 4745840, 0, 40, 0, 0, 0.14%, 7, 0, 9, 0.00
1733784505, 4758810, 0, 40, 0, 0, 0.14%, 7, 0, 9, 0.00
1733784510, 4771794, 0, 40, 0, 0, 0.14%, 7, 0, 9, 0.00
1733784516, 4784787, 0, 40, 0, 0, 0.14%, 7, 0, 9, 0.00
1733784521, 4797780, 0, 40, 0, 0, 0.14%, 7, 0, 9, 0.00
1733784526, 4810751, 0, 40, 0, 0, 0.14%, 7, 0, 9, 0.00
1733784531, 4823683, 0, 40, 0, 0, 0.14%, 7, 0, 9, 0.00
1733784536, 4836686, 0, 40, 0, 0, 0.14%, 7, 0, 9, 0.00
1733784542, 4849666, 0, 40, 0, 0, 0.14%, 7, 0, 9, 0.00
1733784547, 4862573, 0, 40, 0, 0, 0.14%, 7, 0, 9, 0.00
1733784552, 4875576, 0, 40, 0, 0, 0.14%, 7, 0, 9, 0.00
1733784557, 4888589, 0, 40, 0, 0, 0.14%, 7, 0, 9, 0.00
1733784562, 4901552, 0, 40, 0, 0, 0.14%, 7, 0, 9, 0.00
1733784568, 4914448, 0, 40, 0, 0, 0.14%, 7, 0, 9, 0.00
1733784573, 4927405, 0, 40, 0, 0, 0.14%, 7, 0, 9, 0.00
1733784578, 4940394, 0, 40, 0, 0, 0.14%, 7, 0, 9, 0.00
1733784583, 4953335, 0, 40, 0, 0, 0.14%, 7, 0, 9, 0.00
1733784588, 4966326, 0, 40, 0, 0, 0.14%, 7, 0, 9, 0.00
1733784594, 4979258, 0, 40, 0, 0, 0.14%, 7, 0, 9, 0.00
1733784599, 4992232, 0, 40, 0, 0, 0.14%, 7, 0, 9, 0.00
1733784604, 5005160, 0, 40, 0, 0, 0.14%, 7, 0, 9, 0.00
1733784609, 5018201, 0, 40, 0, 0, 0.14%, 7, 0, 9, 0.00
1733784614, 5031213, 0, 40, 0, 0, 0.14%, 7, 0, 9, 0.00
1733784620, 5044242, 0, 40, 0, 0, 0.14%, 7, 0, 9, 0.00
1733784625, 5057237, 0, 40, 0, 0, 0.14%, 7, 0, 9, 0.00
1733784630, 5070201, 0, 40, 0, 0, 0.14%, 7, 0, 9, 0.00
1733784635, 5083101, 0, 40, 0, 0, 0.14%, 7, 0, 9, 0.00
1733784640, 5096058, 0, 40, 0, 0, 0.14%, 7, 0, 9, 0.00
1733784646, 5109020, 0, 40, 0, 0, 0.14%, 7, 0, 9, 0.00
1733784651, 5121966, 0, 40, 0, 0, 0.14%, 7, 0, 9, 0.00
1733784656, 5134875, 0, 40, 0, 0, 0.14%, 7, 0, 9, 0.00
1733784661, 5147844, 0, 40, 0, 0, 0.14%, 7, 0, 9, 0.00
1733784666, 5160787, 0, 40, 0, 0, 0.14%, 7, 0, 9, 0.00
1733784672, 5173753, 0, 40, 0, 0, 0.14%, 7, 0, 9, 0.00
1733784677, 5186681, 0, 40, 0, 0, 0.14%, 7, 0, 9, 0.00
1733784682, 5199679, 0, 40, 0, 0, 0.14%, 7, 0, 9, 0.00
1733784687, 5212576, 0, 40, 0, 0, 0.14%, 7, 0, 9, 0.00
1733784692, 5225526, 0, 40, 0, 0, 0.14%, 7, 0, 9, 0.00
1733784698, 5238494, 0, 40, 0, 0, 0.14%, 7, 0, 9, 0.00
1733784703, 5251463, 0, 40, 0, 0, 0.14%, 7, 0, 9, 0.00
1733784708, 5264407, 0, 40, 0, 0, 0.14%, 7, 0, 9, 0.00
1733784713, 5277380, 0, 40, 0, 0, 0.14%, 7, 0, 9, 0.00
1733784718, 5290291, 0, 40, 0, 0, 0.14%, 7, 0, 9, 0.00
1733784724, 5303261, 0, 40, 0, 0, 0.14%, 7, 0, 9, 0.00
1733784729, 5316222, 0, 40, 0, 0, 0.14%, 7, 0, 9, 0.00
1733784734, 5329206, 0, 40, 0, 0, 0.14%, 7, 0, 9, 0.00
1733784739, 5342154, 0, 40, 0, 0, 0.14%, 7, 0, 9, 0.00
1733784744, 5355134, 0, 40, 0, 0, 0.14%, 7, 0, 9, 0.00
1733784750, 5368138, 0, 40, 0, 0, 0.14%, 7, 0, 9, 0.00
1733784755, 5381073, 0, 40, 0, 0, 0.14%, 7, 0, 9, 0.00
1733784760, 5394052, 0, 40, 0, 0, 0.14%, 7, 0, 9, 0.00
1733784765, 5407001, 0, 40, 0, 0, 0.14%, 7, 0, 9, 0.00
1733784770, 5419920, 0, 40, 0, 0, 0.14%, 7, 0, 9, 0.00
1733784776, 5432908, 0, 40, 0, 0, 0.14%, 7, 0, 9, 0.00
1733784781, 5445916, 0, 40, 0, 0, 0.14%, 7, 0, 9, 0.00
1733784786, 5458827, 0, 40, 0, 0, 0.14%, 7, 0, 9, 0.00
1733784791, 5471793, 0, 40, 0, 0, 0.14%, 7, 0, 9, 0.00
1733784796, 5484779, 0, 40, 0, 0, 0.14%, 7, 0, 9, 0.00
1733784802, 5497707, 0, 40, 0, 0, 0.14%, 7, 0, 9, 0.00
1733784807, 5510706, 0, 40, 0, 0, 0.14%, 7, 0, 9, 0.00
1733784812, 5523653, 0, 40, 0, 0, 0.14%, 7, 0, 9, 0.00
1733784817, 5536585, 0, 40, 0, 0, 0.14%, 7, 0, 9, 0.00
1733784822, 5549561, 0, 40, 0, 0, 0.14%, 7, 0, 9, 0.00
1733784828, 5562579, 0, 40, 0, 0, 0.14%, 7, 0, 9, 0.00
1733784833, 5575565, 0, 40, 0, 0, 0.14%, 7, 0, 9, 0.00
1733784838, 5588522, 0, 40, 0, 0, 0.14%, 7, 0, 9, 0.00
1733784843, 5601504, 0, 40, 0, 0, 0.14%, 7, 0, 9, 0.00
1733784848, 5614457, 0, 40, 0, 0, 0.14%, 7, 0, 9, 0.00
1733784854, 5627403, 0, 40, 0, 0, 0.14%, 7, 0, 9, 0.00
1733784859, 5640380, 0, 40, 0, 0, 0.14%, 7, 0, 9, 0.00
1733784864, 5653313, 0, 40, 0, 0, 0.14%, 7, 0, 9, 0.00
1733784869, 5666289, 0, 40, 0, 0, 0.14%, 7, 0, 9, 0.00
1733784874, 5679264, 0, 40, 0, 0, 0.14%, 7, 0, 9, 0.00
1733784880, 5692184, 0, 40, 0, 0, 0.14%, 7, 0, 9, 0.00
1733784885, 5705161, 0, 40, 0, 0, 0.14%, 7, 0, 9, 0.00
1733784890, 5718037, 0, 40, 0, 0, 0.14%, 7, 0, 9, 0.00
1733784895, 5731000, 0, 40, 0, 0, 0.14%, 7, 0, 9, 0.00
1733784900, 5743986, 0, 40, 0, 0, 0.14%, 7, 0, 9, 0.00
1733784906, 5756958, 0, 40, 0, 0, 0.14%, 7, 0, 9, 0.00
1733784911, 5769916, 0, 40, 0, 0, 0.14%, 7, 0, 9, 0.00
1733784916, 5782809, 0, 40, 0, 0, 0.14%, 7, 0, 9, 0.00
1733784921, 5795777, 0, 40, 0, 0, 0.14%, 7, 0, 9, 0.00
1733784926, 5808709, 0, 40, 0, 0, 0.14%, 7, 0, 9, 0.00
1733784932, 5821698, 0, 40, 0, 0, 0.14%, 7, 0, 9, 0.00
1733784937, 5834712, 0, 40, 0, 0, 0.14%, 7, 0, 9, 0.00
1733784942, 5847689, 0, 40, 0, 0, 0.14%, 7, 0, 9, 0.00
1733784947, 5860604, 0, 40, 0, 0, 0.14%, 7, 0, 9, 0.00
1733784952, 5873570, 0, 40, 0, 0, 0.14%, 7, 0, 9, 0.00
1733784958, 5886563, 0, 40, 0, 0, 0.14%, 7, 0, 9, 0.00
1733784963, 5899486, 0, 40, 0, 0, 0.14%, 7, 0, 9, 0.00
1733784968, 5912467, 0, 40, 0, 0, 0.14%, 7, 0, 9, 0.00
1733784973, 5925436, 0, 40, 0, 0, 0.14%, 7, 0, 9, 0.00
1733784978, 5938432, 0, 40, 0, 0, 0.14%, 7, 0, 9, 0.00
1733784984, 5951406, 0, 40, 0, 0, 0.14%, 7, 0, 9, 0.00
1733784989, 5964361, 0, 40, 0, 0, 0.14%, 7, 0, 9, 0.00
1733784994, 5977391, 0, 40, 0, 0, 0.14%, 7, 0, 9, 0.00
1733784999, 5990336, 0, 40, 0, 0, 0.14%, 7, 0, 9, 0.00
1733785004, 6003353, 0, 40, 0, 0, 0.14%, 7, 0, 9, 0.00
1733785010, 6016365, 0, 40, 0, 0, 0.14%, 7, 0, 9, 0.00
1733785015, 6029312, 0, 40, 0, 0, 0.14%, 7, 0, 9, 0.00
1733785020, 6042266, 0, 40, 0, 0, 0.14%, 7, 0, 9, 0.00
1733785025, 6055264, 0, 40, 0, 0, 0.14%, 7, 0, 9, 0.00
1733785030, 6068221, 0, 40, 0, 0, 0.14%, 7, 0, 9, 0.00
1733785036, 6081131, 0, 40, 0, 0, 0.14%, 7, 0, 9, 0.00
1733785041, 6094122, 0, 40, 0, 0, 0.14%, 7, 0, 9, 0.00
1733785046, 6107083, 0, 40, 0, 0, 0.14%, 7, 0, 9, 0.00
1733785051, 6119614, 0, 40, 0, 0, 0.14%, 7, 0, 9, 0.00
1733785056, 6132647, 0, 40, 0, 0, 0.14%, 7, 0, 9, 0.00
1733785061, 6145619, 0, 40, 0, 0, 0.14%, 7, 0, 9, 0.00
1733785067, 6158600, 0, 40, 0, 0, 0.14%, 7, 0, 9, 0.00
1733785072, 6171575, 0, 40, 0, 0, 0.14%, 7, 0, 9, 0.00
1733785077, 6184580, 0, 40, 0, 0, 0.14%, 7, 0, 9, 0.00
1733785082, 6197524, 0, 40, 0, 0, 0.14%, 7, 0, 9, 0.00
1733785087, 6210432, 0, 40, 0, 0, 0.14%, 7, 0, 9, 0.00
1733785093, 6223465, 0, 40, 0, 0, 0.14%, 7, 0, 9, 0.00
1733785098, 6236394, 0, 40, 0, 0, 0.14%, 7, 0, 9, 0.00
1733785103, 6249344, 0, 40, 0, 0, 0.14%, 7, 0, 9, 0.00
1733785108, 6262258, 0, 40, 0, 0, 0.14%, 7, 0, 9, 0.00
1733785113, 6275221, 0, 40, 0, 0, 0.14%, 7, 0, 9, 0.00
1733785119, 6288234, 0, 40, 0, 0, 0.14%, 7, 0, 9, 0.00
1733785124, 6301242, 0, 40, 0, 0, 0.14%, 7, 0, 9, 0.00
1733785129, 6314260, 0, 40, 0, 0, 0.14%, 7, 0, 9, 0.00
1733785134, 6327203, 0, 40, 0, 0, 0.14%, 7, 0, 9, 0.00
1733785139, 6340159, 0, 40, 0, 0, 0.14%, 7, 0, 9, 0.00
1733785145, 6353126, 0, 40, 0, 0, 0.14%, 7, 0, 9, 0.00
1733785150, 6366087, 0, 40, 0, 0, 0.14%, 7, 0, 9, 0.00
1733785155, 6379108, 0, 40, 0, 0, 0.14%, 7, 0, 9, 0.00
1733785160, 6392101, 0, 40, 0, 0, 0.14%, 7, 0, 9, 0.00
1733785165, 6405075, 0, 40, 0, 0, 0.14%, 7, 0, 9, 0.00
1733785171, 6418051, 0, 40, 0, 0, 0.14%, 7, 0, 9, 0.00
1733785176, 6430962, 0, 40, 0, 0, 0.14%, 7, 0, 9, 0.00
1733785181, 6443964, 0, 40, 0, 0, 0.14%, 7, 0, 9, 0.00
1733785186, 6456925, 0, 40, 0, 0, 0.14%, 7, 0, 9, 0.00
1733785191, 6469944, 0, 40, 0, 0, 0.14%, 7, 0, 9, 0.00
1733785197, 6482865, 0, 40, 0, 0, 0.14%, 7, 0, 9, 0.00
1733785202, 6495835, 0, 40, 0, 0, 0.14%, 7, 0, 9, 0.00
1733785207, 6508764, 0, 40, 0, 0, 0.14%, 7, 0, 9, 0.00
1733785212, 6521713, 0, 40, 0, 0, 0.14%, 7, 0, 9, 0.00
1733785217, 6534706, 0, 40, 0, 0, 0.14%, 7, 0, 9, 0.00
1733785223, 6547709, 0, 40, 0, 0, 0.14%, 7, 0, 9, 0.00
1733785228, 6560693, 0, 40, 0, 0, 0.14%, 7, 0, 9, 0.00
1733785233, 6573657, 0, 40, 0, 0, 0.14%, 7, 0, 9, 0.00
1733785238, 6586641, 0, 40, 0, 0, 0.14%, 7, 0, 9, 0.00
1733785243, 6599602, 0, 40, 0, 0, 0.14%, 7, 0, 9, 0.00
1733785249, 6612565, 0, 40, 0, 0, 0.14%, 7, 0, 9, 0.00
1733785254, 6625580, 0, 40, 0, 0, 0.14%, 7, 0, 9, 0.00
1733785259, 6638497, 0, 40, 0, 0, 0.14%, 7, 0, 9, 0.00
1733785264, 6651398, 0, 40, 0, 0, 0.14%, 7, 0, 9, 0.00
1733785269, 6664352, 0, 40, 0, 0, 0.14%, 7, 0, 9, 0.00
1733785275, 6677313, 0, 40, 0, 0, 0.14%, 7, 0, 9, 0.00
1733785280, 6690247, 0, 40, 0, 0, 0.14%, 7, 0, 9, 0.00
1733785285, 6703155, 0, 40, 0, 0, 0.14%, 7, 0, 9, 0.00
1733785290, 6716117, 0, 40, 0, 0, 0.14%, 7, 0, 9, 0.00
1733785295, 6729075, 0, 40, 0, 0, 0.14%, 7, 0, 9, 0.00
1733785301, 6742068, 0, 40, 0, 0, 0.14%, 7, 0, 9, 0.00
1733785306, 6755087, 0, 40, 0, 0, 0.14%, 7, 0, 9, 0.00
1733785311, 6768042, 0, 40, 0, 0, 0.14%, 7, 0, 9, 0.00
1733785316, 6781010, 0, 40, 0, 0, 0.14%, 7, 0, 9, 0.00
1733785321, 6794001, 0, 40, 0, 0, 0.14%, 7, 0, 9, 0.00
1733785327, 6806972, 0, 40, 0, 0, 0.14%, 7, 0, 9, 0.00
1733785332, 6819976, 0, 40, 0, 0, 0.14%, 7, 0, 9, 0.00
1733785337, 6832910, 0, 40, 0, 0, 0.14%, 7, 0, 9, 0.00
1733785342, 6845884, 0, 40, 0, 0, 0.14%, 7, 0, 9, 0.00
1733785347, 6858832, 0, 40, 0, 0, 0.14%, 7, 0, 9, 0.00
1733785353, 6871768, 0, 40, 0, 0, 0.14%, 7, 0, 9, 0.00
1733785358, 6884759, 0, 40, 0, 0, 0.14%, 7, 0, 9, 0.00
1733785363, 6897759, 0, 40, 0, 0, 0.14%, 7, 0, 9, 0.00
1733785368, 6910705, 0, 40, 0, 0, 0.14%, 7, 0, 9, 0.00
1733785373, 6923633, 0, 40, 0, 0, 0.14%, 7, 0, 9, 0.00
