# unix_time, cycles_done, cur_path, paths_total, pending_total, pending_favs, map_size, unique_crashes, unique_hangs, max_depth, execs_per_sec
1733621709, 0, 0, 10, 10, 1, 0.01%, 0, 0, 1, 35.99
1733621714, 0, 3, 10, 10, 1, 0.01%, 0, 0, 1, 36.13
1733621730, 1, 0, 10, 3, 0, 0.01%, 0, 0, 1, 42.64
1733621735, 1, 1, 10, 2, 0, 0.01%, 0, 0, 1, 44.01
1733621745, 1, 2, 10, 1, 0, 0.01%, 0, 0, 1, 42.99
1733621750, 1, 3, 10, 0, 0, 0.01%, 0, 0, 1, 43.40
1733621755, 1, 4, 10, 0, 0, 0.01%, 0, 0, 1, 42.99
1733621760, 1, 5, 10, 0, 0, 0.01%, 0, 0, 1, 43.15
1733621765, 1, 6, 10, 0, 0, 0.01%, 0, 0, 1, 42.65
1733621770, 1, 7, 10, 0, 0, 0.01%, 0, 0, 1, 41.29
1733621780, 1, 8, 10, 0, 0, 0.01%, 0, 0, 1, 43.75
1733621785, 1, 9, 10, 0, 0, 0.01%, 0, 0, 1, 43.81
1733621790, 2, 0, 10, 0, 0, 0.01%, 0, 0, 1, 45.56
1733621796, 2, 1, 10, 0, 0, 0.01%, 0, 0, 1, 44.76
1733621801, 2, 2, 10, 0, 0, 0.01%, 0, 0, 1, 44.39
1733621806, 2, 3, 10, 0, 0, 0.01%, 0, 0, 1, 43.34
1733621811, 2, 4, 10, 0, 0, 0.01%, 0, 0, 1, 43.00
1733621821, 2, 5, 10, 0, 0, 0.01%, 0, 0, 1, 43.16
1733621826, 2, 6, 10, 0, 0, 0.01%, 0, 0, 1, 43.79
1733621831, 2, 7, 10, 0, 0, 0.01%, 0, 0, 1, 44.35
1733621836, 2, 8, 10, 0, 0, 0.01%, 0, 0, 1, 44.06
1733621841, 2, 9, 10, 0, 0, 0.01%, 0, 0, 1, 43.74
1733621847, 3, 0, 10, 0, 0, 0.01%, 0, 0, 1, 44.31
1733621852, 3, 1, 10, 0, 0, 0.01%, 0, 0, 1, 43.24
1733621862, 3, 2, 10, 0, 0, 0.01%, 0, 0, 1, 43.31
1733621867, 3, 3, 10, 0, 0, 0.01%, 0, 0, 1, 44.09
1733621872, 3, 4, 10, 0, 0, 0.01%, 0, 0, 1, 42.46
1733621877, 3, 5, 10, 0, 0, 0.01%, 0, 0, 1, 44.56
1733621882, 3, 6, 10, 0, 0, 0.01%, 0, 0, 1, 43.59
1733621887, 3, 7, 10, 0, 0, 0.01%, 0, 0, 1, 43.43
1733621897, 3, 8, 10, 0, 0, 0.01%, 0, 0, 1, 42.04
1733621902, 3, 9, 10, 0, 0, 0.01%, 0, 0, 1, 44.49
1733621907, 4, 0, 10, 0, 0, 0.01%, 0, 0, 1, 43.74
1733621913, 4, 1, 10, 0, 0, 0.01%, 0, 0, 1, 43.87
1733621918, 4, 2, 10, 0, 0, 0.01%, 0, 0, 1, 44.32
1733621923, 4, 3, 10, 0, 0, 0.01%, 0, 0, 1, 44.45
1733621933, 4, 4, 10, 0, 0, 0.01%, 0, 0, 1, 44.48
1733621938, 4, 5, 10, 0, 0, 0.01%, 0, 0, 1, 42.70
1733621943, 4, 6, 10, 0, 0, 0.01%, 0, 0, 1, 43.75
1733621948, 4, 7, 10, 0, 0, 0.01%, 0, 0, 1, 45.08
1733621953, 4, 8, 10, 0, 0, 0.01%, 0, 0, 1, 44.80
1733621958, 4, 9, 10, 0, 0, 0.01%, 0, 0, 1, 42.53
1733621963, 5, 0, 10, 0, 0, 0.01%, 0, 0, 1, 43.71
1733621973, 5, 1, 10, 0, 0, 0.01%, 0, 0, 1, 43.25
1733621978, 5, 2, 10, 0, 0, 0.01%, 0, 0, 1, 44.63
1733621984, 5, 3, 10, 0, 0, 0.01%, 0, 0, 1, 44.06
1733621989, 5, 4, 10, 0, 0, 0.01%, 0, 0, 1, 44.78
1733621994, 5, 5, 10, 0, 0, 0.01%, 0, 0, 1, 43.43
1733621999, 5, 6, 10, 0, 0, 0.01%, 0, 0, 1, 43.88
1733622009, 5, 7, 10, 0, 0, 0.01%, 0, 0, 1, 44.39
1733622014, 5, 8, 10, 0, 0, 0.01%, 0, 0, 1, 43.30
1733622019, 5, 9, 10, 0, 0, 0.01%, 0, 0, 1, 42.63
1733622024, 6, 0, 10, 0, 0, 0.01%, 0, 0, 1, 42.30
1733622029, 6, 1, 10, 0, 0, 0.01%, 0, 0, 1, 42.58
1733622034, 6, 2, 10, 0, 0, 0.01%, 0, 0, 1, 42.83
1733622039, 6, 3, 10, 0, 0, 0.01%, 0, 0, 1, 43.00
1733622049, 6, 4, 10, 0, 0, 0.01%, 0, 0, 1, 42.65
1733622054, 6, 5, 10, 0, 0, 0.01%, 0, 0, 1, 42.90
1733622059, 6, 6, 10, 0, 0, 0.01%, 0, 0, 1, 43.68
1733622065, 6, 7, 10, 0, 0, 0.01%, 0, 0, 1, 45.38
1733622070, 6, 8, 10, 0, 0, 0.01%, 0, 0, 1, 45.80
1733622075, 6, 9, 10, 0, 0, 0.01%, 0, 0, 1, 45.19
1733622080, 7, 0, 10, 0, 0, 0.01%, 0, 0, 1, 43.81
1733622090, 7, 1, 10, 0, 0, 0.01%, 0, 0, 1, 42.38
1733622095, 7, 2, 10, 0, 0, 0.01%, 0, 0, 1, 42.58
1733622100, 7, 3, 10, 0, 0, 0.01%, 0, 0, 1, 43.88
1733622105, 7, 4, 10, 0, 0, 0.01%, 0, 0, 1, 43.81
1733622110, 7, 5, 10, 0, 0, 0.01%, 0, 0, 1, 43.02
1733622115, 7, 6, 10, 0, 0, 0.01%, 0, 0, 1, 43.83
1733622125, 7, 7, 10, 0, 0, 0.01%, 0, 0, 1, 42.86
1733622131, 7, 8, 10, 0, 0, 0.01%, 0, 0, 1, 43.57
1733622136, 7, 9, 10, 0, 0, 0.01%, 0, 0, 1, 44.40
1733622141, 8, 0, 10, 0, 0, 0.01%, 0, 0, 1, 43.52
1733622146, 8, 1, 10, 0, 0, 0.01%, 0, 0, 1, 44.24
1733622151, 8, 2, 10, 0, 0, 0.01%, 0, 0, 1, 42.46
1733622161, 8, 3, 10, 0, 0, 0.01%, 0, 0, 1, 44.85
1733622166, 8, 4, 10, 0, 0, 0.01%, 0, 0, 1, 44.19
1733622171, 8, 5, 10, 0, 0, 0.01%, 0, 0, 1, 43.57
1733622176, 8, 6, 10, 0, 0, 0.01%, 0, 0, 1, 43.53
1733622181, 8, 7, 10, 0, 0, 0.01%, 0, 0, 1, 41.73
1733622186, 8, 8, 10, 0, 0, 0.01%, 0, 0, 1, 42.95
1733622197, 8, 9, 10, 0, 0, 0.01%, 0, 0, 1, 43.99
1733622202, 9, 0, 10, 0, 0, 0.01%, 0, 0, 1, 43.44
1733622207, 9, 1, 10, 0, 0, 0.01%, 0, 0, 1, 44.18
1733622212, 9, 2, 10, 0, 0, 0.01%, 0, 0, 1, 44.29
1733622217, 9, 3, 10, 0, 0, 0.01%, 0, 0, 1, 42.98
1733622222, 9, 4, 10, 0, 0, 0.01%, 0, 0, 1, 43.93
1733622227, 9, 5, 10, 0, 0, 0.01%, 0, 0, 1, 45.18
1733622237, 9, 6, 10, 0, 0, 0.01%, 0, 0, 1, 44.72
1733622242, 9, 7, 10, 0, 0, 0.01%, 0, 0, 1, 42.79
1733622247, 9, 10, 11, 1, 1, 0.14%, 1, 0, 2, 63.69
1733622329, 14, 10, 11, 0, 0, 0.14%, 1, 0, 2, 45.85
1733622339, 15, 10, 11, 0, 0, 0.14%, 1, 0, 2, 48.49
1733622349, 16, 10, 11, 0, 0, 0.14%, 1, 0, 2, 46.14
1733622379, 17, 10, 11, 0, 0, 0.14%, 1, 0, 2, 49.15
1733622430, 18, 10, 11, 0, 0, 0.14%, 1, 0, 2, 48.23
1733622481, 19, 10, 11, 0, 0, 0.14%, 1, 0, 2, 45.99
1733622532, 20, 10, 11, 0, 0, 0.14%, 1, 0, 2, 47.38
1733622577, 21, 10, 11, 0, 0, 0.14%, 1, 0, 2, 46.90
1733622628, 22, 10, 11, 0, 0, 0.14%, 1, 0, 2, 45.76
1733622679, 23, 10, 11, 0, 0, 0.14%, 1, 0, 2, 46.32
1733622730, 24, 10, 11, 0, 0, 0.14%, 1, 0, 2, 48.12
1733622740, 24, 10, 12, 1, 0, 0.14%, 2, 0, 3, 49.98
1733622796, 24, 11, 14, 3, 1, 0.14%, 3, 0, 4, 76.23
1733622811, 24, 11, 15, 4, 1, 0.14%, 3, 0, 4, 52.39
1733622882, 24, 11, 16, 5, 1, 0.14%, 3, 0, 4, 48.86
1733622892, 24, 11, 17, 6, 1, 0.14%, 4, 0, 4, 53.48
1733622907, 24, 11, 18, 7, 1, 0.14%, 4, 0, 4, 45.47
1733622913, 24, 11, 19, 8, 1, 0.14%, 4, 0, 4, 48.85
1733622918, 24, 18, 20, 7, 1, 0.14%, 5, 0, 5, 68.05
1733622989, 24, 18, 21, 8, 1, 0.14%, 5, 0, 5, 53.32
1733623024, 24, 18, 22, 9, 1, 0.14%, 5, 0, 5, 53.67
1733623034, 24, 18, 23, 10, 1, 0.14%, 5, 0, 5, 52.25
1733623039, 24, 18, 24, 11, 1, 0.14%, 5, 0, 5, 51.94
1733623080, 24, 19, 24, 10, 2, 0.14%, 5, 0, 5, 88.67
1733623121, 24, 19, 25, 11, 2, 0.14%, 5, 0, 6, 50.80
1733623182, 24, 19, 26, 12, 2, 0.14%, 5, 0, 6, 60.66
1733623202, 24, 21, 26, 11, 3, 0.14%, 5, 0, 6, 74.72
1733623278, 24, 24, 26, 10, 2, 0.14%, 5, 0, 6, 39.80
1733623288, 24, 24, 27, 11, 2, 0.14%, 5, 0, 7, 112.73
1733623319, 24, 24, 29, 13, 2, 0.14%, 5, 0, 7, 108.64
1733623349, 24, 24, 30, 14, 2, 0.14%, 5, 0, 7, 109.11
1733623380, 24, 24, 31, 15, 2, 0.14%, 6, 0, 7, 109.78
1733623701, 25, 16, 31, 11, 0, 0.14%, 6, 0, 7, 64.92
1733623742, 25, 16, 32, 12, 0, 0.14%, 6, 0, 7, 71.73
1733623747, 25, 16, 33, 13, 0, 0.14%, 6, 0, 7, 66.33
1733623828, 26, 14, 33, 9, 0, 0.14%, 6, 0, 7, 64.45
1733623915, 28, 17, 33, 6, 0, 0.14%, 6, 0, 7, 91.69
1733624011, 28, 23, 33, 5, 0, 0.14%, 6, 0, 7, 64.28
1733624088, 28, 32, 33, 3, 0, 0.14%, 6, 0, 7, 61.24
1733624169, 29, 20, 33, 3, 0, 0.14%, 6, 0, 7, 42.02
1733624179, 30, 20, 33, 2, 0, 0.14%, 6, 0, 7, 77.94
1733625478, 34, 30, 33, 2, 0, 0.14%, 6, 0, 7, 64.32
1733625826, 35, 13, 33, 2, 0, 0.14%, 6, 0, 7, 73.91
1733625902, 38, 30, 33, 1, 0, 0.14%, 6, 0, 7, 50.62
1733625907, 39, 30, 33, 1, 0, 0.14%, 6, 0, 7, 58.52
1733625922, 40, 25, 33, 1, 0, 0.14%, 6, 0, 7, 45.46
1733627073, 40, 25, 34, 2, 0, 0.14%, 6, 0, 7, 77.28
1733627129, 40, 33, 34, 1, 1, 0.14%, 6, 0, 7, 83.83
1733627256, 40, 33, 35, 2, 1, 0.14%, 6, 0, 8, 73.24
1733627267, 40, 33, 36, 3, 1, 0.14%, 6, 0, 8, 73.44
1733627272, 40, 33, 37, 4, 1, 0.14%, 6, 0, 8, 75.83
1733627338, 40, 36, 37, 2, 1, 0.14%, 6, 0, 8, 82.83
1733627475, 42, 31, 37, 1, 0, 0.14%, 6, 0, 8, 71.68
1733627531, 42, 31, 38, 2, 0, 0.14%, 6, 0, 8, 59.88
1733627613, 42, 37, 38, 2, 1, 0.14%, 6, 0, 8, 96.08
1733627756, 43, 35, 38, 1, 0, 0.14%, 6, 0, 8, 43.44
1733629643, 47, 23, 38, 0, 0, 0.14%, 6, 0, 8, 55.27
1733629663, 48, 36, 38, 0, 0, 0.14%, 6, 0, 8, 63.81
1733629704, 49, 23, 38, 0, 0, 0.14%, 6, 0, 8, 57.04
1733629744, 49, 36, 38, 0, 0, 0.14%, 6, 0, 8, 66.73
1733629780, 50, 36, 38, 0, 0, 0.14%, 6, 0, 8, 63.90
1733629815, 51, 36, 38, 0, 0, 0.14%, 6, 0, 8, 62.71
1733629856, 52, 30, 38, 0, 0, 0.14%, 6, 0, 8, 62.49
1733629876, 52, 36, 38, 0, 0, 0.14%, 6, 0, 8, 60.96
1733629911, 53, 30, 38, 0, 0, 0.14%, 6, 0, 8, 67.94
1733629952, 53, 36, 38, 0, 0, 0.14%, 6, 0, 8, 55.77
1733629993, 54, 36, 38, 0, 0, 0.14%, 6, 0, 8, 69.44
1733630028, 55, 35, 38, 0, 0, 0.14%, 6, 0, 8, 75.55
1733630039, 55, 36, 38, 0, 0, 0.14%, 6, 0, 8, 60.58
1733630079, 56, 35, 38, 0, 0, 0.14%, 6, 0, 8, 82.42
1733630095, 56, 36, 38, 0, 0, 0.14%, 6, 0, 8, 59.47
1733630135, 57, 35, 38, 0, 0, 0.14%, 6, 0, 8, 88.90
1733630171, 58, 35, 38, 0, 0, 0.14%, 6, 0, 8, 86.51
1733630206, 79, 27, 38, 0, 0, 0.14%, 6, 0, 8, 84.69
1733630237, 81, 32, 38, 0, 0, 0.14%, 6, 0, 8, 58.83
1733630252, 85, 13, 38, 0, 0, 0.14%, 6, 0, 8, 65.06
1733630272, 87, 32, 38, 0, 0, 0.14%, 6, 0, 8, 62.78
1733630292, 91, 30, 38, 0, 0, 0.14%, 6, 0, 8, 64.66
1733630328, 95, 17, 38, 0, 0, 0.14%, 6, 0, 8, 59.29
1733630333, 96, 23, 38, 0, 0, 0.14%, 6, 0, 8, 61.02
1733630374, 98, 27, 38, 0, 0, 0.14%, 6, 0, 8, 61.45
1733630389, 99, 23, 38, 0, 0, 0.14%, 6, 0, 8, 55.63
1733630424, 108, 17, 38, 0, 0, 0.14%, 6, 0, 8, 62.20
1733630435, 109, 21, 38, 0, 0, 0.14%, 6, 0, 8, 57.73
1733630450, 109, 23, 38, 0, 0, 0.14%, 6, 0, 8, 59.97
1733630490, 113, 23, 38, 0, 0, 0.14%, 6, 0, 8, 57.03
1733630531, 116, 32, 38, 0, 0, 0.14%, 6, 0, 8, 65.02
1733630551, 117, 27, 38, 0, 0, 0.14%, 6, 0, 8, 59.48
1733630577, 119, 27, 38, 0, 0, 0.14%, 6, 0, 8, 59.27
1733630618, 120, 28, 38, 0, 0, 0.14%, 6, 0, 8, 66.50
1733630669, 124, 32, 38, 0, 0, 0.14%, 6, 0, 8, 62.31
1733630704, 125, 22, 38, 0, 0, 0.14%, 6, 0, 8, 77.69
1733630760, 125, 32, 38, 0, 0, 0.14%, 6, 0, 8, 66.40
1733630796, 127, 22, 38, 0, 0, 0.14%, 6, 0, 8, 61.49
1733630816, 133, 16, 38, 0, 0, 0.14%, 6, 0, 8, 64.59
1733630821, 133, 32, 38, 0, 0, 0.14%, 6, 0, 8, 67.33
1733630861, 139, 22, 38, 0, 0, 0.14%, 6, 0, 8, 57.08
1733630872, 140, 30, 38, 0, 0, 0.14%, 6, 0, 8, 59.91
1733630907, 142, 21, 38, 0, 0, 0.14%, 6, 0, 8, 62.54
1733630923, 143, 20, 38, 0, 0, 0.14%, 6, 0, 8, 64.47
1733630933, 144, 21, 38, 0, 0, 0.14%, 6, 0, 8, 57.91
1733630948, 144, 25, 38, 0, 0, 0.14%, 6, 0, 8, 59.42
1733630953, 147, 23, 38, 0, 0, 0.14%, 6, 0, 8, 56.21
1733630994, 148, 22, 38, 0, 0, 0.14%, 6, 0, 8, 61.40
1733631014, 152, 27, 38, 0, 0, 0.14%, 6, 0, 8, 56.74
1733631050, 160, 23, 38, 0, 0, 0.14%, 6, 0, 8, 59.44
1733631090, 162, 25, 38, 0, 0, 0.14%, 6, 0, 8, 70.38
1733631105, 166, 25, 38, 0, 0, 0.14%, 6, 0, 8, 68.60
1733631131, 170, 16, 38, 0, 0, 0.14%, 6, 0, 8, 63.21
1733631141, 172, 16, 38, 0, 0, 0.14%, 6, 0, 8, 62.14
1733631161, 172, 32, 38, 0, 0, 0.14%, 6, 0, 8, 63.13
1733631196, 173, 13, 38, 0, 0, 0.14%, 6, 0, 8, 55.04
1733631237, 174, 32, 38, 0, 0, 0.14%, 6, 0, 8, 59.79
1733631278, 175, 13, 38, 0, 0, 0.14%, 6, 0, 8, 52.11
1733631298, 178, 17, 38, 0, 0, 0.14%, 6, 0, 8, 63.68
1733631319, 179, 11, 38, 0, 0, 0.14%, 6, 0, 8, 59.06
1733631324, 179, 25, 38, 0, 0, 0.14%, 6, 0, 8, 73.90
1733631354, 180, 27, 38, 0, 0, 0.14%, 6, 0, 8, 58.38
1733631395, 181, 21, 38, 0, 0, 0.14%, 6, 0, 8, 52.27
1733631420, 182, 21, 38, 0, 0, 0.14%, 6, 0, 8, 58.18
1733631466, 183, 18, 38, 0, 0, 0.14%, 6, 0, 8, 53.67
1733631471, 189, 13, 38, 0, 0, 0.14%, 6, 0, 8, 58.14
1733631511, 190, 20, 38, 0, 0, 0.14%, 6, 0, 8, 73.32
1733631522, 190, 21, 38, 0, 0, 0.14%, 6, 0, 8, 60.56
1733631562, 197, 32, 38, 0, 0, 0.14%, 6, 0, 8, 62.42
1733631603, 199, 17, 38, 0, 0, 0.14%, 6, 0, 8, 63.83
1733631638, 202, 16, 38, 0, 0, 0.14%, 6, 0, 8, 62.88
1733631674, 202, 19, 38, 0, 0, 0.14%, 6, 0, 8, 55.54
1733631679, 202, 34, 38, 0, 0, 0.14%, 6, 0, 8, 83.64
1733631816, 204, 23, 38, 0, 0, 0.14%, 6, 0, 8, 57.32
1733631857, 205, 21, 38, 0, 0, 0.14%, 6, 0, 8, 58.87
1733631897, 207, 13, 38, 0, 0, 0.14%, 6, 0, 8, 54.23
1733631933, 208, 31, 38, 0, 0, 0.14%, 6, 0, 8, 60.97
1733631938, 211, 16, 38, 0, 0, 0.14%, 6, 0, 8, 61.35
1733631979, 212, 19, 38, 0, 0, 0.14%, 6, 0, 8, 58.56
1733631984, 212, 22, 38, 0, 0, 0.14%, 6, 0, 8, 57.59
1733632019, 213, 28, 38, 0, 0, 0.14%, 6, 0, 8, 57.68
1733632030, 216, 15, 38, 0, 0, 0.14%, 6, 0, 8, 67.24
1733632060, 218, 33, 38, 0, 0, 0.14%, 6, 0, 8, 66.39
1733632085, 221, 21, 38, 0, 0, 0.14%, 6, 0, 8, 57.78
1733632126, 221, 26, 38, 0, 0, 0.14%, 6, 0, 8, 62.21
1733632514, 221, 27, 38, 0, 0, 0.14%, 6, 0, 8, 61.60
1733632544, 225, 17, 38, 0, 0, 0.14%, 6, 0, 8, 69.06
1733632580, 226, 19, 38, 0, 0, 0.14%, 6, 0, 8, 58.93
1733632600, 226, 28, 38, 0, 0, 0.14%, 6, 0, 8, 53.78
1733632615, 232, 15, 38, 0, 0, 0.14%, 6, 0, 8, 56.35
1733632620, 232, 17, 38, 0, 0, 0.14%, 6, 0, 8, 59.56
1733632655, 233, 19, 38, 0, 0, 0.14%, 6, 0, 8, 55.05
1733632691, 233, 31, 38, 0, 0, 0.14%, 6, 0, 8, 57.71
1733632706, 233, 32, 38, 0, 0, 0.14%, 6, 0, 8, 59.73
1733632742, 234, 19, 38, 0, 0, 0.14%, 6, 0, 8, 63.55
1733632777, 235, 29, 38, 0, 0, 0.14%, 6, 0, 8, 64.83
1733632977, 236, 15, 38, 0, 0, 0.14%, 6, 0, 8, 57.52
1733632987, 236, 25, 38, 0, 0, 0.14%, 6, 0, 8, 65.29
1733633023, 238, 32, 38, 0, 0, 0.14%, 6, 0, 8, 68.86
1733633064, 242, 13, 38, 0, 0, 0.14%, 6, 0, 8, 54.95
1733633104, 243, 16, 38, 0, 0, 0.14%, 6, 0, 8, 54.35
1733633140, 243, 29, 38, 0, 0, 0.14%, 6, 0, 8, 59.75
1733633155, 246, 13, 38, 0, 0, 0.14%, 6, 0, 8, 55.94
1733633196, 246, 16, 38, 0, 0, 0.14%, 6, 0, 8, 53.33
1733633236, 246, 26, 38, 0, 0, 0.14%, 6, 0, 8, 64.66
1733633241, 247, 11, 38, 0, 0, 0.14%, 6, 0, 8, 56.26
1733633247, 248, 16, 38, 0, 0, 0.14%, 6, 0, 8, 57.55
1733633287, 248, 23, 38, 0, 0, 0.14%, 6, 0, 8, 57.35
1733633327, 249, 28, 38, 0, 0, 0.14%, 6, 0, 8, 53.96
1733633353, 251, 28, 38, 0, 0, 0.14%, 6, 0, 8, 61.80
1733633393, 252, 17, 38, 0, 0, 0.14%, 6, 0, 8, 62.38
1733633434, 252, 31, 38, 0, 0, 0.14%, 6, 0, 8, 62.14
1733633470, 253, 19, 38, 0, 0, 0.14%, 6, 0, 8, 57.09
1733633505, 253, 26, 38, 0, 0, 0.14%, 6, 0, 8, 67.35
1733633526, 254, 16, 38, 0, 0, 0.14%, 6, 0, 8, 65.32
1733633561, 254, 33, 38, 0, 0, 0.14%, 6, 0, 8, 74.24
1733633582, 255, 21, 38, 0, 0, 0.14%, 6, 0, 8, 61.16
1733633617, 256, 13, 38, 0, 0, 0.14%, 6, 0, 8, 58.34
1733633658, 256, 15, 38, 0, 0, 0.14%, 6, 0, 8, 63.81
1733633683, 257, 23, 38, 0, 0, 0.14%, 6, 0, 8, 57.75
1733633723, 258, 11, 38, 0, 0, 0.14%, 6, 0, 8, 56.01
1733633733, 260, 31, 38, 0, 0, 0.14%, 6, 0, 8, 58.61
1733633774, 261, 18, 38, 0, 0, 0.14%, 6, 0, 8, 51.31
1733633784, 262, 16, 38, 0, 0, 0.14%, 6, 0, 8, 58.77
1733633825, 264, 28, 38, 0, 0, 0.14%, 6, 0, 8, 55.14
1733633860, 265, 18, 38, 0, 0, 0.14%, 6, 0, 8, 62.29
1733633880, 266, 28, 38, 0, 0, 0.14%, 6, 0, 8, 54.94
1733633916, 267, 27, 38, 0, 0, 0.14%, 6, 0, 8, 57.81
1733633951, 268, 11, 38, 0, 0, 0.14%, 6, 0, 8, 55.53
1733633971, 268, 22, 38, 0, 0, 0.14%, 6, 0, 8, 59.66
1733634012, 271, 23, 38, 0, 0, 0.14%, 6, 0, 8, 57.18
1733634048, 271, 27, 38, 0, 0, 0.14%, 6, 0, 8, 57.26
1733634088, 271, 28, 38, 0, 0, 0.14%, 6, 0, 8, 51.60
1733634129, 273, 26, 38, 0, 0, 0.14%, 6, 0, 8, 74.03
1733634160, 275, 19, 38, 0, 0, 0.14%, 6, 0, 8, 61.46
1733634195, 278, 22, 38, 0, 0, 0.14%, 6, 0, 8, 57.36
1733634236, 280, 21, 38, 0, 0, 0.14%, 6, 0, 8, 62.42
1733634277, 283, 14, 38, 0, 0, 0.14%, 6, 0, 8, 64.27
1733634282, 284, 13, 38, 0, 0, 0.14%, 6, 0, 8, 59.22
1733634322, 286, 22, 38, 0, 0, 0.14%, 6, 0, 8, 59.55
1733634363, 286, 26, 38, 0, 0, 0.14%, 6, 0, 8, 58.45
1733634404, 287, 18, 38, 0, 0, 0.14%, 6, 0, 8, 56.79
1733634439, 289, 29, 38, 0, 0, 0.14%, 6, 0, 8, 65.01
1733634465, 290, 15, 38, 0, 0, 0.14%, 6, 0, 8, 54.87
1733634505, 290, 37, 38, 0, 0, 0.14%, 6, 0, 8, 68.85
1733634525, 291, 23, 38, 0, 0, 0.14%, 6, 0, 8, 57.92
1733634566, 292, 15, 38, 0, 0, 0.14%, 6, 0, 8, 58.46
1733634596, 293, 23, 38, 0, 0, 0.14%, 6, 0, 8, 69.09
1733634606, 294, 21, 38, 0, 0, 0.14%, 6, 0, 8, 60.34
1733634642, 294, 31, 38, 0, 0, 0.14%, 6, 0, 8, 64.47
1733634682, 295, 33, 38, 0, 0, 0.14%, 6, 0, 8, 70.28
1733634718, 296, 13, 38, 0, 0, 0.14%, 6, 0, 8, 54.56
1733634758, 298, 18, 38, 0, 0, 0.14%, 6, 0, 8, 58.93
1733634799, 299, 11, 38, 0, 0, 0.14%, 6, 0, 8, 53.53
1733634835, 301, 21, 38, 0, 0, 0.14%, 6, 0, 8, 50.04
1733634880, 303, 24, 38, 0, 0, 0.14%, 6, 0, 8, 64.15
1733634885, 303, 26, 38, 0, 0, 0.14%, 6, 0, 8, 63.79
1733634926, 303, 37, 38, 0, 0, 0.14%, 6, 0, 8, 66.22
1733634941, 306, 17, 38, 0, 0, 0.14%, 6, 0, 8, 65.59
1733634977, 308, 37, 38, 0, 0, 0.14%, 6, 0, 8, 64.64
1733635018, 313, 14, 38, 0, 0, 0.14%, 6, 0, 8, 61.67
1733635033, 317, 33, 38, 0, 0, 0.14%, 6, 0, 8, 69.99
1733635069, 320, 22, 38, 0, 0, 0.14%, 6, 0, 8, 59.50
1733635109, 325, 18, 38, 0, 0, 0.14%, 6, 0, 8, 59.64
1733635150, 326, 14, 38, 0, 0, 0.14%, 6, 0, 8, 55.70
1733635180, 327, 15, 38, 0, 0, 0.14%, 6, 0, 8, 57.43
1733635216, 327, 31, 38, 0, 0, 0.14%, 6, 0, 8, 63.14
1733635256, 328, 31, 38, 0, 0, 0.14%, 6, 0, 8, 59.66
1733635292, 331, 15, 38, 0, 0, 0.14%, 6, 0, 8, 53.55
1733635328, 332, 22, 38, 0, 0, 0.14%, 6, 0, 8, 63.62
1733635368, 332, 23, 38, 0, 0, 0.14%, 6, 0, 8, 59.73
1733635373, 333, 34, 38, 0, 0, 0.14%, 6, 0, 8, 67.19
1733635409, 334, 33, 38, 0, 0, 0.14%, 6, 0, 8, 63.69
1733635449, 335, 11, 38, 0, 0, 0.14%, 6, 0, 8, 58.22
1733635485, 336, 17, 38, 0, 0, 0.14%, 6, 0, 8, 63.22
1733635525, 339, 15, 38, 0, 0, 0.14%, 6, 0, 8, 56.78
1733635561, 340, 13, 38, 0, 0, 0.14%, 6, 0, 8, 53.05
1733635601, 342, 23, 38, 0, 0, 0.14%, 6, 0, 8, 58.04
1733635612, 343, 33, 38, 0, 0, 0.14%, 6, 0, 8, 72.48
1733635647, 344, 13, 38, 0, 0, 0.14%, 6, 0, 8, 53.81
1733635687, 348, 14, 38, 0, 0, 0.14%, 6, 0, 8, 64.61
1733635723, 348, 22, 38, 0, 0, 0.14%, 6, 0, 8, 68.98
1733635764, 348, 34, 38, 0, 0, 0.14%, 6, 0, 8, 70.35
1733635799, 349, 14, 38, 0, 0, 0.14%, 6, 0, 8, 58.19
1733635840, 349, 37, 38, 0, 0, 0.14%, 6, 0, 8, 68.40
1733635875, 351, 23, 38, 0, 0, 0.14%, 6, 0, 8, 52.96
1733635886, 354, 34, 38, 0, 0, 0.14%, 6, 0, 8, 67.40
1733635921, 358, 34, 38, 0, 0, 0.14%, 6, 0, 8, 62.60
1733635957, 359, 37, 38, 0, 0, 0.14%, 6, 0, 8, 67.07
1733635997, 360, 11, 38, 0, 0, 0.14%, 6, 0, 8, 60.62
1733636033, 360, 22, 38, 0, 0, 0.14%, 6, 0, 8, 59.03
1733636073, 362, 34, 38, 0, 0, 0.14%, 6, 0, 8, 66.37
1733636109, 365, 34, 38, 0, 0, 0.14%, 6, 0, 8, 65.82
1733636150, 366, 17, 38, 0, 0, 0.14%, 6, 0, 8, 61.48
1733636185, 368, 14, 38, 0, 0, 0.14%, 6, 0, 8, 55.24
1733636226, 370, 18, 38, 0, 0, 0.14%, 6, 0, 8, 56.74
1733636266, 370, 33, 38, 0, 0, 0.14%, 6, 0, 8, 74.02
1733636302, 371, 18, 38, 0, 0, 0.14%, 6, 0, 8, 53.68
1733636342, 371, 34, 38, 0, 0, 0.14%, 6, 0, 8, 66.89
1733636383, 372, 11, 38, 0, 0, 0.14%, 6, 0, 8, 55.11
1733636413, 376, 23, 38, 0, 0, 0.14%, 6, 0, 8, 61.49
1733636418, 382, 14, 38, 0, 0, 0.14%, 6, 0, 8, 61.45
1733636454, 385, 34, 38, 0, 0, 0.14%, 6, 0, 8, 66.16
1733636489, 389, 12, 38, 0, 0, 0.14%, 6, 0, 8, 67.99
1733636505, 400, 37, 38, 0, 0, 0.14%, 6, 0, 8, 62.26
1733636540, 401, 37, 38, 0, 0, 0.14%, 6, 0, 8, 64.29
1733636581, 405, 23, 38, 0, 0, 0.14%, 6, 0, 8, 53.07
1733636586, 407, 24, 38, 0, 0, 0.14%, 6, 0, 8, 65.60
1733636596, 409, 24, 38, 0, 0, 0.14%, 6, 0, 8, 65.28
1733636626, 420, 12, 38, 0, 0, 0.14%, 6, 0, 8, 53.45
1733636637, 425, 23, 38, 0, 0, 0.14%, 6, 0, 8, 58.97
1733636642, 427, 12, 38, 0, 0, 0.14%, 6, 0, 8, 53.95
1733636667, 429, 34, 38, 0, 0, 0.14%, 6, 0, 8, 67.00
1733636702, 450, 23, 38, 0, 0, 0.14%, 6, 0, 8, 61.08
1733636712, 470, 23, 38, 0, 0, 0.14%, 6, 0, 8, 58.82
1733636717, 489, 12, 38, 0, 0, 0.14%, 6, 0, 8, 54.60
1733636748, 493, 23, 38, 0, 0, 0.14%, 6, 0, 8, 59.19
1733636758, 497, 12, 38, 0, 0, 0.14%, 6, 0, 8, 57.50
1733636789, 512, 23, 38, 0, 0, 0.14%, 6, 0, 8, 60.28
1733636794, 522, 12, 38, 0, 0, 0.14%, 6, 0, 8, 59.82
1733636835, 543, 12, 38, 0, 0, 0.14%, 6, 0, 8, 52.97
1733636870, 561, 23, 38, 0, 0, 0.14%, 6, 0, 8, 58.82
1733636880, 564, 23, 38, 0, 0, 0.14%, 6, 0, 8, 67.11
1733636885, 565, 23, 38, 0, 0, 0.14%, 6, 0, 8, 58.75
1733636890, 575, 23, 38, 0, 0, 0.14%, 6, 0, 8, 59.42
1733636895, 645, 23, 38, 0, 0, 0.14%, 6, 0, 8, 58.35
1733636901, 646, 23, 38, 0, 0, 0.14%, 6, 0, 8, 58.04
1733636906, 667, 23, 38, 0, 0, 0.14%, 6, 0, 8, 59.03
1733636916, 674, 23, 38, 0, 0, 0.14%, 6, 0, 8, 57.40
1733636921, 701, 23, 38, 0, 0, 0.14%, 6, 0, 8, 53.80
1733636926, 727, 23, 38, 0, 0, 0.14%, 6, 0, 8, 58.82
1733636931, 6827, 0, 38, 0, 0, 0.14%, 6, 0, 8, 0.00
1733636936, 23474, 0, 38, 0, 0, 0.14%, 6, 0, 8, 0.00
1733636941, 40085, 0, 38, 0, 0, 0.14%, 6, 0, 8, 0.00
1733636947, 56698, 0, 38, 0, 0, 0.14%, 6, 0, 8, 0.00
1733636952, 73261, 0, 38, 0, 0, 0.14%, 6, 0, 8, 0.00
1733636957, 89842, 0, 38, 0, 0, 0.14%, 6, 0, 8, 0.00
1733636962, 106388, 0, 38, 0, 0, 0.14%, 6, 0, 8, 0.00
1733636967, 122996, 0, 38, 0, 0, 0.14%, 6, 0, 8, 0.00
1733636973, 139587, 0, 38, 0, 0, 0.14%, 6, 0, 8, 0.00
1733636978, 156255, 0, 38, 0, 0, 0.14%, 6, 0, 8, 0.00
1733636983, 172899, 0, 38, 0, 0, 0.14%, 6, 0, 8, 0.00
1733636988, 189531, 0, 38, 0, 0, 0.14%, 6, 0, 8, 0.00
1733636993, 206084, 0, 38, 0, 0, 0.14%, 6, 0, 8, 0.00
1733636999, 222669, 0, 38, 0, 0, 0.14%, 6, 0, 8, 0.00
1733637004, 239266, 0, 38, 0, 0, 0.14%, 6, 0, 8, 0.00
1733637009, 255884, 0, 38, 0, 0, 0.14%, 6, 0, 8, 0.00
1733637014, 272474, 0, 38, 0, 0, 0.14%, 6, 0, 8, 0.00
1733637019, 289174, 0, 38, 0, 0, 0.14%, 6, 0, 8, 0.00
1733637025, 305792, 0, 38, 0, 0, 0.14%, 6, 0, 8, 0.00
1733637030, 322448, 0, 38, 0, 0, 0.14%, 6, 0, 8, 0.00
1733637035, 339068, 0, 38, 0, 0, 0.14%, 6, 0, 8, 0.00
1733637040, 355637, 0, 38, 0, 0, 0.14%, 6, 0, 8, 0.00
1733637045, 372347, 0, 38, 0, 0, 0.14%, 6, 0, 8, 0.00
1733637051, 389011, 0, 38, 0, 0, 0.14%, 6, 0, 8, 0.00
1733637056, 405689, 0, 38, 0, 0, 0.14%, 6, 0, 8, 0.00
1733637061, 422321, 0, 38, 0, 0, 0.14%, 6, 0, 8, 0.00
1733637066, 438979, 0, 38, 0, 0, 0.14%, 6, 0, 8, 0.00
1733637071, 455587, 0, 38, 0, 0, 0.14%, 6, 0, 8, 0.00
1733637077, 472204, 0, 38, 0, 0, 0.14%, 6, 0, 8, 0.00
1733637082, 488780, 0, 38, 0, 0, 0.14%, 6, 0, 8, 0.00
1733637087, 505381, 0, 38, 0, 0, 0.14%, 6, 0, 8, 0.00
1733637092, 522066, 0, 38, 0, 0, 0.14%, 6, 0, 8, 0.00
1733637097, 538695, 0, 38, 0, 0, 0.14%, 6, 0, 8, 0.00
1733637103, 555332, 0, 38, 0, 0, 0.14%, 6, 0, 8, 0.00
1733637108, 571934, 0, 38, 0, 0, 0.14%, 6, 0, 8, 0.00
1733637113, 588632, 0, 38, 0, 0, 0.14%, 6, 0, 8, 0.00
1733637118, 605361, 0, 38, 0, 0, 0.14%, 6, 0, 8, 0.00
1733637123, 621949, 0, 38, 0, 0, 0.14%, 6, 0, 8, 0.00
1733637129, 638596, 0, 38, 0, 0, 0.14%, 6, 0, 8, 0.00
1733637134, 655168, 0, 38, 0, 0, 0.14%, 6, 0, 8, 0.00
1733637139, 671825, 0, 38, 0, 0, 0.14%, 6, 0, 8, 0.00
1733637144, 688440, 0, 38, 0, 0, 0.14%, 6, 0, 8, 0.00
1733637149, 705144, 0, 38, 0, 0, 0.14%, 6, 0, 8, 0.00
1733637155, 721712, 0, 38, 0, 0, 0.14%, 6, 0, 8, 0.00
1733637160, 738291, 0, 38, 0, 0, 0.14%, 6, 0, 8, 0.00
1733637165, 754939, 0, 38, 0, 0, 0.14%, 6, 0, 8, 0.00
1733637170, 771516, 0, 38, 0, 0, 0.14%, 6, 0, 8, 0.00
1733637175, 788151, 0, 38, 0, 0, 0.14%, 6, 0, 8, 0.00
1733637181, 804821, 0, 38, 0, 0, 0.14%, 6, 0, 8, 0.00
1733637186, 821432, 0, 38, 0, 0, 0.14%, 6, 0, 8, 0.00
1733637191, 838029, 0, 38, 0, 0, 0.14%, 6, 0, 8, 0.00
1733637196, 854638, 0, 38, 0, 0, 0.14%, 6, 0, 8, 0.00
1733637201, 871324, 0, 38, 0, 0, 0.14%, 6, 0, 8, 0.00
1733637207, 887859, 0, 38, 0, 0, 0.14%, 6, 0, 8, 0.00
1733637212, 904500, 0, 38, 0, 0, 0.14%, 6, 0, 8, 0.00
1733637217, 921080, 0, 38, 0, 0, 0.14%, 6, 0, 8, 0.00
1733637222, 937694, 0, 38, 0, 0, 0.14%, 6, 0, 8, 0.00
1733637227, 954277, 0, 38, 0, 0, 0.14%, 6, 0, 8, 0.00
1733637233, 970897, 0, 38, 0, 0, 0.14%, 6, 0, 8, 0.00
1733637238, 987398, 0, 38, 0, 0, 0.14%, 6, 0, 8, 0.00
1733637243, 1004049, 0, 38, 0, 0, 0.14%, 6, 0, 8, 0.00
1733637248, 1020684, 0, 38, 0, 0, 0.14%, 6, 0, 8, 0.00
1733637253, 1037296, 0, 38, 0, 0, 0.14%, 6, 0, 8, 0.00
1733637259, 1053945, 0, 38, 0, 0, 0.14%, 6, 0, 8, 0.00
1733637264, 1070573, 0, 38, 0, 0, 0.14%, 6, 0, 8, 0.00
1733637269, 1087166, 0, 38, 0, 0, 0.14%, 6, 0, 8, 0.00
1733637274, 1103861, 0, 38, 0, 0, 0.14%, 6, 0, 8, 0.00
1733637279, 1120452, 0, 38, 0, 0, 0.14%, 6, 0, 8, 0.00
1733637285, 1137052, 0, 38, 0, 0, 0.14%, 6, 0, 8, 0.00
1733637290, 1153629, 0, 38, 0, 0, 0.14%, 6, 0, 8, 0.00
1733637295, 1170333, 0, 38, 0, 0, 0.14%, 6, 0, 8, 0.00
1733637300, 1186939, 0, 38, 0, 0, 0.14%, 6, 0, 8, 0.00
1733637305, 1203577, 0, 38, 0, 0, 0.14%, 6, 0, 8, 0.00
1733637311, 1220202, 0, 38, 0, 0, 0.14%, 6, 0, 8, 0.00
1733637316, 1236873, 0, 38, 0, 0, 0.14%, 6, 0, 8, 0.00
1733637321, 1253453, 0, 38, 0, 0, 0.14%, 6, 0, 8, 0.00
1733637326, 1270084, 0, 38, 0, 0, 0.14%, 6, 0, 8, 0.00
1733637331, 1286739, 0, 38, 0, 0, 0.14%, 6, 0, 8, 0.00
1733637337, 1303414, 0, 38, 0, 0, 0.14%, 6, 0, 8, 0.00
1733637342, 1320062, 0, 38, 0, 0, 0.14%, 6, 0, 8, 0.00
1733637347, 1336665, 0, 38, 0, 0, 0.14%, 6, 0, 8, 0.00
1733637352, 1353268, 0, 38, 0, 0, 0.14%, 6, 0, 8, 0.00
1733637357, 1369948, 0, 38, 0, 0, 0.14%, 6, 0, 8, 0.00
1733637363, 1386559, 0, 38, 0, 0, 0.14%, 6, 0, 8, 0.00
1733637368, 1403142, 0, 38, 0, 0, 0.14%, 6, 0, 8, 0.00
1733637373, 1419807, 0, 38, 0, 0, 0.14%, 6, 0, 8, 0.00
1733637378, 1436436, 0, 38, 0, 0, 0.14%, 6, 0, 8, 0.00
1733637383, 1453095, 0, 38, 0, 0, 0.14%, 6, 0, 8, 0.00
1733637389, 1469752, 0, 38, 0, 0, 0.14%, 6, 0, 8, 0.00
1733637394, 1486329, 0, 38, 0, 0, 0.14%, 6, 0, 8, 0.00
1733637399, 1502963, 0, 38, 0, 0, 0.14%, 6, 0, 8, 0.00
1733637404, 1519686, 0, 38, 0, 0, 0.14%, 6, 0, 8, 0.00
1733637409, 1536246, 0, 38, 0, 0, 0.14%, 6, 0, 8, 0.00
1733637415, 1552887, 0, 38, 0, 0, 0.14%, 6, 0, 8, 0.00
1733637420, 1569581, 0, 38, 0, 0, 0.14%, 6, 0, 8, 0.00
1733637425, 1586124, 0, 38, 0, 0, 0.14%, 6, 0, 8, 0.00
1733637430, 1602788, 0, 38, 0, 0, 0.14%, 6, 0, 8, 0.00
1733637435, 1619419, 0, 38, 0, 0, 0.14%, 6, 0, 8, 0.00
1733637441, 1636055, 0, 38, 0, 0, 0.14%, 6, 0, 8, 0.00
1733637446, 1652668, 0, 38, 0, 0, 0.14%, 6, 0, 8, 0.00
1733637451, 1669290, 0, 38, 0, 0, 0.14%, 6, 0, 8, 0.00
1733637456, 1685832, 0, 38, 0, 0, 0.14%, 6, 0, 8, 0.00
1733637461, 1702459, 0, 38, 0, 0, 0.14%, 6, 0, 8, 0.00
1733637467, 1719034, 0, 38, 0, 0, 0.14%, 6, 0, 8, 0.00
1733637472, 1735568, 0, 38, 0, 0, 0.14%, 6, 0, 8, 0.00
1733637477, 1752226, 0, 38, 0, 0, 0.14%, 6, 0, 8, 0.00
1733637482, 1768831, 0, 38, 0, 0, 0.14%, 6, 0, 8, 0.00
1733637487, 1785466, 0, 38, 0, 0, 0.14%, 6, 0, 8, 0.00
1733637493, 1802070, 0, 38, 0, 0, 0.14%, 6, 0, 8, 0.00
1733637498, 1818726, 0, 38, 0, 0, 0.14%, 6, 0, 8, 0.00
1733637503, 1835345, 0, 38, 0, 0, 0.14%, 6, 0, 8, 0.00
1733637508, 1851919, 0, 38, 0, 0, 0.14%, 6, 0, 8, 0.00
1733637513, 1868509, 0, 38, 0, 0, 0.14%, 6, 0, 8, 0.00
1733637519, 1885059, 0, 38, 0, 0, 0.14%, 6, 0, 8, 0.00
1733637524, 1901666, 0, 38, 0, 0, 0.14%, 6, 0, 8, 0.00
1733637529, 1918334, 0, 38, 0, 0, 0.14%, 6, 0, 8, 0.00
1733637534, 1934970, 0, 38, 0, 0, 0.14%, 6, 0, 8, 0.00
1733637539, 1951588, 0, 38, 0, 0, 0.14%, 6, 0, 8, 0.00
1733637545, 1968190, 0, 38, 0, 0, 0.14%, 6, 0, 8, 0.00
1733637550, 1984811, 0, 38, 0, 0, 0.14%, 6, 0, 8, 0.00
1733637555, 2001419, 0, 38, 0, 0, 0.14%, 6, 0, 8, 0.00
1733637560, 2018040, 0, 38, 0, 0, 0.14%, 6, 0, 8, 0.00
1733637565, 2034674, 0, 38, 0, 0, 0.14%, 6, 0, 8, 0.00
1733637571, 2051283, 0, 38, 0, 0, 0.14%, 6, 0, 8, 0.00
1733637576, 2067870, 0, 38, 0, 0, 0.14%, 6, 0, 8, 0.00
1733637581, 2084533, 0, 38, 0, 0, 0.14%, 6, 0, 8, 0.00
1733637586, 2101158, 0, 38, 0, 0, 0.14%, 6, 0, 8, 0.00
1733637591, 2117782, 0, 38, 0, 0, 0.14%, 6, 0, 8, 0.00
1733637597, 2134434, 0, 38, 0, 0, 0.14%, 6, 0, 8, 0.00
1733637602, 2150977, 0, 38, 0, 0, 0.14%, 6, 0, 8, 0.00
1733637607, 2167604, 0, 38, 0, 0, 0.14%, 6, 0, 8, 0.00
1733637612, 2184205, 0, 38, 0, 0, 0.14%, 6, 0, 8, 0.00
1733637617, 2200895, 0, 38, 0, 0, 0.14%, 6, 0, 8, 0.00
1733637623, 2217487, 0, 38, 0, 0, 0.14%, 6, 0, 8, 0.00
1733637628, 2234147, 0, 38, 0, 0, 0.14%, 6, 0, 8, 0.00
1733637633, 2250798, 0, 38, 0, 0, 0.14%, 6, 0, 8, 0.00
1733637638, 2267365, 0, 38, 0, 0, 0.14%, 6, 0, 8, 0.00
1733637643, 2283976, 0, 38, 0, 0, 0.14%, 6, 0, 8, 0.00
1733637649, 2300630, 0, 38, 0, 0, 0.14%, 6, 0, 8, 0.00
1733637654, 2317229, 0, 38, 0, 0, 0.14%, 6, 0, 8, 0.00
1733637659, 2333803, 0, 38, 0, 0, 0.14%, 6, 0, 8, 0.00
1733637664, 2350451, 0, 38, 0, 0, 0.14%, 6, 0, 8, 0.00
1733637669, 2367015, 0, 38, 0, 0, 0.14%, 6, 0, 8, 0.00
1733637675, 2383511, 0, 38, 0, 0, 0.14%, 6, 0, 8, 0.00
1733637680, 2400163, 0, 38, 0, 0, 0.14%, 6, 0, 8, 0.00
1733637685, 2416761, 0, 38, 0, 0, 0.14%, 6, 0, 8, 0.00
1733637690, 2433354, 0, 38, 0, 0, 0.14%, 6, 0, 8, 0.00
1733637695, 2449886, 0, 38, 0, 0, 0.14%, 6, 0, 8, 0.00
1733637701, 2466466, 0, 38, 0, 0, 0.14%, 6, 0, 8, 0.00
1733637706, 2483071, 0, 38, 0, 0, 0.14%, 6, 0, 8, 0.00
1733637711, 2499738, 0, 38, 0, 0, 0.14%, 6, 0, 8, 0.00
1733637716, 2516336, 0, 38, 0, 0, 0.14%, 6, 0, 8, 0.00
1733637721, 2532906, 0, 38, 0, 0, 0.14%, 6, 0, 8, 0.00
1733637727, 2549526, 0, 38, 0, 0, 0.14%, 6, 0, 8, 0.00
1733637732, 2566157, 0, 38, 0, 0, 0.14%, 6, 0, 8, 0.00
1733637737, 2582753, 0, 38, 0, 0, 0.14%, 6, 0, 8, 0.00
1733637742, 2599338, 0, 38, 0, 0, 0.14%, 6, 0, 8, 0.00
1733637747, 2615908, 0, 38, 0, 0, 0.14%, 6, 0, 8, 0.00
1733637753, 2632501, 0, 38, 0, 0, 0.14%, 6, 0, 8, 0.00
1733637758, 2649174, 0, 38, 0, 0, 0.14%, 6, 0, 8, 0.00
1733637763, 2665792, 0, 38, 0, 0, 0.14%, 6, 0, 8, 0.00
1733637768, 2682435, 0, 38, 0, 0, 0.14%, 6, 0, 8, 0.00
1733637773, 2699086, 0, 38, 0, 0, 0.14%, 6, 0, 8, 0.00
1733637779, 2715717, 0, 38, 0, 0, 0.14%, 6, 0, 8, 0.00
1733637784, 2732272, 0, 38, 0, 0, 0.14%, 6, 0, 8, 0.00
1733637789, 2748880, 0, 38, 0, 0, 0.14%, 6, 0, 8, 0.00
1733637794, 2765517, 0, 38, 0, 0, 0.14%, 6, 0, 8, 0.00
1733637799, 2782231, 0, 38, 0, 0, 0.14%, 6, 0, 8, 0.00
1733637805, 2798855, 0, 38, 0, 0, 0.14%, 6, 0, 8, 0.00
1733637810, 2815378, 0, 38, 0, 0, 0.14%, 6, 0, 8, 0.00
1733637815, 2831994, 0, 38, 0, 0, 0.14%, 6, 0, 8, 0.00
1733637820, 2848588, 0, 38, 0, 0, 0.14%, 6, 0, 8, 0.00
1733637825, 2865110, 0, 38, 0, 0, 0.14%, 6, 0, 8, 0.00
1733637831, 2881701, 0, 38, 0, 0, 0.14%, 6, 0, 8, 0.00
1733637836, 2898359, 0, 38, 0, 0, 0.14%, 6, 0, 8, 0.00
1733637841, 2914957, 0, 38, 0, 0, 0.14%, 6, 0, 8, 0.00
1733637846, 2931584, 0, 38, 0, 0, 0.14%, 6, 0, 8, 0.00
1733637851, 2948179, 0, 38, 0, 0, 0.14%, 6, 0, 8, 0.00
1733637857, 2964841, 0, 38, 0, 0, 0.14%, 6, 0, 8, 0.00
1733637862, 2981419, 0, 38, 0, 0, 0.14%, 6, 0, 8, 0.00
1733637867, 2998021, 0, 38, 0, 0, 0.14%, 6, 0, 8, 0.00
1733637872, 3014626, 0, 38, 0, 0, 0.14%, 6, 0, 8, 0.00
1733637877, 3031228, 0, 38, 0, 0, 0.14%, 6, 0, 8, 0.00
1733637883, 3047878, 0, 38, 0, 0, 0.14%, 6, 0, 8, 0.00
1733637888, 3064545, 0, 38, 0, 0, 0.14%, 6, 0, 8, 0.00
1733637893, 3081157, 0, 38, 0, 0, 0.14%, 6, 0, 8, 0.00
1733637898, 3097784, 0, 38, 0, 0, 0.14%, 6, 0, 8, 0.00
1733637903, 3114382, 0, 38, 0, 0, 0.14%, 6, 0, 8, 0.00
1733637909, 3130984, 0, 38, 0, 0, 0.14%, 6, 0, 8, 0.00
1733637914, 3147634, 0, 38, 0, 0, 0.14%, 6, 0, 8, 0.00
1733637919, 3164236, 0, 38, 0, 0, 0.14%, 6, 0, 8, 0.00
1733637924, 3180854, 0, 38, 0, 0, 0.14%, 6, 0, 8, 0.00
1733637929, 3197510, 0, 38, 0, 0, 0.14%, 6, 0, 8, 0.00
1733637935, 3214143, 0, 38, 0, 0, 0.14%, 6, 0, 8, 0.00
1733637940, 3230771, 0, 38, 0, 0, 0.14%, 6, 0, 8, 0.00
1733637945, 3247409, 0, 38, 0, 0, 0.14%, 6, 0, 8, 0.00
1733637950, 3263961, 0, 38, 0, 0, 0.14%, 6, 0, 8, 0.00
1733637955, 3280523, 0, 38, 0, 0, 0.14%, 6, 0, 8, 0.00
1733637961, 3297112, 0, 38, 0, 0, 0.14%, 6, 0, 8, 0.00
1733637966, 3313708, 0, 38, 0, 0, 0.14%, 6, 0, 8, 0.00
1733637971, 3330273, 0, 38, 0, 0, 0.14%, 6, 0, 8, 0.00
1733637976, 3346872, 0, 38, 0, 0, 0.14%, 6, 0, 8, 0.00
1733637981, 3363503, 0, 38, 0, 0, 0.14%, 6, 0, 8, 0.00
1733637987, 3380104, 0, 38, 0, 0, 0.14%, 6, 0, 8, 0.00
1733637992, 3396666, 0, 38, 0, 0, 0.14%, 6, 0, 8, 0.00
1733637997, 3413200, 0, 38, 0, 0, 0.14%, 6, 0, 8, 0.00
1733638002, 3429728, 0, 38, 0, 0, 0.14%, 6, 0, 8, 0.00
1733638007, 3446344, 0, 38, 0, 0, 0.14%, 6, 0, 8, 0.00
1733638013, 3462936, 0, 38, 0, 0, 0.14%, 6, 0, 8, 0.00
1733638018, 3479492, 0, 38, 0, 0, 0.14%, 6, 0, 8, 0.00
1733638023, 3496174, 0, 38, 0, 0, 0.14%, 6, 0, 8, 0.00
1733638028, 3512781, 0, 38, 0, 0, 0.14%, 6, 0, 8, 0.00
1733638033, 3529374, 0, 38, 0, 0, 0.14%, 6, 0, 8, 0.00
1733638039, 3545987, 0, 38, 0, 0, 0.14%, 6, 0, 8, 0.00
1733638044, 3562627, 0, 38, 0, 0, 0.14%, 6, 0, 8, 0.00
1733638049, 3579178, 0, 38, 0, 0, 0.14%, 6, 0, 8, 0.00
1733638054, 3595786, 0, 38, 0, 0, 0.14%, 6, 0, 8, 0.00
1733638059, 3612444, 0, 38, 0, 0, 0.14%, 6, 0, 8, 0.00
1733638065, 3629063, 0, 38, 0, 0, 0.14%, 6, 0, 8, 0.00
1733638070, 3645696, 0, 38, 0, 0, 0.14%, 6, 0, 8, 0.00
1733638075, 3662367, 0, 38, 0, 0, 0.14%, 6, 0, 8, 0.00
1733638080, 3678986, 0, 38, 0, 0, 0.14%, 6, 0, 8, 0.00
1733638085, 3695558, 0, 38, 0, 0, 0.14%, 6, 0, 8, 0.00
1733638091, 3712198, 0, 38, 0, 0, 0.14%, 6, 0, 8, 0.00
1733638096, 3728851, 0, 38, 0, 0, 0.14%, 6, 0, 8, 0.00
1733638101, 3745506, 0, 38, 0, 0, 0.14%, 6, 0, 8, 0.00
1733638106, 3762122, 0, 38, 0, 0, 0.14%, 6, 0, 8, 0.00
1733638111, 3778710, 0, 38, 0, 0, 0.14%, 6, 0, 8, 0.00
1733638117, 3795377, 0, 38, 0, 0, 0.14%, 6, 0, 8, 0.00
1733638122, 3811901, 0, 38, 0, 0, 0.14%, 6, 0, 8, 0.00
1733638127, 3828542, 0, 38, 0, 0, 0.14%, 6, 0, 8, 0.00
1733638132, 3845227, 0, 38, 0, 0, 0.14%, 6, 0, 8, 0.00
1733638137, 3861848, 0, 38, 0, 0, 0.14%, 6, 0, 8, 0.00
1733638143, 3878447, 0, 38, 0, 0, 0.14%, 6, 0, 8, 0.00
1733638148, 3895069, 0, 38, 0, 0, 0.14%, 6, 0, 8, 0.00
1733638153, 3911701, 0, 38, 0, 0, 0.14%, 6, 0, 8, 0.00
1733638158, 3928357, 0, 38, 0, 0, 0.14%, 6, 0, 8, 0.00
1733638163, 3944995, 0, 38, 0, 0, 0.14%, 6, 0, 8, 0.00
1733638169, 3961549, 0, 38, 0, 0, 0.14%, 6, 0, 8, 0.00
1733638174, 3978198, 0, 38, 0, 0, 0.14%, 6, 0, 8, 0.00
1733638179, 3994867, 0, 38, 0, 0, 0.14%, 6, 0, 8, 0.00
1733638184, 4011522, 0, 38, 0, 0, 0.14%, 6, 0, 8, 0.00
1733638189, 4028138, 0, 38, 0, 0, 0.14%, 6, 0, 8, 0.00
1733638195, 4044818, 0, 38, 0, 0, 0.14%, 6, 0, 8, 0.00
1733638200, 4061414, 0, 38, 0, 0, 0.14%, 6, 0, 8, 0.00
1733638205, 4078036, 0, 38, 0, 0, 0.14%, 6, 0, 8, 0.00
1733638210, 4094648, 0, 38, 0, 0, 0.14%, 6, 0, 8, 0.00
1733638215, 4111228, 0, 38, 0, 0, 0.14%, 6, 0, 8, 0.00
1733638221, 4127810, 0, 38, 0, 0, 0.14%, 6, 0, 8, 0.00
1733638226, 4144426, 0, 38, 0, 0, 0.14%, 6, 0, 8, 0.00
1733638231, 4161046, 0, 38, 0, 0, 0.14%, 6, 0, 8, 0.00
1733638236, 4177646, 0, 38, 0, 0, 0.14%, 6, 0, 8, 0.00
1733638241, 4194243, 0, 38, 0, 0, 0.14%, 6, 0, 8, 0.00
1733638247, 4210916, 0, 38, 0, 0, 0.14%, 6, 0, 8, 0.00
1733638252, 4227551, 0, 38, 0, 0, 0.14%, 6, 0, 8, 0.00
1733638257, 4244183, 0, 38, 0, 0, 0.14%, 6, 0, 8, 0.00
1733638262, 4260801, 0, 38, 0, 0, 0.14%, 6, 0, 8, 0.00
1733638267, 4277409, 0, 38, 0, 0, 0.14%, 6, 0, 8, 0.00
1733638273, 4293998, 0, 38, 0, 0, 0.14%, 6, 0, 8, 0.00
1733638278, 4310615, 0, 38, 0, 0, 0.14%, 6, 0, 8, 0.00
1733638283, 4327260, 0, 38, 0, 0, 0.14%, 6, 0, 8, 0.00
1733638288, 4343884, 0, 38, 0, 0, 0.14%, 6, 0, 8, 0.00
1733638293, 4360460, 0, 38, 0, 0, 0.14%, 6, 0, 8, 0.00
1733638299, 4377094, 0, 38, 0, 0, 0.14%, 6, 0, 8, 0.00
1733638304, 4393755, 0, 38, 0, 0, 0.14%, 6, 0, 8, 0.00
1733638309, 4410255, 0, 38, 0, 0, 0.14%, 6, 0, 8, 0.00
1733638314, 4426912, 0, 38, 0, 0, 0.14%, 6, 0, 8, 0.00
1733638319, 4443517, 0, 38, 0, 0, 0.14%, 6, 0, 8, 0.00
1733638325, 4460101, 0, 38, 0, 0, 0.14%, 6, 0, 8, 0.00
1733638330, 4476669, 0, 38, 0, 0, 0.14%, 6, 0, 8, 0.00
1733638335, 4493293, 0, 38, 0, 0, 0.14%, 6, 0, 8, 0.00
1733638340, 4509903, 0, 38, 0, 0, 0.14%, 6, 0, 8, 0.00
1733638345, 4526504, 0, 38, 0, 0, 0.14%, 6, 0, 8, 0.00
1733638351, 4543034, 0, 38, 0, 0, 0.14%, 6, 0, 8, 0.00
1733638356, 4559651, 0, 38, 0, 0, 0.14%, 6, 0, 8, 0.00
1733638361, 4576294, 0, 38, 0, 0, 0.14%, 6, 0, 8, 0.00
1733638366, 4592885, 0, 38, 0, 0, 0.14%, 6, 0, 8, 0.00
1733638371, 4609462, 0, 38, 0, 0, 0.14%, 6, 0, 8, 0.00
1733638377, 4626046, 0, 38, 0, 0, 0.14%, 6, 0, 8, 0.00
1733638382, 4642661, 0, 38, 0, 0, 0.14%, 6, 0, 8, 0.00
1733638387, 4659278, 0, 38, 0, 0, 0.14%, 6, 0, 8, 0.00
1733638392, 4675912, 0, 38, 0, 0, 0.14%, 6, 0, 8, 0.00
1733638397, 4692554, 0, 38, 0, 0, 0.14%, 6, 0, 8, 0.00
1733638403, 4709156, 0, 38, 0, 0, 0.14%, 6, 0, 8, 0.00
1733638408, 4725797, 0, 38, 0, 0, 0.14%, 6, 0, 8, 0.00
1733638413, 4742364, 0, 38, 0, 0, 0.14%, 6, 0, 8, 0.00
1733638418, 4758966, 0, 38, 0, 0, 0.14%, 6, 0, 8, 0.00
1733638423, 4775601, 0, 38, 0, 0, 0.14%, 6, 0, 8, 0.00
1733638429, 4792284, 0, 38, 0, 0, 0.14%, 6, 0, 8, 0.00
1733638434, 4808938, 0, 38, 0, 0, 0.14%, 6, 0, 8, 0.00
1733638439, 4825579, 0, 38, 0, 0, 0.14%, 6, 0, 8, 0.00
1733638444, 4842221, 0, 38, 0, 0, 0.14%, 6, 0, 8, 0.00
1733638449, 4858783, 0, 38, 0, 0, 0.14%, 6, 0, 8, 0.00
1733638455, 4875406, 0, 38, 0, 0, 0.14%, 6, 0, 8, 0.00
1733638460, 4891997, 0, 38, 0, 0, 0.14%, 6, 0, 8, 0.00
1733638465, 4908626, 0, 38, 0, 0, 0.14%, 6, 0, 8, 0.00
1733638470, 4925295, 0, 38, 0, 0, 0.14%, 6, 0, 8, 0.00
1733638475, 4941876, 0, 38, 0, 0, 0.14%, 6, 0, 8, 0.00
1733638481, 4958441, 0, 38, 0, 0, 0.14%, 6, 0, 8, 0.00
1733638486, 4975111, 0, 38, 0, 0, 0.14%, 6, 0, 8, 0.00
1733638491, 4991737, 0, 38, 0, 0, 0.14%, 6, 0, 8, 0.00
1733638496, 5008360, 0, 38, 0, 0, 0.14%, 6, 0, 8, 0.00
1733638501, 5024958, 0, 38, 0, 0, 0.14%, 6, 0, 8, 0.00
1733638507, 5041584, 0, 38, 0, 0, 0.14%, 6, 0, 8, 0.00
1733638512, 5058144, 0, 38, 0, 0, 0.14%, 6, 0, 8, 0.00
1733638517, 5074713, 0, 38, 0, 0, 0.14%, 6, 0, 8, 0.00
1733638522, 5091382, 0, 38, 0, 0, 0.14%, 6, 0, 8, 0.00
1733638527, 5108024, 0, 38, 0, 0, 0.14%, 6, 0, 8, 0.00
1733638533, 5124642, 0, 38, 0, 0, 0.14%, 6, 0, 8, 0.00
1733638538, 5141212, 0, 38, 0, 0, 0.14%, 6, 0, 8, 0.00
1733638543, 5157734, 0, 38, 0, 0, 0.14%, 6, 0, 8, 0.00
1733638548, 5174321, 0, 38, 0, 0, 0.14%, 6, 0, 8, 0.00
1733638553, 5190996, 0, 38, 0, 0, 0.14%, 6, 0, 8, 0.00
1733638559, 5207613, 0, 38, 0, 0, 0.14%, 6, 0, 8, 0.00
1733638564, 5224163, 0, 38, 0, 0, 0.14%, 6, 0, 8, 0.00
1733638569, 5240739, 0, 38, 0, 0, 0.14%, 6, 0, 8, 0.00
1733638574, 5257330, 0, 38, 0, 0, 0.14%, 6, 0, 8, 0.00
1733638579, 5273939, 0, 38, 0, 0, 0.14%, 6, 0, 8, 0.00
1733638585, 5290610, 0, 38, 0, 0, 0.14%, 6, 0, 8, 0.00
1733638590, 5307278, 0, 38, 0, 0, 0.14%, 6, 0, 8, 0.00
1733638595, 5323898, 0, 38, 0, 0, 0.14%, 6, 0, 8, 0.00
1733638600, 5340489, 0, 38, 0, 0, 0.14%, 6, 0, 8, 0.00
1733638605, 5357051, 0, 38, 0, 0, 0.14%, 6, 0, 8, 0.00
1733638611, 5373690, 0, 38, 0, 0, 0.14%, 6, 0, 8, 0.00
1733638616, 5390339, 0, 38, 0, 0, 0.14%, 6, 0, 8, 0.00
1733638621, 5406944, 0, 38, 0, 0, 0.14%, 6, 0, 8, 0.00
1733638626, 5423558, 0, 38, 0, 0, 0.14%, 6, 0, 8, 0.00
1733638631, 5440127, 0, 38, 0, 0, 0.14%, 6, 0, 8, 0.00
1733638637, 5456691, 0, 38, 0, 0, 0.14%, 6, 0, 8, 0.00
1733638642, 5473273, 0, 38, 0, 0, 0.14%, 6, 0, 8, 0.00
1733638647, 5489910, 0, 38, 0, 0, 0.14%, 6, 0, 8, 0.00
1733638652, 5506466, 0, 38, 0, 0, 0.14%, 6, 0, 8, 0.00
1733638657, 5523069, 0, 38, 0, 0, 0.14%, 6, 0, 8, 0.00
1733638663, 5539697, 0, 38, 0, 0, 0.14%, 6, 0, 8, 0.00
1733638668, 5556367, 0, 38, 0, 0, 0.14%, 6, 0, 8, 0.00
1733638673, 5572973, 0, 38, 0, 0, 0.14%, 6, 0, 8, 0.00
1733638678, 5589571, 0, 38, 0, 0, 0.14%, 6, 0, 8, 0.00
1733638683, 5606118, 0, 38, 0, 0, 0.14%, 6, 0, 8, 0.00
1733638689, 5622728, 0, 38, 0, 0, 0.14%, 6, 0, 8, 0.00
1733638694, 5639359, 0, 38, 0, 0, 0.14%, 6, 0, 8, 0.00
1733638699, 5655902, 0, 38, 0, 0, 0.14%, 6, 0, 8, 0.00
1733638704, 5672557, 0, 38, 0, 0, 0.14%, 6, 0, 8, 0.00
1733638709, 5689147, 0, 38, 0, 0, 0.14%, 6, 0, 8, 0.00
1733638715, 5705737, 0, 38, 0, 0, 0.14%, 6, 0, 8, 0.00
1733638720, 5722480, 0, 38, 0, 0, 0.14%, 6, 0, 8, 0.00
1733638725, 5739049, 0, 38, 0, 0, 0.14%, 6, 0, 8, 0.00
1733638730, 5755726, 0, 38, 0, 0, 0.14%, 6, 0, 8, 0.00
1733638735, 5772409, 0, 38, 0, 0, 0.14%, 6, 0, 8, 0.00
1733638741, 5788998, 0, 38, 0, 0, 0.14%, 6, 0, 8, 0.00
1733638746, 5805573, 0, 38, 0, 0, 0.14%, 6, 0, 8, 0.00
1733638751, 5822171, 0, 38, 0, 0, 0.14%, 6, 0, 8, 0.00
1733638756, 5838881, 0, 38, 0, 0, 0.14%, 6, 0, 8, 0.00
1733638761, 5855410, 0, 38, 0, 0, 0.14%, 6, 0, 8, 0.00
1733638767, 5871989, 0, 38, 0, 0, 0.14%, 6, 0, 8, 0.00
1733638772, 5888611, 0, 38, 0, 0, 0.14%, 6, 0, 8, 0.00
1733638777, 5905355, 0, 38, 0, 0, 0.14%, 6, 0, 8, 0.00
1733638782, 5922034, 0, 38, 0, 0, 0.14%, 6, 0, 8, 0.00
1733638787, 5938722, 0, 38, 0, 0, 0.14%, 6, 0, 8, 0.00
1733638793, 5955362, 0, 38, 0, 0, 0.14%, 6, 0, 8, 0.00
1733638798, 5972077, 0, 38, 0, 0, 0.14%, 6, 0, 8, 0.00
1733638803, 5988625, 0, 38, 0, 0, 0.14%, 6, 0, 8, 0.00
1733638808, 6005193, 0, 38, 0, 0, 0.14%, 6, 0, 8, 0.00
1733638813, 6021816, 0, 38, 0, 0, 0.14%, 6, 0, 8, 0.00
1733638819, 6038416, 0, 38, 0, 0, 0.14%, 6, 0, 8, 0.00
1733638824, 6055063, 0, 38, 0, 0, 0.14%, 6, 0, 8, 0.00
1733638829, 6071682, 0, 38, 0, 0, 0.14%, 6, 0, 8, 0.00
1733638834, 6088291, 0, 38, 0, 0, 0.14%, 6, 0, 8, 0.00
1733638839, 6104946, 0, 38, 0, 0, 0.14%, 6, 0, 8, 0.00
1733638845, 6121534, 0, 38, 0, 0, 0.14%, 6, 0, 8, 0.00
1733638850, 6138222, 0, 38, 0, 0, 0.14%, 6, 0, 8, 0.00
1733638855, 6154781, 0, 38, 0, 0, 0.14%, 6, 0, 8, 0.00
1733638860, 6171448, 0, 38, 0, 0, 0.14%, 6, 0, 8, 0.00
1733638865, 6188110, 0, 38, 0, 0, 0.14%, 6, 0, 8, 0.00
1733638871, 6204786, 0, 38, 0, 0, 0.14%, 6, 0, 8, 0.00
1733638876, 6221402, 0, 38, 0, 0, 0.14%, 6, 0, 8, 0.00
1733638881, 6238090, 0, 38, 0, 0, 0.14%, 6, 0, 8, 0.00
1733638886, 6254678, 0, 38, 0, 0, 0.14%, 6, 0, 8, 0.00
1733638891, 6271267, 0, 38, 0, 0, 0.14%, 6, 0, 8, 0.00
1733638897, 6287862, 0, 38, 0, 0, 0.14%, 6, 0, 8, 0.00
1733638902, 6304435, 0, 38, 0, 0, 0.14%, 6, 0, 8, 0.00
1733638907, 6320980, 0, 38, 0, 0, 0.14%, 6, 0, 8, 0.00
1733638912, 6337533, 0, 38, 0, 0, 0.14%, 6, 0, 8, 0.00
1733638917, 6354147, 0, 38, 0, 0, 0.14%, 6, 0, 8, 0.00
1733638923, 6370667, 0, 38, 0, 0, 0.14%, 6, 0, 8, 0.00
1733638928, 6387310, 0, 38, 0, 0, 0.14%, 6, 0, 8, 0.00
1733638933, 6403899, 0, 38, 0, 0, 0.14%, 6, 0, 8, 0.00
1733638938, 6420497, 0, 38, 0, 0, 0.14%, 6, 0, 8, 0.00
1733638943, 6437153, 0, 38, 0, 0, 0.14%, 6, 0, 8, 0.00
1733638949, 6453756, 0, 38, 0, 0, 0.14%, 6, 0, 8, 0.00
1733638954, 6470412, 0, 38, 0, 0, 0.14%, 6, 0, 8, 0.00
1733638959, 6487058, 0, 38, 0, 0, 0.14%, 6, 0, 8, 0.00
1733638964, 6503659, 0, 38, 0, 0, 0.14%, 6, 0, 8, 0.00
1733638969, 6520267, 0, 38, 0, 0, 0.14%, 6, 0, 8, 0.00
1733638975, 6536872, 0, 38, 0, 0, 0.14%, 6, 0, 8, 0.00
1733638980, 6553485, 0, 38, 0, 0, 0.14%, 6, 0, 8, 0.00
1733638985, 6570086, 0, 38, 0, 0, 0.14%, 6, 0, 8, 0.00
1733638990, 6586753, 0, 38, 0, 0, 0.14%, 6, 0, 8, 0.00
1733638995, 6603347, 0, 38, 0, 0, 0.14%, 6, 0, 8, 0.00
1733639001, 6619949, 0, 38, 0, 0, 0.14%, 6, 0, 8, 0.00
1733639006, 6636596, 0, 38, 0, 0, 0.14%, 6, 0, 8, 0.00
1733639011, 6653206, 0, 38, 0, 0, 0.14%, 6, 0, 8, 0.00
1733639016, 6669921, 0, 38, 0, 0, 0.14%, 6, 0, 8, 0.00
1733639021, 6686595, 0, 38, 0, 0, 0.14%, 6, 0, 8, 0.00
1733639027, 6703181, 0, 38, 0, 0, 0.14%, 6, 0, 8, 0.00
1733639032, 6719765, 0, 38, 0, 0, 0.14%, 6, 0, 8, 0.00
1733639037, 6736407, 0, 38, 0, 0, 0.14%, 6, 0, 8, 0.00
1733639042, 6753065, 0, 38, 0, 0, 0.14%, 6, 0, 8, 0.00
1733639047, 6769641, 0, 38, 0, 0, 0.14%, 6, 0, 8, 0.00
1733639053, 6786205, 0, 38, 0, 0, 0.14%, 6, 0, 8, 0.00
1733639058, 6802754, 0, 38, 0, 0, 0.14%, 6, 0, 8, 0.00
1733639063, 6819369, 0, 38, 0, 0, 0.14%, 6, 0, 8, 0.00
1733639068, 6836000, 0, 38, 0, 0, 0.14%, 6, 0, 8, 0.00
1733639073, 6852530, 0, 38, 0, 0, 0.14%, 6, 0, 8, 0.00
1733639079, 6869242, 0, 38, 0, 0, 0.14%, 6, 0, 8, 0.00
1733639084, 6885829, 0, 38, 0, 0, 0.14%, 6, 0, 8, 0.00
1733639089, 6902409, 0, 38, 0, 0, 0.14%, 6, 0, 8, 0.00
1733639094, 6919047, 0, 38, 0, 0, 0.14%, 6, 0, 8, 0.00
1733639099, 6935579, 0, 38, 0, 0, 0.14%, 6, 0, 8, 0.00
1733639105, 6952138, 0, 38, 0, 0, 0.14%, 6, 0, 8, 0.00
1733639110, 6968719, 0, 38, 0, 0, 0.14%, 6, 0, 8, 0.00
1733639115, 6985397, 0, 38, 0, 0, 0.14%, 6, 0, 8, 0.00
1733639120, 7002015, 0, 38, 0, 0, 0.14%, 6, 0, 8, 0.00
1733639125, 7018598, 0, 38, 0, 0, 0.14%, 6, 0, 8, 0.00
1733639131, 7035189, 0, 38, 0, 0, 0.14%, 6, 0, 8, 0.00
1733639136, 7051841, 0, 38, 0, 0, 0.14%, 6, 0, 8, 0.00
1733639141, 7068486, 0, 38, 0, 0, 0.14%, 6, 0, 8, 0.00
1733639146, 7085011, 0, 38, 0, 0, 0.14%, 6, 0, 8, 0.00
1733639151, 7101544, 0, 38, 0, 0, 0.14%, 6, 0, 8, 0.00
1733639157, 7118203, 0, 38, 0, 0, 0.14%, 6, 0, 8, 0.00
1733639162, 7134831, 0, 38, 0, 0, 0.14%, 6, 0, 8, 0.00
1733639167, 7151393, 0, 38, 0, 0, 0.14%, 6, 0, 8, 0.00
1733639172, 7167932, 0, 38, 0, 0, 0.14%, 6, 0, 8, 0.00
1733639177, 7184494, 0, 38, 0, 0, 0.14%, 6, 0, 8, 0.00
1733639183, 7201046, 0, 38, 0, 0, 0.14%, 6, 0, 8, 0.00
1733639188, 7217682, 0, 38, 0, 0, 0.14%, 6, 0, 8, 0.00
1733639193, 7234262, 0, 38, 0, 0, 0.14%, 6, 0, 8, 0.00
1733639198, 7250837, 0, 38, 0, 0, 0.14%, 6, 0, 8, 0.00
1733639203, 7267459, 0, 38, 0, 0, 0.14%, 6, 0, 8, 0.00
1733639209, 7284044, 0, 38, 0, 0, 0.14%, 6, 0, 8, 0.00
1733639214, 7300653, 0, 38, 0, 0, 0.14%, 6, 0, 8, 0.00
1733639219, 7317262, 0, 38, 0, 0, 0.14%, 6, 0, 8, 0.00
1733639224, 7333846, 0, 38, 0, 0, 0.14%, 6, 0, 8, 0.00
1733639229, 7350521, 0, 38, 0, 0, 0.14%, 6, 0, 8, 0.00
1733639235, 7367150, 0, 38, 0, 0, 0.14%, 6, 0, 8, 0.00
1733639240, 7383758, 0, 38, 0, 0, 0.14%, 6, 0, 8, 0.00
1733639245, 7400363, 0, 38, 0, 0, 0.14%, 6, 0, 8, 0.00
1733639250, 7416973, 0, 38, 0, 0, 0.14%, 6, 0, 8, 0.00
1733639255, 7433591, 0, 38, 0, 0, 0.14%, 6, 0, 8, 0.00
1733639261, 7450150, 0, 38, 0, 0, 0.14%, 6, 0, 8, 0.00
1733639266, 7466819, 0, 38, 0, 0, 0.14%, 6, 0, 8, 0.00
1733639271, 7483499, 0, 38, 0, 0, 0.14%, 6, 0, 8, 0.00
1733639276, 7500086, 0, 38, 0, 0, 0.14%, 6, 0, 8, 0.00
1733639281, 7516803, 0, 38, 0, 0, 0.14%, 6, 0, 8, 0.00
1733639287, 7533357, 0, 38, 0, 0, 0.14%, 6, 0, 8, 0.00
1733639292, 7549931, 0, 38, 0, 0, 0.14%, 6, 0, 8, 0.00
1733639297, 7566563, 0, 38, 0, 0, 0.14%, 6, 0, 8, 0.00
1733639302, 7583141, 0, 38, 0, 0, 0.14%, 6, 0, 8, 0.00
1733639307, 7599782, 0, 38, 0, 0, 0.14%, 6, 0, 8, 0.00
1733639313, 7616416, 0, 38, 0, 0, 0.14%, 6, 0, 8, 0.00
1733639318, 7633016, 0, 38, 0, 0, 0.14%, 6, 0, 8, 0.00
1733639323, 7649544, 0, 38, 0, 0, 0.14%, 6, 0, 8, 0.00
1733639328, 7666082, 0, 38, 0, 0, 0.14%, 6, 0, 8, 0.00
1733639333, 7682744, 0, 38, 0, 0, 0.14%, 6, 0, 8, 0.00
1733639339, 7699355, 0, 38, 0, 0, 0.14%, 6, 0, 8, 0.00
1733639344, 7716008, 0, 38, 0, 0, 0.14%, 6, 0, 8, 0.00
1733639349, 7732632, 0, 38, 0, 0, 0.14%, 6, 0, 8, 0.00
1733639354, 7749300, 0, 38, 0, 0, 0.14%, 6, 0, 8, 0.00
1733639359, 7765911, 0, 38, 0, 0, 0.14%, 6, 0, 8, 0.00
1733639365, 7782529, 0, 38, 0, 0, 0.14%, 6, 0, 8, 0.00
1733639370, 7799186, 0, 38, 0, 0, 0.14%, 6, 0, 8, 0.00
1733639375, 7815838, 0, 38, 0, 0, 0.14%, 6, 0, 8, 0.00
1733639380, 7832491, 0, 38, 0, 0, 0.14%, 6, 0, 8, 0.00
1733639385, 7849099, 0, 38, 0, 0, 0.14%, 6, 0, 8, 0.00
1733639391, 7865787, 0, 38, 0, 0, 0.14%, 6, 0, 8, 0.00
1733639396, 7882277, 0, 38, 0, 0, 0.14%, 6, 0, 8, 0.00
1733639401, 7898932, 0, 38, 0, 0, 0.14%, 6, 0, 8, 0.00
1733639406, 7915596, 0, 38, 0, 0, 0.14%, 6, 0, 8, 0.00
1733639411, 7932232, 0, 38, 0, 0, 0.14%, 6, 0, 8, 0.00
1733639417, 7948833, 0, 38, 0, 0, 0.14%, 6, 0, 8, 0.00
1733639422, 7965369, 0, 38, 0, 0, 0.14%, 6, 0, 8, 0.00
1733639427, 7982002, 0, 38, 0, 0, 0.14%, 6, 0, 8, 0.00
1733639432, 7998651, 0, 38, 0, 0, 0.14%, 6, 0, 8, 0.00
1733639437, 8015189, 0, 38, 0, 0, 0.14%, 6, 0, 8, 0.00
1733639443, 8031818, 0, 38, 0, 0, 0.14%, 6, 0, 8, 0.00
1733639448, 8048380, 0, 38, 0, 0, 0.14%, 6, 0, 8, 0.00
1733639453, 8064937, 0, 38, 0, 0, 0.14%, 6, 0, 8, 0.00
1733639458, 8081572, 0, 38, 0, 0, 0.14%, 6, 0, 8, 0.00
1733639463, 8098208, 0, 38, 0, 0, 0.14%, 6, 0, 8, 0.00
1733639469, 8114795, 0, 38, 0, 0, 0.14%, 6, 0, 8, 0.00
1733639474, 8131439, 0, 38, 0, 0, 0.14%, 6, 0, 8, 0.00
1733639479, 8148027, 0, 38, 0, 0, 0.14%, 6, 0, 8, 0.00
1733639484, 8164602, 0, 38, 0, 0, 0.14%, 6, 0, 8, 0.00
1733639489, 8181282, 0, 38, 0, 0, 0.14%, 6, 0, 8, 0.00
1733639495, 8197905, 0, 38, 0, 0, 0.14%, 6, 0, 8, 0.00
1733639500, 8214539, 0, 38, 0, 0, 0.14%, 6, 0, 8, 0.00
1733639505, 8231176, 0, 38, 0, 0, 0.14%, 6, 0, 8, 0.00
1733639510, 8247845, 0, 38, 0, 0, 0.14%, 6, 0, 8, 0.00
1733639515, 8264486, 0, 38, 0, 0, 0.14%, 6, 0, 8, 0.00
1733639521, 8281081, 0, 38, 0, 0, 0.14%, 6, 0, 8, 0.00
1733639526, 8297652, 0, 38, 0, 0, 0.14%, 6, 0, 8, 0.00
1733639531, 8314238, 0, 38, 0, 0, 0.14%, 6, 0, 8, 0.00
1733639536, 8330849, 0, 38, 0, 0, 0.14%, 6, 0, 8, 0.00
1733639541, 8347423, 0, 38, 0, 0, 0.14%, 6, 0, 8, 0.00
1733639547, 8364023, 0, 38, 0, 0, 0.14%, 6, 0, 8, 0.00
1733639552, 8380648, 0, 38, 0, 0, 0.14%, 6, 0, 8, 0.00
1733639557, 8397260, 0, 38, 0, 0, 0.14%, 6, 0, 8, 0.00
1733639562, 8413801, 0, 38, 0, 0, 0.14%, 6, 0, 8, 0.00
1733639567, 8430363, 0, 38, 0, 0, 0.14%, 6, 0, 8, 0.00
1733639573, 8446981, 0, 38, 0, 0, 0.14%, 6, 0, 8, 0.00
1733639578, 8463592, 0, 38, 0, 0, 0.14%, 6, 0, 8, 0.00
1733639583, 8480060, 0, 38, 0, 0, 0.14%, 6, 0, 8, 0.00
1733639588, 8496706, 0, 38, 0, 0, 0.14%, 6, 0, 8, 0.00
1733639593, 8513344, 0, 38, 0, 0, 0.14%, 6, 0, 8, 0.00
1733639599, 8529969, 0, 38, 0, 0, 0.14%, 6, 0, 8, 0.00
1733639604, 8546647, 0, 38, 0, 0, 0.14%, 6, 0, 8, 0.00
1733639609, 8563215, 0, 38, 0, 0, 0.14%, 6, 0, 8, 0.00
1733639614, 8579797, 0, 38, 0, 0, 0.14%, 6, 0, 8, 0.00
1733639619, 8596506, 0, 38, 0, 0, 0.14%, 6, 0, 8, 0.00
1733639625, 8613153, 0, 38, 0, 0, 0.14%, 6, 0, 8, 0.00
1733639630, 8629845, 0, 38, 0, 0, 0.14%, 6, 0, 8, 0.00
1733639635, 8646383, 0, 38, 0, 0, 0.14%, 6, 0, 8, 0.00
1733639640, 8662964, 0, 38, 0, 0, 0.14%, 6, 0, 8, 0.00
1733639645, 8679595, 0, 38, 0, 0, 0.14%, 6, 0, 8, 0.00
1733639651, 8696232, 0, 38, 0, 0, 0.14%, 6, 0, 8, 0.00
1733639656, 8712889, 0, 38, 0, 0, 0.14%, 6, 0, 8, 0.00
1733639661, 8729538, 0, 38, 0, 0, 0.14%, 6, 0, 8, 0.00
1733639666, 8746120, 0, 38, 0, 0, 0.14%, 6, 0, 8, 0.00
1733639671, 8762778, 0, 38, 0, 0, 0.14%, 6, 0, 8, 0.00
1733639677, 8779424, 0, 38, 0, 0, 0.14%, 6, 0, 8, 0.00
1733639682, 8796058, 0, 38, 0, 0, 0.14%, 6, 0, 8, 0.00
1733639687, 8812721, 0, 38, 0, 0, 0.14%, 6, 0, 8, 0.00
1733639692, 8829400, 0, 38, 0, 0, 0.14%, 6, 0, 8, 0.00
1733639697, 8846031, 0, 38, 0, 0, 0.14%, 6, 0, 8, 0.00
1733639703, 8862701, 0, 38, 0, 0, 0.14%, 6, 0, 8, 0.00
