# unix_time, cycles_done, cur_path, paths_total, pending_total, pending_favs, map_size, unique_crashes, unique_hangs, max_depth, execs_per_sec
1735385277, 0, 0, 10, 10, 1, 0.01%, 0, 0, 1, 42.33
1735385282, 0, 2, 10, 10, 1, 0.01%, 0, 0, 1, 38.29
1735385297, 1, 0, 10, 6, 0, 0.01%, 0, 0, 1, 45.15
1735385302, 1, 1, 10, 5, 0, 0.01%, 0, 0, 1, 46.87
1735385307, 1, 2, 10, 4, 0, 0.01%, 0, 0, 1, 43.91
1735385312, 1, 3, 10, 4, 0, 0.01%, 0, 0, 1, 44.57
1735385317, 1, 4, 10, 3, 0, 0.01%, 0, 0, 1, 45.22
1735385322, 1, 5, 10, 3, 0, 0.01%, 0, 0, 1, 46.39
1735385332, 1, 6, 10, 2, 0, 0.01%, 0, 0, 1, 45.46
1735385337, 1, 7, 10, 1, 0, 0.01%, 0, 0, 1, 47.01
1735385342, 1, 8, 10, 0, 0, 0.01%, 0, 0, 1, 45.25
1735385348, 1, 9, 10, 0, 0, 0.01%, 0, 0, 1, 45.93
1735385353, 2, 0, 10, 0, 0, 0.01%, 0, 0, 1, 45.14
1735385358, 2, 1, 10, 0, 0, 0.01%, 0, 0, 1, 47.93
1735385363, 2, 2, 10, 0, 0, 0.01%, 0, 0, 1, 44.16
1735385368, 2, 3, 10, 0, 0, 0.01%, 0, 0, 1, 46.51
1735385373, 2, 4, 10, 0, 0, 0.01%, 0, 0, 1, 45.99
1735385378, 2, 5, 10, 0, 0, 0.01%, 0, 0, 1, 46.66
1735385388, 2, 6, 10, 0, 0, 0.01%, 0, 0, 1, 43.76
1735385393, 2, 7, 10, 0, 0, 0.01%, 0, 0, 1, 45.69
1735385398, 2, 8, 10, 0, 0, 0.01%, 0, 0, 1, 44.84
1735385403, 2, 9, 10, 0, 0, 0.01%, 0, 0, 1, 46.56
1735385409, 3, 0, 10, 0, 0, 0.01%, 0, 0, 1, 44.88
1735385414, 3, 1, 10, 0, 0, 0.01%, 0, 0, 1, 44.94
1735385419, 3, 2, 10, 0, 0, 0.01%, 0, 0, 1, 45.58
1735385424, 3, 3, 10, 0, 0, 0.01%, 0, 0, 1, 45.04
1735385434, 3, 4, 10, 0, 0, 0.01%, 0, 0, 1, 43.12
1735385439, 3, 5, 10, 0, 0, 0.01%, 0, 0, 1, 45.61
1735385444, 3, 6, 10, 0, 0, 0.01%, 0, 0, 1, 44.78
1735385449, 3, 7, 10, 0, 0, 0.01%, 0, 0, 1, 46.10
1735385454, 3, 8, 10, 0, 0, 0.01%, 0, 0, 1, 44.80
1735385459, 3, 9, 10, 0, 0, 0.01%, 0, 0, 1, 45.09
1735385465, 4, 0, 10, 0, 0, 0.01%, 0, 0, 1, 46.69
1735385470, 4, 1, 10, 0, 0, 0.01%, 0, 0, 1, 46.30
1735385475, 4, 2, 10, 0, 0, 0.01%, 0, 0, 1, 47.82
1735385485, 4, 3, 10, 0, 0, 0.01%, 0, 0, 1, 46.45
1735385490, 4, 4, 10, 0, 0, 0.01%, 0, 0, 1, 45.84
1735385495, 4, 5, 10, 0, 0, 0.01%, 0, 0, 1, 46.86
1735385500, 4, 6, 10, 0, 0, 0.01%, 0, 0, 1, 46.75
1735385505, 4, 7, 10, 0, 0, 0.01%, 0, 0, 1, 49.03
1735385510, 4, 8, 10, 0, 0, 0.01%, 0, 0, 1, 43.92
1735385515, 4, 9, 10, 0, 0, 0.01%, 0, 0, 1, 46.07
1735385520, 5, 0, 10, 0, 0, 0.01%, 0, 0, 1, 46.88
1735385525, 5, 1, 10, 0, 0, 0.01%, 0, 0, 1, 45.31
1735385530, 5, 2, 10, 0, 0, 0.01%, 0, 0, 1, 46.04
1735385536, 5, 3, 10, 0, 0, 0.01%, 0, 0, 1, 48.06
1735385541, 5, 4, 10, 0, 0, 0.01%, 0, 0, 1, 46.01
1735385551, 5, 5, 10, 0, 0, 0.01%, 0, 0, 1, 45.46
1735385556, 5, 6, 10, 0, 0, 0.01%, 0, 0, 1, 43.31
1735385561, 5, 7, 10, 0, 0, 0.01%, 0, 0, 1, 44.67
1735385566, 5, 8, 10, 0, 0, 0.01%, 0, 0, 1, 44.09
1735385571, 5, 9, 10, 0, 0, 0.01%, 0, 0, 1, 45.38
1735385576, 6, 0, 10, 0, 0, 0.01%, 0, 0, 1, 46.67
1735385581, 6, 1, 10, 0, 0, 0.01%, 0, 0, 1, 46.11
1735385586, 6, 2, 10, 0, 0, 0.01%, 0, 0, 1, 45.14
1735385596, 6, 3, 10, 0, 0, 0.01%, 0, 0, 1, 47.59
1735385601, 6, 4, 10, 0, 0, 0.01%, 0, 0, 1, 44.55
1735385607, 6, 5, 10, 0, 0, 0.01%, 0, 0, 1, 45.48
1735385612, 6, 6, 10, 0, 0, 0.01%, 0, 0, 1, 45.41
1735385617, 6, 7, 10, 0, 0, 0.01%, 0, 0, 1, 46.17
1735385622, 6, 8, 10, 0, 0, 0.01%, 0, 0, 1, 45.73
1735385627, 6, 9, 10, 0, 0, 0.01%, 0, 0, 1, 45.85
1735385632, 7, 0, 10, 0, 0, 0.01%, 0, 0, 1, 45.04
1735385637, 7, 1, 10, 0, 0, 0.01%, 0, 0, 1, 47.56
1735385642, 7, 2, 10, 0, 0, 0.01%, 0, 0, 1, 46.17
1735385652, 7, 3, 10, 0, 0, 0.01%, 0, 0, 1, 44.59
1735385657, 7, 4, 10, 0, 0, 0.01%, 0, 0, 1, 46.86
1735385662, 7, 5, 10, 0, 0, 0.01%, 0, 0, 1, 45.12
1735385667, 7, 6, 10, 0, 0, 0.01%, 0, 0, 1, 48.15
1735385673, 7, 7, 10, 0, 0, 0.01%, 0, 0, 1, 45.33
1735385678, 7, 8, 10, 0, 0, 0.01%, 0, 0, 1, 45.50
1735385683, 7, 9, 10, 0, 0, 0.01%, 0, 0, 1, 46.41
1735385688, 8, 0, 10, 0, 0, 0.01%, 0, 0, 1, 44.74
1735385693, 8, 1, 10, 0, 0, 0.01%, 0, 0, 1, 45.67
1735385698, 8, 2, 10, 0, 0, 0.01%, 0, 0, 1, 46.89
1735385708, 8, 3, 10, 0, 0, 0.01%, 0, 0, 1, 46.51
1735385713, 8, 4, 10, 0, 0, 0.01%, 0, 0, 1, 45.67
1735385718, 8, 5, 10, 0, 0, 0.01%, 0, 0, 1, 45.76
1735385723, 8, 6, 10, 0, 0, 0.01%, 0, 0, 1, 45.38
1735385728, 8, 7, 10, 0, 0, 0.01%, 0, 0, 1, 45.62
1735385733, 8, 8, 10, 0, 0, 0.01%, 0, 0, 1, 43.38
1735385738, 8, 9, 10, 0, 0, 0.01%, 0, 0, 1, 45.59
1735385744, 9, 0, 10, 0, 0, 0.01%, 0, 0, 1, 45.64
1735385749, 9, 1, 10, 0, 0, 0.01%, 0, 0, 1, 45.25
1735385759, 9, 2, 10, 0, 0, 0.01%, 0, 0, 1, 43.68
1735385764, 9, 3, 10, 0, 0, 0.01%, 0, 0, 1, 46.09
1735385769, 9, 4, 10, 0, 0, 0.01%, 0, 0, 1, 46.16
1735385774, 9, 5, 10, 0, 0, 0.01%, 0, 0, 1, 46.20
1735385779, 9, 6, 10, 0, 0, 0.01%, 0, 0, 1, 44.69
1735385784, 9, 7, 10, 0, 0, 0.01%, 0, 0, 1, 46.12
1735385789, 9, 8, 10, 0, 0, 0.01%, 0, 0, 1, 44.26
1735385794, 9, 9, 10, 0, 0, 0.01%, 0, 0, 1, 47.23
1735385799, 10, 0, 10, 0, 0, 0.01%, 0, 0, 1, 46.24
1735385804, 10, 1, 10, 0, 0, 0.01%, 0, 0, 1, 47.46
1735385814, 10, 2, 10, 0, 0, 0.01%, 0, 0, 1, 43.24
1735385820, 10, 3, 10, 0, 0, 0.01%, 0, 0, 1, 44.91
1735385825, 10, 4, 10, 0, 0, 0.01%, 0, 0, 1, 45.45
1735385830, 10, 5, 10, 0, 0, 0.01%, 0, 0, 1, 46.47
1735385835, 10, 6, 10, 0, 0, 0.01%, 0, 0, 1, 43.63
1735385840, 10, 7, 10, 0, 0, 0.01%, 0, 0, 1, 45.61
1735385845, 10, 8, 10, 0, 0, 0.01%, 0, 0, 1, 45.46
1735385850, 10, 9, 10, 0, 0, 0.01%, 0, 0, 1, 47.41
1735385860, 11, 0, 10, 0, 0, 0.01%, 0, 0, 1, 46.54
1735385865, 11, 1, 10, 0, 0, 0.01%, 0, 0, 1, 45.88
1735385870, 11, 2, 10, 0, 0, 0.01%, 0, 0, 1, 46.49
1735385875, 11, 3, 10, 0, 0, 0.01%, 0, 0, 1, 45.76
1735385880, 11, 4, 10, 0, 0, 0.01%, 0, 0, 1, 47.62
1735385885, 11, 5, 10, 0, 0, 0.01%, 0, 0, 1, 48.98
1735385890, 11, 6, 10, 0, 0, 0.01%, 0, 0, 1, 45.41
1735385895, 11, 7, 10, 0, 0, 0.01%, 0, 0, 1, 46.78
1735385900, 11, 8, 10, 0, 0, 0.01%, 0, 0, 1, 48.88
1735385906, 11, 9, 10, 0, 0, 0.01%, 0, 0, 1, 49.38
1735385911, 12, 0, 10, 0, 0, 0.01%, 0, 0, 1, 47.43
1735385916, 12, 1, 10, 0, 0, 0.01%, 0, 0, 1, 49.44
1735385921, 12, 2, 10, 0, 0, 0.01%, 0, 0, 1, 47.77
1735385926, 12, 3, 10, 0, 0, 0.01%, 0, 0, 1, 47.07
1735385936, 12, 4, 10, 0, 0, 0.01%, 0, 0, 1, 50.53
1735385941, 12, 5, 10, 0, 0, 0.01%, 0, 0, 1, 46.56
1735385946, 12, 6, 10, 0, 0, 0.01%, 0, 0, 1, 46.71
1735385951, 12, 7, 10, 0, 0, 0.01%, 0, 0, 1, 44.98
1735385956, 12, 8, 10, 0, 0, 0.01%, 0, 0, 1, 46.71
1735385961, 12, 9, 10, 0, 0, 0.01%, 0, 0, 1, 46.51
1735385966, 13, 0, 10, 0, 0, 0.01%, 0, 0, 1, 49.76
1735385971, 13, 1, 10, 0, 0, 0.01%, 0, 0, 1, 47.54
1735385976, 13, 2, 10, 0, 0, 0.01%, 0, 0, 1, 48.59
1735385982, 13, 3, 10, 0, 0, 0.01%, 0, 0, 1, 46.80
1735385987, 13, 4, 10, 0, 0, 0.01%, 0, 0, 1, 48.08
1735385992, 13, 5, 10, 0, 0, 0.01%, 0, 0, 1, 49.58
1735385997, 13, 6, 10, 0, 0, 0.01%, 0, 0, 1, 47.00
1735386002, 13, 7, 10, 0, 0, 0.01%, 0, 0, 1, 51.54
1735386007, 13, 8, 10, 0, 0, 0.01%, 0, 0, 1, 47.21
1735386017, 13, 9, 10, 0, 0, 0.01%, 0, 0, 1, 47.04
1735386022, 14, 0, 10, 0, 0, 0.01%, 0, 0, 1, 50.21
1735386027, 14, 1, 10, 0, 0, 0.01%, 0, 0, 1, 48.07
1735386032, 14, 2, 10, 0, 0, 0.01%, 0, 0, 1, 48.33
1735386037, 14, 3, 10, 0, 0, 0.01%, 0, 0, 1, 48.19
1735386042, 14, 4, 10, 0, 0, 0.01%, 0, 0, 1, 47.77
1735386047, 14, 5, 10, 0, 0, 0.01%, 0, 0, 1, 46.51
1735386052, 14, 6, 10, 0, 0, 0.01%, 0, 0, 1, 47.29
1735386057, 14, 7, 10, 0, 0, 0.01%, 0, 0, 1, 49.98
1735386063, 14, 8, 10, 0, 0, 0.01%, 0, 0, 1, 48.74
1735386068, 14, 9, 10, 0, 0, 0.01%, 0, 0, 1, 45.89
1735386073, 15, 0, 10, 0, 0, 0.01%, 0, 0, 1, 49.33
1735386078, 15, 1, 10, 0, 0, 0.01%, 0, 0, 1, 49.11
1735386083, 15, 2, 10, 0, 0, 0.01%, 0, 0, 1, 49.49
1735386088, 15, 3, 10, 0, 0, 0.01%, 0, 0, 1, 47.42
1735386093, 15, 4, 10, 0, 0, 0.01%, 0, 0, 1, 47.47
1735386119, 15, 5, 10, 0, 0, 0.01%, 0, 0, 1, 45.33
1735386124, 15, 6, 10, 0, 0, 0.01%, 0, 0, 1, 45.91
1735386129, 15, 7, 10, 0, 0, 0.01%, 0, 0, 1, 46.41
1735386134, 15, 8, 10, 0, 0, 0.01%, 0, 0, 1, 40.58
1735386154, 15, 9, 10, 0, 0, 0.01%, 0, 0, 1, 41.38
1735386175, 16, 0, 10, 0, 0, 0.01%, 0, 0, 1, 41.80
1735386195, 16, 1, 10, 0, 0, 0.01%, 0, 0, 1, 41.12
1735386215, 16, 2, 10, 0, 0, 0.01%, 0, 0, 1, 47.29
1735386220, 16, 3, 10, 0, 0, 0.01%, 0, 0, 1, 39.79
1735386241, 16, 4, 10, 0, 0, 0.01%, 0, 0, 1, 47.86
1735386246, 16, 5, 10, 0, 0, 0.01%, 0, 0, 1, 43.82
1735386266, 16, 6, 10, 0, 0, 0.01%, 0, 0, 1, 51.15
1735386271, 16, 7, 10, 0, 0, 0.01%, 0, 0, 1, 49.12
1735386276, 16, 8, 10, 0, 0, 0.01%, 0, 0, 1, 45.56
1735386281, 16, 9, 10, 0, 0, 0.01%, 0, 0, 1, 48.05
1735386287, 17, 0, 10, 0, 0, 0.01%, 0, 0, 1, 47.57
1735386292, 17, 1, 10, 0, 0, 0.01%, 0, 0, 1, 48.67
1735386297, 17, 2, 10, 0, 0, 0.01%, 0, 0, 1, 47.06
1735386302, 17, 3, 10, 0, 0, 0.01%, 0, 0, 1, 47.76
1735386307, 17, 4, 10, 0, 0, 0.01%, 0, 0, 1, 47.18
1735386312, 17, 5, 10, 0, 0, 0.01%, 0, 0, 1, 44.08
1735386317, 17, 6, 10, 0, 0, 0.01%, 0, 0, 1, 45.97
1735386322, 17, 7, 10, 0, 0, 0.01%, 0, 0, 1, 46.25
1735386327, 17, 8, 10, 0, 0, 0.01%, 0, 0, 1, 46.45
1735386338, 17, 9, 10, 0, 0, 0.01%, 0, 0, 1, 46.67
1735386343, 18, 0, 10, 0, 0, 0.01%, 0, 0, 1, 47.61
1735386348, 18, 1, 10, 0, 0, 0.01%, 0, 0, 1, 47.65
1735386353, 18, 2, 10, 0, 0, 0.01%, 0, 0, 1, 45.98
1735386358, 18, 3, 10, 0, 0, 0.01%, 0, 0, 1, 47.87
1735386363, 18, 4, 10, 0, 0, 0.01%, 0, 0, 1, 47.75
1735386368, 18, 5, 10, 0, 0, 0.01%, 0, 0, 1, 44.80
1735386373, 18, 6, 10, 0, 0, 0.01%, 0, 0, 1, 47.17
1735386378, 18, 7, 10, 0, 0, 0.01%, 0, 0, 1, 45.92
1735386383, 18, 8, 10, 0, 0, 0.01%, 0, 0, 1, 46.65
1735386388, 18, 9, 10, 0, 0, 0.01%, 0, 0, 1, 46.48
1735386393, 19, 0, 10, 0, 0, 0.01%, 0, 0, 1, 47.88
1735386398, 19, 1, 10, 0, 0, 0.01%, 0, 0, 1, 47.75
1735386409, 19, 2, 10, 0, 0, 0.01%, 0, 0, 1, 46.10
1735386414, 19, 3, 10, 0, 0, 0.01%, 0, 0, 1, 46.76
1735386419, 19, 4, 10, 0, 0, 0.01%, 0, 0, 1, 48.84
1735386424, 19, 5, 10, 0, 0, 0.01%, 0, 0, 1, 46.05
1735386429, 19, 6, 10, 0, 0, 0.01%, 0, 0, 1, 48.00
1735386434, 19, 7, 10, 0, 0, 0.01%, 0, 0, 1, 47.45
1735386439, 19, 8, 10, 0, 0, 0.01%, 0, 0, 1, 46.02
1735386444, 19, 9, 10, 0, 0, 0.01%, 0, 0, 1, 47.21
1735386449, 20, 0, 10, 0, 0, 0.01%, 0, 0, 1, 46.34
1735386454, 20, 1, 10, 0, 0, 0.01%, 0, 0, 1, 48.91
1735386460, 20, 2, 10, 0, 0, 0.01%, 0, 0, 1, 46.05
1735386465, 20, 3, 10, 0, 0, 0.01%, 0, 0, 1, 48.75
1735386470, 20, 4, 10, 0, 0, 0.01%, 0, 0, 1, 47.30
1735386475, 20, 5, 10, 0, 0, 0.01%, 0, 0, 1, 49.81
1735386480, 20, 6, 10, 0, 0, 0.01%, 0, 0, 1, 46.08
1735386485, 20, 7, 10, 0, 0, 0.01%, 0, 0, 1, 46.04
1735386490, 20, 8, 10, 0, 0, 0.01%, 0, 0, 1, 49.42
1735386500, 20, 9, 10, 0, 0, 0.01%, 0, 0, 1, 47.51
1735386506, 21, 0, 10, 0, 0, 0.01%, 0, 0, 1, 47.73
1735386511, 21, 1, 10, 0, 0, 0.01%, 0, 0, 1, 49.69
1735386516, 21, 2, 10, 0, 0, 0.01%, 0, 0, 1, 47.17
1735386521, 21, 3, 10, 0, 0, 0.01%, 0, 0, 1, 47.66
1735386526, 21, 4, 10, 0, 0, 0.01%, 0, 0, 1, 45.67
1735386531, 21, 5, 10, 0, 0, 0.01%, 0, 0, 1, 48.86
1735386536, 21, 6, 10, 0, 0, 0.01%, 0, 0, 1, 46.28
1735386541, 21, 7, 10, 0, 0, 0.01%, 0, 0, 1, 46.94
1735386546, 21, 8, 10, 0, 0, 0.01%, 0, 0, 1, 45.36
1735386551, 21, 9, 10, 0, 0, 0.01%, 0, 0, 1, 45.15
1735386556, 22, 0, 10, 0, 0, 0.01%, 0, 0, 1, 47.53
1735386561, 22, 1, 10, 0, 0, 0.01%, 0, 0, 1, 44.54
1735386566, 22, 2, 10, 0, 0, 0.01%, 0, 0, 1, 48.32
1735386572, 22, 3, 10, 0, 0, 0.01%, 0, 0, 1, 48.53
1735386582, 22, 4, 10, 0, 0, 0.01%, 0, 0, 1, 46.63
1735386587, 22, 5, 10, 0, 0, 0.01%, 0, 0, 1, 48.03
1735386592, 22, 6, 10, 0, 0, 0.01%, 0, 0, 1, 46.95
1735386597, 22, 7, 10, 0, 0, 0.01%, 0, 0, 1, 51.10
1735386602, 22, 8, 10, 0, 0, 0.01%, 0, 0, 1, 47.02
1735386607, 22, 9, 10, 0, 0, 0.01%, 0, 0, 1, 50.61
1735386612, 23, 0, 10, 0, 0, 0.01%, 0, 0, 1, 48.38
1735386617, 23, 1, 10, 0, 0, 0.01%, 0, 0, 1, 47.34
1735386622, 23, 2, 10, 0, 0, 0.01%, 0, 0, 1, 47.51
1735386627, 23, 3, 10, 0, 0, 0.01%, 0, 0, 1, 49.37
1735386633, 23, 4, 10, 0, 0, 0.01%, 0, 0, 1, 46.09
1735386638, 23, 5, 10, 0, 0, 0.01%, 0, 0, 1, 48.26
1735386643, 23, 6, 10, 0, 0, 0.01%, 0, 0, 1, 47.38
1735386648, 23, 7, 10, 0, 0, 0.01%, 0, 0, 1, 46.54
1735386653, 23, 8, 10, 0, 0, 0.01%, 0, 0, 1, 46.27
1735386658, 23, 9, 10, 0, 0, 0.01%, 0, 0, 1, 46.94
1735386663, 24, 0, 10, 0, 0, 0.01%, 0, 0, 1, 47.95
1735386668, 24, 1, 10, 0, 0, 0.01%, 0, 0, 1, 47.62
1735386678, 24, 2, 10, 0, 0, 0.01%, 0, 0, 1, 48.77
1735386683, 24, 3, 10, 0, 0, 0.01%, 0, 0, 1, 47.29
1735386688, 24, 4, 10, 0, 0, 0.01%, 0, 0, 1, 46.58
1735386693, 24, 5, 10, 0, 0, 0.01%, 0, 0, 1, 46.16
1735386698, 24, 6, 10, 0, 0, 0.01%, 0, 0, 1, 49.18
1735386703, 24, 7, 10, 0, 0, 0.01%, 0, 0, 1, 49.23
1735386709, 24, 8, 10, 0, 0, 0.01%, 0, 0, 1, 48.18
1735386714, 24, 9, 10, 0, 0, 0.01%, 0, 0, 1, 45.22
1735386719, 25, 0, 10, 0, 0, 0.01%, 0, 0, 1, 46.46
1735386724, 25, 1, 10, 0, 0, 0.01%, 0, 0, 1, 45.38
1735386729, 25, 2, 10, 0, 0, 0.01%, 0, 0, 1, 46.52
1735386734, 25, 3, 10, 0, 0, 0.01%, 0, 0, 1, 44.53
1735386739, 25, 4, 10, 0, 0, 0.01%, 0, 0, 1, 47.10
1735386744, 25, 5, 10, 0, 0, 0.01%, 0, 0, 1, 47.29
1735386749, 25, 6, 10, 0, 0, 0.01%, 0, 0, 1, 47.16
1735386754, 25, 7, 10, 0, 0, 0.01%, 0, 0, 1, 48.76
1735386765, 25, 8, 10, 0, 0, 0.01%, 0, 0, 1, 48.61
1735386770, 25, 9, 10, 0, 0, 0.01%, 0, 0, 1, 48.68
1735386775, 26, 0, 10, 0, 0, 0.01%, 0, 0, 1, 47.54
1735386780, 26, 1, 10, 0, 0, 0.01%, 0, 0, 1, 47.31
1735386785, 26, 2, 10, 0, 0, 0.01%, 0, 0, 1, 47.93
1735386790, 26, 3, 10, 0, 0, 0.01%, 0, 0, 1, 47.27
1735386795, 26, 4, 10, 0, 0, 0.01%, 0, 0, 1, 46.29
1735386800, 26, 5, 10, 0, 0, 0.01%, 0, 0, 1, 45.81
1735386805, 26, 6, 10, 0, 0, 0.01%, 0, 0, 1, 49.77
1735386810, 26, 7, 10, 0, 0, 0.01%, 0, 0, 1, 47.84
1735386815, 26, 8, 10, 0, 0, 0.01%, 0, 0, 1, 47.02
1735386820, 26, 9, 10, 0, 0, 0.01%, 0, 0, 1, 46.31
1735386825, 27, 0, 10, 0, 0, 0.01%, 0, 0, 1, 46.26
1735386830, 27, 1, 10, 0, 0, 0.01%, 0, 0, 1, 45.23
1735386841, 27, 2, 10, 0, 0, 0.01%, 0, 0, 1, 46.33
1735386846, 27, 3, 10, 0, 0, 0.01%, 0, 0, 1, 45.86
1735386851, 27, 4, 10, 0, 0, 0.01%, 0, 0, 1, 48.65
1735386856, 27, 5, 10, 0, 0, 0.01%, 0, 0, 1, 47.36
1735386861, 27, 6, 10, 0, 0, 0.01%, 0, 0, 1, 48.17
1735386866, 27, 7, 10, 0, 0, 0.01%, 0, 0, 1, 48.66
1735386871, 27, 8, 10, 0, 0, 0.01%, 0, 0, 1, 48.05
1735386876, 27, 9, 10, 0, 0, 0.01%, 0, 0, 1, 48.80
1735386881, 28, 0, 10, 0, 0, 0.01%, 0, 0, 1, 47.41
1735386886, 28, 1, 10, 0, 0, 0.01%, 0, 0, 1, 46.72
1735386891, 28, 2, 10, 0, 0, 0.01%, 0, 0, 1, 46.66
1735386897, 28, 3, 10, 0, 0, 0.01%, 0, 0, 1, 45.82
1735386902, 28, 4, 10, 0, 0, 0.01%, 0, 0, 1, 47.60
1735386907, 28, 5, 10, 0, 0, 0.01%, 0, 0, 1, 44.45
1735386917, 28, 6, 10, 0, 0, 0.01%, 0, 0, 1, 46.46
1735386922, 28, 7, 10, 0, 0, 0.01%, 0, 0, 1, 49.19
1735386927, 28, 8, 10, 0, 0, 0.01%, 0, 0, 1, 47.21
1735386932, 28, 9, 10, 0, 0, 0.01%, 0, 0, 1, 48.62
1735386937, 29, 0, 10, 0, 0, 0.01%, 0, 0, 1, 45.73
1735386942, 29, 1, 10, 0, 0, 0.01%, 0, 0, 1, 47.20
1735386947, 29, 2, 10, 0, 0, 0.01%, 0, 0, 1, 45.47
1735386952, 29, 3, 10, 0, 0, 0.01%, 0, 0, 1, 47.19
1735386957, 29, 4, 10, 0, 0, 0.01%, 0, 0, 1, 48.08
1735386962, 29, 5, 10, 0, 0, 0.01%, 0, 0, 1, 47.65
1735386967, 29, 6, 10, 0, 0, 0.01%, 0, 0, 1, 48.31
1735386973, 29, 7, 10, 0, 0, 0.01%, 0, 0, 1, 46.96
1735386978, 29, 8, 10, 0, 0, 0.01%, 0, 0, 1, 48.27
1735386983, 29, 9, 10, 0, 0, 0.01%, 0, 0, 1, 48.22
1735386988, 30, 0, 10, 0, 0, 0.01%, 0, 0, 1, 47.86
1735386993, 30, 1, 10, 0, 0, 0.01%, 0, 0, 1, 48.66
1735386998, 30, 2, 10, 0, 0, 0.01%, 0, 0, 1, 50.40
1735387003, 30, 3, 10, 0, 0, 0.01%, 0, 0, 1, 47.13
1735387008, 30, 4, 10, 0, 0, 0.01%, 0, 0, 1, 48.79
1735387018, 30, 5, 10, 0, 0, 0.01%, 0, 0, 1, 48.77
1735387023, 30, 6, 10, 0, 0, 0.01%, 0, 0, 1, 44.52
1735387028, 30, 7, 10, 0, 0, 0.01%, 0, 0, 1, 44.51
1735387033, 30, 8, 10, 0, 0, 0.01%, 0, 0, 1, 45.86
1735387038, 30, 9, 10, 0, 0, 0.01%, 0, 0, 1, 48.32
1735387043, 31, 0, 10, 0, 0, 0.01%, 0, 0, 1, 45.86
1735387049, 31, 1, 10, 0, 0, 0.01%, 0, 0, 1, 45.35
1735387054, 31, 2, 10, 0, 0, 0.01%, 0, 0, 1, 45.11
1735387059, 31, 3, 10, 0, 0, 0.01%, 0, 0, 1, 46.18
1735387064, 31, 4, 10, 0, 0, 0.01%, 0, 0, 1, 48.13
1735387069, 31, 5, 10, 0, 0, 0.01%, 0, 0, 1, 49.32
1735387074, 31, 6, 10, 0, 0, 0.01%, 0, 0, 1, 47.86
1735387079, 31, 7, 10, 0, 0, 0.01%, 0, 0, 1, 46.59
1735387089, 31, 8, 10, 0, 0, 0.01%, 0, 0, 1, 45.47
1735387094, 31, 9, 10, 0, 0, 0.01%, 0, 0, 1, 48.27
1735387099, 32, 0, 10, 0, 0, 0.01%, 0, 0, 1, 47.94
1735387104, 32, 1, 10, 0, 0, 0.01%, 0, 0, 1, 48.28
1735387110, 32, 2, 10, 0, 0, 0.01%, 0, 0, 1, 48.92
1735387115, 32, 3, 10, 0, 0, 0.01%, 0, 0, 1, 45.71
1735387120, 32, 4, 10, 0, 0, 0.01%, 0, 0, 1, 48.59
1735387125, 32, 5, 10, 0, 0, 0.01%, 0, 0, 1, 47.48
1735387130, 32, 6, 10, 0, 0, 0.01%, 0, 0, 1, 51.51
1735387135, 32, 7, 10, 0, 0, 0.01%, 0, 0, 1, 47.14
1735387140, 32, 8, 10, 0, 0, 0.01%, 0, 0, 1, 47.02
1735387145, 32, 9, 10, 0, 0, 0.01%, 0, 0, 1, 47.53
1735387150, 33, 0, 10, 0, 0, 0.01%, 0, 0, 1, 47.60
1735387155, 33, 1, 10, 0, 0, 0.01%, 0, 0, 1, 46.87
1735387160, 33, 2, 10, 0, 0, 0.01%, 0, 0, 1, 46.70
1735387165, 33, 3, 10, 0, 0, 0.01%, 0, 0, 1, 48.62
1735387170, 33, 4, 10, 0, 0, 0.01%, 0, 0, 1, 48.99
1735387175, 33, 5, 10, 0, 0, 0.01%, 0, 0, 1, 47.65
1735387181, 33, 6, 10, 0, 0, 0.01%, 0, 0, 1, 48.52
1735387186, 33, 7, 10, 0, 0, 0.01%, 0, 0, 1, 48.28
1735387196, 33, 8, 10, 0, 0, 0.01%, 0, 0, 1, 47.81
1735387201, 33, 9, 10, 0, 0, 0.01%, 0, 0, 1, 46.92
1735387206, 34, 0, 10, 0, 0, 0.01%, 0, 0, 1, 47.28
1735387211, 34, 1, 10, 0, 0, 0.01%, 0, 0, 1, 48.74
1735387216, 34, 2, 10, 0, 0, 0.01%, 0, 0, 1, 46.51
1735387221, 34, 3, 10, 0, 0, 0.01%, 0, 0, 1, 47.01
1735387226, 34, 4, 10, 0, 0, 0.01%, 0, 0, 1, 47.54
1735387231, 34, 5, 10, 0, 0, 0.01%, 0, 0, 1, 48.30
1735387236, 34, 6, 10, 0, 0, 0.01%, 0, 0, 1, 47.24
1735387241, 34, 7, 10, 0, 0, 0.01%, 0, 0, 1, 47.36
1735387246, 34, 8, 10, 0, 0, 0.01%, 0, 0, 1, 47.62
1735387251, 34, 9, 10, 0, 0, 0.01%, 0, 0, 1, 45.89
1735387256, 35, 0, 10, 0, 0, 0.01%, 0, 0, 1, 46.57
1735387267, 35, 1, 10, 0, 0, 0.01%, 0, 0, 1, 46.64
1735387272, 35, 2, 10, 0, 0, 0.01%, 0, 0, 1, 47.72
1735387277, 35, 3, 10, 0, 0, 0.01%, 0, 0, 1, 46.30
1735387282, 35, 4, 10, 0, 0, 0.01%, 0, 0, 1, 47.26
1735387287, 35, 5, 10, 0, 0, 0.01%, 0, 0, 1, 46.47
1735387292, 35, 6, 10, 0, 0, 0.01%, 0, 0, 1, 49.62
1735387297, 35, 7, 10, 0, 0, 0.01%, 0, 0, 1, 45.46
1735387302, 35, 8, 10, 0, 0, 0.01%, 0, 0, 1, 47.16
1735387307, 35, 9, 10, 0, 0, 0.01%, 0, 0, 1, 48.24
1735387312, 36, 0, 10, 0, 0, 0.01%, 0, 0, 1, 48.32
1735387317, 36, 1, 10, 0, 0, 0.01%, 0, 0, 1, 47.01
1735387322, 36, 2, 10, 0, 0, 0.01%, 0, 0, 1, 45.43
1735387327, 36, 3, 10, 0, 0, 0.01%, 0, 0, 1, 48.38
1735387333, 36, 4, 10, 0, 0, 0.01%, 0, 0, 1, 46.38
1735387338, 36, 5, 10, 0, 0, 0.01%, 0, 0, 1, 48.52
1735387343, 36, 6, 10, 0, 0, 0.01%, 0, 0, 1, 48.15
1735387348, 36, 7, 10, 0, 0, 0.01%, 0, 0, 1, 48.18
1735387358, 36, 8, 10, 0, 0, 0.01%, 0, 0, 1, 49.48
1735387363, 36, 9, 10, 0, 0, 0.01%, 0, 0, 1, 49.24
1735387368, 37, 0, 10, 0, 0, 0.01%, 0, 0, 1, 48.96
1735387373, 37, 1, 10, 0, 0, 0.01%, 0, 0, 1, 44.66
1735387378, 37, 2, 10, 0, 0, 0.01%, 0, 0, 1, 47.53
1735387383, 37, 3, 10, 0, 0, 0.01%, 0, 0, 1, 46.87
1735387388, 37, 4, 10, 0, 0, 0.01%, 0, 0, 1, 50.63
1735387394, 37, 5, 10, 0, 0, 0.01%, 0, 0, 1, 47.86
1735387399, 37, 6, 10, 0, 0, 0.01%, 0, 0, 1, 48.58
1735387404, 37, 7, 10, 0, 0, 0.01%, 0, 0, 1, 46.08
1735387409, 37, 8, 10, 0, 0, 0.01%, 0, 0, 1, 48.20
1735387414, 37, 9, 10, 0, 0, 0.01%, 0, 0, 1, 48.40
1735387419, 38, 0, 10, 0, 0, 0.01%, 0, 0, 1, 47.79
1735387424, 38, 1, 10, 0, 0, 0.01%, 0, 0, 1, 47.28
1735387429, 38, 2, 10, 0, 0, 0.01%, 0, 0, 1, 47.64
1735387434, 38, 3, 10, 0, 0, 0.01%, 0, 0, 1, 48.24
1735387439, 38, 4, 10, 0, 0, 0.01%, 0, 0, 1, 46.86
1735387449, 38, 5, 10, 0, 0, 0.01%, 0, 0, 1, 47.80
1735387455, 38, 6, 10, 0, 0, 0.01%, 0, 0, 1, 46.13
1735387460, 38, 7, 10, 0, 0, 0.01%, 0, 0, 1, 48.11
1735387465, 38, 8, 10, 0, 0, 0.01%, 0, 0, 1, 51.23
1735387470, 38, 9, 10, 0, 0, 0.01%, 0, 0, 1, 47.82
1735387475, 39, 0, 10, 0, 0, 0.01%, 0, 0, 1, 48.00
1735387480, 39, 1, 10, 0, 0, 0.01%, 0, 0, 1, 45.94
1735387485, 39, 2, 10, 0, 0, 0.01%, 0, 0, 1, 47.78
1735387490, 39, 3, 10, 0, 0, 0.01%, 0, 0, 1, 50.08
1735387495, 39, 4, 10, 0, 0, 0.01%, 0, 0, 1, 47.25
1735387500, 39, 5, 10, 0, 0, 0.01%, 0, 0, 1, 46.92
1735387505, 39, 6, 10, 0, 0, 0.01%, 0, 0, 1, 46.77
1735387510, 39, 7, 10, 0, 0, 0.01%, 0, 0, 1, 47.19
1735387515, 39, 8, 10, 0, 0, 0.01%, 0, 0, 1, 47.59
1735387520, 39, 9, 10, 0, 0, 0.01%, 0, 0, 1, 48.89
1735387526, 40, 0, 10, 0, 0, 0.01%, 0, 0, 1, 46.69
1735387536, 40, 1, 10, 0, 0, 0.01%, 0, 0, 1, 49.49
1735387541, 40, 2, 10, 0, 0, 0.01%, 0, 0, 1, 46.53
1735387546, 40, 3, 10, 0, 0, 0.01%, 0, 0, 1, 48.14
1735387551, 40, 4, 10, 0, 0, 0.01%, 0, 0, 1, 47.31
1735387556, 40, 5, 10, 0, 0, 0.01%, 0, 0, 1, 49.13
1735387561, 40, 6, 10, 0, 0, 0.01%, 0, 0, 1, 45.85
1735387566, 40, 7, 10, 0, 0, 0.01%, 0, 0, 1, 45.20
1735387571, 40, 8, 10, 0, 0, 0.01%, 0, 0, 1, 49.95
1735387576, 40, 9, 10, 0, 0, 0.01%, 0, 0, 1, 48.14
1735387581, 41, 0, 10, 0, 0, 0.01%, 0, 0, 1, 48.07
1735387586, 41, 1, 10, 0, 0, 0.01%, 0, 0, 1, 47.48
1735387591, 41, 2, 10, 0, 0, 0.01%, 0, 0, 1, 48.56
1735387596, 41, 3, 10, 0, 0, 0.01%, 0, 0, 1, 45.89
1735387601, 41, 4, 10, 0, 0, 0.01%, 0, 0, 1, 45.70
1735387607, 41, 5, 10, 0, 0, 0.01%, 0, 0, 1, 46.94
1735387617, 41, 6, 10, 0, 0, 0.01%, 0, 0, 1, 47.28
1735387622, 41, 7, 10, 0, 0, 0.01%, 0, 0, 1, 46.10
1735387627, 41, 8, 10, 0, 0, 0.01%, 0, 0, 1, 46.39
1735387632, 41, 9, 10, 0, 0, 0.01%, 0, 0, 1, 47.32
1735387637, 42, 0, 10, 0, 0, 0.01%, 0, 0, 1, 45.87
1735387642, 42, 1, 10, 0, 0, 0.01%, 0, 0, 1, 46.10
1735387647, 42, 2, 10, 0, 0, 0.01%, 0, 0, 1, 46.80
1735387652, 42, 3, 10, 0, 0, 0.01%, 0, 0, 1, 47.77
1735387657, 42, 4, 10, 0, 0, 0.01%, 0, 0, 1, 48.82
1735387662, 42, 5, 10, 0, 0, 0.01%, 0, 0, 1, 48.79
1735387667, 42, 6, 10, 0, 0, 0.01%, 0, 0, 1, 47.66
1735387672, 42, 7, 10, 0, 0, 0.01%, 0, 0, 1, 51.92
1735387678, 42, 8, 10, 0, 0, 0.01%, 0, 0, 1, 48.63
1735387683, 42, 9, 10, 0, 0, 0.01%, 0, 0, 1, 46.08
1735387688, 43, 0, 10, 0, 0, 0.01%, 0, 0, 1, 45.69
1735387698, 43, 1, 10, 0, 0, 0.01%, 0, 0, 1, 47.10
1735387703, 43, 2, 10, 0, 0, 0.01%, 0, 0, 1, 46.41
1735387708, 43, 3, 10, 0, 0, 0.01%, 0, 0, 1, 49.29
1735387713, 43, 4, 10, 0, 0, 0.01%, 0, 0, 1, 50.12
1735387718, 43, 5, 10, 0, 0, 0.01%, 0, 0, 1, 49.30
1735387723, 43, 6, 10, 0, 0, 0.01%, 0, 0, 1, 46.28
1735387728, 43, 7, 10, 0, 0, 0.01%, 0, 0, 1, 46.06
1735387733, 43, 8, 10, 0, 0, 0.01%, 0, 0, 1, 50.42
1735387738, 43, 9, 10, 0, 0, 0.01%, 0, 0, 1, 49.16
1735387743, 44, 0, 10, 0, 0, 0.01%, 0, 0, 1, 47.64
1735387749, 44, 1, 10, 0, 0, 0.01%, 0, 0, 1, 49.63
1735387754, 44, 2, 10, 0, 0, 0.01%, 0, 0, 1, 48.54
1735387759, 44, 3, 10, 0, 0, 0.01%, 0, 0, 1, 47.70
1735387764, 44, 4, 10, 0, 0, 0.01%, 0, 0, 1, 48.02
1735387769, 44, 5, 10, 0, 0, 0.01%, 0, 0, 1, 43.65
1735387774, 44, 6, 10, 0, 0, 0.01%, 0, 0, 1, 46.50
1735387784, 44, 7, 10, 0, 0, 0.01%, 0, 0, 1, 46.73
1735387789, 44, 8, 10, 0, 0, 0.01%, 0, 0, 1, 47.95
1735387794, 44, 9, 10, 0, 0, 0.01%, 0, 0, 1, 49.16
1735387799, 45, 0, 10, 0, 0, 0.01%, 0, 0, 1, 44.34
1735387804, 45, 1, 10, 0, 0, 0.01%, 0, 0, 1, 47.64
1735387809, 45, 2, 10, 0, 0, 0.01%, 0, 0, 1, 47.51
1735387814, 45, 3, 10, 0, 0, 0.01%, 0, 0, 1, 48.42
1735387819, 45, 4, 10, 0, 0, 0.01%, 0, 0, 1, 47.74
1735387825, 45, 5, 10, 0, 0, 0.01%, 0, 0, 1, 46.05
1735387830, 45, 6, 10, 0, 0, 0.01%, 0, 0, 1, 45.28
1735387835, 45, 7, 10, 0, 0, 0.01%, 0, 0, 1, 47.45
1735387840, 45, 8, 10, 0, 0, 0.01%, 0, 0, 1, 48.65
1735387845, 45, 9, 10, 0, 0, 0.01%, 0, 0, 1, 46.54
1735387850, 46, 0, 10, 0, 0, 0.01%, 0, 0, 1, 48.53
1735387860, 46, 1, 10, 0, 0, 0.01%, 0, 0, 1, 47.56
1735387865, 46, 2, 10, 0, 0, 0.01%, 0, 0, 1, 46.17
1735387870, 46, 3, 10, 0, 0, 0.01%, 0, 0, 1, 45.11
1735387875, 46, 4, 10, 0, 0, 0.01%, 0, 0, 1, 48.44
1735387880, 46, 5, 10, 0, 0, 0.01%, 0, 0, 1, 48.61
1735387885, 46, 6, 10, 0, 0, 0.01%, 0, 0, 1, 46.91
1735387891, 46, 7, 10, 0, 0, 0.01%, 0, 0, 1, 46.79
1735387896, 46, 8, 10, 0, 0, 0.01%, 0, 0, 1, 47.69
1735387901, 46, 9, 10, 0, 0, 0.01%, 0, 0, 1, 47.69
1735387906, 47, 0, 10, 0, 0, 0.01%, 0, 0, 1, 49.41
1735387911, 47, 1, 10, 0, 0, 0.01%, 0, 0, 1, 48.03
1735387916, 47, 2, 10, 0, 0, 0.01%, 0, 0, 1, 49.31
1735387921, 47, 3, 10, 0, 0, 0.01%, 0, 0, 1, 48.06
1735387926, 47, 4, 10, 0, 0, 0.01%, 0, 0, 1, 47.76
1735387931, 47, 5, 10, 0, 0, 0.01%, 0, 0, 1, 46.49
1735387936, 47, 6, 10, 0, 0, 0.01%, 0, 0, 1, 48.55
1735387946, 47, 7, 10, 0, 0, 0.01%, 0, 0, 1, 48.86
1735387951, 47, 8, 10, 0, 0, 0.01%, 0, 0, 1, 46.86
1735387956, 47, 9, 10, 0, 0, 0.01%, 0, 0, 1, 46.90
1735387962, 48, 0, 10, 0, 0, 0.01%, 0, 0, 1, 47.24
1735387967, 48, 1, 10, 0, 0, 0.01%, 0, 0, 1, 47.51
1735387972, 48, 2, 10, 0, 0, 0.01%, 0, 0, 1, 44.81
1735387977, 48, 3, 10, 0, 0, 0.01%, 0, 0, 1, 47.82
1735387982, 48, 4, 10, 0, 0, 0.01%, 0, 0, 1, 45.24
1735387987, 48, 5, 10, 0, 0, 0.01%, 0, 0, 1, 45.54
1735387992, 48, 6, 10, 0, 0, 0.01%, 0, 0, 1, 46.40
1735387997, 48, 7, 10, 0, 0, 0.01%, 0, 0, 1, 48.64
1735388002, 48, 8, 10, 0, 0, 0.01%, 0, 0, 1, 45.81
1735388007, 48, 9, 10, 0, 0, 0.01%, 0, 0, 1, 47.63
1735388012, 49, 0, 10, 0, 0, 0.01%, 0, 0, 1, 46.38
1735388017, 49, 1, 10, 0, 0, 0.01%, 0, 0, 1, 48.43
1735388022, 49, 2, 10, 0, 0, 0.01%, 0, 0, 1, 48.66
1735388033, 49, 3, 10, 0, 0, 0.01%, 0, 0, 1, 48.12
1735388038, 49, 4, 10, 0, 0, 0.01%, 0, 0, 1, 48.51
1735388043, 49, 5, 10, 0, 0, 0.01%, 0, 0, 1, 45.48
1735388048, 49, 6, 10, 0, 0, 0.01%, 0, 0, 1, 45.45
1735388053, 49, 7, 10, 0, 0, 0.01%, 0, 0, 1, 45.33
1735388058, 49, 8, 10, 0, 0, 0.01%, 0, 0, 1, 48.82
1735388063, 49, 9, 10, 0, 0, 0.01%, 0, 0, 1, 48.26
1735388068, 50, 0, 10, 0, 0, 0.01%, 0, 0, 1, 48.45
1735388073, 50, 1, 10, 0, 0, 0.01%, 0, 0, 1, 47.51
1735388078, 50, 2, 10, 0, 0, 0.01%, 0, 0, 1, 46.83
1735388083, 50, 3, 10, 0, 0, 0.01%, 0, 0, 1, 45.03
1735388088, 50, 4, 10, 0, 0, 0.01%, 0, 0, 1, 47.34
1735388094, 50, 5, 10, 0, 0, 0.01%, 0, 0, 1, 48.33
1735388099, 50, 6, 10, 0, 0, 0.01%, 0, 0, 1, 48.94
1735388104, 50, 7, 10, 0, 0, 0.01%, 0, 0, 1, 46.58
1735388109, 50, 8, 10, 0, 0, 0.01%, 0, 0, 1, 46.03
1735388114, 50, 9, 10, 0, 0, 0.01%, 0, 0, 1, 44.92
1735388119, 51, 0, 10, 0, 0, 0.01%, 0, 0, 1, 49.55
1735388129, 51, 1, 10, 0, 0, 0.01%, 0, 0, 1, 46.79
1735388134, 51, 2, 10, 0, 0, 0.01%, 0, 0, 1, 49.01
1735388139, 51, 3, 10, 0, 0, 0.01%, 0, 0, 1, 47.78
1735388144, 51, 4, 10, 0, 0, 0.01%, 0, 0, 1, 47.39
1735388150, 51, 5, 10, 0, 0, 0.01%, 0, 0, 1, 48.17
1735388155, 51, 6, 10, 0, 0, 0.01%, 0, 0, 1, 47.31
1735388160, 51, 7, 10, 0, 0, 0.01%, 0, 0, 1, 48.57
1735388165, 51, 8, 10, 0, 0, 0.01%, 0, 0, 1, 48.31
1735388170, 51, 9, 10, 0, 0, 0.01%, 0, 0, 1, 49.09
1735388175, 52, 0, 10, 0, 0, 0.01%, 0, 0, 1, 47.00
1735388180, 52, 1, 10, 0, 0, 0.01%, 0, 0, 1, 47.75
1735388185, 52, 2, 10, 0, 0, 0.01%, 0, 0, 1, 45.74
1735388190, 52, 3, 10, 0, 0, 0.01%, 0, 0, 1, 49.37
1735388195, 52, 4, 10, 0, 0, 0.01%, 0, 0, 1, 45.39
1735388205, 52, 5, 10, 0, 0, 0.01%, 0, 0, 1, 45.12
1735388210, 52, 6, 10, 0, 0, 0.01%, 0, 0, 1, 44.11
1735388215, 52, 7, 10, 0, 0, 0.01%, 0, 0, 1, 47.38
1735388220, 52, 8, 10, 0, 0, 0.01%, 0, 0, 1, 46.18
1735388225, 52, 9, 10, 0, 0, 0.01%, 0, 0, 1, 46.51
1735388231, 53, 0, 10, 0, 0, 0.01%, 0, 0, 1, 46.47
1735388236, 53, 1, 10, 0, 0, 0.01%, 0, 0, 1, 44.67
1735388241, 53, 2, 10, 0, 0, 0.01%, 0, 0, 1, 45.72
1735388246, 53, 3, 10, 0, 0, 0.01%, 0, 0, 1, 46.49
1735388251, 53, 4, 10, 0, 0, 0.01%, 0, 0, 1, 47.68
1735388256, 53, 5, 10, 0, 0, 0.01%, 0, 0, 1, 47.06
1735388266, 53, 6, 10, 0, 0, 0.01%, 0, 0, 1, 51.79
1735388271, 53, 7, 10, 0, 0, 0.01%, 0, 0, 1, 48.18
1735388276, 53, 8, 10, 0, 0, 0.01%, 0, 0, 1, 47.34
1735388281, 53, 9, 10, 0, 0, 0.01%, 0, 0, 1, 48.98
1735388286, 54, 0, 10, 0, 0, 0.01%, 0, 0, 1, 48.19
1735388291, 54, 1, 10, 0, 0, 0.01%, 0, 0, 1, 46.39
1735388296, 54, 2, 10, 0, 0, 0.01%, 0, 0, 1, 46.83
1735388302, 54, 3, 10, 0, 0, 0.01%, 0, 0, 1, 46.96
1735388307, 54, 4, 10, 0, 0, 0.01%, 0, 0, 1, 48.82
1735388312, 54, 5, 10, 0, 0, 0.01%, 0, 0, 1, 48.87
1735388317, 54, 6, 10, 0, 0, 0.01%, 0, 0, 1, 47.35
1735388322, 54, 7, 10, 0, 0, 0.01%, 0, 0, 1, 48.60
1735388327, 54, 8, 10, 0, 0, 0.01%, 0, 0, 1, 47.76
1735388332, 54, 9, 10, 0, 0, 0.01%, 0, 0, 1, 46.88
1735388337, 55, 0, 10, 0, 0, 0.01%, 0, 0, 1, 47.98
1735388342, 55, 1, 10, 0, 0, 0.01%, 0, 0, 1, 46.01
1735388352, 55, 2, 10, 0, 0, 0.01%, 0, 0, 1, 47.22
1735388357, 55, 3, 10, 0, 0, 0.01%, 0, 0, 1, 45.94
1735388363, 55, 4, 10, 0, 0, 0.01%, 0, 0, 1, 47.38
1735388368, 55, 5, 10, 0, 0, 0.01%, 0, 0, 1, 45.12
1735388373, 55, 6, 10, 0, 0, 0.01%, 0, 0, 1, 50.58
1735388378, 55, 7, 10, 0, 0, 0.01%, 0, 0, 1, 49.37
1735388383, 55, 8, 10, 0, 0, 0.01%, 0, 0, 1, 51.25
1735388388, 55, 9, 10, 0, 0, 0.01%, 0, 0, 1, 48.67
1735388393, 56, 0, 10, 0, 0, 0.01%, 0, 0, 1, 50.87
1735388398, 56, 1, 10, 0, 0, 0.01%, 0, 0, 1, 46.22
1735388403, 56, 2, 10, 0, 0, 0.01%, 0, 0, 1, 47.13
1735388408, 56, 3, 10, 0, 0, 0.01%, 0, 0, 1, 46.56
1735388413, 56, 4, 10, 0, 0, 0.01%, 0, 0, 1, 48.48
1735388418, 56, 5, 10, 0, 0, 0.01%, 0, 0, 1, 46.63
1735388423, 56, 6, 10, 0, 0, 0.01%, 0, 0, 1, 46.20
1735388429, 56, 7, 10, 0, 0, 0.01%, 0, 0, 1, 47.61
1735388434, 56, 8, 10, 0, 0, 0.01%, 0, 0, 1, 49.28
1735388439, 56, 9, 10, 0, 0, 0.01%, 0, 0, 1, 48.74
1735388449, 57, 0, 10, 0, 0, 0.01%, 0, 0, 1, 46.18
1735388454, 57, 1, 10, 0, 0, 0.01%, 0, 0, 1, 47.61
1735388459, 57, 2, 10, 0, 0, 0.01%, 0, 0, 1, 48.16
1735388464, 57, 3, 10, 0, 0, 0.01%, 0, 0, 1, 47.23
1735388469, 57, 4, 10, 0, 0, 0.01%, 0, 0, 1, 50.22
1735388474, 57, 5, 10, 0, 0, 0.01%, 0, 0, 1, 48.07
1735388479, 57, 6, 10, 0, 0, 0.01%, 0, 0, 1, 46.33
1735388484, 57, 7, 10, 0, 0, 0.01%, 0, 0, 1, 46.10
1735388489, 57, 8, 10, 0, 0, 0.01%, 0, 0, 1, 46.24
1735388494, 57, 9, 10, 0, 0, 0.01%, 0, 0, 1, 45.63
1735388499, 58, 0, 10, 0, 0, 0.01%, 0, 0, 1, 45.34
1735388505, 58, 1, 10, 0, 0, 0.01%, 0, 0, 1, 47.24
1735388510, 58, 2, 10, 0, 0, 0.01%, 0, 0, 1, 46.90
1735388515, 58, 3, 10, 0, 0, 0.01%, 0, 0, 1, 49.59
1735388520, 58, 4, 10, 0, 0, 0.01%, 0, 0, 1, 47.64
1735388530, 58, 5, 10, 0, 0, 0.01%, 0, 0, 1, 48.53
1735388535, 58, 6, 10, 0, 0, 0.01%, 0, 0, 1, 46.10
1735388540, 58, 7, 10, 0, 0, 0.01%, 0, 0, 1, 49.91
1735388545, 58, 8, 10, 0, 0, 0.01%, 0, 0, 1, 48.83
1735388550, 58, 9, 10, 0, 0, 0.01%, 0, 0, 1, 51.63
1735388555, 59, 0, 10, 0, 0, 0.01%, 0, 0, 1, 49.69
1735388560, 59, 1, 10, 0, 0, 0.01%, 0, 0, 1, 48.74
1735388565, 59, 2, 10, 0, 0, 0.01%, 0, 0, 1, 45.34
1735388570, 59, 3, 10, 0, 0, 0.01%, 0, 0, 1, 46.73
1735388575, 59, 4, 10, 0, 0, 0.01%, 0, 0, 1, 46.02
1735388581, 59, 5, 10, 0, 0, 0.01%, 0, 0, 1, 48.71
1735388586, 59, 6, 10, 0, 0, 0.01%, 0, 0, 1, 47.41
1735388591, 59, 7, 10, 0, 0, 0.01%, 0, 0, 1, 45.62
1735388596, 59, 8, 10, 0, 0, 0.01%, 0, 0, 1, 48.30
1735388601, 59, 9, 10, 0, 0, 0.01%, 0, 0, 1, 47.14
1735388606, 60, 0, 10, 0, 0, 0.01%, 0, 0, 1, 45.89
1735388611, 60, 1, 10, 0, 0, 0.01%, 0, 0, 1, 47.19
1735388616, 60, 2, 10, 0, 0, 0.01%, 0, 0, 1, 49.63
1735388626, 60, 4, 10, 0, 0, 0.01%, 0, 0, 1, 50.17
1735388636, 60, 5, 10, 0, 0, 0.01%, 0, 0, 1, 49.23
1735388641, 60, 6, 10, 0, 0, 0.01%, 0, 0, 1, 47.15
1735388646, 60, 7, 10, 0, 0, 0.01%, 0, 0, 1, 49.59
1735388651, 60, 8, 10, 0, 0, 0.01%, 0, 0, 1, 47.27
1735388656, 60, 9, 10, 0, 0, 0.01%, 0, 0, 1, 49.57
1735388661, 61, 0, 10, 0, 0, 0.01%, 0, 0, 1, 45.77
1735388667, 61, 1, 10, 0, 0, 0.01%, 0, 0, 1, 47.71
1735388672, 61, 2, 10, 0, 0, 0.01%, 0, 0, 1, 46.67
1735388677, 61, 3, 10, 0, 0, 0.01%, 0, 0, 1, 48.35
1735388682, 61, 4, 10, 0, 0, 0.01%, 0, 0, 1, 46.05
1735388687, 61, 5, 10, 0, 0, 0.01%, 0, 0, 1, 45.60
1735388692, 61, 6, 10, 0, 0, 0.01%, 0, 0, 1, 47.81
1735388697, 61, 7, 10, 0, 0, 0.01%, 0, 0, 1, 47.28
1735388702, 61, 8, 10, 0, 0, 0.01%, 0, 0, 1, 49.41
1735388712, 61, 9, 10, 0, 0, 0.01%, 0, 0, 1, 48.16
1735388717, 62, 0, 10, 0, 0, 0.01%, 0, 0, 1, 48.31
1735388722, 62, 1, 10, 0, 0, 0.01%, 0, 0, 1, 45.55
1735388727, 62, 2, 10, 0, 0, 0.01%, 0, 0, 1, 47.28
1735388732, 62, 3, 10, 0, 0, 0.01%, 0, 0, 1, 48.46
1735388737, 62, 4, 10, 0, 0, 0.01%, 0, 0, 1, 47.97
1735388743, 62, 5, 10, 0, 0, 0.01%, 0, 0, 1, 46.20
1735388748, 62, 6, 10, 0, 0, 0.01%, 0, 0, 1, 48.01
1735388753, 62, 7, 10, 0, 0, 0.01%, 0, 0, 1, 45.33
1735388758, 62, 8, 10, 0, 0, 0.01%, 0, 0, 1, 48.42
1735388763, 62, 9, 10, 0, 0, 0.01%, 0, 0, 1, 46.80
1735388768, 63, 0, 10, 0, 0, 0.01%, 0, 0, 1, 48.02
1735388773, 63, 1, 10, 0, 0, 0.01%, 0, 0, 1, 46.48
1735388778, 63, 2, 10, 0, 0, 0.01%, 0, 0, 1, 47.01
1735388783, 63, 3, 10, 0, 0, 0.01%, 0, 0, 1, 47.46
1735388788, 63, 4, 10, 0, 0, 0.01%, 0, 0, 1, 49.34
1735388798, 63, 5, 10, 0, 0, 0.01%, 0, 0, 1, 47.83
1735388803, 63, 6, 10, 0, 0, 0.01%, 0, 0, 1, 46.70
1735388808, 63, 7, 10, 0, 0, 0.01%, 0, 0, 1, 51.34
1735388813, 63, 8, 10, 0, 0, 0.01%, 0, 0, 1, 47.06
1735388818, 63, 9, 10, 0, 0, 0.01%, 0, 0, 1, 47.94
1735388824, 64, 0, 10, 0, 0, 0.01%, 0, 0, 1, 47.18
1735388829, 64, 1, 10, 0, 0, 0.01%, 0, 0, 1, 47.45
1735388834, 64, 2, 10, 0, 0, 0.01%, 0, 0, 1, 46.75
1735388839, 64, 3, 10, 0, 0, 0.01%, 0, 0, 1, 47.61
1735388844, 64, 4, 10, 0, 0, 0.01%, 0, 0, 1, 47.94
1735388849, 64, 5, 10, 0, 0, 0.01%, 0, 0, 1, 48.50
1735388854, 64, 6, 10, 0, 0, 0.01%, 0, 0, 1, 51.22
1735388859, 64, 7, 10, 0, 0, 0.01%, 0, 0, 1, 48.91
1735388864, 64, 8, 10, 0, 0, 0.01%, 0, 0, 1, 48.36
1735388869, 64, 9, 10, 0, 0, 0.01%, 0, 0, 1, 46.15
1735388874, 65, 0, 10, 0, 0, 0.01%, 0, 0, 1, 48.63
1735388885, 65, 1, 10, 0, 0, 0.01%, 0, 0, 1, 47.17
1735388890, 65, 2, 10, 0, 0, 0.01%, 0, 0, 1, 48.40
1735388895, 65, 3, 10, 0, 0, 0.01%, 0, 0, 1, 50.02
1735388900, 65, 4, 10, 0, 0, 0.01%, 0, 0, 1, 46.39
1735388905, 65, 5, 10, 0, 0, 0.01%, 0, 0, 1, 46.17
1735388910, 65, 6, 10, 0, 0, 0.01%, 0, 0, 1, 47.51
1735388915, 65, 7, 10, 0, 0, 0.01%, 0, 0, 1, 49.38
1735388920, 65, 8, 10, 0, 0, 0.01%, 0, 0, 1, 44.55
1735388925, 65, 9, 10, 0, 0, 0.01%, 0, 0, 1, 45.52
1735388930, 66, 0, 10, 0, 0, 0.01%, 0, 0, 1, 46.42
1735388935, 66, 1, 10, 0, 0, 0.01%, 0, 0, 1, 46.08
1735388940, 66, 2, 10, 0, 0, 0.01%, 0, 0, 1, 46.94
1735388945, 66, 3, 10, 0, 0, 0.01%, 0, 0, 1, 47.06
1735388950, 66, 4, 10, 0, 0, 0.01%, 0, 0, 1, 50.09
1735388955, 66, 5, 10, 0, 0, 0.01%, 0, 0, 1, 47.69
1735388960, 66, 6, 10, 0, 0, 0.01%, 0, 0, 1, 49.48
1735388966, 66, 7, 10, 0, 0, 0.01%, 0, 0, 1, 48.87
1735388976, 66, 8, 10, 0, 0, 0.01%, 0, 0, 1, 48.57
1735388981, 66, 9, 10, 0, 0, 0.01%, 0, 0, 1, 48.93
1735388986, 67, 0, 10, 0, 0, 0.01%, 0, 0, 1, 50.54
1735388991, 67, 1, 10, 0, 0, 0.01%, 0, 0, 1, 49.58
1735388996, 67, 2, 10, 0, 0, 0.01%, 0, 0, 1, 48.27
1735389001, 67, 3, 10, 0, 0, 0.01%, 0, 0, 1, 47.34
1735389006, 67, 4, 10, 0, 0, 0.01%, 0, 0, 1, 45.72
1735389011, 67, 5, 10, 0, 0, 0.01%, 0, 0, 1, 47.10
1735389016, 67, 6, 10, 0, 0, 0.01%, 0, 0, 1, 46.31
1735389021, 67, 7, 10, 0, 0, 0.01%, 0, 0, 1, 44.48
1735389026, 67, 8, 10, 0, 0, 0.01%, 0, 0, 1, 47.52
1735389031, 67, 9, 10, 0, 0, 0.01%, 0, 0, 1, 45.16
1735389036, 68, 0, 10, 0, 0, 0.01%, 0, 0, 1, 47.34
1735389042, 68, 1, 10, 0, 0, 0.01%, 0, 0, 1, 48.49
1735389047, 68, 2, 10, 0, 0, 0.01%, 0, 0, 1, 47.03
1735389057, 68, 3, 10, 0, 0, 0.01%, 0, 0, 1, 46.33
1735389062, 68, 4, 10, 0, 0, 0.01%, 0, 0, 1, 45.40
1735389067, 68, 5, 10, 0, 0, 0.01%, 0, 0, 1, 48.95
1735389072, 68, 6, 10, 0, 0, 0.01%, 0, 0, 1, 47.92
1735389077, 68, 7, 10, 0, 0, 0.01%, 0, 0, 1, 47.71
1735389082, 68, 8, 10, 0, 0, 0.01%, 0, 0, 1, 47.89
1735389087, 68, 9, 10, 0, 0, 0.01%, 0, 0, 1, 47.06
1735389092, 69, 0, 10, 0, 0, 0.01%, 0, 0, 1, 48.68
1735389097, 69, 1, 10, 0, 0, 0.01%, 0, 0, 1, 44.41
1735389102, 69, 2, 10, 0, 0, 0.01%, 0, 0, 1, 47.60
1735389107, 69, 3, 10, 0, 0, 0.01%, 0, 0, 1, 46.68
1735389113, 69, 4, 10, 0, 0, 0.01%, 0, 0, 1, 45.50
1735389118, 69, 5, 10, 0, 0, 0.01%, 0, 0, 1, 45.93
1735389128, 69, 6, 10, 0, 0, 0.01%, 0, 0, 1, 46.40
1735389133, 69, 7, 10, 0, 0, 0.01%, 0, 0, 1, 46.52
1735389138, 69, 8, 10, 0, 0, 0.01%, 0, 0, 1, 47.22
1735389143, 69, 9, 10, 0, 0, 0.01%, 0, 0, 1, 47.11
1735389148, 70, 0, 10, 0, 0, 0.01%, 0, 0, 1, 47.27
1735389153, 70, 1, 10, 0, 0, 0.01%, 0, 0, 1, 47.28
1735389158, 70, 2, 10, 0, 0, 0.01%, 0, 0, 1, 46.95
1735389163, 70, 3, 10, 0, 0, 0.01%, 0, 0, 1, 49.07
1735389168, 70, 4, 10, 0, 0, 0.01%, 0, 0, 1, 48.20
1735389173, 70, 5, 10, 0, 0, 0.01%, 0, 0, 1, 47.05
1735389178, 70, 6, 10, 0, 0, 0.01%, 0, 0, 1, 46.82
1735389183, 70, 7, 10, 0, 0, 0.01%, 0, 0, 1, 46.41
1735389188, 70, 8, 10, 0, 0, 0.01%, 0, 0, 1, 47.81
1735389193, 70, 9, 10, 0, 0, 0.01%, 0, 0, 1, 47.28
1735389198, 71, 0, 10, 0, 0, 0.01%, 0, 0, 1, 47.77
1735389209, 71, 1, 10, 0, 0, 0.01%, 0, 0, 1, 49.09
1735389214, 71, 2, 10, 0, 0, 0.01%, 0, 0, 1, 46.80
1735389219, 71, 3, 10, 0, 0, 0.01%, 0, 0, 1, 50.93
1735389224, 71, 4, 10, 0, 0, 0.01%, 0, 0, 1, 47.17
1735389229, 71, 5, 10, 0, 0, 0.01%, 0, 0, 1, 49.04
1735389234, 71, 6, 10, 0, 0, 0.01%, 0, 0, 1, 48.05
1735389239, 71, 7, 10, 0, 0, 0.01%, 0, 0, 1, 48.61
1735389244, 71, 8, 10, 0, 0, 0.01%, 0, 0, 1, 45.03
1735389249, 71, 9, 10, 0, 0, 0.01%, 0, 0, 1, 46.76
1735389254, 72, 0, 10, 0, 0, 0.01%, 0, 0, 1, 46.98
1735389259, 72, 1, 10, 0, 0, 0.01%, 0, 0, 1, 47.00
1735389264, 72, 2, 10, 0, 0, 0.01%, 0, 0, 1, 49.68
1735389269, 72, 3, 10, 0, 0, 0.01%, 0, 0, 1, 47.57
1735389274, 72, 4, 10, 0, 0, 0.01%, 0, 0, 1, 48.15
1735389279, 72, 5, 10, 0, 0, 0.01%, 0, 0, 1, 48.74
1735389285, 72, 6, 10, 0, 0, 0.01%, 0, 0, 1, 48.67
1735389290, 72, 7, 10, 0, 0, 0.01%, 0, 0, 1, 48.52
1735389295, 72, 8, 10, 0, 0, 0.01%, 0, 0, 1, 48.01
1735389300, 72, 9, 10, 0, 0, 0.01%, 0, 0, 1, 48.16
1735389310, 73, 0, 10, 0, 0, 0.01%, 0, 0, 1, 46.68
1735389315, 73, 1, 10, 0, 0, 0.01%, 0, 0, 1, 48.34
1735389320, 73, 2, 10, 0, 0, 0.01%, 0, 0, 1, 47.52
1735389325, 73, 3, 10, 0, 0, 0.01%, 0, 0, 1, 49.65
1735389330, 73, 4, 10, 0, 0, 0.01%, 0, 0, 1, 47.83
1735389335, 73, 5, 10, 0, 0, 0.01%, 0, 0, 1, 45.14
1735389340, 73, 6, 10, 0, 0, 0.01%, 0, 0, 1, 48.22
1735389346, 73, 7, 10, 0, 0, 0.01%, 0, 0, 1, 48.13
1735389351, 73, 8, 10, 0, 0, 0.01%, 0, 0, 1, 50.55
1735389356, 73, 9, 10, 0, 0, 0.01%, 0, 0, 1, 45.01
1735389361, 74, 0, 10, 0, 0, 0.01%, 0, 0, 1, 45.94
1735389366, 74, 1, 10, 0, 0, 0.01%, 0, 0, 1, 46.36
1735389371, 74, 2, 10, 0, 0, 0.01%, 0, 0, 1, 48.50
1735389376, 74, 3, 10, 0, 0, 0.01%, 0, 0, 1, 47.50
1735389381, 74, 4, 10, 0, 0, 0.01%, 0, 0, 1, 47.57
1735389386, 74, 5, 10, 0, 0, 0.01%, 0, 0, 1, 47.03
1735389396, 74, 6, 10, 0, 0, 0.01%, 0, 0, 1, 47.75
1735389401, 74, 7, 10, 0, 0, 0.01%, 0, 0, 1, 47.16
1735389406, 74, 8, 10, 0, 0, 0.01%, 0, 0, 1, 46.79
1735389412, 74, 9, 10, 0, 0, 0.01%, 0, 0, 1, 49.44
1735389417, 75, 0, 10, 0, 0, 0.01%, 0, 0, 1, 45.20
1735389422, 75, 1, 10, 0, 0, 0.01%, 0, 0, 1, 49.18
1735389427, 75, 2, 10, 0, 0, 0.01%, 0, 0, 1, 45.38
1735389432, 75, 3, 10, 0, 0, 0.01%, 0, 0, 1, 47.78
1735389437, 75, 4, 10, 0, 0, 0.01%, 0, 0, 1, 48.62
1735389442, 75, 5, 10, 0, 0, 0.01%, 0, 0, 1, 48.00
1735389447, 75, 6, 10, 0, 0, 0.01%, 0, 0, 1, 48.87
1735389452, 75, 7, 10, 0, 0, 0.01%, 0, 0, 1, 51.52
1735389457, 75, 8, 10, 0, 0, 0.01%, 0, 0, 1, 47.78
1735389462, 75, 9, 10, 0, 0, 0.01%, 0, 0, 1, 48.80
1735389467, 76, 0, 10, 0, 0, 0.01%, 0, 0, 1, 47.91
1735389478, 76, 1, 10, 0, 0, 0.01%, 0, 0, 1, 47.91
1735389483, 76, 2, 10, 0, 0, 0.01%, 0, 0, 1, 51.34
1735389488, 76, 3, 10, 0, 0, 0.01%, 0, 0, 1, 46.79
1735389493, 76, 4, 10, 0, 0, 0.01%, 0, 0, 1, 46.83
1735389498, 76, 5, 10, 0, 0, 0.01%, 0, 0, 1, 48.07
1735389503, 76, 6, 10, 0, 0, 0.01%, 0, 0, 1, 47.05
1735389508, 76, 7, 10, 0, 0, 0.01%, 0, 0, 1, 49.02
1735389513, 76, 8, 10, 0, 0, 0.01%, 0, 0, 1, 47.72
1735389518, 76, 9, 10, 0, 0, 0.01%, 0, 0, 1, 51.06
1735389523, 77, 0, 10, 0, 0, 0.01%, 0, 0, 1, 47.31
1735389528, 77, 1, 10, 0, 0, 0.01%, 0, 0, 1, 50.71
1735389534, 77, 2, 10, 0, 0, 0.01%, 0, 0, 1, 46.99
1735389539, 77, 3, 10, 0, 0, 0.01%, 0, 0, 1, 47.31
1735389544, 77, 4, 10, 0, 0, 0.01%, 0, 0, 1, 47.21
1735389549, 77, 5, 10, 0, 0, 0.01%, 0, 0, 1, 48.38
1735389554, 77, 6, 10, 0, 0, 0.01%, 0, 0, 1, 46.22
1735389559, 77, 7, 10, 0, 0, 0.01%, 0, 0, 1, 45.79
1735389569, 77, 8, 10, 0, 0, 0.01%, 0, 0, 1, 46.31
1735389574, 77, 9, 10, 0, 0, 0.01%, 0, 0, 1, 48.73
1735389579, 78, 0, 10, 0, 0, 0.01%, 0, 0, 1, 46.77
1735389584, 78, 1, 10, 0, 0, 0.01%, 0, 0, 1, 48.47
1735389589, 78, 2, 10, 0, 0, 0.01%, 0, 0, 1, 46.00
1735389594, 78, 3, 10, 0, 0, 0.01%, 0, 0, 1, 48.51
1735389600, 78, 4, 10, 0, 0, 0.01%, 0, 0, 1, 46.62
1735389605, 78, 5, 10, 0, 0, 0.01%, 0, 0, 1, 47.64
1735389610, 78, 6, 10, 0, 0, 0.01%, 0, 0, 1, 47.94
1735389615, 78, 7, 10, 0, 0, 0.01%, 0, 0, 1, 48.23
1735389620, 78, 8, 10, 0, 0, 0.01%, 0, 0, 1, 46.97
1735389625, 78, 9, 10, 0, 0, 0.01%, 0, 0, 1, 47.41
1735389630, 79, 0, 10, 0, 0, 0.01%, 0, 0, 1, 44.97
1735389635, 79, 1, 10, 0, 0, 0.01%, 0, 0, 1, 47.14
1735389640, 79, 2, 10, 0, 0, 0.01%, 0, 0, 1, 46.34
1735389645, 79, 3, 10, 0, 0, 0.01%, 0, 0, 1, 50.24
1735389655, 79, 4, 10, 0, 0, 0.01%, 0, 0, 1, 47.38
1735389660, 79, 5, 10, 0, 0, 0.01%, 0, 0, 1, 48.84
1735389665, 79, 6, 10, 0, 0, 0.01%, 0, 0, 1, 50.26
1735389670, 79, 7, 10, 0, 0, 0.01%, 0, 0, 1, 47.99
1735389675, 79, 8, 10, 0, 0, 0.01%, 0, 0, 1, 49.10
1735389680, 79, 9, 10, 0, 0, 0.01%, 0, 0, 1, 48.50
1735389685, 80, 0, 10, 0, 0, 0.01%, 0, 0, 1, 46.98
1735389691, 80, 1, 10, 0, 0, 0.01%, 0, 0, 1, 49.09
1735389696, 80, 2, 10, 0, 0, 0.01%, 0, 0, 1, 45.99
1735389701, 80, 3, 10, 0, 0, 0.01%, 0, 0, 1, 47.16
1735389706, 80, 4, 10, 0, 0, 0.01%, 0, 0, 1, 47.35
1735389711, 80, 5, 10, 0, 0, 0.01%, 0, 0, 1, 47.19
1735389716, 80, 6, 10, 0, 0, 0.01%, 0, 0, 1, 45.44
1735389721, 80, 7, 10, 0, 0, 0.01%, 0, 0, 1, 47.17
1735389726, 80, 8, 10, 0, 0, 0.01%, 0, 0, 1, 45.53
1735389736, 80, 9, 10, 0, 0, 0.01%, 0, 0, 1, 47.82
1735389741, 81, 0, 10, 0, 0, 0.01%, 0, 0, 1, 48.78
1735389746, 81, 1, 10, 0, 0, 0.01%, 0, 0, 1, 47.50
1735389751, 81, 2, 10, 0, 0, 0.01%, 0, 0, 1, 44.83
1735389756, 81, 3, 10, 0, 0, 0.01%, 0, 0, 1, 47.84
1735389762, 81, 4, 10, 0, 0, 0.01%, 0, 0, 1, 47.40
1735389767, 81, 5, 10, 0, 0, 0.01%, 0, 0, 1, 49.20
1735389772, 81, 6, 10, 0, 0, 0.01%, 0, 0, 1, 46.28
1735389777, 81, 7, 10, 0, 0, 0.01%, 0, 0, 1, 47.20
1735389782, 81, 8, 10, 0, 0, 0.01%, 0, 0, 1, 46.76
1735389787, 81, 9, 10, 0, 0, 0.01%, 0, 0, 1, 51.52
1735389792, 82, 0, 10, 0, 0, 0.01%, 0, 0, 1, 48.71
1735389797, 82, 1, 10, 0, 0, 0.01%, 0, 0, 1, 48.26
1735389802, 82, 2, 10, 0, 0, 0.01%, 0, 0, 1, 46.28
1735389807, 82, 3, 10, 0, 0, 0.01%, 0, 0, 1, 48.29
1735389812, 82, 4, 10, 0, 0, 0.01%, 0, 0, 1, 46.88
1735389817, 82, 5, 10, 0, 0, 0.01%, 0, 0, 1, 49.82
1735389822, 82, 6, 10, 0, 0, 0.01%, 0, 0, 1, 50.00
1735389832, 82, 7, 10, 0, 0, 0.01%, 0, 0, 1, 49.77
1735389837, 82, 8, 11, 1, 0, 0.14%, 0, 0, 2, 46.43
1735389843, 82, 10, 11, 1, 1, 0.14%, 1, 0, 2, 61.11
1735389848, 82, 10, 12, 2, 1, 0.14%, 1, 0, 3, 49.77
1735389853, 82, 10, 12, 2, 1, 0.14%, 2, 0, 3, 50.63
1735389924, 82, 11, 13, 2, 1, 0.14%, 3, 0, 4, 72.95
1735389944, 82, 11, 14, 3, 1, 0.14%, 3, 0, 4, 52.56
1735389959, 82, 11, 15, 4, 1, 0.14%, 3, 0, 4, 47.78
1735389979, 82, 11, 16, 5, 1, 0.14%, 4, 0, 4, 50.54
1735390040, 82, 12, 16, 4, 2, 0.14%, 4, 0, 4, 60.80
1735390090, 82, 12, 17, 5, 2, 0.14%, 4, 0, 5, 51.39
1735390197, 82, 12, 18, 6, 2, 0.14%, 4, 0, 5, 52.67
1735390202, 82, 12, 19, 7, 2, 0.14%, 4, 0, 5, 58.60
1735390207, 82, 15, 20, 7, 2, 0.14%, 5, 0, 5, 79.12
1735390293, 82, 15, 21, 8, 2, 0.14%, 5, 0, 5, 50.30
1735390304, 82, 16, 21, 7, 3, 0.14%, 5, 0, 5, 63.76
1735390385, 82, 19, 21, 6, 2, 0.14%, 5, 0, 5, 82.47
1735390405, 82, 19, 22, 7, 2, 0.14%, 5, 0, 6, 54.02
1735390476, 82, 19, 23, 8, 2, 0.14%, 5, 0, 6, 54.14
1735390481, 82, 19, 24, 9, 2, 0.14%, 5, 0, 6, 54.61
1735390491, 82, 19, 27, 12, 2, 0.14%, 5, 0, 6, 57.39
1735390507, 82, 20, 27, 11, 3, 0.14%, 5, 0, 6, 83.75
1735390552, 82, 20, 28, 12, 3, 0.14%, 5, 0, 6, 60.97
1735390562, 82, 20, 29, 13, 3, 0.14%, 5, 0, 6, 56.18
1735390573, 82, 20, 30, 14, 3, 0.14%, 5, 0, 6, 57.31
1735390633, 82, 23, 30, 13, 2, 0.14%, 5, 0, 6, 89.90
1735390654, 82, 23, 31, 14, 2, 0.14%, 5, 0, 7, 57.30
1735390684, 82, 23, 32, 15, 2, 0.14%, 5, 0, 7, 51.69
1735390750, 83, 28, 33, 11, 0, 0.14%, 5, 0, 7, 67.64
1735390806, 83, 28, 34, 12, 0, 0.14%, 5, 0, 7, 59.13
1735390876, 83, 33, 34, 11, 1, 0.14%, 5, 0, 7, 76.84
1735390983, 83, 33, 35, 12, 1, 0.14%, 5, 0, 8, 65.10
1735391049, 84, 22, 35, 8, 0, 0.14%, 5, 0, 8, 56.34
1735391054, 84, 25, 35, 7, 0, 0.14%, 5, 0, 8, 79.04
1735391166, 84, 29, 35, 6, 0, 0.14%, 5, 0, 8, 51.17
1735391176, 85, 27, 35, 4, 0, 0.14%, 5, 0, 8, 39.20
1735391354, 91, 22, 35, 2, 0, 0.14%, 5, 0, 8, 87.40
1735391461, 91, 30, 35, 2, 0, 0.14%, 5, 0, 8, 72.25
1735391538, 92, 18, 35, 1, 0, 0.14%, 5, 0, 8, 82.53
1735391619, 92, 24, 35, 1, 0, 0.14%, 5, 0, 8, 67.98
1735391695, 93, 27, 35, 0, 0, 0.14%, 5, 0, 8, 56.33
1735391721, 94, 26, 35, 0, 0, 0.14%, 5, 0, 8, 87.85
1735391920, 94, 26, 36, 1, 0, 0.14%, 5, 0, 8, 73.53
1735391981, 94, 35, 36, 1, 1, 0.14%, 5, 0, 8, 103.94
1735392185, 95, 24, 36, 0, 0, 0.14%, 5, 0, 8, 62.30
1735392220, 95, 27, 36, 0, 0, 0.14%, 5, 0, 8, 70.20
1735392256, 96, 27, 36, 0, 0, 0.14%, 5, 0, 8, 62.81
1735392291, 97, 27, 36, 0, 0, 0.14%, 5, 0, 8, 62.15
1735392331, 98, 27, 36, 0, 0, 0.14%, 5, 0, 8, 70.88
1735392367, 99, 27, 36, 0, 0, 0.14%, 5, 0, 8, 73.37
1735392403, 100, 27, 36, 0, 0, 0.14%, 5, 0, 8, 73.93
1735392438, 101, 27, 36, 0, 0, 0.14%, 5, 0, 8, 69.63
1735392474, 102, 35, 36, 0, 0, 0.14%, 5, 0, 8, 73.39
1735392499, 103, 35, 36, 0, 0, 0.14%, 5, 0, 8, 57.13
1735392535, 104, 30, 36, 0, 0, 0.14%, 5, 0, 8, 64.81
1735392565, 104, 35, 36, 0, 0, 0.14%, 5, 0, 8, 74.32
1735392600, 105, 35, 36, 0, 0, 0.14%, 5, 0, 8, 70.71
1735392641, 106, 35, 36, 0, 0, 0.14%, 5, 0, 8, 71.21
1735392677, 107, 35, 36, 0, 0, 0.14%, 5, 0, 8, 70.73
1735392697, 107, 35, 37, 1, 0, 0.14%, 5, 0, 8, 65.36
1735392712, 107, 36, 37, 1, 1, 0.14%, 5, 0, 8, 50.61
1735393150, 111, 35, 37, 0, 0, 0.14%, 5, 0, 8, 61.21
1735393186, 113, 36, 37, 0, 0, 0.14%, 5, 0, 8, 68.88
1735393221, 114, 36, 37, 0, 0, 0.14%, 5, 0, 8, 77.03
1735393257, 115, 36, 37, 0, 0, 0.14%, 5, 0, 8, 79.90
1735393293, 116, 36, 37, 0, 0, 0.14%, 5, 0, 8, 78.90
1735393328, 117, 36, 38, 1, 0, 0.14%, 6, 0, 9, 80.32
1735393369, 118, 32, 38, 1, 0, 0.14%, 6, 0, 9, 85.35
1735393451, 118, 36, 38, 1, 0, 0.14%, 6, 0, 9, 73.00
1735393486, 119, 36, 38, 1, 0, 0.14%, 6, 0, 9, 85.20
1735393522, 120, 36, 38, 1, 0, 0.14%, 6, 0, 9, 73.22
1735393557, 121, 29, 38, 1, 0, 0.14%, 6, 0, 9, 84.60
1735393788, 121, 29, 40, 3, 0, 0.14%, 7, 0, 9, 102.52
1735395413, 121, 39, 40, 2, 1, 0.14%, 7, 0, 9, 44.29
1735395418, 122, 30, 40, 1, 0, 0.14%, 7, 0, 9, 57.85
1735395434, 122, 37, 40, 1, 0, 0.14%, 7, 0, 9, 73.46
1735395984, 126, 20, 40, 0, 0, 0.14%, 7, 0, 9, 53.66
1735396005, 126, 30, 40, 0, 0, 0.14%, 7, 0, 9, 64.12
1735396040, 126, 35, 40, 0, 0, 0.14%, 7, 0, 9, 64.18
