# unix_time, cycles_done, cur_path, paths_total, pending_total, pending_favs, map_size, unique_crashes, unique_hangs, max_depth, execs_per_sec
1734881530, 0, 0, 10, 10, 1, 0.01%, 0, 0, 1, 36.30
1734881535, 0, 3, 10, 10, 1, 0.01%, 0, 0, 1, 38.51
1734881550, 1, 0, 10, 3, 0, 0.01%, 0, 0, 1, 44.32
1734881555, 1, 1, 10, 2, 0, 0.01%, 0, 0, 1, 46.79
1734881560, 1, 2, 10, 1, 0, 0.01%, 0, 0, 1, 46.89
1734881565, 1, 3, 10, 0, 0, 0.01%, 0, 0, 1, 44.92
1734881570, 1, 4, 10, 0, 0, 0.01%, 0, 0, 1, 45.78
1734881580, 1, 5, 10, 0, 0, 0.01%, 0, 0, 1, 43.98
1734881585, 1, 6, 10, 0, 0, 0.01%, 0, 0, 1, 43.84
1734881591, 1, 7, 10, 0, 0, 0.01%, 0, 0, 1, 43.03
1734881596, 1, 8, 10, 0, 0, 0.01%, 0, 0, 1, 44.19
1734881601, 1, 9, 10, 0, 0, 0.01%, 0, 0, 1, 45.32
1734881606, 2, 0, 10, 0, 0, 0.01%, 0, 0, 1, 46.24
1734881611, 2, 1, 10, 0, 0, 0.01%, 0, 0, 1, 48.26
1734881616, 2, 2, 10, 0, 0, 0.01%, 0, 0, 1, 46.01
1734881626, 2, 3, 10, 0, 0, 0.01%, 0, 0, 1, 44.14
1734881631, 2, 4, 10, 0, 0, 0.01%, 0, 0, 1, 45.26
1734881636, 2, 5, 10, 0, 0, 0.01%, 0, 0, 1, 44.24
1734881641, 2, 6, 10, 0, 0, 0.01%, 0, 0, 1, 47.58
1734881646, 2, 7, 10, 0, 0, 0.01%, 0, 0, 1, 47.38
1734881651, 2, 8, 10, 0, 0, 0.01%, 0, 0, 1, 46.16
1734881656, 2, 9, 10, 0, 0, 0.01%, 0, 0, 1, 45.17
1734881661, 3, 0, 10, 0, 0, 0.01%, 0, 0, 1, 45.73
1734881672, 3, 1, 10, 0, 0, 0.01%, 0, 0, 1, 43.27
1734881677, 3, 2, 10, 0, 0, 0.01%, 0, 0, 1, 46.25
1734881682, 3, 3, 10, 0, 0, 0.01%, 0, 0, 1, 43.78
1734881687, 3, 4, 10, 0, 0, 0.01%, 0, 0, 1, 45.22
1734881692, 3, 5, 10, 0, 0, 0.01%, 0, 0, 1, 43.42
1734881697, 3, 6, 10, 0, 0, 0.01%, 0, 0, 1, 44.06
1734881702, 3, 7, 10, 0, 0, 0.01%, 0, 0, 1, 45.35
1734881707, 3, 8, 10, 0, 0, 0.01%, 0, 0, 1, 43.55
1734881717, 3, 9, 10, 0, 0, 0.01%, 0, 0, 1, 44.93
1734881722, 4, 0, 10, 0, 0, 0.01%, 0, 0, 1, 46.81
1734881727, 4, 1, 10, 0, 0, 0.01%, 0, 0, 1, 45.08
1734881732, 4, 2, 10, 0, 0, 0.01%, 0, 0, 1, 44.04
1734881738, 4, 3, 10, 0, 0, 0.01%, 0, 0, 1, 42.98
1734881743, 4, 4, 10, 0, 0, 0.01%, 0, 0, 1, 44.18
1734881748, 4, 5, 10, 0, 0, 0.01%, 0, 0, 1, 45.99
1734881753, 4, 6, 10, 0, 0, 0.01%, 0, 0, 1, 47.11
1734881763, 4, 7, 10, 0, 0, 0.01%, 0, 0, 1, 46.99
1734881768, 4, 8, 10, 0, 0, 0.01%, 0, 0, 1, 45.42
1734881773, 4, 9, 10, 0, 0, 0.01%, 0, 0, 1, 44.45
1734881778, 5, 0, 10, 0, 0, 0.01%, 0, 0, 1, 47.31
1734881783, 5, 1, 10, 0, 0, 0.01%, 0, 0, 1, 47.61
1734881788, 5, 2, 10, 0, 0, 0.01%, 0, 0, 1, 45.10
1734881793, 5, 3, 10, 0, 0, 0.01%, 0, 0, 1, 46.60
1734881798, 5, 4, 10, 0, 0, 0.01%, 0, 0, 1, 47.57
1734881803, 5, 5, 10, 0, 0, 0.01%, 0, 0, 1, 44.22
1734881809, 5, 6, 10, 0, 0, 0.01%, 0, 0, 1, 45.49
1734881819, 5, 7, 10, 0, 0, 0.01%, 0, 0, 1, 44.59
1734881824, 5, 8, 10, 0, 0, 0.01%, 0, 0, 1, 47.29
1734881829, 5, 9, 10, 0, 0, 0.01%, 0, 0, 1, 45.39
1734881834, 6, 0, 10, 0, 0, 0.01%, 0, 0, 1, 44.95
1734881839, 6, 1, 10, 0, 0, 0.01%, 0, 0, 1, 45.05
1734881844, 6, 2, 10, 0, 0, 0.01%, 0, 0, 1, 46.34
1734881849, 6, 3, 10, 0, 0, 0.01%, 0, 0, 1, 47.23
1734881854, 6, 4, 10, 0, 0, 0.01%, 0, 0, 1, 43.51
1734881859, 6, 5, 10, 0, 0, 0.01%, 0, 0, 1, 46.49
1734881869, 6, 6, 10, 0, 0, 0.01%, 0, 0, 1, 44.64
1734881875, 6, 7, 10, 0, 0, 0.01%, 0, 0, 1, 42.35
1734881880, 6, 8, 10, 0, 0, 0.01%, 0, 0, 1, 43.93
1734881885, 6, 9, 10, 0, 0, 0.01%, 0, 0, 1, 44.64
1734881890, 7, 0, 10, 0, 0, 0.01%, 0, 0, 1, 45.29
1734881895, 7, 1, 10, 0, 0, 0.01%, 0, 0, 1, 45.56
1734881900, 7, 2, 10, 0, 0, 0.01%, 0, 0, 1, 44.31
1734881910, 7, 3, 10, 0, 0, 0.01%, 0, 0, 1, 47.64
1734881915, 7, 4, 10, 0, 0, 0.01%, 0, 0, 1, 45.05
1734881920, 7, 5, 10, 0, 0, 0.01%, 0, 0, 1, 42.87
1734881925, 7, 6, 10, 0, 0, 0.01%, 0, 0, 1, 47.31
1734881930, 7, 7, 10, 0, 0, 0.01%, 0, 0, 1, 44.12
1734881935, 7, 8, 10, 0, 0, 0.01%, 0, 0, 1, 45.39
1734881941, 7, 9, 10, 0, 0, 0.01%, 0, 0, 1, 46.51
1734881946, 8, 0, 10, 0, 0, 0.01%, 0, 0, 1, 44.81
1734881956, 8, 1, 10, 0, 0, 0.01%, 0, 0, 1, 44.55
1734881961, 8, 2, 10, 0, 0, 0.01%, 0, 0, 1, 44.31
1734881966, 8, 3, 10, 0, 0, 0.01%, 0, 0, 1, 45.51
1734881971, 8, 4, 10, 0, 0, 0.01%, 0, 0, 1, 45.33
1734881976, 8, 5, 10, 0, 0, 0.01%, 0, 0, 1, 45.07
1734881981, 8, 6, 10, 0, 0, 0.01%, 0, 0, 1, 45.53
1734881986, 8, 7, 10, 0, 0, 0.01%, 0, 0, 1, 43.39
1734881991, 8, 8, 10, 0, 0, 0.01%, 0, 0, 1, 43.62
1734882002, 8, 9, 10, 0, 0, 0.01%, 0, 0, 1, 43.74
1734882007, 9, 0, 10, 0, 0, 0.01%, 0, 0, 1, 45.71
1734882012, 9, 1, 10, 0, 0, 0.01%, 0, 0, 1, 46.27
1734882017, 9, 2, 10, 0, 0, 0.01%, 0, 0, 1, 45.58
1734882022, 9, 3, 10, 0, 0, 0.01%, 0, 0, 1, 46.76
1734882027, 9, 4, 10, 0, 0, 0.01%, 0, 0, 1, 46.58
1734882032, 9, 5, 10, 0, 0, 0.01%, 0, 0, 1, 45.75
1734882037, 9, 6, 10, 0, 0, 0.01%, 0, 0, 1, 46.34
1734882042, 9, 7, 10, 0, 0, 0.01%, 0, 0, 1, 45.38
1734882052, 9, 8, 10, 0, 0, 0.01%, 0, 0, 1, 46.54
1734882058, 9, 9, 10, 0, 0, 0.01%, 0, 0, 1, 46.09
1734882063, 10, 0, 10, 0, 0, 0.01%, 0, 0, 1, 46.29
1734882068, 10, 1, 10, 0, 0, 0.01%, 0, 0, 1, 46.83
1734882073, 10, 2, 10, 0, 0, 0.01%, 0, 0, 1, 44.90
1734882078, 10, 3, 10, 0, 0, 0.01%, 0, 0, 1, 45.50
1734882083, 10, 4, 10, 0, 0, 0.01%, 0, 0, 1, 43.49
1734882088, 10, 5, 10, 0, 0, 0.01%, 0, 0, 1, 44.03
1734882093, 10, 6, 10, 0, 0, 0.01%, 0, 0, 1, 46.87
1734882098, 10, 7, 10, 0, 0, 0.01%, 0, 0, 1, 44.31
1734882108, 10, 8, 10, 0, 0, 0.01%, 0, 0, 1, 45.72
1734882113, 10, 9, 10, 0, 0, 0.01%, 0, 0, 1, 44.91
1734882119, 11, 0, 10, 0, 0, 0.01%, 0, 0, 1, 47.87
1734882124, 11, 1, 10, 0, 0, 0.01%, 0, 0, 1, 47.65
1734882129, 11, 2, 10, 0, 0, 0.01%, 0, 0, 1, 46.44
1734882134, 11, 3, 10, 0, 0, 0.01%, 0, 0, 1, 45.73
1734882139, 11, 4, 10, 0, 0, 0.01%, 0, 0, 1, 48.20
1734882144, 11, 5, 10, 0, 0, 0.01%, 0, 0, 1, 48.35
1734882149, 11, 6, 10, 0, 0, 0.01%, 0, 0, 1, 46.13
1734882154, 11, 7, 10, 0, 0, 0.01%, 0, 0, 1, 47.83
1734882159, 11, 8, 10, 0, 0, 0.01%, 0, 0, 1, 46.42
1734882169, 11, 9, 10, 0, 0, 0.01%, 0, 0, 1, 47.02
1734882175, 12, 0, 10, 0, 0, 0.01%, 0, 0, 1, 46.15
1734882180, 12, 1, 10, 0, 0, 0.01%, 0, 0, 1, 47.66
1734882185, 12, 2, 10, 0, 0, 0.01%, 0, 0, 1, 49.24
1734882190, 12, 3, 10, 0, 0, 0.01%, 0, 0, 1, 49.96
1734882195, 12, 4, 10, 0, 0, 0.01%, 0, 0, 1, 47.68
1734882200, 12, 5, 10, 0, 0, 0.01%, 0, 0, 1, 47.87
1734882205, 12, 6, 10, 0, 0, 0.01%, 0, 0, 1, 45.98
1734882210, 12, 7, 10, 0, 0, 0.01%, 0, 0, 1, 44.54
1734882215, 12, 8, 10, 0, 0, 0.01%, 0, 0, 1, 46.18
1734882220, 12, 9, 10, 0, 0, 0.01%, 0, 0, 1, 46.98
1734882225, 13, 0, 10, 0, 0, 0.01%, 0, 0, 1, 45.37
1734882231, 13, 1, 10, 0, 0, 0.01%, 0, 0, 1, 46.91
1734882236, 13, 2, 10, 0, 0, 0.01%, 0, 0, 1, 47.70
1734882241, 13, 3, 10, 0, 0, 0.01%, 0, 0, 1, 48.76
1734882251, 13, 4, 10, 0, 0, 0.01%, 0, 0, 1, 46.65
1734882256, 13, 5, 10, 0, 0, 0.01%, 0, 0, 1, 47.40
1734882261, 13, 6, 10, 0, 0, 0.01%, 0, 0, 1, 45.47
1734882266, 13, 7, 10, 0, 0, 0.01%, 0, 0, 1, 46.06
1734882271, 13, 8, 10, 0, 0, 0.01%, 0, 0, 1, 45.83
1734882276, 13, 9, 10, 0, 0, 0.01%, 0, 0, 1, 49.71
1734882281, 14, 0, 10, 0, 0, 0.01%, 0, 0, 1, 44.15
1734882286, 14, 1, 10, 0, 0, 0.01%, 0, 0, 1, 46.33
1734882291, 14, 2, 10, 0, 0, 0.01%, 0, 0, 1, 50.28
1734882296, 14, 3, 10, 0, 0, 0.01%, 0, 0, 1, 46.50
1734882301, 14, 4, 10, 0, 0, 0.01%, 0, 0, 1, 48.01
1734882307, 14, 5, 10, 0, 0, 0.01%, 0, 0, 1, 48.58
1734882317, 14, 6, 10, 0, 0, 0.01%, 0, 0, 1, 47.23
1734882322, 14, 7, 10, 0, 0, 0.01%, 0, 0, 1, 47.44
1734882327, 14, 8, 10, 0, 0, 0.01%, 0, 0, 1, 47.64
1734882332, 14, 9, 10, 0, 0, 0.01%, 0, 0, 1, 46.82
1734882337, 15, 0, 10, 0, 0, 0.01%, 0, 0, 1, 47.34
1734882342, 15, 1, 10, 0, 0, 0.01%, 0, 0, 1, 48.11
1734882347, 15, 2, 10, 0, 0, 0.01%, 0, 0, 1, 46.32
1734882352, 15, 3, 10, 0, 0, 0.01%, 0, 0, 1, 46.79
1734882357, 15, 4, 10, 0, 0, 0.01%, 0, 0, 1, 43.24
1734882378, 15, 5, 10, 0, 0, 0.01%, 0, 0, 1, 43.42
1734882398, 15, 6, 10, 0, 0, 0.01%, 0, 0, 1, 43.35
1734882418, 15, 7, 10, 0, 0, 0.01%, 0, 0, 1, 44.45
1734882439, 15, 8, 10, 0, 0, 0.01%, 0, 0, 1, 42.76
1734882459, 15, 9, 10, 0, 0, 0.01%, 0, 0, 1, 43.83
1734882479, 16, 0, 10, 0, 0, 0.01%, 0, 0, 1, 42.77
1734882500, 16, 1, 10, 0, 0, 0.01%, 0, 0, 1, 45.35
1734882520, 16, 2, 10, 0, 0, 0.01%, 0, 0, 1, 45.12
1734882525, 16, 3, 10, 0, 0, 0.01%, 0, 0, 1, 45.69
1734882530, 16, 3, 11, 1, 0, 0.14%, 1, 0, 2, 46.31
1734882535, 16, 10, 13, 3, 1, 0.14%, 3, 0, 3, 61.46
1734882611, 16, 12, 13, 1, 1, 0.14%, 3, 0, 3, 78.15
1734882683, 18, 12, 13, 0, 0, 0.14%, 3, 0, 3, 49.28
1734882718, 19, 11, 13, 0, 0, 0.14%, 3, 0, 3, 60.95
1734882789, 19, 12, 13, 0, 0, 0.14%, 3, 0, 3, 52.28
1734882820, 20, 12, 13, 0, 0, 0.14%, 3, 0, 3, 52.28
1734882835, 21, 11, 13, 0, 0, 0.14%, 3, 0, 3, 51.24
1734882840, 21, 12, 13, 0, 0, 0.14%, 3, 0, 3, 48.20
1734882871, 22, 11, 13, 0, 0, 0.14%, 3, 0, 3, 50.36
1734882876, 22, 11, 14, 1, 0, 0.14%, 3, 0, 4, 49.83
1734882901, 22, 13, 14, 1, 1, 0.14%, 3, 0, 4, 59.72
1734882916, 22, 13, 15, 2, 1, 0.14%, 3, 0, 5, 66.33
1734882927, 22, 13, 16, 3, 1, 0.14%, 3, 0, 5, 57.76
1734883018, 22, 13, 17, 4, 1, 0.14%, 3, 0, 5, 54.53
1734883059, 22, 13, 18, 5, 1, 0.14%, 3, 0, 5, 64.25
1734883069, 22, 17, 18, 4, 1, 0.14%, 3, 0, 5, 42.69
1734883074, 23, 12, 18, 3, 0, 0.14%, 3, 0, 5, 50.26
1734883084, 23, 12, 19, 4, 0, 0.14%, 3, 0, 5, 55.06
1734883104, 23, 18, 19, 4, 1, 0.14%, 3, 0, 5, 67.67
1734883130, 23, 18, 20, 5, 1, 0.14%, 3, 0, 5, 55.89
1734883216, 23, 18, 21, 6, 1, 0.14%, 4, 0, 5, 54.48
1734883231, 23, 20, 21, 4, 1, 0.14%, 4, 0, 5, 56.40
1734883323, 23, 20, 22, 5, 1, 0.14%, 5, 0, 6, 113.68
1734883610, 24, 12, 22, 3, 0, 0.14%, 5, 0, 6, 47.00
1734883625, 24, 12, 23, 4, 0, 0.14%, 5, 0, 6, 53.68
1734883671, 24, 22, 24, 5, 1, 0.14%, 5, 0, 6, 65.38
1734883747, 27, 12, 24, 2, 0, 0.14%, 5, 0, 6, 56.42
1734883767, 29, 23, 24, 2, 0, 0.14%, 5, 0, 6, 90.56
1734883844, 32, 16, 24, 1, 0, 0.14%, 5, 0, 6, 46.67
1734883849, 32, 23, 24, 0, 0, 0.14%, 5, 0, 6, 47.56
1734883859, 33, 23, 24, 0, 0, 0.14%, 5, 0, 6, 56.80
1734883879, 34, 23, 24, 0, 0, 0.14%, 5, 0, 6, 51.96
1734883889, 34, 23, 25, 1, 0, 0.14%, 5, 0, 6, 56.09
1734883920, 34, 23, 27, 3, 0, 0.14%, 5, 0, 6, 60.46
1734883940, 35, 26, 27, 2, 0, 0.14%, 5, 0, 6, 65.43
1734884343, 35, 26, 28, 3, 0, 0.14%, 6, 0, 7, 58.09
1734884348, 35, 27, 28, 3, 1, 0.14%, 6, 0, 7, 52.23
1734884353, 35, 27, 29, 4, 1, 0.14%, 7, 0, 8, 77.76
1734884378, 35, 27, 30, 5, 1, 0.14%, 7, 0, 8, 54.78
1734884403, 35, 27, 31, 6, 1, 0.14%, 7, 0, 8, 52.99
1734884520, 36, 25, 31, 3, 0, 0.14%, 7, 0, 8, 46.12
1734884525, 37, 23, 31, 2, 0, 0.14%, 7, 0, 8, 53.77
1734884566, 37, 24, 31, 2, 0, 0.14%, 7, 0, 8, 45.10
1734884571, 37, 28, 31, 1, 0, 0.14%, 7, 0, 8, 59.24
1734884576, 37, 28, 32, 2, 0, 0.14%, 7, 0, 9, 50.24
1734884637, 37, 28, 33, 3, 0, 0.14%, 7, 0, 9, 50.74
1734884719, 37, 28, 34, 4, 0, 0.14%, 7, 0, 9, 53.95
1734884739, 37, 32, 34, 4, 1, 0.14%, 7, 0, 9, 59.96
1734884784, 37, 32, 35, 5, 1, 0.14%, 7, 0, 10, 57.34
1734884896, 37, 34, 35, 4, 1, 0.14%, 7, 0, 10, 69.92
1734884957, 37, 34, 36, 5, 1, 0.14%, 7, 0, 11, 58.24
1734884967, 37, 34, 37, 6, 1, 0.14%, 7, 0, 11, 56.53
1734885074, 37, 36, 37, 5, 1, 0.14%, 7, 0, 11, 69.92
1734885119, 37, 36, 38, 6, 1, 0.14%, 7, 0, 12, 76.54
1734885195, 37, 36, 39, 7, 1, 0.14%, 7, 0, 12, 66.86
1734885241, 37, 38, 39, 6, 1, 0.14%, 7, 0, 12, 48.54
1734885556, 38, 35, 39, 5, 0, 0.14%, 7, 0, 12, 46.51
1734887079, 39, 11, 39, 3, 0, 0.14%, 7, 0, 12, 48.84
1734887084, 43, 37, 39, 0, 0, 0.14%, 7, 0, 12, 68.85
1734887176, 45, 24, 39, 0, 0, 0.14%, 7, 0, 12, 104.65
1734888024, 45, 29, 39, 0, 0, 0.14%, 7, 0, 12, 63.15
1734888100, 46, 11, 39, 0, 0, 0.14%, 7, 0, 12, 56.82
1734888110, 46, 12, 39, 0, 0, 0.14%, 7, 0, 12, 52.09
1734888125, 46, 23, 39, 0, 0, 0.14%, 7, 0, 12, 53.57
1734888166, 46, 33, 39, 0, 0, 0.14%, 7, 0, 12, 68.12
1734888267, 49, 24, 39, 0, 0, 0.14%, 7, 0, 12, 61.54
1734888272, 49, 33, 39, 0, 0, 0.14%, 7, 0, 12, 63.24
1734888303, 50, 24, 39, 0, 0, 0.14%, 7, 0, 12, 63.52
1734888318, 50, 29, 39, 0, 0, 0.14%, 7, 0, 12, 59.76
1734888333, 50, 33, 39, 0, 0, 0.14%, 7, 0, 12, 63.85
1734888369, 51, 24, 39, 0, 0, 0.14%, 7, 0, 12, 69.55
1734888394, 51, 29, 39, 0, 0, 0.14%, 7, 0, 12, 62.20
1734888435, 51, 33, 39, 0, 0, 0.14%, 7, 0, 12, 59.13
1734888475, 52, 11, 39, 0, 0, 0.14%, 7, 0, 12, 60.48
1734888485, 52, 23, 39, 0, 0, 0.14%, 7, 0, 12, 58.14
1734888525, 52, 24, 39, 0, 0, 0.14%, 7, 0, 12, 71.67
1734888561, 52, 29, 39, 0, 0, 0.14%, 7, 0, 12, 66.28
1734888596, 52, 33, 39, 0, 0, 0.14%, 7, 0, 12, 68.16
1734888632, 53, 29, 39, 0, 0, 0.14%, 7, 0, 12, 64.83
1734888672, 53, 33, 39, 0, 0, 0.14%, 7, 0, 12, 66.97
1734888708, 53, 37, 39, 0, 0, 0.14%, 7, 0, 12, 69.10
1734888733, 54, 29, 39, 0, 0, 0.14%, 7, 0, 12, 68.07
1734888773, 54, 33, 39, 0, 0, 0.14%, 7, 0, 12, 63.79
1734888809, 55, 29, 39, 0, 0, 0.14%, 7, 0, 12, 56.22
1734888849, 55, 33, 39, 0, 0, 0.14%, 7, 0, 12, 63.91
1734888885, 56, 29, 39, 0, 0, 0.14%, 7, 0, 12, 60.72
1734888925, 56, 33, 39, 0, 0, 0.14%, 7, 0, 12, 64.46
1734888961, 57, 33, 39, 0, 0, 0.14%, 7, 0, 12, 62.55
1734889002, 70, 12, 39, 0, 0, 0.14%, 7, 0, 12, 52.07
1734889032, 81, 30, 39, 0, 0, 0.14%, 7, 0, 12, 65.94
1734889109, 92, 11, 39, 0, 0, 0.14%, 7, 0, 12, 57.34
1734889134, 93, 11, 39, 0, 0, 0.14%, 7, 0, 12, 53.87
1734889175, 94, 35, 39, 0, 0, 0.14%, 7, 0, 12, 88.45
1734889195, 102, 35, 39, 0, 0, 0.14%, 7, 0, 12, 66.28
1734889230, 103, 15, 39, 0, 0, 0.14%, 7, 0, 12, 64.85
1734889261, 103, 32, 39, 0, 0, 0.14%, 7, 0, 12, 58.11
1734889291, 105, 15, 39, 0, 0, 0.14%, 7, 0, 12, 57.89
1734889297, 106, 11, 39, 0, 0, 0.14%, 7, 0, 12, 57.00
1734889337, 108, 35, 39, 0, 0, 0.14%, 7, 0, 12, 67.91
1734889373, 109, 11, 39, 0, 0, 0.14%, 7, 0, 12, 63.97
1734889413, 116, 32, 39, 0, 0, 0.14%, 7, 0, 12, 56.30
1734889454, 119, 30, 39, 0, 0, 0.14%, 7, 0, 12, 60.83
1734889485, 121, 37, 39, 0, 0, 0.14%, 7, 0, 12, 66.05
1734889520, 122, 14, 39, 0, 0, 0.14%, 7, 0, 12, 55.84
1734889550, 125, 12, 39, 0, 0, 0.14%, 7, 0, 12, 56.06
1734889586, 127, 23, 39, 0, 0, 0.14%, 7, 0, 12, 66.15
1734889627, 130, 23, 39, 0, 0, 0.14%, 7, 0, 12, 57.05
1734889667, 134, 15, 39, 0, 0, 0.14%, 7, 0, 12, 60.36
1734889678, 137, 32, 39, 0, 0, 0.14%, 7, 0, 12, 59.83
1734889713, 138, 30, 39, 0, 0, 0.14%, 7, 0, 12, 59.55
1734889744, 141, 18, 39, 0, 0, 0.14%, 7, 0, 12, 60.61
1734889754, 147, 12, 39, 0, 0, 0.14%, 7, 0, 12, 58.79
1734889795, 148, 35, 39, 0, 0, 0.14%, 7, 0, 12, 74.19
1734889825, 149, 32, 39, 0, 0, 0.14%, 7, 0, 12, 65.65
1734889865, 150, 13, 39, 0, 0, 0.14%, 7, 0, 12, 57.26
1734889870, 152, 15, 39, 0, 0, 0.14%, 7, 0, 12, 58.37
1734889896, 155, 14, 39, 0, 0, 0.14%, 7, 0, 12, 60.40
1734889901, 155, 26, 39, 0, 0, 0.14%, 7, 0, 12, 65.56
1734889911, 158, 32, 39, 0, 0, 0.14%, 7, 0, 12, 57.22
1734889952, 159, 37, 39, 0, 0, 0.14%, 7, 0, 12, 66.89
1734889987, 161, 22, 39, 0, 0, 0.14%, 7, 0, 12, 62.76
1734889992, 161, 30, 39, 0, 0, 0.14%, 7, 0, 12, 57.02
1734890033, 162, 30, 39, 0, 0, 0.14%, 7, 0, 12, 55.08
1734890068, 163, 30, 39, 0, 0, 0.14%, 7, 0, 12, 60.82
1734890109, 163, 36, 39, 0, 0, 0.14%, 7, 0, 12, 60.60
1734890134, 164, 15, 39, 0, 0, 0.14%, 7, 0, 12, 70.44
1734890174, 167, 18, 39, 0, 0, 0.14%, 7, 0, 12, 61.67
1734890185, 167, 30, 39, 0, 0, 0.14%, 7, 0, 12, 62.20
1734890220, 167, 32, 39, 0, 0, 0.14%, 7, 0, 12, 68.07
1734890261, 172, 12, 39, 0, 0, 0.14%, 7, 0, 12, 56.87
1734890296, 172, 15, 39, 0, 0, 0.14%, 7, 0, 12, 60.99
1734890337, 172, 26, 39, 0, 0, 0.14%, 7, 0, 12, 60.09
1734890347, 174, 31, 39, 0, 0, 0.14%, 7, 0, 12, 52.93
1734890439, 175, 35, 39, 0, 0, 0.14%, 7, 0, 12, 82.66
1734890469, 177, 10, 39, 0, 0, 0.14%, 7, 0, 12, 52.66
1734890474, 177, 14, 39, 0, 0, 0.14%, 7, 0, 12, 57.72
1734890484, 177, 18, 39, 0, 0, 0.14%, 7, 0, 12, 55.66
1734890505, 178, 15, 39, 0, 0, 0.14%, 7, 0, 12, 56.14
1734890540, 179, 13, 39, 0, 0, 0.14%, 7, 0, 12, 56.87
1734890551, 179, 15, 39, 0, 0, 0.14%, 7, 0, 12, 58.50
1734890591, 181, 14, 39, 0, 0, 0.14%, 7, 0, 12, 50.25
1734890621, 181, 21, 39, 0, 0, 0.14%, 7, 0, 12, 91.19
1734890965, 181, 30, 39, 0, 0, 0.14%, 7, 0, 12, 59.95
1734891005, 183, 14, 39, 0, 0, 0.14%, 7, 0, 12, 56.52
1734891046, 183, 30, 39, 0, 0, 0.14%, 7, 0, 12, 59.17
1734891086, 184, 30, 39, 0, 0, 0.14%, 7, 0, 12, 60.11
1734891127, 185, 35, 39, 0, 0, 0.14%, 7, 0, 12, 85.58
1734891132, 185, 35, 40, 1, 0, 0.14%, 8, 0, 12, 92.02
1734891173, 185, 39, 40, 1, 1, 0.14%, 8, 0, 12, 38.06
1734891178, 186, 39, 40, 0, 0, 0.14%, 8, 0, 12, 54.25
1734892370, 187, 15, 40, 0, 0, 0.14%, 8, 0, 12, 59.05
1734892416, 188, 13, 40, 0, 0, 0.14%, 8, 0, 12, 57.75
1734892437, 189, 27, 40, 0, 0, 0.14%, 8, 0, 12, 54.14
1734892452, 190, 26, 40, 0, 0, 0.14%, 8, 0, 12, 68.14
1734892467, 192, 39, 40, 0, 0, 0.14%, 8, 0, 12, 69.44
1734892492, 193, 39, 40, 0, 0, 0.14%, 8, 0, 12, 73.97
1734892528, 194, 19, 40, 0, 0, 0.14%, 8, 0, 12, 87.46
1734892568, 194, 37, 40, 0, 0, 0.14%, 8, 0, 12, 68.38
1734892604, 194, 39, 40, 0, 0, 0.14%, 8, 0, 12, 64.28
1734892639, 195, 37, 40, 0, 0, 0.14%, 8, 0, 12, 64.21
1734892680, 195, 39, 40, 0, 0, 0.14%, 8, 0, 12, 85.35
1734892711, 196, 39, 40, 0, 0, 0.14%, 8, 0, 12, 63.99
1734892747, 197, 39, 40, 0, 0, 0.14%, 8, 0, 12, 81.71
1734892782, 198, 39, 40, 0, 0, 0.14%, 8, 0, 12, 64.40
1734892818, 199, 27, 40, 0, 0, 0.14%, 8, 0, 12, 53.03
1734892843, 199, 32, 40, 0, 0, 0.14%, 8, 0, 12, 58.36
1734892878, 199, 34, 40, 0, 0, 0.14%, 8, 0, 12, 64.90
1734892893, 199, 39, 40, 0, 0, 0.14%, 8, 0, 12, 68.67
1734892929, 200, 36, 40, 0, 0, 0.14%, 8, 0, 12, 57.51
1734892964, 200, 39, 40, 0, 0, 0.14%, 8, 0, 12, 74.17
1734893000, 202, 14, 40, 0, 0, 0.14%, 8, 0, 12, 58.29
1734893041, 203, 10, 40, 0, 0, 0.14%, 8, 0, 12, 60.79
1734893046, 207, 35, 40, 0, 0, 0.14%, 8, 0, 12, 77.22
1734893081, 208, 18, 40, 0, 0, 0.14%, 8, 0, 12, 62.77
1734893096, 208, 36, 40, 0, 0, 0.14%, 8, 0, 12, 64.44
1734893132, 210, 12, 40, 0, 0, 0.14%, 8, 0, 12, 51.69
1734893173, 210, 26, 40, 0, 0, 0.14%, 8, 0, 12, 63.01
1734893208, 210, 35, 40, 0, 0, 0.14%, 8, 0, 12, 73.12
1734893244, 210, 37, 40, 0, 0, 0.14%, 8, 0, 12, 63.63
1734893279, 211, 26, 40, 0, 0, 0.14%, 8, 0, 12, 58.73
1734893319, 214, 14, 40, 0, 0, 0.14%, 8, 0, 12, 62.12
1734893355, 215, 26, 40, 0, 0, 0.14%, 8, 0, 12, 61.11
1734893395, 217, 18, 40, 0, 0, 0.14%, 8, 0, 12, 60.39
1734893431, 217, 27, 40, 0, 0, 0.14%, 8, 0, 12, 54.95
1734893466, 219, 26, 40, 0, 0, 0.14%, 8, 0, 12, 62.24
1734893507, 222, 12, 40, 0, 0, 0.14%, 8, 0, 12, 58.39
1734893542, 222, 32, 40, 0, 0, 0.14%, 8, 0, 12, 61.84
1734893583, 223, 22, 40, 0, 0, 0.14%, 8, 0, 12, 61.43
1734893593, 235, 35, 40, 0, 0, 0.14%, 8, 0, 12, 89.11
1734893623, 236, 10, 40, 0, 0, 0.14%, 8, 0, 12, 60.88
1734893628, 238, 37, 40, 0, 0, 0.14%, 8, 0, 12, 58.60
1734893669, 239, 22, 40, 0, 0, 0.14%, 8, 0, 12, 56.67
1734893689, 240, 22, 40, 0, 0, 0.14%, 8, 0, 12, 58.87
1734893725, 241, 37, 40, 0, 0, 0.14%, 8, 0, 12, 61.88
1734893765, 243, 34, 40, 0, 0, 0.14%, 8, 0, 12, 62.73
1734893775, 248, 36, 40, 0, 0, 0.14%, 8, 0, 12, 58.32
1734893816, 249, 10, 40, 0, 0, 0.14%, 8, 0, 12, 62.08
1734893826, 257, 34, 40, 0, 0, 0.14%, 8, 0, 12, 64.20
1734893856, 258, 19, 40, 0, 0, 0.14%, 8, 0, 12, 64.00
1734893867, 262, 34, 40, 0, 0, 0.14%, 8, 0, 12, 57.94
1734893907, 264, 18, 40, 0, 0, 0.14%, 8, 0, 12, 57.52
1734893943, 265, 10, 40, 0, 0, 0.14%, 8, 0, 12, 55.96
1734893973, 265, 18, 40, 0, 0, 0.14%, 8, 0, 12, 59.38
1734894014, 267, 19, 40, 0, 0, 0.14%, 8, 0, 12, 58.45
1734894029, 269, 13, 40, 0, 0, 0.14%, 8, 0, 12, 60.86
1734894065, 269, 14, 40, 0, 0, 0.14%, 8, 0, 12, 54.63
1734894105, 272, 19, 40, 0, 0, 0.14%, 8, 0, 12, 58.92
1734894141, 272, 36, 40, 0, 0, 0.14%, 8, 0, 12, 67.58
1734894176, 274, 18, 40, 0, 0, 0.14%, 8, 0, 12, 58.33
1734894217, 277, 18, 40, 0, 0, 0.14%, 8, 0, 12, 56.36
1734894252, 278, 32, 40, 0, 0, 0.14%, 8, 0, 12, 72.59
1734894293, 281, 25, 40, 0, 0, 0.14%, 8, 0, 12, 99.28
1734895039, 281, 32, 40, 0, 0, 0.14%, 8, 0, 12, 63.80
1734895075, 282, 10, 40, 0, 0, 0.14%, 8, 0, 12, 64.15
1734895115, 282, 20, 40, 0, 0, 0.14%, 8, 0, 12, 61.08
1734895120, 282, 27, 40, 0, 0, 0.14%, 8, 0, 12, 63.89
1734895161, 287, 20, 40, 0, 0, 0.14%, 8, 0, 12, 70.85
1734895176, 291, 32, 40, 0, 0, 0.14%, 8, 0, 12, 64.91
1734895212, 293, 19, 40, 0, 0, 0.14%, 8, 0, 12, 68.49
1734895247, 294, 18, 40, 0, 0, 0.14%, 8, 0, 12, 64.54
1734895283, 294, 19, 40, 0, 0, 0.14%, 8, 0, 12, 62.71
1734895318, 294, 31, 40, 0, 0, 0.14%, 8, 0, 12, 62.71
1734895328, 298, 37, 40, 0, 0, 0.14%, 8, 0, 12, 69.32
1734895359, 306, 13, 40, 0, 0, 0.14%, 8, 0, 12, 65.01
1734895399, 306, 17, 40, 0, 0, 0.14%, 8, 0, 12, 75.27
1734895787, 306, 22, 40, 0, 0, 0.14%, 8, 0, 12, 66.38
1734895823, 308, 13, 40, 0, 0, 0.14%, 8, 0, 12, 61.36
1734895859, 309, 19, 40, 0, 0, 0.14%, 8, 0, 12, 62.14
1734895894, 313, 21, 40, 0, 0, 0.14%, 8, 0, 12, 71.01
1734895900, 315, 17, 40, 0, 0, 0.14%, 8, 0, 12, 65.80
1734895905, 315, 20, 40, 0, 0, 0.14%, 8, 0, 12, 70.07
1734895935, 317, 20, 40, 0, 0, 0.14%, 8, 0, 12, 59.48
1734895970, 318, 36, 40, 0, 0, 0.14%, 8, 0, 12, 68.89
1734896005, 319, 20, 40, 0, 0, 0.14%, 8, 0, 12, 71.08
1734896041, 319, 21, 40, 0, 0, 0.14%, 8, 0, 12, 69.06
1734896051, 319, 34, 40, 0, 0, 0.14%, 8, 0, 12, 61.98
1734896086, 321, 34, 40, 0, 0, 0.14%, 8, 0, 12, 65.18
1734896122, 324, 27, 40, 0, 0, 0.14%, 8, 0, 12, 61.76
1734896157, 326, 37, 40, 0, 0, 0.14%, 8, 0, 12, 60.87
1734896193, 327, 28, 40, 0, 0, 0.14%, 8, 0, 12, 62.57
1734896208, 327, 34, 40, 0, 0, 0.14%, 8, 0, 12, 62.44
1734896244, 331, 21, 40, 0, 0, 0.14%, 8, 0, 12, 74.27
1734896264, 333, 17, 40, 0, 0, 0.14%, 8, 0, 12, 67.67
1734896274, 336, 28, 40, 0, 0, 0.14%, 8, 0, 12, 60.51
1734896294, 337, 25, 40, 0, 0, 0.14%, 8, 0, 12, 60.67
1734896300, 339, 25, 40, 0, 0, 0.14%, 8, 0, 12, 75.17
1734896305, 340, 27, 40, 0, 0, 0.14%, 8, 0, 12, 68.93
1734896340, 342, 31, 40, 0, 0, 0.14%, 8, 0, 12, 63.73
1734896365, 344, 38, 40, 0, 0, 0.14%, 8, 0, 12, 67.14
1734896371, 347, 21, 40, 0, 0, 0.14%, 8, 0, 12, 69.22
1734896406, 349, 25, 40, 0, 0, 0.14%, 8, 0, 12, 68.77
1734896426, 351, 20, 40, 0, 0, 0.14%, 8, 0, 12, 70.06
1734896462, 351, 31, 40, 0, 0, 0.14%, 8, 0, 12, 61.95
1734896492, 358, 21, 40, 0, 0, 0.14%, 8, 0, 12, 66.00
1734896528, 358, 31, 40, 0, 0, 0.14%, 8, 0, 12, 58.63
1734896563, 363, 28, 40, 0, 0, 0.14%, 8, 0, 12, 61.48
1734896599, 368, 22, 40, 0, 0, 0.14%, 8, 0, 12, 57.92
1734896639, 372, 22, 40, 0, 0, 0.14%, 8, 0, 12, 62.54
1734896675, 374, 17, 40, 0, 0, 0.14%, 8, 0, 12, 68.61
1734896695, 375, 16, 40, 0, 0, 0.14%, 8, 0, 12, 84.38
1734897216, 379, 36, 40, 0, 0, 0.14%, 8, 0, 12, 70.46
1734897247, 379, 38, 40, 0, 0, 0.14%, 8, 0, 12, 71.05
1734897267, 395, 36, 40, 0, 0, 0.14%, 8, 0, 12, 65.83
1734897303, 397, 21, 40, 0, 0, 0.14%, 8, 0, 12, 73.32
1734897338, 405, 31, 40, 0, 0, 0.14%, 8, 0, 12, 60.32
1734897374, 410, 36, 40, 0, 0, 0.14%, 8, 0, 12, 65.74
1734897409, 414, 31, 40, 0, 0, 0.14%, 8, 0, 12, 65.59
1734897450, 419, 16, 40, 0, 0, 0.14%, 8, 0, 12, 65.66
1734897455, 420, 28, 40, 0, 0, 0.14%, 8, 0, 12, 58.49
1734897490, 425, 28, 40, 0, 0, 0.14%, 8, 0, 12, 57.65
1734897531, 436, 28, 40, 0, 0, 0.14%, 8, 0, 12, 58.73
1734897566, 441, 22, 40, 0, 0, 0.14%, 8, 0, 12, 68.51
1734897602, 452, 38, 40, 0, 0, 0.14%, 8, 0, 12, 84.28
1734897633, 467, 16, 40, 0, 0, 0.14%, 8, 0, 12, 65.81
1734897648, 467, 38, 40, 0, 0, 0.14%, 8, 0, 12, 76.03
1734897684, 473, 38, 40, 0, 0, 0.14%, 8, 0, 12, 83.28
1734897714, 477, 22, 40, 0, 0, 0.14%, 8, 0, 12, 63.58
1734897755, 507, 38, 40, 0, 0, 0.14%, 8, 0, 12, 84.34
1734897785, 11483, 0, 40, 0, 0, 0.14%, 8, 0, 12, 0.00
1734897790, 27668, 0, 40, 0, 0, 0.14%, 8, 0, 12, 0.00
1734897796, 44461, 0, 40, 0, 0, 0.14%, 8, 0, 12, 0.00
1734897801, 60621, 0, 40, 0, 0, 0.14%, 8, 0, 12, 0.00
1734897806, 78050, 0, 40, 0, 0, 0.14%, 8, 0, 12, 0.00
1734897811, 94818, 0, 40, 0, 0, 0.14%, 8, 0, 12, 0.00
1734897816, 111623, 0, 40, 0, 0, 0.14%, 8, 0, 12, 0.00
1734897822, 128776, 0, 40, 0, 0, 0.14%, 8, 0, 12, 0.00
1734897827, 145917, 0, 40, 0, 0, 0.14%, 8, 0, 12, 0.00
1734897832, 162689, 0, 40, 0, 0, 0.14%, 8, 0, 12, 0.00
1734897837, 179449, 0, 40, 0, 0, 0.14%, 8, 0, 12, 0.00
1734897842, 196221, 0, 40, 0, 0, 0.14%, 8, 0, 12, 0.00
1734897848, 213021, 0, 40, 0, 0, 0.14%, 8, 0, 12, 0.00
1734897853, 230482, 0, 40, 0, 0, 0.14%, 8, 0, 12, 0.00
1734897858, 247314, 0, 40, 0, 0, 0.14%, 8, 0, 12, 0.00
1734897863, 264759, 0, 40, 0, 0, 0.14%, 8, 0, 12, 0.00
1734897868, 281465, 0, 40, 0, 0, 0.14%, 8, 0, 12, 0.00
1734897874, 299549, 0, 40, 0, 0, 0.14%, 8, 0, 12, 0.00
1734897879, 316274, 0, 40, 0, 0, 0.14%, 8, 0, 12, 0.00
1734897884, 332994, 0, 40, 0, 0, 0.14%, 8, 0, 12, 0.00
1734897889, 349709, 0, 40, 0, 0, 0.14%, 8, 0, 12, 0.00
1734897894, 365785, 0, 40, 0, 0, 0.14%, 8, 0, 12, 0.00
1734897900, 382528, 0, 40, 0, 0, 0.14%, 8, 0, 12, 0.00
1734897905, 399985, 0, 40, 0, 0, 0.14%, 8, 0, 12, 0.00
1734897910, 416729, 0, 40, 0, 0, 0.14%, 8, 0, 12, 0.00
1734897915, 433431, 0, 40, 0, 0, 0.14%, 8, 0, 12, 0.00
1734897920, 449521, 0, 40, 0, 0, 0.14%, 8, 0, 12, 0.00
1734897926, 466239, 0, 40, 0, 0, 0.14%, 8, 0, 12, 0.00
1734897931, 482976, 0, 40, 0, 0, 0.14%, 8, 0, 12, 0.00
1734897936, 499788, 0, 40, 0, 0, 0.14%, 8, 0, 12, 0.00
1734897941, 516561, 0, 40, 0, 0, 0.14%, 8, 0, 12, 0.00
1734897946, 533064, 0, 40, 0, 0, 0.14%, 8, 0, 12, 0.00
1734897952, 550092, 0, 40, 0, 0, 0.14%, 8, 0, 12, 0.00
1734897957, 566837, 0, 40, 0, 0, 0.14%, 8, 0, 12, 0.00
1734897962, 583572, 0, 40, 0, 0, 0.14%, 8, 0, 12, 0.00
1734897967, 600372, 0, 40, 0, 0, 0.14%, 8, 0, 12, 0.00
1734897972, 617738, 0, 40, 0, 0, 0.14%, 8, 0, 12, 0.00
1734897978, 634439, 0, 40, 0, 0, 0.14%, 8, 0, 12, 0.00
1734897983, 651211, 0, 40, 0, 0, 0.14%, 8, 0, 12, 0.00
1734897988, 667278, 0, 40, 0, 0, 0.14%, 8, 0, 12, 0.00
1734897993, 684050, 0, 40, 0, 0, 0.14%, 8, 0, 12, 0.00
1734897998, 700759, 0, 40, 0, 0, 0.14%, 8, 0, 12, 0.00
1734898004, 717524, 0, 40, 0, 0, 0.14%, 8, 0, 12, 0.00
1734898009, 734285, 0, 40, 0, 0, 0.14%, 8, 0, 12, 0.00
1734898014, 750306, 0, 40, 0, 0, 0.14%, 8, 0, 12, 0.00
1734898019, 766487, 0, 40, 0, 0, 0.14%, 8, 0, 12, 0.00
1734898024, 783739, 0, 40, 0, 0, 0.14%, 8, 0, 12, 0.00
1734898030, 799803, 0, 40, 0, 0, 0.14%, 8, 0, 12, 0.00
1734898035, 817139, 0, 40, 0, 0, 0.14%, 8, 0, 12, 0.00
1734898040, 833228, 0, 40, 0, 0, 0.14%, 8, 0, 12, 0.00
1734898045, 849955, 0, 40, 0, 0, 0.14%, 8, 0, 12, 0.00
1734898050, 866730, 0, 40, 0, 0, 0.14%, 8, 0, 12, 0.00
1734898056, 883323, 0, 40, 0, 0, 0.14%, 8, 0, 12, 0.00
1734898061, 899340, 0, 40, 0, 0, 0.14%, 8, 0, 12, 0.00
1734898066, 916758, 0, 40, 0, 0, 0.14%, 8, 0, 12, 0.00
1734898071, 933558, 0, 40, 0, 0, 0.14%, 8, 0, 12, 0.00
1734898076, 950308, 0, 40, 0, 0, 0.14%, 8, 0, 12, 0.00
1734898082, 967092, 0, 40, 0, 0, 0.14%, 8, 0, 12, 0.00
1734898087, 983817, 0, 40, 0, 0, 0.14%, 8, 0, 12, 0.00
1734898092, 1000509, 0, 40, 0, 0, 0.14%, 8, 0, 12, 0.00
1734898097, 1017227, 0, 40, 0, 0, 0.14%, 8, 0, 12, 0.00
1734898102, 1033931, 0, 40, 0, 0, 0.14%, 8, 0, 12, 0.00
1734898108, 1049981, 0, 40, 0, 0, 0.14%, 8, 0, 12, 0.00
1734898113, 1067466, 0, 40, 0, 0, 0.14%, 8, 0, 12, 0.00
1734898118, 1084216, 0, 40, 0, 0, 0.14%, 8, 0, 12, 0.00
1734898123, 1101283, 0, 40, 0, 0, 0.14%, 8, 0, 12, 0.00
1734898128, 1118242, 0, 40, 0, 0, 0.14%, 8, 0, 12, 0.00
1734898134, 1135039, 0, 40, 0, 0, 0.14%, 8, 0, 12, 0.00
1734898139, 1151139, 0, 40, 0, 0, 0.14%, 8, 0, 12, 0.00
1734898144, 1168557, 0, 40, 0, 0, 0.14%, 8, 0, 12, 0.00
1734898149, 1185371, 0, 40, 0, 0, 0.14%, 8, 0, 12, 0.00
1734898154, 1202722, 0, 40, 0, 0, 0.14%, 8, 0, 12, 0.00
1734898160, 1219032, 0, 40, 0, 0, 0.14%, 8, 0, 12, 0.00
1734898165, 1236290, 0, 40, 0, 0, 0.14%, 8, 0, 12, 0.00
1734898170, 1253026, 0, 40, 0, 0, 0.14%, 8, 0, 12, 0.00
1734898175, 1269203, 0, 40, 0, 0, 0.14%, 8, 0, 12, 0.00
1734898180, 1285945, 0, 40, 0, 0, 0.14%, 8, 0, 12, 0.00
1734898186, 1302689, 0, 40, 0, 0, 0.14%, 8, 0, 12, 0.00
1734898191, 1318817, 0, 40, 0, 0, 0.14%, 8, 0, 12, 0.00
1734898196, 1335583, 0, 40, 0, 0, 0.14%, 8, 0, 12, 0.00
1734898201, 1352330, 0, 40, 0, 0, 0.14%, 8, 0, 12, 0.00
1734898206, 1369741, 0, 40, 0, 0, 0.14%, 8, 0, 12, 0.00
1734898212, 1386444, 0, 40, 0, 0, 0.14%, 8, 0, 12, 0.00
1734898217, 1403123, 0, 40, 0, 0, 0.14%, 8, 0, 12, 0.00
1734898222, 1419795, 0, 40, 0, 0, 0.14%, 8, 0, 12, 0.00
1734898227, 1436468, 0, 40, 0, 0, 0.14%, 8, 0, 12, 0.00
1734898232, 1453223, 0, 40, 0, 0, 0.14%, 8, 0, 12, 0.00
1734898238, 1469994, 0, 40, 0, 0, 0.14%, 8, 0, 12, 0.00
1734898243, 1486784, 0, 40, 0, 0, 0.14%, 8, 0, 12, 0.00
1734898248, 1502877, 0, 40, 0, 0, 0.14%, 8, 0, 12, 0.00
1734898253, 1519607, 0, 40, 0, 0, 0.14%, 8, 0, 12, 0.00
1734898258, 1536940, 0, 40, 0, 0, 0.14%, 8, 0, 12, 0.00
1734898264, 1553652, 0, 40, 0, 0, 0.14%, 8, 0, 12, 0.00
1734898269, 1570345, 0, 40, 0, 0, 0.14%, 8, 0, 12, 0.00
1734898274, 1587032, 0, 40, 0, 0, 0.14%, 8, 0, 12, 0.00
1734898279, 1604403, 0, 40, 0, 0, 0.14%, 8, 0, 12, 0.00
1734898284, 1621118, 0, 40, 0, 0, 0.14%, 8, 0, 12, 0.00
1734898290, 1637861, 0, 40, 0, 0, 0.14%, 8, 0, 12, 0.00
1734898295, 1654579, 0, 40, 0, 0, 0.14%, 8, 0, 12, 0.00
1734898300, 1670740, 0, 40, 0, 0, 0.14%, 8, 0, 12, 0.00
1734898305, 1687410, 0, 40, 0, 0, 0.14%, 8, 0, 12, 0.00
1734898310, 1704139, 0, 40, 0, 0, 0.14%, 8, 0, 12, 0.00
1734898316, 1720903, 0, 40, 0, 0, 0.14%, 8, 0, 12, 0.00
1734898321, 1737639, 0, 40, 0, 0, 0.14%, 8, 0, 12, 0.00
1734898326, 1754988, 0, 40, 0, 0, 0.14%, 8, 0, 12, 0.00
1734898331, 1771751, 0, 40, 0, 0, 0.14%, 8, 0, 12, 0.00
1734898336, 1788547, 0, 40, 0, 0, 0.14%, 8, 0, 12, 0.00
1734898342, 1804686, 0, 40, 0, 0, 0.14%, 8, 0, 12, 0.00
1734898347, 1821460, 0, 40, 0, 0, 0.14%, 8, 0, 12, 0.00
1734898352, 1838134, 0, 40, 0, 0, 0.14%, 8, 0, 12, 0.00
1734898357, 1854206, 0, 40, 0, 0, 0.14%, 8, 0, 12, 0.00
1734898362, 1870302, 0, 40, 0, 0, 0.14%, 8, 0, 12, 0.00
1734898368, 1887753, 0, 40, 0, 0, 0.14%, 8, 0, 12, 0.00
1734898373, 1903850, 0, 40, 0, 0, 0.14%, 8, 0, 12, 0.00
1734898378, 1920562, 0, 40, 0, 0, 0.14%, 8, 0, 12, 0.00
1734898383, 1937961, 0, 40, 0, 0, 0.14%, 8, 0, 12, 0.00
1734898388, 1954641, 0, 40, 0, 0, 0.14%, 8, 0, 12, 0.00
1734898394, 1971424, 0, 40, 0, 0, 0.14%, 8, 0, 12, 0.00
1734898399, 1987536, 0, 40, 0, 0, 0.14%, 8, 0, 12, 0.00
1734898404, 2004234, 0, 40, 0, 0, 0.14%, 8, 0, 12, 0.00
1734898409, 2020901, 0, 40, 0, 0, 0.14%, 8, 0, 12, 0.00
1734898414, 2037602, 0, 40, 0, 0, 0.14%, 8, 0, 12, 0.00
1734898420, 2054368, 0, 40, 0, 0, 0.14%, 8, 0, 12, 0.00
1734898425, 2071052, 0, 40, 0, 0, 0.14%, 8, 0, 12, 0.00
1734898430, 2087745, 0, 40, 0, 0, 0.14%, 8, 0, 12, 0.00
1734898435, 2103789, 0, 40, 0, 0, 0.14%, 8, 0, 12, 0.00
1734898440, 2120584, 0, 40, 0, 0, 0.14%, 8, 0, 12, 0.00
1734898446, 2137227, 0, 40, 0, 0, 0.14%, 8, 0, 12, 0.00
1734898451, 2153945, 0, 40, 0, 0, 0.14%, 8, 0, 12, 0.00
1734898456, 2170672, 0, 40, 0, 0, 0.14%, 8, 0, 12, 0.00
1734898461, 2188089, 0, 40, 0, 0, 0.14%, 8, 0, 12, 0.00
1734898466, 2204850, 0, 40, 0, 0, 0.14%, 8, 0, 12, 0.00
1734898472, 2221605, 0, 40, 0, 0, 0.14%, 8, 0, 12, 0.00
1734898477, 2239009, 0, 40, 0, 0, 0.14%, 8, 0, 12, 0.00
1734898482, 2255662, 0, 40, 0, 0, 0.14%, 8, 0, 12, 0.00
1734898487, 2271801, 0, 40, 0, 0, 0.14%, 8, 0, 12, 0.00
1734898492, 2289217, 0, 40, 0, 0, 0.14%, 8, 0, 12, 0.00
1734898498, 2305947, 0, 40, 0, 0, 0.14%, 8, 0, 12, 0.00
1734898503, 2322612, 0, 40, 0, 0, 0.14%, 8, 0, 12, 0.00
1734898508, 2339347, 0, 40, 0, 0, 0.14%, 8, 0, 12, 0.00
1734898513, 2355390, 0, 40, 0, 0, 0.14%, 8, 0, 12, 0.00
1734898518, 2371527, 0, 40, 0, 0, 0.14%, 8, 0, 12, 0.00
1734898524, 2388226, 0, 40, 0, 0, 0.14%, 8, 0, 12, 0.00
1734898529, 2405030, 0, 40, 0, 0, 0.14%, 8, 0, 12, 0.00
1734898534, 2421696, 0, 40, 0, 0, 0.14%, 8, 0, 12, 0.00
1734898539, 2439146, 0, 40, 0, 0, 0.14%, 8, 0, 12, 0.00
1734898544, 2455869, 0, 40, 0, 0, 0.14%, 8, 0, 12, 0.00
1734898550, 2472558, 0, 40, 0, 0, 0.14%, 8, 0, 12, 0.00
1734898555, 2489277, 0, 40, 0, 0, 0.14%, 8, 0, 12, 0.00
1734898560, 2506619, 0, 40, 0, 0, 0.14%, 8, 0, 12, 0.00
1734898565, 2523311, 0, 40, 0, 0, 0.14%, 8, 0, 12, 0.00
1734898570, 2539996, 0, 40, 0, 0, 0.14%, 8, 0, 12, 0.00
1734898576, 2556691, 0, 40, 0, 0, 0.14%, 8, 0, 12, 0.00
1734898581, 2574676, 0, 40, 0, 0, 0.14%, 8, 0, 12, 0.00
1734898586, 2590732, 0, 40, 0, 0, 0.14%, 8, 0, 12, 0.00
1734898591, 2607470, 0, 40, 0, 0, 0.14%, 8, 0, 12, 0.00
1734898596, 2624177, 0, 40, 0, 0, 0.14%, 8, 0, 12, 0.00
1734898602, 2641530, 0, 40, 0, 0, 0.14%, 8, 0, 12, 0.00
1734898607, 2658884, 0, 40, 0, 0, 0.14%, 8, 0, 12, 0.00
1734898612, 2675600, 0, 40, 0, 0, 0.14%, 8, 0, 12, 0.00
1734898617, 2692368, 0, 40, 0, 0, 0.14%, 8, 0, 12, 0.00
1734898622, 2709121, 0, 40, 0, 0, 0.14%, 8, 0, 12, 0.00
1734898628, 2725247, 0, 40, 0, 0, 0.14%, 8, 0, 12, 0.00
1734898633, 2741988, 0, 40, 0, 0, 0.14%, 8, 0, 12, 0.00
1734898638, 2758712, 0, 40, 0, 0, 0.14%, 8, 0, 12, 0.00
1734898643, 2774852, 0, 40, 0, 0, 0.14%, 8, 0, 12, 0.00
1734898648, 2791587, 0, 40, 0, 0, 0.14%, 8, 0, 12, 0.00
1734898654, 2807718, 0, 40, 0, 0, 0.14%, 8, 0, 12, 0.00
1734898659, 2824483, 0, 40, 0, 0, 0.14%, 8, 0, 12, 0.00
1734898664, 2841213, 0, 40, 0, 0, 0.14%, 8, 0, 12, 0.00
1734898669, 2857945, 0, 40, 0, 0, 0.14%, 8, 0, 12, 0.00
1734898674, 2874668, 0, 40, 0, 0, 0.14%, 8, 0, 12, 0.00
1734898680, 2891473, 0, 40, 0, 0, 0.14%, 8, 0, 12, 0.00
1734898685, 2908829, 0, 40, 0, 0, 0.14%, 8, 0, 12, 0.00
1734898690, 2925585, 0, 40, 0, 0, 0.14%, 8, 0, 12, 0.00
1734898695, 2942280, 0, 40, 0, 0, 0.14%, 8, 0, 12, 0.00
1734898700, 2958971, 0, 40, 0, 0, 0.14%, 8, 0, 12, 0.00
1734898706, 2976319, 0, 40, 0, 0, 0.14%, 8, 0, 12, 0.00
1734898711, 2993095, 0, 40, 0, 0, 0.14%, 8, 0, 12, 0.00
1734898716, 3009820, 0, 40, 0, 0, 0.14%, 8, 0, 12, 0.00
1734898721, 3026589, 0, 40, 0, 0, 0.14%, 8, 0, 12, 0.00
1734898726, 3043356, 0, 40, 0, 0, 0.14%, 8, 0, 12, 0.00
1734898732, 3060721, 0, 40, 0, 0, 0.14%, 8, 0, 12, 0.00
1734898737, 3077452, 0, 40, 0, 0, 0.14%, 8, 0, 12, 0.00
1734898742, 3094095, 0, 40, 0, 0, 0.14%, 8, 0, 12, 0.00
1734898747, 3110871, 0, 40, 0, 0, 0.14%, 8, 0, 12, 0.00
1734898752, 3128263, 0, 40, 0, 0, 0.14%, 8, 0, 12, 0.00
1734898758, 3144986, 0, 40, 0, 0, 0.14%, 8, 0, 12, 0.00
1734898763, 3161706, 0, 40, 0, 0, 0.14%, 8, 0, 12, 0.00
1734898768, 3178470, 0, 40, 0, 0, 0.14%, 8, 0, 12, 0.00
1734898773, 3195178, 0, 40, 0, 0, 0.14%, 8, 0, 12, 0.00
1734898778, 3211173, 0, 40, 0, 0, 0.14%, 8, 0, 12, 0.00
1734898784, 3227904, 0, 40, 0, 0, 0.14%, 8, 0, 12, 0.00
1734898789, 3244646, 0, 40, 0, 0, 0.14%, 8, 0, 12, 0.00
1734898794, 3260750, 0, 40, 0, 0, 0.14%, 8, 0, 12, 0.00
1734898799, 3276850, 0, 40, 0, 0, 0.14%, 8, 0, 12, 0.00
1734898804, 3293631, 0, 40, 0, 0, 0.14%, 8, 0, 12, 0.00
1734898810, 3310934, 0, 40, 0, 0, 0.14%, 8, 0, 12, 0.00
1734898815, 3327672, 0, 40, 0, 0, 0.14%, 8, 0, 12, 0.00
1734898820, 3345124, 0, 40, 0, 0, 0.14%, 8, 0, 12, 0.00
1734898825, 3361254, 0, 40, 0, 0, 0.14%, 8, 0, 12, 0.00
1734898830, 3378651, 0, 40, 0, 0, 0.14%, 8, 0, 12, 0.00
1734898836, 3395390, 0, 40, 0, 0, 0.14%, 8, 0, 12, 0.00
1734898841, 3411467, 0, 40, 0, 0, 0.14%, 8, 0, 12, 0.00
1734898846, 3428780, 0, 40, 0, 0, 0.14%, 8, 0, 12, 0.00
1734898851, 3444805, 0, 40, 0, 0, 0.14%, 8, 0, 12, 0.00
1734898856, 3461532, 0, 40, 0, 0, 0.14%, 8, 0, 12, 0.00
1734898862, 3478335, 0, 40, 0, 0, 0.14%, 8, 0, 12, 0.00
1734898867, 3495082, 0, 40, 0, 0, 0.14%, 8, 0, 12, 0.00
1734898872, 3511209, 0, 40, 0, 0, 0.14%, 8, 0, 12, 0.00
1734898877, 3527988, 0, 40, 0, 0, 0.14%, 8, 0, 12, 0.00
1734898882, 3545417, 0, 40, 0, 0, 0.14%, 8, 0, 12, 0.00
1734898888, 3562259, 0, 40, 0, 0, 0.14%, 8, 0, 12, 0.00
1734898893, 3579684, 0, 40, 0, 0, 0.14%, 8, 0, 12, 0.00
1734898898, 3595734, 0, 40, 0, 0, 0.14%, 8, 0, 12, 0.00
1734898903, 3612475, 0, 40, 0, 0, 0.14%, 8, 0, 12, 0.00
1734898908, 3629228, 0, 40, 0, 0, 0.14%, 8, 0, 12, 0.00
1734898914, 3645913, 0, 40, 0, 0, 0.14%, 8, 0, 12, 0.00
1734898919, 3662715, 0, 40, 0, 0, 0.14%, 8, 0, 12, 0.00
1734898924, 3679497, 0, 40, 0, 0, 0.14%, 8, 0, 12, 0.00
1734898929, 3696275, 0, 40, 0, 0, 0.14%, 8, 0, 12, 0.00
1734898934, 3712985, 0, 40, 0, 0, 0.14%, 8, 0, 12, 0.00
1734898940, 3729780, 0, 40, 0, 0, 0.14%, 8, 0, 12, 0.00
1734898945, 3745855, 0, 40, 0, 0, 0.14%, 8, 0, 12, 0.00
1734898950, 3763189, 0, 40, 0, 0, 0.14%, 8, 0, 12, 0.00
1734898955, 3779875, 0, 40, 0, 0, 0.14%, 8, 0, 12, 0.00
1734898960, 3796581, 0, 40, 0, 0, 0.14%, 8, 0, 12, 0.00
1734898966, 3812730, 0, 40, 0, 0, 0.14%, 8, 0, 12, 0.00
1734898971, 3829523, 0, 40, 0, 0, 0.14%, 8, 0, 12, 0.00
1734898976, 3846291, 0, 40, 0, 0, 0.14%, 8, 0, 12, 0.00
1734898981, 3862450, 0, 40, 0, 0, 0.14%, 8, 0, 12, 0.00
1734898986, 3879197, 0, 40, 0, 0, 0.14%, 8, 0, 12, 0.00
1734898992, 3895917, 0, 40, 0, 0, 0.14%, 8, 0, 12, 0.00
1734898997, 3912710, 0, 40, 0, 0, 0.14%, 8, 0, 12, 0.00
1734899002, 3929438, 0, 40, 0, 0, 0.14%, 8, 0, 12, 0.00
1734899007, 3945460, 0, 40, 0, 0, 0.14%, 8, 0, 12, 0.00
1734899012, 3962172, 0, 40, 0, 0, 0.14%, 8, 0, 12, 0.00
1734899018, 3978190, 0, 40, 0, 0, 0.14%, 8, 0, 12, 0.00
1734899023, 3994923, 0, 40, 0, 0, 0.14%, 8, 0, 12, 0.00
1734899028, 4011686, 0, 40, 0, 0, 0.14%, 8, 0, 12, 0.00
1734899033, 4028375, 0, 40, 0, 0, 0.14%, 8, 0, 12, 0.00
1734899038, 4045075, 0, 40, 0, 0, 0.14%, 8, 0, 12, 0.00
1734899044, 4062421, 0, 40, 0, 0, 0.14%, 8, 0, 12, 0.00
1734899049, 4078525, 0, 40, 0, 0, 0.14%, 8, 0, 12, 0.00
1734899054, 4095210, 0, 40, 0, 0, 0.14%, 8, 0, 12, 0.00
1734899059, 4111966, 0, 40, 0, 0, 0.14%, 8, 0, 12, 0.00
1734899064, 4128061, 0, 40, 0, 0, 0.14%, 8, 0, 12, 0.00
1734899070, 4145417, 0, 40, 0, 0, 0.14%, 8, 0, 12, 0.00
1734899075, 4162207, 0, 40, 0, 0, 0.14%, 8, 0, 12, 0.00
1734899080, 4178943, 0, 40, 0, 0, 0.14%, 8, 0, 12, 0.00
1734899085, 4195031, 0, 40, 0, 0, 0.14%, 8, 0, 12, 0.00
1734899090, 4212079, 0, 40, 0, 0, 0.14%, 8, 0, 12, 0.00
1734899096, 4229128, 0, 40, 0, 0, 0.14%, 8, 0, 12, 0.00
1734899101, 4245921, 0, 40, 0, 0, 0.14%, 8, 0, 12, 0.00
1734899106, 4262640, 0, 40, 0, 0, 0.14%, 8, 0, 12, 0.00
1734899111, 4278669, 0, 40, 0, 0, 0.14%, 8, 0, 12, 0.00
1734899116, 4295342, 0, 40, 0, 0, 0.14%, 8, 0, 12, 0.00
1734899122, 4311469, 0, 40, 0, 0, 0.14%, 8, 0, 12, 0.00
1734899127, 4328363, 0, 40, 0, 0, 0.14%, 8, 0, 12, 0.00
1734899132, 4345105, 0, 40, 0, 0, 0.14%, 8, 0, 12, 0.00
1734899137, 4361841, 0, 40, 0, 0, 0.14%, 8, 0, 12, 0.00
1734899142, 4378629, 0, 40, 0, 0, 0.14%, 8, 0, 12, 0.00
1734899148, 4394658, 0, 40, 0, 0, 0.14%, 8, 0, 12, 0.00
1734899153, 4412033, 0, 40, 0, 0, 0.14%, 8, 0, 12, 0.00
1734899158, 4428151, 0, 40, 0, 0, 0.14%, 8, 0, 12, 0.00
1734899163, 4444274, 0, 40, 0, 0, 0.14%, 8, 0, 12, 0.00
1734899168, 4461372, 0, 40, 0, 0, 0.14%, 8, 0, 12, 0.00
1734899174, 4477717, 0, 40, 0, 0, 0.14%, 8, 0, 12, 0.00
1734899179, 4494478, 0, 40, 0, 0, 0.14%, 8, 0, 12, 0.00
1734899184, 4511256, 0, 40, 0, 0, 0.14%, 8, 0, 12, 0.00
1734899189, 4527973, 0, 40, 0, 0, 0.14%, 8, 0, 12, 0.00
1734899194, 4544749, 0, 40, 0, 0, 0.14%, 8, 0, 12, 0.00
1734899200, 4560819, 0, 40, 0, 0, 0.14%, 8, 0, 12, 0.00
1734899205, 4576864, 0, 40, 0, 0, 0.14%, 8, 0, 12, 0.00
1734899210, 4593593, 0, 40, 0, 0, 0.14%, 8, 0, 12, 0.00
1734899215, 4610361, 0, 40, 0, 0, 0.14%, 8, 0, 12, 0.00
1734899220, 4627049, 0, 40, 0, 0, 0.14%, 8, 0, 12, 0.00
1734899226, 4644539, 0, 40, 0, 0, 0.14%, 8, 0, 12, 0.00
1734899231, 4660710, 0, 40, 0, 0, 0.14%, 8, 0, 12, 0.00
1734899236, 4677433, 0, 40, 0, 0, 0.14%, 8, 0, 12, 0.00
1734899241, 4694201, 0, 40, 0, 0, 0.14%, 8, 0, 12, 0.00
1734899246, 4710984, 0, 40, 0, 0, 0.14%, 8, 0, 12, 0.00
1734899252, 4727725, 0, 40, 0, 0, 0.14%, 8, 0, 12, 0.00
1734899257, 4744464, 0, 40, 0, 0, 0.14%, 8, 0, 12, 0.00
1734899262, 4761866, 0, 40, 0, 0, 0.14%, 8, 0, 12, 0.00
1734899267, 4778586, 0, 40, 0, 0, 0.14%, 8, 0, 12, 0.00
1734899272, 4794652, 0, 40, 0, 0, 0.14%, 8, 0, 12, 0.00
1734899278, 4812071, 0, 40, 0, 0, 0.14%, 8, 0, 12, 0.00
1734899283, 4828219, 0, 40, 0, 0, 0.14%, 8, 0, 12, 0.00
1734899288, 4845526, 0, 40, 0, 0, 0.14%, 8, 0, 12, 0.00
1734899293, 4862259, 0, 40, 0, 0, 0.14%, 8, 0, 12, 0.00
1734899298, 4878987, 0, 40, 0, 0, 0.14%, 8, 0, 12, 0.00
1734899304, 4896329, 0, 40, 0, 0, 0.14%, 8, 0, 12, 0.00
1734899309, 4912445, 0, 40, 0, 0, 0.14%, 8, 0, 12, 0.00
1734899314, 4929172, 0, 40, 0, 0, 0.14%, 8, 0, 12, 0.00
1734899319, 4945960, 0, 40, 0, 0, 0.14%, 8, 0, 12, 0.00
1734899324, 4962721, 0, 40, 0, 0, 0.14%, 8, 0, 12, 0.00
1734899330, 4979397, 0, 40, 0, 0, 0.14%, 8, 0, 12, 0.00
1734899335, 4996745, 0, 40, 0, 0, 0.14%, 8, 0, 12, 0.00
1734899340, 5013467, 0, 40, 0, 0, 0.14%, 8, 0, 12, 0.00
1734899345, 5030160, 0, 40, 0, 0, 0.14%, 8, 0, 12, 0.00
1734899350, 5046970, 0, 40, 0, 0, 0.14%, 8, 0, 12, 0.00
1734899356, 5063057, 0, 40, 0, 0, 0.14%, 8, 0, 12, 0.00
1734899361, 5080488, 0, 40, 0, 0, 0.14%, 8, 0, 12, 0.00
1734899366, 5096499, 0, 40, 0, 0, 0.14%, 8, 0, 12, 0.00
1734899371, 5112616, 0, 40, 0, 0, 0.14%, 8, 0, 12, 0.00
1734899376, 5129341, 0, 40, 0, 0, 0.14%, 8, 0, 12, 0.00
1734899382, 5146092, 0, 40, 0, 0, 0.14%, 8, 0, 12, 0.00
1734899387, 5162782, 0, 40, 0, 0, 0.14%, 8, 0, 12, 0.00
1734899392, 5179469, 0, 40, 0, 0, 0.14%, 8, 0, 12, 0.00
1734899397, 5196129, 0, 40, 0, 0, 0.14%, 8, 0, 12, 0.00
1734899402, 5212831, 0, 40, 0, 0, 0.14%, 8, 0, 12, 0.00
1734899408, 5229572, 0, 40, 0, 0, 0.14%, 8, 0, 12, 0.00
1734899413, 5246282, 0, 40, 0, 0, 0.14%, 8, 0, 12, 0.00
1734899418, 5263077, 0, 40, 0, 0, 0.14%, 8, 0, 12, 0.00
1734899423, 5280550, 0, 40, 0, 0, 0.14%, 8, 0, 12, 0.00
1734899428, 5297309, 0, 40, 0, 0, 0.14%, 8, 0, 12, 0.00
1734899434, 5314762, 0, 40, 0, 0, 0.14%, 8, 0, 12, 0.00
1734899439, 5331535, 0, 40, 0, 0, 0.14%, 8, 0, 12, 0.00
1734899444, 5348244, 0, 40, 0, 0, 0.14%, 8, 0, 12, 0.00
1734899449, 5364959, 0, 40, 0, 0, 0.14%, 8, 0, 12, 0.00
1734899454, 5382358, 0, 40, 0, 0, 0.14%, 8, 0, 12, 0.00
1734899460, 5399152, 0, 40, 0, 0, 0.14%, 8, 0, 12, 0.00
1734899465, 5415871, 0, 40, 0, 0, 0.14%, 8, 0, 12, 0.00
1734899470, 5432512, 0, 40, 0, 0, 0.14%, 8, 0, 12, 0.00
1734899475, 5449778, 0, 40, 0, 0, 0.14%, 8, 0, 12, 0.00
1734899480, 5466502, 0, 40, 0, 0, 0.14%, 8, 0, 12, 0.00
1734899486, 5483256, 0, 40, 0, 0, 0.14%, 8, 0, 12, 0.00
1734899491, 5499951, 0, 40, 0, 0, 0.14%, 8, 0, 12, 0.00
1734899496, 5517306, 0, 40, 0, 0, 0.14%, 8, 0, 12, 0.00
1734899501, 5533384, 0, 40, 0, 0, 0.14%, 8, 0, 12, 0.00
1734899506, 5549442, 0, 40, 0, 0, 0.14%, 8, 0, 12, 0.00
1734899512, 5566785, 0, 40, 0, 0, 0.14%, 8, 0, 12, 0.00
1734899517, 5582797, 0, 40, 0, 0, 0.14%, 8, 0, 12, 0.00
1734899522, 5600194, 0, 40, 0, 0, 0.14%, 8, 0, 12, 0.00
