# unix_time, cycles_done, cur_path, paths_total, pending_total, pending_favs, map_size, unique_crashes, unique_hangs, max_depth, execs_per_sec
1735168832, 0, 0, 10, 10, 1, 0.01%, 0, 0, 1, 35.92
1735168837, 0, 2, 10, 10, 1, 0.01%, 0, 0, 1, 37.95
1735168852, 1, 0, 10, 2, 0, 0.01%, 0, 0, 1, 44.33
1735168857, 1, 1, 10, 1, 0, 0.01%, 0, 0, 1, 45.78
1735168862, 1, 2, 10, 0, 0, 0.01%, 0, 0, 1, 43.17
1735168872, 1, 3, 10, 0, 0, 0.01%, 0, 0, 1, 47.02
1735168877, 1, 4, 10, 0, 0, 0.01%, 0, 0, 1, 45.10
1735168882, 1, 5, 10, 0, 0, 0.01%, 0, 0, 1, 46.40
1735168887, 1, 6, 10, 0, 0, 0.01%, 0, 0, 1, 45.58
1735168893, 1, 7, 10, 0, 0, 0.01%, 0, 0, 1, 45.27
1735168898, 1, 8, 10, 0, 0, 0.01%, 0, 0, 1, 48.25
1735168903, 1, 9, 10, 0, 0, 0.01%, 0, 0, 1, 47.17
1735168908, 2, 0, 10, 0, 0, 0.01%, 0, 0, 1, 43.68
1735168913, 2, 1, 10, 0, 0, 0.01%, 0, 0, 1, 45.82
1735168918, 2, 2, 10, 0, 0, 0.01%, 0, 0, 1, 46.40
1735168928, 2, 3, 10, 0, 0, 0.01%, 0, 0, 1, 44.06
1735168933, 2, 4, 10, 0, 0, 0.01%, 0, 0, 1, 46.49
1735168938, 2, 5, 10, 0, 0, 0.01%, 0, 0, 1, 44.88
1735168943, 2, 6, 10, 0, 0, 0.01%, 0, 0, 1, 46.89
1735168948, 2, 7, 10, 0, 0, 0.01%, 0, 0, 1, 46.36
1735168953, 2, 8, 10, 0, 0, 0.01%, 0, 0, 1, 45.11
1735168958, 2, 9, 10, 0, 0, 0.01%, 0, 0, 1, 45.74
1735168963, 3, 0, 10, 0, 0, 0.01%, 0, 0, 1, 46.67
1735168968, 3, 1, 10, 0, 0, 0.01%, 0, 0, 1, 44.84
1735168979, 3, 2, 10, 0, 0, 0.01%, 0, 0, 1, 45.29
1735168984, 3, 3, 10, 0, 0, 0.01%, 0, 0, 1, 44.26
1735168989, 3, 4, 10, 0, 0, 0.01%, 0, 0, 1, 45.38
1735168994, 3, 5, 10, 0, 0, 0.01%, 0, 0, 1, 46.55
1735168999, 3, 6, 10, 0, 0, 0.01%, 0, 0, 1, 44.25
1735169004, 3, 7, 10, 0, 0, 0.01%, 0, 0, 1, 45.40
1735169009, 3, 8, 10, 0, 0, 0.01%, 0, 0, 1, 44.76
1735169014, 3, 9, 10, 0, 0, 0.01%, 0, 0, 1, 44.06
1735169019, 4, 0, 10, 0, 0, 0.01%, 0, 0, 1, 48.24
1735169029, 4, 1, 10, 0, 0, 0.01%, 0, 0, 1, 45.55
1735169034, 4, 2, 10, 0, 0, 0.01%, 0, 0, 1, 46.43
1735169039, 4, 3, 10, 0, 0, 0.01%, 0, 0, 1, 47.55
1735169045, 4, 4, 10, 0, 0, 0.01%, 0, 0, 1, 44.10
1735169050, 4, 5, 10, 0, 0, 0.01%, 0, 0, 1, 47.03
1735169055, 4, 6, 10, 0, 0, 0.01%, 0, 0, 1, 44.89
1735169060, 4, 7, 10, 0, 0, 0.01%, 0, 0, 1, 46.12
1735169065, 4, 8, 10, 0, 0, 0.01%, 0, 0, 1, 44.40
1735169070, 4, 9, 10, 0, 0, 0.01%, 0, 0, 1, 45.89
1735169080, 5, 0, 10, 0, 0, 0.01%, 0, 0, 1, 44.38
1735169085, 5, 1, 10, 0, 0, 0.01%, 0, 0, 1, 44.39
1735169090, 5, 2, 10, 0, 0, 0.01%, 0, 0, 1, 45.52
1735169095, 5, 3, 10, 0, 0, 0.01%, 0, 0, 1, 45.66
1735169101, 5, 4, 10, 0, 0, 0.01%, 0, 0, 1, 45.51
1735169106, 5, 5, 10, 0, 0, 0.01%, 0, 0, 1, 45.31
1735169111, 5, 6, 10, 0, 0, 0.01%, 0, 0, 1, 45.04
1735169116, 5, 7, 10, 0, 0, 0.01%, 0, 0, 1, 45.78
1735169121, 5, 8, 10, 0, 0, 0.01%, 0, 0, 1, 47.30
1735169131, 5, 9, 10, 0, 0, 0.01%, 0, 0, 1, 45.33
1735169136, 6, 0, 10, 0, 0, 0.01%, 0, 0, 1, 48.12
1735169141, 6, 1, 10, 0, 0, 0.01%, 0, 0, 1, 44.67
1735169146, 6, 2, 10, 0, 0, 0.01%, 0, 0, 1, 45.53
1735169151, 6, 3, 10, 0, 0, 0.01%, 0, 0, 1, 45.35
1735169156, 6, 4, 10, 0, 0, 0.01%, 0, 0, 1, 45.23
1735169161, 6, 5, 10, 0, 0, 0.01%, 0, 0, 1, 46.82
1735169166, 6, 6, 10, 0, 0, 0.01%, 0, 0, 1, 42.98
1735169171, 6, 7, 10, 0, 0, 0.01%, 0, 0, 1, 44.36
1735169182, 6, 8, 10, 0, 0, 0.01%, 0, 0, 1, 45.77
1735169187, 6, 9, 10, 0, 0, 0.01%, 0, 0, 1, 47.23
1735169192, 7, 0, 10, 0, 0, 0.01%, 0, 0, 1, 44.72
1735169197, 7, 1, 10, 0, 0, 0.01%, 0, 0, 1, 43.98
1735169202, 7, 2, 10, 0, 0, 0.01%, 0, 0, 1, 43.28
1735169207, 7, 3, 10, 0, 0, 0.01%, 0, 0, 1, 42.78
1735169212, 7, 4, 10, 0, 0, 0.01%, 0, 0, 1, 45.79
1735169217, 7, 5, 10, 0, 0, 0.01%, 0, 0, 1, 43.00
1735169227, 7, 6, 10, 0, 0, 0.01%, 0, 0, 1, 45.97
1735169232, 7, 7, 10, 0, 0, 0.01%, 0, 0, 1, 44.55
1735169237, 7, 8, 10, 0, 0, 0.01%, 0, 0, 1, 46.22
1735169242, 7, 9, 10, 0, 0, 0.01%, 0, 0, 1, 44.85
1735169248, 8, 0, 10, 0, 0, 0.01%, 0, 0, 1, 44.49
1735169253, 8, 1, 10, 0, 0, 0.01%, 0, 0, 1, 45.80
1735169258, 8, 2, 10, 0, 0, 0.01%, 0, 0, 1, 47.32
1735169263, 8, 3, 10, 0, 0, 0.01%, 0, 0, 1, 46.71
1735169268, 8, 4, 10, 0, 0, 0.01%, 0, 0, 1, 45.52
1735169273, 8, 5, 10, 0, 0, 0.01%, 0, 0, 1, 45.42
1735169283, 8, 6, 10, 0, 0, 0.01%, 0, 0, 1, 46.10
1735169288, 8, 7, 10, 0, 0, 0.01%, 0, 0, 1, 44.17
1735169293, 8, 8, 10, 0, 0, 0.01%, 0, 0, 1, 46.62
1735169298, 8, 9, 10, 0, 0, 0.01%, 0, 0, 1, 45.83
1735169303, 9, 0, 10, 0, 0, 0.01%, 0, 0, 1, 45.45
1735169308, 9, 1, 10, 0, 0, 0.01%, 0, 0, 1, 46.78
1735169313, 9, 2, 10, 0, 0, 0.01%, 0, 0, 1, 45.10
1735169319, 9, 3, 10, 0, 0, 0.01%, 0, 0, 1, 46.20
1735169324, 9, 4, 10, 0, 0, 0.01%, 0, 0, 1, 45.43
1735169334, 9, 5, 10, 0, 0, 0.01%, 0, 0, 1, 46.54
1735169339, 9, 6, 10, 0, 0, 0.01%, 0, 0, 1, 44.75
1735169344, 9, 7, 10, 0, 0, 0.01%, 0, 0, 1, 45.65
1735169349, 9, 8, 10, 0, 0, 0.01%, 0, 0, 1, 45.39
1735169354, 9, 9, 10, 0, 0, 0.01%, 0, 0, 1, 45.97
1735169359, 10, 0, 10, 0, 0, 0.01%, 0, 0, 1, 45.10
1735169364, 10, 1, 10, 0, 0, 0.01%, 0, 0, 1, 44.00
1735169369, 10, 2, 10, 0, 0, 0.01%, 0, 0, 1, 43.15
1735169374, 10, 3, 10, 0, 0, 0.01%, 0, 0, 1, 45.85
1735169385, 10, 4, 10, 0, 0, 0.01%, 0, 0, 1, 45.61
1735169390, 10, 5, 10, 0, 0, 0.01%, 0, 0, 1, 47.76
1735169395, 10, 6, 10, 0, 0, 0.01%, 0, 0, 1, 47.23
1735169400, 10, 7, 10, 0, 0, 0.01%, 0, 0, 1, 45.24
1735169405, 10, 8, 10, 0, 0, 0.01%, 0, 0, 1, 44.48
1735169410, 10, 9, 10, 0, 0, 0.01%, 0, 0, 1, 43.64
1735169415, 11, 0, 10, 0, 0, 0.01%, 0, 0, 1, 43.34
1735169420, 11, 1, 10, 0, 0, 0.01%, 0, 0, 1, 44.33
1735169425, 11, 2, 10, 0, 0, 0.01%, 0, 0, 1, 45.81
1735169430, 11, 3, 10, 0, 0, 0.01%, 0, 0, 1, 48.33
1735169441, 11, 4, 10, 0, 0, 0.01%, 0, 0, 1, 46.02
1735169446, 11, 5, 10, 0, 0, 0.01%, 0, 0, 1, 44.61
1735169451, 11, 6, 10, 0, 0, 0.01%, 0, 0, 1, 47.45
1735169456, 11, 7, 10, 0, 0, 0.01%, 0, 0, 1, 46.80
1735169461, 11, 8, 10, 0, 0, 0.01%, 0, 0, 1, 48.04
1735169466, 11, 9, 10, 0, 0, 0.01%, 0, 0, 1, 47.25
1735169471, 12, 0, 10, 0, 0, 0.01%, 0, 0, 1, 48.96
1735169476, 12, 1, 10, 0, 0, 0.01%, 0, 0, 1, 46.25
1735169481, 12, 2, 10, 0, 0, 0.01%, 0, 0, 1, 49.37
1735169486, 12, 3, 10, 0, 0, 0.01%, 0, 0, 1, 46.43
1735169491, 12, 4, 10, 0, 0, 0.01%, 0, 0, 1, 48.60
1735169496, 12, 5, 10, 0, 0, 0.01%, 0, 0, 1, 44.28
1735169506, 12, 6, 10, 0, 0, 0.01%, 0, 0, 1, 46.64
1735169512, 12, 7, 10, 0, 0, 0.01%, 0, 0, 1, 47.11
1735169517, 12, 8, 10, 0, 0, 0.01%, 0, 0, 1, 47.97
1735169522, 12, 9, 10, 0, 0, 0.01%, 0, 0, 1, 50.21
1735169527, 13, 0, 10, 0, 0, 0.01%, 0, 0, 1, 45.73
1735169532, 13, 1, 10, 0, 0, 0.01%, 0, 0, 1, 48.59
1735169537, 13, 2, 10, 0, 0, 0.01%, 0, 0, 1, 47.56
1735169542, 13, 3, 10, 0, 0, 0.01%, 0, 0, 1, 49.34
1735169547, 13, 4, 10, 0, 0, 0.01%, 0, 0, 1, 47.58
1735169552, 13, 5, 10, 0, 0, 0.01%, 0, 0, 1, 46.97
1735169557, 13, 6, 10, 0, 0, 0.01%, 0, 0, 1, 48.65
1735169562, 13, 7, 10, 0, 0, 0.01%, 0, 0, 1, 46.49
1735169567, 13, 8, 10, 0, 0, 0.01%, 0, 0, 1, 46.25
1735169572, 13, 9, 10, 0, 0, 0.01%, 0, 0, 1, 46.53
1735169578, 14, 0, 10, 0, 0, 0.01%, 0, 0, 1, 46.55
1735169583, 14, 1, 10, 0, 0, 0.01%, 0, 0, 1, 48.20
1735169588, 14, 2, 10, 0, 0, 0.01%, 0, 0, 1, 45.52
1735169593, 14, 3, 10, 0, 0, 0.01%, 0, 0, 1, 46.31
1735169603, 14, 4, 10, 0, 0, 0.01%, 0, 0, 1, 48.33
1735169608, 14, 5, 10, 0, 0, 0.01%, 0, 0, 1, 45.92
1735169613, 14, 6, 10, 0, 0, 0.01%, 0, 0, 1, 48.28
1735169618, 14, 7, 10, 0, 0, 0.01%, 0, 0, 1, 47.94
1735169623, 14, 8, 10, 0, 0, 0.01%, 0, 0, 1, 49.48
1735169628, 14, 9, 10, 0, 0, 0.01%, 0, 0, 1, 47.07
1735169633, 15, 0, 10, 0, 0, 0.01%, 0, 0, 1, 48.25
1735169638, 15, 1, 10, 0, 0, 0.01%, 0, 0, 1, 47.55
1735169643, 15, 2, 10, 0, 0, 0.01%, 0, 0, 1, 47.12
1735169648, 15, 3, 10, 0, 0, 0.01%, 0, 0, 1, 43.16
1735169669, 15, 4, 10, 0, 0, 0.01%, 0, 0, 1, 45.28
1735169689, 15, 5, 10, 0, 0, 0.01%, 0, 0, 1, 46.45
1735169710, 15, 6, 10, 0, 0, 0.01%, 0, 0, 1, 43.86
1735169730, 15, 7, 10, 0, 0, 0.01%, 0, 0, 1, 42.97
1735169750, 15, 8, 10, 0, 0, 0.01%, 0, 0, 1, 42.36
1735169771, 15, 9, 10, 0, 0, 0.01%, 0, 0, 1, 43.39
1735169791, 16, 0, 10, 0, 0, 0.01%, 0, 0, 1, 44.37
1735169812, 16, 1, 10, 0, 0, 0.01%, 0, 0, 1, 46.79
1735169817, 16, 2, 10, 0, 0, 0.01%, 0, 0, 1, 46.77
1735169822, 16, 3, 10, 0, 0, 0.01%, 0, 0, 1, 47.60
1735169827, 16, 4, 10, 0, 0, 0.01%, 0, 0, 1, 44.86
1735169832, 16, 5, 10, 0, 0, 0.01%, 0, 0, 1, 48.95
1735169837, 16, 6, 10, 0, 0, 0.01%, 0, 0, 1, 48.91
1735169842, 16, 7, 10, 0, 0, 0.01%, 0, 0, 1, 50.92
1735169852, 16, 8, 10, 0, 0, 0.01%, 0, 0, 1, 45.69
1735169857, 16, 9, 10, 0, 0, 0.01%, 0, 0, 1, 47.02
1735169862, 17, 0, 10, 0, 0, 0.01%, 0, 0, 1, 46.76
1735169867, 17, 1, 10, 0, 0, 0.01%, 0, 0, 1, 47.54
1735169872, 17, 2, 10, 0, 0, 0.01%, 0, 0, 1, 46.82
1735169877, 17, 3, 10, 0, 0, 0.01%, 0, 0, 1, 46.07
1735169883, 17, 4, 10, 0, 0, 0.01%, 0, 0, 1, 47.41
1735169888, 17, 5, 10, 0, 0, 0.01%, 0, 0, 1, 44.94
1735169893, 17, 6, 10, 0, 0, 0.01%, 0, 0, 1, 48.83
1735169898, 17, 7, 10, 0, 0, 0.01%, 0, 0, 1, 46.60
1735169903, 17, 8, 10, 0, 0, 0.01%, 0, 0, 1, 43.95
1735169908, 17, 9, 10, 0, 0, 0.01%, 0, 0, 1, 48.96
1735169913, 18, 0, 10, 0, 0, 0.01%, 0, 0, 1, 46.89
1735169923, 18, 1, 10, 0, 0, 0.01%, 0, 0, 1, 47.63
1735169928, 18, 2, 10, 0, 0, 0.01%, 0, 0, 1, 47.68
1735169933, 18, 3, 10, 0, 0, 0.01%, 0, 0, 1, 46.63
1735169938, 18, 4, 10, 0, 0, 0.01%, 0, 0, 1, 45.26
1735169943, 18, 5, 10, 0, 0, 0.01%, 0, 0, 1, 46.52
1735169948, 18, 6, 10, 0, 0, 0.01%, 0, 0, 1, 50.09
1735169953, 18, 7, 10, 0, 0, 0.01%, 0, 0, 1, 49.01
1735169959, 18, 8, 10, 0, 0, 0.01%, 0, 0, 1, 47.08
1735169964, 18, 9, 10, 0, 0, 0.01%, 0, 0, 1, 48.21
1735169969, 19, 0, 10, 0, 0, 0.01%, 0, 0, 1, 48.12
1735169974, 19, 1, 10, 0, 0, 0.01%, 0, 0, 1, 49.87
1735169979, 19, 2, 10, 0, 0, 0.01%, 0, 0, 1, 47.77
1735169984, 19, 3, 10, 0, 0, 0.01%, 0, 0, 1, 46.83
1735169989, 19, 4, 10, 0, 0, 0.01%, 0, 0, 1, 48.50
1735169994, 19, 5, 10, 0, 0, 0.01%, 0, 0, 1, 48.08
1735169999, 19, 6, 10, 0, 0, 0.01%, 0, 0, 1, 47.97
1735170004, 19, 7, 10, 0, 0, 0.01%, 0, 0, 1, 46.11
1735170009, 19, 8, 10, 0, 0, 0.01%, 0, 0, 1, 49.85
1735170019, 19, 9, 10, 0, 0, 0.01%, 0, 0, 1, 47.24
1735170024, 20, 0, 10, 0, 0, 0.01%, 0, 0, 1, 48.32
1735170029, 20, 1, 10, 0, 0, 0.01%, 0, 0, 1, 46.84
1735170034, 20, 2, 10, 0, 0, 0.01%, 0, 0, 1, 47.45
1735170040, 20, 3, 10, 0, 0, 0.01%, 0, 0, 1, 47.59
1735170045, 20, 4, 10, 0, 0, 0.01%, 0, 0, 1, 49.25
1735170050, 20, 5, 10, 0, 0, 0.01%, 0, 0, 1, 45.79
1735170055, 20, 6, 10, 0, 0, 0.01%, 0, 0, 1, 48.16
1735170060, 20, 7, 10, 0, 0, 0.01%, 0, 0, 1, 46.15
1735170065, 20, 8, 10, 0, 0, 0.01%, 0, 0, 1, 49.11
1735170070, 20, 9, 10, 0, 0, 0.01%, 0, 0, 1, 47.74
1735170075, 21, 0, 10, 0, 0, 0.01%, 0, 0, 1, 46.53
1735170080, 21, 1, 10, 0, 0, 0.01%, 0, 0, 1, 46.41
1735170085, 21, 2, 10, 0, 0, 0.01%, 0, 0, 1, 48.78
1735170095, 21, 3, 10, 0, 0, 0.01%, 0, 0, 1, 45.84
1735170100, 21, 4, 10, 0, 0, 0.01%, 0, 0, 1, 45.78
1735170105, 21, 5, 10, 0, 0, 0.01%, 0, 0, 1, 44.49
1735170110, 21, 6, 10, 0, 0, 0.01%, 0, 0, 1, 46.68
1735170115, 21, 7, 10, 0, 0, 0.01%, 0, 0, 1, 48.57
1735170121, 21, 8, 10, 0, 0, 0.01%, 0, 0, 1, 48.78
1735170126, 21, 9, 10, 0, 0, 0.01%, 0, 0, 1, 49.58
1735170131, 22, 0, 10, 0, 0, 0.01%, 0, 0, 1, 48.45
1735170136, 22, 1, 10, 0, 0, 0.01%, 0, 0, 1, 46.48
1735170141, 22, 2, 10, 0, 0, 0.01%, 0, 0, 1, 47.48
1735170146, 22, 3, 10, 0, 0, 0.01%, 0, 0, 1, 50.17
1735170151, 22, 4, 10, 0, 0, 0.01%, 0, 0, 1, 49.87
1735170156, 22, 5, 10, 0, 0, 0.01%, 0, 0, 1, 47.83
1735170161, 22, 6, 10, 0, 0, 0.01%, 0, 0, 1, 45.75
1735170166, 22, 7, 10, 0, 0, 0.01%, 0, 0, 1, 48.30
1735170171, 22, 8, 10, 0, 0, 0.01%, 0, 0, 1, 46.37
1735170176, 22, 9, 10, 0, 0, 0.01%, 0, 0, 1, 47.63
1735170187, 23, 0, 10, 0, 0, 0.01%, 0, 0, 1, 47.70
1735170192, 23, 1, 10, 0, 0, 0.01%, 0, 0, 1, 45.55
1735170197, 23, 2, 10, 0, 0, 0.01%, 0, 0, 1, 46.86
1735170202, 23, 3, 10, 0, 0, 0.01%, 0, 0, 1, 45.76
1735170207, 23, 4, 10, 0, 0, 0.01%, 0, 0, 1, 46.52
1735170212, 23, 5, 10, 0, 0, 0.01%, 0, 0, 1, 46.77
1735170217, 23, 6, 10, 0, 0, 0.01%, 0, 0, 1, 47.58
1735170222, 23, 7, 10, 0, 0, 0.01%, 0, 0, 1, 47.70
1735170227, 23, 8, 10, 0, 0, 0.01%, 0, 0, 1, 47.79
1735170232, 23, 9, 10, 0, 0, 0.01%, 0, 0, 1, 48.54
1735170237, 24, 0, 10, 0, 0, 0.01%, 0, 0, 1, 46.74
1735170242, 24, 1, 10, 0, 0, 0.01%, 0, 0, 1, 49.02
1735170248, 24, 2, 10, 0, 0, 0.01%, 0, 0, 1, 46.87
1735170253, 24, 3, 10, 0, 0, 0.01%, 0, 0, 1, 47.70
1735170258, 24, 4, 10, 0, 0, 0.01%, 0, 0, 1, 46.04
1735170263, 24, 5, 10, 0, 0, 0.01%, 0, 0, 1, 49.79
1735170273, 24, 6, 10, 0, 0, 0.01%, 0, 0, 1, 50.74
1735170278, 24, 7, 10, 0, 0, 0.01%, 0, 0, 1, 45.69
1735170283, 24, 8, 10, 0, 0, 0.01%, 0, 0, 1, 48.14
1735170288, 24, 9, 10, 0, 0, 0.01%, 0, 0, 1, 47.50
1735170293, 25, 0, 10, 0, 0, 0.01%, 0, 0, 1, 48.06
1735170298, 25, 1, 10, 0, 0, 0.01%, 0, 0, 1, 45.94
1735170303, 25, 2, 10, 0, 0, 0.01%, 0, 0, 1, 48.50
1735170308, 25, 3, 10, 0, 0, 0.01%, 0, 0, 1, 45.90
1735170313, 25, 4, 10, 0, 0, 0.01%, 0, 0, 1, 44.93
1735170318, 25, 5, 10, 0, 0, 0.01%, 0, 0, 1, 46.72
1735170324, 25, 6, 10, 0, 0, 0.01%, 0, 0, 1, 48.53
1735170329, 25, 7, 10, 0, 0, 0.01%, 0, 0, 1, 47.21
1735170334, 25, 8, 10, 0, 0, 0.01%, 0, 0, 1, 46.61
1735170339, 25, 9, 10, 0, 0, 0.01%, 0, 0, 1, 46.32
1735170349, 26, 1, 10, 0, 0, 0.01%, 0, 0, 1, 52.53
1735170359, 26, 2, 10, 0, 0, 0.01%, 0, 0, 1, 47.03
1735170364, 26, 3, 10, 0, 0, 0.01%, 0, 0, 1, 48.61
1735170369, 26, 4, 10, 0, 0, 0.01%, 0, 0, 1, 48.64
1735170374, 26, 5, 10, 0, 0, 0.01%, 0, 0, 1, 46.19
1735170380, 26, 6, 10, 0, 0, 0.01%, 0, 0, 1, 50.81
1735170385, 26, 7, 10, 0, 0, 0.01%, 0, 0, 1, 48.08
1735170390, 26, 8, 10, 0, 0, 0.01%, 0, 0, 1, 49.84
1735170395, 26, 9, 10, 0, 0, 0.01%, 0, 0, 1, 47.57
1735170400, 27, 0, 10, 0, 0, 0.01%, 0, 0, 1, 47.91
1735170405, 27, 1, 10, 0, 0, 0.01%, 0, 0, 1, 46.68
1735170410, 27, 2, 10, 0, 0, 0.01%, 0, 0, 1, 46.76
1735170415, 27, 3, 10, 0, 0, 0.01%, 0, 0, 1, 44.81
1735170420, 27, 4, 10, 0, 0, 0.01%, 0, 0, 1, 48.67
1735170425, 27, 5, 10, 0, 0, 0.01%, 0, 0, 1, 48.55
1735170430, 27, 6, 10, 0, 0, 0.01%, 0, 0, 1, 49.56
1735170435, 27, 7, 10, 0, 0, 0.01%, 0, 0, 1, 46.99
1735170445, 27, 8, 10, 0, 0, 0.01%, 0, 0, 1, 48.25
1735170450, 27, 9, 10, 0, 0, 0.01%, 0, 0, 1, 48.25
1735170456, 28, 0, 10, 0, 0, 0.01%, 0, 0, 1, 47.65
1735170461, 28, 1, 10, 0, 0, 0.01%, 0, 0, 1, 46.20
1735170466, 28, 2, 10, 0, 0, 0.01%, 0, 0, 1, 48.42
1735170471, 28, 3, 10, 0, 0, 0.01%, 0, 0, 1, 47.23
1735170476, 28, 4, 10, 0, 0, 0.01%, 0, 0, 1, 46.33
1735170481, 28, 5, 10, 0, 0, 0.01%, 0, 0, 1, 46.01
1735170486, 28, 6, 10, 0, 0, 0.01%, 0, 0, 1, 49.04
1735170491, 28, 7, 10, 0, 0, 0.01%, 0, 0, 1, 46.57
1735170496, 28, 8, 10, 0, 0, 0.01%, 0, 0, 1, 49.14
1735170501, 28, 9, 10, 0, 0, 0.01%, 0, 0, 1, 46.83
1735170506, 29, 0, 10, 0, 0, 0.01%, 0, 0, 1, 50.72
1735170511, 29, 1, 10, 0, 0, 0.01%, 0, 0, 1, 47.49
1735170516, 29, 2, 10, 0, 0, 0.01%, 0, 0, 1, 48.57
1735170522, 29, 3, 10, 0, 0, 0.01%, 0, 0, 1, 48.17
1735170527, 29, 4, 10, 0, 0, 0.01%, 0, 0, 1, 47.79
1735170537, 29, 5, 10, 0, 0, 0.01%, 0, 0, 1, 47.70
1735170542, 29, 6, 10, 0, 0, 0.01%, 0, 0, 1, 47.78
1735170547, 29, 7, 10, 0, 0, 0.01%, 0, 0, 1, 48.41
1735170552, 29, 8, 10, 0, 0, 0.01%, 0, 0, 1, 46.54
1735170557, 29, 9, 10, 0, 0, 0.01%, 0, 0, 1, 48.99
1735170562, 30, 0, 10, 0, 0, 0.01%, 0, 0, 1, 47.11
1735170567, 30, 1, 10, 0, 0, 0.01%, 0, 0, 1, 47.48
1735170572, 30, 2, 10, 0, 0, 0.01%, 0, 0, 1, 46.82
1735170578, 30, 3, 10, 0, 0, 0.01%, 0, 0, 1, 47.57
1735170583, 30, 4, 10, 0, 0, 0.01%, 0, 0, 1, 45.47
1735170588, 30, 5, 10, 0, 0, 0.01%, 0, 0, 1, 50.31
1735170593, 30, 6, 10, 0, 0, 0.01%, 0, 0, 1, 47.39
1735170598, 30, 7, 10, 0, 0, 0.01%, 0, 0, 1, 48.48
1735170603, 30, 8, 10, 0, 0, 0.01%, 0, 0, 1, 45.25
1735170613, 30, 9, 10, 0, 0, 0.01%, 0, 0, 1, 47.43
1735170618, 31, 0, 10, 0, 0, 0.01%, 0, 0, 1, 47.48
1735170623, 31, 1, 10, 0, 0, 0.01%, 0, 0, 1, 47.11
1735170628, 31, 2, 10, 0, 0, 0.01%, 0, 0, 1, 51.14
1735170633, 31, 3, 10, 0, 0, 0.01%, 0, 0, 1, 47.94
1735170638, 31, 4, 10, 0, 0, 0.01%, 0, 0, 1, 46.28
1735170643, 31, 5, 10, 0, 0, 0.01%, 0, 0, 1, 48.44
1735170648, 31, 6, 10, 0, 0, 0.01%, 0, 0, 1, 47.93
1735170653, 31, 7, 11, 1, 0, 0.14%, 1, 0, 2, 48.83
1735170659, 31, 10, 12, 2, 1, 0.14%, 2, 0, 3, 64.09
1735170664, 31, 10, 13, 3, 1, 0.14%, 3, 0, 3, 53.21
1735170735, 31, 12, 13, 1, 1, 0.14%, 3, 0, 3, 67.98
1735170750, 31, 12, 14, 2, 1, 0.14%, 3, 0, 4, 51.76
1735170791, 31, 12, 15, 3, 1, 0.14%, 3, 0, 4, 50.89
1735170826, 31, 12, 16, 4, 1, 0.14%, 3, 0, 4, 52.86
1735170888, 31, 15, 16, 3, 1, 0.14%, 3, 0, 4, 48.38
1735170913, 31, 15, 17, 4, 1, 0.14%, 4, 0, 5, 59.52
1735170954, 31, 15, 18, 5, 1, 0.14%, 4, 0, 5, 56.42
1735170964, 31, 15, 19, 6, 1, 0.14%, 4, 0, 5, 59.30
1735171045, 31, 16, 20, 6, 2, 0.14%, 5, 0, 6, 74.86
1735171086, 31, 16, 21, 7, 2, 0.14%, 5, 0, 6, 63.98
1735171096, 31, 16, 23, 9, 2, 0.14%, 5, 0, 6, 61.15
1735171101, 31, 16, 24, 10, 2, 0.14%, 5, 0, 6, 58.39
1735171106, 31, 16, 26, 12, 2, 0.14%, 5, 0, 6, 58.31
1735171218, 31, 17, 27, 12, 3, 0.14%, 5, 0, 6, 86.44
1735171264, 31, 17, 28, 13, 3, 0.14%, 5, 0, 6, 52.57
1735171279, 31, 17, 29, 14, 3, 0.14%, 5, 0, 6, 60.89
1735171360, 31, 23, 29, 12, 2, 0.14%, 5, 0, 6, 74.24
1735171447, 31, 28, 29, 11, 1, 0.14%, 5, 0, 6, 77.12
1735171508, 31, 28, 30, 12, 1, 0.14%, 5, 0, 7, 62.49
1735171594, 31, 28, 31, 13, 1, 0.14%, 5, 0, 7, 60.38
1735171599, 32, 21, 31, 9, 0, 0.14%, 5, 0, 7, 52.04
1735171702, 32, 23, 31, 8, 0, 0.14%, 5, 0, 7, 61.02
1735171712, 32, 23, 32, 9, 0, 0.14%, 5, 0, 7, 58.47
1735171747, 32, 31, 32, 8, 0, 0.14%, 5, 0, 7, 80.83
1735171937, 32, 31, 33, 9, 0, 0.14%, 6, 0, 8, 107.46
1735172256, 33, 18, 33, 7, 0, 0.14%, 6, 0, 8, 43.01
1735172475, 33, 27, 33, 6, 0, 0.14%, 6, 0, 8, 52.54
1735172480, 34, 27, 33, 4, 0, 0.14%, 6, 0, 8, 68.64
1735172878, 34, 27, 34, 5, 0, 0.14%, 6, 0, 8, 78.54
1735172908, 34, 27, 35, 6, 0, 0.14%, 6, 0, 8, 75.77
1735172959, 34, 34, 35, 5, 0, 0.14%, 6, 0, 8, 42.40
1735173561, 34, 34, 36, 6, 0, 0.14%, 6, 0, 8, 87.21
1735173566, 34, 34, 37, 7, 0, 0.14%, 6, 0, 8, 84.66
1735173607, 34, 34, 38, 8, 0, 0.14%, 7, 0, 8, 85.46
1735173632, 35, 24, 38, 6, 0, 0.14%, 7, 0, 8, 102.42
1735173862, 35, 37, 38, 6, 0, 0.14%, 7, 0, 8, 49.64
1735174437, 35, 37, 39, 7, 0, 0.14%, 7, 0, 9, 89.82
1735174483, 35, 38, 39, 6, 1, 0.14%, 7, 0, 9, 45.87
1735175110, 36, 36, 39, 3, 0, 0.14%, 7, 0, 9, 62.17
1735175115, 39, 36, 39, 2, 0, 0.14%, 7, 0, 9, 74.24
1735175709, 40, 25, 39, 2, 0, 0.14%, 7, 0, 9, 43.85
1735175719, 41, 25, 39, 1, 0, 0.14%, 7, 0, 9, 109.68
1735177074, 45, 22, 39, 0, 0, 0.14%, 7, 0, 9, 79.63
1735177145, 47, 25, 39, 0, 0, 0.14%, 7, 0, 9, 74.26
1735177156, 47, 36, 39, 0, 0, 0.14%, 7, 0, 9, 68.85
1735177161, 48, 25, 39, 0, 0, 0.14%, 7, 0, 9, 85.61
1735177176, 48, 36, 39, 0, 0, 0.14%, 7, 0, 9, 76.00
1735177196, 49, 25, 39, 0, 0, 0.14%, 7, 0, 9, 85.79
1735177227, 49, 36, 39, 0, 0, 0.14%, 7, 0, 9, 88.84
1735177258, 50, 25, 39, 0, 0, 0.14%, 7, 0, 9, 90.73
1735177288, 50, 36, 39, 0, 0, 0.14%, 7, 0, 9, 80.09
1735177319, 51, 23, 39, 0, 0, 0.14%, 7, 0, 9, 71.67
1735177334, 51, 25, 39, 0, 0, 0.14%, 7, 0, 9, 62.93
1735177370, 51, 36, 39, 0, 0, 0.14%, 7, 0, 9, 78.18
1735177400, 52, 25, 39, 0, 0, 0.14%, 7, 0, 9, 81.28
1735177431, 53, 25, 39, 0, 0, 0.14%, 7, 0, 9, 86.09
1735177461, 54, 25, 39, 0, 0, 0.14%, 7, 0, 9, 86.35
1735177492, 55, 25, 39, 0, 0, 0.14%, 7, 0, 9, 73.89
1735177528, 61, 23, 39, 0, 0, 0.14%, 7, 0, 9, 63.54
1735177563, 62, 29, 39, 0, 0, 0.14%, 7, 0, 9, 78.95
1735177660, 66, 35, 39, 0, 0, 0.14%, 7, 0, 9, 84.43
1735177833, 79, 20, 39, 0, 0, 0.14%, 7, 0, 9, 78.94
1735177919, 80, 22, 39, 0, 0, 0.14%, 7, 0, 9, 59.84
1735177929, 82, 23, 39, 0, 0, 0.14%, 7, 0, 9, 66.99
1735177965, 89, 30, 39, 0, 0, 0.14%, 7, 0, 9, 90.33
1735178179, 105, 11, 39, 0, 0, 0.14%, 7, 0, 9, 67.04
1735178205, 108, 18, 39, 0, 0, 0.14%, 7, 0, 9, 61.92
1735178215, 108, 23, 39, 0, 0, 0.14%, 7, 0, 9, 61.92
1735178245, 109, 32, 39, 0, 0, 0.14%, 7, 0, 9, 85.51
1735178788, 113, 31, 39, 0, 0, 0.14%, 7, 0, 9, 67.86
1735178793, 114, 11, 39, 0, 0, 0.14%, 7, 0, 9, 65.82
1735178804, 114, 18, 39, 0, 0, 0.14%, 7, 0, 9, 73.17
1735178819, 114, 23, 39, 0, 0, 0.14%, 7, 0, 9, 64.47
1735178854, 119, 18, 39, 0, 0, 0.14%, 7, 0, 9, 71.06
1735178890, 122, 31, 39, 0, 0, 0.14%, 7, 0, 9, 69.45
1735178900, 123, 22, 39, 0, 0, 0.14%, 7, 0, 9, 63.03
1735178915, 128, 31, 39, 0, 0, 0.14%, 7, 0, 9, 83.32
1735178930, 130, 24, 39, 0, 0, 0.14%, 7, 0, 9, 72.84
1735178940, 133, 27, 39, 0, 0, 0.14%, 7, 0, 9, 67.00
1735178945, 135, 22, 39, 0, 0, 0.14%, 7, 0, 9, 65.39
1735178981, 141, 37, 39, 0, 0, 0.14%, 7, 0, 9, 67.96
1735178986, 142, 32, 39, 0, 0, 0.14%, 7, 0, 9, 76.68
1735178991, 144, 32, 39, 0, 0, 0.14%, 7, 0, 9, 73.75
1735179006, 145, 31, 39, 0, 0, 0.14%, 7, 0, 9, 83.20
1735179037, 147, 18, 39, 0, 0, 0.14%, 7, 0, 9, 56.39
1735179072, 149, 23, 39, 0, 0, 0.14%, 7, 0, 9, 65.73
1735179108, 150, 13, 39, 0, 0, 0.14%, 7, 0, 9, 84.43
1735179134, 152, 11, 39, 0, 0, 0.14%, 7, 0, 9, 69.84
1735179154, 152, 23, 39, 0, 0, 0.14%, 7, 0, 9, 65.25
1735179189, 154, 31, 39, 0, 0, 0.14%, 7, 0, 9, 78.79
1735179225, 156, 33, 39, 0, 0, 0.14%, 7, 0, 9, 81.74
1735179286, 157, 16, 39, 0, 0, 0.14%, 7, 0, 9, 67.05
1735179296, 157, 20, 39, 0, 0, 0.14%, 7, 0, 9, 68.23
1735179322, 159, 15, 39, 0, 0, 0.14%, 7, 0, 9, 61.10
1735179332, 159, 24, 39, 0, 0, 0.14%, 7, 0, 9, 63.71
1735179357, 160, 13, 39, 0, 0, 0.14%, 7, 0, 9, 67.48
1735179373, 160, 20, 39, 0, 0, 0.14%, 7, 0, 9, 67.55
1735179408, 160, 32, 39, 0, 0, 0.14%, 7, 0, 9, 86.47
1735179434, 170, 11, 39, 0, 0, 0.14%, 7, 0, 9, 58.73
1735179464, 171, 16, 39, 0, 0, 0.14%, 7, 0, 9, 66.77
1735179484, 172, 20, 39, 0, 0, 0.14%, 7, 0, 9, 74.73
1735179520, 173, 17, 39, 0, 0, 0.14%, 7, 0, 9, 65.35
1735179530, 174, 22, 39, 0, 0, 0.14%, 7, 0, 9, 62.54
1735179565, 175, 15, 39, 0, 0, 0.14%, 7, 0, 9, 65.37
1735179581, 176, 27, 39, 0, 0, 0.14%, 7, 0, 9, 66.11
1735179591, 176, 29, 39, 0, 0, 0.14%, 7, 0, 9, 61.69
1735179601, 177, 20, 39, 0, 0, 0.14%, 7, 0, 9, 72.74
