# unix_time, cycles_done, cur_path, paths_total, pending_total, pending_favs, map_size, unique_crashes, unique_hangs, max_depth, execs_per_sec
1735417677, 0, 0, 10, 10, 1, 0.01%, 0, 0, 1, 35.87
1735417682, 0, 2, 10, 10, 1, 0.01%, 0, 0, 1, 36.47
1735417697, 1, 0, 10, 2, 0, 0.01%, 0, 0, 1, 46.56
1735417702, 1, 1, 10, 1, 0, 0.01%, 0, 0, 1, 48.47
1735417708, 1, 2, 10, 0, 0, 0.01%, 0, 0, 1, 45.28
1735417718, 1, 3, 10, 0, 0, 0.01%, 0, 0, 1, 45.92
1735417723, 1, 4, 10, 0, 0, 0.01%, 0, 0, 1, 44.15
1735417728, 1, 5, 10, 0, 0, 0.01%, 0, 0, 1, 45.62
1735417733, 1, 6, 10, 0, 0, 0.01%, 0, 0, 1, 45.26
1735417738, 1, 7, 10, 0, 0, 0.01%, 0, 0, 1, 44.46
1735417743, 1, 8, 10, 0, 0, 0.01%, 0, 0, 1, 46.06
1735417748, 1, 9, 10, 0, 0, 0.01%, 0, 0, 1, 45.61
1735417753, 2, 0, 10, 0, 0, 0.01%, 0, 0, 1, 44.57
1735417758, 2, 1, 10, 0, 0, 0.01%, 0, 0, 1, 45.86
1735417768, 2, 2, 10, 0, 0, 0.01%, 0, 0, 1, 44.72
1735417773, 2, 3, 10, 0, 0, 0.01%, 0, 0, 1, 45.97
1735417778, 2, 4, 10, 0, 0, 0.01%, 0, 0, 1, 44.28
1735417783, 2, 5, 10, 0, 0, 0.01%, 0, 0, 1, 44.17
1735417788, 2, 6, 10, 0, 0, 0.01%, 0, 0, 1, 47.05
1735417793, 2, 7, 10, 0, 0, 0.01%, 0, 0, 1, 44.40
1735417799, 2, 8, 10, 0, 0, 0.01%, 0, 0, 1, 44.26
1735417804, 2, 9, 10, 0, 0, 0.01%, 0, 0, 1, 44.76
1735417814, 3, 0, 10, 0, 0, 0.01%, 0, 0, 1, 44.21
1735417819, 3, 1, 10, 0, 0, 0.01%, 0, 0, 1, 45.46
1735417824, 3, 2, 10, 0, 0, 0.01%, 0, 0, 1, 44.30
1735417829, 3, 3, 10, 0, 0, 0.01%, 0, 0, 1, 46.09
1735417834, 3, 4, 10, 0, 0, 0.01%, 0, 0, 1, 47.10
1735417839, 3, 5, 10, 0, 0, 0.01%, 0, 0, 1, 45.01
1735417844, 3, 6, 10, 0, 0, 0.01%, 0, 0, 1, 44.93
1735417849, 3, 7, 10, 0, 0, 0.01%, 0, 0, 1, 44.12
1735417855, 3, 8, 10, 0, 0, 0.01%, 0, 0, 1, 46.69
1735417865, 3, 9, 10, 0, 0, 0.01%, 0, 0, 1, 44.88
1735417870, 4, 0, 10, 0, 0, 0.01%, 0, 0, 1, 47.65
1735417875, 4, 1, 10, 0, 0, 0.01%, 0, 0, 1, 45.32
1735417880, 4, 2, 10, 0, 0, 0.01%, 0, 0, 1, 43.25
1735417885, 4, 3, 10, 0, 0, 0.01%, 0, 0, 1, 45.83
1735417890, 4, 4, 10, 0, 0, 0.01%, 0, 0, 1, 45.50
1735417895, 4, 5, 10, 0, 0, 0.01%, 0, 0, 1, 45.81
1735417900, 4, 6, 10, 0, 0, 0.01%, 0, 0, 1, 44.84
1735417905, 4, 7, 10, 0, 0, 0.01%, 0, 0, 1, 45.80
1735417915, 4, 8, 10, 0, 0, 0.01%, 0, 0, 1, 44.92
1735417920, 4, 9, 10, 0, 0, 0.01%, 0, 0, 1, 43.68
1735417925, 5, 0, 10, 0, 0, 0.01%, 0, 0, 1, 45.09
1735417931, 5, 1, 10, 0, 0, 0.01%, 0, 0, 1, 43.08
1735417936, 5, 2, 10, 0, 0, 0.01%, 0, 0, 1, 47.33
1735417941, 5, 3, 10, 0, 0, 0.01%, 0, 0, 1, 43.91
1735417946, 5, 4, 10, 0, 0, 0.01%, 0, 0, 1, 44.47
1735417951, 5, 5, 10, 0, 0, 0.01%, 0, 0, 1, 45.41
1735417961, 5, 6, 10, 0, 0, 0.01%, 0, 0, 1, 42.60
1735417966, 5, 7, 10, 0, 0, 0.01%, 0, 0, 1, 43.97
1735417971, 5, 8, 10, 0, 0, 0.01%, 0, 0, 1, 44.76
1735417976, 5, 9, 10, 0, 0, 0.01%, 0, 0, 1, 45.80
1735417981, 6, 0, 10, 0, 0, 0.01%, 0, 0, 1, 45.50
1735417986, 6, 1, 10, 0, 0, 0.01%, 0, 0, 1, 43.34
1735417991, 6, 2, 10, 0, 0, 0.01%, 0, 0, 1, 44.56
1735417997, 6, 3, 10, 0, 0, 0.01%, 0, 0, 1, 45.34
1735418007, 6, 4, 10, 0, 0, 0.01%, 0, 0, 1, 43.31
1735418012, 6, 5, 10, 0, 0, 0.01%, 0, 0, 1, 46.63
1735418017, 6, 6, 10, 0, 0, 0.01%, 0, 0, 1, 45.11
1735418022, 6, 7, 10, 0, 0, 0.01%, 0, 0, 1, 46.12
1735418027, 6, 8, 10, 0, 0, 0.01%, 0, 0, 1, 46.33
1735418032, 6, 9, 10, 0, 0, 0.01%, 0, 0, 1, 43.96
1735418037, 7, 0, 10, 0, 0, 0.01%, 0, 0, 1, 47.14
1735418042, 7, 1, 10, 0, 0, 0.01%, 0, 0, 1, 46.84
1735418047, 7, 2, 10, 0, 0, 0.01%, 0, 0, 1, 48.16
1735418057, 7, 3, 10, 0, 0, 0.01%, 0, 0, 1, 46.89
1735418062, 7, 4, 10, 0, 0, 0.01%, 0, 0, 1, 48.22
1735418067, 7, 5, 10, 0, 0, 0.01%, 0, 0, 1, 44.13
1735418073, 7, 6, 10, 0, 0, 0.01%, 0, 0, 1, 44.91
1735418078, 7, 7, 10, 0, 0, 0.01%, 0, 0, 1, 45.01
1735418083, 7, 8, 10, 0, 0, 0.01%, 0, 0, 1, 47.41
1735418088, 7, 9, 10, 0, 0, 0.01%, 0, 0, 1, 44.80
1735418093, 8, 0, 10, 0, 0, 0.01%, 0, 0, 1, 48.21
1735418098, 8, 1, 10, 0, 0, 0.01%, 0, 0, 1, 45.59
1735418108, 8, 2, 10, 0, 0, 0.01%, 0, 0, 1, 45.77
1735418113, 8, 3, 10, 0, 0, 0.01%, 0, 0, 1, 44.18
1735418118, 8, 4, 10, 0, 0, 0.01%, 0, 0, 1, 45.93
1735418123, 8, 5, 10, 0, 0, 0.01%, 0, 0, 1, 46.71
1735418128, 8, 6, 10, 0, 0, 0.01%, 0, 0, 1, 45.42
1735418134, 8, 7, 10, 0, 0, 0.01%, 0, 0, 1, 46.71
1735418139, 8, 8, 10, 0, 0, 0.01%, 0, 0, 1, 44.81
1735418144, 8, 9, 10, 0, 0, 0.01%, 0, 0, 1, 45.78
1735418149, 9, 0, 10, 0, 0, 0.01%, 0, 0, 1, 44.51
1735418159, 9, 1, 10, 0, 0, 0.01%, 0, 0, 1, 45.03
1735418164, 9, 2, 10, 0, 0, 0.01%, 0, 0, 1, 45.09
1735418169, 9, 3, 10, 0, 0, 0.01%, 0, 0, 1, 45.74
1735418174, 9, 4, 10, 0, 0, 0.01%, 0, 0, 1, 44.14
1735418179, 9, 5, 10, 0, 0, 0.01%, 0, 0, 1, 44.20
1735418184, 9, 6, 10, 0, 0, 0.01%, 0, 0, 1, 48.14
1735418189, 9, 7, 10, 0, 0, 0.01%, 0, 0, 1, 44.38
1735418194, 9, 8, 10, 0, 0, 0.01%, 0, 0, 1, 45.69
1735418199, 9, 9, 10, 0, 0, 0.01%, 0, 0, 1, 43.25
1735418209, 10, 0, 10, 0, 0, 0.01%, 0, 0, 1, 48.20
1735418214, 10, 1, 10, 0, 0, 0.01%, 0, 0, 1, 45.35
1735418220, 10, 2, 10, 0, 0, 0.01%, 0, 0, 1, 45.09
1735418225, 10, 3, 10, 0, 0, 0.01%, 0, 0, 1, 42.39
1735418230, 10, 4, 10, 0, 0, 0.01%, 0, 0, 1, 44.96
1735418235, 10, 5, 10, 0, 0, 0.01%, 0, 0, 1, 47.50
1735418240, 10, 6, 10, 0, 0, 0.01%, 0, 0, 1, 44.01
1735418245, 10, 7, 10, 0, 0, 0.01%, 0, 0, 1, 43.91
1735418255, 10, 8, 10, 0, 0, 0.01%, 0, 0, 1, 44.40
1735418260, 10, 9, 10, 0, 0, 0.01%, 0, 0, 1, 45.47
1735418265, 11, 0, 10, 0, 0, 0.01%, 0, 0, 1, 45.22
1735418271, 11, 1, 10, 0, 0, 0.01%, 0, 0, 1, 44.37
1735418276, 11, 2, 10, 0, 0, 0.01%, 0, 0, 1, 46.40
1735418281, 11, 3, 10, 0, 0, 0.01%, 0, 0, 1, 46.76
1735418286, 11, 4, 10, 0, 0, 0.01%, 0, 0, 1, 47.82
1735418291, 11, 5, 10, 0, 0, 0.01%, 0, 0, 1, 45.78
1735418296, 11, 6, 10, 0, 0, 0.01%, 0, 0, 1, 47.66
1735418301, 11, 7, 10, 0, 0, 0.01%, 0, 0, 1, 48.08
1735418306, 11, 8, 10, 0, 0, 0.01%, 0, 0, 1, 49.05
1735418311, 11, 9, 10, 0, 0, 0.01%, 0, 0, 1, 46.56
1735418321, 12, 0, 10, 0, 0, 0.01%, 0, 0, 1, 46.36
1735418326, 12, 1, 10, 0, 0, 0.01%, 0, 0, 1, 48.49
1735418331, 12, 2, 10, 0, 0, 0.01%, 0, 0, 1, 47.43
1735418336, 12, 3, 10, 0, 0, 0.01%, 0, 0, 1, 49.13
1735418341, 12, 4, 10, 0, 0, 0.01%, 0, 0, 1, 48.64
1735418346, 12, 5, 10, 0, 0, 0.01%, 0, 0, 1, 48.92
1735418352, 12, 6, 10, 0, 0, 0.01%, 0, 0, 1, 45.86
1735418357, 12, 7, 10, 0, 0, 0.01%, 0, 0, 1, 47.19
1735418362, 12, 8, 10, 0, 0, 0.01%, 0, 0, 1, 46.77
1735418367, 12, 9, 10, 0, 0, 0.01%, 0, 0, 1, 46.53
1735418372, 13, 0, 10, 0, 0, 0.01%, 0, 0, 1, 45.79
1735418377, 13, 1, 10, 0, 0, 0.01%, 0, 0, 1, 48.72
1735418382, 13, 2, 10, 0, 0, 0.01%, 0, 0, 1, 45.42
1735418387, 13, 3, 10, 0, 0, 0.01%, 0, 0, 1, 47.12
1735418392, 13, 4, 10, 0, 0, 0.01%, 0, 0, 1, 47.49
1735418402, 13, 5, 10, 0, 0, 0.01%, 0, 0, 1, 45.22
1735418407, 13, 6, 10, 0, 0, 0.01%, 0, 0, 1, 45.31
1735418412, 13, 7, 10, 0, 0, 0.01%, 0, 0, 1, 46.59
1735418417, 13, 8, 10, 0, 0, 0.01%, 0, 0, 1, 45.33
1735418422, 13, 9, 10, 0, 0, 0.01%, 0, 0, 1, 48.11
1735418427, 14, 0, 10, 0, 0, 0.01%, 0, 0, 1, 47.54
1735418432, 14, 1, 10, 0, 0, 0.01%, 0, 0, 1, 49.50
1735418437, 14, 2, 10, 0, 0, 0.01%, 0, 0, 1, 46.57
1735418442, 14, 3, 10, 0, 0, 0.01%, 0, 0, 1, 45.67
1735418447, 14, 4, 10, 0, 0, 0.01%, 0, 0, 1, 47.52
1735418452, 14, 5, 10, 0, 0, 0.01%, 0, 0, 1, 47.10
1735418458, 14, 6, 10, 0, 0, 0.01%, 0, 0, 1, 49.52
1735418463, 14, 7, 10, 0, 0, 0.01%, 0, 0, 1, 49.65
1735418468, 14, 8, 10, 0, 0, 0.01%, 0, 0, 1, 46.24
1735418478, 14, 9, 10, 0, 0, 0.01%, 0, 0, 1, 47.34
1735418483, 15, 0, 10, 0, 0, 0.01%, 0, 0, 1, 47.36
1735418488, 15, 1, 10, 0, 0, 0.01%, 0, 0, 1, 45.44
1735418493, 15, 2, 10, 0, 0, 0.01%, 0, 0, 1, 47.06
1735418498, 15, 3, 10, 0, 0, 0.01%, 0, 0, 1, 42.16
1735418519, 15, 4, 10, 0, 0, 0.01%, 0, 0, 1, 42.60
1735418539, 15, 5, 10, 0, 0, 0.01%, 0, 0, 1, 43.05
1735418560, 15, 6, 10, 0, 0, 0.01%, 0, 0, 1, 43.71
1735418580, 15, 7, 10, 0, 0, 0.01%, 0, 0, 1, 44.06
1735418601, 15, 8, 10, 0, 0, 0.01%, 0, 0, 1, 43.88
1735418621, 15, 9, 10, 0, 0, 0.01%, 0, 0, 1, 43.29
1735418641, 16, 0, 10, 0, 0, 0.01%, 0, 0, 1, 42.24
1735418662, 16, 1, 10, 0, 0, 0.01%, 0, 0, 1, 47.69
1735418667, 16, 2, 10, 0, 0, 0.01%, 0, 0, 1, 49.61
1735418672, 16, 3, 10, 0, 0, 0.01%, 0, 0, 1, 49.19
1735418677, 16, 4, 10, 0, 0, 0.01%, 0, 0, 1, 46.09
1735418682, 16, 5, 10, 0, 0, 0.01%, 0, 0, 1, 47.87
1735418687, 16, 6, 10, 0, 0, 0.01%, 0, 0, 1, 45.61
1735418692, 16, 7, 10, 0, 0, 0.01%, 0, 0, 1, 49.26
1735418702, 16, 8, 10, 0, 0, 0.01%, 0, 0, 1, 46.16
1735418707, 16, 9, 10, 0, 0, 0.01%, 0, 0, 1, 47.42
1735418712, 17, 0, 10, 0, 0, 0.01%, 0, 0, 1, 47.91
1735418717, 17, 1, 10, 0, 0, 0.01%, 0, 0, 1, 48.80
1735418722, 17, 2, 10, 0, 0, 0.01%, 0, 0, 1, 46.62
1735418728, 17, 3, 10, 0, 0, 0.01%, 0, 0, 1, 48.95
1735418733, 17, 4, 10, 0, 0, 0.01%, 0, 0, 1, 45.55
1735418738, 17, 5, 10, 0, 0, 0.01%, 0, 0, 1, 47.13
1735418743, 17, 6, 10, 0, 0, 0.01%, 0, 0, 1, 45.83
1735418748, 17, 7, 10, 0, 0, 0.01%, 0, 0, 1, 48.53
1735418753, 17, 8, 10, 0, 0, 0.01%, 0, 0, 1, 47.59
1735418758, 17, 9, 10, 0, 0, 0.01%, 0, 0, 1, 50.01
1735418763, 18, 0, 10, 0, 0, 0.01%, 0, 0, 1, 48.32
1735418768, 18, 1, 10, 0, 0, 0.01%, 0, 0, 1, 48.55
1735418773, 18, 2, 10, 0, 0, 0.01%, 0, 0, 1, 47.97
1735418778, 18, 3, 10, 0, 0, 0.01%, 0, 0, 1, 49.19
1735418783, 18, 4, 10, 0, 0, 0.01%, 0, 0, 1, 50.42
1735418793, 18, 5, 10, 0, 0, 0.01%, 0, 0, 1, 48.76
1735418798, 18, 6, 10, 0, 0, 0.01%, 0, 0, 1, 46.97
1735418803, 18, 7, 10, 0, 0, 0.01%, 0, 0, 1, 46.59
1735418808, 18, 8, 10, 0, 0, 0.01%, 0, 0, 1, 46.60
1735418814, 18, 9, 10, 0, 0, 0.01%, 0, 0, 1, 50.36
1735418819, 19, 0, 10, 0, 0, 0.01%, 0, 0, 1, 49.92
1735418824, 19, 1, 10, 0, 0, 0.01%, 0, 0, 1, 49.23
1735418829, 19, 2, 10, 0, 0, 0.01%, 0, 0, 1, 47.52
1735418834, 19, 3, 10, 0, 0, 0.01%, 0, 0, 1, 47.62
1735418839, 19, 4, 10, 0, 0, 0.01%, 0, 0, 1, 47.10
1735418844, 19, 5, 10, 0, 0, 0.01%, 0, 0, 1, 49.83
1735418849, 19, 6, 10, 0, 0, 0.01%, 0, 0, 1, 47.21
1735418854, 19, 7, 10, 0, 0, 0.01%, 0, 0, 1, 48.92
1735418859, 19, 8, 10, 0, 0, 0.01%, 0, 0, 1, 47.75
1735418864, 19, 9, 10, 0, 0, 0.01%, 0, 0, 1, 47.87
1735418869, 20, 0, 10, 0, 0, 0.01%, 0, 0, 1, 46.20
1735418875, 20, 1, 10, 0, 0, 0.01%, 0, 0, 1, 47.53
1735418885, 20, 2, 10, 0, 0, 0.01%, 0, 0, 1, 45.19
1735418890, 20, 3, 10, 0, 0, 0.01%, 0, 0, 1, 48.99
1735418895, 20, 4, 10, 0, 0, 0.01%, 0, 0, 1, 47.02
1735418900, 20, 5, 10, 0, 0, 0.01%, 0, 0, 1, 47.66
1735418905, 20, 6, 10, 0, 0, 0.01%, 0, 0, 1, 49.19
1735418910, 20, 7, 10, 0, 0, 0.01%, 0, 0, 1, 49.99
1735418915, 20, 8, 10, 0, 0, 0.01%, 0, 0, 1, 47.41
1735418920, 20, 9, 10, 0, 0, 0.01%, 0, 0, 1, 50.02
1735418925, 21, 0, 10, 0, 0, 0.01%, 0, 0, 1, 47.89
1735418930, 21, 1, 10, 0, 0, 0.01%, 0, 0, 1, 47.04
1735418936, 21, 2, 10, 0, 0, 0.01%, 0, 0, 1, 45.64
1735418941, 21, 3, 10, 0, 0, 0.01%, 0, 0, 1, 46.62
1735418946, 21, 4, 10, 0, 0, 0.01%, 0, 0, 1, 44.96
1735418951, 21, 5, 10, 0, 0, 0.01%, 0, 0, 1, 46.60
1735418956, 21, 6, 10, 0, 0, 0.01%, 0, 0, 1, 50.71
1735418961, 21, 7, 10, 0, 0, 0.01%, 0, 0, 1, 47.51
1735418971, 21, 8, 10, 0, 0, 0.01%, 0, 0, 1, 46.42
1735418976, 21, 9, 10, 0, 0, 0.01%, 0, 0, 1, 46.55
1735418981, 22, 0, 10, 0, 0, 0.01%, 0, 0, 1, 47.81
1735418987, 22, 1, 10, 0, 0, 0.01%, 0, 0, 1, 48.26
1735418992, 22, 2, 10, 0, 0, 0.01%, 0, 0, 1, 49.10
1735418997, 22, 3, 10, 0, 0, 0.01%, 0, 0, 1, 48.55
1735419002, 22, 4, 10, 0, 0, 0.01%, 0, 0, 1, 47.01
1735419007, 22, 5, 10, 0, 0, 0.01%, 0, 0, 1, 48.85
1735419012, 22, 6, 10, 0, 0, 0.01%, 0, 0, 1, 47.72
1735419017, 22, 7, 10, 0, 0, 0.01%, 0, 0, 1, 47.60
1735419022, 22, 8, 10, 0, 0, 0.01%, 0, 0, 1, 47.20
1735419027, 22, 9, 10, 0, 0, 0.01%, 0, 0, 1, 48.73
1735419032, 23, 0, 10, 0, 0, 0.01%, 0, 0, 1, 48.58
1735419037, 23, 1, 10, 0, 0, 0.01%, 0, 0, 1, 44.91
1735419042, 23, 2, 10, 0, 0, 0.01%, 0, 0, 1, 47.79
1735419047, 23, 3, 10, 0, 0, 0.01%, 0, 0, 1, 47.39
1735419053, 23, 4, 10, 0, 0, 0.01%, 0, 0, 1, 47.17
1735419063, 23, 5, 10, 0, 0, 0.01%, 0, 0, 1, 45.52
1735419068, 23, 6, 10, 0, 0, 0.01%, 0, 0, 1, 45.18
1735419073, 23, 7, 10, 0, 0, 0.01%, 0, 0, 1, 49.55
1735419078, 23, 8, 10, 0, 0, 0.01%, 0, 0, 1, 48.08
1735419083, 23, 9, 10, 0, 0, 0.01%, 0, 0, 1, 48.43
1735419088, 24, 0, 10, 0, 0, 0.01%, 0, 0, 1, 48.13
1735419093, 24, 1, 10, 0, 0, 0.01%, 0, 0, 1, 46.80
1735419098, 24, 2, 10, 0, 0, 0.01%, 0, 0, 1, 45.78
1735419103, 24, 3, 10, 0, 0, 0.01%, 0, 0, 1, 49.04
1735419108, 24, 4, 10, 0, 0, 0.01%, 0, 0, 1, 46.35
1735419114, 24, 5, 10, 0, 0, 0.01%, 0, 0, 1, 48.01
1735419119, 24, 6, 10, 0, 0, 0.01%, 0, 0, 1, 44.86
1735419124, 24, 7, 10, 0, 0, 0.01%, 0, 0, 1, 49.76
1735419129, 24, 8, 10, 0, 0, 0.01%, 0, 0, 1, 47.81
1735419134, 24, 9, 10, 0, 0, 0.01%, 0, 0, 1, 49.97
1735419144, 25, 0, 10, 0, 0, 0.01%, 0, 0, 1, 46.83
1735419149, 25, 1, 10, 0, 0, 0.01%, 0, 0, 1, 46.16
1735419154, 25, 2, 10, 0, 0, 0.01%, 0, 0, 1, 49.54
1735419159, 25, 3, 10, 0, 0, 0.01%, 0, 0, 1, 48.03
1735419164, 25, 4, 10, 0, 0, 0.01%, 0, 0, 1, 48.21
1735419169, 25, 5, 10, 0, 0, 0.01%, 0, 0, 1, 46.01
1735419174, 25, 6, 10, 0, 0, 0.01%, 0, 0, 1, 47.85
1735419179, 25, 7, 10, 0, 0, 0.01%, 0, 0, 1, 50.30
1735419185, 25, 8, 10, 0, 0, 0.01%, 0, 0, 1, 45.81
1735419190, 25, 9, 10, 0, 0, 0.01%, 0, 0, 1, 45.92
1735419195, 26, 0, 10, 0, 0, 0.01%, 0, 0, 1, 48.36
1735419200, 26, 1, 10, 0, 0, 0.01%, 0, 0, 1, 47.72
1735419205, 26, 2, 10, 0, 0, 0.01%, 0, 0, 1, 48.37
1735419210, 26, 3, 10, 0, 0, 0.01%, 0, 0, 1, 46.84
1735419215, 26, 4, 10, 0, 0, 0.01%, 0, 0, 1, 48.61
1735419220, 26, 5, 10, 0, 0, 0.01%, 0, 0, 1, 44.86
1735419225, 26, 6, 10, 0, 0, 0.01%, 0, 0, 1, 49.56
1735419235, 26, 7, 10, 0, 0, 0.01%, 0, 0, 1, 48.29
1735419240, 26, 8, 10, 0, 0, 0.01%, 0, 0, 1, 44.96
1735419245, 26, 9, 10, 0, 0, 0.01%, 0, 0, 1, 47.48
1735419250, 27, 0, 10, 0, 0, 0.01%, 0, 0, 1, 48.44
1735419255, 27, 1, 10, 0, 0, 0.01%, 0, 0, 1, 47.90
1735419260, 27, 2, 10, 0, 0, 0.01%, 0, 0, 1, 46.07
1735419266, 27, 3, 10, 0, 0, 0.01%, 0, 0, 1, 45.86
1735419271, 27, 4, 10, 0, 0, 0.01%, 0, 0, 1, 49.98
1735419276, 27, 5, 10, 0, 0, 0.01%, 0, 0, 1, 47.38
1735419281, 27, 6, 10, 0, 0, 0.01%, 0, 0, 1, 46.08
1735419286, 27, 7, 10, 0, 0, 0.01%, 0, 0, 1, 47.25
1735419291, 27, 8, 10, 0, 0, 0.01%, 0, 0, 1, 48.98
1735419296, 27, 9, 10, 0, 0, 0.01%, 0, 0, 1, 47.66
1735419301, 28, 0, 10, 0, 0, 0.01%, 0, 0, 1, 46.47
1735419311, 28, 1, 11, 1, 0, 0.14%, 1, 0, 2, 46.87
1735419316, 28, 10, 13, 3, 1, 0.14%, 3, 0, 3, 64.60
1735419357, 28, 10, 14, 4, 1, 0.14%, 4, 0, 3, 54.43
1735419382, 28, 10, 15, 5, 1, 0.14%, 5, 0, 3, 53.44
1735419438, 28, 12, 15, 3, 3, 0.14%, 5, 0, 3, 74.61
1735419489, 28, 13, 15, 2, 2, 0.14%, 5, 0, 3, 56.03
1735419545, 30, 12, 15, 0, 0, 0.14%, 5, 0, 3, 51.99
1735419565, 30, 13, 15, 0, 0, 0.14%, 5, 0, 3, 51.92
1735419585, 30, 14, 15, 0, 0, 0.14%, 5, 0, 3, 57.00
1735419641, 31, 11, 15, 0, 0, 0.14%, 5, 0, 3, 59.99
1735419692, 31, 12, 15, 0, 0, 0.14%, 5, 0, 3, 50.77
1735419712, 31, 13, 15, 0, 0, 0.14%, 5, 0, 3, 50.70
1735419732, 32, 11, 15, 0, 0, 0.14%, 5, 0, 3, 52.91
1735419757, 32, 12, 15, 0, 0, 0.14%, 5, 0, 3, 50.61
1735419803, 32, 13, 15, 0, 0, 0.14%, 5, 0, 3, 51.22
1735419838, 32, 14, 15, 0, 0, 0.14%, 5, 0, 3, 54.33
1735419859, 33, 11, 15, 0, 0, 0.14%, 5, 0, 3, 53.34
1735419904, 33, 12, 15, 0, 0, 0.14%, 5, 0, 3, 50.44
1735419920, 33, 12, 16, 1, 0, 0.14%, 5, 0, 4, 51.21
1735419950, 33, 15, 16, 1, 1, 0.14%, 5, 0, 4, 50.48
1735419986, 33, 15, 17, 2, 1, 0.14%, 5, 0, 5, 59.01
1735420113, 34, 11, 17, 0, 0, 0.14%, 5, 0, 5, 49.86
1735420153, 34, 12, 17, 0, 0, 0.14%, 5, 0, 5, 55.55
1735420194, 34, 17, 18, 1, 1, 0.14%, 5, 0, 5, 56.02
1735420210, 34, 17, 19, 2, 1, 0.14%, 5, 0, 5, 55.55
1735420301, 35, 12, 19, 0, 0, 0.14%, 5, 0, 5, 51.97
1735420341, 35, 13, 19, 0, 0, 0.14%, 5, 0, 5, 49.67
1735420382, 36, 12, 19, 0, 0, 0.14%, 5, 0, 5, 49.38
1735420428, 36, 13, 19, 0, 0, 0.14%, 5, 0, 5, 51.40
1735420468, 37, 12, 19, 0, 0, 0.14%, 5, 0, 5, 46.76
1735420514, 37, 13, 20, 1, 0, 0.14%, 5, 0, 5, 49.41
1735420570, 37, 19, 20, 1, 1, 0.14%, 5, 0, 5, 87.58
1735420575, 37, 19, 21, 2, 1, 0.14%, 5, 0, 5, 101.75
1735420580, 37, 19, 25, 6, 1, 0.14%, 5, 0, 5, 100.96
1735420636, 37, 19, 26, 7, 1, 0.14%, 5, 0, 5, 63.97
1735420646, 37, 19, 27, 8, 1, 0.14%, 5, 0, 5, 63.87
1735420723, 38, 14, 27, 5, 0, 0.14%, 5, 0, 5, 54.21
1735420738, 38, 26, 27, 3, 0, 0.14%, 5, 0, 5, 87.00
1735420911, 38, 26, 29, 5, 0, 0.14%, 5, 0, 6, 56.71
1735420942, 38, 26, 30, 6, 0, 0.14%, 5, 0, 6, 73.36
1735420947, 38, 26, 31, 7, 0, 0.14%, 5, 0, 6, 70.02
1735420987, 38, 26, 32, 8, 0, 0.14%, 5, 0, 6, 63.39
1735420992, 38, 27, 32, 8, 1, 0.14%, 5, 0, 6, 72.89
1735421079, 38, 27, 33, 9, 1, 0.14%, 5, 0, 7, 72.85
1735421089, 38, 27, 34, 10, 1, 0.14%, 5, 0, 7, 74.90
1735421124, 38, 27, 35, 11, 1, 0.14%, 5, 0, 7, 70.70
1735421155, 38, 33, 35, 10, 1, 0.14%, 5, 0, 7, 76.72
1735421272, 39, 34, 35, 8, 0, 0.14%, 5, 0, 7, 106.55
1735421338, 39, 34, 36, 9, 0, 0.14%, 5, 0, 8, 64.33
1735421348, 39, 34, 37, 10, 0, 0.14%, 5, 0, 8, 76.86
1735421425, 39, 36, 37, 9, 1, 0.14%, 5, 0, 8, 108.94
1735421649, 42, 32, 37, 5, 0, 0.14%, 5, 0, 8, 74.78
1735421725, 43, 31, 37, 3, 0, 0.14%, 5, 0, 8, 54.12
1735421944, 43, 31, 38, 4, 0, 0.14%, 5, 0, 8, 79.27
1735421995, 43, 31, 39, 5, 0, 0.14%, 6, 0, 8, 75.17
1735422020, 44, 38, 39, 3, 0, 0.14%, 6, 0, 8, 219.16
1735422371, 47, 37, 39, 2, 0, 0.14%, 6, 0, 8, 82.22
1735422590, 49, 29, 39, 2, 0, 0.14%, 6, 0, 8, 53.94
1735422971, 49, 32, 39, 1, 0, 0.14%, 6, 0, 8, 56.49
1735423002, 50, 16, 39, 1, 0, 0.14%, 6, 0, 8, 84.60
1735423058, 50, 25, 39, 1, 0, 0.14%, 6, 0, 8, 94.16
1735423159, 50, 25, 40, 2, 0, 0.14%, 6, 0, 8, 64.27
1735423215, 50, 39, 40, 2, 1, 0.14%, 6, 0, 8, 95.40
1735423465, 54, 32, 40, 0, 0, 0.14%, 6, 0, 8, 63.30
1735423500, 60, 39, 40, 0, 0, 0.14%, 6, 0, 8, 68.09
1735423521, 61, 39, 40, 0, 0, 0.14%, 6, 0, 8, 75.92
1735423551, 62, 30, 40, 0, 0, 0.14%, 6, 0, 8, 69.37
1735423740, 62, 39, 40, 0, 0, 0.14%, 6, 0, 8, 67.55
1735423775, 63, 30, 40, 0, 0, 0.14%, 6, 0, 8, 60.20
1735423780, 63, 39, 40, 0, 0, 0.14%, 6, 0, 8, 67.40
1735423816, 64, 30, 40, 0, 0, 0.14%, 6, 0, 8, 72.25
1735423826, 64, 39, 40, 0, 0, 0.14%, 6, 0, 8, 60.00
1735423862, 65, 11, 40, 0, 0, 0.14%, 6, 0, 8, 62.39
1735423867, 65, 30, 40, 0, 0, 0.14%, 6, 0, 8, 67.91
1735423892, 65, 39, 40, 0, 0, 0.14%, 6, 0, 8, 70.03
1735423903, 65, 39, 41, 1, 0, 0.14%, 7, 0, 8, 76.37
1735423938, 65, 40, 41, 1, 1, 0.14%, 7, 0, 8, 65.66
1735424240, 66, 11, 41, 0, 0, 0.14%, 7, 0, 8, 61.26
1735424245, 66, 30, 41, 0, 0, 0.14%, 7, 0, 8, 70.10
1735424276, 67, 30, 41, 0, 0, 0.14%, 7, 0, 8, 67.05
1735424306, 68, 13, 41, 0, 0, 0.14%, 7, 0, 8, 59.28
1735424311, 69, 14, 41, 0, 0, 0.14%, 7, 0, 8, 61.31
1735424326, 71, 28, 41, 0, 0, 0.14%, 7, 0, 8, 68.13
1735424555, 76, 12, 41, 0, 0, 0.14%, 7, 0, 8, 57.09
1735424591, 76, 40, 41, 0, 0, 0.14%, 7, 0, 8, 71.15
1735424606, 77, 40, 41, 0, 0, 0.14%, 7, 0, 8, 66.36
1735424641, 78, 40, 41, 0, 0, 0.14%, 7, 0, 8, 74.19
1735424677, 79, 18, 41, 0, 0, 0.14%, 7, 0, 8, 77.34
1735424733, 79, 40, 41, 0, 0, 0.14%, 7, 0, 8, 73.95
1735424768, 80, 29, 41, 0, 0, 0.14%, 7, 0, 8, 65.69
1735424783, 80, 40, 41, 0, 0, 0.14%, 7, 0, 8, 70.40
1735424819, 81, 13, 41, 0, 0, 0.14%, 7, 0, 8, 69.04
1735424824, 82, 12, 41, 0, 0, 0.14%, 7, 0, 8, 60.95
1735424859, 85, 12, 41, 0, 0, 0.14%, 7, 0, 8, 64.79
1735424895, 87, 14, 41, 0, 0, 0.14%, 7, 0, 8, 61.49
1735424905, 88, 11, 41, 0, 0, 0.14%, 7, 0, 8, 58.82
1735424915, 89, 11, 41, 0, 0, 0.14%, 7, 0, 8, 59.06
1735424930, 97, 11, 41, 0, 0, 0.14%, 7, 0, 8, 56.97
1735424966, 97, 28, 41, 0, 0, 0.14%, 7, 0, 8, 67.26
1735424981, 98, 37, 41, 0, 0, 0.14%, 7, 0, 8, 75.60
1735424996, 104, 11, 41, 0, 0, 0.14%, 7, 0, 8, 57.28
1735425032, 104, 28, 41, 0, 0, 0.14%, 7, 0, 8, 72.33
1735425052, 107, 11, 41, 0, 0, 0.14%, 7, 0, 8, 62.34
1735425088, 108, 37, 41, 0, 0, 0.14%, 7, 0, 8, 70.48
1735425108, 110, 11, 41, 0, 0, 0.14%, 7, 0, 8, 61.62
1735425144, 114, 12, 41, 0, 0, 0.14%, 7, 0, 8, 61.54
1735425184, 114, 29, 41, 0, 0, 0.14%, 7, 0, 8, 67.61
1735425214, 115, 14, 41, 0, 0, 0.14%, 7, 0, 8, 64.05
1735425230, 116, 37, 41, 0, 0, 0.14%, 7, 0, 8, 68.10
1735425260, 118, 32, 41, 0, 0, 0.14%, 7, 0, 8, 64.02
1735425296, 121, 11, 41, 0, 0, 0.14%, 7, 0, 8, 60.26
1735425326, 124, 12, 41, 0, 0, 0.14%, 7, 0, 8, 64.00
1735425367, 124, 14, 41, 0, 0, 0.14%, 7, 0, 8, 60.20
1735425397, 126, 14, 41, 0, 0, 0.14%, 7, 0, 8, 61.63
1735425438, 126, 16, 41, 0, 0, 0.14%, 7, 0, 8, 62.30
1735425453, 128, 28, 41, 0, 0, 0.14%, 7, 0, 8, 68.51
1735425488, 129, 28, 41, 0, 0, 0.14%, 7, 0, 8, 68.79
1735425524, 131, 32, 41, 0, 0, 0.14%, 7, 0, 8, 66.01
1735425560, 133, 28, 41, 0, 0, 0.14%, 7, 0, 8, 66.05
1735425595, 134, 12, 41, 0, 0, 0.14%, 7, 0, 8, 56.78
1735425631, 135, 32, 41, 0, 0, 0.14%, 7, 0, 8, 66.14
1735425667, 137, 14, 41, 0, 0, 0.14%, 7, 0, 8, 56.80
1735425702, 140, 25, 41, 0, 0, 0.14%, 7, 0, 8, 74.06
1735425728, 141, 16, 41, 0, 0, 0.14%, 7, 0, 8, 71.11
1735425748, 144, 29, 41, 0, 0, 0.14%, 7, 0, 8, 70.84
1735425783, 145, 25, 41, 0, 0, 0.14%, 7, 0, 8, 62.82
1735425809, 145, 29, 41, 0, 0, 0.14%, 7, 0, 8, 67.10
1735425844, 146, 28, 41, 0, 0, 0.14%, 7, 0, 8, 71.47
1735425880, 149, 28, 41, 0, 0, 0.14%, 7, 0, 8, 71.12
1735425906, 150, 28, 41, 0, 0, 0.14%, 7, 0, 8, 68.85
1735425941, 152, 16, 41, 0, 0, 0.14%, 7, 0, 8, 58.67
1735425961, 152, 25, 41, 0, 0, 0.14%, 7, 0, 8, 61.46
1735425987, 154, 14, 41, 0, 0, 0.14%, 7, 0, 8, 60.16
1735426027, 154, 32, 41, 0, 0, 0.14%, 7, 0, 8, 62.38
1735426063, 155, 18, 41, 0, 0, 0.14%, 7, 0, 8, 62.48
1735426073, 158, 25, 41, 0, 0, 0.14%, 7, 0, 8, 64.56
1735426109, 160, 18, 41, 0, 0, 0.14%, 7, 0, 8, 61.84
1735426124, 161, 32, 41, 0, 0, 0.14%, 7, 0, 8, 63.51
1735426160, 168, 21, 41, 0, 0, 0.14%, 7, 0, 8, 77.31
1735426195, 171, 34, 41, 0, 0, 0.14%, 7, 0, 8, 63.65
1735426210, 172, 18, 41, 0, 0, 0.14%, 7, 0, 8, 64.71
1735426241, 172, 21, 41, 0, 0, 0.14%, 7, 0, 8, 57.14
1735426251, 175, 13, 41, 0, 0, 0.14%, 7, 0, 8, 57.07
1735426256, 175, 37, 41, 0, 0, 0.14%, 7, 0, 8, 67.08
1735426287, 179, 13, 41, 0, 0, 0.14%, 7, 0, 8, 62.06
1735426302, 179, 34, 41, 0, 0, 0.14%, 7, 0, 8, 62.70
1735426332, 180, 34, 41, 0, 0, 0.14%, 7, 0, 8, 71.86
1735426368, 181, 18, 41, 0, 0, 0.14%, 7, 0, 8, 59.85
1735426403, 182, 14, 41, 0, 0, 0.14%, 7, 0, 8, 67.33
1735426439, 186, 21, 41, 0, 0, 0.14%, 7, 0, 8, 60.04
1735426459, 187, 38, 41, 0, 0, 0.14%, 7, 0, 8, 69.02
1735426464, 188, 13, 41, 0, 0, 0.14%, 7, 0, 8, 64.70
1735426499, 188, 27, 41, 0, 0, 0.14%, 7, 0, 8, 65.19
1735426525, 188, 32, 41, 0, 0, 0.14%, 7, 0, 8, 64.34
1735426560, 190, 36, 41, 0, 0, 0.14%, 7, 0, 8, 73.58
1735426585, 191, 18, 41, 0, 0, 0.14%, 7, 0, 8, 55.89
1735426626, 191, 25, 41, 0, 0, 0.14%, 7, 0, 8, 67.01
1735426661, 193, 32, 41, 0, 0, 0.14%, 7, 0, 8, 61.61
1735426697, 197, 38, 41, 0, 0, 0.14%, 7, 0, 8, 69.57
1735426722, 199, 16, 41, 0, 0, 0.14%, 7, 0, 8, 63.05
1735426763, 199, 22, 41, 0, 0, 0.14%, 7, 0, 8, 61.55
1735426809, 200, 18, 41, 0, 0, 0.14%, 7, 0, 8, 59.94
1735426844, 200, 38, 41, 0, 0, 0.14%, 7, 0, 8, 68.96
1735426864, 201, 22, 41, 0, 0, 0.14%, 7, 0, 8, 67.79
1735426869, 201, 25, 41, 0, 0, 0.14%, 7, 0, 8, 61.08
1735426910, 201, 32, 41, 0, 0, 0.14%, 7, 0, 8, 63.23
1735426945, 202, 26, 41, 0, 0, 0.14%, 7, 0, 8, 63.03
1735426950, 203, 34, 41, 0, 0, 0.14%, 7, 0, 8, 66.20
1735426986, 204, 17, 41, 0, 0, 0.14%, 7, 0, 8, 56.85
1735426991, 204, 18, 41, 0, 0, 0.14%, 7, 0, 8, 61.50
1735427026, 207, 37, 41, 0, 0, 0.14%, 7, 0, 8, 65.28
1735427062, 209, 22, 41, 0, 0, 0.14%, 7, 0, 8, 62.01
1735427072, 213, 17, 41, 0, 0, 0.14%, 7, 0, 8, 61.64
1735427087, 213, 38, 41, 0, 0, 0.14%, 7, 0, 8, 67.96
1735427117, 216, 23, 41, 0, 0, 0.14%, 7, 0, 8, 71.22
1735427168, 217, 36, 41, 0, 0, 0.14%, 7, 0, 8, 72.46
1735427204, 218, 29, 41, 0, 0, 0.14%, 7, 0, 8, 62.79
1735427234, 219, 27, 41, 0, 0, 0.14%, 7, 0, 8, 69.93
1735427260, 219, 36, 41, 0, 0, 0.14%, 7, 0, 8, 77.93
1735427295, 220, 27, 41, 0, 0, 0.14%, 7, 0, 8, 75.03
1735427325, 221, 13, 41, 0, 0, 0.14%, 7, 0, 8, 58.23
1735427356, 221, 16, 41, 0, 0, 0.14%, 7, 0, 8, 60.98
1735427392, 221, 20, 41, 0, 0, 0.14%, 7, 0, 8, 76.83
1735427432, 224, 20, 41, 0, 0, 0.14%, 7, 0, 8, 55.62
1735427438, 225, 17, 41, 0, 0, 0.14%, 7, 0, 8, 57.39
1735427468, 225, 27, 41, 0, 0, 0.14%, 7, 0, 8, 68.21
1735427503, 226, 16, 41, 0, 0, 0.14%, 7, 0, 8, 58.43
1735427544, 227, 38, 41, 0, 0, 0.14%, 7, 0, 8, 72.09
1735427570, 228, 25, 41, 0, 0, 0.14%, 7, 0, 8, 65.05
1735427605, 229, 14, 41, 0, 0, 0.14%, 7, 0, 8, 57.73
1735427646, 230, 20, 41, 0, 0, 0.14%, 7, 0, 8, 60.41
1735427651, 230, 26, 41, 0, 0, 0.14%, 7, 0, 8, 59.02
1735427666, 231, 17, 41, 0, 0, 0.14%, 7, 0, 8, 60.72
1735427701, 233, 16, 41, 0, 0, 0.14%, 7, 0, 8, 59.22
1735427737, 234, 21, 41, 0, 0, 0.14%, 7, 0, 8, 65.18
1735427762, 239, 37, 41, 0, 0, 0.14%, 7, 0, 8, 76.79
1735427798, 241, 17, 41, 0, 0, 0.14%, 7, 0, 8, 59.82
1735427833, 241, 36, 41, 0, 0, 0.14%, 7, 0, 8, 59.65
1735427869, 246, 29, 41, 0, 0, 0.14%, 7, 0, 8, 61.00
1735427905, 247, 14, 41, 0, 0, 0.14%, 7, 0, 8, 56.59
1735427940, 248, 17, 41, 0, 0, 0.14%, 7, 0, 8, 61.62
1735427981, 250, 34, 41, 0, 0, 0.14%, 7, 0, 8, 74.19
1735428017, 251, 21, 41, 0, 0, 0.14%, 7, 0, 8, 62.46
1735428042, 251, 36, 41, 0, 0, 0.14%, 7, 0, 8, 70.44
1735428072, 252, 19, 41, 0, 0, 0.14%, 7, 0, 8, 67.63
1735428078, 252, 25, 41, 0, 0, 0.14%, 7, 0, 8, 66.60
1735428113, 253, 22, 41, 0, 0, 0.14%, 7, 0, 8, 70.00
1735428144, 254, 22, 41, 0, 0, 0.14%, 7, 0, 8, 58.49
1735428179, 257, 21, 41, 0, 0, 0.14%, 7, 0, 8, 67.11
1735428209, 257, 37, 41, 0, 0, 0.14%, 7, 0, 8, 70.50
1735428245, 258, 26, 41, 0, 0, 0.14%, 7, 0, 8, 72.34
1735428265, 259, 34, 41, 0, 0, 0.14%, 7, 0, 8, 66.94
1735428301, 260, 21, 41, 0, 0, 0.14%, 7, 0, 8, 57.99
1735428336, 262, 23, 41, 0, 0, 0.14%, 7, 0, 8, 58.85
1735428341, 270, 22, 41, 0, 0, 0.14%, 7, 0, 8, 56.25
1735428382, 270, 27, 41, 0, 0, 0.14%, 7, 0, 8, 68.64
1735428417, 271, 19, 41, 0, 0, 0.14%, 7, 0, 8, 70.93
1735428427, 275, 27, 41, 0, 0, 0.14%, 7, 0, 8, 71.95
1735428463, 283, 24, 41, 0, 0, 0.14%, 7, 0, 8, 91.94
