# unix_time, cycles_done, cur_path, paths_total, pending_total, pending_favs, map_size, unique_crashes, unique_hangs, max_depth, execs_per_sec
1735190431, 0, 0, 10, 10, 1, 0.01%, 0, 0, 1, 38.00
1735190452, 1, 0, 10, 0, 0, 0.01%, 0, 0, 1, 44.78
1735190457, 1, 1, 10, 0, 0, 0.01%, 0, 0, 1, 44.21
1735190462, 1, 2, 10, 0, 0, 0.01%, 0, 0, 1, 47.92
1735190472, 1, 3, 10, 0, 0, 0.01%, 0, 0, 1, 45.90
1735190477, 1, 4, 10, 0, 0, 0.01%, 0, 0, 1, 46.35
1735190482, 1, 5, 10, 0, 0, 0.01%, 0, 0, 1, 46.07
1735190487, 1, 6, 10, 0, 0, 0.01%, 0, 0, 1, 43.28
1735190492, 1, 7, 10, 0, 0, 0.01%, 0, 0, 1, 44.50
1735190497, 1, 8, 10, 0, 0, 0.01%, 0, 0, 1, 47.24
1735190502, 1, 9, 10, 0, 0, 0.01%, 0, 0, 1, 48.17
1735190507, 2, 0, 10, 0, 0, 0.01%, 0, 0, 1, 44.39
1735190512, 2, 1, 10, 0, 0, 0.01%, 0, 0, 1, 44.26
1735190523, 2, 2, 10, 0, 0, 0.01%, 0, 0, 1, 44.79
1735190528, 2, 3, 10, 0, 0, 0.01%, 0, 0, 1, 48.20
1735190533, 2, 4, 10, 0, 0, 0.01%, 0, 0, 1, 45.70
1735190538, 2, 5, 10, 0, 0, 0.01%, 0, 0, 1, 43.64
1735190543, 2, 6, 10, 0, 0, 0.01%, 0, 0, 1, 45.01
1735190548, 2, 7, 10, 0, 0, 0.01%, 0, 0, 1, 46.15
1735190553, 2, 8, 10, 0, 0, 0.01%, 0, 0, 1, 44.84
1735190558, 2, 9, 10, 0, 0, 0.01%, 0, 0, 1, 44.33
1735190563, 3, 0, 10, 0, 0, 0.01%, 0, 0, 1, 45.02
1735190573, 3, 1, 10, 0, 0, 0.01%, 0, 0, 1, 44.63
1735190578, 3, 2, 10, 0, 0, 0.01%, 0, 0, 1, 46.94
1735190583, 3, 3, 10, 0, 0, 0.01%, 0, 0, 1, 47.06
1735190588, 3, 4, 10, 0, 0, 0.01%, 0, 0, 1, 45.08
1735190593, 3, 5, 10, 0, 0, 0.01%, 0, 0, 1, 43.57
1735190598, 3, 6, 10, 0, 0, 0.01%, 0, 0, 1, 49.57
1735190603, 3, 7, 10, 0, 0, 0.01%, 0, 0, 1, 45.62
1735190608, 3, 8, 10, 0, 0, 0.01%, 0, 0, 1, 45.79
1735190614, 3, 9, 10, 0, 0, 0.01%, 0, 0, 1, 45.82
1735190624, 4, 0, 10, 0, 0, 0.01%, 0, 0, 1, 44.30
1735190629, 4, 1, 10, 0, 0, 0.01%, 0, 0, 1, 45.75
1735190634, 4, 2, 10, 0, 0, 0.01%, 0, 0, 1, 45.17
1735190639, 4, 3, 10, 0, 0, 0.01%, 0, 0, 1, 45.46
1735190644, 4, 4, 10, 0, 0, 0.01%, 0, 0, 1, 45.31
1735190649, 4, 5, 10, 0, 0, 0.01%, 0, 0, 1, 45.67
1735190654, 4, 6, 10, 0, 0, 0.01%, 0, 0, 1, 46.13
1735190659, 4, 7, 10, 0, 0, 0.01%, 0, 0, 1, 47.05
1735190664, 4, 8, 10, 0, 0, 0.01%, 0, 0, 1, 47.15
1735190674, 4, 9, 10, 0, 0, 0.01%, 0, 0, 1, 45.31
1735190680, 5, 0, 10, 0, 0, 0.01%, 0, 0, 1, 45.36
1735190685, 5, 1, 10, 0, 0, 0.01%, 0, 0, 1, 43.21
1735190690, 5, 2, 10, 0, 0, 0.01%, 0, 0, 1, 45.70
1735190695, 5, 3, 10, 0, 0, 0.01%, 0, 0, 1, 43.34
1735190700, 5, 4, 10, 0, 0, 0.01%, 0, 0, 1, 45.22
1735190705, 5, 5, 10, 0, 0, 0.01%, 0, 0, 1, 43.40
1735190710, 5, 6, 10, 0, 0, 0.01%, 0, 0, 1, 44.25
1735190720, 5, 7, 10, 0, 0, 0.01%, 0, 0, 1, 44.33
1735190725, 5, 8, 10, 0, 0, 0.01%, 0, 0, 1, 45.87
1735190730, 5, 9, 10, 0, 0, 0.01%, 0, 0, 1, 46.02
1735190735, 6, 0, 10, 0, 0, 0.01%, 0, 0, 1, 46.40
1735190740, 6, 1, 10, 0, 0, 0.01%, 0, 0, 1, 46.74
1735190745, 6, 2, 10, 0, 0, 0.01%, 0, 0, 1, 45.88
1735190751, 6, 3, 10, 0, 0, 0.01%, 0, 0, 1, 44.61
1735190756, 6, 4, 10, 0, 0, 0.01%, 0, 0, 1, 45.62
1735190766, 6, 5, 10, 0, 0, 0.01%, 0, 0, 1, 46.75
1735190771, 6, 6, 10, 0, 0, 0.01%, 0, 0, 1, 44.71
1735190776, 6, 7, 10, 0, 0, 0.01%, 0, 0, 1, 46.12
1735190781, 6, 8, 10, 0, 0, 0.01%, 0, 0, 1, 45.03
1735190786, 6, 9, 10, 0, 0, 0.01%, 0, 0, 1, 46.40
1735190791, 7, 0, 10, 0, 0, 0.01%, 0, 0, 1, 44.70
1735190796, 7, 1, 10, 0, 0, 0.01%, 0, 0, 1, 44.15
1735190801, 7, 2, 10, 0, 0, 0.01%, 0, 0, 1, 45.53
1735190806, 7, 3, 10, 0, 0, 0.01%, 0, 0, 1, 45.20
1735190817, 7, 4, 10, 0, 0, 0.01%, 0, 0, 1, 46.07
1735190822, 7, 5, 10, 0, 0, 0.01%, 0, 0, 1, 46.00
1735190827, 7, 6, 10, 0, 0, 0.01%, 0, 0, 1, 45.71
1735190832, 7, 7, 10, 0, 0, 0.01%, 0, 0, 1, 44.09
1735190837, 7, 8, 10, 0, 0, 0.01%, 0, 0, 1, 45.20
1735190842, 7, 9, 10, 0, 0, 0.01%, 0, 0, 1, 44.47
1735190847, 8, 0, 10, 0, 0, 0.01%, 0, 0, 1, 46.07
1735190852, 8, 1, 10, 0, 0, 0.01%, 0, 0, 1, 44.99
1735190857, 8, 2, 10, 0, 0, 0.01%, 0, 0, 1, 45.75
1735190867, 8, 3, 10, 0, 0, 0.01%, 0, 0, 1, 44.46
1735190873, 8, 4, 10, 0, 0, 0.01%, 0, 0, 1, 45.23
1735190878, 8, 5, 10, 0, 0, 0.01%, 0, 0, 1, 46.20
1735190883, 8, 6, 10, 0, 0, 0.01%, 0, 0, 1, 44.27
1735190888, 8, 7, 10, 0, 0, 0.01%, 0, 0, 1, 45.19
1735190893, 8, 8, 10, 0, 0, 0.01%, 0, 0, 1, 45.24
1735190898, 8, 9, 10, 0, 0, 0.01%, 0, 0, 1, 43.94
1735190903, 9, 0, 10, 0, 0, 0.01%, 0, 0, 1, 45.87
1735190908, 9, 1, 10, 0, 0, 0.01%, 0, 0, 1, 46.62
1735190918, 9, 2, 10, 0, 0, 0.01%, 0, 0, 1, 46.45
1735190923, 9, 3, 10, 0, 0, 0.01%, 0, 0, 1, 46.19
1735190928, 9, 4, 10, 0, 0, 0.01%, 0, 0, 1, 47.69
1735190933, 9, 5, 10, 0, 0, 0.01%, 0, 0, 1, 45.36
1735190938, 9, 6, 10, 0, 0, 0.01%, 0, 0, 1, 43.44
1735190943, 9, 7, 10, 0, 0, 0.01%, 0, 0, 1, 44.77
1735190949, 9, 8, 10, 0, 0, 0.01%, 0, 0, 1, 46.48
1735190954, 9, 9, 10, 0, 0, 0.01%, 0, 0, 1, 43.13
1735190964, 10, 0, 10, 0, 0, 0.01%, 0, 0, 1, 45.39
1735190969, 10, 1, 10, 0, 0, 0.01%, 0, 0, 1, 45.14
1735190974, 10, 2, 10, 0, 0, 0.01%, 0, 0, 1, 44.26
1735190979, 10, 3, 10, 0, 0, 0.01%, 0, 0, 1, 46.18
1735190984, 10, 4, 10, 0, 0, 0.01%, 0, 0, 1, 47.85
1735190989, 10, 5, 10, 0, 0, 0.01%, 0, 0, 1, 47.60
1735190994, 10, 6, 10, 0, 0, 0.01%, 0, 0, 1, 48.05
1735190999, 10, 7, 10, 0, 0, 0.01%, 0, 0, 1, 46.33
1735191005, 10, 8, 10, 0, 0, 0.01%, 0, 0, 1, 46.70
1735191010, 10, 9, 10, 0, 0, 0.01%, 0, 0, 1, 45.11
1735191015, 11, 0, 10, 0, 0, 0.01%, 0, 0, 1, 45.56
1735191025, 11, 1, 10, 0, 0, 0.01%, 0, 0, 1, 44.35
1735191030, 11, 2, 10, 0, 0, 0.01%, 0, 0, 1, 47.33
1735191035, 11, 3, 10, 0, 0, 0.01%, 0, 0, 1, 46.30
1735191040, 11, 4, 10, 0, 0, 0.01%, 0, 0, 1, 47.40
1735191045, 11, 5, 10, 0, 0, 0.01%, 0, 0, 1, 46.88
1735191050, 11, 6, 10, 0, 0, 0.01%, 0, 0, 1, 48.46
1735191055, 11, 7, 10, 0, 0, 0.01%, 0, 0, 1, 46.28
1735191060, 11, 8, 10, 0, 0, 0.01%, 0, 0, 1, 45.60
1735191066, 11, 9, 10, 0, 0, 0.01%, 0, 0, 1, 47.06
1735191071, 12, 0, 10, 0, 0, 0.01%, 0, 0, 1, 48.41
1735191076, 12, 1, 10, 0, 0, 0.01%, 0, 0, 1, 47.35
1735191081, 12, 2, 10, 0, 0, 0.01%, 0, 0, 1, 48.31
1735191086, 12, 3, 10, 0, 0, 0.01%, 0, 0, 1, 47.58
1735191091, 12, 4, 10, 0, 0, 0.01%, 0, 0, 1, 48.92
1735191101, 12, 5, 10, 0, 0, 0.01%, 0, 0, 1, 47.63
1735191106, 12, 6, 10, 0, 0, 0.01%, 0, 0, 1, 46.36
1735191111, 12, 7, 10, 0, 0, 0.01%, 0, 0, 1, 45.73
1735191116, 12, 8, 10, 0, 0, 0.01%, 0, 0, 1, 49.44
1735191121, 12, 9, 10, 0, 0, 0.01%, 0, 0, 1, 48.62
1735191127, 13, 0, 10, 0, 0, 0.01%, 0, 0, 1, 49.48
1735191132, 13, 1, 10, 0, 0, 0.01%, 0, 0, 1, 46.89
1735191137, 13, 2, 10, 0, 0, 0.01%, 0, 0, 1, 47.50
1735191142, 13, 3, 10, 0, 0, 0.01%, 0, 0, 1, 45.68
1735191147, 13, 4, 10, 0, 0, 0.01%, 0, 0, 1, 46.50
1735191152, 13, 5, 10, 0, 0, 0.01%, 0, 0, 1, 47.85
1735191157, 13, 6, 10, 0, 0, 0.01%, 0, 0, 1, 48.37
1735191162, 13, 7, 10, 0, 0, 0.01%, 0, 0, 1, 46.66
1735191167, 13, 8, 10, 0, 0, 0.01%, 0, 0, 1, 49.84
1735191172, 13, 9, 10, 0, 0, 0.01%, 0, 0, 1, 46.33
1735191177, 14, 0, 10, 0, 0, 0.01%, 0, 0, 1, 47.41
1735191187, 14, 1, 10, 0, 0, 0.01%, 0, 0, 1, 46.83
1735191192, 14, 2, 10, 0, 0, 0.01%, 0, 0, 1, 44.77
1735191198, 14, 3, 10, 0, 0, 0.01%, 0, 0, 1, 46.95
1735191203, 14, 4, 10, 0, 0, 0.01%, 0, 0, 1, 46.31
1735191208, 14, 5, 10, 0, 0, 0.01%, 0, 0, 1, 50.26
1735191213, 14, 6, 10, 0, 0, 0.01%, 0, 0, 1, 48.16
1735191218, 14, 7, 10, 0, 0, 0.01%, 0, 0, 1, 48.52
1735191223, 14, 8, 10, 0, 0, 0.01%, 0, 0, 1, 46.56
1735191228, 14, 9, 10, 0, 0, 0.01%, 0, 0, 1, 46.47
1735191233, 15, 0, 10, 0, 0, 0.01%, 0, 0, 1, 46.62
1735191238, 15, 1, 10, 0, 0, 0.01%, 0, 0, 1, 44.66
1735191259, 15, 2, 10, 0, 0, 0.01%, 0, 0, 1, 45.52
1735191279, 15, 3, 10, 0, 0, 0.01%, 0, 0, 1, 46.59
1735191299, 15, 4, 10, 0, 0, 0.01%, 0, 0, 1, 45.86
1735191320, 15, 5, 10, 0, 0, 0.01%, 0, 0, 1, 44.57
1735191340, 15, 6, 10, 0, 0, 0.01%, 0, 0, 1, 45.72
1735191360, 15, 7, 10, 0, 0, 0.01%, 0, 0, 1, 44.91
1735191381, 15, 8, 10, 0, 0, 0.01%, 0, 0, 1, 44.37
1735191401, 15, 9, 10, 0, 0, 0.01%, 0, 0, 1, 47.22
1735191406, 16, 0, 10, 0, 0, 0.01%, 0, 0, 1, 50.45
1735191411, 16, 1, 10, 0, 0, 0.01%, 0, 0, 1, 46.92
1735191416, 16, 2, 10, 0, 0, 0.01%, 0, 0, 1, 46.60
1735191422, 16, 3, 10, 0, 0, 0.01%, 0, 0, 1, 47.41
1735191432, 16, 4, 10, 0, 0, 0.01%, 0, 0, 1, 48.27
1735191437, 16, 5, 10, 0, 0, 0.01%, 0, 0, 1, 45.72
1735191442, 16, 6, 10, 0, 0, 0.01%, 0, 0, 1, 47.74
1735191447, 16, 7, 10, 0, 0, 0.01%, 0, 0, 1, 47.85
1735191452, 16, 8, 10, 0, 0, 0.01%, 0, 0, 1, 46.27
1735191457, 16, 9, 10, 0, 0, 0.01%, 0, 0, 1, 47.06
1735191462, 17, 0, 10, 0, 0, 0.01%, 0, 0, 1, 46.50
1735191467, 17, 1, 10, 0, 0, 0.01%, 0, 0, 1, 47.32
1735191472, 17, 2, 10, 0, 0, 0.01%, 0, 0, 1, 47.41
1735191477, 17, 3, 10, 0, 0, 0.01%, 0, 0, 1, 48.61
1735191482, 17, 4, 10, 0, 0, 0.01%, 0, 0, 1, 49.76
1735191488, 17, 5, 10, 0, 0, 0.01%, 0, 0, 1, 47.90
1735191493, 17, 6, 10, 0, 0, 0.01%, 0, 0, 1, 50.52
1735191498, 17, 7, 10, 0, 0, 0.01%, 0, 0, 1, 49.06
1735191503, 17, 8, 10, 0, 0, 0.01%, 0, 0, 1, 48.60
1735191508, 17, 9, 10, 0, 0, 0.01%, 0, 0, 1, 48.06
1735191513, 18, 0, 10, 0, 0, 0.01%, 0, 0, 1, 48.14
1735191518, 18, 1, 10, 0, 0, 0.01%, 0, 0, 1, 48.48
1735191528, 18, 2, 10, 0, 0, 0.01%, 0, 0, 1, 46.55
1735191533, 18, 3, 10, 0, 0, 0.01%, 0, 0, 1, 45.86
1735191538, 18, 4, 10, 0, 0, 0.01%, 0, 0, 1, 45.82
1735191543, 18, 5, 10, 0, 0, 0.01%, 0, 0, 1, 45.90
1735191549, 18, 6, 10, 0, 0, 0.01%, 0, 0, 1, 48.34
1735191554, 18, 7, 10, 0, 0, 0.01%, 0, 0, 1, 48.13
1735191559, 18, 8, 10, 0, 0, 0.01%, 0, 0, 1, 50.70
1735191564, 18, 9, 10, 0, 0, 0.01%, 0, 0, 1, 47.70
1735191569, 19, 0, 10, 0, 0, 0.01%, 0, 0, 1, 46.43
1735191574, 19, 1, 10, 0, 0, 0.01%, 0, 0, 1, 46.73
1735191579, 19, 2, 10, 0, 0, 0.01%, 0, 0, 1, 47.48
1735191584, 19, 3, 10, 0, 0, 0.01%, 0, 0, 1, 49.68
1735191589, 19, 4, 10, 0, 0, 0.01%, 0, 0, 1, 45.83
1735191594, 19, 5, 10, 0, 0, 0.01%, 0, 0, 1, 48.58
1735191599, 19, 6, 10, 0, 0, 0.01%, 0, 0, 1, 49.10
1735191604, 19, 7, 10, 0, 0, 0.01%, 0, 0, 1, 52.81
1735191609, 19, 8, 10, 0, 0, 0.01%, 0, 0, 1, 49.13
1735191620, 19, 9, 10, 0, 0, 0.01%, 0, 0, 1, 49.59
1735191625, 20, 0, 10, 0, 0, 0.01%, 0, 0, 1, 48.35
1735191630, 20, 1, 10, 0, 0, 0.01%, 0, 0, 1, 48.61
1735191635, 20, 2, 10, 0, 0, 0.01%, 0, 0, 1, 46.53
1735191640, 20, 3, 10, 0, 0, 0.01%, 0, 0, 1, 46.72
1735191645, 20, 4, 10, 0, 0, 0.01%, 0, 0, 1, 44.94
1735191650, 20, 5, 10, 0, 0, 0.01%, 0, 0, 1, 50.21
1735191655, 20, 6, 10, 0, 0, 0.01%, 0, 0, 1, 48.04
1735191660, 20, 7, 10, 0, 0, 0.01%, 0, 0, 1, 45.62
1735191665, 20, 8, 10, 0, 0, 0.01%, 0, 0, 1, 46.27
1735191670, 20, 9, 10, 0, 0, 0.01%, 0, 0, 1, 47.89
1735191675, 21, 0, 10, 0, 0, 0.01%, 0, 0, 1, 50.21
1735191680, 21, 1, 10, 0, 0, 0.01%, 0, 0, 1, 45.81
1735191685, 21, 2, 10, 0, 0, 0.01%, 0, 0, 1, 46.51
1735191690, 21, 3, 10, 0, 0, 0.01%, 0, 0, 1, 46.56
1735191696, 21, 4, 10, 0, 0, 0.01%, 0, 0, 1, 46.18
1735191701, 21, 5, 10, 0, 0, 0.01%, 0, 0, 1, 48.49
1735191711, 21, 6, 10, 0, 0, 0.01%, 0, 0, 1, 46.28
1735191716, 21, 7, 10, 0, 0, 0.01%, 0, 0, 1, 48.21
1735191721, 21, 8, 10, 0, 0, 0.01%, 0, 0, 1, 45.15
1735191726, 21, 9, 10, 0, 0, 0.01%, 0, 0, 1, 46.78
1735191731, 22, 0, 10, 0, 0, 0.01%, 0, 0, 1, 46.07
1735191736, 22, 1, 10, 0, 0, 0.01%, 0, 0, 1, 48.42
1735191742, 22, 2, 10, 0, 0, 0.01%, 0, 0, 1, 48.36
1735191747, 22, 3, 10, 0, 0, 0.01%, 0, 0, 1, 50.76
1735191752, 22, 4, 10, 0, 0, 0.01%, 0, 0, 1, 48.79
1735191757, 22, 5, 10, 0, 0, 0.01%, 0, 0, 1, 47.35
1735191762, 22, 6, 10, 0, 0, 0.01%, 0, 0, 1, 47.44
1735191767, 22, 7, 10, 0, 0, 0.01%, 0, 0, 1, 45.84
1735191772, 22, 8, 10, 0, 0, 0.01%, 0, 0, 1, 47.42
1735191777, 22, 9, 10, 0, 0, 0.01%, 0, 0, 1, 48.88
1735191782, 23, 0, 10, 0, 0, 0.01%, 0, 0, 1, 48.25
1735191787, 23, 1, 10, 0, 0, 0.01%, 0, 0, 1, 49.90
1735191792, 23, 2, 10, 0, 0, 0.01%, 0, 0, 1, 47.39
1735191797, 23, 3, 10, 0, 0, 0.01%, 0, 0, 1, 49.46
1735191802, 23, 4, 10, 0, 0, 0.01%, 0, 0, 1, 45.66
1735191812, 23, 5, 10, 0, 0, 0.01%, 0, 0, 1, 47.37
1735191817, 23, 6, 10, 0, 0, 0.01%, 0, 0, 1, 48.40
1735191822, 23, 7, 10, 0, 0, 0.01%, 0, 0, 1, 47.37
1735191828, 23, 8, 10, 0, 0, 0.01%, 0, 0, 1, 51.42
1735191833, 23, 9, 10, 0, 0, 0.01%, 0, 0, 1, 47.58
1735191838, 24, 0, 10, 0, 0, 0.01%, 0, 0, 1, 45.97
1735191843, 24, 1, 10, 0, 0, 0.01%, 0, 0, 1, 46.92
1735191848, 24, 2, 10, 0, 0, 0.01%, 0, 0, 1, 45.81
1735191853, 24, 3, 10, 0, 0, 0.01%, 0, 0, 1, 48.58
1735191858, 24, 4, 10, 0, 0, 0.01%, 0, 0, 1, 49.72
1735191863, 24, 5, 10, 0, 0, 0.01%, 0, 0, 1, 47.44
1735191868, 24, 6, 10, 0, 0, 0.01%, 0, 0, 1, 45.48
1735191873, 24, 7, 10, 0, 0, 0.01%, 0, 0, 1, 45.93
1735191878, 24, 8, 10, 0, 0, 0.01%, 0, 0, 1, 47.60
1735191888, 24, 9, 10, 0, 0, 0.01%, 0, 0, 1, 47.31
1735191893, 25, 0, 10, 0, 0, 0.01%, 0, 0, 1, 49.57
1735191899, 25, 1, 10, 0, 0, 0.01%, 0, 0, 1, 47.66
1735191904, 25, 2, 10, 0, 0, 0.01%, 0, 0, 1, 47.81
1735191909, 25, 3, 10, 0, 0, 0.01%, 0, 0, 1, 46.92
1735191914, 25, 4, 10, 0, 0, 0.01%, 0, 0, 1, 48.48
1735191919, 25, 5, 10, 0, 0, 0.01%, 0, 0, 1, 47.58
1735191924, 25, 6, 10, 0, 0, 0.01%, 0, 0, 1, 46.29
1735191929, 25, 7, 10, 0, 0, 0.01%, 0, 0, 1, 48.77
1735191934, 25, 8, 10, 0, 0, 0.01%, 0, 0, 1, 48.82
1735191939, 25, 9, 10, 0, 0, 0.01%, 0, 0, 1, 47.00
1735191944, 26, 0, 10, 0, 0, 0.01%, 0, 0, 1, 46.87
1735191949, 26, 1, 10, 0, 0, 0.01%, 0, 0, 1, 46.06
1735191954, 26, 2, 10, 0, 0, 0.01%, 0, 0, 1, 47.31
1735191959, 26, 3, 10, 0, 0, 0.01%, 0, 0, 1, 45.89
1735191969, 26, 4, 10, 0, 0, 0.01%, 0, 0, 1, 48.28
1735191975, 26, 5, 10, 0, 0, 0.01%, 0, 0, 1, 49.54
1735191980, 26, 6, 10, 0, 0, 0.01%, 0, 0, 1, 46.89
1735191985, 26, 7, 10, 0, 0, 0.01%, 0, 0, 1, 46.13
1735191990, 26, 8, 10, 0, 0, 0.01%, 0, 0, 1, 46.34
1735191995, 26, 9, 10, 0, 0, 0.01%, 0, 0, 1, 48.31
1735192000, 27, 0, 10, 0, 0, 0.01%, 0, 0, 1, 47.55
1735192005, 27, 1, 10, 0, 0, 0.01%, 0, 0, 1, 48.07
1735192010, 27, 2, 10, 0, 0, 0.01%, 0, 0, 1, 46.78
1735192015, 27, 3, 10, 0, 0, 0.01%, 0, 0, 1, 48.55
1735192020, 27, 4, 10, 0, 0, 0.01%, 0, 0, 1, 47.59
1735192025, 27, 5, 10, 0, 0, 0.01%, 0, 0, 1, 49.61
1735192030, 27, 6, 10, 0, 0, 0.01%, 0, 0, 1, 45.69
1735192036, 27, 7, 10, 0, 0, 0.01%, 0, 0, 1, 45.82
1735192041, 27, 8, 10, 0, 0, 0.01%, 0, 0, 1, 47.87
1735192046, 27, 9, 10, 0, 0, 0.01%, 0, 0, 1, 50.82
1735192051, 28, 0, 10, 0, 0, 0.01%, 0, 0, 1, 49.50
1735192056, 28, 1, 10, 0, 0, 0.01%, 0, 0, 1, 48.18
1735192061, 28, 2, 10, 0, 0, 0.01%, 0, 0, 1, 50.70
1735192066, 28, 3, 10, 0, 0, 0.01%, 0, 0, 1, 47.51
1735192071, 28, 4, 10, 0, 0, 0.01%, 0, 0, 1, 48.19
1735192081, 28, 5, 10, 0, 0, 0.01%, 0, 0, 1, 47.27
1735192086, 28, 6, 10, 0, 0, 0.01%, 0, 0, 1, 46.93
1735192091, 28, 7, 10, 0, 0, 0.01%, 0, 0, 1, 46.76
1735192096, 28, 8, 10, 0, 0, 0.01%, 0, 0, 1, 45.77
1735192102, 28, 9, 10, 0, 0, 0.01%, 0, 0, 1, 46.67
1735192107, 29, 0, 10, 0, 0, 0.01%, 0, 0, 1, 46.98
1735192112, 29, 1, 10, 0, 0, 0.01%, 0, 0, 1, 49.00
1735192117, 29, 2, 10, 0, 0, 0.01%, 0, 0, 1, 47.75
1735192122, 29, 3, 10, 0, 0, 0.01%, 0, 0, 1, 46.86
1735192127, 29, 4, 10, 0, 0, 0.01%, 0, 0, 1, 48.41
1735192132, 29, 5, 10, 0, 0, 0.01%, 0, 0, 1, 46.24
1735192137, 29, 6, 10, 0, 0, 0.01%, 0, 0, 1, 47.18
1735192142, 29, 7, 10, 0, 0, 0.01%, 0, 0, 1, 45.88
1735192147, 29, 8, 10, 0, 0, 0.01%, 0, 0, 1, 48.28
1735192157, 29, 9, 10, 0, 0, 0.01%, 0, 0, 1, 47.80
1735192163, 30, 0, 10, 0, 0, 0.01%, 0, 0, 1, 45.70
1735192168, 30, 1, 10, 0, 0, 0.01%, 0, 0, 1, 46.58
1735192173, 30, 2, 10, 0, 0, 0.01%, 0, 0, 1, 47.28
1735192178, 30, 3, 10, 0, 0, 0.01%, 0, 0, 1, 48.24
1735192183, 30, 4, 10, 0, 0, 0.01%, 0, 0, 1, 47.25
1735192188, 30, 5, 10, 0, 0, 0.01%, 0, 0, 1, 48.15
1735192193, 30, 6, 10, 0, 0, 0.01%, 0, 0, 1, 46.24
1735192198, 30, 7, 10, 0, 0, 0.01%, 0, 0, 1, 48.72
1735192203, 30, 8, 10, 0, 0, 0.01%, 0, 0, 1, 45.82
1735192208, 30, 9, 10, 0, 0, 0.01%, 0, 0, 1, 46.39
1735192213, 31, 0, 10, 0, 0, 0.01%, 0, 0, 1, 46.52
1735192218, 31, 1, 10, 0, 0, 0.01%, 0, 0, 1, 47.87
1735192223, 31, 2, 10, 0, 0, 0.01%, 0, 0, 1, 46.67
1735192234, 31, 3, 10, 0, 0, 0.01%, 0, 0, 1, 46.47
1735192239, 31, 4, 10, 0, 0, 0.01%, 0, 0, 1, 49.64
1735192244, 31, 5, 11, 1, 0, 0.14%, 1, 0, 2, 47.36
1735192249, 34, 10, 11, 0, 0, 0.14%, 1, 0, 2, 63.97
1735192259, 34, 10, 12, 1, 0, 0.14%, 2, 0, 3, 51.56
1735192330, 35, 11, 13, 1, 0, 0.14%, 2, 0, 4, 73.15
1735192335, 35, 11, 13, 1, 0, 0.14%, 3, 0, 4, 62.68
1735192406, 35, 12, 13, 1, 1, 0.14%, 3, 0, 4, 66.25
1735192447, 35, 12, 14, 2, 1, 0.14%, 3, 0, 5, 52.75
1735192452, 35, 12, 15, 3, 1, 0.14%, 4, 0, 5, 48.82
1735192477, 35, 12, 16, 4, 1, 0.14%, 4, 0, 5, 52.07
1735192563, 35, 14, 17, 4, 1, 0.14%, 5, 0, 6, 74.18
1735192619, 35, 14, 18, 5, 1, 0.14%, 5, 0, 6, 56.24
1735192655, 35, 14, 19, 6, 1, 0.14%, 5, 0, 6, 50.89
1735192660, 35, 14, 20, 7, 1, 0.14%, 5, 0, 6, 51.63
1735192695, 35, 14, 22, 9, 1, 0.14%, 5, 0, 6, 62.61
1735192721, 35, 16, 22, 8, 3, 0.14%, 5, 0, 6, 61.79
1735192736, 35, 16, 23, 9, 3, 0.14%, 5, 0, 7, 56.09
1735192771, 35, 16, 24, 10, 3, 0.14%, 5, 0, 7, 55.52
1735192842, 35, 17, 24, 9, 3, 0.14%, 5, 0, 7, 80.45
1735192853, 35, 17, 25, 10, 3, 0.14%, 5, 0, 7, 70.81
1735192923, 35, 17, 26, 11, 3, 0.14%, 5, 0, 7, 54.50
1735192959, 35, 18, 26, 10, 3, 0.14%, 5, 0, 7, 60.67
1735192984, 35, 18, 27, 11, 3, 0.14%, 5, 0, 7, 56.03
1735193060, 35, 18, 28, 12, 3, 0.14%, 5, 0, 7, 56.08
1735193080, 35, 23, 28, 11, 3, 0.14%, 5, 0, 7, 56.75
1735193106, 35, 23, 29, 12, 3, 0.14%, 5, 0, 8, 53.81
1735193136, 35, 23, 30, 13, 3, 0.14%, 5, 0, 8, 54.82
1735193192, 35, 23, 31, 14, 3, 0.14%, 5, 0, 8, 59.53
1735193212, 35, 24, 31, 13, 3, 0.14%, 5, 0, 8, 57.61
1735193293, 35, 28, 33, 14, 2, 0.14%, 5, 0, 8, 64.37
1735193390, 35, 28, 34, 15, 2, 0.14%, 6, 0, 9, 62.78
1735193415, 35, 30, 34, 14, 2, 0.14%, 6, 0, 9, 75.83
1735193522, 35, 33, 34, 13, 1, 0.14%, 6, 0, 9, 84.72
1735193736, 35, 33, 35, 14, 1, 0.14%, 6, 0, 10, 49.61
1735193863, 35, 33, 36, 15, 1, 0.14%, 6, 0, 10, 60.15
1735193969, 35, 34, 36, 14, 2, 0.14%, 6, 0, 10, 46.68
1735193974, 35, 35, 36, 13, 1, 0.14%, 6, 0, 10, 38.12
1735195361, 35, 35, 37, 14, 1, 0.14%, 6, 0, 11, 72.93
1735195387, 35, 35, 38, 15, 1, 0.14%, 6, 0, 11, 84.86
1735195458, 35, 37, 38, 14, 1, 0.14%, 6, 0, 11, 54.76
1735195468, 36, 34, 38, 12, 0, 0.14%, 6, 0, 11, 50.23
1735195860, 37, 20, 38, 12, 0, 0.14%, 6, 0, 11, 50.38
1735195865, 37, 21, 38, 11, 0, 0.14%, 6, 0, 11, 39.02
1735196805, 37, 21, 40, 13, 0, 0.14%, 6, 0, 11, 68.35
1735196810, 37, 39, 40, 12, 1, 0.14%, 6, 0, 11, 56.67
1735197009, 38, 37, 40, 10, 0, 0.14%, 6, 0, 11, 116.10
1735198430, 39, 25, 40, 9, 0, 0.14%, 6, 0, 11, 87.56
1735198481, 39, 27, 40, 7, 0, 0.14%, 6, 0, 11, 58.19
1735198486, 39, 36, 40, 5, 0, 0.14%, 6, 0, 11, 41.85
1735198491, 40, 13, 40, 4, 0, 0.14%, 6, 0, 11, 36.94
1735198501, 40, 32, 40, 3, 0, 0.14%, 6, 0, 11, 81.94
1735198784, 41, 13, 40, 3, 0, 0.14%, 6, 0, 11, 98.28
1735200597, 43, 22, 40, 3, 0, 0.14%, 6, 0, 11, 95.40
1735200663, 43, 25, 40, 2, 0, 0.14%, 6, 0, 11, 71.88
1735200684, 44, 25, 40, 2, 0, 0.14%, 6, 0, 11, 60.69
1735200719, 45, 25, 40, 2, 0, 0.14%, 6, 0, 11, 70.75
1735200755, 45, 36, 40, 2, 0, 0.14%, 6, 0, 11, 105.15
1735201141, 46, 25, 40, 2, 0, 0.14%, 6, 0, 11, 64.47
1735201176, 47, 25, 40, 2, 0, 0.14%, 6, 0, 11, 61.63
1735201212, 48, 25, 40, 2, 0, 0.14%, 6, 0, 11, 68.38
