# unix_time, cycles_done, cur_path, paths_total, pending_total, pending_favs, map_size, unique_crashes, unique_hangs, max_depth, execs_per_sec
1735676517, 0, 0, 10, 10, 1, 0.01%, 0, 0, 1, 51.48
1735676522, 0, 2, 10, 10, 1, 0.01%, 0, 0, 1, 41.95
1735676542, 1, 0, 10, 2, 0, 0.01%, 0, 0, 1, 47.50
1735676547, 1, 1, 10, 1, 0, 0.01%, 0, 0, 1, 44.30
1735676557, 1, 2, 10, 0, 0, 0.01%, 0, 0, 1, 44.73
1735676563, 1, 3, 10, 0, 0, 0.01%, 0, 0, 1, 45.50
1735676568, 1, 4, 10, 0, 0, 0.01%, 0, 0, 1, 44.17
1735676573, 1, 5, 10, 0, 0, 0.01%, 0, 0, 1, 46.43
1735676578, 1, 6, 10, 0, 0, 0.01%, 0, 0, 1, 45.84
1735676583, 1, 7, 10, 0, 0, 0.01%, 0, 0, 1, 45.45
1735676588, 1, 8, 10, 0, 0, 0.01%, 0, 0, 1, 46.82
1735676593, 1, 9, 10, 0, 0, 0.01%, 0, 0, 1, 43.85
1735676603, 2, 0, 10, 0, 0, 0.01%, 0, 0, 1, 45.69
1735676608, 2, 1, 10, 0, 0, 0.01%, 0, 0, 1, 44.53
1735676613, 2, 2, 10, 0, 0, 0.01%, 0, 0, 1, 44.84
1735676618, 2, 3, 10, 0, 0, 0.01%, 0, 0, 1, 43.59
1735676624, 2, 4, 10, 0, 0, 0.01%, 0, 0, 1, 45.87
1735676629, 2, 5, 10, 0, 0, 0.01%, 0, 0, 1, 44.91
1735676634, 2, 6, 10, 0, 0, 0.01%, 0, 0, 1, 47.82
1735676639, 2, 7, 10, 0, 0, 0.01%, 0, 0, 1, 45.68
1735676644, 2, 8, 10, 0, 0, 0.01%, 0, 0, 1, 47.19
1735676649, 2, 9, 10, 0, 0, 0.01%, 0, 0, 1, 45.40
1735676654, 3, 0, 10, 0, 0, 0.01%, 0, 0, 1, 46.31
1735676664, 3, 1, 10, 0, 0, 0.01%, 0, 0, 1, 43.37
1735676669, 3, 2, 10, 0, 0, 0.01%, 0, 0, 1, 45.99
1735676675, 3, 3, 10, 0, 0, 0.01%, 0, 0, 1, 46.07
1735676680, 3, 4, 10, 0, 0, 0.01%, 0, 0, 1, 46.53
1735676685, 3, 5, 10, 0, 0, 0.01%, 0, 0, 1, 46.53
1735676690, 3, 6, 10, 0, 0, 0.01%, 0, 0, 1, 46.35
1735676695, 3, 7, 10, 0, 0, 0.01%, 0, 0, 1, 45.70
1735676700, 3, 8, 10, 0, 0, 0.01%, 0, 0, 1, 44.14
1735676705, 3, 9, 10, 0, 0, 0.01%, 0, 0, 1, 45.19
1735676710, 4, 0, 10, 0, 0, 0.01%, 0, 0, 1, 45.02
1735676716, 4, 1, 10, 0, 0, 0.01%, 0, 0, 1, 47.51
1735676726, 4, 2, 10, 0, 0, 0.01%, 0, 0, 1, 46.27
1735676731, 4, 3, 10, 0, 0, 0.01%, 0, 0, 1, 45.71
1735676736, 4, 4, 10, 0, 0, 0.01%, 0, 0, 1, 44.99
1735676741, 4, 5, 10, 0, 0, 0.01%, 0, 0, 1, 43.93
1735676746, 4, 6, 10, 0, 0, 0.01%, 0, 0, 1, 44.01
1735676751, 4, 7, 10, 0, 0, 0.01%, 0, 0, 1, 46.45
1735676756, 4, 8, 10, 0, 0, 0.01%, 0, 0, 1, 44.79
1735676761, 4, 9, 10, 0, 0, 0.01%, 0, 0, 1, 48.11
1735676766, 5, 0, 10, 0, 0, 0.01%, 0, 0, 1, 47.15
1735676771, 5, 1, 10, 0, 0, 0.01%, 0, 0, 1, 45.95
1735676782, 5, 2, 10, 0, 0, 0.01%, 0, 0, 1, 46.42
1735676787, 5, 3, 10, 0, 0, 0.01%, 0, 0, 1, 46.62
1735676792, 5, 4, 10, 0, 0, 0.01%, 0, 0, 1, 45.03
1735676797, 5, 5, 10, 0, 0, 0.01%, 0, 0, 1, 44.57
1735676802, 5, 6, 10, 0, 0, 0.01%, 0, 0, 1, 46.31
1735676807, 5, 7, 10, 0, 0, 0.01%, 0, 0, 1, 46.72
1735676812, 5, 8, 10, 0, 0, 0.01%, 0, 0, 1, 44.64
1735676817, 5, 9, 10, 0, 0, 0.01%, 0, 0, 1, 45.82
1735676822, 6, 0, 10, 0, 0, 0.01%, 0, 0, 1, 47.32
1735676827, 6, 1, 10, 0, 0, 0.01%, 0, 0, 1, 45.14
1735676837, 6, 2, 10, 0, 0, 0.01%, 0, 0, 1, 45.01
1735676842, 6, 3, 10, 0, 0, 0.01%, 0, 0, 1, 47.72
1735676847, 6, 4, 10, 0, 0, 0.01%, 0, 0, 1, 44.33
1735676853, 6, 5, 10, 0, 0, 0.01%, 0, 0, 1, 46.73
1735676858, 6, 6, 10, 0, 0, 0.01%, 0, 0, 1, 44.94
1735676863, 6, 7, 10, 0, 0, 0.01%, 0, 0, 1, 46.67
1735676868, 6, 8, 10, 0, 0, 0.01%, 0, 0, 1, 46.83
1735676873, 6, 9, 10, 0, 0, 0.01%, 0, 0, 1, 47.06
1735676878, 7, 0, 10, 0, 0, 0.01%, 0, 0, 1, 47.10
1735676883, 7, 1, 10, 0, 0, 0.01%, 0, 0, 1, 45.79
1735676888, 7, 2, 10, 0, 0, 0.01%, 0, 0, 1, 45.23
1735676898, 7, 3, 10, 0, 0, 0.01%, 0, 0, 1, 45.02
1735676903, 7, 4, 10, 0, 0, 0.01%, 0, 0, 1, 45.93
1735676909, 7, 5, 10, 0, 0, 0.01%, 0, 0, 1, 46.44
1735676914, 7, 6, 10, 0, 0, 0.01%, 0, 0, 1, 44.72
1735676919, 7, 7, 10, 0, 0, 0.01%, 0, 0, 1, 44.40
1735676924, 7, 8, 10, 0, 0, 0.01%, 0, 0, 1, 44.85
1735676929, 7, 9, 10, 0, 0, 0.01%, 0, 0, 1, 45.43
1735676934, 8, 0, 10, 0, 0, 0.01%, 0, 0, 1, 46.83
1735676939, 8, 1, 10, 0, 0, 0.01%, 0, 0, 1, 44.69
1735676949, 8, 2, 10, 0, 0, 0.01%, 0, 0, 1, 45.81
1735676954, 8, 3, 10, 0, 0, 0.01%, 0, 0, 1, 45.57
1735676959, 8, 4, 10, 0, 0, 0.01%, 0, 0, 1, 45.33
1735676964, 8, 5, 10, 0, 0, 0.01%, 0, 0, 1, 45.93
1735676969, 8, 6, 10, 0, 0, 0.01%, 0, 0, 1, 47.27
1735676974, 8, 7, 10, 0, 0, 0.01%, 0, 0, 1, 45.73
1735676979, 8, 8, 10, 0, 0, 0.01%, 0, 0, 1, 46.00
1735676984, 8, 9, 10, 0, 0, 0.01%, 0, 0, 1, 44.90
1735676989, 9, 0, 10, 0, 0, 0.01%, 0, 0, 1, 45.73
1735676995, 9, 1, 10, 0, 0, 0.01%, 0, 0, 1, 43.69
1735677005, 9, 2, 10, 0, 0, 0.01%, 0, 0, 1, 45.89
1735677010, 9, 3, 10, 0, 0, 0.01%, 0, 0, 1, 47.08
1735677015, 9, 4, 10, 0, 0, 0.01%, 0, 0, 1, 44.15
1735677020, 9, 5, 10, 0, 0, 0.01%, 0, 0, 1, 47.98
1735677025, 9, 6, 10, 0, 0, 0.01%, 0, 0, 1, 48.15
1735677030, 9, 7, 10, 0, 0, 0.01%, 0, 0, 1, 47.48
1735677035, 9, 8, 10, 0, 0, 0.01%, 0, 0, 1, 46.17
1735677040, 9, 9, 10, 0, 0, 0.01%, 0, 0, 1, 46.10
1735677045, 10, 0, 10, 0, 0, 0.01%, 0, 0, 1, 45.99
1735677050, 10, 1, 10, 0, 0, 0.01%, 0, 0, 1, 47.50
1735677055, 10, 2, 10, 0, 0, 0.01%, 0, 0, 1, 45.81
1735677065, 10, 3, 10, 0, 0, 0.01%, 0, 0, 1, 44.73
1735677071, 10, 4, 10, 0, 0, 0.01%, 0, 0, 1, 44.62
1735677076, 10, 5, 10, 0, 0, 0.01%, 0, 0, 1, 46.70
1735677081, 10, 6, 10, 0, 0, 0.01%, 0, 0, 1, 46.49
1735677086, 10, 7, 10, 0, 0, 0.01%, 0, 0, 1, 48.39
1735677091, 10, 8, 10, 0, 0, 0.01%, 0, 0, 1, 43.62
1735677096, 10, 9, 10, 0, 0, 0.01%, 0, 0, 1, 45.69
1735677101, 11, 0, 10, 0, 0, 0.01%, 0, 0, 1, 46.57
1735677106, 11, 1, 10, 0, 0, 0.01%, 0, 0, 1, 48.07
1735677111, 11, 2, 10, 0, 0, 0.01%, 0, 0, 1, 45.10
1735677116, 11, 3, 10, 0, 0, 0.01%, 0, 0, 1, 46.77
1735677126, 11, 4, 10, 0, 0, 0.01%, 0, 0, 1, 47.01
1735677131, 11, 5, 10, 0, 0, 0.01%, 0, 0, 1, 48.27
1735677136, 11, 6, 10, 0, 0, 0.01%, 0, 0, 1, 47.45
1735677141, 11, 7, 10, 0, 0, 0.01%, 0, 0, 1, 45.20
1735677146, 11, 8, 10, 0, 0, 0.01%, 0, 0, 1, 48.58
1735677152, 11, 9, 10, 0, 0, 0.01%, 0, 0, 1, 44.80
1735677157, 12, 0, 10, 0, 0, 0.01%, 0, 0, 1, 49.35
1735677162, 12, 1, 10, 0, 0, 0.01%, 0, 0, 1, 45.88
1735677167, 12, 2, 10, 0, 0, 0.01%, 0, 0, 1, 48.97
1735677172, 12, 3, 10, 0, 0, 0.01%, 0, 0, 1, 46.61
1735677177, 12, 4, 10, 0, 0, 0.01%, 0, 0, 1, 47.47
1735677182, 12, 5, 10, 0, 0, 0.01%, 0, 0, 1, 46.44
1735677187, 12, 6, 10, 0, 0, 0.01%, 0, 0, 1, 47.55
1735677192, 12, 7, 10, 0, 0, 0.01%, 0, 0, 1, 48.09
1735677197, 12, 8, 10, 0, 0, 0.01%, 0, 0, 1, 48.85
1735677202, 12, 9, 10, 0, 0, 0.01%, 0, 0, 1, 49.25
1735677212, 13, 0, 10, 0, 0, 0.01%, 0, 0, 1, 47.14
1735677217, 13, 1, 10, 0, 0, 0.01%, 0, 0, 1, 49.13
1735677222, 13, 2, 10, 0, 0, 0.01%, 0, 0, 1, 45.88
1735677228, 13, 3, 10, 0, 0, 0.01%, 0, 0, 1, 48.85
1735677233, 13, 4, 10, 0, 0, 0.01%, 0, 0, 1, 49.31
1735677238, 13, 5, 10, 0, 0, 0.01%, 0, 0, 1, 51.85
1735677243, 13, 6, 10, 0, 0, 0.01%, 0, 0, 1, 50.06
1735677248, 13, 7, 10, 0, 0, 0.01%, 0, 0, 1, 46.98
1735677253, 13, 8, 10, 0, 0, 0.01%, 0, 0, 1, 47.99
1735677258, 13, 9, 10, 0, 0, 0.01%, 0, 0, 1, 49.84
1735677263, 14, 0, 10, 0, 0, 0.01%, 0, 0, 1, 47.75
1735677268, 14, 1, 10, 0, 0, 0.01%, 0, 0, 1, 46.30
1735677273, 14, 2, 10, 0, 0, 0.01%, 0, 0, 1, 48.09
1735677278, 14, 3, 10, 0, 0, 0.01%, 0, 0, 1, 48.27
1735677283, 14, 4, 10, 0, 0, 0.01%, 0, 0, 1, 47.90
1735677288, 14, 5, 10, 0, 0, 0.01%, 0, 0, 1, 48.15
1735677293, 14, 6, 10, 0, 0, 0.01%, 0, 0, 1, 48.52
1735677298, 14, 7, 10, 0, 0, 0.01%, 0, 0, 1, 47.25
1735677303, 14, 8, 10, 0, 0, 0.01%, 0, 0, 1, 47.50
1735677308, 14, 9, 10, 0, 0, 0.01%, 0, 0, 1, 48.50
1735677313, 15, 0, 10, 0, 0, 0.01%, 0, 0, 1, 49.79
1735677319, 15, 1, 10, 0, 0, 0.01%, 0, 0, 1, 49.93
1735677329, 15, 2, 10, 0, 0, 0.01%, 0, 0, 1, 50.03
1735677334, 15, 3, 10, 0, 0, 0.01%, 0, 0, 1, 43.14
1735677359, 15, 4, 10, 0, 0, 0.01%, 0, 0, 1, 45.46
1735677390, 15, 5, 10, 0, 0, 0.01%, 0, 0, 1, 43.16
1735677415, 15, 6, 10, 0, 0, 0.01%, 0, 0, 1, 41.46
1735677441, 15, 7, 10, 0, 0, 0.01%, 0, 0, 1, 40.91
1735677466, 15, 8, 10, 0, 0, 0.01%, 0, 0, 1, 43.58
1735677491, 15, 9, 10, 0, 0, 0.01%, 0, 0, 1, 49.14
1735677496, 16, 0, 10, 0, 0, 0.01%, 0, 0, 1, 50.41
1735677501, 16, 1, 10, 0, 0, 0.01%, 0, 0, 1, 45.79
1735677507, 16, 2, 10, 0, 0, 0.01%, 0, 0, 1, 46.74
1735677512, 16, 3, 10, 0, 0, 0.01%, 0, 0, 1, 45.32
1735677517, 16, 4, 10, 0, 0, 0.01%, 0, 0, 1, 48.27
1735677522, 16, 5, 10, 0, 0, 0.01%, 0, 0, 1, 46.88
1735677527, 16, 6, 10, 0, 0, 0.01%, 0, 0, 1, 49.26
1735677532, 16, 7, 10, 0, 0, 0.01%, 0, 0, 1, 47.43
1735677537, 16, 8, 10, 0, 0, 0.01%, 0, 0, 1, 48.31
1735677542, 16, 9, 10, 0, 0, 0.01%, 0, 0, 1, 48.27
1735677547, 17, 0, 10, 0, 0, 0.01%, 0, 0, 1, 45.49
1735677552, 17, 1, 10, 0, 0, 0.01%, 0, 0, 1, 47.07
1735677562, 17, 2, 10, 0, 0, 0.01%, 0, 0, 1, 49.76
1735677567, 17, 3, 10, 0, 0, 0.01%, 0, 0, 1, 47.89
1735677573, 17, 4, 10, 0, 0, 0.01%, 0, 0, 1, 48.86
1735677578, 17, 5, 10, 0, 0, 0.01%, 0, 0, 1, 48.81
1735677583, 17, 6, 10, 0, 0, 0.01%, 0, 0, 1, 48.94
1735677588, 17, 7, 10, 0, 0, 0.01%, 0, 0, 1, 50.13
1735677593, 17, 8, 10, 0, 0, 0.01%, 0, 0, 1, 46.45
1735677598, 17, 9, 10, 0, 0, 0.01%, 0, 0, 1, 46.55
1735677603, 18, 0, 10, 0, 0, 0.01%, 0, 0, 1, 46.60
1735677608, 18, 1, 10, 0, 0, 0.01%, 0, 0, 1, 47.34
1735677613, 18, 2, 10, 0, 0, 0.01%, 0, 0, 1, 50.27
1735677618, 18, 3, 10, 0, 0, 0.01%, 0, 0, 1, 48.65
1735677623, 18, 4, 10, 0, 0, 0.01%, 0, 0, 1, 45.87
1735677628, 18, 5, 10, 0, 0, 0.01%, 0, 0, 1, 51.13
1735677633, 18, 6, 10, 0, 0, 0.01%, 0, 0, 1, 49.26
1735677638, 18, 7, 10, 0, 0, 0.01%, 0, 0, 1, 47.74
1735677643, 18, 8, 10, 0, 0, 0.01%, 0, 0, 1, 48.14
1735677648, 18, 9, 10, 0, 0, 0.01%, 0, 0, 1, 48.05
1735677654, 19, 0, 10, 0, 0, 0.01%, 0, 0, 1, 47.46
1735677659, 19, 1, 10, 0, 0, 0.01%, 0, 0, 1, 47.60
1735677664, 19, 2, 10, 0, 0, 0.01%, 0, 0, 1, 48.57
1735677674, 19, 4, 10, 0, 0, 0.01%, 0, 0, 1, 49.44
1735677684, 19, 5, 10, 0, 0, 0.01%, 0, 0, 1, 46.50
1735677689, 19, 6, 10, 0, 0, 0.01%, 0, 0, 1, 49.28
1735677695, 19, 7, 10, 0, 0, 0.01%, 0, 0, 1, 45.68
1735677700, 19, 8, 10, 0, 0, 0.01%, 0, 0, 1, 49.46
1735677705, 19, 9, 10, 0, 0, 0.01%, 0, 0, 1, 47.47
1735677710, 20, 0, 10, 0, 0, 0.01%, 0, 0, 1, 48.07
1735677715, 20, 1, 10, 0, 0, 0.01%, 0, 0, 1, 47.79
1735677720, 20, 2, 10, 0, 0, 0.01%, 0, 0, 1, 48.94
1735677725, 20, 3, 10, 0, 0, 0.01%, 0, 0, 1, 48.48
1735677730, 20, 4, 10, 0, 0, 0.01%, 0, 0, 1, 49.30
1735677735, 20, 5, 10, 0, 0, 0.01%, 0, 0, 1, 46.56
1735677740, 20, 6, 10, 0, 0, 0.01%, 0, 0, 1, 48.67
1735677745, 20, 7, 10, 0, 0, 0.01%, 0, 0, 1, 45.39
1735677750, 20, 8, 10, 0, 0, 0.01%, 0, 0, 1, 48.30
1735677755, 20, 9, 10, 0, 0, 0.01%, 0, 0, 1, 46.14
1735677760, 21, 0, 10, 0, 0, 0.01%, 0, 0, 1, 48.89
1735677770, 21, 1, 10, 0, 0, 0.01%, 0, 0, 1, 48.20
1735677776, 21, 2, 10, 0, 0, 0.01%, 0, 0, 1, 46.61
1735677781, 21, 3, 10, 0, 0, 0.01%, 0, 0, 1, 48.10
1735677786, 21, 4, 10, 0, 0, 0.01%, 0, 0, 1, 48.29
1735677791, 21, 5, 10, 0, 0, 0.01%, 0, 0, 1, 49.01
1735677796, 21, 6, 10, 0, 0, 0.01%, 0, 0, 1, 50.63
1735677801, 21, 7, 10, 0, 0, 0.01%, 0, 0, 1, 48.59
1735677806, 21, 8, 10, 0, 0, 0.01%, 0, 0, 1, 49.95
1735677811, 21, 9, 10, 0, 0, 0.01%, 0, 0, 1, 47.85
1735677816, 22, 0, 10, 0, 0, 0.01%, 0, 0, 1, 48.88
1735677821, 22, 1, 10, 0, 0, 0.01%, 0, 0, 1, 46.83
1735677826, 22, 2, 10, 0, 0, 0.01%, 0, 0, 1, 46.68
1735677831, 22, 3, 10, 0, 0, 0.01%, 0, 0, 1, 47.83
1735677836, 22, 4, 10, 0, 0, 0.01%, 0, 0, 1, 48.82
1735677842, 22, 5, 10, 0, 0, 0.01%, 0, 0, 1, 49.60
1735677847, 22, 6, 10, 0, 0, 0.01%, 0, 0, 1, 47.02
1735677852, 22, 7, 10, 0, 0, 0.01%, 0, 0, 1, 49.28
1735677857, 22, 8, 10, 0, 0, 0.01%, 0, 0, 1, 46.39
1735677862, 22, 9, 10, 0, 0, 0.01%, 0, 0, 1, 48.60
1735677867, 23, 0, 10, 0, 0, 0.01%, 0, 0, 1, 49.05
1735677872, 23, 1, 10, 0, 0, 0.01%, 0, 0, 1, 46.13
1735677877, 23, 2, 10, 0, 0, 0.01%, 0, 0, 1, 48.88
1735677882, 23, 3, 10, 0, 0, 0.01%, 0, 0, 1, 46.73
1735677887, 23, 4, 10, 0, 0, 0.01%, 0, 0, 1, 46.02
1735677898, 23, 5, 10, 0, 0, 0.01%, 0, 0, 1, 49.32
1735677903, 23, 6, 10, 0, 0, 0.01%, 0, 0, 1, 50.01
1735677908, 23, 7, 10, 0, 0, 0.01%, 0, 0, 1, 51.29
1735677913, 23, 8, 10, 0, 0, 0.01%, 0, 0, 1, 49.31
1735677918, 23, 9, 10, 0, 0, 0.01%, 0, 0, 1, 47.59
1735677923, 24, 0, 10, 0, 0, 0.01%, 0, 0, 1, 46.50
1735677928, 24, 1, 10, 0, 0, 0.01%, 0, 0, 1, 49.81
1735677933, 24, 2, 10, 0, 0, 0.01%, 0, 0, 1, 46.29
1735677938, 24, 3, 10, 0, 0, 0.01%, 0, 0, 1, 48.05
1735677943, 24, 4, 10, 0, 0, 0.01%, 0, 0, 1, 50.11
1735677948, 24, 5, 10, 0, 0, 0.01%, 0, 0, 1, 47.43
1735677954, 24, 6, 10, 0, 0, 0.01%, 0, 0, 1, 44.70
1735677959, 24, 7, 10, 0, 0, 0.01%, 0, 0, 1, 45.00
1735677964, 24, 8, 10, 0, 0, 0.01%, 0, 0, 1, 48.26
1735677969, 24, 9, 10, 0, 0, 0.01%, 0, 0, 1, 49.41
1735677974, 25, 0, 10, 0, 0, 0.01%, 0, 0, 1, 47.62
1735677979, 25, 1, 10, 0, 0, 0.01%, 0, 0, 1, 47.05
1735677984, 25, 2, 10, 0, 0, 0.01%, 0, 0, 1, 47.85
1735677989, 25, 3, 10, 0, 0, 0.01%, 0, 0, 1, 46.69
1735677994, 25, 4, 10, 0, 0, 0.01%, 0, 0, 1, 50.26
1735678004, 25, 5, 10, 0, 0, 0.01%, 0, 0, 1, 48.80
1735678009, 25, 6, 10, 0, 0, 0.01%, 0, 0, 1, 47.66
1735678014, 25, 7, 10, 0, 0, 0.01%, 0, 0, 1, 49.95
1735678019, 25, 8, 10, 0, 0, 0.01%, 0, 0, 1, 48.82
1735678024, 25, 9, 10, 0, 0, 0.01%, 0, 0, 1, 48.64
1735678029, 26, 0, 10, 0, 0, 0.01%, 0, 0, 1, 50.29
1735678035, 26, 1, 10, 0, 0, 0.01%, 0, 0, 1, 49.73
1735678040, 26, 2, 10, 0, 0, 0.01%, 0, 0, 1, 49.15
1735678045, 26, 3, 10, 0, 0, 0.01%, 0, 0, 1, 46.96
1735678050, 26, 4, 10, 0, 0, 0.01%, 0, 0, 1, 48.50
1735678055, 26, 5, 10, 0, 0, 0.01%, 0, 0, 1, 48.46
1735678060, 26, 6, 10, 0, 0, 0.01%, 0, 0, 1, 48.73
1735678065, 26, 7, 10, 0, 0, 0.01%, 0, 0, 1, 46.16
1735678070, 26, 8, 10, 0, 0, 0.01%, 0, 0, 1, 46.71
1735678075, 26, 9, 10, 0, 0, 0.01%, 0, 0, 1, 45.78
1735678080, 27, 0, 10, 0, 0, 0.01%, 0, 0, 1, 48.06
1735678086, 27, 1, 10, 0, 0, 0.01%, 0, 0, 1, 47.00
1735678091, 27, 2, 10, 0, 0, 0.01%, 0, 0, 1, 48.94
1735678096, 27, 3, 10, 0, 0, 0.01%, 0, 0, 1, 46.24
1735678101, 27, 4, 10, 0, 0, 0.01%, 0, 0, 1, 47.63
1735678106, 27, 5, 10, 0, 0, 0.01%, 0, 0, 1, 47.53
1735678116, 27, 6, 10, 0, 0, 0.01%, 0, 0, 1, 47.48
1735678121, 27, 7, 10, 0, 0, 0.01%, 0, 0, 1, 45.98
1735678126, 27, 8, 10, 0, 0, 0.01%, 0, 0, 1, 46.34
1735678131, 27, 9, 10, 0, 0, 0.01%, 0, 0, 1, 48.84
1735678136, 28, 0, 10, 0, 0, 0.01%, 0, 0, 1, 49.00
1735678141, 28, 1, 10, 0, 0, 0.01%, 0, 0, 1, 48.04
1735678146, 28, 2, 10, 0, 0, 0.01%, 0, 0, 1, 46.92
1735678151, 28, 10, 11, 1, 1, 0.14%, 1, 0, 2, 69.85
1735678293, 35, 10, 11, 0, 0, 0.14%, 1, 0, 2, 52.76
1735678308, 36, 10, 11, 0, 0, 0.14%, 1, 0, 2, 49.84
1735678359, 37, 10, 11, 0, 0, 0.14%, 1, 0, 2, 50.21
1735678445, 38, 10, 11, 0, 0, 0.14%, 1, 0, 2, 50.45
1735678480, 38, 10, 12, 1, 0, 0.14%, 2, 0, 3, 51.45
1735678521, 38, 10, 13, 2, 0, 0.14%, 3, 0, 3, 52.35
1735678602, 38, 11, 13, 2, 2, 0.14%, 3, 0, 3, 59.69
1735678608, 38, 11, 14, 3, 2, 0.14%, 3, 0, 4, 70.91
1735678638, 38, 11, 15, 4, 2, 0.14%, 3, 0, 4, 53.66
1735678653, 38, 11, 16, 5, 2, 0.14%, 4, 0, 4, 49.91
1735678679, 38, 11, 17, 6, 2, 0.14%, 4, 0, 4, 50.94
1735678724, 38, 11, 18, 7, 2, 0.14%, 4, 0, 4, 50.54
1735678790, 38, 11, 19, 8, 2, 0.14%, 4, 0, 4, 54.91
1735678831, 38, 15, 20, 7, 2, 0.14%, 4, 0, 5, 81.16
1735678836, 38, 15, 20, 7, 2, 0.14%, 5, 0, 5, 68.23
1735678841, 38, 15, 21, 8, 2, 0.14%, 5, 0, 5, 78.49
1735678882, 38, 15, 22, 9, 2, 0.14%, 5, 0, 5, 59.22
1735679146, 38, 15, 23, 10, 2, 0.14%, 5, 0, 5, 69.01
1735679191, 38, 15, 25, 12, 2, 0.14%, 5, 0, 5, 62.13
1735679196, 38, 23, 27, 12, 1, 0.14%, 5, 0, 5, 63.10
1735679339, 38, 23, 28, 13, 1, 0.14%, 5, 0, 6, 60.44
1735679344, 38, 23, 29, 14, 1, 0.14%, 5, 0, 6, 56.28
1735679375, 38, 27, 29, 13, 2, 0.14%, 5, 0, 6, 85.52
1735679385, 38, 27, 30, 14, 2, 0.14%, 5, 0, 7, 108.84
1735679415, 38, 27, 32, 16, 2, 0.14%, 5, 0, 7, 109.51
1735679446, 38, 27, 34, 18, 2, 0.14%, 5, 0, 7, 109.71
1735679471, 38, 27, 35, 19, 2, 0.14%, 6, 0, 7, 109.58
1735679476, 38, 27, 36, 20, 2, 0.14%, 6, 0, 7, 116.19
1735679746, 38, 27, 37, 21, 2, 0.14%, 6, 0, 7, 69.54
1735679802, 38, 27, 38, 22, 2, 0.14%, 6, 0, 7, 75.26
1735679904, 38, 27, 39, 23, 2, 0.14%, 6, 0, 7, 63.18
1735679944, 38, 28, 39, 22, 2, 0.14%, 6, 0, 7, 77.57
1735680061, 38, 37, 39, 21, 1, 0.14%, 6, 0, 7, 75.43
1735680356, 38, 38, 39, 20, 0, 0.14%, 6, 0, 7, 73.08
1735680688, 39, 14, 39, 19, 0, 0.14%, 6, 0, 7, 52.08
1735680861, 39, 35, 39, 14, 0, 0.14%, 6, 0, 7, 45.97
1735680866, 40, 26, 39, 11, 0, 0.14%, 6, 0, 7, 79.87
1735680993, 44, 36, 39, 6, 0, 0.14%, 6, 0, 7, 51.31
1735681212, 45, 32, 39, 4, 0, 0.14%, 6, 0, 7, 71.28
1735681217, 46, 10, 39, 3, 0, 0.14%, 6, 0, 7, 55.00
1735681288, 46, 22, 39, 3, 0, 0.14%, 6, 0, 7, 72.13
1735681416, 51, 18, 39, 1, 0, 0.14%, 6, 0, 7, 58.28
1735681538, 51, 22, 39, 1, 0, 0.14%, 6, 0, 7, 56.30
1735681563, 51, 32, 39, 1, 0, 0.14%, 6, 0, 7, 111.99
1735681875, 52, 22, 39, 1, 0, 0.14%, 6, 0, 7, 59.30
1735681946, 53, 10, 39, 1, 0, 0.14%, 6, 0, 7, 57.94
1735682042, 53, 22, 39, 1, 0, 0.14%, 6, 0, 7, 56.80
1735682119, 54, 22, 39, 1, 0, 0.14%, 6, 0, 7, 52.64
1735682215, 54, 32, 39, 1, 0, 0.14%, 6, 0, 7, 59.07
1735682250, 55, 22, 39, 1, 0, 0.14%, 6, 0, 7, 59.14
1735682352, 55, 32, 39, 1, 0, 0.14%, 6, 0, 7, 65.30
1735682413, 56, 10, 39, 1, 0, 0.14%, 6, 0, 7, 54.97
1735682509, 56, 18, 39, 1, 0, 0.14%, 6, 0, 7, 56.69
1735682534, 56, 22, 39, 1, 0, 0.14%, 6, 0, 7, 61.18
1735682631, 56, 32, 39, 1, 0, 0.14%, 6, 0, 7, 70.76
1735682697, 57, 18, 39, 1, 0, 0.14%, 6, 0, 7, 58.03
1735682773, 57, 22, 39, 1, 0, 0.14%, 6, 0, 7, 61.64
1735682869, 57, 32, 39, 1, 0, 0.14%, 6, 0, 7, 67.77
1735682936, 57, 32, 40, 2, 0, 0.14%, 6, 0, 8, 64.55
1735682971, 57, 39, 40, 2, 1, 0.14%, 6, 0, 8, 82.19
1735683317, 58, 32, 40, 1, 0, 0.14%, 6, 0, 8, 67.72
1735683399, 59, 32, 40, 0, 0, 0.14%, 6, 0, 8, 65.58
1735683480, 60, 32, 40, 0, 0, 0.14%, 6, 0, 8, 69.44
1735683561, 61, 39, 40, 0, 0, 0.14%, 6, 0, 8, 65.49
1735683627, 62, 39, 40, 0, 0, 0.14%, 6, 0, 8, 76.34
1735683632, 62, 39, 41, 1, 0, 0.14%, 7, 0, 9, 77.28
1735683739, 63, 40, 41, 0, 0, 0.14%, 7, 0, 9, 94.83
1735684080, 66, 39, 41, 0, 0, 0.14%, 7, 0, 9, 69.21
1735684166, 71, 21, 41, 0, 0, 0.14%, 7, 0, 9, 84.06
1735684293, 71, 40, 41, 0, 0, 0.14%, 7, 0, 9, 54.86
1735684364, 72, 40, 41, 0, 0, 0.14%, 7, 0, 9, 65.69
1735684456, 73, 40, 41, 0, 0, 0.14%, 7, 0, 9, 69.02
1735684542, 74, 40, 41, 0, 0, 0.14%, 7, 0, 9, 68.82
1735684633, 75, 40, 41, 0, 0, 0.14%, 7, 0, 9, 61.44
1735684730, 76, 40, 41, 0, 0, 0.14%, 7, 0, 9, 70.60
1735684811, 77, 40, 41, 0, 0, 0.14%, 7, 0, 9, 67.84
1735684903, 80, 39, 41, 0, 0, 0.14%, 7, 0, 9, 74.91
1735684989, 98, 10, 41, 0, 0, 0.14%, 7, 0, 9, 57.97
1735685096, 99, 12, 41, 0, 0, 0.14%, 7, 0, 9, 75.72
1735685162, 110, 12, 41, 0, 0, 0.14%, 7, 0, 9, 58.52
1735685207, 111, 10, 41, 0, 0, 0.14%, 7, 0, 9, 67.12
1735685314, 112, 12, 41, 0, 0, 0.14%, 7, 0, 9, 63.83
1735685411, 118, 20, 41, 0, 0, 0.14%, 7, 0, 9, 86.10
1735685522, 121, 18, 41, 0, 0, 0.14%, 7, 0, 9, 58.70
1735685583, 128, 39, 41, 0, 0, 0.14%, 7, 0, 9, 77.60
1735685668, 134, 28, 41, 0, 0, 0.14%, 7, 0, 9, 61.67
1735685714, 136, 24, 41, 0, 0, 0.14%, 7, 0, 9, 66.33
1735685836, 140, 17, 41, 0, 0, 0.14%, 7, 0, 9, 84.57
1735685969, 143, 12, 41, 0, 0, 0.14%, 7, 0, 9, 65.91
1735686065, 148, 18, 41, 0, 0, 0.14%, 7, 0, 9, 60.00
1735686166, 150, 20, 41, 0, 0, 0.14%, 7, 0, 9, 53.30
1735686217, 155, 28, 41, 0, 0, 0.14%, 7, 0, 9, 62.95
1735686314, 158, 12, 41, 0, 0, 0.14%, 7, 0, 9, 67.81
1735686400, 162, 11, 41, 0, 0, 0.14%, 7, 0, 9, 61.04
1735686415, 162, 34, 41, 0, 0, 0.14%, 7, 0, 9, 117.37
1735686813, 163, 12, 41, 0, 0, 0.14%, 7, 0, 9, 66.60
1735686909, 163, 28, 41, 0, 0, 0.14%, 7, 0, 9, 57.91
1735687010, 165, 12, 41, 0, 0, 0.14%, 7, 0, 9, 57.54
1735687102, 169, 11, 41, 0, 0, 0.14%, 7, 0, 9, 64.04
1735687122, 176, 16, 41, 0, 0, 0.14%, 7, 0, 9, 74.20
1735687234, 177, 21, 41, 0, 0, 0.14%, 7, 0, 9, 56.07
1735687259, 178, 28, 41, 0, 0, 0.14%, 7, 0, 9, 64.38
