# unix_time, cycles_done, cur_path, paths_total, pending_total, pending_favs, map_size, unique_crashes, unique_hangs, max_depth, execs_per_sec
1734753271, 0, 0, 10, 10, 1, 0.01%, 0, 0, 1, 36.45
1734753276, 0, 3, 10, 10, 1, 0.01%, 0, 0, 1, 36.72
1734753291, 1, 0, 10, 3, 0, 0.01%, 0, 0, 1, 43.31
1734753296, 1, 1, 10, 2, 0, 0.01%, 0, 0, 1, 43.36
1734753306, 1, 2, 10, 1, 0, 0.01%, 0, 0, 1, 45.84
1734753312, 1, 3, 10, 0, 0, 0.01%, 0, 0, 1, 44.19
1734753317, 1, 4, 10, 0, 0, 0.01%, 0, 0, 1, 44.06
1734753322, 1, 5, 10, 0, 0, 0.01%, 0, 0, 1, 43.15
1734753327, 1, 6, 10, 0, 0, 0.01%, 0, 0, 1, 43.98
1734753332, 1, 7, 10, 0, 0, 0.01%, 0, 0, 1, 47.04
1734753337, 1, 8, 10, 0, 0, 0.01%, 0, 0, 1, 44.15
1734753342, 1, 9, 10, 0, 0, 0.01%, 0, 0, 1, 44.19
1734753352, 2, 0, 10, 0, 0, 0.01%, 0, 0, 1, 44.68
1734753357, 2, 1, 10, 0, 0, 0.01%, 0, 0, 1, 44.45
1734753362, 2, 2, 10, 0, 0, 0.01%, 0, 0, 1, 42.69
1734753367, 2, 3, 10, 0, 0, 0.01%, 0, 0, 1, 42.20
1734753372, 2, 4, 10, 0, 0, 0.01%, 0, 0, 1, 43.48
1734753378, 2, 5, 10, 0, 0, 0.01%, 0, 0, 1, 43.67
1734753388, 2, 6, 10, 0, 0, 0.01%, 0, 0, 1, 44.43
1734753393, 2, 7, 10, 0, 0, 0.01%, 0, 0, 1, 43.39
1734753398, 2, 8, 10, 0, 0, 0.01%, 0, 0, 1, 42.70
1734753403, 2, 9, 10, 0, 0, 0.01%, 0, 0, 1, 42.67
1734753408, 3, 0, 10, 0, 0, 0.01%, 0, 0, 1, 44.01
1734753413, 3, 1, 10, 0, 0, 0.01%, 0, 0, 1, 44.45
1734753418, 3, 2, 10, 0, 0, 0.01%, 0, 0, 1, 44.00
1734753428, 3, 3, 10, 0, 0, 0.01%, 0, 0, 1, 45.05
1734753433, 3, 4, 10, 0, 0, 0.01%, 0, 0, 1, 46.31
1734753438, 3, 5, 10, 0, 0, 0.01%, 0, 0, 1, 44.47
1734753443, 3, 6, 10, 0, 0, 0.01%, 0, 0, 1, 45.37
1734753449, 3, 7, 10, 0, 0, 0.01%, 0, 0, 1, 44.53
1734753454, 3, 8, 10, 0, 0, 0.01%, 0, 0, 1, 44.81
1734753459, 3, 9, 10, 0, 0, 0.01%, 0, 0, 1, 43.76
1734753464, 4, 0, 10, 0, 0, 0.01%, 0, 0, 1, 42.64
1734753474, 4, 1, 10, 0, 0, 0.01%, 0, 0, 1, 45.18
1734753479, 4, 2, 10, 0, 0, 0.01%, 0, 0, 1, 44.67
1734753484, 4, 3, 10, 0, 0, 0.01%, 0, 0, 1, 43.79
1734753489, 4, 4, 10, 0, 0, 0.01%, 0, 0, 1, 43.83
1734753494, 4, 5, 10, 0, 0, 0.01%, 0, 0, 1, 45.52
1734753499, 4, 6, 10, 0, 0, 0.01%, 0, 0, 1, 44.51
1734753505, 4, 7, 10, 0, 0, 0.01%, 0, 0, 1, 42.88
1734753515, 4, 8, 10, 0, 0, 0.01%, 0, 0, 1, 43.17
1734753520, 4, 9, 10, 0, 0, 0.01%, 0, 0, 1, 43.87
1734753525, 5, 0, 10, 0, 0, 0.01%, 0, 0, 1, 43.03
1734753530, 5, 1, 10, 0, 0, 0.01%, 0, 0, 1, 43.30
1734753535, 5, 2, 10, 0, 0, 0.01%, 0, 0, 1, 43.66
1734753540, 5, 3, 10, 0, 0, 0.01%, 0, 0, 1, 43.01
1734753545, 5, 4, 10, 0, 0, 0.01%, 0, 0, 1, 45.14
1734753555, 5, 5, 10, 0, 0, 0.01%, 0, 0, 1, 44.06
1734753560, 5, 6, 10, 0, 0, 0.01%, 0, 0, 1, 44.66
1734753566, 5, 7, 10, 0, 0, 0.01%, 0, 0, 1, 44.78
1734753571, 5, 8, 10, 0, 0, 0.01%, 0, 0, 1, 44.95
1734753576, 5, 9, 10, 0, 0, 0.01%, 0, 0, 1, 43.77
1734753581, 6, 0, 10, 0, 0, 0.01%, 0, 0, 1, 45.40
1734753586, 6, 1, 10, 0, 0, 0.01%, 0, 0, 1, 44.59
1734753591, 6, 2, 10, 0, 0, 0.01%, 0, 0, 1, 44.71
1734753601, 6, 3, 10, 0, 0, 0.01%, 0, 0, 1, 43.54
1734753606, 6, 4, 10, 0, 0, 0.01%, 0, 0, 1, 45.17
1734753611, 6, 5, 10, 0, 0, 0.01%, 0, 0, 1, 45.58
1734753616, 6, 6, 10, 0, 0, 0.01%, 0, 0, 1, 44.46
1734753621, 6, 7, 10, 0, 0, 0.01%, 0, 0, 1, 44.91
1734753626, 6, 8, 10, 0, 0, 0.01%, 0, 0, 1, 43.73
1734753632, 6, 9, 10, 0, 0, 0.01%, 0, 0, 1, 43.12
1734753642, 7, 0, 10, 0, 0, 0.01%, 0, 0, 1, 44.63
1734753647, 7, 1, 10, 0, 0, 0.01%, 0, 0, 1, 45.36
1734753652, 7, 2, 10, 0, 0, 0.01%, 0, 0, 1, 45.28
1734753657, 7, 3, 10, 0, 0, 0.01%, 0, 0, 1, 43.26
1734753662, 7, 4, 10, 0, 0, 0.01%, 0, 0, 1, 41.99
1734753667, 7, 5, 10, 0, 0, 0.01%, 0, 0, 1, 44.05
1734753672, 7, 6, 10, 0, 0, 0.01%, 0, 0, 1, 44.21
1734753682, 7, 7, 10, 0, 0, 0.01%, 0, 0, 1, 42.75
1734753687, 7, 8, 10, 0, 0, 0.01%, 0, 0, 1, 45.10
1734753692, 7, 9, 10, 0, 0, 0.01%, 0, 0, 1, 45.52
1734753698, 8, 0, 10, 0, 0, 0.01%, 0, 0, 1, 44.22
1734753703, 8, 1, 10, 0, 0, 0.01%, 0, 0, 1, 44.06
1734753708, 8, 2, 10, 0, 0, 0.01%, 0, 0, 1, 45.31
1734753713, 8, 3, 10, 0, 0, 0.01%, 0, 0, 1, 43.19
1734753723, 8, 4, 10, 0, 0, 0.01%, 0, 0, 1, 45.75
1734753728, 8, 5, 10, 0, 0, 0.01%, 0, 0, 1, 44.06
1734753733, 8, 6, 10, 0, 0, 0.01%, 0, 0, 1, 43.79
1734753738, 8, 7, 10, 0, 0, 0.01%, 0, 0, 1, 44.89
1734753743, 8, 8, 10, 0, 0, 0.01%, 0, 0, 1, 43.52
1734753748, 8, 9, 10, 0, 0, 0.01%, 0, 0, 1, 43.61
1734753753, 9, 0, 10, 0, 0, 0.01%, 0, 0, 1, 44.33
1734753763, 9, 1, 10, 0, 0, 0.01%, 0, 0, 1, 45.69
1734753768, 9, 2, 10, 0, 0, 0.01%, 0, 0, 1, 43.28
1734753774, 9, 3, 10, 0, 0, 0.01%, 0, 0, 1, 44.08
1734753779, 9, 4, 10, 0, 0, 0.01%, 0, 0, 1, 44.70
1734753784, 9, 5, 10, 0, 0, 0.01%, 0, 0, 1, 44.12
1734753789, 9, 6, 10, 0, 0, 0.01%, 0, 0, 1, 44.72
1734753794, 9, 7, 10, 0, 0, 0.01%, 0, 0, 1, 45.14
1734753799, 9, 8, 10, 0, 0, 0.01%, 0, 0, 1, 45.07
1734753809, 9, 9, 10, 0, 0, 0.01%, 0, 0, 1, 44.75
1734753814, 10, 0, 10, 0, 0, 0.01%, 0, 0, 1, 43.35
1734753819, 10, 1, 10, 0, 0, 0.01%, 0, 0, 1, 42.55
1734753825, 10, 2, 10, 0, 0, 0.01%, 0, 0, 1, 44.31
1734753830, 10, 3, 10, 0, 0, 0.01%, 0, 0, 1, 43.19
1734753835, 10, 4, 10, 0, 0, 0.01%, 0, 0, 1, 43.57
1734753845, 10, 5, 10, 0, 0, 0.01%, 0, 0, 1, 44.53
1734753850, 10, 6, 10, 0, 0, 0.01%, 0, 0, 1, 45.60
1734753855, 10, 7, 10, 0, 0, 0.01%, 0, 0, 1, 45.30
1734753860, 10, 8, 10, 0, 0, 0.01%, 0, 0, 1, 45.35
1734753865, 10, 9, 10, 0, 0, 0.01%, 0, 0, 1, 42.17
1734753870, 11, 0, 10, 0, 0, 0.01%, 0, 0, 1, 43.84
1734753875, 11, 1, 10, 0, 0, 0.01%, 0, 0, 1, 46.01
1734753880, 11, 2, 10, 0, 0, 0.01%, 0, 0, 1, 45.77
1734753890, 11, 3, 10, 0, 0, 0.01%, 0, 0, 1, 46.89
1734753896, 11, 4, 10, 0, 0, 0.01%, 0, 0, 1, 45.91
1734753901, 11, 5, 10, 0, 0, 0.01%, 0, 0, 1, 45.44
1734753906, 11, 6, 10, 0, 0, 0.01%, 0, 0, 1, 46.17
1734753911, 11, 7, 10, 0, 0, 0.01%, 0, 0, 1, 46.70
1734753916, 11, 8, 10, 0, 0, 0.01%, 0, 0, 1, 45.81
1734753921, 11, 9, 10, 0, 0, 0.01%, 0, 0, 1, 44.63
1734753926, 12, 0, 10, 0, 0, 0.01%, 0, 0, 1, 48.20
1734753931, 12, 1, 10, 0, 0, 0.01%, 0, 0, 1, 48.31
1734753936, 12, 2, 10, 0, 0, 0.01%, 0, 0, 1, 45.71
1734753941, 12, 3, 10, 0, 0, 0.01%, 0, 0, 1, 46.20
1734753946, 12, 4, 10, 0, 0, 0.01%, 0, 0, 1, 46.25
1734753957, 12, 5, 10, 0, 0, 0.01%, 0, 0, 1, 44.66
1734753962, 12, 6, 10, 0, 0, 0.01%, 0, 0, 1, 45.15
1734753967, 12, 7, 10, 0, 0, 0.01%, 0, 0, 1, 45.44
1734753972, 12, 8, 10, 0, 0, 0.01%, 0, 0, 1, 44.21
1734753977, 12, 9, 10, 0, 0, 0.01%, 0, 0, 1, 46.63
1734753982, 13, 0, 10, 0, 0, 0.01%, 0, 0, 1, 44.10
1734753987, 13, 1, 10, 0, 0, 0.01%, 0, 0, 1, 44.88
1734753992, 13, 2, 10, 0, 0, 0.01%, 0, 0, 1, 46.82
1734753997, 13, 3, 10, 0, 0, 0.01%, 0, 0, 1, 47.58
1734754008, 13, 4, 10, 0, 0, 0.01%, 0, 0, 1, 45.26
1734754013, 13, 5, 10, 0, 0, 0.01%, 0, 0, 1, 45.17
1734754018, 13, 6, 10, 0, 0, 0.01%, 0, 0, 1, 45.15
1734754023, 13, 7, 10, 0, 0, 0.01%, 0, 0, 1, 47.15
1734754028, 13, 8, 10, 0, 0, 0.01%, 0, 0, 1, 46.00
1734754033, 13, 9, 10, 0, 0, 0.01%, 0, 0, 1, 46.45
1734754038, 14, 0, 10, 0, 0, 0.01%, 0, 0, 1, 47.63
1734754043, 14, 1, 10, 0, 0, 0.01%, 0, 0, 1, 46.61
1734754048, 14, 2, 10, 0, 0, 0.01%, 0, 0, 1, 46.92
1734754053, 14, 3, 10, 0, 0, 0.01%, 0, 0, 1, 47.01
1734754058, 14, 4, 10, 0, 0, 0.01%, 0, 0, 1, 46.29
1734754064, 14, 5, 10, 0, 0, 0.01%, 0, 0, 1, 47.68
1734754069, 14, 6, 10, 0, 0, 0.01%, 0, 0, 1, 47.37
1734754079, 14, 7, 10, 0, 0, 0.01%, 0, 0, 1, 45.43
1734754084, 14, 8, 10, 0, 0, 0.01%, 0, 0, 1, 45.56
1734754089, 14, 9, 10, 0, 0, 0.01%, 0, 0, 1, 44.35
1734754094, 15, 0, 10, 0, 0, 0.01%, 0, 0, 1, 45.42
1734754099, 15, 1, 10, 0, 0, 0.01%, 0, 0, 1, 47.90
1734754104, 15, 2, 10, 0, 0, 0.01%, 0, 0, 1, 47.08
1734754109, 15, 3, 10, 0, 0, 0.01%, 0, 0, 1, 46.46
1734754114, 15, 4, 10, 0, 0, 0.01%, 0, 0, 1, 45.76
1734754140, 15, 5, 10, 0, 0, 0.01%, 0, 0, 1, 39.37
1734754160, 15, 6, 10, 0, 0, 0.01%, 0, 0, 1, 39.47
1734754181, 15, 7, 10, 0, 0, 0.01%, 0, 0, 1, 39.66
1734754201, 15, 8, 10, 0, 0, 0.01%, 0, 0, 1, 39.71
1734754221, 15, 9, 10, 0, 0, 0.01%, 0, 0, 1, 39.78
1734754242, 16, 0, 10, 0, 0, 0.01%, 0, 0, 1, 40.09
1734754262, 16, 1, 10, 0, 0, 0.01%, 0, 0, 1, 40.87
1734754282, 16, 2, 10, 0, 0, 0.01%, 0, 0, 1, 46.09
1734754288, 16, 3, 10, 0, 0, 0.01%, 0, 0, 1, 48.15
1734754293, 16, 4, 10, 0, 0, 0.01%, 0, 0, 1, 45.45
1734754298, 16, 5, 10, 0, 0, 0.01%, 0, 0, 1, 46.14
1734754303, 16, 5, 11, 1, 0, 0.14%, 1, 0, 2, 45.73
1734754308, 16, 10, 11, 1, 1, 0.14%, 1, 0, 2, 53.01
1734754313, 16, 10, 12, 2, 1, 0.14%, 2, 0, 3, 51.70
1734754389, 18, 11, 12, 0, 0, 0.14%, 2, 0, 3, 69.93
1734754394, 18, 11, 13, 1, 0, 0.14%, 3, 0, 4, 62.63
1734754471, 18, 12, 13, 1, 1, 0.14%, 3, 0, 4, 67.77
1734754486, 18, 12, 14, 2, 1, 0.14%, 4, 0, 5, 51.68
1734754522, 18, 12, 15, 3, 1, 0.14%, 5, 0, 5, 49.10
1734754547, 18, 12, 16, 4, 1, 0.14%, 5, 0, 5, 51.35
1734754603, 18, 12, 17, 5, 1, 0.14%, 5, 0, 5, 52.53
1734754634, 18, 13, 18, 5, 3, 0.14%, 5, 0, 6, 55.14
1734754659, 18, 13, 19, 6, 3, 0.14%, 5, 0, 6, 54.53
1734754700, 18, 13, 20, 7, 3, 0.14%, 5, 0, 6, 57.07
1734754776, 18, 13, 22, 9, 3, 0.14%, 5, 0, 6, 48.94
1734754781, 18, 13, 23, 10, 3, 0.14%, 5, 0, 6, 46.40
1734754786, 18, 13, 24, 11, 3, 0.14%, 5, 0, 6, 48.64
1734754801, 18, 16, 24, 10, 3, 0.14%, 5, 0, 6, 72.50
1734754852, 18, 16, 25, 11, 3, 0.14%, 5, 0, 6, 49.19
1734754913, 18, 16, 26, 12, 3, 0.14%, 5, 0, 6, 53.82
1734754928, 18, 24, 28, 13, 3, 0.14%, 5, 0, 6, 50.05
1734755051, 18, 24, 29, 14, 3, 0.14%, 5, 0, 7, 77.88
1734755056, 18, 24, 30, 15, 3, 0.14%, 5, 0, 7, 71.37
1734755076, 18, 24, 31, 16, 3, 0.14%, 5, 0, 7, 66.52
1734755136, 18, 25, 31, 15, 3, 0.14%, 5, 0, 7, 54.37
1734755193, 18, 25, 32, 16, 3, 0.14%, 5, 0, 7, 111.37
1734755198, 18, 25, 33, 17, 3, 0.14%, 5, 0, 7, 109.97
1734755254, 18, 25, 35, 19, 3, 0.14%, 6, 0, 7, 109.82
1734755649, 18, 25, 36, 20, 3, 0.14%, 6, 0, 7, 69.61
1734755720, 18, 27, 36, 19, 2, 0.14%, 6, 0, 7, 67.48
1734755746, 18, 27, 37, 20, 2, 0.14%, 6, 0, 7, 53.34
1734755848, 18, 35, 37, 19, 2, 0.14%, 6, 0, 7, 79.75
1734756073, 18, 36, 37, 18, 1, 0.14%, 6, 0, 7, 50.60
1734756149, 19, 15, 37, 17, 0, 0.14%, 6, 0, 7, 76.58
1734756246, 19, 19, 37, 16, 0, 0.14%, 6, 0, 7, 68.60
1734756251, 19, 23, 37, 14, 0, 0.14%, 6, 0, 7, 64.79
1734756333, 19, 34, 37, 11, 0, 0.14%, 6, 0, 7, 47.50
1734756338, 22, 21, 37, 4, 0, 0.14%, 6, 0, 7, 51.09
1734756409, 25, 26, 37, 2, 0, 0.14%, 6, 0, 7, 86.01
1734756455, 25, 26, 38, 3, 0, 0.14%, 6, 0, 7, 77.54
1734756537, 26, 37, 38, 1, 0, 0.14%, 6, 0, 7, 88.90
1734756599, 27, 33, 38, 1, 0, 0.14%, 6, 0, 7, 64.55
1734756604, 28, 33, 38, 1, 0, 0.14%, 6, 0, 7, 67.91
1734756971, 31, 33, 38, 1, 0, 0.14%, 6, 0, 7, 64.17
1734756976, 32, 14, 38, 1, 0, 0.14%, 6, 0, 7, 93.58
1734757058, 32, 33, 38, 0, 0, 0.14%, 6, 0, 7, 70.57
1734757068, 32, 37, 38, 0, 0, 0.14%, 6, 0, 7, 64.85
1734757073, 33, 33, 38, 0, 0, 0.14%, 6, 0, 7, 70.72
1734757089, 33, 37, 38, 0, 0, 0.14%, 6, 0, 7, 74.46
1734757099, 34, 33, 38, 0, 0, 0.14%, 6, 0, 7, 68.44
1734757129, 34, 37, 38, 0, 0, 0.14%, 6, 0, 7, 66.37
1734757149, 35, 33, 38, 0, 0, 0.14%, 6, 0, 7, 68.75
1734757180, 35, 37, 38, 0, 0, 0.14%, 6, 0, 7, 69.41
1734757211, 36, 33, 38, 0, 0, 0.14%, 6, 0, 7, 66.69
1734757246, 36, 37, 38, 0, 0, 0.14%, 6, 0, 7, 81.31
1734757277, 37, 37, 38, 0, 0, 0.14%, 6, 0, 7, 78.59
1734757307, 38, 30, 38, 0, 0, 0.14%, 6, 0, 7, 79.41
1734757358, 38, 37, 38, 0, 0, 0.14%, 6, 0, 7, 70.58
1734757393, 39, 37, 38, 0, 0, 0.14%, 6, 0, 7, 64.07
1734757429, 40, 37, 38, 0, 0, 0.14%, 6, 0, 7, 76.79
1734757459, 48, 17, 38, 0, 0, 0.14%, 6, 0, 7, 64.64
1734757525, 49, 21, 38, 0, 0, 0.14%, 6, 0, 7, 65.49
1734757540, 49, 29, 38, 0, 0, 0.14%, 6, 0, 7, 86.84
1734757607, 50, 30, 38, 0, 0, 0.14%, 6, 0, 7, 69.54
1734757622, 52, 21, 38, 0, 0, 0.14%, 6, 0, 7, 65.60
1734757642, 60, 29, 38, 0, 0, 0.14%, 6, 0, 7, 66.52
1734757662, 61, 17, 38, 0, 0, 0.14%, 6, 0, 7, 63.80
1734757688, 68, 19, 38, 0, 0, 0.14%, 6, 0, 7, 80.11
1734757749, 70, 17, 38, 0, 0, 0.14%, 6, 0, 7, 64.83
1734757774, 71, 14, 38, 0, 0, 0.14%, 6, 0, 7, 67.69
1734757804, 71, 29, 38, 0, 0, 0.14%, 6, 0, 7, 71.47
1734757820, 72, 30, 38, 0, 0, 0.14%, 6, 0, 7, 66.33
1734757845, 74, 17, 38, 0, 0, 0.14%, 6, 0, 7, 64.52
1734757885, 75, 17, 38, 0, 0, 0.14%, 6, 0, 7, 67.96
1734757921, 78, 18, 38, 0, 0, 0.14%, 6, 0, 7, 75.71
1734757956, 80, 17, 38, 0, 0, 0.14%, 6, 0, 7, 60.85
1734757992, 81, 21, 38, 0, 0, 0.14%, 6, 0, 7, 63.52
1734758033, 84, 14, 38, 0, 0, 0.14%, 6, 0, 7, 70.12
1734758043, 84, 14, 39, 1, 0, 0.14%, 6, 0, 7, 61.54
1734758064, 84, 38, 39, 1, 1, 0.14%, 6, 0, 7, 66.60
1734758242, 88, 20, 39, 0, 0, 0.14%, 6, 0, 7, 71.68
1734758319, 89, 27, 39, 0, 0, 0.14%, 6, 0, 7, 63.16
1734758324, 92, 38, 39, 0, 0, 0.14%, 6, 0, 7, 73.05
1734758349, 93, 38, 39, 0, 0, 0.14%, 6, 0, 7, 73.63
1734758385, 94, 38, 39, 0, 0, 0.14%, 6, 0, 7, 74.94
1734758420, 95, 38, 39, 0, 0, 0.14%, 6, 0, 7, 74.75
1734758456, 96, 38, 39, 0, 0, 0.14%, 6, 0, 7, 80.47
1734758487, 97, 38, 39, 0, 0, 0.14%, 6, 0, 7, 74.33
1734758522, 98, 38, 39, 0, 0, 0.14%, 6, 0, 7, 82.33
1734758553, 99, 38, 39, 0, 0, 0.14%, 6, 0, 7, 67.54
1734758588, 103, 21, 39, 0, 0, 0.14%, 6, 0, 7, 65.58
1734758624, 104, 27, 39, 0, 0, 0.14%, 6, 0, 7, 69.70
1734758634, 107, 29, 39, 0, 0, 0.14%, 6, 0, 7, 67.62
1734758669, 109, 14, 39, 0, 0, 0.14%, 6, 0, 7, 68.50
1734758705, 110, 29, 39, 0, 0, 0.14%, 6, 0, 7, 70.98
1734758735, 115, 24, 39, 0, 0, 0.14%, 6, 0, 7, 71.77
1734758745, 118, 11, 39, 0, 0, 0.14%, 6, 0, 7, 66.94
1734758751, 120, 14, 39, 0, 0, 0.14%, 6, 0, 7, 68.45
1734758786, 120, 21, 39, 0, 0, 0.14%, 6, 0, 7, 62.57
1734758821, 122, 24, 39, 0, 0, 0.14%, 6, 0, 7, 59.15
1734758842, 122, 30, 39, 0, 0, 0.14%, 6, 0, 7, 66.01
1734758877, 126, 11, 39, 0, 0, 0.14%, 6, 0, 7, 59.66
1734758882, 128, 11, 39, 0, 0, 0.14%, 6, 0, 7, 64.66
1734758898, 128, 17, 39, 0, 0, 0.14%, 6, 0, 7, 64.16
1734758933, 128, 30, 39, 0, 0, 0.14%, 6, 0, 7, 64.56
1734758969, 129, 17, 39, 0, 0, 0.14%, 6, 0, 7, 65.43
1734759005, 129, 24, 39, 0, 0, 0.14%, 6, 0, 7, 74.45
1734759020, 131, 21, 39, 0, 0, 0.14%, 6, 0, 7, 62.92
1734759056, 132, 22, 39, 0, 0, 0.14%, 6, 0, 7, 65.03
1734759112, 133, 18, 39, 0, 0, 0.14%, 6, 0, 7, 60.92
1734759122, 136, 11, 39, 0, 0, 0.14%, 6, 0, 7, 58.92
1734759147, 136, 17, 39, 0, 0, 0.14%, 6, 0, 7, 67.60
1734759188, 136, 18, 39, 0, 0, 0.14%, 6, 0, 7, 61.71
1734759193, 136, 21, 39, 0, 0, 0.14%, 6, 0, 7, 65.72
1734759229, 136, 30, 39, 0, 0, 0.14%, 6, 0, 7, 69.88
1734759264, 137, 27, 39, 0, 0, 0.14%, 6, 0, 7, 59.84
1734759279, 139, 24, 39, 0, 0, 0.14%, 6, 0, 7, 65.49
1734759315, 139, 28, 39, 0, 0, 0.14%, 6, 0, 7, 72.36
1734759345, 139, 30, 39, 0, 0, 0.14%, 6, 0, 7, 68.79
1734759381, 140, 29, 39, 0, 0, 0.14%, 6, 0, 7, 67.50
1734759416, 141, 29, 39, 0, 0, 0.14%, 6, 0, 7, 58.78
1734759452, 142, 14, 39, 0, 0, 0.14%, 6, 0, 7, 68.48
1734759487, 144, 27, 39, 0, 0, 0.14%, 6, 0, 7, 62.28
1734759523, 147, 14, 39, 0, 0, 0.14%, 6, 0, 7, 58.49
1734759564, 147, 24, 39, 0, 0, 0.14%, 6, 0, 7, 77.86
1734759594, 148, 20, 39, 0, 0, 0.14%, 6, 0, 7, 59.28
1734759599, 149, 36, 39, 0, 0, 0.14%, 6, 0, 7, 62.34
1734759610, 150, 30, 39, 0, 0, 0.14%, 6, 0, 7, 66.09
1734759645, 151, 36, 39, 0, 0, 0.14%, 6, 0, 7, 66.71
1734759655, 153, 11, 39, 0, 0, 0.14%, 6, 0, 7, 63.76
1734759696, 154, 14, 39, 0, 0, 0.14%, 6, 0, 7, 70.54
1734759726, 154, 21, 39, 0, 0, 0.14%, 6, 0, 7, 70.95
1734759762, 154, 36, 39, 0, 0, 0.14%, 6, 0, 7, 68.45
1734759787, 155, 22, 39, 0, 0, 0.14%, 6, 0, 7, 62.89
1734759793, 156, 10, 39, 0, 0, 0.14%, 6, 0, 7, 63.25
1734759798, 156, 27, 39, 0, 0, 0.14%, 6, 0, 7, 63.31
1734759833, 157, 24, 39, 0, 0, 0.14%, 6, 0, 7, 77.23
1734759869, 159, 10, 39, 0, 0, 0.14%, 6, 0, 7, 61.76
1734759874, 160, 36, 39, 0, 0, 0.14%, 6, 0, 7, 63.98
1734759909, 163, 27, 39, 0, 0, 0.14%, 6, 0, 7, 65.57
1734759950, 164, 18, 39, 0, 0, 0.14%, 6, 0, 7, 64.80
1734759960, 164, 24, 39, 0, 0, 0.14%, 6, 0, 7, 65.75
1734759996, 166, 11, 39, 0, 0, 0.14%, 6, 0, 7, 63.72
1734760032, 166, 18, 39, 0, 0, 0.14%, 6, 0, 7, 66.35
1734760062, 166, 27, 39, 0, 0, 0.14%, 6, 0, 7, 68.61
1734760103, 168, 10, 39, 0, 0, 0.14%, 6, 0, 7, 60.58
1734760113, 170, 17, 39, 0, 0, 0.14%, 6, 0, 7, 64.46
1734760149, 170, 24, 39, 0, 0, 0.14%, 6, 0, 7, 67.11
1734760184, 172, 29, 39, 0, 0, 0.14%, 6, 0, 7, 68.62
1734760220, 173, 30, 39, 0, 0, 0.14%, 6, 0, 7, 64.86
1734760255, 175, 30, 39, 0, 0, 0.14%, 6, 0, 7, 67.41
1734760285, 177, 17, 39, 0, 0, 0.14%, 6, 0, 7, 63.10
1734760326, 177, 22, 39, 0, 0, 0.14%, 6, 0, 7, 62.92
1734760336, 178, 30, 39, 0, 0, 0.14%, 6, 0, 7, 62.19
1734760377, 179, 25, 39, 0, 0, 0.14%, 6, 0, 7, 67.77
1734760382, 179, 28, 39, 0, 0, 0.14%, 6, 0, 7, 61.55
1734760392, 181, 31, 39, 0, 0, 0.14%, 6, 0, 7, 67.39
1734760448, 183, 20, 39, 0, 0, 0.14%, 6, 0, 7, 62.85
1734760453, 186, 18, 39, 0, 0, 0.14%, 6, 0, 7, 60.96
1734760489, 186, 20, 39, 0, 0, 0.14%, 6, 0, 7, 61.65
1734760504, 186, 26, 39, 0, 0, 0.14%, 6, 0, 7, 65.98
1734760509, 187, 25, 39, 0, 0, 0.14%, 6, 0, 7, 69.36
1734760529, 190, 30, 39, 0, 0, 0.14%, 6, 0, 7, 64.02
1734760565, 192, 25, 39, 0, 0, 0.14%, 6, 0, 7, 74.69
1734760595, 192, 30, 39, 0, 0, 0.14%, 6, 0, 7, 61.39
1734760636, 195, 31, 39, 0, 0, 0.14%, 6, 0, 7, 56.70
1734760641, 197, 16, 39, 0, 0, 0.14%, 6, 0, 7, 65.74
1734760646, 197, 26, 39, 0, 0, 0.14%, 6, 0, 7, 59.75
1734760656, 198, 24, 39, 0, 0, 0.14%, 6, 0, 7, 74.63
1734760692, 199, 10, 39, 0, 0, 0.14%, 6, 0, 7, 58.20
1734760712, 199, 14, 39, 0, 0, 0.14%, 6, 0, 7, 68.04
1734760748, 199, 19, 39, 0, 0, 0.14%, 6, 0, 7, 58.73
1734760753, 199, 20, 39, 0, 0, 0.14%, 6, 0, 7, 63.82
1734760783, 200, 28, 39, 0, 0, 0.14%, 6, 0, 7, 65.10
1734760793, 200, 34, 39, 0, 0, 0.14%, 6, 0, 7, 90.29
1734761145, 202, 28, 39, 0, 0, 0.14%, 6, 0, 7, 63.43
1734761171, 203, 12, 39, 0, 0, 0.14%, 6, 0, 7, 60.10
1734761176, 203, 26, 39, 0, 0, 0.14%, 6, 0, 7, 67.22
1734761191, 204, 18, 39, 0, 0, 0.14%, 6, 0, 7, 63.66
1734761226, 205, 23, 39, 0, 0, 0.14%, 6, 0, 7, 68.33
1734761237, 206, 27, 39, 0, 0, 0.14%, 6, 0, 7, 63.89
1734761272, 207, 16, 39, 0, 0, 0.14%, 6, 0, 7, 55.97
1734761277, 210, 35, 39, 0, 0, 0.14%, 6, 0, 7, 61.05
1734761282, 212, 21, 39, 0, 0, 0.14%, 6, 0, 7, 63.54
1734761318, 214, 26, 39, 0, 0, 0.14%, 6, 0, 7, 69.78
1734761353, 216, 21, 39, 0, 0, 0.14%, 6, 0, 7, 70.33
1734761389, 217, 31, 39, 0, 0, 0.14%, 6, 0, 7, 68.10
1734761394, 219, 16, 39, 0, 0, 0.14%, 6, 0, 7, 65.08
1734761409, 219, 17, 39, 0, 0, 0.14%, 6, 0, 7, 63.70
1734761445, 219, 21, 39, 0, 0, 0.14%, 6, 0, 7, 64.56
1734761480, 219, 26, 39, 0, 0, 0.14%, 6, 0, 7, 67.27
1734761516, 220, 29, 39, 0, 0, 0.14%, 6, 0, 7, 68.07
1734761551, 222, 30, 39, 0, 0, 0.14%, 6, 0, 7, 57.67
1734761587, 222, 36, 39, 0, 0, 0.14%, 6, 0, 7, 61.88
1734761627, 223, 17, 39, 0, 0, 0.14%, 6, 0, 7, 63.94
1734761663, 223, 24, 39, 0, 0, 0.14%, 6, 0, 7, 71.26
1734761698, 223, 35, 39, 0, 0, 0.14%, 6, 0, 7, 68.46
1734761713, 224, 15, 39, 0, 0, 0.14%, 6, 0, 7, 57.91
1734761718, 226, 23, 39, 0, 0, 0.14%, 6, 0, 7, 64.52
1734761728, 226, 31, 39, 0, 0, 0.14%, 6, 0, 7, 65.74
1734761749, 227, 26, 39, 0, 0, 0.14%, 6, 0, 7, 66.73
1734761784, 229, 12, 39, 0, 0, 0.14%, 6, 0, 7, 62.55
1734761789, 230, 12, 39, 0, 0, 0.14%, 6, 0, 7, 64.57
1734761810, 231, 15, 39, 0, 0, 0.14%, 6, 0, 7, 70.94
1734761825, 231, 24, 39, 0, 0, 0.14%, 6, 0, 7, 77.99
1734761855, 233, 11, 39, 0, 0, 0.14%, 6, 0, 7, 68.07
1734761896, 233, 36, 39, 0, 0, 0.14%, 6, 0, 7, 68.30
1734761931, 234, 14, 39, 0, 0, 0.14%, 6, 0, 7, 75.34
1734761967, 234, 28, 39, 0, 0, 0.14%, 6, 0, 7, 61.00
1734762002, 235, 11, 39, 0, 0, 0.14%, 6, 0, 7, 66.07
1734762043, 235, 19, 39, 0, 0, 0.14%, 6, 0, 7, 63.37
1734762053, 235, 20, 39, 0, 0, 0.14%, 6, 0, 7, 65.31
1734762088, 239, 35, 39, 0, 0, 0.14%, 6, 0, 7, 67.76
1734762119, 241, 22, 39, 0, 0, 0.14%, 6, 0, 7, 63.35
1734762144, 242, 24, 39, 0, 0, 0.14%, 6, 0, 7, 66.52
1734762180, 243, 16, 39, 0, 0, 0.14%, 6, 0, 7, 65.86
1734762205, 244, 19, 39, 0, 0, 0.14%, 6, 0, 7, 56.68
1734762230, 244, 36, 39, 0, 0, 0.14%, 6, 0, 7, 62.24
1734762266, 245, 28, 39, 0, 0, 0.14%, 6, 0, 7, 62.94
1734762301, 246, 17, 39, 0, 0, 0.14%, 6, 0, 7, 63.53
1734762342, 247, 13, 39, 0, 0, 0.14%, 6, 0, 7, 60.94
1734762347, 248, 13, 39, 0, 0, 0.14%, 6, 0, 7, 63.57
1734762357, 248, 24, 39, 0, 0, 0.14%, 6, 0, 7, 67.58
1734762362, 248, 29, 39, 0, 0, 0.14%, 6, 0, 7, 64.45
1734762403, 249, 27, 39, 0, 0, 0.14%, 6, 0, 7, 59.24
1734762438, 250, 12, 39, 0, 0, 0.14%, 6, 0, 7, 59.31
1734762474, 251, 14, 39, 0, 0, 0.14%, 6, 0, 7, 72.72
1734762509, 252, 11, 39, 0, 0, 0.14%, 6, 0, 7, 60.37
1734762549, 252, 28, 39, 0, 0, 0.14%, 6, 0, 7, 59.16
1734762585, 253, 15, 39, 0, 0, 0.14%, 6, 0, 7, 67.84
1734762615, 253, 28, 39, 0, 0, 0.14%, 6, 0, 7, 56.83
1734762651, 254, 35, 39, 0, 0, 0.14%, 6, 0, 7, 62.49
1734762692, 256, 10, 39, 0, 0, 0.14%, 6, 0, 7, 58.99
1734762722, 256, 23, 39, 0, 0, 0.14%, 6, 0, 7, 63.74
1734762748, 260, 12, 39, 0, 0, 0.14%, 6, 0, 7, 58.85
1734762783, 260, 17, 39, 0, 0, 0.14%, 6, 0, 7, 64.22
1734762788, 261, 12, 39, 0, 0, 0.14%, 6, 0, 7, 64.30
1734762829, 261, 13, 39, 0, 0, 0.14%, 6, 0, 7, 63.09
1734762860, 261, 16, 39, 0, 0, 0.14%, 6, 0, 7, 62.43
1734762900, 261, 18, 39, 0, 0, 0.14%, 6, 0, 7, 62.53
1734762935, 261, 26, 39, 0, 0, 0.14%, 6, 0, 7, 66.56
1734762976, 262, 23, 39, 0, 0, 0.14%, 6, 0, 7, 67.14
1734763011, 263, 18, 39, 0, 0, 0.14%, 6, 0, 7, 63.23
1734763047, 263, 30, 39, 0, 0, 0.14%, 6, 0, 7, 64.26
1734763052, 264, 14, 39, 0, 0, 0.14%, 6, 0, 7, 66.36
1734763087, 264, 15, 39, 0, 0, 0.14%, 6, 0, 7, 67.53
1734763128, 264, 16, 39, 0, 0, 0.14%, 6, 0, 7, 60.11
1734763163, 265, 12, 39, 0, 0, 0.14%, 6, 0, 7, 61.30
1734763199, 265, 23, 39, 0, 0, 0.14%, 6, 0, 7, 62.26
1734763234, 265, 28, 39, 0, 0, 0.14%, 6, 0, 7, 65.15
1734763275, 265, 31, 39, 0, 0, 0.14%, 6, 0, 7, 65.98
1734763305, 265, 35, 39, 0, 0, 0.14%, 6, 0, 7, 65.65
1734763341, 266, 15, 39, 0, 0, 0.14%, 6, 0, 7, 62.78
1734763382, 266, 20, 39, 0, 0, 0.14%, 6, 0, 7, 61.97
1734763417, 267, 29, 39, 0, 0, 0.14%, 6, 0, 7, 65.03
1734763457, 267, 30, 39, 0, 0, 0.14%, 6, 0, 7, 60.99
1734763463, 268, 24, 39, 0, 0, 0.14%, 6, 0, 7, 62.48
1734763468, 269, 16, 39, 0, 0, 0.14%, 6, 0, 7, 58.21
1734763508, 269, 23, 39, 0, 0, 0.14%, 6, 0, 7, 65.43
1734763544, 270, 30, 39, 0, 0, 0.14%, 6, 0, 7, 62.27
1734763549, 273, 10, 39, 0, 0, 0.14%, 6, 0, 7, 58.44
1734763585, 273, 16, 39, 0, 0, 0.14%, 6, 0, 7, 62.28
1734763625, 274, 29, 39, 0, 0, 0.14%, 6, 0, 7, 70.11
1734763660, 274, 36, 39, 0, 0, 0.14%, 6, 0, 7, 64.55
1734763696, 275, 17, 39, 0, 0, 0.14%, 6, 0, 7, 63.65
1734763706, 277, 24, 39, 0, 0, 0.14%, 6, 0, 7, 67.63
1734763711, 279, 19, 39, 0, 0, 0.14%, 6, 0, 7, 61.90
1734763746, 279, 24, 39, 0, 0, 0.14%, 6, 0, 7, 63.05
1734763752, 282, 13, 39, 0, 0, 0.14%, 6, 0, 7, 64.90
1734763787, 284, 13, 39, 0, 0, 0.14%, 6, 0, 7, 58.14
1734763823, 284, 31, 39, 0, 0, 0.14%, 6, 0, 7, 64.27
1734763858, 286, 15, 39, 0, 0, 0.14%, 6, 0, 7, 61.89
1734763894, 286, 24, 39, 0, 0, 0.14%, 6, 0, 7, 70.96
1734763899, 287, 24, 39, 0, 0, 0.14%, 6, 0, 7, 67.66
1734763904, 287, 31, 39, 0, 0, 0.14%, 6, 0, 7, 63.90
1734763940, 288, 31, 39, 0, 0, 0.14%, 6, 0, 7, 62.56
1734763975, 290, 35, 39, 0, 0, 0.14%, 6, 0, 7, 73.85
1734764011, 292, 28, 39, 0, 0, 0.14%, 6, 0, 7, 64.43
1734764046, 294, 13, 39, 0, 0, 0.14%, 6, 0, 7, 65.90
1734764087, 300, 10, 39, 0, 0, 0.14%, 6, 0, 7, 61.03
1734764122, 300, 34, 39, 0, 0, 0.14%, 6, 0, 7, 66.97
1734764128, 301, 35, 39, 0, 0, 0.14%, 6, 0, 7, 69.53
1734764163, 302, 24, 39, 0, 0, 0.14%, 6, 0, 7, 64.15
1734764168, 303, 19, 39, 0, 0, 0.14%, 6, 0, 7, 62.07
1734764204, 303, 29, 39, 0, 0, 0.14%, 6, 0, 7, 63.95
1734764240, 304, 17, 39, 0, 0, 0.14%, 6, 0, 7, 65.81
1734764245, 306, 12, 39, 0, 0, 0.14%, 6, 0, 7, 60.92
1734764280, 307, 34, 39, 0, 0, 0.14%, 6, 0, 7, 60.60
1734764301, 310, 29, 39, 0, 0, 0.14%, 6, 0, 7, 65.24
1734764336, 311, 19, 39, 0, 0, 0.14%, 6, 0, 7, 62.61
1734764372, 312, 22, 39, 0, 0, 0.14%, 6, 0, 7, 66.17
1734764412, 312, 24, 39, 0, 0, 0.14%, 6, 0, 7, 65.79
1734764418, 315, 20, 39, 0, 0, 0.14%, 6, 0, 7, 63.55
1734764453, 316, 28, 39, 0, 0, 0.14%, 6, 0, 7, 60.87
1734764489, 317, 17, 39, 0, 0, 0.14%, 6, 0, 7, 57.25
1734764499, 318, 29, 39, 0, 0, 0.14%, 6, 0, 7, 62.24
1734764504, 319, 29, 39, 0, 0, 0.14%, 6, 0, 7, 64.65
1734764509, 321, 19, 39, 0, 0, 0.14%, 6, 0, 7, 61.43
1734764549, 321, 22, 39, 0, 0, 0.14%, 6, 0, 7, 66.13
1734764585, 321, 32, 39, 0, 0, 0.14%, 6, 0, 7, 86.55
1734764980, 322, 28, 39, 0, 0, 0.14%, 6, 0, 7, 61.73
1734765021, 326, 32, 39, 0, 0, 0.14%, 6, 0, 7, 59.00
1734765026, 329, 29, 39, 0, 0, 0.14%, 6, 0, 7, 63.27
1734765031, 330, 35, 39, 0, 0, 0.14%, 6, 0, 7, 66.10
1734765067, 333, 34, 39, 0, 0, 0.14%, 6, 0, 7, 65.88
1734765098, 335, 24, 39, 0, 0, 0.14%, 6, 0, 7, 66.21
1734765103, 336, 19, 39, 0, 0, 0.14%, 6, 0, 7, 62.75
1734765138, 336, 32, 39, 0, 0, 0.14%, 6, 0, 7, 57.68
1734765158, 340, 19, 39, 0, 0, 0.14%, 6, 0, 7, 59.70
1734765194, 343, 14, 39, 0, 0, 0.14%, 6, 0, 7, 67.03
1734765230, 343, 22, 39, 0, 0, 0.14%, 6, 0, 7, 68.32
1734765265, 348, 12, 39, 0, 0, 0.14%, 6, 0, 7, 61.97
1734765306, 349, 36, 39, 0, 0, 0.14%, 6, 0, 7, 66.71
1734765341, 355, 17, 39, 0, 0, 0.14%, 6, 0, 7, 62.71
1734765347, 356, 29, 39, 0, 0, 0.14%, 6, 0, 7, 62.44
1734765352, 363, 36, 39, 0, 0, 0.14%, 6, 0, 7, 65.50
1734765387, 367, 29, 39, 0, 0, 0.14%, 6, 0, 7, 66.73
1734765392, 376, 14, 39, 0, 0, 0.14%, 6, 0, 7, 73.01
1734765428, 376, 29, 39, 0, 0, 0.14%, 6, 0, 7, 62.08
1734765433, 386, 14, 39, 0, 0, 0.14%, 6, 0, 7, 69.06
1734765469, 391, 17, 39, 0, 0, 0.14%, 6, 0, 7, 63.72
1734765474, 391, 34, 39, 0, 0, 0.14%, 6, 0, 7, 68.93
1734765510, 394, 29, 39, 0, 0, 0.14%, 6, 0, 7, 68.03
1734765515, 396, 34, 39, 0, 0, 0.14%, 6, 0, 7, 70.98
1734765545, 402, 17, 39, 0, 0, 0.14%, 6, 0, 7, 58.16
1734765556, 406, 29, 39, 0, 0, 0.14%, 6, 0, 7, 62.60
1734765561, 408, 36, 39, 0, 0, 0.14%, 6, 0, 7, 64.68
1734765596, 421, 29, 39, 0, 0, 0.14%, 6, 0, 7, 64.16
1734765601, 427, 17, 39, 0, 0, 0.14%, 6, 0, 7, 66.79
1734765606, 433, 29, 39, 0, 0, 0.14%, 6, 0, 7, 66.89
1734765611, 437, 17, 39, 0, 0, 0.14%, 6, 0, 7, 63.97
1734765616, 442, 29, 39, 0, 0, 0.14%, 6, 0, 7, 68.81
1734765627, 443, 34, 39, 0, 0, 0.14%, 6, 0, 7, 68.22
1734765657, 447, 17, 39, 0, 0, 0.14%, 6, 0, 7, 65.97
1734765667, 482, 29, 39, 0, 0, 0.14%, 6, 0, 7, 62.46
1734765672, 520, 29, 39, 0, 0, 0.14%, 6, 0, 7, 66.28
1734765677, 529, 29, 39, 0, 0, 0.14%, 6, 0, 7, 65.17
1734765682, 533, 29, 39, 0, 0, 0.14%, 6, 0, 7, 68.98
1734765687, 538, 17, 39, 0, 0, 0.14%, 6, 0, 7, 59.43
1734765692, 552, 17, 39, 0, 0, 0.14%, 6, 0, 7, 63.67
1734765697, 561, 17, 39, 0, 0, 0.14%, 6, 0, 7, 62.15
1734765708, 577, 29, 39, 0, 0, 0.14%, 6, 0, 7, 62.21
1734765713, 579, 17, 39, 0, 0, 0.14%, 6, 0, 7, 58.73
1734765718, 581, 17, 39, 0, 0, 0.14%, 6, 0, 7, 58.18
1734765728, 584, 17, 39, 0, 0, 0.14%, 6, 0, 7, 61.11
1734765733, 589, 29, 39, 0, 0, 0.14%, 6, 0, 7, 66.81
1734765739, 602, 17, 39, 0, 0, 0.14%, 6, 0, 7, 65.41
1734765744, 615, 29, 39, 0, 0, 0.14%, 6, 0, 7, 64.45
1734765749, 628, 29, 39, 0, 0, 0.14%, 6, 0, 7, 66.55
1734765754, 648, 29, 39, 0, 0, 0.14%, 6, 0, 7, 66.91
1734765759, 667, 29, 39, 0, 0, 0.14%, 6, 0, 7, 64.87
1734765764, 678, 17, 39, 0, 0, 0.14%, 6, 0, 7, 65.01
1734765774, 680, 17, 39, 0, 0, 0.14%, 6, 0, 7, 62.76
1734765779, 693, 17, 39, 0, 0, 0.14%, 6, 0, 7, 61.42
1734765789, 697, 17, 39, 0, 0, 0.14%, 6, 0, 7, 60.44
1734765794, 718, 17, 39, 0, 0, 0.14%, 6, 0, 7, 60.94
1734765799, 723, 17, 39, 0, 0, 0.14%, 6, 0, 7, 64.15
1734765809, 736, 29, 39, 0, 0, 0.14%, 6, 0, 7, 70.30
1734765815, 772, 17, 39, 0, 0, 0.14%, 6, 0, 7, 63.91
1734765820, 784, 17, 39, 0, 0, 0.14%, 6, 0, 7, 66.37
1734765825, 788, 29, 39, 0, 0, 0.14%, 6, 0, 7, 60.56
1734765830, 807, 29, 39, 0, 0, 0.14%, 6, 0, 7, 64.47
1734765835, 818, 29, 39, 0, 0, 0.14%, 6, 0, 7, 62.29
1734765845, 819, 17, 39, 0, 0, 0.14%, 6, 0, 7, 63.17
1734765850, 827, 17, 39, 0, 0, 0.14%, 6, 0, 7, 61.74
1734765855, 833, 17, 39, 0, 0, 0.14%, 6, 0, 7, 63.44
1734765865, 866, 17, 39, 0, 0, 0.14%, 6, 0, 7, 64.67
1734765870, 885, 17, 39, 0, 0, 0.14%, 6, 0, 7, 63.86
1734765875, 906, 29, 39, 0, 0, 0.14%, 6, 0, 7, 68.54
1734765881, 911, 29, 39, 0, 0, 0.14%, 6, 0, 7, 69.71
1734765886, 984, 29, 39, 0, 0, 0.14%, 6, 0, 7, 65.21
1734765891, 985, 29, 39, 0, 0, 0.14%, 6, 0, 7, 70.53
1734765896, 990, 29, 39, 0, 0, 0.14%, 6, 0, 7, 68.36
1734765901, 1000, 17, 39, 0, 0, 0.14%, 6, 0, 7, 63.44
1734765911, 1008, 17, 39, 0, 0, 0.14%, 6, 0, 7, 65.64
1734765916, 1033, 29, 39, 0, 0, 0.14%, 6, 0, 7, 65.82
1734765921, 1043, 17, 39, 0, 0, 0.14%, 6, 0, 7, 66.55
1734765926, 1047, 29, 39, 0, 0, 0.14%, 6, 0, 7, 69.38
1734765932, 1056, 17, 39, 0, 0, 0.14%, 6, 0, 7, 66.35
1734765937, 1062, 17, 39, 0, 0, 0.14%, 6, 0, 7, 62.39
1734765947, 1064, 29, 39, 0, 0, 0.14%, 6, 0, 7, 62.99
1734765952, 1067, 17, 39, 0, 0, 0.14%, 6, 0, 7, 63.51
1734765957, 1076, 29, 39, 0, 0, 0.14%, 6, 0, 7, 64.82
1734765962, 1077, 29, 39, 0, 0, 0.14%, 6, 0, 7, 66.48
1734765967, 1078, 17, 39, 0, 0, 0.14%, 6, 0, 7, 63.68
1734765977, 1079, 17, 39, 0, 0, 0.14%, 6, 0, 7, 64.23
1734765982, 1084, 17, 39, 0, 0, 0.14%, 6, 0, 7, 65.51
1734765987, 1110, 29, 39, 0, 0, 0.14%, 6, 0, 7, 63.66
1734765997, 1118, 17, 39, 0, 0, 0.14%, 6, 0, 7, 63.73
1734766002, 1123, 29, 39, 0, 0, 0.14%, 6, 0, 7, 64.07
1734766007, 1126, 29, 39, 0, 0, 0.14%, 6, 0, 7, 64.91
1734766012, 1130, 29, 39, 0, 0, 0.14%, 6, 0, 7, 63.94
1734766017, 1137, 17, 39, 0, 0, 0.14%, 6, 0, 7, 63.99
1734766023, 1158, 17, 39, 0, 0, 0.14%, 6, 0, 7, 61.19
1734766033, 1164, 29, 39, 0, 0, 0.14%, 6, 0, 7, 67.56
1734766038, 1171, 29, 39, 0, 0, 0.14%, 6, 0, 7, 63.67
1734766043, 1174, 29, 39, 0, 0, 0.14%, 6, 0, 7, 63.56
1734766048, 1185, 29, 39, 0, 0, 0.14%, 6, 0, 7, 64.53
1734766053, 1191, 29, 39, 0, 0, 0.14%, 6, 0, 7, 61.99
1734766058, 1200, 17, 39, 0, 0, 0.14%, 6, 0, 7, 58.77
1734766063, 1208, 17, 39, 0, 0, 0.14%, 6, 0, 7, 60.76
1734766073, 1214, 29, 39, 0, 0, 0.14%, 6, 0, 7, 66.96
1734766078, 1225, 29, 39, 0, 0, 0.14%, 6, 0, 7, 62.73
1734766083, 1227, 29, 39, 0, 0, 0.14%, 6, 0, 7, 68.42
1734766088, 1258, 29, 39, 0, 0, 0.14%, 6, 0, 7, 64.33
1734766093, 1300, 29, 39, 0, 0, 0.14%, 6, 0, 7, 64.25
1734766098, 1330, 29, 39, 0, 0, 0.14%, 6, 0, 7, 68.61
1734766104, 1335, 29, 39, 0, 0, 0.14%, 6, 0, 7, 65.87
1734766109, 1363, 29, 39, 0, 0, 0.14%, 6, 0, 7, 63.92
1734766114, 1364, 29, 39, 0, 0, 0.14%, 6, 0, 7, 67.01
1734766119, 1399, 29, 39, 0, 0, 0.14%, 6, 0, 7, 69.21
1734766124, 1409, 29, 39, 0, 0, 0.14%, 6, 0, 7, 64.33
1734766129, 1420, 29, 39, 0, 0, 0.14%, 6, 0, 7, 64.70
1734766134, 1424, 29, 39, 0, 0, 0.14%, 6, 0, 7, 66.93
1734766139, 1437, 29, 39, 0, 0, 0.14%, 6, 0, 7, 65.45
1734766144, 1442, 29, 39, 0, 0, 0.14%, 6, 0, 7, 71.36
1734766149, 1449, 29, 39, 0, 0, 0.14%, 6, 0, 7, 65.55
1734766154, 1469, 29, 39, 0, 0, 0.14%, 6, 0, 7, 60.67
1734766159, 1486, 29, 39, 0, 0, 0.14%, 6, 0, 7, 61.26
1734766164, 1509, 29, 39, 0, 0, 0.14%, 6, 0, 7, 65.90
1734766175, 1511, 29, 39, 0, 0, 0.14%, 6, 0, 7, 64.76
1734766180, 1513, 29, 39, 0, 0, 0.14%, 6, 0, 7, 63.35
1734766185, 1543, 29, 39, 0, 0, 0.14%, 6, 0, 7, 68.38
1734766190, 1557, 29, 39, 0, 0, 0.14%, 6, 0, 7, 62.94
1734766195, 1559, 29, 39, 0, 0, 0.14%, 6, 0, 7, 63.51
1734766200, 1566, 29, 39, 0, 0, 0.14%, 6, 0, 7, 59.67
1734766205, 1588, 29, 39, 0, 0, 0.14%, 6, 0, 7, 65.05
1734766210, 1632, 29, 39, 0, 0, 0.14%, 6, 0, 7, 66.51
1734766215, 1634, 29, 39, 0, 0, 0.14%, 6, 0, 7, 66.11
1734766220, 1665, 29, 39, 0, 0, 0.14%, 6, 0, 7, 66.71
1734766225, 1666, 29, 39, 0, 0, 0.14%, 6, 0, 7, 65.19
1734766230, 1687, 29, 39, 0, 0, 0.14%, 6, 0, 7, 65.14
1734766236, 1700, 29, 39, 0, 0, 0.14%, 6, 0, 7, 73.66
1734766241, 1716, 29, 39, 0, 0, 0.14%, 6, 0, 7, 68.65
1734766246, 1761, 29, 39, 0, 0, 0.14%, 6, 0, 7, 64.53
1734766251, 1799, 29, 39, 0, 0, 0.14%, 6, 0, 7, 62.69
1734766256, 1807, 29, 39, 0, 0, 0.14%, 6, 0, 7, 67.78
1734766261, 1843, 29, 39, 0, 0, 0.14%, 6, 0, 7, 66.62
1734766266, 1930, 29, 39, 0, 0, 0.14%, 6, 0, 7, 67.44
1734766271, 1970, 29, 39, 0, 0, 0.14%, 6, 0, 7, 63.71
1734766277, 1988, 29, 39, 0, 0, 0.14%, 6, 0, 7, 66.23
1734766282, 2044, 29, 39, 0, 0, 0.14%, 6, 0, 7, 65.28
1734766287, 2053, 29, 39, 0, 0, 0.14%, 6, 0, 7, 73.03
1734766292, 2089, 29, 39, 0, 0, 0.14%, 6, 0, 7, 68.10
1734766297, 2127, 29, 39, 0, 0, 0.14%, 6, 0, 7, 67.07
1734766302, 2154, 29, 39, 0, 0, 0.14%, 6, 0, 7, 64.25
1734766307, 2163, 29, 39, 0, 0, 0.14%, 6, 0, 7, 65.98
1734766312, 2171, 29, 39, 0, 0, 0.14%, 6, 0, 7, 64.76
1734766317, 2176, 29, 39, 0, 0, 0.14%, 6, 0, 7, 65.18
1734766322, 2231, 29, 39, 0, 0, 0.14%, 6, 0, 7, 66.93
1734766327, 2242, 29, 39, 0, 0, 0.14%, 6, 0, 7, 67.20
1734766332, 2305, 29, 39, 0, 0, 0.14%, 6, 0, 7, 68.52
1734766337, 2335, 29, 39, 0, 0, 0.14%, 6, 0, 7, 67.66
1734766342, 2343, 29, 39, 0, 0, 0.14%, 6, 0, 7, 66.57
1734766347, 2348, 29, 39, 0, 0, 0.14%, 6, 0, 7, 70.05
1734766353, 2399, 29, 39, 0, 0, 0.14%, 6, 0, 7, 64.26
1734766358, 2410, 29, 39, 0, 0, 0.14%, 6, 0, 7, 63.27
1734766368, 2415, 29, 39, 0, 0, 0.14%, 6, 0, 7, 61.61
1734766373, 2439, 29, 39, 0, 0, 0.14%, 6, 0, 7, 64.22
1734766378, 2444, 29, 39, 0, 0, 0.14%, 6, 0, 7, 66.56
1734766383, 2493, 29, 39, 0, 0, 0.14%, 6, 0, 7, 64.62
1734766388, 2509, 29, 39, 0, 0, 0.14%, 6, 0, 7, 64.82
1734766393, 2571, 29, 39, 0, 0, 0.14%, 6, 0, 7, 63.98
1734766398, 2587, 29, 39, 0, 0, 0.14%, 6, 0, 7, 67.26
1734766403, 2629, 29, 39, 0, 0, 0.14%, 6, 0, 7, 62.51
1734766408, 2632, 29, 39, 0, 0, 0.14%, 6, 0, 7, 66.54
1734766413, 2689, 29, 39, 0, 0, 0.14%, 6, 0, 7, 64.52
1734766418, 2719, 29, 39, 0, 0, 0.14%, 6, 0, 7, 67.40
1734766423, 2760, 29, 39, 0, 0, 0.14%, 6, 0, 7, 71.02
1734766429, 2837, 29, 39, 0, 0, 0.14%, 6, 0, 7, 65.49
1734766434, 2843, 29, 39, 0, 0, 0.14%, 6, 0, 7, 63.59
1734766439, 2854, 29, 39, 0, 0, 0.14%, 6, 0, 7, 65.06
1734766444, 2859, 29, 39, 0, 0, 0.14%, 6, 0, 7, 69.36
1734766449, 2883, 29, 39, 0, 0, 0.14%, 6, 0, 7, 67.72
1734766454, 9977, 0, 39, 0, 0, 0.14%, 6, 0, 7, 0.00
1734766459, 26236, 0, 39, 0, 0, 0.14%, 6, 0, 7, 0.00
1734766465, 42564, 0, 39, 0, 0, 0.14%, 6, 0, 7, 0.00
1734766470, 58974, 0, 39, 0, 0, 0.14%, 6, 0, 7, 0.00
1734766475, 75311, 0, 39, 0, 0, 0.14%, 6, 0, 7, 0.00
1734766480, 91658, 0, 39, 0, 0, 0.14%, 6, 0, 7, 0.00
1734766485, 108008, 0, 39, 0, 0, 0.14%, 6, 0, 7, 0.00
1734766491, 124324, 0, 39, 0, 0, 0.14%, 6, 0, 7, 0.00
1734766496, 140609, 0, 39, 0, 0, 0.14%, 6, 0, 7, 0.00
1734766501, 156886, 0, 39, 0, 0, 0.14%, 6, 0, 7, 0.00
1734766506, 173172, 0, 39, 0, 0, 0.14%, 6, 0, 7, 0.00
1734766511, 189524, 0, 39, 0, 0, 0.14%, 6, 0, 7, 0.00
1734766517, 205785, 0, 39, 0, 0, 0.14%, 6, 0, 7, 0.00
1734766522, 222071, 0, 39, 0, 0, 0.14%, 6, 0, 7, 0.00
1734766527, 238392, 0, 39, 0, 0, 0.14%, 6, 0, 7, 0.00
1734766532, 254700, 0, 39, 0, 0, 0.14%, 6, 0, 7, 0.00
1734766537, 270975, 0, 39, 0, 0, 0.14%, 6, 0, 7, 0.00
1734766543, 287271, 0, 39, 0, 0, 0.14%, 6, 0, 7, 0.00
1734766548, 303629, 0, 39, 0, 0, 0.14%, 6, 0, 7, 0.00
1734766553, 319908, 0, 39, 0, 0, 0.14%, 6, 0, 7, 0.00
1734766558, 336193, 0, 39, 0, 0, 0.14%, 6, 0, 7, 0.00
1734766563, 352501, 0, 39, 0, 0, 0.14%, 6, 0, 7, 0.00
1734766569, 368740, 0, 39, 0, 0, 0.14%, 6, 0, 7, 0.00
1734766574, 385015, 0, 39, 0, 0, 0.14%, 6, 0, 7, 0.00
1734766579, 401286, 0, 39, 0, 0, 0.14%, 6, 0, 7, 0.00
1734766584, 417610, 0, 39, 0, 0, 0.14%, 6, 0, 7, 0.00
1734766589, 433943, 0, 39, 0, 0, 0.14%, 6, 0, 7, 0.00
1734766595, 450314, 0, 39, 0, 0, 0.14%, 6, 0, 7, 0.00
1734766600, 466574, 0, 39, 0, 0, 0.14%, 6, 0, 7, 0.00
1734766605, 482847, 0, 39, 0, 0, 0.14%, 6, 0, 7, 0.00
1734766610, 499136, 0, 39, 0, 0, 0.14%, 6, 0, 7, 0.00
1734766615, 515408, 0, 39, 0, 0, 0.14%, 6, 0, 7, 0.00
1734766621, 531681, 0, 39, 0, 0, 0.14%, 6, 0, 7, 0.00
1734766626, 548011, 0, 39, 0, 0, 0.14%, 6, 0, 7, 0.00
1734766631, 564270, 0, 39, 0, 0, 0.14%, 6, 0, 7, 0.00
1734766636, 580548, 0, 39, 0, 0, 0.14%, 6, 0, 7, 0.00
1734766641, 596864, 0, 39, 0, 0, 0.14%, 6, 0, 7, 0.00
1734766647, 613151, 0, 39, 0, 0, 0.14%, 6, 0, 7, 0.00
1734766652, 629476, 0, 39, 0, 0, 0.14%, 6, 0, 7, 0.00
1734766657, 645782, 0, 39, 0, 0, 0.14%, 6, 0, 7, 0.00
1734766662, 662034, 0, 39, 0, 0, 0.14%, 6, 0, 7, 0.00
1734766667, 678330, 0, 39, 0, 0, 0.14%, 6, 0, 7, 0.00
1734766673, 694616, 0, 39, 0, 0, 0.14%, 6, 0, 7, 0.00
1734766678, 710846, 0, 39, 0, 0, 0.14%, 6, 0, 7, 0.00
1734766683, 727181, 0, 39, 0, 0, 0.14%, 6, 0, 7, 0.00
1734766688, 743473, 0, 39, 0, 0, 0.14%, 6, 0, 7, 0.00
1734766693, 759693, 0, 39, 0, 0, 0.14%, 6, 0, 7, 0.00
1734766699, 776008, 0, 39, 0, 0, 0.14%, 6, 0, 7, 0.00
1734766704, 792255, 0, 39, 0, 0, 0.14%, 6, 0, 7, 0.00
1734766709, 808532, 0, 39, 0, 0, 0.14%, 6, 0, 7, 0.00
1734766714, 824806, 0, 39, 0, 0, 0.14%, 6, 0, 7, 0.00
1734766719, 841075, 0, 39, 0, 0, 0.14%, 6, 0, 7, 0.00
1734766725, 857385, 0, 39, 0, 0, 0.14%, 6, 0, 7, 0.00
1734766730, 873610, 0, 39, 0, 0, 0.14%, 6, 0, 7, 0.00
1734766735, 889881, 0, 39, 0, 0, 0.14%, 6, 0, 7, 0.00
1734766740, 906196, 0, 39, 0, 0, 0.14%, 6, 0, 7, 0.00
1734766745, 922479, 0, 39, 0, 0, 0.14%, 6, 0, 7, 0.00
1734766751, 938782, 0, 39, 0, 0, 0.14%, 6, 0, 7, 0.00
1734766756, 955062, 0, 39, 0, 0, 0.14%, 6, 0, 7, 0.00
1734766761, 971387, 0, 39, 0, 0, 0.14%, 6, 0, 7, 0.00
1734766766, 987627, 0, 39, 0, 0, 0.14%, 6, 0, 7, 0.00
1734766771, 1003869, 0, 39, 0, 0, 0.14%, 6, 0, 7, 0.00
1734766777, 1020179, 0, 39, 0, 0, 0.14%, 6, 0, 7, 0.00
1734766782, 1036432, 0, 39, 0, 0, 0.14%, 6, 0, 7, 0.00
1734766787, 1052677, 0, 39, 0, 0, 0.14%, 6, 0, 7, 0.00
1734766792, 1068934, 0, 39, 0, 0, 0.14%, 6, 0, 7, 0.00
1734766797, 1085143, 0, 39, 0, 0, 0.14%, 6, 0, 7, 0.00
1734766803, 1101387, 0, 39, 0, 0, 0.14%, 6, 0, 7, 0.00
1734766808, 1117621, 0, 39, 0, 0, 0.14%, 6, 0, 7, 0.00
1734766813, 1133913, 0, 39, 0, 0, 0.14%, 6, 0, 7, 0.00
1734766818, 1150168, 0, 39, 0, 0, 0.14%, 6, 0, 7, 0.00
1734766823, 1166352, 0, 39, 0, 0, 0.14%, 6, 0, 7, 0.00
1734766829, 1182581, 0, 39, 0, 0, 0.14%, 6, 0, 7, 0.00
1734766834, 1198952, 0, 39, 0, 0, 0.14%, 6, 0, 7, 0.00
1734766839, 1215269, 0, 39, 0, 0, 0.14%, 6, 0, 7, 0.00
1734766844, 1231481, 0, 39, 0, 0, 0.14%, 6, 0, 7, 0.00
1734766849, 1247791, 0, 39, 0, 0, 0.14%, 6, 0, 7, 0.00
1734766855, 1264033, 0, 39, 0, 0, 0.14%, 6, 0, 7, 0.00
1734766860, 1280330, 0, 39, 0, 0, 0.14%, 6, 0, 7, 0.00
1734766865, 1296591, 0, 39, 0, 0, 0.14%, 6, 0, 7, 0.00
1734766870, 1312925, 0, 39, 0, 0, 0.14%, 6, 0, 7, 0.00
1734766875, 1329284, 0, 39, 0, 0, 0.14%, 6, 0, 7, 0.00
1734766881, 1345542, 0, 39, 0, 0, 0.14%, 6, 0, 7, 0.00
1734766886, 1361816, 0, 39, 0, 0, 0.14%, 6, 0, 7, 0.00
1734766891, 1378145, 0, 39, 0, 0, 0.14%, 6, 0, 7, 0.00
1734766896, 1394468, 0, 39, 0, 0, 0.14%, 6, 0, 7, 0.00
1734766901, 1410716, 0, 39, 0, 0, 0.14%, 6, 0, 7, 0.00
1734766907, 1426949, 0, 39, 0, 0, 0.14%, 6, 0, 7, 0.00
1734766912, 1443248, 0, 39, 0, 0, 0.14%, 6, 0, 7, 0.00
1734766917, 1459553, 0, 39, 0, 0, 0.14%, 6, 0, 7, 0.00
1734766922, 1475780, 0, 39, 0, 0, 0.14%, 6, 0, 7, 0.00
1734766927, 1492028, 0, 39, 0, 0, 0.14%, 6, 0, 7, 0.00
1734766933, 1508316, 0, 39, 0, 0, 0.14%, 6, 0, 7, 0.00
1734766938, 1524541, 0, 39, 0, 0, 0.14%, 6, 0, 7, 0.00
1734766943, 1540795, 0, 39, 0, 0, 0.14%, 6, 0, 7, 0.00
1734766948, 1557156, 0, 39, 0, 0, 0.14%, 6, 0, 7, 0.00
1734766953, 1573428, 0, 39, 0, 0, 0.14%, 6, 0, 7, 0.00
1734766959, 1589711, 0, 39, 0, 0, 0.14%, 6, 0, 7, 0.00
1734766964, 1606054, 0, 39, 0, 0, 0.14%, 6, 0, 7, 0.00
1734766969, 1622314, 0, 39, 0, 0, 0.14%, 6, 0, 7, 0.00
1734766974, 1638639, 0, 39, 0, 0, 0.14%, 6, 0, 7, 0.00
1734766979, 1654957, 0, 39, 0, 0, 0.14%, 6, 0, 7, 0.00
1734766985, 1671233, 0, 39, 0, 0, 0.14%, 6, 0, 7, 0.00
1734766990, 1687527, 0, 39, 0, 0, 0.14%, 6, 0, 7, 0.00
1734766995, 1703765, 0, 39, 0, 0, 0.14%, 6, 0, 7, 0.00
1734767000, 1720055, 0, 39, 0, 0, 0.14%, 6, 0, 7, 0.00
1734767005, 1736394, 0, 39, 0, 0, 0.14%, 6, 0, 7, 0.00
1734767011, 1752660, 0, 39, 0, 0, 0.14%, 6, 0, 7, 0.00
1734767016, 1768947, 0, 39, 0, 0, 0.14%, 6, 0, 7, 0.00
1734767021, 1785163, 0, 39, 0, 0, 0.14%, 6, 0, 7, 0.00
1734767026, 1801386, 0, 39, 0, 0, 0.14%, 6, 0, 7, 0.00
1734767031, 1817666, 0, 39, 0, 0, 0.14%, 6, 0, 7, 0.00
1734767037, 1833972, 0, 39, 0, 0, 0.14%, 6, 0, 7, 0.00
1734767042, 1850275, 0, 39, 0, 0, 0.14%, 6, 0, 7, 0.00
1734767047, 1866569, 0, 39, 0, 0, 0.14%, 6, 0, 7, 0.00
1734767052, 1882836, 0, 39, 0, 0, 0.14%, 6, 0, 7, 0.00
1734767057, 1899117, 0, 39, 0, 0, 0.14%, 6, 0, 7, 0.00
1734767063, 1915429, 0, 39, 0, 0, 0.14%, 6, 0, 7, 0.00
1734767068, 1931791, 0, 39, 0, 0, 0.14%, 6, 0, 7, 0.00
1734767073, 1948104, 0, 39, 0, 0, 0.14%, 6, 0, 7, 0.00
1734767078, 1964320, 0, 39, 0, 0, 0.14%, 6, 0, 7, 0.00
1734767083, 1980591, 0, 39, 0, 0, 0.14%, 6, 0, 7, 0.00
1734767089, 1996901, 0, 39, 0, 0, 0.14%, 6, 0, 7, 0.00
1734767094, 2013154, 0, 39, 0, 0, 0.14%, 6, 0, 7, 0.00
1734767099, 2029446, 0, 39, 0, 0, 0.14%, 6, 0, 7, 0.00
1734767104, 2045750, 0, 39, 0, 0, 0.14%, 6, 0, 7, 0.00
1734767109, 2062077, 0, 39, 0, 0, 0.14%, 6, 0, 7, 0.00
1734767115, 2078330, 0, 39, 0, 0, 0.14%, 6, 0, 7, 0.00
1734767120, 2094666, 0, 39, 0, 0, 0.14%, 6, 0, 7, 0.00
1734767125, 2110977, 0, 39, 0, 0, 0.14%, 6, 0, 7, 0.00
1734767130, 2127281, 0, 39, 0, 0, 0.14%, 6, 0, 7, 0.00
1734767135, 2143515, 0, 39, 0, 0, 0.14%, 6, 0, 7, 0.00
1734767141, 2159798, 0, 39, 0, 0, 0.14%, 6, 0, 7, 0.00
1734767146, 2176049, 0, 39, 0, 0, 0.14%, 6, 0, 7, 0.00
1734767151, 2192341, 0, 39, 0, 0, 0.14%, 6, 0, 7, 0.00
1734767156, 2208596, 0, 39, 0, 0, 0.14%, 6, 0, 7, 0.00
1734767161, 2224864, 0, 39, 0, 0, 0.14%, 6, 0, 7, 0.00
1734767167, 2241158, 0, 39, 0, 0, 0.14%, 6, 0, 7, 0.00
1734767172, 2257439, 0, 39, 0, 0, 0.14%, 6, 0, 7, 0.00
1734767177, 2273749, 0, 39, 0, 0, 0.14%, 6, 0, 7, 0.00
1734767182, 2289976, 0, 39, 0, 0, 0.14%, 6, 0, 7, 0.00
1734767187, 2306266, 0, 39, 0, 0, 0.14%, 6, 0, 7, 0.00
1734767193, 2322449, 0, 39, 0, 0, 0.14%, 6, 0, 7, 0.00
1734767198, 2338662, 0, 39, 0, 0, 0.14%, 6, 0, 7, 0.00
1734767203, 2355024, 0, 39, 0, 0, 0.14%, 6, 0, 7, 0.00
1734767208, 2371351, 0, 39, 0, 0, 0.14%, 6, 0, 7, 0.00
1734767213, 2387609, 0, 39, 0, 0, 0.14%, 6, 0, 7, 0.00
1734767219, 2403900, 0, 39, 0, 0, 0.14%, 6, 0, 7, 0.00
1734767224, 2420168, 0, 39, 0, 0, 0.14%, 6, 0, 7, 0.00
1734767229, 2436473, 0, 39, 0, 0, 0.14%, 6, 0, 7, 0.00
1734767234, 2452714, 0, 39, 0, 0, 0.14%, 6, 0, 7, 0.00
1734767239, 2469045, 0, 39, 0, 0, 0.14%, 6, 0, 7, 0.00
1734767245, 2485392, 0, 39, 0, 0, 0.14%, 6, 0, 7, 0.00
1734767250, 2501633, 0, 39, 0, 0, 0.14%, 6, 0, 7, 0.00
1734767255, 2517873, 0, 39, 0, 0, 0.14%, 6, 0, 7, 0.00
1734767260, 2534188, 0, 39, 0, 0, 0.14%, 6, 0, 7, 0.00
1734767265, 2550523, 0, 39, 0, 0, 0.14%, 6, 0, 7, 0.00
1734767271, 2566757, 0, 39, 0, 0, 0.14%, 6, 0, 7, 0.00
1734767276, 2582923, 0, 39, 0, 0, 0.14%, 6, 0, 7, 0.00
1734767281, 2599217, 0, 39, 0, 0, 0.14%, 6, 0, 7, 0.00
1734767286, 2615525, 0, 39, 0, 0, 0.14%, 6, 0, 7, 0.00
1734767291, 2631890, 0, 39, 0, 0, 0.14%, 6, 0, 7, 0.00
1734767297, 2648174, 0, 39, 0, 0, 0.14%, 6, 0, 7, 0.00
1734767302, 2664490, 0, 39, 0, 0, 0.14%, 6, 0, 7, 0.00
1734767307, 2680838, 0, 39, 0, 0, 0.14%, 6, 0, 7, 0.00
1734767312, 2697132, 0, 39, 0, 0, 0.14%, 6, 0, 7, 0.00
1734767317, 2713458, 0, 39, 0, 0, 0.14%, 6, 0, 7, 0.00
1734767323, 2729680, 0, 39, 0, 0, 0.14%, 6, 0, 7, 0.00
1734767328, 2745983, 0, 39, 0, 0, 0.14%, 6, 0, 7, 0.00
1734767333, 2762307, 0, 39, 0, 0, 0.14%, 6, 0, 7, 0.00
1734767338, 2778591, 0, 39, 0, 0, 0.14%, 6, 0, 7, 0.00
1734767343, 2794820, 0, 39, 0, 0, 0.14%, 6, 0, 7, 0.00
1734767349, 2811149, 0, 39, 0, 0, 0.14%, 6, 0, 7, 0.00
1734767354, 2827361, 0, 39, 0, 0, 0.14%, 6, 0, 7, 0.00
1734767359, 2843592, 0, 39, 0, 0, 0.14%, 6, 0, 7, 0.00
1734767364, 2859862, 0, 39, 0, 0, 0.14%, 6, 0, 7, 0.00
1734767369, 2876099, 0, 39, 0, 0, 0.14%, 6, 0, 7, 0.00
1734767375, 2892344, 0, 39, 0, 0, 0.14%, 6, 0, 7, 0.00
1734767380, 2908704, 0, 39, 0, 0, 0.14%, 6, 0, 7, 0.00
1734767385, 2925039, 0, 39, 0, 0, 0.14%, 6, 0, 7, 0.00
1734767390, 2941264, 0, 39, 0, 0, 0.14%, 6, 0, 7, 0.00
1734767395, 2957588, 0, 39, 0, 0, 0.14%, 6, 0, 7, 0.00
1734767401, 2973842, 0, 39, 0, 0, 0.14%, 6, 0, 7, 0.00
1734767406, 2990088, 0, 39, 0, 0, 0.14%, 6, 0, 7, 0.00
1734767411, 3006337, 0, 39, 0, 0, 0.14%, 6, 0, 7, 0.00
1734767416, 3022665, 0, 39, 0, 0, 0.14%, 6, 0, 7, 0.00
1734767421, 3038927, 0, 39, 0, 0, 0.14%, 6, 0, 7, 0.00
1734767427, 3055185, 0, 39, 0, 0, 0.14%, 6, 0, 7, 0.00
1734767432, 3071514, 0, 39, 0, 0, 0.14%, 6, 0, 7, 0.00
1734767437, 3087828, 0, 39, 0, 0, 0.14%, 6, 0, 7, 0.00
1734767442, 3104115, 0, 39, 0, 0, 0.14%, 6, 0, 7, 0.00
1734767447, 3120400, 0, 39, 0, 0, 0.14%, 6, 0, 7, 0.00
1734767453, 3136696, 0, 39, 0, 0, 0.14%, 6, 0, 7, 0.00
1734767458, 3152998, 0, 39, 0, 0, 0.14%, 6, 0, 7, 0.00
1734767463, 3169301, 0, 39, 0, 0, 0.14%, 6, 0, 7, 0.00
1734767468, 3185529, 0, 39, 0, 0, 0.14%, 6, 0, 7, 0.00
1734767473, 3201833, 0, 39, 0, 0, 0.14%, 6, 0, 7, 0.00
1734767479, 3218147, 0, 39, 0, 0, 0.14%, 6, 0, 7, 0.00
1734767484, 3234480, 0, 39, 0, 0, 0.14%, 6, 0, 7, 0.00
1734767489, 3250731, 0, 39, 0, 0, 0.14%, 6, 0, 7, 0.00
1734767494, 3267027, 0, 39, 0, 0, 0.14%, 6, 0, 7, 0.00
1734767499, 3283327, 0, 39, 0, 0, 0.14%, 6, 0, 7, 0.00
1734767505, 3299588, 0, 39, 0, 0, 0.14%, 6, 0, 7, 0.00
1734767510, 3315845, 0, 39, 0, 0, 0.14%, 6, 0, 7, 0.00
1734767515, 3332171, 0, 39, 0, 0, 0.14%, 6, 0, 7, 0.00
1734767520, 3348478, 0, 39, 0, 0, 0.14%, 6, 0, 7, 0.00
1734767525, 3364759, 0, 39, 0, 0, 0.14%, 6, 0, 7, 0.00
1734767531, 3381095, 0, 39, 0, 0, 0.14%, 6, 0, 7, 0.00
1734767536, 3397405, 0, 39, 0, 0, 0.14%, 6, 0, 7, 0.00
1734767541, 3413716, 0, 39, 0, 0, 0.14%, 6, 0, 7, 0.00
1734767546, 3429897, 0, 39, 0, 0, 0.14%, 6, 0, 7, 0.00
1734767551, 3446167, 0, 39, 0, 0, 0.14%, 6, 0, 7, 0.00
1734767557, 3462422, 0, 39, 0, 0, 0.14%, 6, 0, 7, 0.00
1734767562, 3478667, 0, 39, 0, 0, 0.14%, 6, 0, 7, 0.00
1734767567, 3494935, 0, 39, 0, 0, 0.14%, 6, 0, 7, 0.00
1734767572, 3511235, 0, 39, 0, 0, 0.14%, 6, 0, 7, 0.00
1734767577, 3527448, 0, 39, 0, 0, 0.14%, 6, 0, 7, 0.00
1734767583, 3543730, 0, 39, 0, 0, 0.14%, 6, 0, 7, 0.00
1734767588, 3559985, 0, 39, 0, 0, 0.14%, 6, 0, 7, 0.00
1734767593, 3576368, 0, 39, 0, 0, 0.14%, 6, 0, 7, 0.00
1734767598, 3592619, 0, 39, 0, 0, 0.14%, 6, 0, 7, 0.00
1734767603, 3608859, 0, 39, 0, 0, 0.14%, 6, 0, 7, 0.00
1734767609, 3625055, 0, 39, 0, 0, 0.14%, 6, 0, 7, 0.00
1734767614, 3641313, 0, 39, 0, 0, 0.14%, 6, 0, 7, 0.00
1734767619, 3657629, 0, 39, 0, 0, 0.14%, 6, 0, 7, 0.00
1734767624, 3673978, 0, 39, 0, 0, 0.14%, 6, 0, 7, 0.00
1734767629, 3690188, 0, 39, 0, 0, 0.14%, 6, 0, 7, 0.00
1734767635, 3706451, 0, 39, 0, 0, 0.14%, 6, 0, 7, 0.00
1734767640, 3722704, 0, 39, 0, 0, 0.14%, 6, 0, 7, 0.00
1734767645, 3738928, 0, 39, 0, 0, 0.14%, 6, 0, 7, 0.00
1734767650, 3755262, 0, 39, 0, 0, 0.14%, 6, 0, 7, 0.00
1734767655, 3771569, 0, 39, 0, 0, 0.14%, 6, 0, 7, 0.00
1734767661, 3787831, 0, 39, 0, 0, 0.14%, 6, 0, 7, 0.00
1734767666, 3804146, 0, 39, 0, 0, 0.14%, 6, 0, 7, 0.00
1734767671, 3820377, 0, 39, 0, 0, 0.14%, 6, 0, 7, 0.00
1734767676, 3836674, 0, 39, 0, 0, 0.14%, 6, 0, 7, 0.00
1734767681, 3852967, 0, 39, 0, 0, 0.14%, 6, 0, 7, 0.00
1734767687, 3869296, 0, 39, 0, 0, 0.14%, 6, 0, 7, 0.00
1734767692, 3885662, 0, 39, 0, 0, 0.14%, 6, 0, 7, 0.00
1734767697, 3901890, 0, 39, 0, 0, 0.14%, 6, 0, 7, 0.00
1734767702, 3918174, 0, 39, 0, 0, 0.14%, 6, 0, 7, 0.00
1734767707, 3934431, 0, 39, 0, 0, 0.14%, 6, 0, 7, 0.00
1734767713, 3950737, 0, 39, 0, 0, 0.14%, 6, 0, 7, 0.00
1734767718, 3967023, 0, 39, 0, 0, 0.14%, 6, 0, 7, 0.00
1734767723, 3983264, 0, 39, 0, 0, 0.14%, 6, 0, 7, 0.00
1734767728, 3999648, 0, 39, 0, 0, 0.14%, 6, 0, 7, 0.00
1734767733, 4015957, 0, 39, 0, 0, 0.14%, 6, 0, 7, 0.00
1734767739, 4032166, 0, 39, 0, 0, 0.14%, 6, 0, 7, 0.00
1734767744, 4048439, 0, 39, 0, 0, 0.14%, 6, 0, 7, 0.00
1734767749, 4064760, 0, 39, 0, 0, 0.14%, 6, 0, 7, 0.00
1734767754, 4081066, 0, 39, 0, 0, 0.14%, 6, 0, 7, 0.00
1734767759, 4097324, 0, 39, 0, 0, 0.14%, 6, 0, 7, 0.00
1734767765, 4113625, 0, 39, 0, 0, 0.14%, 6, 0, 7, 0.00
1734767770, 4129913, 0, 39, 0, 0, 0.14%, 6, 0, 7, 0.00
1734767775, 4146145, 0, 39, 0, 0, 0.14%, 6, 0, 7, 0.00
1734767780, 4162389, 0, 39, 0, 0, 0.14%, 6, 0, 7, 0.00
1734767785, 4178696, 0, 39, 0, 0, 0.14%, 6, 0, 7, 0.00
1734767791, 4194998, 0, 39, 0, 0, 0.14%, 6, 0, 7, 0.00
1734767796, 4211319, 0, 39, 0, 0, 0.14%, 6, 0, 7, 0.00
1734767801, 4227583, 0, 39, 0, 0, 0.14%, 6, 0, 7, 0.00
1734767806, 4243846, 0, 39, 0, 0, 0.14%, 6, 0, 7, 0.00
1734767811, 4260153, 0, 39, 0, 0, 0.14%, 6, 0, 7, 0.00
1734767817, 4276422, 0, 39, 0, 0, 0.14%, 6, 0, 7, 0.00
1734767822, 4292632, 0, 39, 0, 0, 0.14%, 6, 0, 7, 0.00
1734767827, 4308910, 0, 39, 0, 0, 0.14%, 6, 0, 7, 0.00
1734767832, 4325152, 0, 39, 0, 0, 0.14%, 6, 0, 7, 0.00
1734767837, 4341483, 0, 39, 0, 0, 0.14%, 6, 0, 7, 0.00
1734767843, 4357785, 0, 39, 0, 0, 0.14%, 6, 0, 7, 0.00
1734767848, 4374131, 0, 39, 0, 0, 0.14%, 6, 0, 7, 0.00
1734767853, 4390376, 0, 39, 0, 0, 0.14%, 6, 0, 7, 0.00
1734767858, 4406669, 0, 39, 0, 0, 0.14%, 6, 0, 7, 0.00
1734767863, 4423007, 0, 39, 0, 0, 0.14%, 6, 0, 7, 0.00
1734767869, 4439290, 0, 39, 0, 0, 0.14%, 6, 0, 7, 0.00
1734767874, 4455565, 0, 39, 0, 0, 0.14%, 6, 0, 7, 0.00
1734767879, 4471822, 0, 39, 0, 0, 0.14%, 6, 0, 7, 0.00
1734767884, 4488103, 0, 39, 0, 0, 0.14%, 6, 0, 7, 0.00
1734767889, 4504355, 0, 39, 0, 0, 0.14%, 6, 0, 7, 0.00
1734767895, 4520620, 0, 39, 0, 0, 0.14%, 6, 0, 7, 0.00
1734767900, 4536953, 0, 39, 0, 0, 0.14%, 6, 0, 7, 0.00
1734767905, 4553180, 0, 39, 0, 0, 0.14%, 6, 0, 7, 0.00
1734767910, 4569499, 0, 39, 0, 0, 0.14%, 6, 0, 7, 0.00
1734767915, 4585823, 0, 39, 0, 0, 0.14%, 6, 0, 7, 0.00
1734767921, 4602037, 0, 39, 0, 0, 0.14%, 6, 0, 7, 0.00
1734767926, 4618295, 0, 39, 0, 0, 0.14%, 6, 0, 7, 0.00
1734767931, 4634603, 0, 39, 0, 0, 0.14%, 6, 0, 7, 0.00
1734767936, 4650918, 0, 39, 0, 0, 0.14%, 6, 0, 7, 0.00
1734767941, 4667221, 0, 39, 0, 0, 0.14%, 6, 0, 7, 0.00
1734767947, 4683452, 0, 39, 0, 0, 0.14%, 6, 0, 7, 0.00
1734767952, 4699756, 0, 39, 0, 0, 0.14%, 6, 0, 7, 0.00
1734767957, 4716034, 0, 39, 0, 0, 0.14%, 6, 0, 7, 0.00
1734767962, 4732344, 0, 39, 0, 0, 0.14%, 6, 0, 7, 0.00
1734767967, 4748684, 0, 39, 0, 0, 0.14%, 6, 0, 7, 0.00
1734767973, 4764966, 0, 39, 0, 0, 0.14%, 6, 0, 7, 0.00
1734767978, 4781179, 0, 39, 0, 0, 0.14%, 6, 0, 7, 0.00
1734767983, 4797445, 0, 39, 0, 0, 0.14%, 6, 0, 7, 0.00
1734767988, 4813682, 0, 39, 0, 0, 0.14%, 6, 0, 7, 0.00
1734767993, 4829989, 0, 39, 0, 0, 0.14%, 6, 0, 7, 0.00
1734767999, 4846262, 0, 39, 0, 0, 0.14%, 6, 0, 7, 0.00
1734768004, 4862495, 0, 39, 0, 0, 0.14%, 6, 0, 7, 0.00
1734768009, 4878766, 0, 39, 0, 0, 0.14%, 6, 0, 7, 0.00
1734768014, 4895006, 0, 39, 0, 0, 0.14%, 6, 0, 7, 0.00
1734768019, 4911239, 0, 39, 0, 0, 0.14%, 6, 0, 7, 0.00
1734768025, 4927574, 0, 39, 0, 0, 0.14%, 6, 0, 7, 0.00
1734768030, 4943814, 0, 39, 0, 0, 0.14%, 6, 0, 7, 0.00
1734768035, 4960173, 0, 39, 0, 0, 0.14%, 6, 0, 7, 0.00
1734768040, 4976441, 0, 39, 0, 0, 0.14%, 6, 0, 7, 0.00
1734768045, 4992712, 0, 39, 0, 0, 0.14%, 6, 0, 7, 0.00
1734768051, 5009000, 0, 39, 0, 0, 0.14%, 6, 0, 7, 0.00
1734768056, 5025222, 0, 39, 0, 0, 0.14%, 6, 0, 7, 0.00
1734768061, 5041556, 0, 39, 0, 0, 0.14%, 6, 0, 7, 0.00
1734768066, 5057835, 0, 39, 0, 0, 0.14%, 6, 0, 7, 0.00
1734768071, 5074017, 0, 39, 0, 0, 0.14%, 6, 0, 7, 0.00
1734768077, 5090209, 0, 39, 0, 0, 0.14%, 6, 0, 7, 0.00
1734768082, 5106423, 0, 39, 0, 0, 0.14%, 6, 0, 7, 0.00
1734768087, 5122712, 0, 39, 0, 0, 0.14%, 6, 0, 7, 0.00
1734768092, 5138959, 0, 39, 0, 0, 0.14%, 6, 0, 7, 0.00
1734768097, 5155294, 0, 39, 0, 0, 0.14%, 6, 0, 7, 0.00
1734768103, 5171540, 0, 39, 0, 0, 0.14%, 6, 0, 7, 0.00
1734768108, 5187916, 0, 39, 0, 0, 0.14%, 6, 0, 7, 0.00
1734768113, 5204149, 0, 39, 0, 0, 0.14%, 6, 0, 7, 0.00
1734768118, 5220364, 0, 39, 0, 0, 0.14%, 6, 0, 7, 0.00
1734768123, 5236699, 0, 39, 0, 0, 0.14%, 6, 0, 7, 0.00
1734768129, 5253031, 0, 39, 0, 0, 0.14%, 6, 0, 7, 0.00
1734768134, 5269335, 0, 39, 0, 0, 0.14%, 6, 0, 7, 0.00
1734768139, 5285683, 0, 39, 0, 0, 0.14%, 6, 0, 7, 0.00
1734768144, 5301953, 0, 39, 0, 0, 0.14%, 6, 0, 7, 0.00
1734768149, 5318176, 0, 39, 0, 0, 0.14%, 6, 0, 7, 0.00
1734768155, 5334372, 0, 39, 0, 0, 0.14%, 6, 0, 7, 0.00
1734768160, 5350637, 0, 39, 0, 0, 0.14%, 6, 0, 7, 0.00
1734768165, 5366895, 0, 39, 0, 0, 0.14%, 6, 0, 7, 0.00
1734768170, 5383220, 0, 39, 0, 0, 0.14%, 6, 0, 7, 0.00
1734768175, 5399446, 0, 39, 0, 0, 0.14%, 6, 0, 7, 0.00
1734768181, 5415676, 0, 39, 0, 0, 0.14%, 6, 0, 7, 0.00
1734768186, 5431997, 0, 39, 0, 0, 0.14%, 6, 0, 7, 0.00
1734768191, 5448203, 0, 39, 0, 0, 0.14%, 6, 0, 7, 0.00
1734768196, 5464522, 0, 39, 0, 0, 0.14%, 6, 0, 7, 0.00
1734768201, 5480827, 0, 39, 0, 0, 0.14%, 6, 0, 7, 0.00
1734768207, 5497115, 0, 39, 0, 0, 0.14%, 6, 0, 7, 0.00
1734768212, 5513378, 0, 39, 0, 0, 0.14%, 6, 0, 7, 0.00
1734768217, 5529551, 0, 39, 0, 0, 0.14%, 6, 0, 7, 0.00
1734768222, 5545854, 0, 39, 0, 0, 0.14%, 6, 0, 7, 0.00
1734768227, 5562098, 0, 39, 0, 0, 0.14%, 6, 0, 7, 0.00
1734768233, 5578405, 0, 39, 0, 0, 0.14%, 6, 0, 7, 0.00
1734768238, 5594767, 0, 39, 0, 0, 0.14%, 6, 0, 7, 0.00
1734768243, 5611144, 0, 39, 0, 0, 0.14%, 6, 0, 7, 0.00
1734768248, 5627411, 0, 39, 0, 0, 0.14%, 6, 0, 7, 0.00
1734768253, 5643744, 0, 39, 0, 0, 0.14%, 6, 0, 7, 0.00
1734768259, 5660011, 0, 39, 0, 0, 0.14%, 6, 0, 7, 0.00
1734768264, 5676253, 0, 39, 0, 0, 0.14%, 6, 0, 7, 0.00
1734768269, 5692487, 0, 39, 0, 0, 0.14%, 6, 0, 7, 0.00
1734768274, 5708751, 0, 39, 0, 0, 0.14%, 6, 0, 7, 0.00
1734768279, 5724996, 0, 39, 0, 0, 0.14%, 6, 0, 7, 0.00
1734768285, 5741216, 0, 39, 0, 0, 0.14%, 6, 0, 7, 0.00
1734768290, 5757489, 0, 39, 0, 0, 0.14%, 6, 0, 7, 0.00
1734768295, 5773797, 0, 39, 0, 0, 0.14%, 6, 0, 7, 0.00
1734768300, 5790153, 0, 39, 0, 0, 0.14%, 6, 0, 7, 0.00
1734768305, 5806465, 0, 39, 0, 0, 0.14%, 6, 0, 7, 0.00
1734768311, 5822749, 0, 39, 0, 0, 0.14%, 6, 0, 7, 0.00
1734768316, 5839086, 0, 39, 0, 0, 0.14%, 6, 0, 7, 0.00
1734768321, 5855398, 0, 39, 0, 0, 0.14%, 6, 0, 7, 0.00
1734768326, 5871681, 0, 39, 0, 0, 0.14%, 6, 0, 7, 0.00
1734768331, 5887943, 0, 39, 0, 0, 0.14%, 6, 0, 7, 0.00
1734768337, 5904129, 0, 39, 0, 0, 0.14%, 6, 0, 7, 0.00
1734768342, 5920483, 0, 39, 0, 0, 0.14%, 6, 0, 7, 0.00
1734768347, 5936765, 0, 39, 0, 0, 0.14%, 6, 0, 7, 0.00
1734768352, 5953054, 0, 39, 0, 0, 0.14%, 6, 0, 7, 0.00
1734768357, 5969311, 0, 39, 0, 0, 0.14%, 6, 0, 7, 0.00
1734768363, 5985600, 0, 39, 0, 0, 0.14%, 6, 0, 7, 0.00
1734768368, 6001848, 0, 39, 0, 0, 0.14%, 6, 0, 7, 0.00
1734768373, 6018151, 0, 39, 0, 0, 0.14%, 6, 0, 7, 0.00
1734768378, 6034324, 0, 39, 0, 0, 0.14%, 6, 0, 7, 0.00
1734768383, 6050596, 0, 39, 0, 0, 0.14%, 6, 0, 7, 0.00
1734768389, 6066888, 0, 39, 0, 0, 0.14%, 6, 0, 7, 0.00
1734768394, 6083155, 0, 39, 0, 0, 0.14%, 6, 0, 7, 0.00
1734768399, 6099441, 0, 39, 0, 0, 0.14%, 6, 0, 7, 0.00
1734768404, 6115638, 0, 39, 0, 0, 0.14%, 6, 0, 7, 0.00
1734768409, 6132014, 0, 39, 0, 0, 0.14%, 6, 0, 7, 0.00
1734768415, 6148283, 0, 39, 0, 0, 0.14%, 6, 0, 7, 0.00
1734768420, 6164556, 0, 39, 0, 0, 0.14%, 6, 0, 7, 0.00
1734768425, 6180788, 0, 39, 0, 0, 0.14%, 6, 0, 7, 0.00
1734768430, 6197092, 0, 39, 0, 0, 0.14%, 6, 0, 7, 0.00
1734768435, 6213388, 0, 39, 0, 0, 0.14%, 6, 0, 7, 0.00
1734768441, 6229652, 0, 39, 0, 0, 0.14%, 6, 0, 7, 0.00
1734768446, 6245925, 0, 39, 0, 0, 0.14%, 6, 0, 7, 0.00
1734768451, 6262194, 0, 39, 0, 0, 0.14%, 6, 0, 7, 0.00
1734768456, 6278445, 0, 39, 0, 0, 0.14%, 6, 0, 7, 0.00
1734768461, 6294760, 0, 39, 0, 0, 0.14%, 6, 0, 7, 0.00
1734768467, 6311042, 0, 39, 0, 0, 0.14%, 6, 0, 7, 0.00
1734768472, 6327337, 0, 39, 0, 0, 0.14%, 6, 0, 7, 0.00
1734768477, 6343597, 0, 39, 0, 0, 0.14%, 6, 0, 7, 0.00
1734768482, 6359795, 0, 39, 0, 0, 0.14%, 6, 0, 7, 0.00
1734768487, 6375994, 0, 39, 0, 0, 0.14%, 6, 0, 7, 0.00
1734768493, 6392353, 0, 39, 0, 0, 0.14%, 6, 0, 7, 0.00
1734768498, 6408640, 0, 39, 0, 0, 0.14%, 6, 0, 7, 0.00
1734768503, 6424955, 0, 39, 0, 0, 0.14%, 6, 0, 7, 0.00
1734768508, 6441193, 0, 39, 0, 0, 0.14%, 6, 0, 7, 0.00
1734768513, 6457510, 0, 39, 0, 0, 0.14%, 6, 0, 7, 0.00
1734768519, 6473746, 0, 39, 0, 0, 0.14%, 6, 0, 7, 0.00
1734768524, 6489976, 0, 39, 0, 0, 0.14%, 6, 0, 7, 0.00
1734768529, 6506290, 0, 39, 0, 0, 0.14%, 6, 0, 7, 0.00
1734768534, 6522555, 0, 39, 0, 0, 0.14%, 6, 0, 7, 0.00
1734768539, 6538806, 0, 39, 0, 0, 0.14%, 6, 0, 7, 0.00
1734768545, 6555088, 0, 39, 0, 0, 0.14%, 6, 0, 7, 0.00
1734768550, 6571341, 0, 39, 0, 0, 0.14%, 6, 0, 7, 0.00
1734768555, 6587642, 0, 39, 0, 0, 0.14%, 6, 0, 7, 0.00
1734768560, 6603929, 0, 39, 0, 0, 0.14%, 6, 0, 7, 0.00
1734768565, 6620230, 0, 39, 0, 0, 0.14%, 6, 0, 7, 0.00
1734768571, 6636584, 0, 39, 0, 0, 0.14%, 6, 0, 7, 0.00
1734768576, 6652833, 0, 39, 0, 0, 0.14%, 6, 0, 7, 0.00
1734768581, 6669104, 0, 39, 0, 0, 0.14%, 6, 0, 7, 0.00
1734768586, 6685412, 0, 39, 0, 0, 0.14%, 6, 0, 7, 0.00
1734768591, 6701653, 0, 39, 0, 0, 0.14%, 6, 0, 7, 0.00
1734768597, 6717889, 0, 39, 0, 0, 0.14%, 6, 0, 7, 0.00
1734768602, 6734215, 0, 39, 0, 0, 0.14%, 6, 0, 7, 0.00
1734768607, 6750600, 0, 39, 0, 0, 0.14%, 6, 0, 7, 0.00
1734768612, 6766917, 0, 39, 0, 0, 0.14%, 6, 0, 7, 0.00
1734768617, 6783220, 0, 39, 0, 0, 0.14%, 6, 0, 7, 0.00
1734768623, 6799525, 0, 39, 0, 0, 0.14%, 6, 0, 7, 0.00
1734768628, 6815827, 0, 39, 0, 0, 0.14%, 6, 0, 7, 0.00
1734768633, 6832055, 0, 39, 0, 0, 0.14%, 6, 0, 7, 0.00
1734768638, 6848270, 0, 39, 0, 0, 0.14%, 6, 0, 7, 0.00
1734768643, 6864422, 0, 39, 0, 0, 0.14%, 6, 0, 7, 0.00
1734768649, 6880689, 0, 39, 0, 0, 0.14%, 6, 0, 7, 0.00
1734768654, 6897007, 0, 39, 0, 0, 0.14%, 6, 0, 7, 0.00
1734768659, 6913225, 0, 39, 0, 0, 0.14%, 6, 0, 7, 0.00
1734768664, 6929511, 0, 39, 0, 0, 0.14%, 6, 0, 7, 0.00
1734768669, 6945827, 0, 39, 0, 0, 0.14%, 6, 0, 7, 0.00
1734768675, 6962143, 0, 39, 0, 0, 0.14%, 6, 0, 7, 0.00
1734768680, 6978398, 0, 39, 0, 0, 0.14%, 6, 0, 7, 0.00
1734768685, 6994719, 0, 39, 0, 0, 0.14%, 6, 0, 7, 0.00
1734768690, 7010999, 0, 39, 0, 0, 0.14%, 6, 0, 7, 0.00
1734768695, 7027265, 0, 39, 0, 0, 0.14%, 6, 0, 7, 0.00
1734768701, 7043456, 0, 39, 0, 0, 0.14%, 6, 0, 7, 0.00
1734768706, 7059769, 0, 39, 0, 0, 0.14%, 6, 0, 7, 0.00
1734768711, 7076039, 0, 39, 0, 0, 0.14%, 6, 0, 7, 0.00
1734768716, 7092267, 0, 39, 0, 0, 0.14%, 6, 0, 7, 0.00
1734768721, 7108499, 0, 39, 0, 0, 0.14%, 6, 0, 7, 0.00
1734768727, 7124812, 0, 39, 0, 0, 0.14%, 6, 0, 7, 0.00
1734768732, 7141099, 0, 39, 0, 0, 0.14%, 6, 0, 7, 0.00
1734768737, 7157360, 0, 39, 0, 0, 0.14%, 6, 0, 7, 0.00
1734768742, 7173605, 0, 39, 0, 0, 0.14%, 6, 0, 7, 0.00
1734768747, 7189898, 0, 39, 0, 0, 0.14%, 6, 0, 7, 0.00
1734768753, 7206194, 0, 39, 0, 0, 0.14%, 6, 0, 7, 0.00
1734768758, 7222487, 0, 39, 0, 0, 0.14%, 6, 0, 7, 0.00
1734768763, 7238725, 0, 39, 0, 0, 0.14%, 6, 0, 7, 0.00
1734768768, 7255011, 0, 39, 0, 0, 0.14%, 6, 0, 7, 0.00
1734768773, 7271367, 0, 39, 0, 0, 0.14%, 6, 0, 7, 0.00
1734768779, 7287646, 0, 39, 0, 0, 0.14%, 6, 0, 7, 0.00
1734768784, 7303953, 0, 39, 0, 0, 0.14%, 6, 0, 7, 0.00
1734768789, 7320201, 0, 39, 0, 0, 0.14%, 6, 0, 7, 0.00
1734768794, 7336509, 0, 39, 0, 0, 0.14%, 6, 0, 7, 0.00
1734768799, 7352822, 0, 39, 0, 0, 0.14%, 6, 0, 7, 0.00
1734768805, 7369134, 0, 39, 0, 0, 0.14%, 6, 0, 7, 0.00
1734768810, 7385408, 0, 39, 0, 0, 0.14%, 6, 0, 7, 0.00
1734768815, 7401695, 0, 39, 0, 0, 0.14%, 6, 0, 7, 0.00
1734768820, 7418034, 0, 39, 0, 0, 0.14%, 6, 0, 7, 0.00
1734768825, 7434375, 0, 39, 0, 0, 0.14%, 6, 0, 7, 0.00
1734768831, 7450548, 0, 39, 0, 0, 0.14%, 6, 0, 7, 0.00
1734768836, 7466875, 0, 39, 0, 0, 0.14%, 6, 0, 7, 0.00
1734768841, 7483122, 0, 39, 0, 0, 0.14%, 6, 0, 7, 0.00
1734768846, 7499363, 0, 39, 0, 0, 0.14%, 6, 0, 7, 0.00
1734768851, 7515629, 0, 39, 0, 0, 0.14%, 6, 0, 7, 0.00
1734768857, 7531971, 0, 39, 0, 0, 0.14%, 6, 0, 7, 0.00
1734768862, 7548218, 0, 39, 0, 0, 0.14%, 6, 0, 7, 0.00
1734768867, 7564522, 0, 39, 0, 0, 0.14%, 6, 0, 7, 0.00
1734768872, 7580872, 0, 39, 0, 0, 0.14%, 6, 0, 7, 0.00
1734768877, 7597181, 0, 39, 0, 0, 0.14%, 6, 0, 7, 0.00
1734768883, 7613525, 0, 39, 0, 0, 0.14%, 6, 0, 7, 0.00
1734768888, 7629825, 0, 39, 0, 0, 0.14%, 6, 0, 7, 0.00
1734768893, 7646119, 0, 39, 0, 0, 0.14%, 6, 0, 7, 0.00
1734768898, 7662371, 0, 39, 0, 0, 0.14%, 6, 0, 7, 0.00
1734768903, 7678648, 0, 39, 0, 0, 0.14%, 6, 0, 7, 0.00
1734768909, 7694932, 0, 39, 0, 0, 0.14%, 6, 0, 7, 0.00
1734768914, 7711293, 0, 39, 0, 0, 0.14%, 6, 0, 7, 0.00
1734768919, 7727569, 0, 39, 0, 0, 0.14%, 6, 0, 7, 0.00
1734768924, 7743833, 0, 39, 0, 0, 0.14%, 6, 0, 7, 0.00
1734768929, 7760125, 0, 39, 0, 0, 0.14%, 6, 0, 7, 0.00
1734768935, 7776375, 0, 39, 0, 0, 0.14%, 6, 0, 7, 0.00
1734768940, 7792718, 0, 39, 0, 0, 0.14%, 6, 0, 7, 0.00
1734768945, 7809012, 0, 39, 0, 0, 0.14%, 6, 0, 7, 0.00
1734768950, 7825259, 0, 39, 0, 0, 0.14%, 6, 0, 7, 0.00
1734768955, 7841556, 0, 39, 0, 0, 0.14%, 6, 0, 7, 0.00
1734768961, 7857814, 0, 39, 0, 0, 0.14%, 6, 0, 7, 0.00
1734768966, 7874090, 0, 39, 0, 0, 0.14%, 6, 0, 7, 0.00
1734768971, 7890320, 0, 39, 0, 0, 0.14%, 6, 0, 7, 0.00
1734768976, 7906642, 0, 39, 0, 0, 0.14%, 6, 0, 7, 0.00
1734768981, 7922850, 0, 39, 0, 0, 0.14%, 6, 0, 7, 0.00
1734768987, 7939141, 0, 39, 0, 0, 0.14%, 6, 0, 7, 0.00
1734768992, 7955439, 0, 39, 0, 0, 0.14%, 6, 0, 7, 0.00
1734768997, 7971656, 0, 39, 0, 0, 0.14%, 6, 0, 7, 0.00
1734769002, 7987978, 0, 39, 0, 0, 0.14%, 6, 0, 7, 0.00
1734769007, 8004266, 0, 39, 0, 0, 0.14%, 6, 0, 7, 0.00
1734769013, 8020551, 0, 39, 0, 0, 0.14%, 6, 0, 7, 0.00
1734769018, 8036802, 0, 39, 0, 0, 0.14%, 6, 0, 7, 0.00
1734769023, 8053048, 0, 39, 0, 0, 0.14%, 6, 0, 7, 0.00
1734769028, 8069348, 0, 39, 0, 0, 0.14%, 6, 0, 7, 0.00
1734769033, 8085593, 0, 39, 0, 0, 0.14%, 6, 0, 7, 0.00
1734769039, 8101895, 0, 39, 0, 0, 0.14%, 6, 0, 7, 0.00
1734769044, 8118230, 0, 39, 0, 0, 0.14%, 6, 0, 7, 0.00
1734769049, 8134525, 0, 39, 0, 0, 0.14%, 6, 0, 7, 0.00
1734769054, 8150773, 0, 39, 0, 0, 0.14%, 6, 0, 7, 0.00
1734769059, 8167068, 0, 39, 0, 0, 0.14%, 6, 0, 7, 0.00
1734769065, 8183332, 0, 39, 0, 0, 0.14%, 6, 0, 7, 0.00
1734769070, 8199556, 0, 39, 0, 0, 0.14%, 6, 0, 7, 0.00
1734769075, 8215863, 0, 39, 0, 0, 0.14%, 6, 0, 7, 0.00
1734769080, 8232097, 0, 39, 0, 0, 0.14%, 6, 0, 7, 0.00
1734769085, 8248419, 0, 39, 0, 0, 0.14%, 6, 0, 7, 0.00
1734769091, 8264679, 0, 39, 0, 0, 0.14%, 6, 0, 7, 0.00
1734769096, 8281051, 0, 39, 0, 0, 0.14%, 6, 0, 7, 0.00
1734769101, 8297379, 0, 39, 0, 0, 0.14%, 6, 0, 7, 0.00
1734769106, 8313687, 0, 39, 0, 0, 0.14%, 6, 0, 7, 0.00
1734769111, 8329984, 0, 39, 0, 0, 0.14%, 6, 0, 7, 0.00
1734769117, 8346179, 0, 39, 0, 0, 0.14%, 6, 0, 7, 0.00
1734769122, 8362401, 0, 39, 0, 0, 0.14%, 6, 0, 7, 0.00
1734769127, 8378703, 0, 39, 0, 0, 0.14%, 6, 0, 7, 0.00
1734769132, 8395030, 0, 39, 0, 0, 0.14%, 6, 0, 7, 0.00
1734769137, 8411354, 0, 39, 0, 0, 0.14%, 6, 0, 7, 0.00
1734769143, 8427663, 0, 39, 0, 0, 0.14%, 6, 0, 7, 0.00
1734769148, 8444067, 0, 39, 0, 0, 0.14%, 6, 0, 7, 0.00
1734769153, 8460311, 0, 39, 0, 0, 0.14%, 6, 0, 7, 0.00
1734769158, 8476562, 0, 39, 0, 0, 0.14%, 6, 0, 7, 0.00
1734769163, 8492843, 0, 39, 0, 0, 0.14%, 6, 0, 7, 0.00
1734769169, 8509212, 0, 39, 0, 0, 0.14%, 6, 0, 7, 0.00
1734769174, 8525492, 0, 39, 0, 0, 0.14%, 6, 0, 7, 0.00
1734769179, 8541803, 0, 39, 0, 0, 0.14%, 6, 0, 7, 0.00
1734769184, 8558106, 0, 39, 0, 0, 0.14%, 6, 0, 7, 0.00
1734769189, 8574447, 0, 39, 0, 0, 0.14%, 6, 0, 7, 0.00
1734769195, 8590684, 0, 39, 0, 0, 0.14%, 6, 0, 7, 0.00
1734769200, 8606933, 0, 39, 0, 0, 0.14%, 6, 0, 7, 0.00
1734769205, 8623324, 0, 39, 0, 0, 0.14%, 6, 0, 7, 0.00
1734769210, 8639662, 0, 39, 0, 0, 0.14%, 6, 0, 7, 0.00
1734769215, 8655905, 0, 39, 0, 0, 0.14%, 6, 0, 7, 0.00
1734769221, 8672158, 0, 39, 0, 0, 0.14%, 6, 0, 7, 0.00
1734769226, 8688398, 0, 39, 0, 0, 0.14%, 6, 0, 7, 0.00
1734769231, 8704679, 0, 39, 0, 0, 0.14%, 6, 0, 7, 0.00
1734769236, 8721017, 0, 39, 0, 0, 0.14%, 6, 0, 7, 0.00
1734769241, 8737383, 0, 39, 0, 0, 0.14%, 6, 0, 7, 0.00
1734769247, 8753687, 0, 39, 0, 0, 0.14%, 6, 0, 7, 0.00
1734769252, 8769984, 0, 39, 0, 0, 0.14%, 6, 0, 7, 0.00
1734769257, 8786300, 0, 39, 0, 0, 0.14%, 6, 0, 7, 0.00
1734769262, 8802521, 0, 39, 0, 0, 0.14%, 6, 0, 7, 0.00
1734769267, 8818821, 0, 39, 0, 0, 0.14%, 6, 0, 7, 0.00
1734769273, 8835053, 0, 39, 0, 0, 0.14%, 6, 0, 7, 0.00
1734769278, 8851346, 0, 39, 0, 0, 0.14%, 6, 0, 7, 0.00
1734769283, 8867582, 0, 39, 0, 0, 0.14%, 6, 0, 7, 0.00
1734769288, 8883829, 0, 39, 0, 0, 0.14%, 6, 0, 7, 0.00
1734769293, 8900127, 0, 39, 0, 0, 0.14%, 6, 0, 7, 0.00
1734769299, 8916438, 0, 39, 0, 0, 0.14%, 6, 0, 7, 0.00
1734769304, 8932729, 0, 39, 0, 0, 0.14%, 6, 0, 7, 0.00
1734769309, 8949020, 0, 39, 0, 0, 0.14%, 6, 0, 7, 0.00
1734769314, 8965356, 0, 39, 0, 0, 0.14%, 6, 0, 7, 0.00
1734769319, 8981660, 0, 39, 0, 0, 0.14%, 6, 0, 7, 0.00
1734769325, 8997986, 0, 39, 0, 0, 0.14%, 6, 0, 7, 0.00
1734769330, 9014366, 0, 39, 0, 0, 0.14%, 6, 0, 7, 0.00
1734769335, 9030629, 0, 39, 0, 0, 0.14%, 6, 0, 7, 0.00
1734769340, 9046898, 0, 39, 0, 0, 0.14%, 6, 0, 7, 0.00
1734769345, 9063200, 0, 39, 0, 0, 0.14%, 6, 0, 7, 0.00
1734769351, 9079472, 0, 39, 0, 0, 0.14%, 6, 0, 7, 0.00
1734769356, 9095727, 0, 39, 0, 0, 0.14%, 6, 0, 7, 0.00
1734769361, 9112022, 0, 39, 0, 0, 0.14%, 6, 0, 7, 0.00
1734769366, 9128322, 0, 39, 0, 0, 0.14%, 6, 0, 7, 0.00
1734769371, 9144659, 0, 39, 0, 0, 0.14%, 6, 0, 7, 0.00
1734769377, 9160950, 0, 39, 0, 0, 0.14%, 6, 0, 7, 0.00
1734769382, 9177258, 0, 39, 0, 0, 0.14%, 6, 0, 7, 0.00
1734769387, 9193563, 0, 39, 0, 0, 0.14%, 6, 0, 7, 0.00
1734769392, 9209809, 0, 39, 0, 0, 0.14%, 6, 0, 7, 0.00
1734769397, 9226153, 0, 39, 0, 0, 0.14%, 6, 0, 7, 0.00
1734769403, 9242447, 0, 39, 0, 0, 0.14%, 6, 0, 7, 0.00
1734769408, 9258795, 0, 39, 0, 0, 0.14%, 6, 0, 7, 0.00
1734769413, 9274975, 0, 39, 0, 0, 0.14%, 6, 0, 7, 0.00
1734769418, 9291297, 0, 39, 0, 0, 0.14%, 6, 0, 7, 0.00
1734769423, 9307528, 0, 39, 0, 0, 0.14%, 6, 0, 7, 0.00
1734769429, 9323852, 0, 39, 0, 0, 0.14%, 6, 0, 7, 0.00
1734769434, 9340154, 0, 39, 0, 0, 0.14%, 6, 0, 7, 0.00
1734769439, 9356361, 0, 39, 0, 0, 0.14%, 6, 0, 7, 0.00
1734769444, 9372599, 0, 39, 0, 0, 0.14%, 6, 0, 7, 0.00
1734769449, 9388884, 0, 39, 0, 0, 0.14%, 6, 0, 7, 0.00
1734769455, 9405196, 0, 39, 0, 0, 0.14%, 6, 0, 7, 0.00
1734769460, 9421482, 0, 39, 0, 0, 0.14%, 6, 0, 7, 0.00
1734769465, 9437810, 0, 39, 0, 0, 0.14%, 6, 0, 7, 0.00
1734769470, 9454083, 0, 39, 0, 0, 0.14%, 6, 0, 7, 0.00
1734769475, 9470314, 0, 39, 0, 0, 0.14%, 6, 0, 7, 0.00
1734769481, 9486624, 0, 39, 0, 0, 0.14%, 6, 0, 7, 0.00
1734769486, 9502895, 0, 39, 0, 0, 0.14%, 6, 0, 7, 0.00
1734769491, 9519155, 0, 39, 0, 0, 0.14%, 6, 0, 7, 0.00
1734769496, 9535500, 0, 39, 0, 0, 0.14%, 6, 0, 7, 0.00
1734769501, 9551772, 0, 39, 0, 0, 0.14%, 6, 0, 7, 0.00
1734769507, 9568025, 0, 39, 0, 0, 0.14%, 6, 0, 7, 0.00
1734769512, 9584244, 0, 39, 0, 0, 0.14%, 6, 0, 7, 0.00
1734769517, 9600499, 0, 39, 0, 0, 0.14%, 6, 0, 7, 0.00
1734769522, 9616813, 0, 39, 0, 0, 0.14%, 6, 0, 7, 0.00
1734769527, 9633039, 0, 39, 0, 0, 0.14%, 6, 0, 7, 0.00
1734769533, 9649215, 0, 39, 0, 0, 0.14%, 6, 0, 7, 0.00
1734769538, 9665470, 0, 39, 0, 0, 0.14%, 6, 0, 7, 0.00
1734769543, 9681803, 0, 39, 0, 0, 0.14%, 6, 0, 7, 0.00
1734769548, 9698151, 0, 39, 0, 0, 0.14%, 6, 0, 7, 0.00
1734769553, 9714432, 0, 39, 0, 0, 0.14%, 6, 0, 7, 0.00
1734769559, 9730762, 0, 39, 0, 0, 0.14%, 6, 0, 7, 0.00
1734769564, 9747010, 0, 39, 0, 0, 0.14%, 6, 0, 7, 0.00
1734769569, 9763346, 0, 39, 0, 0, 0.14%, 6, 0, 7, 0.00
1734769574, 9779617, 0, 39, 0, 0, 0.14%, 6, 0, 7, 0.00
1734769579, 9795872, 0, 39, 0, 0, 0.14%, 6, 0, 7, 0.00
1734769585, 9812267, 0, 39, 0, 0, 0.14%, 6, 0, 7, 0.00
1734769590, 9828509, 0, 39, 0, 0, 0.14%, 6, 0, 7, 0.00
1734769595, 9844770, 0, 39, 0, 0, 0.14%, 6, 0, 7, 0.00
1734769600, 9861039, 0, 39, 0, 0, 0.14%, 6, 0, 7, 0.00
1734769605, 9877350, 0, 39, 0, 0, 0.14%, 6, 0, 7, 0.00
1734769611, 9893558, 0, 39, 0, 0, 0.14%, 6, 0, 7, 0.00
1734769616, 9909809, 0, 39, 0, 0, 0.14%, 6, 0, 7, 0.00
1734769621, 9926153, 0, 39, 0, 0, 0.14%, 6, 0, 7, 0.00
1734769626, 9942395, 0, 39, 0, 0, 0.14%, 6, 0, 7, 0.00
1734769631, 9958648, 0, 39, 0, 0, 0.14%, 6, 0, 7, 0.00
1734769637, 9974990, 0, 39, 0, 0, 0.14%, 6, 0, 7, 0.00
1734769642, 9991294, 0, 39, 0, 0, 0.14%, 6, 0, 7, 0.00
1734769647, 10007650, 0, 39, 0, 0, 0.14%, 6, 0, 7, 0.00
1734769652, 10023938, 0, 39, 0, 0, 0.14%, 6, 0, 7, 0.00
1734769657, 10040238, 0, 39, 0, 0, 0.14%, 6, 0, 7, 0.00
1734769663, 10056553, 0, 39, 0, 0, 0.14%, 6, 0, 7, 0.00
1734769668, 10072818, 0, 39, 0, 0, 0.14%, 6, 0, 7, 0.00
1734769673, 10089095, 0, 39, 0, 0, 0.14%, 6, 0, 7, 0.00
1734769678, 10105371, 0, 39, 0, 0, 0.14%, 6, 0, 7, 0.00
1734769683, 10121656, 0, 39, 0, 0, 0.14%, 6, 0, 7, 0.00
1734769689, 10137994, 0, 39, 0, 0, 0.14%, 6, 0, 7, 0.00
1734769694, 10154286, 0, 39, 0, 0, 0.14%, 6, 0, 7, 0.00
1734769699, 10170595, 0, 39, 0, 0, 0.14%, 6, 0, 7, 0.00
1734769704, 10186920, 0, 39, 0, 0, 0.14%, 6, 0, 7, 0.00
1734769709, 10203174, 0, 39, 0, 0, 0.14%, 6, 0, 7, 0.00
1734769715, 10219455, 0, 39, 0, 0, 0.14%, 6, 0, 7, 0.00
1734769720, 10235712, 0, 39, 0, 0, 0.14%, 6, 0, 7, 0.00
1734769725, 10252025, 0, 39, 0, 0, 0.14%, 6, 0, 7, 0.00
1734769730, 10268412, 0, 39, 0, 0, 0.14%, 6, 0, 7, 0.00
1734769735, 10284726, 0, 39, 0, 0, 0.14%, 6, 0, 7, 0.00
1734769741, 10300969, 0, 39, 0, 0, 0.14%, 6, 0, 7, 0.00
1734769746, 10317230, 0, 39, 0, 0, 0.14%, 6, 0, 7, 0.00
1734769751, 10333513, 0, 39, 0, 0, 0.14%, 6, 0, 7, 0.00
1734769756, 10349751, 0, 39, 0, 0, 0.14%, 6, 0, 7, 0.00
1734769761, 10366095, 0, 39, 0, 0, 0.14%, 6, 0, 7, 0.00
1734769767, 10382345, 0, 39, 0, 0, 0.14%, 6, 0, 7, 0.00
1734769772, 10398620, 0, 39, 0, 0, 0.14%, 6, 0, 7, 0.00
1734769777, 10414968, 0, 39, 0, 0, 0.14%, 6, 0, 7, 0.00
1734769782, 10431289, 0, 39, 0, 0, 0.14%, 6, 0, 7, 0.00
1734769787, 10447664, 0, 39, 0, 0, 0.14%, 6, 0, 7, 0.00
1734769793, 10463943, 0, 39, 0, 0, 0.14%, 6, 0, 7, 0.00
1734769798, 10480164, 0, 39, 0, 0, 0.14%, 6, 0, 7, 0.00
1734769803, 10496475, 0, 39, 0, 0, 0.14%, 6, 0, 7, 0.00
1734769808, 10512735, 0, 39, 0, 0, 0.14%, 6, 0, 7, 0.00
1734769813, 10529009, 0, 39, 0, 0, 0.14%, 6, 0, 7, 0.00
1734769819, 10545275, 0, 39, 0, 0, 0.14%, 6, 0, 7, 0.00
1734769824, 10561567, 0, 39, 0, 0, 0.14%, 6, 0, 7, 0.00
1734769829, 10577817, 0, 39, 0, 0, 0.14%, 6, 0, 7, 0.00
1734769834, 10593996, 0, 39, 0, 0, 0.14%, 6, 0, 7, 0.00
1734769839, 10610227, 0, 39, 0, 0, 0.14%, 6, 0, 7, 0.00
1734769845, 10626427, 0, 39, 0, 0, 0.14%, 6, 0, 7, 0.00
1734769850, 10642724, 0, 39, 0, 0, 0.14%, 6, 0, 7, 0.00
1734769855, 10658979, 0, 39, 0, 0, 0.14%, 6, 0, 7, 0.00
1734769860, 10675281, 0, 39, 0, 0, 0.14%, 6, 0, 7, 0.00
1734769865, 10691564, 0, 39, 0, 0, 0.14%, 6, 0, 7, 0.00
1734769871, 10707808, 0, 39, 0, 0, 0.14%, 6, 0, 7, 0.00
1734769876, 10724080, 0, 39, 0, 0, 0.14%, 6, 0, 7, 0.00
1734769881, 10740342, 0, 39, 0, 0, 0.14%, 6, 0, 7, 0.00
1734769886, 10756623, 0, 39, 0, 0, 0.14%, 6, 0, 7, 0.00
1734769891, 10772806, 0, 39, 0, 0, 0.14%, 6, 0, 7, 0.00
1734769897, 10789152, 0, 39, 0, 0, 0.14%, 6, 0, 7, 0.00
1734769902, 10805412, 0, 39, 0, 0, 0.14%, 6, 0, 7, 0.00
1734769907, 10821708, 0, 39, 0, 0, 0.14%, 6, 0, 7, 0.00
1734769912, 10838050, 0, 39, 0, 0, 0.14%, 6, 0, 7, 0.00
1734769917, 10854282, 0, 39, 0, 0, 0.14%, 6, 0, 7, 0.00
1734769923, 10870571, 0, 39, 0, 0, 0.14%, 6, 0, 7, 0.00
1734769928, 10886777, 0, 39, 0, 0, 0.14%, 6, 0, 7, 0.00
1734769933, 10903058, 0, 39, 0, 0, 0.14%, 6, 0, 7, 0.00
1734769938, 10919316, 0, 39, 0, 0, 0.14%, 6, 0, 7, 0.00
1734769943, 10935625, 0, 39, 0, 0, 0.14%, 6, 0, 7, 0.00
1734769949, 10951889, 0, 39, 0, 0, 0.14%, 6, 0, 7, 0.00
1734769954, 10968198, 0, 39, 0, 0, 0.14%, 6, 0, 7, 0.00
1734769959, 10984469, 0, 39, 0, 0, 0.14%, 6, 0, 7, 0.00
1734769964, 11000789, 0, 39, 0, 0, 0.14%, 6, 0, 7, 0.00
1734769969, 11017121, 0, 39, 0, 0, 0.14%, 6, 0, 7, 0.00
1734769975, 11033487, 0, 39, 0, 0, 0.14%, 6, 0, 7, 0.00
1734769980, 11049768, 0, 39, 0, 0, 0.14%, 6, 0, 7, 0.00
1734769985, 11066058, 0, 39, 0, 0, 0.14%, 6, 0, 7, 0.00
1734769990, 11082324, 0, 39, 0, 0, 0.14%, 6, 0, 7, 0.00
1734769995, 11098564, 0, 39, 0, 0, 0.14%, 6, 0, 7, 0.00
1734770001, 11114877, 0, 39, 0, 0, 0.14%, 6, 0, 7, 0.00
1734770006, 11131180, 0, 39, 0, 0, 0.14%, 6, 0, 7, 0.00
1734770011, 11147459, 0, 39, 0, 0, 0.14%, 6, 0, 7, 0.00
1734770016, 11163733, 0, 39, 0, 0, 0.14%, 6, 0, 7, 0.00
1734770021, 11180006, 0, 39, 0, 0, 0.14%, 6, 0, 7, 0.00
1734770027, 11196302, 0, 39, 0, 0, 0.14%, 6, 0, 7, 0.00
1734770032, 11212554, 0, 39, 0, 0, 0.14%, 6, 0, 7, 0.00
1734770037, 11228799, 0, 39, 0, 0, 0.14%, 6, 0, 7, 0.00
1734770042, 11245079, 0, 39, 0, 0, 0.14%, 6, 0, 7, 0.00
1734770047, 11261394, 0, 39, 0, 0, 0.14%, 6, 0, 7, 0.00
1734770053, 11277667, 0, 39, 0, 0, 0.14%, 6, 0, 7, 0.00
1734770058, 11293977, 0, 39, 0, 0, 0.14%, 6, 0, 7, 0.00
1734770063, 11310246, 0, 39, 0, 0, 0.14%, 6, 0, 7, 0.00
1734770068, 11326536, 0, 39, 0, 0, 0.14%, 6, 0, 7, 0.00
1734770073, 11342827, 0, 39, 0, 0, 0.14%, 6, 0, 7, 0.00
1734770079, 11359112, 0, 39, 0, 0, 0.14%, 6, 0, 7, 0.00
1734770084, 11375332, 0, 39, 0, 0, 0.14%, 6, 0, 7, 0.00
1734770089, 11391620, 0, 39, 0, 0, 0.14%, 6, 0, 7, 0.00
1734770094, 11407946, 0, 39, 0, 0, 0.14%, 6, 0, 7, 0.00
1734770099, 11424205, 0, 39, 0, 0, 0.14%, 6, 0, 7, 0.00
1734770105, 11440438, 0, 39, 0, 0, 0.14%, 6, 0, 7, 0.00
1734770110, 11456709, 0, 39, 0, 0, 0.14%, 6, 0, 7, 0.00
1734770115, 11472957, 0, 39, 0, 0, 0.14%, 6, 0, 7, 0.00
1734770120, 11489269, 0, 39, 0, 0, 0.14%, 6, 0, 7, 0.00
1734770125, 11505556, 0, 39, 0, 0, 0.14%, 6, 0, 7, 0.00
1734770131, 11521926, 0, 39, 0, 0, 0.14%, 6, 0, 7, 0.00
1734770136, 11538161, 0, 39, 0, 0, 0.14%, 6, 0, 7, 0.00
1734770141, 11554427, 0, 39, 0, 0, 0.14%, 6, 0, 7, 0.00
1734770146, 11570733, 0, 39, 0, 0, 0.14%, 6, 0, 7, 0.00
1734770151, 11586960, 0, 39, 0, 0, 0.14%, 6, 0, 7, 0.00
1734770157, 11603241, 0, 39, 0, 0, 0.14%, 6, 0, 7, 0.00
1734770162, 11619524, 0, 39, 0, 0, 0.14%, 6, 0, 7, 0.00
1734770167, 11635856, 0, 39, 0, 0, 0.14%, 6, 0, 7, 0.00
1734770172, 11652130, 0, 39, 0, 0, 0.14%, 6, 0, 7, 0.00
1734770177, 11668438, 0, 39, 0, 0, 0.14%, 6, 0, 7, 0.00
1734770183, 11684790, 0, 39, 0, 0, 0.14%, 6, 0, 7, 0.00
1734770188, 11700981, 0, 39, 0, 0, 0.14%, 6, 0, 7, 0.00
1734770193, 11717293, 0, 39, 0, 0, 0.14%, 6, 0, 7, 0.00
1734770198, 11733588, 0, 39, 0, 0, 0.14%, 6, 0, 7, 0.00
1734770203, 11749917, 0, 39, 0, 0, 0.14%, 6, 0, 7, 0.00
1734770209, 11766188, 0, 39, 0, 0, 0.14%, 6, 0, 7, 0.00
1734770214, 11782495, 0, 39, 0, 0, 0.14%, 6, 0, 7, 0.00
1734770219, 11798788, 0, 39, 0, 0, 0.14%, 6, 0, 7, 0.00
1734770224, 11815040, 0, 39, 0, 0, 0.14%, 6, 0, 7, 0.00
1734770229, 11831275, 0, 39, 0, 0, 0.14%, 6, 0, 7, 0.00
1734770235, 11847526, 0, 39, 0, 0, 0.14%, 6, 0, 7, 0.00
1734770240, 11863795, 0, 39, 0, 0, 0.14%, 6, 0, 7, 0.00
1734770245, 11880053, 0, 39, 0, 0, 0.14%, 6, 0, 7, 0.00
1734770250, 11896283, 0, 39, 0, 0, 0.14%, 6, 0, 7, 0.00
1734770255, 11912573, 0, 39, 0, 0, 0.14%, 6, 0, 7, 0.00
1734770261, 11928800, 0, 39, 0, 0, 0.14%, 6, 0, 7, 0.00
1734770266, 11945106, 0, 39, 0, 0, 0.14%, 6, 0, 7, 0.00
1734770271, 11961388, 0, 39, 0, 0, 0.14%, 6, 0, 7, 0.00
1734770276, 11977715, 0, 39, 0, 0, 0.14%, 6, 0, 7, 0.00
1734770281, 11993986, 0, 39, 0, 0, 0.14%, 6, 0, 7, 0.00
1734770287, 12010329, 0, 39, 0, 0, 0.14%, 6, 0, 7, 0.00
1734770292, 12026527, 0, 39, 0, 0, 0.14%, 6, 0, 7, 0.00
1734770297, 12042832, 0, 39, 0, 0, 0.14%, 6, 0, 7, 0.00
1734770302, 12059162, 0, 39, 0, 0, 0.14%, 6, 0, 7, 0.00
1734770307, 12075418, 0, 39, 0, 0, 0.14%, 6, 0, 7, 0.00
1734770313, 12091749, 0, 39, 0, 0, 0.14%, 6, 0, 7, 0.00
1734770318, 12107966, 0, 39, 0, 0, 0.14%, 6, 0, 7, 0.00
1734770323, 12124199, 0, 39, 0, 0, 0.14%, 6, 0, 7, 0.00
1734770328, 12140453, 0, 39, 0, 0, 0.14%, 6, 0, 7, 0.00
1734770333, 12156786, 0, 39, 0, 0, 0.14%, 6, 0, 7, 0.00
1734770339, 12173084, 0, 39, 0, 0, 0.14%, 6, 0, 7, 0.00
1734770344, 12189429, 0, 39, 0, 0, 0.14%, 6, 0, 7, 0.00
1734770349, 12205769, 0, 39, 0, 0, 0.14%, 6, 0, 7, 0.00
1734770354, 12222074, 0, 39, 0, 0, 0.14%, 6, 0, 7, 0.00
1734770359, 12238303, 0, 39, 0, 0, 0.14%, 6, 0, 7, 0.00
1734770365, 12254559, 0, 39, 0, 0, 0.14%, 6, 0, 7, 0.00
1734770370, 12270859, 0, 39, 0, 0, 0.14%, 6, 0, 7, 0.00
1734770375, 12287172, 0, 39, 0, 0, 0.14%, 6, 0, 7, 0.00
1734770380, 12303464, 0, 39, 0, 0, 0.14%, 6, 0, 7, 0.00
1734770385, 12319782, 0, 39, 0, 0, 0.14%, 6, 0, 7, 0.00
1734770391, 12336131, 0, 39, 0, 0, 0.14%, 6, 0, 7, 0.00
1734770396, 12352436, 0, 39, 0, 0, 0.14%, 6, 0, 7, 0.00
1734770401, 12368776, 0, 39, 0, 0, 0.14%, 6, 0, 7, 0.00
1734770406, 12385085, 0, 39, 0, 0, 0.14%, 6, 0, 7, 0.00
1734770411, 12401407, 0, 39, 0, 0, 0.14%, 6, 0, 7, 0.00
1734770417, 12417660, 0, 39, 0, 0, 0.14%, 6, 0, 7, 0.00
1734770422, 12433993, 0, 39, 0, 0, 0.14%, 6, 0, 7, 0.00
1734770427, 12450306, 0, 39, 0, 0, 0.14%, 6, 0, 7, 0.00
1734770432, 12466568, 0, 39, 0, 0, 0.14%, 6, 0, 7, 0.00
1734770437, 12482916, 0, 39, 0, 0, 0.14%, 6, 0, 7, 0.00
1734770443, 12499185, 0, 39, 0, 0, 0.14%, 6, 0, 7, 0.00
1734770448, 12515459, 0, 39, 0, 0, 0.14%, 6, 0, 7, 0.00
1734770453, 12531716, 0, 39, 0, 0, 0.14%, 6, 0, 7, 0.00
1734770458, 12548002, 0, 39, 0, 0, 0.14%, 6, 0, 7, 0.00
1734770463, 12564216, 0, 39, 0, 0, 0.14%, 6, 0, 7, 0.00
1734770469, 12580489, 0, 39, 0, 0, 0.14%, 6, 0, 7, 0.00
1734770474, 12596797, 0, 39, 0, 0, 0.14%, 6, 0, 7, 0.00
1734770479, 12613096, 0, 39, 0, 0, 0.14%, 6, 0, 7, 0.00
1734770484, 12629390, 0, 39, 0, 0, 0.14%, 6, 0, 7, 0.00
1734770489, 12645782, 0, 39, 0, 0, 0.14%, 6, 0, 7, 0.00
1734770495, 12662077, 0, 39, 0, 0, 0.14%, 6, 0, 7, 0.00
1734770500, 12678408, 0, 39, 0, 0, 0.14%, 6, 0, 7, 0.00
1734770505, 12694680, 0, 39, 0, 0, 0.14%, 6, 0, 7, 0.00
1734770510, 12710994, 0, 39, 0, 0, 0.14%, 6, 0, 7, 0.00
1734770515, 12727312, 0, 39, 0, 0, 0.14%, 6, 0, 7, 0.00
1734770521, 12743555, 0, 39, 0, 0, 0.14%, 6, 0, 7, 0.00
1734770526, 12759837, 0, 39, 0, 0, 0.14%, 6, 0, 7, 0.00
1734770531, 12776077, 0, 39, 0, 0, 0.14%, 6, 0, 7, 0.00
1734770536, 12792276, 0, 39, 0, 0, 0.14%, 6, 0, 7, 0.00
1734770541, 12808539, 0, 39, 0, 0, 0.14%, 6, 0, 7, 0.00
1734770547, 12824813, 0, 39, 0, 0, 0.14%, 6, 0, 7, 0.00
1734770552, 12841115, 0, 39, 0, 0, 0.14%, 6, 0, 7, 0.00
1734770557, 12857459, 0, 39, 0, 0, 0.14%, 6, 0, 7, 0.00
1734770562, 12873711, 0, 39, 0, 0, 0.14%, 6, 0, 7, 0.00
1734770567, 12890005, 0, 39, 0, 0, 0.14%, 6, 0, 7, 0.00
1734770573, 12906262, 0, 39, 0, 0, 0.14%, 6, 0, 7, 0.00
1734770578, 12922554, 0, 39, 0, 0, 0.14%, 6, 0, 7, 0.00
1734770583, 12938788, 0, 39, 0, 0, 0.14%, 6, 0, 7, 0.00
1734770588, 12955078, 0, 39, 0, 0, 0.14%, 6, 0, 7, 0.00
1734770593, 12971362, 0, 39, 0, 0, 0.14%, 6, 0, 7, 0.00
1734770599, 12987724, 0, 39, 0, 0, 0.14%, 6, 0, 7, 0.00
1734770604, 13004040, 0, 39, 0, 0, 0.14%, 6, 0, 7, 0.00
1734770609, 13020357, 0, 39, 0, 0, 0.14%, 6, 0, 7, 0.00
1734770614, 13036611, 0, 39, 0, 0, 0.14%, 6, 0, 7, 0.00
1734770619, 13052872, 0, 39, 0, 0, 0.14%, 6, 0, 7, 0.00
1734770625, 13069143, 0, 39, 0, 0, 0.14%, 6, 0, 7, 0.00
1734770630, 13085441, 0, 39, 0, 0, 0.14%, 6, 0, 7, 0.00
1734770635, 13101704, 0, 39, 0, 0, 0.14%, 6, 0, 7, 0.00
1734770640, 13117866, 0, 39, 0, 0, 0.14%, 6, 0, 7, 0.00
1734770645, 13134172, 0, 39, 0, 0, 0.14%, 6, 0, 7, 0.00
1734770651, 13150412, 0, 39, 0, 0, 0.14%, 6, 0, 7, 0.00
1734770656, 13166729, 0, 39, 0, 0, 0.14%, 6, 0, 7, 0.00
1734770661, 13183098, 0, 39, 0, 0, 0.14%, 6, 0, 7, 0.00
1734770666, 13199306, 0, 39, 0, 0, 0.14%, 6, 0, 7, 0.00
1734770671, 13215653, 0, 39, 0, 0, 0.14%, 6, 0, 7, 0.00
1734770677, 13231957, 0, 39, 0, 0, 0.14%, 6, 0, 7, 0.00
1734770682, 13248228, 0, 39, 0, 0, 0.14%, 6, 0, 7, 0.00
1734770687, 13264500, 0, 39, 0, 0, 0.14%, 6, 0, 7, 0.00
1734770692, 13280833, 0, 39, 0, 0, 0.14%, 6, 0, 7, 0.00
1734770697, 13297093, 0, 39, 0, 0, 0.14%, 6, 0, 7, 0.00
1734770703, 13313361, 0, 39, 0, 0, 0.14%, 6, 0, 7, 0.00
1734770708, 13329662, 0, 39, 0, 0, 0.14%, 6, 0, 7, 0.00
1734770713, 13345998, 0, 39, 0, 0, 0.14%, 6, 0, 7, 0.00
1734770718, 13362281, 0, 39, 0, 0, 0.14%, 6, 0, 7, 0.00
1734770723, 13378597, 0, 39, 0, 0, 0.14%, 6, 0, 7, 0.00
1734770729, 13394877, 0, 39, 0, 0, 0.14%, 6, 0, 7, 0.00
1734770734, 13411161, 0, 39, 0, 0, 0.14%, 6, 0, 7, 0.00
1734770739, 13427471, 0, 39, 0, 0, 0.14%, 6, 0, 7, 0.00
1734770744, 13443831, 0, 39, 0, 0, 0.14%, 6, 0, 7, 0.00
1734770749, 13460115, 0, 39, 0, 0, 0.14%, 6, 0, 7, 0.00
1734770755, 13476396, 0, 39, 0, 0, 0.14%, 6, 0, 7, 0.00
1734770760, 13492651, 0, 39, 0, 0, 0.14%, 6, 0, 7, 0.00
1734770765, 13508946, 0, 39, 0, 0, 0.14%, 6, 0, 7, 0.00
1734770770, 13525317, 0, 39, 0, 0, 0.14%, 6, 0, 7, 0.00
1734770775, 13541573, 0, 39, 0, 0, 0.14%, 6, 0, 7, 0.00
1734770781, 13557862, 0, 39, 0, 0, 0.14%, 6, 0, 7, 0.00
1734770786, 13574100, 0, 39, 0, 0, 0.14%, 6, 0, 7, 0.00
1734770791, 13590442, 0, 39, 0, 0, 0.14%, 6, 0, 7, 0.00
1734770796, 13606683, 0, 39, 0, 0, 0.14%, 6, 0, 7, 0.00
1734770801, 13622909, 0, 39, 0, 0, 0.14%, 6, 0, 7, 0.00
1734770807, 13639215, 0, 39, 0, 0, 0.14%, 6, 0, 7, 0.00
1734770812, 13655609, 0, 39, 0, 0, 0.14%, 6, 0, 7, 0.00
1734770817, 13671886, 0, 39, 0, 0, 0.14%, 6, 0, 7, 0.00
1734770822, 13688223, 0, 39, 0, 0, 0.14%, 6, 0, 7, 0.00
1734770827, 13704548, 0, 39, 0, 0, 0.14%, 6, 0, 7, 0.00
1734770833, 13720734, 0, 39, 0, 0, 0.14%, 6, 0, 7, 0.00
1734770838, 13736999, 0, 39, 0, 0, 0.14%, 6, 0, 7, 0.00
1734770843, 13753348, 0, 39, 0, 0, 0.14%, 6, 0, 7, 0.00
1734770848, 13769618, 0, 39, 0, 0, 0.14%, 6, 0, 7, 0.00
1734770853, 13785921, 0, 39, 0, 0, 0.14%, 6, 0, 7, 0.00
1734770859, 13802216, 0, 39, 0, 0, 0.14%, 6, 0, 7, 0.00
1734770864, 13818559, 0, 39, 0, 0, 0.14%, 6, 0, 7, 0.00
1734770869, 13834880, 0, 39, 0, 0, 0.14%, 6, 0, 7, 0.00
1734770874, 13851137, 0, 39, 0, 0, 0.14%, 6, 0, 7, 0.00
1734770879, 13867475, 0, 39, 0, 0, 0.14%, 6, 0, 7, 0.00
1734770885, 13883666, 0, 39, 0, 0, 0.14%, 6, 0, 7, 0.00
1734770890, 13899905, 0, 39, 0, 0, 0.14%, 6, 0, 7, 0.00
1734770895, 13916197, 0, 39, 0, 0, 0.14%, 6, 0, 7, 0.00
1734770900, 13932455, 0, 39, 0, 0, 0.14%, 6, 0, 7, 0.00
1734770905, 13948746, 0, 39, 0, 0, 0.14%, 6, 0, 7, 0.00
1734770911, 13965011, 0, 39, 0, 0, 0.14%, 6, 0, 7, 0.00
1734770916, 13981231, 0, 39, 0, 0, 0.14%, 6, 0, 7, 0.00
1734770921, 13997543, 0, 39, 0, 0, 0.14%, 6, 0, 7, 0.00
1734770926, 14013873, 0, 39, 0, 0, 0.14%, 6, 0, 7, 0.00
1734770931, 14030155, 0, 39, 0, 0, 0.14%, 6, 0, 7, 0.00
1734770937, 14046396, 0, 39, 0, 0, 0.14%, 6, 0, 7, 0.00
1734770942, 14062750, 0, 39, 0, 0, 0.14%, 6, 0, 7, 0.00
1734770947, 14079090, 0, 39, 0, 0, 0.14%, 6, 0, 7, 0.00
1734770952, 14095320, 0, 39, 0, 0, 0.14%, 6, 0, 7, 0.00
1734770957, 14111659, 0, 39, 0, 0, 0.14%, 6, 0, 7, 0.00
1734770963, 14127960, 0, 39, 0, 0, 0.14%, 6, 0, 7, 0.00
1734770968, 14144245, 0, 39, 0, 0, 0.14%, 6, 0, 7, 0.00
1734770973, 14160528, 0, 39, 0, 0, 0.14%, 6, 0, 7, 0.00
1734770978, 14176755, 0, 39, 0, 0, 0.14%, 6, 0, 7, 0.00
1734770983, 14193064, 0, 39, 0, 0, 0.14%, 6, 0, 7, 0.00
1734770989, 14209317, 0, 39, 0, 0, 0.14%, 6, 0, 7, 0.00
1734770994, 14225608, 0, 39, 0, 0, 0.14%, 6, 0, 7, 0.00
1734770999, 14241922, 0, 39, 0, 0, 0.14%, 6, 0, 7, 0.00
1734771004, 14258244, 0, 39, 0, 0, 0.14%, 6, 0, 7, 0.00
1734771009, 14274574, 0, 39, 0, 0, 0.14%, 6, 0, 7, 0.00
1734771015, 14290845, 0, 39, 0, 0, 0.14%, 6, 0, 7, 0.00
1734771020, 14307149, 0, 39, 0, 0, 0.14%, 6, 0, 7, 0.00
1734771025, 14323532, 0, 39, 0, 0, 0.14%, 6, 0, 7, 0.00
1734771030, 14339829, 0, 39, 0, 0, 0.14%, 6, 0, 7, 0.00
1734771035, 14356166, 0, 39, 0, 0, 0.14%, 6, 0, 7, 0.00
1734771041, 14372470, 0, 39, 0, 0, 0.14%, 6, 0, 7, 0.00
1734771046, 14388752, 0, 39, 0, 0, 0.14%, 6, 0, 7, 0.00
1734771051, 14405040, 0, 39, 0, 0, 0.14%, 6, 0, 7, 0.00
1734771056, 14421325, 0, 39, 0, 0, 0.14%, 6, 0, 7, 0.00
1734771061, 14437595, 0, 39, 0, 0, 0.14%, 6, 0, 7, 0.00
1734771067, 14453800, 0, 39, 0, 0, 0.14%, 6, 0, 7, 0.00
1734771072, 14470067, 0, 39, 0, 0, 0.14%, 6, 0, 7, 0.00
1734771077, 14486348, 0, 39, 0, 0, 0.14%, 6, 0, 7, 0.00
1734771082, 14502593, 0, 39, 0, 0, 0.14%, 6, 0, 7, 0.00
1734771087, 14518810, 0, 39, 0, 0, 0.14%, 6, 0, 7, 0.00
1734771093, 14535071, 0, 39, 0, 0, 0.14%, 6, 0, 7, 0.00
1734771098, 14551326, 0, 39, 0, 0, 0.14%, 6, 0, 7, 0.00
1734771103, 14567635, 0, 39, 0, 0, 0.14%, 6, 0, 7, 0.00
1734771108, 14583923, 0, 39, 0, 0, 0.14%, 6, 0, 7, 0.00
1734771113, 14600219, 0, 39, 0, 0, 0.14%, 6, 0, 7, 0.00
1734771119, 14616531, 0, 39, 0, 0, 0.14%, 6, 0, 7, 0.00
1734771124, 14632780, 0, 39, 0, 0, 0.14%, 6, 0, 7, 0.00
1734771129, 14649061, 0, 39, 0, 0, 0.14%, 6, 0, 7, 0.00
1734771134, 14665364, 0, 39, 0, 0, 0.14%, 6, 0, 7, 0.00
1734771139, 14681644, 0, 39, 0, 0, 0.14%, 6, 0, 7, 0.00
1734771145, 14697860, 0, 39, 0, 0, 0.14%, 6, 0, 7, 0.00
1734771150, 14714119, 0, 39, 0, 0, 0.14%, 6, 0, 7, 0.00
1734771155, 14730440, 0, 39, 0, 0, 0.14%, 6, 0, 7, 0.00
1734771160, 14746749, 0, 39, 0, 0, 0.14%, 6, 0, 7, 0.00
1734771165, 14763029, 0, 39, 0, 0, 0.14%, 6, 0, 7, 0.00
1734771171, 14779314, 0, 39, 0, 0, 0.14%, 6, 0, 7, 0.00
1734771176, 14795624, 0, 39, 0, 0, 0.14%, 6, 0, 7, 0.00
1734771181, 14811859, 0, 39, 0, 0, 0.14%, 6, 0, 7, 0.00
1734771186, 14828072, 0, 39, 0, 0, 0.14%, 6, 0, 7, 0.00
1734771191, 14844327, 0, 39, 0, 0, 0.14%, 6, 0, 7, 0.00
1734771197, 14860592, 0, 39, 0, 0, 0.14%, 6, 0, 7, 0.00
1734771202, 14876864, 0, 39, 0, 0, 0.14%, 6, 0, 7, 0.00
1734771207, 14893130, 0, 39, 0, 0, 0.14%, 6, 0, 7, 0.00
1734771212, 14909427, 0, 39, 0, 0, 0.14%, 6, 0, 7, 0.00
1734771217, 14925681, 0, 39, 0, 0, 0.14%, 6, 0, 7, 0.00
1734771223, 14941959, 0, 39, 0, 0, 0.14%, 6, 0, 7, 0.00
1734771228, 14958207, 0, 39, 0, 0, 0.14%, 6, 0, 7, 0.00
1734771233, 14974440, 0, 39, 0, 0, 0.14%, 6, 0, 7, 0.00
1734771238, 14990747, 0, 39, 0, 0, 0.14%, 6, 0, 7, 0.00
1734771243, 15007099, 0, 39, 0, 0, 0.14%, 6, 0, 7, 0.00
1734771249, 15023337, 0, 39, 0, 0, 0.14%, 6, 0, 7, 0.00
1734771254, 15039649, 0, 39, 0, 0, 0.14%, 6, 0, 7, 0.00
1734771259, 15055880, 0, 39, 0, 0, 0.14%, 6, 0, 7, 0.00
1734771264, 15072162, 0, 39, 0, 0, 0.14%, 6, 0, 7, 0.00
