# unix_time, cycles_done, cur_path, paths_total, pending_total, pending_favs, map_size, unique_crashes, unique_hangs, max_depth, execs_per_sec
1735179631, 0, 0, 10, 10, 1, 0.01%, 0, 0, 1, 51.61
1735179636, 0, 5, 10, 10, 1, 0.01%, 0, 0, 1, 41.71
1735179656, 1, 0, 10, 5, 0, 0.01%, 0, 0, 1, 45.41
1735179661, 1, 1, 10, 4, 0, 0.01%, 0, 0, 1, 44.32
1735179667, 1, 2, 10, 3, 0, 0.01%, 0, 0, 1, 44.94
1735179672, 1, 3, 10, 2, 0, 0.01%, 0, 0, 1, 46.79
1735179682, 1, 4, 10, 1, 0, 0.01%, 0, 0, 1, 47.00
1735179687, 1, 5, 10, 0, 0, 0.01%, 0, 0, 1, 44.72
1735179692, 1, 6, 10, 0, 0, 0.01%, 0, 0, 1, 47.30
1735179697, 1, 7, 10, 0, 0, 0.01%, 0, 0, 1, 46.33
1735179702, 1, 8, 10, 0, 0, 0.01%, 0, 0, 1, 45.76
1735179707, 1, 9, 10, 0, 0, 0.01%, 0, 0, 1, 46.49
1735179712, 2, 0, 10, 0, 0, 0.01%, 0, 0, 1, 43.81
1735179717, 2, 1, 10, 0, 0, 0.01%, 0, 0, 1, 47.53
1735179723, 2, 2, 10, 0, 0, 0.01%, 0, 0, 1, 43.20
1735179728, 2, 3, 10, 0, 0, 0.01%, 0, 0, 1, 44.31
1735179738, 2, 4, 10, 0, 0, 0.01%, 0, 0, 1, 47.62
1735179743, 2, 5, 10, 0, 0, 0.01%, 0, 0, 1, 45.41
1735179748, 2, 6, 10, 0, 0, 0.01%, 0, 0, 1, 45.88
1735179753, 2, 7, 10, 0, 0, 0.01%, 0, 0, 1, 44.59
1735179758, 2, 8, 10, 0, 0, 0.01%, 0, 0, 1, 46.22
1735179763, 2, 9, 10, 0, 0, 0.01%, 0, 0, 1, 46.98
1735179768, 3, 0, 10, 0, 0, 0.01%, 0, 0, 1, 47.64
1735179773, 3, 1, 10, 0, 0, 0.01%, 0, 0, 1, 44.73
1735179778, 3, 2, 10, 0, 0, 0.01%, 0, 0, 1, 45.11
1735179783, 3, 3, 10, 0, 0, 0.01%, 0, 0, 1, 45.60
1735179794, 3, 4, 10, 0, 0, 0.01%, 0, 0, 1, 44.85
1735179799, 3, 5, 10, 0, 0, 0.01%, 0, 0, 1, 44.70
1735179804, 3, 6, 10, 0, 0, 0.01%, 0, 0, 1, 45.09
1735179809, 3, 7, 10, 0, 0, 0.01%, 0, 0, 1, 46.17
1735179814, 3, 8, 10, 0, 0, 0.01%, 0, 0, 1, 44.89
1735179819, 3, 9, 10, 0, 0, 0.01%, 0, 0, 1, 46.67
1735179824, 4, 0, 10, 0, 0, 0.01%, 0, 0, 1, 45.09
1735179829, 4, 1, 10, 0, 0, 0.01%, 0, 0, 1, 47.70
1735179834, 4, 2, 10, 0, 0, 0.01%, 0, 0, 1, 45.75
1735179844, 4, 3, 10, 0, 0, 0.01%, 0, 0, 1, 44.64
1735179849, 4, 4, 10, 0, 0, 0.01%, 0, 0, 1, 45.84
1735179854, 4, 5, 10, 0, 0, 0.01%, 0, 0, 1, 45.17
1735179859, 4, 6, 10, 0, 0, 0.01%, 0, 0, 1, 46.36
1735179865, 4, 7, 10, 0, 0, 0.01%, 0, 0, 1, 42.27
1735179870, 4, 8, 10, 0, 0, 0.01%, 0, 0, 1, 45.44
1735179875, 4, 9, 10, 0, 0, 0.01%, 0, 0, 1, 44.85
1735179880, 5, 0, 10, 0, 0, 0.01%, 0, 0, 1, 45.28
1735179885, 5, 1, 10, 0, 0, 0.01%, 0, 0, 1, 45.90
1735179895, 5, 2, 10, 0, 0, 0.01%, 0, 0, 1, 44.35
1735179900, 5, 3, 10, 0, 0, 0.01%, 0, 0, 1, 47.43
1735179905, 5, 4, 10, 0, 0, 0.01%, 0, 0, 1, 46.82
1735179910, 5, 5, 10, 0, 0, 0.01%, 0, 0, 1, 47.14
1735179915, 5, 6, 10, 0, 0, 0.01%, 0, 0, 1, 46.66
1735179920, 5, 7, 10, 0, 0, 0.01%, 0, 0, 1, 45.68
1735179925, 5, 8, 10, 0, 0, 0.01%, 0, 0, 1, 43.89
1735179930, 5, 9, 10, 0, 0, 0.01%, 0, 0, 1, 46.08
1735179935, 6, 0, 10, 0, 0, 0.01%, 0, 0, 1, 47.89
1735179941, 6, 1, 10, 0, 0, 0.01%, 0, 0, 1, 46.16
1735179951, 6, 2, 10, 0, 0, 0.01%, 0, 0, 1, 45.35
1735179956, 6, 3, 10, 0, 0, 0.01%, 0, 0, 1, 47.08
1735179961, 6, 4, 10, 0, 0, 0.01%, 0, 0, 1, 45.38
1735179966, 6, 5, 10, 0, 0, 0.01%, 0, 0, 1, 46.46
1735179971, 6, 6, 10, 0, 0, 0.01%, 0, 0, 1, 43.68
1735179976, 6, 7, 10, 0, 0, 0.01%, 0, 0, 1, 43.51
1735179981, 6, 8, 10, 0, 0, 0.01%, 0, 0, 1, 44.39
1735179991, 6, 9, 10, 0, 0, 0.01%, 0, 0, 1, 45.73
1735179996, 7, 0, 10, 0, 0, 0.01%, 0, 0, 1, 46.71
1735180001, 7, 1, 10, 0, 0, 0.01%, 0, 0, 1, 43.35
1735180006, 7, 2, 10, 0, 0, 0.01%, 0, 0, 1, 46.46
1735180012, 7, 3, 10, 0, 0, 0.01%, 0, 0, 1, 46.65
1735180017, 7, 4, 10, 0, 0, 0.01%, 0, 0, 1, 48.35
1735180022, 7, 5, 10, 0, 0, 0.01%, 0, 0, 1, 45.77
1735180027, 7, 6, 10, 0, 0, 0.01%, 0, 0, 1, 44.13
1735180032, 7, 7, 10, 0, 0, 0.01%, 0, 0, 1, 46.61
1735180037, 7, 8, 10, 0, 0, 0.01%, 0, 0, 1, 46.66
1735180042, 7, 9, 10, 0, 0, 0.01%, 0, 0, 1, 44.68
1735180052, 8, 0, 10, 0, 0, 0.01%, 0, 0, 1, 44.81
1735180057, 8, 1, 10, 0, 0, 0.01%, 0, 0, 1, 45.84
1735180062, 8, 2, 10, 0, 0, 0.01%, 0, 0, 1, 45.98
1735180067, 8, 3, 10, 0, 0, 0.01%, 0, 0, 1, 45.55
1735180072, 8, 4, 10, 0, 0, 0.01%, 0, 0, 1, 46.47
1735180077, 8, 5, 10, 0, 0, 0.01%, 0, 0, 1, 49.12
1735180083, 8, 6, 10, 0, 0, 0.01%, 0, 0, 1, 46.88
1735180088, 8, 7, 10, 0, 0, 0.01%, 0, 0, 1, 45.67
1735180093, 8, 8, 10, 0, 0, 0.01%, 0, 0, 1, 46.25
1735180103, 8, 9, 10, 0, 0, 0.01%, 0, 0, 1, 45.79
1735180108, 9, 0, 10, 0, 0, 0.01%, 0, 0, 1, 46.74
1735180113, 9, 1, 10, 0, 0, 0.01%, 0, 0, 1, 46.09
1735180118, 9, 2, 10, 0, 0, 0.01%, 0, 0, 1, 45.02
1735180123, 9, 3, 10, 0, 0, 0.01%, 0, 0, 1, 48.45
1735180128, 9, 4, 10, 0, 0, 0.01%, 0, 0, 1, 45.76
1735180133, 9, 5, 10, 0, 0, 0.01%, 0, 0, 1, 45.63
1735180138, 9, 6, 10, 0, 0, 0.01%, 0, 0, 1, 45.39
1735180144, 9, 7, 10, 0, 0, 0.01%, 0, 0, 1, 47.40
1735180149, 9, 8, 10, 0, 0, 0.01%, 0, 0, 1, 45.90
1735180154, 9, 9, 10, 0, 0, 0.01%, 0, 0, 1, 46.26
1735180164, 10, 0, 10, 0, 0, 0.01%, 0, 0, 1, 47.19
1735180169, 10, 1, 10, 0, 0, 0.01%, 0, 0, 1, 44.87
1735180174, 10, 2, 10, 0, 0, 0.01%, 0, 0, 1, 43.24
1735180179, 10, 3, 10, 0, 0, 0.01%, 0, 0, 1, 44.22
1735180184, 10, 4, 10, 0, 0, 0.01%, 0, 0, 1, 46.22
1735180189, 10, 5, 10, 0, 0, 0.01%, 0, 0, 1, 46.04
1735180194, 10, 6, 10, 0, 0, 0.01%, 0, 0, 1, 46.40
1735180199, 10, 7, 10, 0, 0, 0.01%, 0, 0, 1, 46.74
1735180204, 10, 8, 10, 0, 0, 0.01%, 0, 0, 1, 46.42
1735180210, 10, 9, 10, 0, 0, 0.01%, 0, 0, 1, 46.27
1735180220, 11, 0, 10, 0, 0, 0.01%, 0, 0, 1, 44.90
1735180225, 11, 1, 10, 0, 0, 0.01%, 0, 0, 1, 49.28
1735180230, 11, 2, 10, 0, 0, 0.01%, 0, 0, 1, 44.32
1735180235, 11, 3, 10, 0, 0, 0.01%, 0, 0, 1, 47.20
1735180240, 11, 4, 10, 0, 0, 0.01%, 0, 0, 1, 47.81
1735180245, 11, 5, 10, 0, 0, 0.01%, 0, 0, 1, 45.32
1735180250, 11, 6, 10, 0, 0, 0.01%, 0, 0, 1, 48.93
1735180255, 11, 7, 10, 0, 0, 0.01%, 0, 0, 1, 45.50
1735180260, 11, 8, 10, 0, 0, 0.01%, 0, 0, 1, 44.35
1735180265, 11, 9, 10, 0, 0, 0.01%, 0, 0, 1, 46.18
1735180270, 12, 0, 10, 0, 0, 0.01%, 0, 0, 1, 50.02
1735180275, 12, 1, 10, 0, 0, 0.01%, 0, 0, 1, 46.21
1735180280, 12, 2, 10, 0, 0, 0.01%, 0, 0, 1, 49.44
1735180290, 12, 3, 10, 0, 0, 0.01%, 0, 0, 1, 46.74
1735180295, 12, 4, 10, 0, 0, 0.01%, 0, 0, 1, 46.34
1735180301, 12, 5, 10, 0, 0, 0.01%, 0, 0, 1, 43.75
1735180306, 12, 6, 10, 0, 0, 0.01%, 0, 0, 1, 49.47
1735180311, 12, 7, 10, 0, 0, 0.01%, 0, 0, 1, 46.75
1735180316, 12, 8, 10, 0, 0, 0.01%, 0, 0, 1, 46.96
1735180321, 12, 9, 10, 0, 0, 0.01%, 0, 0, 1, 45.72
1735180326, 13, 0, 10, 0, 0, 0.01%, 0, 0, 1, 48.08
1735180331, 13, 1, 10, 0, 0, 0.01%, 0, 0, 1, 46.67
1735180336, 13, 2, 10, 0, 0, 0.01%, 0, 0, 1, 50.01
1735180341, 13, 3, 10, 0, 0, 0.01%, 0, 0, 1, 47.06
1735180346, 13, 4, 10, 0, 0, 0.01%, 0, 0, 1, 47.55
1735180356, 13, 5, 10, 0, 0, 0.01%, 0, 0, 1, 46.79
1735180361, 13, 6, 10, 0, 0, 0.01%, 0, 0, 1, 49.45
1735180366, 13, 7, 10, 0, 0, 0.01%, 0, 0, 1, 48.88
1735180371, 13, 8, 10, 0, 0, 0.01%, 0, 0, 1, 47.79
1735180376, 13, 9, 10, 0, 0, 0.01%, 0, 0, 1, 48.11
1735180381, 14, 0, 10, 0, 0, 0.01%, 0, 0, 1, 47.75
1735180386, 14, 1, 10, 0, 0, 0.01%, 0, 0, 1, 46.90
1735180391, 14, 2, 10, 0, 0, 0.01%, 0, 0, 1, 48.14
1735180396, 14, 3, 10, 0, 0, 0.01%, 0, 0, 1, 46.63
1735180402, 14, 4, 10, 0, 0, 0.01%, 0, 0, 1, 47.69
1735180407, 14, 5, 10, 0, 0, 0.01%, 0, 0, 1, 47.59
1735180412, 14, 6, 10, 0, 0, 0.01%, 0, 0, 1, 47.65
1735180417, 14, 7, 10, 0, 0, 0.01%, 0, 0, 1, 46.08
1735180422, 14, 8, 10, 0, 0, 0.01%, 0, 0, 1, 46.81
1735180427, 14, 9, 10, 0, 0, 0.01%, 0, 0, 1, 46.21
1735180437, 15, 0, 10, 0, 0, 0.01%, 0, 0, 1, 49.27
1735180442, 15, 1, 10, 0, 0, 0.01%, 0, 0, 1, 45.94
1735180447, 15, 2, 10, 0, 0, 0.01%, 0, 0, 1, 46.84
1735180452, 15, 3, 10, 0, 0, 0.01%, 0, 0, 1, 47.98
1735180457, 15, 4, 10, 0, 0, 0.01%, 0, 0, 1, 47.30
1735180463, 15, 5, 10, 0, 0, 0.01%, 0, 0, 1, 48.42
1735180468, 15, 6, 10, 0, 0, 0.01%, 0, 0, 1, 45.41
1735180498, 15, 7, 10, 0, 0, 0.01%, 0, 0, 1, 41.68
1735180524, 15, 8, 10, 0, 0, 0.01%, 0, 0, 1, 42.75
1735180549, 15, 9, 10, 0, 0, 0.01%, 0, 0, 1, 42.03
1735180574, 16, 0, 10, 0, 0, 0.01%, 0, 0, 1, 45.49
1735180600, 16, 1, 10, 0, 0, 0.01%, 0, 0, 1, 42.55
1735180625, 16, 2, 10, 0, 0, 0.01%, 0, 0, 1, 47.58
1735180630, 16, 3, 10, 0, 0, 0.01%, 0, 0, 1, 46.08
1735180635, 16, 4, 10, 0, 0, 0.01%, 0, 0, 1, 48.03
1735180640, 16, 5, 10, 0, 0, 0.01%, 0, 0, 1, 46.86
1735180646, 16, 6, 10, 0, 0, 0.01%, 0, 0, 1, 48.49
1735180651, 16, 7, 10, 0, 0, 0.01%, 0, 0, 1, 46.39
1735180656, 16, 8, 10, 0, 0, 0.01%, 0, 0, 1, 47.55
1735180661, 16, 9, 10, 0, 0, 0.01%, 0, 0, 1, 45.95
1735180666, 17, 0, 10, 0, 0, 0.01%, 0, 0, 1, 48.51
1735180671, 17, 1, 10, 0, 0, 0.01%, 0, 0, 1, 47.49
1735180676, 17, 2, 10, 0, 0, 0.01%, 0, 0, 1, 46.32
1735180681, 17, 3, 10, 0, 0, 0.01%, 0, 0, 1, 48.65
1735180686, 17, 4, 10, 0, 0, 0.01%, 0, 0, 1, 49.09
1735180691, 17, 5, 10, 0, 0, 0.01%, 0, 0, 1, 47.45
1735180696, 17, 6, 10, 0, 0, 0.01%, 0, 0, 1, 47.26
1735180701, 17, 7, 10, 0, 0, 0.01%, 0, 0, 1, 48.94
1735180712, 17, 8, 10, 0, 0, 0.01%, 0, 0, 1, 45.89
1735180717, 17, 9, 10, 0, 0, 0.01%, 0, 0, 1, 48.46
1735180722, 18, 0, 10, 0, 0, 0.01%, 0, 0, 1, 48.52
1735180727, 18, 1, 10, 0, 0, 0.01%, 0, 0, 1, 46.09
1735180732, 18, 2, 10, 0, 0, 0.01%, 0, 0, 1, 46.62
1735180737, 18, 3, 10, 0, 0, 0.01%, 0, 0, 1, 44.56
1735180742, 18, 4, 10, 0, 0, 0.01%, 0, 0, 1, 47.05
1735180747, 18, 5, 10, 0, 0, 0.01%, 0, 0, 1, 47.67
1735180752, 18, 6, 10, 0, 0, 0.01%, 0, 0, 1, 49.22
1735180757, 18, 7, 10, 0, 0, 0.01%, 0, 0, 1, 47.69
1735180762, 18, 8, 10, 0, 0, 0.01%, 0, 0, 1, 49.96
1735180767, 18, 9, 10, 0, 0, 0.01%, 0, 0, 1, 46.12
1735180772, 19, 0, 10, 0, 0, 0.01%, 0, 0, 1, 47.12
1735180777, 19, 1, 10, 0, 0, 0.01%, 0, 0, 1, 47.61
1735180782, 19, 2, 10, 0, 0, 0.01%, 0, 0, 1, 51.05
1735180787, 19, 3, 10, 0, 0, 0.01%, 0, 0, 1, 51.30
1735180792, 19, 4, 10, 0, 0, 0.01%, 0, 0, 1, 51.68
1735180802, 19, 5, 10, 0, 0, 0.01%, 0, 0, 1, 46.03
1735180807, 19, 6, 10, 0, 0, 0.01%, 0, 0, 1, 43.92
1735180813, 19, 7, 10, 0, 0, 0.01%, 0, 0, 1, 47.32
1735180818, 19, 8, 10, 0, 0, 0.01%, 0, 0, 1, 46.60
1735180823, 19, 9, 10, 0, 0, 0.01%, 0, 0, 1, 46.82
1735180828, 20, 0, 10, 0, 0, 0.01%, 0, 0, 1, 46.00
1735180833, 20, 1, 10, 0, 0, 0.01%, 0, 0, 1, 46.43
1735180838, 20, 2, 10, 0, 0, 0.01%, 0, 0, 1, 48.56
1735180843, 20, 3, 10, 0, 0, 0.01%, 0, 0, 1, 46.79
1735180848, 20, 4, 10, 0, 0, 0.01%, 0, 0, 1, 46.56
1735180853, 20, 5, 10, 0, 0, 0.01%, 0, 0, 1, 47.50
1735180858, 20, 6, 10, 0, 0, 0.01%, 0, 0, 1, 46.66
1735180863, 20, 7, 10, 0, 0, 0.01%, 0, 0, 1, 47.35
1735180874, 20, 8, 10, 0, 0, 0.01%, 0, 0, 1, 49.00
1735180879, 20, 9, 10, 0, 0, 0.01%, 0, 0, 1, 45.22
1735180884, 21, 0, 10, 0, 0, 0.01%, 0, 0, 1, 52.88
1735180889, 21, 1, 10, 0, 0, 0.01%, 0, 0, 1, 47.93
1735180894, 21, 2, 10, 0, 0, 0.01%, 0, 0, 1, 47.17
1735180899, 21, 3, 10, 0, 0, 0.01%, 0, 0, 1, 46.70
1735180904, 21, 4, 10, 0, 0, 0.01%, 0, 0, 1, 48.11
1735180909, 21, 5, 10, 0, 0, 0.01%, 0, 0, 1, 47.51
1735180914, 21, 6, 10, 0, 0, 0.01%, 0, 0, 1, 48.53
1735180919, 21, 7, 10, 0, 0, 0.01%, 0, 0, 1, 48.07
1735180924, 21, 8, 10, 0, 0, 0.01%, 0, 0, 1, 46.09
1735180929, 21, 9, 10, 0, 0, 0.01%, 0, 0, 1, 46.97
1735180935, 22, 0, 10, 0, 0, 0.01%, 0, 0, 1, 44.76
1735180940, 22, 1, 10, 0, 0, 0.01%, 0, 0, 1, 46.65
1735180945, 22, 2, 10, 0, 0, 0.01%, 0, 0, 1, 45.40
1735180950, 22, 3, 10, 0, 0, 0.01%, 0, 0, 1, 46.54
1735180960, 22, 4, 10, 0, 0, 0.01%, 0, 0, 1, 45.57
1735180965, 22, 5, 10, 0, 0, 0.01%, 0, 0, 1, 46.44
1735180970, 22, 6, 10, 0, 0, 0.01%, 0, 0, 1, 44.80
1735180975, 22, 7, 10, 0, 0, 0.01%, 0, 0, 1, 45.81
1735180980, 22, 8, 10, 0, 0, 0.01%, 0, 0, 1, 46.61
1735180985, 22, 9, 10, 0, 0, 0.01%, 0, 0, 1, 47.12
1735180990, 23, 0, 10, 0, 0, 0.01%, 0, 0, 1, 46.53
1735180995, 23, 1, 10, 0, 0, 0.01%, 0, 0, 1, 45.49
1735181000, 23, 2, 10, 0, 0, 0.01%, 0, 0, 1, 47.10
1735181005, 23, 3, 10, 0, 0, 0.01%, 0, 0, 1, 47.79
1735181010, 23, 4, 10, 0, 0, 0.01%, 0, 0, 1, 47.40
1735181015, 23, 5, 10, 0, 0, 0.01%, 0, 0, 1, 47.97
1735181020, 23, 6, 10, 0, 0, 0.01%, 0, 0, 1, 48.84
1735181026, 23, 7, 10, 0, 0, 0.01%, 0, 0, 1, 48.27
1735181036, 23, 8, 10, 0, 0, 0.01%, 0, 0, 1, 46.30
1735181041, 23, 9, 10, 0, 0, 0.01%, 0, 0, 1, 45.89
1735181046, 24, 0, 10, 0, 0, 0.01%, 0, 0, 1, 46.14
1735181051, 24, 1, 10, 0, 0, 0.01%, 0, 0, 1, 48.58
1735181056, 24, 2, 10, 0, 0, 0.01%, 0, 0, 1, 46.20
1735181061, 24, 3, 10, 0, 0, 0.01%, 0, 0, 1, 50.34
1735181066, 24, 4, 10, 0, 0, 0.01%, 0, 0, 1, 47.48
1735181071, 24, 5, 10, 0, 0, 0.01%, 0, 0, 1, 46.74
1735181076, 24, 6, 10, 0, 0, 0.01%, 0, 0, 1, 46.18
1735181081, 24, 7, 10, 0, 0, 0.01%, 0, 0, 1, 50.07
1735181086, 24, 8, 10, 0, 0, 0.01%, 0, 0, 1, 46.92
1735181091, 24, 9, 10, 0, 0, 0.01%, 0, 0, 1, 47.86
1735181097, 25, 0, 10, 0, 0, 0.01%, 0, 0, 1, 42.74
1735181102, 25, 1, 10, 0, 0, 0.01%, 0, 0, 1, 50.42
1735181107, 25, 2, 10, 0, 0, 0.01%, 0, 0, 1, 48.10
1735181117, 25, 3, 10, 0, 0, 0.01%, 0, 0, 1, 49.02
1735181122, 25, 4, 10, 0, 0, 0.01%, 0, 0, 1, 47.10
1735181127, 25, 5, 10, 0, 0, 0.01%, 0, 0, 1, 45.20
1735181132, 25, 6, 10, 0, 0, 0.01%, 0, 0, 1, 51.20
1735181137, 25, 7, 10, 0, 0, 0.01%, 0, 0, 1, 46.70
1735181142, 25, 8, 10, 0, 0, 0.01%, 0, 0, 1, 46.77
1735181147, 25, 9, 10, 0, 0, 0.01%, 0, 0, 1, 46.48
1735181152, 26, 0, 10, 0, 0, 0.01%, 0, 0, 1, 48.88
1735181157, 26, 1, 10, 0, 0, 0.01%, 0, 0, 1, 47.63
1735181162, 26, 2, 10, 0, 0, 0.01%, 0, 0, 1, 50.08
1735181167, 26, 3, 10, 0, 0, 0.01%, 0, 0, 1, 45.31
1735181173, 26, 4, 10, 0, 0, 0.01%, 0, 0, 1, 48.13
1735181178, 26, 5, 10, 0, 0, 0.01%, 0, 0, 1, 49.90
1735181183, 26, 6, 10, 0, 0, 0.01%, 0, 0, 1, 47.25
1735181188, 26, 7, 10, 0, 0, 0.01%, 0, 0, 1, 50.96
1735181193, 26, 8, 10, 0, 0, 0.01%, 0, 0, 1, 47.22
1735181203, 27, 0, 10, 0, 0, 0.01%, 0, 0, 1, 49.48
1735181213, 27, 1, 10, 0, 0, 0.01%, 0, 0, 1, 49.82
1735181218, 27, 2, 10, 0, 0, 0.01%, 0, 0, 1, 48.87
1735181223, 27, 3, 10, 0, 0, 0.01%, 0, 0, 1, 49.73
1735181228, 27, 4, 10, 0, 0, 0.01%, 0, 0, 1, 48.53
1735181234, 27, 5, 10, 0, 0, 0.01%, 0, 0, 1, 48.97
1735181239, 27, 6, 10, 0, 0, 0.01%, 0, 0, 1, 46.39
1735181244, 27, 7, 10, 0, 0, 0.01%, 0, 0, 1, 47.75
1735181249, 27, 8, 10, 0, 0, 0.01%, 0, 0, 1, 46.93
1735181254, 27, 9, 10, 0, 0, 0.01%, 0, 0, 1, 45.54
1735181259, 28, 0, 10, 0, 0, 0.01%, 0, 0, 1, 44.73
1735181264, 28, 1, 10, 0, 0, 0.01%, 0, 0, 1, 46.26
1735181269, 28, 2, 10, 0, 0, 0.01%, 0, 0, 1, 46.93
1735181274, 28, 3, 10, 0, 0, 0.01%, 0, 0, 1, 48.20
1735181279, 28, 4, 10, 0, 0, 0.01%, 0, 0, 1, 48.92
1735181284, 28, 5, 10, 0, 0, 0.01%, 0, 0, 1, 49.17
1735181294, 28, 6, 10, 0, 0, 0.01%, 0, 0, 1, 47.58
1735181299, 28, 7, 10, 0, 0, 0.01%, 0, 0, 1, 44.06
1735181304, 28, 8, 10, 0, 0, 0.01%, 0, 0, 1, 47.76
1735181309, 28, 9, 10, 0, 0, 0.01%, 0, 0, 1, 48.21
1735181314, 29, 0, 10, 0, 0, 0.01%, 0, 0, 1, 49.60
1735181319, 29, 1, 10, 0, 0, 0.01%, 0, 0, 1, 47.07
1735181325, 29, 2, 10, 0, 0, 0.01%, 0, 0, 1, 49.45
1735181330, 29, 3, 10, 0, 0, 0.01%, 0, 0, 1, 47.19
1735181335, 29, 4, 10, 0, 0, 0.01%, 0, 0, 1, 48.63
1735181340, 29, 10, 12, 2, 1, 0.14%, 2, 0, 3, 65.84
1735181345, 29, 10, 13, 3, 1, 0.14%, 3, 0, 3, 54.30
1735181477, 29, 12, 13, 1, 1, 0.14%, 3, 0, 3, 64.62
1735181613, 32, 11, 13, 0, 0, 0.14%, 3, 0, 3, 70.96
1735181659, 32, 11, 14, 1, 0, 0.14%, 3, 0, 4, 53.38
1735181680, 32, 11, 15, 2, 0, 0.14%, 4, 0, 4, 51.95
1735181710, 32, 11, 16, 3, 0, 0.14%, 4, 0, 4, 52.12
1735181903, 32, 14, 17, 4, 2, 0.14%, 4, 0, 5, 62.96
1735181908, 32, 14, 17, 4, 2, 0.14%, 5, 0, 5, 73.10
1735181939, 32, 14, 18, 5, 2, 0.14%, 5, 0, 5, 54.02
1735181944, 32, 14, 19, 6, 2, 0.14%, 5, 0, 5, 51.75
1735182004, 32, 14, 20, 7, 2, 0.14%, 5, 0, 5, 54.56
1735182045, 32, 14, 21, 8, 2, 0.14%, 5, 0, 5, 52.84
1735182065, 32, 14, 22, 9, 2, 0.14%, 5, 0, 5, 55.23
1735182274, 32, 14, 24, 11, 2, 0.14%, 5, 0, 5, 72.04
1735182289, 32, 16, 24, 10, 2, 0.14%, 5, 0, 5, 73.34
1735182299, 32, 16, 25, 11, 2, 0.14%, 5, 0, 6, 57.50
1735182574, 32, 17, 25, 10, 2, 0.14%, 5, 0, 6, 64.48
1735182741, 33, 23, 25, 7, 0, 0.14%, 5, 0, 6, 65.21
1735182914, 34, 12, 25, 6, 0, 0.14%, 5, 0, 6, 55.90
1735182939, 34, 12, 26, 7, 0, 0.14%, 5, 0, 6, 55.21
1735182954, 35, 12, 26, 6, 0, 0.14%, 5, 0, 6, 51.26
1735183031, 36, 12, 26, 6, 0, 0.14%, 5, 0, 6, 53.48
1735183127, 36, 24, 26, 5, 0, 0.14%, 5, 0, 6, 75.36
1735183193, 36, 24, 27, 6, 0, 0.14%, 5, 0, 7, 51.33
1735183376, 36, 24, 28, 7, 0, 0.14%, 5, 0, 7, 65.88
1735183432, 36, 27, 28, 7, 1, 0.14%, 5, 0, 7, 110.29
1735183493, 36, 27, 30, 9, 1, 0.14%, 5, 0, 8, 69.31
1735183513, 36, 27, 31, 10, 1, 0.14%, 5, 0, 8, 72.89
1735183646, 36, 27, 32, 11, 1, 0.14%, 5, 0, 8, 68.69
1735183696, 36, 27, 33, 12, 1, 0.14%, 5, 0, 8, 71.12
1735183701, 36, 32, 33, 11, 1, 0.14%, 5, 0, 8, 81.60
1735183778, 36, 32, 34, 12, 1, 0.14%, 5, 0, 9, 71.19
1735183981, 36, 32, 35, 13, 1, 0.14%, 6, 0, 9, 69.23
1735184053, 36, 33, 35, 12, 1, 0.14%, 6, 0, 9, 73.24
1735184176, 36, 33, 36, 13, 1, 0.14%, 6, 0, 10, 105.57
1735184191, 36, 33, 37, 14, 1, 0.14%, 6, 0, 10, 110.30
1735184970, 38, 34, 37, 8, 0, 0.14%, 6, 0, 10, 40.51
1735185511, 39, 26, 37, 7, 0, 0.14%, 6, 0, 10, 81.06
1735185673, 41, 31, 37, 3, 0, 0.14%, 6, 0, 10, 94.58
1735185933, 47, 31, 37, 2, 0, 0.14%, 6, 0, 10, 58.68
1735186025, 48, 31, 37, 2, 0, 0.14%, 6, 0, 10, 77.05
1735186106, 49, 11, 37, 2, 0, 0.14%, 6, 0, 10, 64.21
1735186116, 49, 31, 37, 2, 0, 0.14%, 6, 0, 10, 68.96
1735186207, 50, 31, 37, 2, 0, 0.14%, 6, 0, 10, 74.96
1735186298, 51, 31, 37, 2, 0, 0.14%, 6, 0, 10, 67.21
1735186390, 52, 11, 37, 2, 0, 0.14%, 6, 0, 10, 51.94
1735186410, 53, 31, 37, 1, 0, 0.14%, 6, 0, 10, 67.82
1735186501, 54, 12, 37, 0, 0, 0.14%, 6, 0, 10, 58.21
1735186603, 56, 30, 37, 0, 0, 0.14%, 6, 0, 10, 112.12
1735186832, 57, 17, 37, 0, 0, 0.14%, 6, 0, 10, 57.61
1735186878, 58, 12, 37, 0, 0, 0.14%, 6, 0, 10, 52.22
1735186954, 59, 30, 37, 0, 0, 0.14%, 6, 0, 10, 71.42
1735187040, 60, 30, 37, 0, 0, 0.14%, 6, 0, 10, 67.41
1735187131, 60, 31, 37, 0, 0, 0.14%, 6, 0, 10, 73.41
1735187218, 61, 30, 37, 0, 0, 0.14%, 6, 0, 10, 77.04
1735187304, 62, 12, 37, 0, 0, 0.14%, 6, 0, 10, 59.59
1735187395, 62, 30, 37, 0, 0, 0.14%, 6, 0, 10, 70.25
1735187487, 63, 30, 37, 0, 0, 0.14%, 6, 0, 10, 74.86
1735187579, 64, 30, 37, 0, 0, 0.14%, 6, 0, 10, 67.41
1735187665, 65, 30, 37, 0, 0, 0.14%, 6, 0, 10, 68.49
1735187756, 66, 11, 37, 0, 0, 0.14%, 6, 0, 10, 57.27
1735187781, 66, 30, 37, 0, 0, 0.14%, 6, 0, 10, 69.28
1735187868, 67, 12, 37, 0, 0, 0.14%, 6, 0, 10, 62.93
1735187969, 67, 30, 37, 0, 0, 0.14%, 6, 0, 10, 75.38
1735188061, 69, 31, 37, 0, 0, 0.14%, 6, 0, 10, 76.42
1735188147, 70, 26, 37, 0, 0, 0.14%, 6, 0, 10, 61.78
1735188218, 73, 12, 37, 0, 0, 0.14%, 6, 0, 10, 65.80
1735188304, 76, 18, 37, 0, 0, 0.14%, 6, 0, 10, 114.92
1735188529, 83, 11, 37, 0, 0, 0.14%, 6, 0, 10, 56.32
1735188575, 83, 26, 37, 0, 0, 0.14%, 6, 0, 10, 59.16
1735188666, 85, 28, 37, 0, 0, 0.14%, 6, 0, 10, 72.85
1735188881, 85, 28, 38, 1, 0, 0.14%, 7, 0, 10, 73.71
1735189084, 87, 37, 38, 1, 0, 0.14%, 7, 0, 10, 96.90
1735189437, 89, 21, 38, 0, 0, 0.14%, 7, 0, 10, 72.36
1735189559, 93, 26, 38, 0, 0, 0.14%, 7, 0, 10, 60.27
1735189651, 99, 11, 38, 0, 0, 0.14%, 7, 0, 10, 62.22
1735189737, 104, 12, 38, 0, 0, 0.14%, 7, 0, 10, 76.92
1735189829, 106, 12, 38, 0, 0, 0.14%, 7, 0, 10, 67.48
1735189921, 108, 12, 38, 0, 0, 0.14%, 7, 0, 10, 53.32
1735190007, 110, 26, 38, 0, 0, 0.14%, 7, 0, 10, 63.35
1735190103, 112, 29, 38, 0, 0, 0.14%, 7, 0, 10, 90.84
1735190322, 113, 29, 38, 0, 0, 0.14%, 7, 0, 10, 66.32
1735190408, 114, 31, 38, 0, 0, 0.14%, 7, 0, 10, 66.93
