# unix_time, cycles_done, cur_path, paths_total, pending_total, pending_favs, map_size, unique_crashes, unique_hangs, max_depth, execs_per_sec
1733821384, 0, 0, 10, 10, 1, 0.01%, 0, 0, 1, 36.30
1733821389, 0, 3, 10, 10, 1, 0.01%, 0, 0, 1, 36.33
1733821404, 1, 0, 10, 3, 0, 0.01%, 0, 0, 1, 43.52
1733821409, 1, 1, 10, 2, 0, 0.01%, 0, 0, 1, 47.17
1733821414, 1, 2, 10, 1, 0, 0.01%, 0, 0, 1, 44.79
1733821425, 1, 3, 10, 0, 0, 0.01%, 0, 0, 1, 42.76
1733821430, 1, 4, 10, 0, 0, 0.01%, 0, 0, 1, 43.38
1733821435, 1, 5, 10, 0, 0, 0.01%, 0, 0, 1, 43.72
1733821440, 1, 6, 10, 0, 0, 0.01%, 0, 0, 1, 43.72
1733821445, 1, 7, 10, 0, 0, 0.01%, 0, 0, 1, 44.04
1733821450, 1, 8, 10, 0, 0, 0.01%, 0, 0, 1, 44.00
1733821460, 1, 9, 10, 0, 0, 0.01%, 0, 0, 1, 44.58
1733821465, 2, 0, 10, 0, 0, 0.01%, 0, 0, 1, 45.01
1733821470, 2, 1, 10, 0, 0, 0.01%, 0, 0, 1, 43.25
1733821475, 2, 2, 10, 0, 0, 0.01%, 0, 0, 1, 43.28
1733821480, 2, 3, 10, 0, 0, 0.01%, 0, 0, 1, 44.79
1733821485, 2, 4, 10, 0, 0, 0.01%, 0, 0, 1, 44.67
1733821490, 2, 5, 10, 0, 0, 0.01%, 0, 0, 1, 42.16
1733821501, 2, 6, 10, 0, 0, 0.01%, 0, 0, 1, 46.10
1733821506, 2, 7, 10, 0, 0, 0.01%, 0, 0, 1, 44.96
1733821511, 2, 8, 10, 0, 0, 0.01%, 0, 0, 1, 44.44
1733821516, 2, 9, 10, 0, 0, 0.01%, 0, 0, 1, 44.81
1733821521, 3, 0, 10, 0, 0, 0.01%, 0, 0, 1, 45.72
1733821526, 3, 1, 10, 0, 0, 0.01%, 0, 0, 1, 43.96
1733821531, 3, 2, 10, 0, 0, 0.01%, 0, 0, 1, 44.40
1733821536, 3, 3, 10, 0, 0, 0.01%, 0, 0, 1, 44.32
1733821546, 3, 4, 10, 0, 0, 0.01%, 0, 0, 1, 43.25
1733821551, 3, 5, 10, 0, 0, 0.01%, 0, 0, 1, 45.11
1733821556, 3, 6, 10, 0, 0, 0.01%, 0, 0, 1, 42.93
1733821561, 3, 7, 10, 0, 0, 0.01%, 0, 0, 1, 44.99
1733821567, 3, 8, 10, 0, 0, 0.01%, 0, 0, 1, 44.49
1733821572, 3, 9, 10, 0, 0, 0.01%, 0, 0, 1, 43.54
1733821577, 4, 0, 10, 0, 0, 0.01%, 0, 0, 1, 43.75
1733821587, 4, 1, 10, 0, 0, 0.01%, 0, 0, 1, 43.01
1733821592, 4, 2, 10, 0, 0, 0.01%, 0, 0, 1, 45.32
1733821597, 4, 3, 10, 0, 0, 0.01%, 0, 0, 1, 42.78
1733821602, 4, 4, 10, 0, 0, 0.01%, 0, 0, 1, 42.48
1733821607, 4, 5, 10, 0, 0, 0.01%, 0, 0, 1, 44.50
1733821612, 4, 6, 10, 0, 0, 0.01%, 0, 0, 1, 42.73
1733821622, 4, 7, 10, 0, 0, 0.01%, 0, 0, 1, 42.93
1733821627, 4, 8, 10, 0, 0, 0.01%, 0, 0, 1, 42.39
1733821632, 4, 9, 10, 0, 0, 0.01%, 0, 0, 1, 45.35
1733821638, 5, 0, 10, 0, 0, 0.01%, 0, 0, 1, 46.12
1733821643, 5, 1, 10, 0, 0, 0.01%, 0, 0, 1, 44.15
1733821648, 5, 2, 10, 0, 0, 0.01%, 0, 0, 1, 43.53
1733821653, 5, 3, 10, 0, 0, 0.01%, 0, 0, 1, 43.17
1733821663, 5, 4, 10, 0, 0, 0.01%, 0, 0, 1, 43.42
1733821668, 5, 5, 10, 0, 0, 0.01%, 0, 0, 1, 44.40
1733821673, 5, 6, 10, 0, 0, 0.01%, 0, 0, 1, 41.95
1733821678, 5, 7, 10, 0, 0, 0.01%, 0, 0, 1, 44.26
1733821683, 5, 8, 10, 0, 0, 0.01%, 0, 0, 1, 44.67
1733821688, 5, 9, 10, 0, 0, 0.01%, 0, 0, 1, 43.69
1733821693, 6, 0, 10, 0, 0, 0.01%, 0, 0, 1, 43.17
1733821703, 6, 1, 10, 0, 0, 0.01%, 0, 0, 1, 43.09
1733821708, 6, 2, 10, 0, 0, 0.01%, 0, 0, 1, 43.08
1733821713, 6, 3, 10, 0, 0, 0.01%, 0, 0, 1, 43.77
1733821718, 6, 4, 10, 0, 0, 0.01%, 0, 0, 1, 44.17
1733821724, 6, 5, 10, 0, 0, 0.01%, 0, 0, 1, 44.72
1733821729, 6, 6, 10, 0, 0, 0.01%, 0, 0, 1, 44.63
1733821734, 6, 7, 10, 0, 0, 0.01%, 0, 0, 1, 46.27
1733821744, 6, 8, 10, 0, 0, 0.01%, 0, 0, 1, 43.35
1733821749, 6, 9, 10, 0, 0, 0.01%, 0, 0, 1, 43.15
1733821754, 7, 0, 10, 0, 0, 0.01%, 0, 0, 1, 43.43
1733821759, 7, 1, 10, 0, 0, 0.01%, 0, 0, 1, 44.66
1733821764, 7, 2, 10, 0, 0, 0.01%, 0, 0, 1, 43.34
1733821769, 7, 3, 10, 0, 0, 0.01%, 0, 0, 1, 43.82
1733821779, 7, 4, 10, 0, 0, 0.01%, 0, 0, 1, 43.92
1733821784, 7, 5, 10, 0, 0, 0.01%, 0, 0, 1, 44.64
1733821789, 7, 6, 10, 0, 0, 0.01%, 0, 0, 1, 44.67
1733821794, 7, 7, 10, 0, 0, 0.01%, 0, 0, 1, 44.45
1733821799, 7, 8, 10, 0, 0, 0.01%, 0, 0, 1, 44.36
1733821804, 7, 9, 10, 0, 0, 0.01%, 0, 0, 1, 44.58
1733821810, 8, 0, 10, 0, 0, 0.01%, 0, 0, 1, 43.33
1733821820, 8, 1, 10, 0, 0, 0.01%, 0, 0, 1, 43.93
1733821825, 8, 2, 10, 0, 0, 0.01%, 0, 0, 1, 44.35
1733821830, 8, 3, 10, 0, 0, 0.01%, 0, 0, 1, 45.12
1733821835, 8, 4, 10, 0, 0, 0.01%, 0, 0, 1, 45.05
1733821840, 8, 5, 10, 0, 0, 0.01%, 0, 0, 1, 44.50
1733821845, 8, 6, 10, 0, 0, 0.01%, 0, 0, 1, 44.77
1733821850, 8, 7, 10, 0, 0, 0.01%, 0, 0, 1, 44.15
1733821860, 8, 8, 10, 0, 0, 0.01%, 0, 0, 1, 43.46
1733821865, 8, 9, 10, 0, 0, 0.01%, 0, 0, 1, 43.93
1733821870, 9, 0, 10, 0, 0, 0.01%, 0, 0, 1, 44.59
1733821875, 9, 1, 10, 0, 0, 0.01%, 0, 0, 1, 42.46
1733821880, 9, 2, 10, 0, 0, 0.01%, 0, 0, 1, 43.71
1733821885, 9, 3, 10, 0, 0, 0.01%, 0, 0, 1, 43.33
1733821890, 9, 4, 10, 0, 0, 0.01%, 0, 0, 1, 43.77
1733821901, 9, 5, 10, 0, 0, 0.01%, 0, 0, 1, 43.13
1733821906, 9, 6, 10, 0, 0, 0.01%, 0, 0, 1, 44.93
1733821911, 9, 7, 10, 0, 0, 0.01%, 0, 0, 1, 45.29
1733821916, 9, 8, 10, 0, 0, 0.01%, 0, 0, 1, 42.72
1733821921, 9, 9, 10, 0, 0, 0.01%, 0, 0, 1, 43.20
1733821926, 10, 0, 10, 0, 0, 0.01%, 0, 0, 1, 44.19
1733821931, 10, 1, 10, 0, 0, 0.01%, 0, 0, 1, 43.65
1733821936, 10, 1, 11, 1, 0, 0.14%, 0, 0, 2, 42.25
1733821941, 10, 10, 11, 1, 1, 0.14%, 1, 0, 2, 53.06
1733822023, 15, 10, 11, 0, 0, 0.14%, 1, 0, 2, 47.06
1733822033, 16, 10, 11, 0, 0, 0.14%, 1, 0, 2, 46.71
1733822038, 16, 10, 12, 1, 0, 0.14%, 2, 0, 3, 48.35
1733822053, 16, 11, 12, 1, 1, 0.14%, 2, 0, 3, 47.04
1733822058, 16, 11, 13, 2, 1, 0.14%, 3, 0, 4, 63.33
1733822073, 16, 11, 14, 3, 1, 0.14%, 4, 0, 4, 54.49
1733822125, 16, 11, 15, 4, 1, 0.14%, 4, 0, 4, 50.76
1733822181, 16, 12, 15, 3, 2, 0.14%, 4, 0, 4, 63.54
1733822216, 16, 12, 16, 4, 2, 0.14%, 4, 0, 5, 50.63
1733822257, 16, 12, 18, 6, 2, 0.14%, 5, 0, 5, 52.83
1733822262, 16, 12, 19, 7, 2, 0.14%, 5, 0, 5, 48.96
1733822308, 16, 12, 20, 8, 2, 0.14%, 5, 0, 5, 50.45
1733822313, 16, 12, 21, 9, 2, 0.14%, 5, 0, 5, 49.82
1733822344, 16, 16, 22, 8, 2, 0.14%, 5, 0, 6, 78.91
1733822420, 16, 19, 23, 8, 2, 0.14%, 5, 0, 6, 86.58
1733822466, 16, 19, 24, 9, 2, 0.14%, 5, 0, 6, 52.09
1733822506, 16, 19, 25, 10, 2, 0.14%, 5, 0, 6, 51.50
1733822542, 16, 24, 25, 8, 2, 0.14%, 5, 0, 6, 39.53
1733822864, 16, 24, 27, 10, 2, 0.14%, 6, 0, 7, 100.22
1733825101, 16, 24, 28, 11, 2, 0.14%, 6, 0, 7, 72.63
1733825177, 16, 27, 28, 10, 2, 0.14%, 6, 0, 7, 42.33
1733825853, 16, 27, 30, 12, 2, 0.14%, 6, 0, 8, 70.03
1733825935, 16, 28, 30, 11, 1, 0.14%, 6, 0, 8, 48.28
1733826062, 16, 28, 31, 12, 1, 0.14%, 6, 0, 9, 62.51
1733826149, 16, 30, 31, 11, 1, 0.14%, 6, 0, 9, 78.36
1733826225, 16, 30, 32, 12, 1, 0.14%, 6, 0, 10, 62.36
1733826327, 17, 15, 32, 10, 0, 0.14%, 6, 0, 10, 67.78
1733826388, 17, 15, 33, 11, 0, 0.14%, 6, 0, 10, 57.23
1733826459, 17, 32, 33, 10, 1, 0.14%, 6, 0, 10, 69.66
1733826464, 17, 32, 34, 11, 1, 0.14%, 6, 0, 10, 92.79
1733826505, 17, 32, 35, 12, 1, 0.14%, 6, 0, 10, 61.56
1733826576, 17, 32, 36, 13, 1, 0.14%, 6, 0, 10, 56.38
1733826586, 17, 35, 36, 12, 1, 0.14%, 6, 0, 10, 69.58
1733826703, 18, 31, 36, 9, 0, 0.14%, 6, 0, 10, 66.29
1733826754, 18, 31, 37, 10, 0, 0.14%, 6, 0, 11, 65.93
1733826881, 20, 17, 37, 4, 0, 0.14%, 6, 0, 11, 50.00
1733826886, 21, 17, 37, 3, 0, 0.14%, 6, 0, 11, 100.46
1733827242, 21, 17, 38, 4, 0, 0.14%, 7, 0, 11, 77.31
1733827308, 21, 37, 38, 4, 1, 0.14%, 7, 0, 11, 43.69
1733827981, 22, 29, 38, 3, 0, 0.14%, 7, 0, 11, 54.02
1733828571, 25, 37, 38, 1, 0, 0.14%, 7, 0, 11, 48.12
1733828601, 26, 35, 38, 1, 0, 0.14%, 7, 0, 11, 57.75
1733828607, 26, 37, 38, 1, 0, 0.14%, 7, 0, 11, 79.29
1733828632, 27, 35, 38, 0, 0, 0.14%, 7, 0, 11, 52.30
1733828642, 27, 37, 38, 0, 0, 0.14%, 7, 0, 11, 69.64
1733828647, 27, 37, 39, 1, 0, 0.14%, 7, 0, 11, 79.63
1733828657, 27, 37, 40, 2, 0, 0.14%, 7, 0, 11, 74.45
1733828678, 28, 35, 40, 1, 0, 0.14%, 7, 0, 11, 47.34
1733828703, 29, 35, 40, 1, 0, 0.14%, 7, 0, 11, 63.22
1733828744, 29, 38, 40, 1, 0, 0.14%, 7, 0, 11, 83.18
1733829299, 30, 35, 40, 1, 0, 0.14%, 7, 0, 11, 67.36
1733829335, 30, 37, 40, 1, 0, 0.14%, 7, 0, 11, 77.23
1733829370, 31, 35, 40, 1, 0, 0.14%, 7, 0, 11, 64.81
1733829406, 32, 35, 40, 1, 0, 0.14%, 7, 0, 11, 61.94
1733829441, 33, 35, 40, 1, 0, 0.14%, 7, 0, 11, 64.53
1733829477, 33, 39, 40, 1, 0, 0.14%, 7, 0, 11, 58.29
1733829482, 34, 35, 40, 0, 0, 0.14%, 7, 0, 11, 48.32
1733829517, 34, 39, 40, 0, 0, 0.14%, 7, 0, 11, 72.06
1733830133, 40, 39, 40, 0, 0, 0.14%, 7, 0, 11, 75.14
1733830143, 41, 39, 40, 0, 0, 0.14%, 7, 0, 11, 70.15
1733830168, 42, 39, 40, 0, 0, 0.14%, 7, 0, 11, 59.67
1733830199, 43, 39, 40, 0, 0, 0.14%, 7, 0, 11, 77.00
1733830235, 44, 39, 40, 0, 0, 0.14%, 7, 0, 11, 74.81
1733830270, 45, 18, 40, 0, 0, 0.14%, 7, 0, 11, 78.88
1733830336, 45, 39, 40, 0, 0, 0.14%, 7, 0, 11, 66.30
1733830367, 46, 39, 40, 0, 0, 0.14%, 7, 0, 11, 84.95
1733830403, 47, 39, 40, 0, 0, 0.14%, 7, 0, 11, 72.47
1733830438, 48, 39, 40, 0, 0, 0.14%, 7, 0, 11, 60.65
1733830474, 57, 14, 40, 0, 0, 0.14%, 7, 0, 11, 58.83
1733830504, 57, 37, 40, 0, 0, 0.14%, 7, 0, 11, 73.14
1733830535, 58, 34, 40, 0, 0, 0.14%, 7, 0, 11, 74.96
1733831437, 62, 23, 40, 0, 0, 0.14%, 7, 0, 11, 76.43
1733831462, 65, 23, 40, 0, 0, 0.14%, 7, 0, 11, 58.07
1733831472, 69, 37, 40, 0, 0, 0.14%, 7, 0, 11, 76.52
1733831508, 74, 18, 40, 0, 0, 0.14%, 7, 0, 11, 58.95
1733831513, 79, 27, 40, 0, 0, 0.14%, 7, 0, 11, 66.03
1733831518, 82, 23, 40, 0, 0, 0.14%, 7, 0, 11, 62.18
1733831538, 87, 13, 40, 0, 0, 0.14%, 7, 0, 11, 80.45
1733831599, 88, 18, 40, 0, 0, 0.14%, 7, 0, 11, 61.13
1733831610, 88, 27, 40, 0, 0, 0.14%, 7, 0, 11, 62.31
1733831625, 90, 36, 40, 0, 0, 0.14%, 7, 0, 11, 94.68
1733831712, 96, 23, 40, 0, 0, 0.14%, 7, 0, 11, 61.49
1733831747, 98, 10, 40, 0, 0, 0.14%, 7, 0, 11, 58.11
1733831753, 101, 16, 40, 0, 0, 0.14%, 7, 0, 11, 58.03
1733831758, 101, 27, 40, 0, 0, 0.14%, 7, 0, 11, 73.47
1733831778, 105, 14, 40, 0, 0, 0.14%, 7, 0, 11, 58.60
1733831788, 105, 38, 40, 0, 0, 0.14%, 7, 0, 11, 66.70
1733831793, 107, 22, 40, 0, 0, 0.14%, 7, 0, 11, 87.31
1733831864, 111, 29, 40, 0, 0, 0.14%, 7, 0, 11, 66.08
1733831875, 113, 16, 40, 0, 0, 0.14%, 7, 0, 11, 58.28
1733831880, 114, 18, 40, 0, 0, 0.14%, 7, 0, 11, 59.82
1733831905, 115, 23, 40, 0, 0, 0.14%, 7, 0, 11, 58.85
1733831946, 116, 21, 40, 0, 0, 0.14%, 7, 0, 11, 87.24
1733831966, 116, 22, 40, 0, 0, 0.14%, 7, 0, 11, 59.40
1733831976, 117, 17, 40, 0, 0, 0.14%, 7, 0, 11, 67.74
1733831981, 119, 14, 40, 0, 0, 0.14%, 7, 0, 11, 57.86
1733831992, 120, 29, 40, 0, 0, 0.14%, 7, 0, 11, 68.65
1733832002, 121, 23, 40, 0, 0, 0.14%, 7, 0, 11, 60.58
1733832042, 121, 38, 40, 0, 0, 0.14%, 7, 0, 11, 67.80
1733832057, 122, 27, 40, 0, 0, 0.14%, 7, 0, 11, 75.17
1733832093, 125, 16, 40, 0, 0, 0.14%, 7, 0, 11, 57.70
1733832108, 125, 17, 40, 0, 0, 0.14%, 7, 0, 11, 68.25
1733832123, 125, 29, 40, 0, 0, 0.14%, 7, 0, 11, 70.18
1733832149, 125, 37, 40, 0, 0, 0.14%, 7, 0, 11, 74.20
1733832184, 126, 15, 40, 0, 0, 0.14%, 7, 0, 11, 54.10
1733832189, 126, 18, 40, 0, 0, 0.14%, 7, 0, 11, 58.97
1733832225, 127, 15, 40, 0, 0, 0.14%, 7, 0, 11, 64.96
1733832235, 127, 18, 40, 0, 0, 0.14%, 7, 0, 11, 61.53
1733832270, 128, 29, 40, 0, 0, 0.14%, 7, 0, 11, 77.31
1733832306, 129, 27, 40, 0, 0, 0.14%, 7, 0, 11, 66.19
1733832342, 131, 23, 40, 0, 0, 0.14%, 7, 0, 11, 59.48
1733832382, 131, 27, 40, 0, 0, 0.14%, 7, 0, 11, 66.24
1733832418, 132, 16, 40, 0, 0, 0.14%, 7, 0, 11, 54.92
1733832454, 132, 38, 40, 0, 0, 0.14%, 7, 0, 11, 59.18
1733832479, 133, 10, 40, 0, 0, 0.14%, 7, 0, 11, 60.85
1733832485, 133, 17, 40, 0, 0, 0.14%, 7, 0, 11, 67.29
1733832515, 134, 14, 40, 0, 0, 0.14%, 7, 0, 11, 58.11
1733832531, 134, 17, 40, 0, 0, 0.14%, 7, 0, 11, 70.45
1733832566, 135, 22, 40, 0, 0, 0.14%, 7, 0, 11, 57.69
1733832581, 136, 27, 40, 0, 0, 0.14%, 7, 0, 11, 67.71
1733832617, 137, 29, 40, 0, 0, 0.14%, 7, 0, 11, 70.50
1733832652, 139, 16, 40, 0, 0, 0.14%, 7, 0, 11, 61.77
1733832688, 140, 18, 40, 0, 0, 0.14%, 7, 0, 11, 65.72
1733832724, 143, 22, 40, 0, 0, 0.14%, 7, 0, 11, 57.72
1733832744, 144, 20, 40, 0, 0, 0.14%, 7, 0, 11, 86.70
1733832775, 145, 26, 40, 0, 0, 0.14%, 7, 0, 11, 62.31
1733832780, 145, 37, 40, 0, 0, 0.14%, 7, 0, 11, 72.71
1733832810, 145, 38, 40, 0, 0, 0.14%, 7, 0, 11, 64.28
1733832851, 150, 14, 40, 0, 0, 0.14%, 7, 0, 11, 56.47
1733832887, 152, 14, 40, 0, 0, 0.14%, 7, 0, 11, 62.42
1733832927, 152, 22, 40, 0, 0, 0.14%, 7, 0, 11, 61.22
1733832963, 155, 25, 40, 0, 0, 0.14%, 7, 0, 11, 58.13
1733832968, 156, 28, 40, 0, 0, 0.14%, 7, 0, 11, 57.65
1733832983, 157, 20, 40, 0, 0, 0.14%, 7, 0, 11, 61.13
1733832988, 158, 10, 40, 0, 0, 0.14%, 7, 0, 11, 62.27
1733833003, 158, 23, 40, 0, 0, 0.14%, 7, 0, 11, 62.68
1733833044, 159, 28, 40, 0, 0, 0.14%, 7, 0, 11, 69.46
1733833060, 161, 37, 40, 0, 0, 0.14%, 7, 0, 11, 77.71
1733833095, 162, 25, 40, 0, 0, 0.14%, 7, 0, 11, 103.95
1733833484, 162, 37, 40, 0, 0, 0.14%, 7, 0, 11, 80.16
1733833519, 163, 17, 40, 0, 0, 0.14%, 7, 0, 11, 76.24
1733833555, 165, 33, 40, 0, 0, 0.14%, 7, 0, 11, 61.53
1733833560, 166, 23, 40, 0, 0, 0.14%, 7, 0, 11, 58.16
1733833595, 167, 28, 40, 0, 0, 0.14%, 7, 0, 11, 68.34
1733833631, 168, 14, 40, 0, 0, 0.14%, 7, 0, 11, 63.76
1733833672, 168, 23, 40, 0, 0, 0.14%, 7, 0, 11, 57.73
1733833707, 168, 28, 40, 0, 0, 0.14%, 7, 0, 11, 70.07
1733833743, 169, 17, 40, 0, 0, 0.14%, 7, 0, 11, 70.07
1733833778, 169, 18, 40, 0, 0, 0.14%, 7, 0, 11, 58.41
1733833814, 171, 23, 40, 0, 0, 0.14%, 7, 0, 11, 62.79
1733833855, 172, 33, 40, 0, 0, 0.14%, 7, 0, 11, 80.63
1733833911, 173, 22, 40, 0, 0, 0.14%, 7, 0, 11, 60.67
1733833951, 173, 23, 40, 0, 0, 0.14%, 7, 0, 11, 58.29
1733833992, 174, 17, 40, 0, 0, 0.14%, 7, 0, 11, 77.38
1733834022, 175, 17, 40, 0, 0, 0.14%, 7, 0, 11, 61.56
1733834058, 176, 10, 40, 0, 0, 0.14%, 7, 0, 11, 58.42
1733834078, 176, 14, 40, 0, 0, 0.14%, 7, 0, 11, 55.57
1733834114, 179, 18, 40, 0, 0, 0.14%, 7, 0, 11, 65.37
1733834154, 179, 28, 40, 0, 0, 0.14%, 7, 0, 11, 66.50
1733834190, 180, 23, 40, 0, 0, 0.14%, 7, 0, 11, 56.98
1733834195, 181, 27, 40, 0, 0, 0.14%, 7, 0, 11, 62.06
1733834236, 182, 10, 40, 0, 0, 0.14%, 7, 0, 11, 54.78
1733834271, 182, 16, 40, 0, 0, 0.14%, 7, 0, 11, 61.13
1733834312, 183, 10, 40, 0, 0, 0.14%, 7, 0, 11, 53.30
1733834342, 184, 17, 40, 0, 0, 0.14%, 7, 0, 11, 72.92
1733834378, 185, 21, 40, 0, 0, 0.14%, 7, 0, 11, 59.22
1733834383, 185, 28, 40, 0, 0, 0.14%, 7, 0, 11, 66.85
1733834419, 185, 37, 40, 0, 0, 0.14%, 7, 0, 11, 81.06
1733834449, 186, 28, 40, 0, 0, 0.14%, 7, 0, 11, 58.90
1733834490, 187, 18, 40, 0, 0, 0.14%, 7, 0, 11, 56.27
1733834525, 187, 32, 40, 0, 0, 0.14%, 7, 0, 11, 56.42
1733834530, 188, 22, 40, 0, 0, 0.14%, 7, 0, 11, 57.01
1733834571, 189, 26, 40, 0, 0, 0.14%, 7, 0, 11, 105.74
1733834939, 190, 14, 40, 0, 0, 0.14%, 7, 0, 11, 62.00
1733834985, 191, 21, 40, 0, 0, 0.14%, 7, 0, 11, 54.24
1733834995, 192, 16, 40, 0, 0, 0.14%, 7, 0, 11, 59.82
1733835036, 192, 37, 40, 0, 0, 0.14%, 7, 0, 11, 84.33
1733835072, 194, 22, 40, 0, 0, 0.14%, 7, 0, 11, 56.25
1733835112, 197, 21, 40, 0, 0, 0.14%, 7, 0, 11, 59.47
1733835143, 199, 22, 40, 0, 0, 0.14%, 7, 0, 11, 57.75
1733835183, 199, 36, 40, 0, 0, 0.14%, 7, 0, 11, 60.42
1733835193, 200, 13, 40, 0, 0, 0.14%, 7, 0, 11, 60.68
1733835198, 201, 26, 40, 0, 0, 0.14%, 7, 0, 11, 61.95
1733835209, 201, 33, 40, 0, 0, 0.14%, 7, 0, 11, 60.95
1733835219, 203, 20, 40, 0, 0, 0.14%, 7, 0, 11, 65.81
1733835239, 204, 22, 40, 0, 0, 0.14%, 7, 0, 11, 58.41
1733835280, 205, 25, 40, 0, 0, 0.14%, 7, 0, 11, 57.58
1733835290, 205, 37, 40, 0, 0, 0.14%, 7, 0, 11, 68.10
1733835295, 206, 15, 40, 0, 0, 0.14%, 7, 0, 11, 62.07
1733835315, 207, 13, 40, 0, 0, 0.14%, 7, 0, 11, 57.83
1733835330, 208, 21, 40, 0, 0, 0.14%, 7, 0, 11, 58.45
1733835371, 208, 22, 40, 0, 0, 0.14%, 7, 0, 11, 63.80
1733835407, 208, 33, 40, 0, 0, 0.14%, 7, 0, 11, 62.11
1733835432, 210, 15, 40, 0, 0, 0.14%, 7, 0, 11, 60.95
1733835472, 211, 15, 40, 0, 0, 0.14%, 7, 0, 11, 59.11
1733835508, 213, 30, 40, 0, 0, 0.14%, 7, 0, 11, 65.83
1733835518, 213, 33, 40, 0, 0, 0.14%, 7, 0, 11, 60.83
1733835554, 214, 22, 40, 0, 0, 0.14%, 7, 0, 11, 57.35
1733835594, 216, 32, 40, 0, 0, 0.14%, 7, 0, 11, 58.44
1733835609, 216, 36, 40, 0, 0, 0.14%, 7, 0, 11, 69.77
1733835640, 218, 25, 40, 0, 0, 0.14%, 7, 0, 11, 60.03
1733835660, 218, 32, 40, 0, 0, 0.14%, 7, 0, 11, 67.22
1733835690, 219, 26, 40, 0, 0, 0.14%, 7, 0, 11, 66.54
1733835705, 219, 37, 40, 0, 0, 0.14%, 7, 0, 11, 61.88
1733835711, 220, 23, 40, 0, 0, 0.14%, 7, 0, 11, 63.14
1733835716, 220, 31, 40, 0, 0, 0.14%, 7, 0, 11, 65.37
1733835726, 222, 20, 40, 0, 0, 0.14%, 7, 0, 11, 68.21
1733835761, 225, 32, 40, 0, 0, 0.14%, 7, 0, 11, 53.33
1733835792, 225, 32, 41, 1, 0, 0.16%, 8, 0, 11, 53.13
1733835802, 225, 40, 41, 1, 1, 0.16%, 8, 0, 11, 53.83
1733835812, 225, 40, 42, 2, 1, 0.16%, 8, 0, 11, 54.31
1733835817, 225, 40, 43, 3, 1, 0.16%, 8, 0, 11, 50.67
1733835822, 225, 40, 45, 5, 1, 0.18%, 9, 0, 11, 51.03
1733835837, 225, 40, 46, 6, 1, 0.18%, 9, 0, 11, 52.72
1733835954, 225, 44, 46, 4, 1, 0.18%, 9, 0, 11, 59.35
1733835995, 225, 44, 47, 5, 1, 0.18%, 9, 0, 11, 52.20
1733836021, 225, 44, 48, 6, 1, 0.18%, 9, 0, 11, 53.61
1733836046, 225, 44, 49, 7, 1, 0.18%, 9, 0, 11, 54.29
1733836087, 225, 44, 50, 8, 1, 0.18%, 9, 0, 11, 61.02
1733836092, 225, 49, 50, 7, 1, 0.18%, 9, 0, 11, 67.03
1733836168, 227, 41, 50, 6, 0, 0.18%, 9, 0, 11, 66.02
1733836234, 227, 47, 50, 6, 0, 0.18%, 9, 0, 11, 61.97
1733836244, 227, 47, 51, 7, 0, 0.19%, 10, 0, 11, 65.61
1733836270, 227, 47, 52, 8, 0, 0.19%, 10, 0, 11, 60.53
1733836330, 228, 34, 52, 5, 0, 0.19%, 10, 0, 11, 66.17
1733836336, 229, 25, 52, 4, 0, 0.19%, 10, 0, 11, 62.64
1733836376, 229, 41, 52, 4, 0, 0.19%, 10, 0, 11, 54.82
1733836402, 229, 48, 52, 4, 0, 0.19%, 10, 0, 11, 67.51
1733836483, 229, 50, 53, 4, 0, 0.22%, 11, 0, 11, 56.48
1733836488, 229, 50, 54, 5, 0, 0.23%, 12, 0, 11, 82.62
1733836544, 229, 50, 55, 6, 0, 0.23%, 12, 0, 11, 57.85
1733836620, 229, 54, 56, 5, 1, 0.23%, 12, 0, 12, 68.52
1733836671, 229, 54, 57, 6, 1, 0.23%, 12, 0, 12, 63.29
1733836717, 229, 54, 58, 7, 1, 0.23%, 12, 0, 12, 58.64
1733836722, 229, 54, 59, 8, 1, 0.23%, 12, 0, 12, 64.50
1733836752, 229, 57, 59, 6, 0, 0.23%, 12, 0, 12, 83.48
1733836839, 230, 41, 59, 5, 0, 0.23%, 12, 0, 12, 53.68
1733836880, 230, 53, 59, 3, 0, 0.23%, 12, 0, 12, 59.06
1733836885, 230, 53, 60, 4, 0, 0.23%, 12, 0, 12, 82.87
1733836956, 230, 53, 61, 5, 0, 0.23%, 12, 0, 12, 56.53
1733837052, 230, 58, 61, 5, 1, 0.23%, 12, 0, 12, 82.83
1733837103, 230, 58, 62, 6, 1, 0.25%, 13, 0, 13, 69.37
1733837109, 230, 58, 63, 7, 1, 0.25%, 13, 0, 13, 66.66
1733837195, 230, 59, 63, 6, 2, 0.25%, 13, 0, 13, 62.54
1733837200, 230, 59, 64, 7, 2, 0.25%, 13, 0, 13, 81.61
1733837312, 230, 61, 66, 8, 2, 0.25%, 14, 0, 14, 79.69
1733837317, 230, 61, 67, 9, 2, 0.25%, 14, 0, 14, 99.13
1733837363, 230, 61, 69, 11, 2, 0.25%, 14, 0, 14, 104.96
1733837399, 230, 61, 70, 12, 2, 0.25%, 14, 0, 14, 64.15
1733837435, 230, 61, 71, 13, 2, 0.25%, 14, 0, 14, 65.04
1733837490, 230, 66, 71, 11, 2, 0.25%, 14, 0, 14, 63.94
1733837495, 230, 66, 72, 12, 2, 0.25%, 14, 0, 15, 88.77
1733837501, 230, 66, 73, 13, 2, 0.25%, 14, 0, 15, 111.86
1733837623, 231, 41, 73, 10, 0, 0.25%, 14, 0, 15, 55.88
1733837664, 231, 62, 73, 9, 0, 0.25%, 14, 0, 15, 75.43
1733837787, 231, 72, 74, 9, 0, 0.25%, 14, 0, 16, 91.85
1733837792, 231, 72, 75, 10, 0, 0.25%, 14, 0, 16, 101.63
1733837797, 231, 72, 77, 12, 0, 0.26%, 15, 0, 16, 103.66
1733837853, 231, 72, 78, 13, 0, 0.26%, 15, 0, 16, 62.88
1733837965, 231, 75, 79, 14, 2, 0.26%, 15, 0, 17, 88.25
1733838092, 231, 78, 79, 12, 1, 0.26%, 15, 0, 17, 87.17
1733838102, 231, 78, 80, 13, 1, 0.26%, 15, 0, 18, 106.11
1733838143, 231, 78, 81, 14, 1, 0.26%, 15, 0, 18, 101.61
1733838219, 231, 79, 81, 13, 2, 0.26%, 15, 0, 18, 89.44
1733838270, 231, 79, 82, 14, 2, 0.26%, 15, 0, 19, 104.15
1733838351, 231, 80, 82, 13, 2, 0.26%, 15, 0, 19, 84.15
1733838407, 231, 80, 83, 14, 2, 0.26%, 15, 0, 19, 74.31
1733838452, 231, 80, 84, 15, 2, 0.26%, 15, 0, 19, 64.47
1733838483, 231, 80, 85, 16, 2, 0.26%, 15, 0, 19, 62.48
1733838529, 231, 82, 85, 15, 1, 0.26%, 15, 0, 19, 92.03
1733838656, 232, 41, 85, 14, 0, 0.26%, 15, 0, 19, 64.18
1733838696, 232, 60, 85, 14, 0, 0.26%, 15, 0, 19, 66.63
1733838798, 232, 76, 85, 12, 0, 0.26%, 15, 0, 19, 89.23
1733838803, 232, 76, 86, 13, 0, 0.26%, 15, 0, 19, 99.21
1733838925, 232, 85, 86, 13, 1, 0.26%, 15, 0, 19, 91.42
1733838936, 232, 85, 87, 14, 1, 0.27%, 16, 0, 19, 103.15
1733839052, 233, 20, 87, 12, 0, 0.27%, 16, 0, 19, 62.71
1733839093, 233, 33, 87, 12, 0, 0.27%, 16, 0, 19, 58.77
1733839128, 233, 41, 87, 12, 0, 0.27%, 16, 0, 19, 62.85
1733839169, 233, 41, 88, 13, 0, 0.27%, 16, 0, 19, 63.28
1733839174, 233, 87, 89, 14, 1, 0.27%, 16, 0, 19, 89.16
1733839184, 233, 87, 90, 15, 1, 0.27%, 16, 0, 19, 105.43
1733839270, 233, 87, 91, 16, 1, 0.27%, 16, 0, 19, 63.33
1733839361, 233, 90, 91, 14, 1, 0.27%, 16, 0, 19, 87.30
1733839366, 233, 90, 93, 16, 1, 0.27%, 16, 0, 19, 85.43
