# unix_time, cycles_done, cur_path, paths_total, pending_total, pending_favs, map_size, unique_crashes, unique_hangs, max_depth, execs_per_sec
1735450363, 0, 0, 10, 10, 1, 0.01%, 0, 0, 1, 36.20
1735450368, 0, 4, 10, 10, 1, 0.01%, 0, 0, 1, 37.24
1735450383, 1, 0, 10, 4, 0, 0.01%, 0, 0, 1, 47.62
1735450388, 1, 1, 10, 3, 0, 0.01%, 0, 0, 1, 45.48
1735450393, 1, 2, 10, 2, 0, 0.01%, 0, 0, 1, 45.72
1735450398, 1, 3, 10, 1, 0, 0.01%, 0, 0, 1, 45.06
1735450403, 1, 4, 10, 0, 0, 0.01%, 0, 0, 1, 47.32
1735450408, 1, 5, 10, 0, 0, 0.01%, 0, 0, 1, 45.84
1735450418, 1, 6, 10, 0, 0, 0.01%, 0, 0, 1, 44.39
1735450423, 1, 7, 10, 0, 0, 0.01%, 0, 0, 1, 47.60
1735450429, 1, 8, 10, 0, 0, 0.01%, 0, 0, 1, 46.29
1735450434, 1, 9, 10, 0, 0, 0.01%, 0, 0, 1, 47.55
1735450439, 2, 0, 10, 0, 0, 0.01%, 0, 0, 1, 46.97
1735450444, 2, 1, 10, 0, 0, 0.01%, 0, 0, 1, 46.36
1735450449, 2, 2, 10, 0, 0, 0.01%, 0, 0, 1, 45.93
1735450454, 2, 3, 10, 0, 0, 0.01%, 0, 0, 1, 46.23
1735450459, 2, 4, 10, 0, 0, 0.01%, 0, 0, 1, 45.29
1735450464, 2, 5, 10, 0, 0, 0.01%, 0, 0, 1, 45.42
1735450469, 2, 6, 10, 0, 0, 0.01%, 0, 0, 1, 47.17
1735450479, 2, 7, 10, 0, 0, 0.01%, 0, 0, 1, 46.06
1735450484, 2, 8, 10, 0, 0, 0.01%, 0, 0, 1, 43.41
1735450489, 2, 9, 10, 0, 0, 0.01%, 0, 0, 1, 45.95
1735450495, 3, 0, 10, 0, 0, 0.01%, 0, 0, 1, 44.71
1735450500, 3, 1, 10, 0, 0, 0.01%, 0, 0, 1, 45.22
1735450505, 3, 2, 10, 0, 0, 0.01%, 0, 0, 1, 46.88
1735450510, 3, 3, 10, 0, 0, 0.01%, 0, 0, 1, 45.18
1735450515, 3, 4, 10, 0, 0, 0.01%, 0, 0, 1, 49.47
1735450520, 3, 5, 10, 0, 0, 0.01%, 0, 0, 1, 47.43
1735450525, 3, 6, 10, 0, 0, 0.01%, 0, 0, 1, 46.19
1735450530, 3, 7, 10, 0, 0, 0.01%, 0, 0, 1, 44.71
1735450540, 3, 8, 11, 1, 0, 0.14%, 1, 0, 2, 44.65
1735450545, 3, 10, 11, 1, 1, 0.14%, 1, 0, 2, 59.49
1735450556, 3, 10, 12, 2, 1, 0.14%, 2, 0, 3, 50.31
1735450591, 3, 11, 12, 1, 1, 0.14%, 2, 0, 3, 62.47
1735450597, 3, 11, 13, 2, 1, 0.14%, 3, 0, 4, 61.35
1735450637, 3, 12, 13, 1, 1, 0.14%, 3, 0, 4, 68.11
1735450713, 6, 11, 13, 0, 0, 0.14%, 3, 0, 4, 51.77
1735450723, 6, 12, 13, 0, 0, 0.14%, 3, 0, 4, 53.00
1735450739, 7, 11, 13, 0, 0, 0.14%, 3, 0, 4, 48.80
1735450754, 7, 12, 13, 0, 0, 0.14%, 3, 0, 4, 47.18
1735450774, 8, 11, 13, 0, 0, 0.14%, 3, 0, 4, 48.00
1735450815, 8, 12, 13, 0, 0, 0.14%, 3, 0, 4, 49.03
1735450830, 8, 12, 14, 1, 0, 0.14%, 3, 0, 5, 50.87
1735450845, 8, 12, 15, 2, 0, 0.14%, 3, 0, 5, 46.98
1735450881, 8, 13, 15, 2, 1, 0.14%, 3, 0, 5, 83.50
1735450886, 8, 13, 16, 3, 1, 0.14%, 3, 0, 6, 81.03
1735450932, 8, 13, 17, 4, 1, 0.14%, 3, 0, 6, 56.28
1735450957, 8, 13, 18, 5, 1, 0.14%, 3, 0, 6, 53.02
1735450967, 8, 13, 19, 6, 1, 0.14%, 3, 0, 6, 56.21
1735451038, 8, 17, 20, 6, 1, 0.14%, 3, 0, 7, 73.56
1735451089, 8, 17, 21, 7, 1, 0.14%, 4, 0, 7, 59.07
1735451145, 8, 17, 22, 8, 1, 0.14%, 5, 0, 7, 63.18
1735451185, 8, 20, 23, 8, 2, 0.14%, 5, 0, 8, 57.14
1735451216, 8, 20, 24, 9, 2, 0.14%, 5, 0, 8, 52.54
1735451226, 8, 20, 25, 10, 2, 0.14%, 5, 0, 8, 52.38
1735451297, 8, 20, 27, 12, 2, 0.14%, 5, 0, 8, 60.55
1735451307, 8, 21, 27, 11, 2, 0.14%, 5, 0, 8, 85.02
1735451384, 8, 21, 28, 12, 2, 0.14%, 5, 0, 8, 65.96
1735451389, 8, 21, 29, 13, 2, 0.14%, 5, 0, 8, 68.80
1735451394, 8, 21, 30, 14, 2, 0.14%, 5, 0, 8, 69.58
1735451404, 8, 21, 31, 15, 2, 0.14%, 5, 0, 8, 69.80
1735451419, 8, 21, 32, 16, 2, 0.14%, 5, 0, 8, 69.08
1735451450, 8, 21, 34, 18, 2, 0.14%, 5, 0, 8, 61.10
1735451470, 8, 28, 34, 17, 2, 0.14%, 5, 0, 8, 78.88
1735451587, 8, 31, 34, 16, 1, 0.14%, 5, 0, 8, 59.32
1735451729, 8, 32, 34, 15, 0, 0.14%, 5, 0, 8, 68.70
1735451801, 8, 32, 35, 16, 0, 0.14%, 5, 0, 9, 57.46
1735451907, 8, 34, 35, 15, 1, 0.14%, 5, 0, 9, 56.48
1735452303, 9, 11, 35, 14, 0, 0.14%, 5, 0, 9, 52.46
1735452318, 9, 27, 35, 12, 0, 0.14%, 5, 0, 9, 89.69
1735452455, 9, 33, 35, 11, 0, 0.14%, 5, 0, 9, 62.73
1735452583, 10, 26, 35, 9, 0, 0.14%, 5, 0, 9, 70.72
1735452689, 10, 26, 37, 11, 0, 0.14%, 6, 0, 9, 114.67
1735453106, 10, 36, 37, 10, 1, 0.14%, 6, 0, 9, 55.01
1735453111, 12, 24, 37, 6, 0, 0.14%, 6, 0, 9, 95.25
1735453218, 17, 24, 37, 3, 0, 0.14%, 6, 0, 9, 54.79
1735453228, 18, 24, 37, 3, 0, 0.14%, 6, 0, 9, 61.12
1735453254, 18, 29, 37, 3, 0, 0.14%, 6, 0, 9, 73.88
1735453325, 19, 24, 37, 3, 0, 0.14%, 6, 0, 9, 59.60
1735453366, 20, 24, 37, 3, 0, 0.14%, 6, 0, 9, 67.35
1735453401, 21, 24, 37, 3, 0, 0.14%, 6, 0, 9, 70.85
1735453437, 22, 24, 37, 2, 0, 0.14%, 6, 0, 9, 65.52
1735453472, 22, 35, 37, 2, 0, 0.14%, 6, 0, 9, 50.52
1735453477, 23, 24, 38, 2, 0, 0.14%, 6, 0, 9, 62.13
1735453527, 23, 37, 38, 2, 1, 0.14%, 6, 0, 9, 82.41
1735453680, 25, 29, 38, 1, 0, 0.14%, 6, 0, 9, 62.32
1735453696, 26, 29, 38, 1, 0, 0.14%, 6, 0, 9, 60.96
1735453716, 27, 25, 38, 1, 0, 0.14%, 6, 0, 9, 80.40
1735453746, 27, 29, 38, 1, 0, 0.14%, 6, 0, 9, 63.91
1735453782, 28, 11, 38, 1, 0, 0.14%, 6, 0, 9, 61.49
1735453797, 28, 29, 38, 1, 0, 0.14%, 6, 0, 9, 60.32
1735453833, 29, 29, 38, 1, 0, 0.14%, 6, 0, 9, 66.39
1735453873, 30, 29, 38, 1, 0, 0.14%, 6, 0, 9, 63.28
1735453914, 31, 29, 38, 1, 0, 0.14%, 6, 0, 9, 61.07
1735453949, 31, 37, 38, 1, 0, 0.14%, 6, 0, 9, 58.45
1735453960, 32, 37, 38, 1, 0, 0.14%, 6, 0, 9, 73.00
1735453980, 33, 37, 38, 1, 0, 0.14%, 6, 0, 9, 75.35
1735454015, 34, 37, 38, 1, 0, 0.14%, 6, 0, 9, 73.33
1735454051, 35, 11, 38, 1, 0, 0.14%, 6, 0, 9, 62.51
1735454081, 35, 37, 38, 1, 0, 0.14%, 6, 0, 9, 72.72
1735454111, 36, 12, 38, 1, 0, 0.14%, 6, 0, 9, 60.24
1735454116, 36, 25, 38, 1, 0, 0.14%, 6, 0, 9, 63.55
1735454127, 36, 37, 38, 1, 0, 0.14%, 6, 0, 9, 71.47
1735454163, 37, 18, 38, 1, 0, 0.14%, 6, 0, 9, 95.35
1735454361, 37, 37, 38, 0, 0, 0.14%, 6, 0, 9, 71.63
1735454397, 38, 37, 38, 0, 0, 0.14%, 6, 0, 9, 62.12
1735454433, 39, 30, 38, 0, 0, 0.14%, 6, 0, 9, 83.85
1735454514, 42, 18, 38, 0, 0, 0.14%, 6, 0, 9, 68.64
1735454519, 43, 18, 38, 0, 0, 0.14%, 6, 0, 9, 61.72
1735454534, 43, 30, 38, 0, 0, 0.14%, 6, 0, 9, 60.84
1735454540, 44, 18, 38, 0, 0, 0.14%, 6, 0, 9, 62.89
1735454575, 44, 25, 38, 0, 0, 0.14%, 6, 0, 9, 65.43
1735454595, 44, 30, 38, 0, 0, 0.14%, 6, 0, 9, 65.24
1735454611, 45, 18, 38, 0, 0, 0.14%, 6, 0, 9, 67.02
1735454646, 45, 30, 38, 0, 0, 0.14%, 6, 0, 9, 66.84
1735454671, 46, 18, 38, 0, 0, 0.14%, 6, 0, 9, 65.49
1735454707, 46, 30, 38, 0, 0, 0.14%, 6, 0, 9, 64.55
1735454742, 47, 18, 38, 0, 0, 0.14%, 6, 0, 9, 71.01
1735454778, 47, 30, 38, 0, 0, 0.14%, 6, 0, 9, 62.07
1735454813, 48, 18, 38, 0, 0, 0.14%, 6, 0, 9, 53.65
1735454854, 48, 30, 38, 0, 0, 0.14%, 6, 0, 9, 61.58
1735454889, 49, 15, 38, 0, 0, 0.14%, 6, 0, 9, 82.61
1735454910, 49, 18, 38, 0, 0, 0.14%, 6, 0, 9, 66.10
1735454941, 49, 30, 38, 0, 0, 0.14%, 6, 0, 9, 69.90
1735454981, 50, 18, 38, 0, 0, 0.14%, 6, 0, 9, 71.28
1735455011, 51, 18, 38, 0, 0, 0.14%, 6, 0, 9, 70.82
1735455047, 52, 18, 38, 0, 0, 0.14%, 6, 0, 9, 67.68
1735455072, 58, 11, 38, 0, 0, 0.14%, 6, 0, 9, 75.10
1735455107, 60, 15, 38, 0, 0, 0.14%, 6, 0, 9, 60.13
1735455117, 67, 24, 38, 0, 0, 0.14%, 6, 0, 9, 67.85
1735455153, 69, 12, 38, 0, 0, 0.14%, 6, 0, 9, 57.42
1735455163, 73, 15, 38, 0, 0, 0.14%, 6, 0, 9, 58.76
1735455184, 74, 13, 38, 0, 0, 0.14%, 6, 0, 9, 57.23
1735455189, 74, 33, 38, 0, 0, 0.14%, 6, 0, 9, 58.52
1735455199, 75, 25, 38, 0, 0, 0.14%, 6, 0, 9, 60.21
1735455240, 76, 12, 38, 0, 0, 0.14%, 6, 0, 9, 60.17
1735455255, 76, 25, 38, 0, 0, 0.14%, 6, 0, 9, 58.33
1735455290, 77, 25, 38, 0, 0, 0.14%, 6, 0, 9, 59.55
1735455326, 81, 24, 38, 0, 0, 0.14%, 6, 0, 9, 66.90
1735455366, 82, 12, 38, 0, 0, 0.14%, 6, 0, 9, 57.90
1735455397, 83, 19, 38, 0, 0, 0.14%, 6, 0, 9, 61.39
1735455402, 87, 11, 38, 0, 0, 0.14%, 6, 0, 9, 57.87
1735455442, 88, 13, 38, 0, 0, 0.14%, 6, 0, 9, 61.36
1735455453, 88, 25, 38, 0, 0, 0.14%, 6, 0, 9, 61.77
1735455488, 88, 33, 38, 0, 0, 0.14%, 6, 0, 9, 61.17
1735455518, 99, 12, 38, 0, 0, 0.14%, 6, 0, 9, 60.73
1735455554, 109, 24, 38, 0, 0, 0.14%, 6, 0, 9, 64.11
1735455594, 113, 13, 38, 0, 0, 0.14%, 6, 0, 9, 66.94
1735455609, 116, 35, 38, 0, 0, 0.14%, 6, 0, 9, 74.97
1735455935, 117, 11, 38, 0, 0, 0.14%, 6, 0, 9, 56.99
1735455976, 117, 25, 38, 0, 0, 0.14%, 6, 0, 9, 61.16
1735456011, 119, 13, 38, 0, 0, 0.14%, 6, 0, 9, 62.31
1735456052, 122, 19, 38, 0, 0, 0.14%, 6, 0, 9, 82.64
1735456118, 122, 25, 38, 0, 0, 0.14%, 6, 0, 9, 63.66
1735456153, 127, 11, 38, 0, 0, 0.14%, 6, 0, 9, 59.09
1735456194, 127, 25, 38, 0, 0, 0.14%, 6, 0, 9, 64.46
1735456229, 128, 11, 38, 0, 0, 0.14%, 6, 0, 9, 57.33
1735456270, 129, 13, 38, 0, 0, 0.14%, 6, 0, 9, 62.85
1735456300, 130, 13, 38, 0, 0, 0.14%, 6, 0, 9, 62.73
1735456336, 131, 23, 38, 0, 0, 0.14%, 6, 0, 9, 67.93
1735456361, 132, 12, 38, 0, 0, 0.14%, 6, 0, 9, 54.95
1735456396, 134, 19, 38, 0, 0, 0.14%, 6, 0, 9, 59.91
1735456407, 135, 12, 38, 0, 0, 0.14%, 6, 0, 9, 56.29
1735456442, 137, 33, 38, 0, 0, 0.14%, 6, 0, 9, 68.19
1735456477, 140, 25, 38, 0, 0, 0.14%, 6, 0, 9, 61.16
1735456518, 141, 22, 38, 0, 0, 0.14%, 6, 0, 9, 70.64
1735456538, 142, 36, 38, 0, 0, 0.14%, 6, 0, 9, 89.64
1735456860, 143, 33, 38, 0, 0, 0.14%, 6, 0, 9, 71.20
1735456890, 144, 13, 38, 0, 0, 0.14%, 6, 0, 9, 70.26
1735456925, 144, 20, 38, 0, 0, 0.14%, 6, 0, 9, 66.26
1735456931, 145, 22, 38, 0, 0, 0.14%, 6, 0, 9, 62.23
1735456946, 146, 11, 38, 0, 0, 0.14%, 6, 0, 9, 57.48
1735456981, 148, 21, 38, 0, 0, 0.14%, 6, 0, 9, 65.15
1735456991, 151, 16, 38, 0, 0, 0.14%, 6, 0, 9, 87.76
1735457027, 151, 22, 38, 0, 0, 0.14%, 6, 0, 9, 55.78
1735457058, 152, 12, 38, 0, 0, 0.14%, 6, 0, 9, 55.94
1735457088, 154, 21, 38, 0, 0, 0.14%, 6, 0, 9, 64.83
1735457103, 154, 22, 38, 0, 0, 0.14%, 6, 0, 9, 54.51
1735457144, 154, 27, 38, 0, 0, 0.14%, 6, 0, 9, 63.08
1735457154, 155, 19, 38, 0, 0, 0.14%, 6, 0, 9, 61.40
1735457175, 156, 35, 38, 0, 0, 0.14%, 6, 0, 9, 63.27
1735457180, 157, 13, 38, 0, 0, 0.14%, 6, 0, 9, 63.00
1735457215, 157, 22, 38, 0, 0, 0.14%, 6, 0, 9, 55.12
1735457256, 158, 27, 38, 0, 0, 0.14%, 6, 0, 9, 60.05
1735457276, 159, 15, 38, 0, 0, 0.14%, 6, 0, 9, 62.77
1735457312, 160, 13, 38, 0, 0, 0.14%, 6, 0, 9, 61.35
1735457347, 160, 20, 38, 0, 0, 0.14%, 6, 0, 9, 51.28
1735457358, 162, 15, 38, 0, 0, 0.14%, 6, 0, 9, 57.89
1735457393, 164, 11, 38, 0, 0, 0.14%, 6, 0, 9, 53.05
1735457434, 169, 19, 38, 0, 0, 0.14%, 6, 0, 9, 64.28
1735457474, 177, 27, 38, 0, 0, 0.14%, 6, 0, 9, 69.20
1735457510, 179, 19, 38, 0, 0, 0.14%, 6, 0, 9, 59.23
1735457545, 182, 15, 38, 0, 0, 0.14%, 6, 0, 9, 58.89
1735457581, 183, 20, 38, 0, 0, 0.14%, 6, 0, 9, 55.59
1735457596, 184, 23, 38, 0, 0, 0.14%, 6, 0, 9, 62.07
1735457611, 185, 15, 38, 0, 0, 0.14%, 6, 0, 9, 60.98
1735457647, 189, 20, 38, 0, 0, 0.14%, 6, 0, 9, 59.00
1735457687, 190, 23, 38, 0, 0, 0.14%, 6, 0, 9, 57.98
1735457708, 196, 19, 38, 0, 0, 0.14%, 6, 0, 9, 62.36
1735457749, 196, 21, 38, 0, 0, 0.14%, 6, 0, 9, 64.89
1735457774, 197, 20, 38, 0, 0, 0.14%, 6, 0, 9, 56.82
1735457815, 198, 20, 38, 0, 0, 0.14%, 6, 0, 9, 55.56
1735457855, 198, 23, 38, 0, 0, 0.14%, 6, 0, 9, 58.71
1735457896, 198, 33, 38, 0, 0, 0.14%, 6, 0, 9, 62.72
1735457931, 199, 16, 38, 0, 0, 0.14%, 6, 0, 9, 64.05
1735457936, 202, 21, 38, 0, 0, 0.14%, 6, 0, 9, 64.22
1735457972, 202, 35, 38, 0, 0, 0.14%, 6, 0, 9, 65.73
1735457987, 203, 21, 38, 0, 0, 0.14%, 6, 0, 9, 72.86
1735458023, 204, 14, 38, 0, 0, 0.14%, 6, 0, 9, 79.16
1735458048, 207, 27, 38, 0, 0, 0.14%, 6, 0, 9, 63.82
1735458089, 209, 16, 38, 0, 0, 0.14%, 6, 0, 9, 63.18
1735458099, 209, 21, 38, 0, 0, 0.14%, 6, 0, 9, 57.79
1735458140, 212, 21, 38, 0, 0, 0.14%, 6, 0, 9, 74.72
1735458175, 216, 19, 38, 0, 0, 0.14%, 6, 0, 9, 58.11
1735458216, 216, 31, 38, 0, 0, 0.14%, 6, 0, 9, 61.03
1735458226, 216, 32, 38, 0, 0, 0.14%, 6, 0, 9, 63.72
1735458237, 217, 23, 38, 0, 0, 0.14%, 6, 0, 9, 58.04
1735458277, 218, 14, 38, 0, 0, 0.14%, 6, 0, 9, 61.25
1735458282, 218, 28, 38, 0, 0, 0.14%, 6, 0, 9, 67.62
1735458292, 221, 36, 38, 0, 0, 0.14%, 6, 0, 9, 66.12
1735458297, 224, 17, 38, 0, 0, 0.14%, 6, 0, 9, 62.30
1735458303, 224, 35, 38, 0, 0, 0.14%, 6, 0, 9, 61.39
1735458338, 225, 15, 38, 0, 0, 0.14%, 6, 0, 9, 52.08
1735458368, 225, 25, 38, 0, 0, 0.14%, 6, 0, 9, 65.51
1735458404, 226, 36, 38, 0, 0, 0.14%, 6, 0, 9, 67.84
1735458424, 227, 32, 38, 0, 0, 0.14%, 6, 0, 9, 62.35
1735458450, 230, 16, 38, 0, 0, 0.14%, 6, 0, 9, 64.63
1735458475, 230, 32, 38, 0, 0, 0.14%, 6, 0, 9, 64.09
1735458515, 231, 32, 38, 0, 0, 0.14%, 6, 0, 9, 61.03
1735458556, 232, 20, 38, 0, 0, 0.14%, 6, 0, 9, 56.01
1735458596, 239, 22, 38, 0, 0, 0.14%, 6, 0, 9, 53.82
1735458632, 241, 19, 38, 0, 0, 0.14%, 6, 0, 9, 67.97
1735458672, 241, 33, 38, 0, 0, 0.14%, 6, 0, 9, 67.21
1735458708, 242, 23, 38, 0, 0, 0.14%, 6, 0, 9, 63.18
1735458748, 242, 32, 38, 0, 0, 0.14%, 6, 0, 9, 56.48
1735458784, 244, 33, 38, 0, 0, 0.14%, 6, 0, 9, 71.43
1735458824, 245, 20, 38, 0, 0, 0.14%, 6, 0, 9, 60.67
1735458860, 245, 31, 38, 0, 0, 0.14%, 6, 0, 9, 68.40
1735458880, 246, 34, 38, 0, 0, 0.14%, 6, 0, 9, 61.67
1735458890, 247, 16, 38, 0, 0, 0.14%, 6, 0, 9, 62.20
1735458931, 247, 20, 38, 0, 0, 0.14%, 6, 0, 9, 58.17
1735458971, 247, 27, 38, 0, 0, 0.14%, 6, 0, 9, 64.27
1735459011, 249, 32, 38, 0, 0, 0.14%, 6, 0, 9, 62.37
1735459047, 250, 20, 38, 0, 0, 0.14%, 6, 0, 9, 60.85
1735459088, 250, 21, 38, 0, 0, 0.14%, 6, 0, 9, 67.81
1735459123, 250, 36, 38, 0, 0, 0.14%, 6, 0, 9, 66.98
1735459158, 251, 14, 38, 0, 0, 0.14%, 6, 0, 9, 62.64
1735459169, 251, 35, 38, 0, 0, 0.14%, 6, 0, 9, 59.71
1735459209, 252, 31, 38, 0, 0, 0.14%, 6, 0, 9, 69.95
1735459245, 252, 34, 38, 0, 0, 0.14%, 6, 0, 9, 73.44
1735459275, 253, 16, 38, 0, 0, 0.14%, 6, 0, 9, 68.06
1735459316, 253, 17, 38, 0, 0, 0.14%, 6, 0, 9, 64.65
1735459326, 255, 34, 38, 0, 0, 0.14%, 6, 0, 9, 67.65
1735459361, 256, 16, 38, 0, 0, 0.14%, 6, 0, 9, 64.31
1735459397, 256, 23, 38, 0, 0, 0.14%, 6, 0, 9, 59.59
1735459432, 256, 28, 38, 0, 0, 0.14%, 6, 0, 9, 60.86
1735459457, 262, 19, 38, 0, 0, 0.14%, 6, 0, 9, 63.68
1735459493, 262, 35, 38, 0, 0, 0.14%, 6, 0, 9, 66.27
1735459534, 263, 14, 38, 0, 0, 0.14%, 6, 0, 9, 65.04
1735459564, 264, 32, 38, 0, 0, 0.14%, 6, 0, 9, 62.09
1735459605, 266, 33, 38, 0, 0, 0.14%, 6, 0, 9, 62.02
1735459640, 270, 34, 38, 0, 0, 0.14%, 6, 0, 9, 82.64
1735459671, 270, 35, 38, 0, 0, 0.14%, 6, 0, 9, 70.26
1735459707, 274, 31, 38, 0, 0, 0.14%, 6, 0, 9, 62.51
1735459742, 275, 14, 38, 0, 0, 0.14%, 6, 0, 9, 66.84
1735459778, 282, 27, 38, 0, 0, 0.14%, 6, 0, 9, 60.18
1735459819, 282, 28, 38, 0, 0, 0.14%, 6, 0, 9, 65.73
1735459854, 285, 14, 38, 0, 0, 0.14%, 6, 0, 9, 57.16
1735459895, 286, 17, 38, 0, 0, 0.14%, 6, 0, 9, 65.45
1735459920, 286, 27, 38, 0, 0, 0.14%, 6, 0, 9, 70.34
1735459956, 296, 23, 38, 0, 0, 0.14%, 6, 0, 9, 57.75
1735459996, 296, 36, 38, 0, 0, 0.14%, 6, 0, 9, 69.63
1735460032, 298, 23, 38, 0, 0, 0.14%, 6, 0, 9, 58.56
1735460067, 300, 17, 38, 0, 0, 0.14%, 6, 0, 9, 64.69
1735460108, 300, 31, 38, 0, 0, 0.14%, 6, 0, 9, 67.91
1735460143, 303, 26, 38, 0, 0, 0.14%, 6, 0, 9, 67.59
1735460148, 306, 31, 38, 0, 0, 0.14%, 6, 0, 9, 65.75
1735460184, 306, 34, 38, 0, 0, 0.14%, 6, 0, 9, 65.03
1735460220, 308, 26, 38, 0, 0, 0.14%, 6, 0, 9, 55.80
1735460235, 310, 34, 38, 0, 0, 0.14%, 6, 0, 9, 79.17
1735460270, 311, 31, 38, 0, 0, 0.14%, 6, 0, 9, 65.19
1735460306, 311, 34, 38, 0, 0, 0.14%, 6, 0, 9, 75.14
1735460341, 313, 26, 38, 0, 0, 0.14%, 6, 0, 9, 76.50
1735460367, 317, 17, 38, 0, 0, 0.14%, 6, 0, 9, 68.48
1735460397, 320, 14, 38, 0, 0, 0.14%, 6, 0, 9, 66.92
1735460437, 320, 23, 38, 0, 0, 0.14%, 6, 0, 9, 53.19
1735460478, 323, 28, 38, 0, 0, 0.14%, 6, 0, 9, 65.07
1735460514, 326, 17, 38, 0, 0, 0.14%, 6, 0, 9, 59.68
1735460549, 328, 22, 38, 0, 0, 0.14%, 6, 0, 9, 53.19
1735460590, 328, 28, 38, 0, 0, 0.14%, 6, 0, 9, 74.16
1735460625, 335, 31, 38, 0, 0, 0.14%, 6, 0, 9, 66.90
1735460661, 337, 36, 38, 0, 0, 0.14%, 6, 0, 9, 67.39
1735460696, 338, 31, 38, 0, 0, 0.14%, 6, 0, 9, 61.63
1735460737, 339, 17, 38, 0, 0, 0.14%, 6, 0, 9, 66.16
1735460772, 340, 14, 38, 0, 0, 0.14%, 6, 0, 9, 58.18
1735460807, 340, 27, 38, 0, 0, 0.14%, 6, 0, 9, 61.54
1735460818, 340, 27, 39, 1, 0, 0.14%, 7, 0, 9, 65.98
1735460858, 340, 38, 39, 1, 1, 0.14%, 7, 0, 9, 102.75
