# unix_time, cycles_done, cur_path, paths_total, pending_total, pending_favs, map_size, unique_crashes, unique_hangs, max_depth, execs_per_sec
1734198071, 0, 0, 10, 10, 1, 0.01%, 0, 0, 1, 35.91
1734198076, 0, 4, 10, 10, 1, 0.01%, 0, 0, 1, 35.90
1734198091, 1, 0, 10, 4, 0, 0.01%, 0, 0, 1, 44.39
1734198097, 1, 1, 10, 3, 0, 0.01%, 0, 0, 1, 43.76
1734198107, 1, 2, 10, 2, 0, 0.01%, 0, 0, 1, 43.21
1734198112, 1, 3, 10, 1, 0, 0.01%, 0, 0, 1, 43.48
1734198117, 1, 4, 10, 0, 0, 0.01%, 0, 0, 1, 42.04
1734198122, 1, 5, 10, 0, 0, 0.01%, 0, 0, 1, 45.77
1734198127, 1, 6, 10, 0, 0, 0.01%, 0, 0, 1, 44.90
1734198132, 1, 7, 10, 0, 0, 0.01%, 0, 0, 1, 43.50
1734198137, 1, 8, 10, 0, 0, 0.01%, 0, 0, 1, 43.38
1734198147, 1, 9, 10, 0, 0, 0.01%, 0, 0, 1, 41.90
1734198152, 2, 0, 10, 0, 0, 0.01%, 0, 0, 1, 44.17
1734198157, 2, 1, 10, 0, 0, 0.01%, 0, 0, 1, 43.73
1734198162, 2, 2, 10, 0, 0, 0.01%, 0, 0, 1, 43.73
1734198168, 2, 3, 10, 0, 0, 0.01%, 0, 0, 1, 43.28
1734198173, 2, 4, 10, 0, 0, 0.01%, 0, 0, 1, 43.17
1734198183, 2, 5, 10, 0, 0, 0.01%, 0, 0, 1, 43.16
1734198188, 2, 6, 10, 0, 0, 0.01%, 0, 0, 1, 42.62
1734198193, 2, 7, 10, 0, 0, 0.01%, 0, 0, 1, 42.69
1734198198, 2, 8, 10, 0, 0, 0.01%, 0, 0, 1, 42.35
1734198203, 2, 9, 10, 0, 0, 0.01%, 0, 0, 1, 43.03
1734198208, 3, 0, 10, 0, 0, 0.01%, 0, 0, 1, 43.44
1734198218, 3, 1, 10, 0, 0, 0.01%, 0, 0, 1, 43.63
1734198224, 3, 2, 10, 0, 0, 0.01%, 0, 0, 1, 43.00
1734198229, 3, 3, 10, 0, 0, 0.01%, 0, 0, 1, 42.56
1734198234, 3, 4, 10, 0, 0, 0.01%, 0, 0, 1, 42.42
1734198239, 3, 5, 10, 0, 0, 0.01%, 0, 0, 1, 42.70
1734198244, 3, 6, 10, 0, 0, 0.01%, 0, 0, 1, 43.48
1734198254, 3, 7, 10, 0, 0, 0.01%, 0, 0, 1, 41.36
1734198259, 3, 8, 10, 0, 0, 0.01%, 0, 0, 1, 44.24
1734198264, 3, 9, 10, 0, 0, 0.01%, 0, 0, 1, 42.93
1734198269, 4, 0, 10, 0, 0, 0.01%, 0, 0, 1, 43.49
1734198274, 4, 1, 10, 0, 0, 0.01%, 0, 0, 1, 43.37
1734198279, 4, 2, 10, 0, 0, 0.01%, 0, 0, 1, 43.38
1734198289, 4, 3, 10, 0, 0, 0.01%, 0, 0, 1, 42.96
1734198295, 4, 4, 10, 0, 0, 0.01%, 0, 0, 1, 43.87
1734198300, 4, 5, 10, 0, 0, 0.01%, 0, 0, 1, 44.57
1734198305, 4, 6, 10, 0, 0, 0.01%, 0, 0, 1, 43.50
1734198310, 4, 7, 10, 0, 0, 0.01%, 0, 0, 1, 43.21
1734198315, 4, 8, 10, 0, 0, 0.01%, 0, 0, 1, 44.08
1734198325, 4, 9, 10, 0, 0, 0.01%, 0, 0, 1, 42.98
1734198330, 5, 0, 10, 0, 0, 0.01%, 0, 0, 1, 42.32
1734198335, 5, 1, 10, 0, 0, 0.01%, 0, 0, 1, 42.95
1734198340, 5, 2, 10, 0, 0, 0.01%, 0, 0, 1, 44.99
1734198345, 5, 3, 10, 0, 0, 0.01%, 0, 0, 1, 45.31
1734198350, 5, 4, 10, 0, 0, 0.01%, 0, 0, 1, 45.59
1734198360, 5, 5, 10, 0, 0, 0.01%, 0, 0, 1, 42.20
1734198366, 5, 6, 10, 0, 0, 0.01%, 0, 0, 1, 44.42
1734198371, 5, 7, 10, 0, 0, 0.01%, 0, 0, 1, 45.00
1734198376, 5, 8, 10, 0, 0, 0.01%, 0, 0, 1, 42.86
1734198381, 5, 9, 10, 0, 0, 0.01%, 0, 0, 1, 43.91
1734198386, 6, 0, 10, 0, 0, 0.01%, 0, 0, 1, 44.86
1734198391, 6, 1, 10, 0, 0, 0.01%, 0, 0, 1, 44.40
1734198401, 6, 2, 10, 0, 0, 0.01%, 0, 0, 1, 42.15
1734198406, 6, 3, 10, 0, 0, 0.01%, 0, 0, 1, 42.19
1734198411, 6, 4, 10, 0, 0, 0.01%, 0, 0, 1, 43.83
1734198416, 6, 5, 10, 0, 0, 0.01%, 0, 0, 1, 43.50
1734198421, 6, 6, 10, 0, 0, 0.01%, 0, 0, 1, 43.71
1734198426, 6, 7, 10, 0, 0, 0.01%, 0, 0, 1, 43.34
1734198437, 6, 8, 10, 0, 0, 0.01%, 0, 0, 1, 42.90
1734198442, 6, 9, 10, 0, 0, 0.01%, 0, 0, 1, 43.10
1734198447, 7, 0, 10, 0, 0, 0.01%, 0, 0, 1, 42.93
1734198452, 7, 1, 10, 0, 0, 0.01%, 0, 0, 1, 41.65
1734198457, 7, 2, 10, 0, 0, 0.01%, 0, 0, 1, 41.96
1734198467, 7, 3, 10, 0, 0, 0.01%, 0, 0, 1, 43.49
1734198472, 7, 4, 10, 0, 0, 0.01%, 0, 0, 1, 44.52
1734198477, 7, 5, 10, 0, 0, 0.01%, 0, 0, 1, 44.34
1734198482, 7, 6, 10, 0, 0, 0.01%, 0, 0, 1, 43.59
1734198487, 7, 7, 10, 0, 0, 0.01%, 0, 0, 1, 43.37
1734198492, 7, 8, 10, 0, 0, 0.01%, 0, 0, 1, 43.78
1734198497, 7, 9, 10, 0, 0, 0.01%, 0, 0, 1, 44.57
1734198508, 8, 0, 10, 0, 0, 0.01%, 0, 0, 1, 44.03
1734198513, 8, 1, 10, 0, 0, 0.01%, 0, 0, 1, 42.67
1734198518, 8, 2, 10, 0, 0, 0.01%, 0, 0, 1, 42.41
1734198523, 8, 3, 10, 0, 0, 0.01%, 0, 0, 1, 44.36
1734198528, 8, 4, 10, 0, 0, 0.01%, 0, 0, 1, 44.73
1734198533, 8, 5, 10, 0, 0, 0.01%, 0, 0, 1, 44.24
1734198538, 8, 6, 10, 0, 0, 0.01%, 0, 0, 1, 43.86
1734198548, 8, 7, 10, 0, 0, 0.01%, 0, 0, 1, 43.59
1734198553, 8, 8, 10, 0, 0, 0.01%, 0, 0, 1, 43.69
1734198558, 8, 9, 10, 0, 0, 0.01%, 0, 0, 1, 41.71
1734198563, 9, 0, 10, 0, 0, 0.01%, 0, 0, 1, 43.85
1734198569, 9, 1, 10, 0, 0, 0.01%, 0, 0, 1, 43.34
1734198574, 9, 2, 10, 0, 0, 0.01%, 0, 0, 1, 43.65
1734198584, 9, 3, 10, 0, 0, 0.01%, 0, 0, 1, 44.11
1734198589, 9, 4, 10, 0, 0, 0.01%, 0, 0, 1, 43.26
1734198594, 9, 5, 10, 0, 0, 0.01%, 0, 0, 1, 43.90
1734198599, 9, 6, 10, 0, 0, 0.01%, 0, 0, 1, 44.84
1734198604, 9, 7, 10, 0, 0, 0.01%, 0, 0, 1, 43.19
1734198609, 9, 8, 10, 0, 0, 0.01%, 0, 0, 1, 44.55
1734198614, 9, 9, 10, 0, 0, 0.01%, 0, 0, 1, 44.21
1734198624, 10, 0, 10, 0, 0, 0.01%, 0, 0, 1, 42.84
1734198630, 10, 1, 10, 0, 0, 0.01%, 0, 0, 1, 42.94
1734198635, 10, 2, 10, 0, 0, 0.01%, 0, 0, 1, 43.90
1734198640, 10, 3, 10, 0, 0, 0.01%, 0, 0, 1, 43.79
1734198645, 10, 4, 10, 0, 0, 0.01%, 0, 0, 1, 43.25
1734198650, 10, 5, 10, 0, 0, 0.01%, 0, 0, 1, 42.97
1734198660, 10, 6, 10, 0, 0, 0.01%, 0, 0, 1, 44.22
1734198665, 10, 7, 10, 0, 0, 0.01%, 0, 0, 1, 45.48
1734198670, 10, 8, 10, 0, 0, 0.01%, 0, 0, 1, 44.46
1734198675, 10, 9, 10, 0, 0, 0.01%, 0, 0, 1, 44.04
1734198680, 11, 0, 10, 0, 0, 0.01%, 0, 0, 1, 44.51
1734198685, 11, 1, 10, 0, 0, 0.01%, 0, 0, 1, 44.93
1734198690, 11, 2, 10, 0, 0, 0.01%, 0, 0, 1, 45.15
1734198695, 11, 3, 10, 0, 0, 0.01%, 0, 0, 1, 45.81
1734198706, 11, 4, 10, 0, 0, 0.01%, 0, 0, 1, 44.75
1734198711, 11, 5, 10, 0, 0, 0.01%, 0, 0, 1, 45.63
1734198716, 11, 6, 10, 0, 0, 0.01%, 0, 0, 1, 45.41
1734198721, 11, 7, 10, 0, 0, 0.01%, 0, 0, 1, 46.18
1734198726, 11, 8, 10, 0, 0, 0.01%, 0, 0, 1, 47.10
1734198731, 11, 9, 10, 0, 0, 0.01%, 0, 0, 1, 45.29
1734198736, 12, 0, 10, 0, 0, 0.01%, 0, 0, 1, 46.16
1734198741, 12, 1, 10, 0, 0, 0.01%, 0, 0, 1, 44.49
1734198751, 12, 2, 10, 0, 0, 0.01%, 0, 0, 1, 46.91
1734198756, 12, 3, 10, 0, 0, 0.01%, 0, 0, 1, 45.65
1734198761, 12, 4, 10, 0, 0, 0.01%, 0, 0, 1, 43.44
1734198766, 12, 5, 10, 0, 0, 0.01%, 0, 0, 1, 45.23
1734198772, 12, 6, 10, 0, 0, 0.01%, 0, 0, 1, 46.96
1734198777, 12, 7, 10, 0, 0, 0.01%, 0, 0, 1, 46.44
1734198782, 12, 8, 10, 0, 0, 0.01%, 0, 0, 1, 45.85
1734198787, 12, 9, 10, 0, 0, 0.01%, 0, 0, 1, 47.53
1734198792, 13, 0, 10, 0, 0, 0.01%, 0, 0, 1, 44.62
1734198797, 13, 1, 10, 0, 0, 0.01%, 0, 0, 1, 47.64
1734198802, 13, 2, 10, 0, 0, 0.01%, 0, 0, 1, 46.93
1734198812, 13, 3, 10, 0, 0, 0.01%, 0, 0, 1, 48.81
1734198817, 13, 4, 10, 0, 0, 0.01%, 0, 0, 1, 45.09
1734198822, 13, 5, 10, 0, 0, 0.01%, 0, 0, 1, 44.94
1734198827, 13, 6, 10, 0, 0, 0.01%, 0, 0, 1, 43.60
1734198832, 13, 7, 10, 0, 0, 0.01%, 0, 0, 1, 44.45
1734198837, 13, 8, 10, 0, 0, 0.01%, 0, 0, 1, 45.69
1734198842, 13, 9, 10, 0, 0, 0.01%, 0, 0, 1, 46.15
1734198847, 14, 0, 10, 0, 0, 0.01%, 0, 0, 1, 45.30
1734198853, 14, 1, 10, 0, 0, 0.01%, 0, 0, 1, 47.21
1734198858, 14, 2, 10, 0, 0, 0.01%, 0, 0, 1, 45.39
1734198868, 14, 3, 10, 0, 0, 0.01%, 0, 0, 1, 44.93
1734198873, 14, 4, 10, 0, 0, 0.01%, 0, 0, 1, 46.03
1734198878, 14, 5, 10, 0, 0, 0.01%, 0, 0, 1, 46.07
1734198883, 14, 6, 10, 0, 0, 0.01%, 0, 0, 1, 44.48
1734198888, 14, 7, 10, 0, 0, 0.01%, 0, 0, 1, 45.87
1734198893, 14, 8, 10, 0, 0, 0.01%, 0, 0, 1, 45.11
1734198898, 14, 9, 10, 0, 0, 0.01%, 0, 0, 1, 44.78
1734198903, 15, 0, 10, 0, 0, 0.01%, 0, 0, 1, 44.72
1734198913, 15, 1, 10, 0, 0, 0.01%, 0, 0, 1, 44.55
1734198919, 15, 2, 10, 0, 0, 0.01%, 0, 0, 1, 43.43
1734198924, 15, 3, 10, 0, 0, 0.01%, 0, 0, 1, 45.16
1734198929, 15, 4, 10, 0, 0, 0.01%, 0, 0, 1, 43.65
1734198934, 15, 5, 10, 0, 0, 0.01%, 0, 0, 1, 41.36
1734198954, 15, 6, 10, 0, 0, 0.01%, 0, 0, 1, 43.89
1734198975, 15, 7, 10, 0, 0, 0.01%, 0, 0, 1, 46.03
1734199000, 15, 8, 10, 0, 0, 0.01%, 0, 0, 1, 38.65
1734199020, 15, 9, 10, 0, 0, 0.01%, 0, 0, 1, 39.00
1734199041, 16, 0, 10, 0, 0, 0.01%, 0, 0, 1, 39.66
1734199061, 16, 1, 10, 0, 0, 0.01%, 0, 0, 1, 41.41
1734199082, 16, 2, 10, 0, 0, 0.01%, 0, 0, 1, 43.20
1734199102, 16, 3, 10, 0, 0, 0.01%, 0, 0, 1, 47.31
1734199112, 16, 4, 10, 0, 0, 0.01%, 0, 0, 1, 44.29
1734199117, 16, 5, 10, 0, 0, 0.01%, 0, 0, 1, 43.34
1734199122, 16, 6, 10, 0, 0, 0.01%, 0, 0, 1, 44.07
1734199127, 16, 7, 10, 0, 0, 0.01%, 0, 0, 1, 46.60
1734199133, 16, 8, 10, 0, 0, 0.01%, 0, 0, 1, 45.68
1734199138, 16, 9, 10, 0, 0, 0.01%, 0, 0, 1, 45.43
1734199143, 17, 0, 10, 0, 0, 0.01%, 0, 0, 1, 45.83
1734199148, 17, 1, 10, 0, 0, 0.01%, 0, 0, 1, 45.14
1734199158, 17, 2, 10, 0, 0, 0.01%, 0, 0, 1, 43.45
1734199163, 17, 3, 10, 0, 0, 0.01%, 0, 0, 1, 46.23
1734199168, 17, 4, 10, 0, 0, 0.01%, 0, 0, 1, 46.24
1734199173, 17, 5, 10, 0, 0, 0.01%, 0, 0, 1, 45.00
1734199178, 17, 6, 10, 0, 0, 0.01%, 0, 0, 1, 43.81
1734199183, 17, 7, 10, 0, 0, 0.01%, 0, 0, 1, 44.63
1734199188, 17, 8, 10, 0, 0, 0.01%, 0, 0, 1, 44.07
1734199193, 17, 9, 10, 0, 0, 0.01%, 0, 0, 1, 44.68
1734199203, 18, 0, 10, 0, 0, 0.01%, 0, 0, 1, 46.54
1734199208, 18, 1, 10, 0, 0, 0.01%, 0, 0, 1, 44.81
1734199213, 18, 2, 10, 0, 0, 0.01%, 0, 0, 1, 46.27
1734199218, 18, 3, 10, 0, 0, 0.01%, 0, 0, 1, 44.47
1734199224, 18, 4, 10, 0, 0, 0.01%, 0, 0, 1, 43.90
1734199229, 18, 5, 10, 0, 0, 0.01%, 0, 0, 1, 46.31
1734199234, 18, 6, 10, 0, 0, 0.01%, 0, 0, 1, 46.22
1734199239, 18, 7, 10, 0, 0, 0.01%, 0, 0, 1, 44.82
1734199249, 18, 8, 10, 0, 0, 0.01%, 0, 0, 1, 46.17
1734199254, 18, 9, 10, 0, 0, 0.01%, 0, 0, 1, 49.74
1734199259, 19, 0, 10, 0, 0, 0.01%, 0, 0, 1, 46.06
1734199264, 19, 1, 10, 0, 0, 0.01%, 0, 0, 1, 45.43
1734199269, 19, 2, 10, 0, 0, 0.01%, 0, 0, 1, 43.99
1734199274, 19, 3, 10, 0, 0, 0.01%, 0, 0, 1, 44.80
1734199279, 19, 4, 10, 0, 0, 0.01%, 0, 0, 1, 44.58
1734199284, 19, 5, 10, 0, 0, 0.01%, 0, 0, 1, 45.55
1734199289, 19, 6, 10, 0, 0, 0.01%, 0, 0, 1, 45.56
1734199295, 19, 7, 10, 0, 0, 0.01%, 0, 0, 1, 46.67
1734199305, 19, 8, 10, 0, 0, 0.01%, 0, 0, 1, 43.57
1734199310, 19, 9, 10, 0, 0, 0.01%, 0, 0, 1, 46.41
1734199315, 20, 0, 10, 0, 0, 0.01%, 0, 0, 1, 45.84
1734199320, 20, 1, 10, 0, 0, 0.01%, 0, 0, 1, 44.64
1734199325, 20, 2, 10, 0, 0, 0.01%, 0, 0, 1, 44.57
1734199330, 20, 3, 10, 0, 0, 0.01%, 0, 0, 1, 44.81
1734199335, 20, 4, 10, 0, 0, 0.01%, 0, 0, 1, 45.76
1734199340, 20, 5, 10, 0, 0, 0.01%, 0, 0, 1, 45.05
1734199350, 20, 6, 10, 0, 0, 0.01%, 0, 0, 1, 45.45
1734199355, 20, 7, 10, 0, 0, 0.01%, 0, 0, 1, 43.10
1734199360, 20, 8, 10, 0, 0, 0.01%, 0, 0, 1, 45.33
1734199366, 20, 9, 10, 0, 0, 0.01%, 0, 0, 1, 44.03
1734199371, 21, 0, 10, 0, 0, 0.01%, 0, 0, 1, 45.39
1734199376, 21, 1, 10, 0, 0, 0.01%, 0, 0, 1, 44.90
1734199381, 21, 2, 10, 0, 0, 0.01%, 0, 0, 1, 44.30
1734199386, 21, 3, 10, 0, 0, 0.01%, 0, 0, 1, 45.64
1734199396, 21, 4, 10, 0, 0, 0.01%, 0, 0, 1, 46.92
1734199401, 21, 5, 10, 0, 0, 0.01%, 0, 0, 1, 44.77
1734199406, 21, 6, 10, 0, 0, 0.01%, 0, 0, 1, 46.29
1734199411, 21, 7, 10, 0, 0, 0.01%, 0, 0, 1, 43.03
1734199416, 21, 8, 10, 0, 0, 0.01%, 0, 0, 1, 46.58
1734199421, 21, 9, 10, 0, 0, 0.01%, 0, 0, 1, 45.03
1734199426, 22, 0, 10, 0, 0, 0.01%, 0, 0, 1, 44.90
1734199432, 22, 1, 10, 0, 0, 0.01%, 0, 0, 1, 45.92
1734199437, 22, 2, 10, 0, 0, 0.01%, 0, 0, 1, 45.51
1734199447, 22, 3, 10, 0, 0, 0.01%, 0, 0, 1, 45.78
1734199452, 22, 4, 10, 0, 0, 0.01%, 0, 0, 1, 44.63
1734199457, 22, 5, 10, 0, 0, 0.01%, 0, 0, 1, 46.04
1734199462, 22, 6, 10, 0, 0, 0.01%, 0, 0, 1, 44.16
1734199467, 22, 7, 10, 0, 0, 0.01%, 0, 0, 1, 45.43
1734199472, 22, 8, 10, 0, 0, 0.01%, 0, 0, 1, 43.80
1734199477, 22, 9, 10, 0, 0, 0.01%, 0, 0, 1, 44.56
1734199482, 23, 0, 10, 0, 0, 0.01%, 0, 0, 1, 44.88
1734199492, 23, 1, 10, 0, 0, 0.01%, 0, 0, 1, 44.56
1734199497, 23, 2, 10, 0, 0, 0.01%, 0, 0, 1, 45.65
1734199502, 23, 3, 10, 0, 0, 0.01%, 0, 0, 1, 45.53
1734199507, 23, 4, 10, 0, 0, 0.01%, 0, 0, 1, 44.98
1734199513, 23, 5, 10, 0, 0, 0.01%, 0, 0, 1, 43.81
1734199518, 23, 6, 10, 0, 0, 0.01%, 0, 0, 1, 45.53
1734199523, 23, 7, 10, 0, 0, 0.01%, 0, 0, 1, 45.75
1734199528, 23, 8, 10, 0, 0, 0.01%, 0, 0, 1, 44.38
1734199538, 23, 9, 10, 0, 0, 0.01%, 0, 0, 1, 45.03
1734199543, 24, 0, 10, 0, 0, 0.01%, 0, 0, 1, 44.49
1734199548, 24, 1, 10, 0, 0, 0.01%, 0, 0, 1, 45.12
1734199553, 24, 2, 10, 0, 0, 0.01%, 0, 0, 1, 44.39
1734199558, 24, 3, 10, 0, 0, 0.01%, 0, 0, 1, 46.17
1734199563, 24, 4, 10, 0, 0, 0.01%, 0, 0, 1, 44.39
1734199569, 24, 5, 10, 0, 0, 0.01%, 0, 0, 1, 45.60
1734199574, 24, 6, 10, 0, 0, 0.01%, 0, 0, 1, 44.60
1734199579, 24, 7, 10, 0, 0, 0.01%, 0, 0, 1, 45.58
1734199589, 24, 8, 10, 0, 0, 0.01%, 0, 0, 1, 43.91
1734199594, 24, 9, 10, 0, 0, 0.01%, 0, 0, 1, 44.27
1734199599, 25, 0, 10, 0, 0, 0.01%, 0, 0, 1, 45.06
1734199604, 25, 1, 10, 0, 0, 0.01%, 0, 0, 1, 44.25
1734199609, 25, 2, 10, 0, 0, 0.01%, 0, 0, 1, 46.73
1734199614, 25, 3, 10, 0, 0, 0.01%, 0, 0, 1, 46.60
1734199619, 25, 4, 10, 0, 0, 0.01%, 0, 0, 1, 45.23
1734199624, 25, 5, 10, 0, 0, 0.01%, 0, 0, 1, 45.60
1734199629, 25, 6, 10, 0, 0, 0.01%, 0, 0, 1, 46.11
1734199639, 25, 7, 10, 0, 0, 0.01%, 0, 0, 1, 45.54
1734199645, 25, 8, 10, 0, 0, 0.01%, 0, 0, 1, 43.60
1734199650, 25, 9, 10, 0, 0, 0.01%, 0, 0, 1, 45.96
1734199655, 26, 0, 10, 0, 0, 0.01%, 0, 0, 1, 45.27
1734199660, 26, 1, 10, 0, 0, 0.01%, 0, 0, 1, 45.47
1734199665, 26, 2, 10, 0, 0, 0.01%, 0, 0, 1, 46.98
1734199670, 26, 3, 10, 0, 0, 0.01%, 0, 0, 1, 45.94
1734199675, 26, 4, 10, 0, 0, 0.01%, 0, 0, 1, 44.64
1734199680, 26, 5, 10, 0, 0, 0.01%, 0, 0, 1, 42.69
1734199690, 26, 6, 10, 0, 0, 0.01%, 0, 0, 1, 44.66
1734199695, 26, 7, 10, 0, 0, 0.01%, 0, 0, 1, 42.77
1734199700, 26, 8, 10, 0, 0, 0.01%, 0, 0, 1, 45.42
1734199706, 26, 9, 10, 0, 0, 0.01%, 0, 0, 1, 47.72
1734199711, 27, 0, 10, 0, 0, 0.01%, 0, 0, 1, 44.60
1734199716, 27, 1, 10, 0, 0, 0.01%, 0, 0, 1, 44.89
1734199721, 27, 2, 10, 0, 0, 0.01%, 0, 0, 1, 43.99
1734199726, 27, 3, 10, 0, 0, 0.01%, 0, 0, 1, 45.51
1734199736, 27, 4, 10, 0, 0, 0.01%, 0, 0, 1, 46.37
1734199741, 27, 5, 10, 0, 0, 0.01%, 0, 0, 1, 44.68
1734199746, 27, 6, 10, 0, 0, 0.01%, 0, 0, 1, 46.70
1734199751, 27, 7, 10, 0, 0, 0.01%, 0, 0, 1, 47.97
1734199756, 27, 8, 10, 0, 0, 0.01%, 0, 0, 1, 46.26
1734199761, 27, 9, 10, 0, 0, 0.01%, 0, 0, 1, 45.63
1734199766, 28, 0, 10, 0, 0, 0.01%, 0, 0, 1, 46.30
1734199771, 28, 1, 10, 0, 0, 0.01%, 0, 0, 1, 45.57
1734199776, 28, 2, 10, 0, 0, 0.01%, 0, 0, 1, 45.02
1734199781, 28, 3, 10, 0, 0, 0.01%, 0, 0, 1, 45.64
1734199792, 28, 4, 10, 0, 0, 0.01%, 0, 0, 1, 44.48
1734199797, 28, 5, 10, 0, 0, 0.01%, 0, 0, 1, 45.00
1734199802, 28, 6, 10, 0, 0, 0.01%, 0, 0, 1, 43.92
1734199807, 28, 7, 10, 0, 0, 0.01%, 0, 0, 1, 42.68
1734199812, 28, 8, 10, 0, 0, 0.01%, 0, 0, 1, 45.85
1734199817, 28, 9, 10, 0, 0, 0.01%, 0, 0, 1, 45.85
1734199822, 29, 0, 10, 0, 0, 0.01%, 0, 0, 1, 45.43
1734199827, 29, 1, 10, 0, 0, 0.01%, 0, 0, 1, 46.79
1734199837, 29, 2, 10, 0, 0, 0.01%, 0, 0, 1, 46.83
1734199842, 29, 3, 10, 0, 0, 0.01%, 0, 0, 1, 45.31
1734199847, 29, 4, 10, 0, 0, 0.01%, 0, 0, 1, 44.62
1734199852, 29, 5, 10, 0, 0, 0.01%, 0, 0, 1, 46.06
1734199857, 29, 6, 10, 0, 0, 0.01%, 0, 0, 1, 45.84
1734199863, 29, 7, 10, 0, 0, 0.01%, 0, 0, 1, 47.74
1734199868, 29, 8, 10, 0, 0, 0.01%, 0, 0, 1, 46.65
1734199873, 29, 9, 10, 0, 0, 0.01%, 0, 0, 1, 45.74
1734199878, 30, 0, 10, 0, 0, 0.01%, 0, 0, 1, 46.35
1734199883, 30, 1, 10, 0, 0, 0.01%, 0, 0, 1, 46.26
1734199893, 30, 2, 10, 0, 0, 0.01%, 0, 0, 1, 47.85
1734199898, 30, 3, 10, 0, 0, 0.01%, 0, 0, 1, 46.48
1734199903, 30, 4, 10, 0, 0, 0.01%, 0, 0, 1, 45.63
1734199908, 30, 5, 10, 0, 0, 0.01%, 0, 0, 1, 44.56
1734199913, 30, 6, 10, 0, 0, 0.01%, 0, 0, 1, 46.59
1734199919, 30, 7, 10, 0, 0, 0.01%, 0, 0, 1, 46.08
1734199924, 30, 8, 10, 0, 0, 0.01%, 0, 0, 1, 43.51
1734199929, 30, 9, 10, 0, 0, 0.01%, 0, 0, 1, 44.12
1734199934, 31, 0, 10, 0, 0, 0.01%, 0, 0, 1, 45.36
1734199944, 31, 1, 10, 0, 0, 0.01%, 0, 0, 1, 45.33
1734199949, 31, 2, 10, 0, 0, 0.01%, 0, 0, 1, 46.20
1734199954, 31, 3, 10, 0, 0, 0.01%, 0, 0, 1, 44.39
1734199959, 31, 4, 10, 0, 0, 0.01%, 0, 0, 1, 42.90
1734199964, 31, 5, 10, 0, 0, 0.01%, 0, 0, 1, 44.06
1734199969, 31, 6, 10, 0, 0, 0.01%, 0, 0, 1, 44.55
1734199974, 31, 7, 10, 0, 0, 0.01%, 0, 0, 1, 43.66
1734199979, 31, 8, 10, 0, 0, 0.01%, 0, 0, 1, 44.40
1734199990, 31, 9, 10, 0, 0, 0.01%, 0, 0, 1, 45.39
1734199995, 32, 0, 10, 0, 0, 0.01%, 0, 0, 1, 43.78
1734200000, 32, 1, 10, 0, 0, 0.01%, 0, 0, 1, 44.03
1734200005, 32, 2, 10, 0, 0, 0.01%, 0, 0, 1, 44.38
1734200010, 32, 3, 10, 0, 0, 0.01%, 0, 0, 1, 45.81
1734200015, 32, 4, 10, 0, 0, 0.01%, 0, 0, 1, 46.30
1734200020, 32, 5, 10, 0, 0, 0.01%, 0, 0, 1, 45.08
1734200025, 32, 6, 10, 0, 0, 0.01%, 0, 0, 1, 43.39
1734200035, 32, 7, 10, 0, 0, 0.01%, 0, 0, 1, 45.55
1734200040, 32, 8, 10, 0, 0, 0.01%, 0, 0, 1, 46.68
1734200045, 32, 9, 10, 0, 0, 0.01%, 0, 0, 1, 45.06
1734200051, 33, 0, 10, 0, 0, 0.01%, 0, 0, 1, 46.55
1734200056, 33, 1, 10, 0, 0, 0.01%, 0, 0, 1, 45.68
1734200061, 33, 2, 10, 0, 0, 0.01%, 0, 0, 1, 47.11
1734200066, 33, 3, 10, 0, 0, 0.01%, 0, 0, 1, 45.08
1734200071, 33, 4, 10, 0, 0, 0.01%, 0, 0, 1, 46.78
1734200076, 33, 5, 10, 0, 0, 0.01%, 0, 0, 1, 44.77
1734200081, 33, 6, 10, 0, 0, 0.01%, 0, 0, 1, 46.97
1734200091, 33, 7, 10, 0, 0, 0.01%, 0, 0, 1, 46.71
1734200096, 33, 8, 10, 0, 0, 0.01%, 0, 0, 1, 46.36
1734200102, 33, 9, 10, 0, 0, 0.01%, 0, 0, 1, 44.83
1734200107, 34, 0, 10, 0, 0, 0.01%, 0, 0, 1, 44.87
1734200112, 34, 1, 10, 0, 0, 0.01%, 0, 0, 1, 44.32
1734200117, 34, 2, 10, 0, 0, 0.01%, 0, 0, 1, 46.47
1734200122, 34, 3, 10, 0, 0, 0.01%, 0, 0, 1, 44.35
1734200127, 34, 4, 10, 0, 0, 0.01%, 0, 0, 1, 44.15
1734200132, 34, 5, 10, 0, 0, 0.01%, 0, 0, 1, 44.26
1734200142, 34, 6, 10, 0, 0, 0.01%, 0, 0, 1, 44.95
1734200147, 34, 7, 10, 0, 0, 0.01%, 0, 0, 1, 45.55
1734200152, 34, 8, 10, 0, 0, 0.01%, 0, 0, 1, 45.29
1734200158, 34, 9, 10, 0, 0, 0.01%, 0, 0, 1, 45.50
1734200163, 35, 0, 10, 0, 0, 0.01%, 0, 0, 1, 43.19
1734200168, 35, 1, 10, 0, 0, 0.01%, 0, 0, 1, 45.53
1734200173, 35, 2, 10, 0, 0, 0.01%, 0, 0, 1, 45.40
1734200178, 35, 3, 10, 0, 0, 0.01%, 0, 0, 1, 45.26
1734200188, 35, 4, 10, 0, 0, 0.01%, 0, 0, 1, 45.54
1734200193, 35, 5, 10, 0, 0, 0.01%, 0, 0, 1, 43.87
1734200198, 35, 6, 10, 0, 0, 0.01%, 0, 0, 1, 44.12
1734200203, 35, 7, 10, 0, 0, 0.01%, 0, 0, 1, 43.88
1734200208, 35, 8, 10, 0, 0, 0.01%, 0, 0, 1, 46.85
1734200213, 35, 9, 10, 0, 0, 0.01%, 0, 0, 1, 45.23
1734200218, 36, 0, 10, 0, 0, 0.01%, 0, 0, 1, 47.32
1734200223, 36, 1, 10, 0, 0, 0.01%, 0, 0, 1, 45.59
1734200233, 36, 2, 10, 0, 0, 0.01%, 0, 0, 1, 46.08
1734200238, 36, 3, 10, 0, 0, 0.01%, 0, 0, 1, 44.75
1734200244, 36, 4, 10, 0, 0, 0.01%, 0, 0, 1, 46.36
1734200249, 36, 5, 10, 0, 0, 0.01%, 0, 0, 1, 45.95
1734200254, 36, 6, 10, 0, 0, 0.01%, 0, 0, 1, 46.04
1734200259, 36, 7, 10, 0, 0, 0.01%, 0, 0, 1, 42.96
1734200264, 36, 8, 10, 0, 0, 0.01%, 0, 0, 1, 43.28
1734200269, 36, 9, 10, 0, 0, 0.01%, 0, 0, 1, 44.15
1734200274, 37, 0, 10, 0, 0, 0.01%, 0, 0, 1, 44.96
1734200284, 37, 1, 10, 0, 0, 0.01%, 0, 0, 1, 46.01
1734200289, 37, 2, 10, 0, 0, 0.01%, 0, 0, 1, 45.69
1734200294, 37, 3, 10, 0, 0, 0.01%, 0, 0, 1, 42.59
1734200299, 37, 4, 10, 0, 0, 0.01%, 0, 0, 1, 44.12
1734200305, 37, 5, 10, 0, 0, 0.01%, 0, 0, 1, 43.19
1734200310, 37, 6, 10, 0, 0, 0.01%, 0, 0, 1, 43.59
1734200315, 37, 7, 10, 0, 0, 0.01%, 0, 0, 1, 45.99
1734200325, 37, 8, 10, 0, 0, 0.01%, 0, 0, 1, 44.13
1734200330, 37, 9, 10, 0, 0, 0.01%, 0, 0, 1, 44.90
1734200335, 38, 0, 10, 0, 0, 0.01%, 0, 0, 1, 47.59
1734200340, 38, 1, 10, 0, 0, 0.01%, 0, 0, 1, 45.61
1734200345, 38, 2, 10, 0, 0, 0.01%, 0, 0, 1, 44.46
1734200350, 38, 3, 10, 0, 0, 0.01%, 0, 0, 1, 43.98
1734200355, 38, 4, 10, 0, 0, 0.01%, 0, 0, 1, 45.43
1734200360, 38, 5, 10, 0, 0, 0.01%, 0, 0, 1, 48.37
1734200365, 38, 6, 10, 0, 0, 0.01%, 0, 0, 1, 45.21
1734200376, 38, 7, 11, 1, 0, 0.14%, 1, 0, 2, 46.74
1734200381, 38, 10, 11, 1, 1, 0.14%, 1, 0, 2, 58.53
1734200391, 38, 10, 12, 2, 1, 0.14%, 2, 0, 3, 50.99
1734200421, 38, 10, 13, 3, 1, 0.14%, 3, 0, 3, 48.71
1734200518, 38, 12, 14, 2, 1, 0.14%, 4, 0, 4, 70.19
1734200599, 38, 13, 14, 1, 1, 0.14%, 4, 0, 4, 65.06
1734200629, 38, 13, 15, 2, 1, 0.14%, 4, 0, 5, 49.18
1734200766, 39, 14, 15, 0, 0, 0.14%, 4, 0, 5, 69.94
1734200792, 39, 14, 16, 1, 0, 0.14%, 4, 0, 6, 54.81
1734200827, 39, 14, 17, 2, 0, 0.14%, 5, 0, 6, 55.07
1734200934, 39, 15, 17, 2, 2, 0.14%, 5, 0, 6, 79.76
1734200969, 39, 15, 18, 3, 2, 0.14%, 5, 0, 7, 56.49
1734200974, 39, 15, 19, 4, 2, 0.14%, 5, 0, 7, 54.29
1734200990, 39, 15, 20, 5, 2, 0.14%, 5, 0, 7, 55.89
1734201035, 39, 15, 21, 6, 2, 0.14%, 5, 0, 7, 56.44
1734201051, 39, 15, 22, 7, 2, 0.14%, 5, 0, 7, 55.79
1734201096, 39, 21, 22, 5, 1, 0.14%, 5, 0, 7, 67.76
1734201178, 40, 11, 23, 5, 0, 0.14%, 5, 0, 7, 73.13
1734201203, 40, 11, 24, 6, 0, 0.14%, 5, 0, 7, 48.11
1734201234, 40, 11, 25, 7, 0, 0.14%, 5, 0, 7, 53.36
1734201239, 40, 11, 27, 9, 0, 0.14%, 5, 0, 7, 57.78
1734201249, 40, 23, 27, 9, 2, 0.14%, 5, 0, 7, 81.15
1734201325, 40, 25, 27, 8, 1, 0.14%, 5, 0, 7, 52.17
1734201331, 42, 19, 27, 6, 0, 0.14%, 5, 0, 7, 88.61
1734201427, 43, 19, 27, 5, 0, 0.14%, 5, 0, 7, 54.51
1734201458, 43, 21, 27, 5, 0, 0.14%, 5, 0, 7, 48.21
1734201493, 43, 23, 27, 5, 0, 0.14%, 5, 0, 7, 50.34
1734201503, 43, 23, 28, 6, 0, 0.14%, 5, 0, 7, 52.23
1734201529, 43, 23, 29, 7, 0, 0.14%, 5, 0, 7, 46.68
1734201534, 43, 23, 30, 8, 0, 0.14%, 5, 0, 7, 44.66
1734201544, 43, 29, 30, 8, 1, 0.14%, 5, 0, 7, 64.14
1734201610, 43, 29, 31, 9, 1, 0.14%, 5, 0, 7, 54.25
1734201702, 44, 19, 31, 7, 0, 0.14%, 5, 0, 7, 52.06
1734201737, 44, 21, 31, 7, 0, 0.14%, 5, 0, 7, 59.33
1734201778, 44, 30, 31, 6, 0, 0.14%, 5, 0, 7, 69.66
1734201890, 45, 19, 32, 7, 0, 0.14%, 5, 0, 8, 58.80
1734201945, 47, 21, 32, 4, 0, 0.14%, 5, 0, 8, 58.86
1734201986, 48, 18, 32, 4, 0, 0.14%, 5, 0, 8, 66.10
1734202072, 48, 31, 32, 4, 0, 0.14%, 5, 0, 8, 67.61
1734202118, 48, 31, 33, 5, 0, 0.14%, 5, 0, 9, 75.28
1734202154, 48, 31, 34, 6, 0, 0.14%, 5, 0, 9, 63.25
1734202215, 48, 31, 35, 7, 0, 0.14%, 5, 0, 9, 64.98
1734202245, 49, 33, 35, 5, 0, 0.14%, 5, 0, 9, 102.14
1734202372, 50, 28, 35, 3, 0, 0.14%, 5, 0, 9, 59.86
1734202619, 53, 34, 35, 2, 0, 0.14%, 5, 0, 9, 76.05
1734202822, 54, 21, 35, 1, 0, 0.14%, 5, 0, 9, 56.24
1734202868, 55, 19, 35, 0, 0, 0.14%, 5, 0, 9, 63.10
1734202898, 56, 24, 35, 0, 0, 0.14%, 5, 0, 9, 82.77
1734202944, 56, 24, 36, 1, 0, 0.14%, 5, 0, 9, 51.89
1734203030, 56, 35, 36, 1, 1, 0.14%, 5, 0, 9, 69.64
1734203090, 56, 35, 37, 2, 1, 0.14%, 5, 0, 9, 114.22
1734203142, 56, 35, 39, 4, 1, 0.14%, 7, 0, 9, 111.66
1734203603, 58, 36, 39, 2, 0, 0.14%, 7, 0, 9, 46.34
1734203608, 61, 32, 39, 0, 0, 0.14%, 7, 0, 9, 75.37
1734203720, 62, 38, 39, 0, 0, 0.14%, 7, 0, 9, 77.11
1734204114, 63, 32, 39, 0, 0, 0.14%, 7, 0, 9, 67.13
1734204140, 64, 32, 39, 0, 0, 0.14%, 7, 0, 9, 52.41
1734204185, 65, 32, 39, 0, 0, 0.14%, 7, 0, 9, 61.53
1734204205, 65, 32, 40, 1, 0, 0.14%, 8, 0, 10, 60.25
1734204225, 65, 39, 40, 1, 1, 0.14%, 8, 0, 10, 98.22
1734204479, 68, 38, 40, 0, 0, 0.14%, 8, 0, 10, 63.65
1734204495, 69, 21, 40, 0, 0, 0.14%, 8, 0, 10, 53.62
1734204535, 69, 38, 40, 0, 0, 0.14%, 8, 0, 10, 56.63
1734204576, 70, 38, 40, 0, 0, 0.14%, 8, 0, 10, 57.53
1734204612, 71, 38, 40, 0, 0, 0.14%, 8, 0, 10, 64.35
1734204652, 72, 38, 40, 0, 0, 0.14%, 8, 0, 10, 65.63
1734204687, 74, 39, 40, 0, 0, 0.14%, 8, 0, 10, 58.20
1734204718, 75, 39, 40, 0, 0, 0.14%, 8, 0, 10, 71.52
1734204754, 76, 39, 40, 0, 0, 0.14%, 8, 0, 10, 76.79
1734204789, 77, 39, 40, 0, 0, 0.14%, 8, 0, 10, 69.70
1734204824, 78, 39, 40, 0, 0, 0.14%, 8, 0, 10, 54.81
1734204865, 79, 39, 40, 0, 0, 0.14%, 8, 0, 10, 70.91
1734204900, 80, 39, 40, 0, 0, 0.14%, 8, 0, 10, 57.73
1734204936, 87, 19, 40, 0, 0, 0.14%, 8, 0, 10, 56.65
1734204977, 89, 25, 40, 0, 0, 0.14%, 8, 0, 10, 76.89
1734205069, 93, 19, 40, 0, 0, 0.14%, 8, 0, 10, 61.29
1734205109, 94, 12, 40, 0, 0, 0.14%, 8, 0, 10, 54.69
1734205119, 95, 12, 40, 0, 0, 0.14%, 8, 0, 10, 58.69
1734205139, 96, 21, 40, 0, 0, 0.14%, 8, 0, 10, 57.54
1734205180, 97, 21, 40, 0, 0, 0.14%, 8, 0, 10, 59.77
1734205221, 101, 19, 40, 0, 0, 0.14%, 8, 0, 10, 59.55
1734205261, 104, 21, 40, 0, 0, 0.14%, 8, 0, 10, 62.51
1734205302, 112, 16, 40, 0, 0, 0.14%, 8, 0, 10, 82.17
1734205378, 118, 12, 40, 0, 0, 0.14%, 8, 0, 10, 52.71
1734205419, 120, 21, 40, 0, 0, 0.14%, 8, 0, 10, 59.14
1734205459, 122, 12, 40, 0, 0, 0.14%, 8, 0, 10, 52.75
1734205500, 122, 25, 40, 0, 0, 0.14%, 8, 0, 10, 62.04
1734205520, 130, 12, 40, 0, 0, 0.14%, 8, 0, 10, 55.70
1734205556, 134, 18, 40, 0, 0, 0.14%, 8, 0, 10, 57.63
1734205576, 137, 19, 40, 0, 0, 0.14%, 8, 0, 10, 58.25
1734205617, 138, 12, 40, 0, 0, 0.14%, 8, 0, 10, 53.42
1734205657, 139, 33, 40, 0, 0, 0.14%, 8, 0, 10, 59.89
1734205688, 148, 37, 40, 0, 0, 0.14%, 8, 0, 10, 79.82
1734206091, 150, 33, 40, 0, 0, 0.14%, 8, 0, 10, 61.35
1734206132, 153, 17, 40, 0, 0, 0.14%, 8, 0, 10, 67.76
1734206209, 153, 31, 40, 0, 0, 0.14%, 8, 0, 10, 63.08
1734206234, 159, 18, 40, 0, 0, 0.14%, 8, 0, 10, 61.09
1734206254, 161, 20, 40, 0, 0, 0.14%, 8, 0, 10, 73.63
1734206320, 162, 25, 40, 0, 0, 0.14%, 8, 0, 10, 62.53
1734206341, 163, 12, 40, 0, 0, 0.14%, 8, 0, 10, 52.96
1734206381, 163, 25, 40, 0, 0, 0.14%, 8, 0, 10, 55.45
1734206422, 165, 33, 40, 0, 0, 0.14%, 8, 0, 10, 59.82
1734206457, 168, 20, 40, 0, 0, 0.14%, 8, 0, 10, 57.97
1734206478, 168, 25, 40, 0, 0, 0.14%, 8, 0, 10, 61.71
1734206518, 170, 27, 40, 0, 0, 0.14%, 8, 0, 10, 110.30
1734206743, 177, 12, 40, 0, 0, 0.14%, 8, 0, 10, 54.92
1734206784, 177, 27, 40, 0, 0, 0.14%, 8, 0, 10, 69.21
1734206804, 178, 34, 41, 1, 0, 0.14%, 9, 0, 10, 66.80
1734206839, 178, 40, 41, 1, 0, 0.14%, 9, 0, 10, 97.97
1734207150, 179, 23, 41, 0, 0, 0.14%, 9, 0, 10, 60.37
1734207165, 182, 18, 41, 0, 0, 0.14%, 9, 0, 10, 61.17
1734207206, 183, 25, 41, 0, 0, 0.14%, 9, 0, 10, 58.09
1734207247, 184, 27, 41, 0, 0, 0.14%, 9, 0, 10, 64.33
1734207267, 188, 20, 41, 0, 0, 0.14%, 9, 0, 10, 62.56
1734207303, 191, 12, 41, 0, 0, 0.14%, 9, 0, 10, 55.35
1734207343, 191, 13, 41, 0, 0, 0.14%, 9, 0, 10, 58.49
1734207359, 191, 34, 41, 0, 0, 0.14%, 9, 0, 10, 67.59
1734207399, 192, 12, 41, 0, 0, 0.14%, 9, 0, 10, 59.11
1734207440, 192, 34, 41, 0, 0, 0.14%, 9, 0, 10, 70.67
1734207475, 193, 19, 41, 0, 0, 0.14%, 9, 0, 10, 63.07
1734207511, 193, 21, 41, 0, 0, 0.14%, 9, 0, 10, 60.09
1734207551, 195, 27, 41, 0, 0, 0.14%, 9, 0, 10, 68.83
1734207587, 196, 23, 41, 0, 0, 0.14%, 9, 0, 10, 59.83
1734207622, 197, 34, 41, 0, 0, 0.14%, 9, 0, 10, 69.07
1734207658, 198, 18, 41, 0, 0, 0.14%, 9, 0, 10, 63.52
1734207698, 202, 23, 41, 0, 0, 0.14%, 9, 0, 10, 58.71
1734207723, 203, 12, 41, 0, 0, 0.14%, 9, 0, 10, 57.06
1734207764, 204, 20, 41, 0, 0, 0.14%, 9, 0, 10, 65.79
1734207799, 205, 18, 41, 0, 0, 0.14%, 9, 0, 10, 60.99
1734207840, 205, 33, 41, 0, 0, 0.14%, 9, 0, 10, 67.75
1734207875, 209, 19, 41, 0, 0, 0.14%, 9, 0, 10, 54.43
1734207911, 209, 21, 41, 0, 0, 0.14%, 9, 0, 10, 71.50
1734207951, 209, 31, 41, 0, 0, 0.14%, 9, 0, 10, 69.11
1734207992, 210, 27, 41, 0, 0, 0.14%, 9, 0, 10, 65.25
1734208028, 211, 24, 41, 0, 0, 0.14%, 9, 0, 10, 55.93
1734208048, 212, 15, 41, 0, 0, 0.14%, 9, 0, 10, 65.14
1734208068, 212, 23, 41, 0, 0, 0.14%, 9, 0, 10, 59.74
1734208104, 214, 33, 41, 0, 0, 0.14%, 9, 0, 10, 65.36
1734208140, 217, 15, 41, 0, 0, 0.14%, 9, 0, 10, 64.23
1734208175, 218, 13, 41, 0, 0, 0.14%, 9, 0, 10, 51.37
1734208216, 219, 24, 41, 0, 0, 0.14%, 9, 0, 10, 60.34
1734208231, 221, 31, 41, 0, 0, 0.14%, 9, 0, 10, 63.52
1734208266, 222, 23, 41, 0, 0, 0.14%, 9, 0, 10, 65.46
1734208307, 223, 16, 41, 0, 0, 0.14%, 9, 0, 10, 63.02
1734208327, 223, 27, 41, 0, 0, 0.14%, 9, 0, 10, 71.04
1734208362, 224, 13, 41, 0, 0, 0.14%, 9, 0, 10, 60.68
1734208403, 225, 22, 41, 0, 0, 0.14%, 9, 0, 10, 70.77
1734208449, 227, 14, 41, 0, 0, 0.14%, 9, 0, 10, 59.32
1734208459, 228, 21, 41, 0, 0, 0.14%, 9, 0, 10, 56.32
1734208500, 230, 24, 41, 0, 0, 0.14%, 9, 0, 10, 61.27
1734208530, 231, 22, 41, 0, 0, 0.14%, 9, 0, 10, 58.02
1734208545, 231, 24, 41, 0, 0, 0.14%, 9, 0, 10, 56.18
1734208581, 232, 32, 41, 0, 0, 0.14%, 9, 0, 10, 58.58
1734208621, 232, 34, 41, 0, 0, 0.14%, 9, 0, 10, 69.31
1734208657, 233, 33, 41, 0, 0, 0.14%, 9, 0, 10, 65.29
1734208692, 235, 17, 41, 0, 0, 0.14%, 9, 0, 10, 57.35
1734208702, 235, 22, 41, 0, 0, 0.14%, 9, 0, 10, 53.50
1734208733, 236, 15, 41, 0, 0, 0.14%, 9, 0, 10, 58.52
1734208773, 236, 31, 41, 0, 0, 0.14%, 9, 0, 10, 60.58
1734208808, 236, 32, 41, 0, 0, 0.14%, 9, 0, 10, 72.22
1734208844, 239, 25, 41, 0, 0, 0.14%, 9, 0, 10, 66.06
1734208880, 240, 25, 41, 0, 0, 0.14%, 9, 0, 10, 60.61
1734208920, 241, 33, 41, 0, 0, 0.14%, 9, 0, 10, 72.50
1734208956, 242, 22, 41, 0, 0, 0.14%, 9, 0, 10, 59.15
1734208997, 243, 32, 41, 0, 0, 0.14%, 9, 0, 10, 56.38
1734209038, 244, 24, 41, 0, 0, 0.14%, 9, 0, 10, 58.10
1734209078, 244, 28, 41, 0, 0, 0.14%, 9, 0, 10, 59.17
1734209083, 244, 34, 41, 0, 0, 0.14%, 9, 0, 10, 64.00
1734209119, 245, 32, 41, 0, 0, 0.14%, 9, 0, 10, 59.20
1734209159, 245, 33, 41, 0, 0, 0.14%, 9, 0, 10, 65.24
1734209195, 248, 17, 41, 0, 0, 0.14%, 9, 0, 10, 49.63
1734209215, 248, 22, 41, 0, 0, 0.14%, 9, 0, 10, 58.87
1734209250, 249, 17, 41, 0, 0, 0.14%, 9, 0, 10, 54.47
1734209291, 252, 16, 41, 0, 0, 0.14%, 9, 0, 10, 59.19
1734209332, 252, 23, 41, 0, 0, 0.14%, 9, 0, 10, 58.62
1734209367, 253, 26, 41, 0, 0, 0.14%, 9, 0, 10, 67.81
1734209439, 253, 29, 41, 0, 0, 0.14%, 9, 0, 10, 62.58
1734209449, 255, 25, 41, 0, 0, 0.14%, 9, 0, 10, 66.13
1734209484, 255, 31, 41, 0, 0, 0.14%, 9, 0, 10, 62.92
1734209525, 256, 26, 41, 0, 0, 0.14%, 9, 0, 10, 60.97
1734209545, 257, 17, 41, 0, 0, 0.14%, 9, 0, 10, 58.01
1734209581, 259, 31, 41, 0, 0, 0.14%, 9, 0, 10, 61.25
1734209616, 264, 16, 41, 0, 0, 0.14%, 9, 0, 10, 59.86
1734209657, 265, 14, 41, 0, 0, 0.14%, 9, 0, 10, 64.31
1734209672, 265, 31, 41, 0, 0, 0.14%, 9, 0, 10, 64.56
1734209707, 267, 23, 41, 0, 0, 0.14%, 9, 0, 10, 59.98
1734209748, 268, 14, 41, 0, 0, 0.14%, 9, 0, 10, 60.34
1734209773, 268, 30, 41, 0, 0, 0.14%, 9, 0, 10, 58.36
1734209794, 269, 18, 41, 0, 0, 0.14%, 9, 0, 10, 60.20
1734209834, 269, 32, 41, 0, 0, 0.14%, 9, 0, 10, 63.93
1734209869, 270, 22, 41, 0, 0, 0.14%, 9, 0, 10, 55.08
1734209910, 271, 31, 41, 0, 0, 0.14%, 9, 0, 10, 66.19
1734209945, 272, 10, 41, 0, 0, 0.14%, 9, 0, 10, 51.36
1734209950, 272, 13, 41, 0, 0, 0.14%, 9, 0, 10, 56.26
1734209991, 272, 19, 41, 0, 0, 0.14%, 9, 0, 10, 62.95
1734210026, 272, 27, 41, 0, 0, 0.14%, 9, 0, 10, 71.05
1734210067, 274, 36, 41, 0, 0, 0.14%, 9, 0, 10, 87.44
1734210527, 276, 23, 41, 0, 0, 0.14%, 9, 0, 10, 56.83
1734210563, 276, 36, 41, 0, 0, 0.14%, 9, 0, 10, 59.72
1734210568, 278, 26, 41, 0, 0, 0.14%, 9, 0, 10, 61.39
1734210578, 279, 28, 41, 0, 0, 0.14%, 9, 0, 10, 67.50
1734210604, 280, 24, 41, 0, 0, 0.14%, 9, 0, 10, 57.69
1734210644, 280, 34, 41, 0, 0, 0.14%, 9, 0, 10, 64.61
1734210680, 281, 22, 41, 0, 0, 0.14%, 9, 0, 10, 51.81
1734210720, 282, 16, 41, 0, 0, 0.14%, 9, 0, 10, 58.76
1734210761, 283, 30, 41, 0, 0, 0.14%, 9, 0, 10, 65.55
1734210766, 285, 17, 41, 0, 0, 0.14%, 9, 0, 10, 60.77
1734210807, 286, 20, 41, 0, 0, 0.14%, 9, 0, 10, 57.31
1734210847, 286, 24, 41, 0, 0, 0.14%, 9, 0, 10, 57.11
1734210888, 286, 28, 41, 0, 0, 0.14%, 9, 0, 10, 64.45
1734210924, 288, 30, 41, 0, 0, 0.14%, 9, 0, 10, 61.70
1734210944, 290, 19, 41, 0, 0, 0.14%, 9, 0, 10, 63.12
1734210979, 290, 33, 41, 0, 0, 0.14%, 9, 0, 10, 66.36
1734211015, 291, 27, 41, 0, 0, 0.14%, 9, 0, 10, 73.85
1734211050, 292, 14, 41, 0, 0, 0.14%, 9, 0, 10, 61.79
1734211091, 292, 20, 41, 0, 0, 0.14%, 9, 0, 10, 61.05
1734211131, 292, 30, 41, 0, 0, 0.14%, 9, 0, 10, 63.14
1734211167, 293, 13, 41, 0, 0, 0.14%, 9, 0, 10, 56.92
1734211208, 294, 10, 41, 0, 0, 0.14%, 9, 0, 10, 59.75
1734211213, 296, 14, 41, 0, 0, 0.14%, 9, 0, 10, 57.04
1734211253, 298, 13, 41, 0, 0, 0.14%, 9, 0, 10, 56.17
1734211289, 298, 20, 41, 0, 0, 0.14%, 9, 0, 10, 62.22
1734211329, 298, 25, 41, 0, 0, 0.14%, 9, 0, 10, 61.72
1734211365, 299, 20, 41, 0, 0, 0.14%, 9, 0, 10, 63.83
1734211406, 300, 18, 41, 0, 0, 0.14%, 9, 0, 10, 56.72
1734211446, 300, 30, 41, 0, 0, 0.14%, 9, 0, 10, 61.13
1734211482, 301, 29, 41, 0, 0, 0.14%, 9, 0, 10, 56.70
1734211502, 304, 16, 41, 0, 0, 0.14%, 9, 0, 10, 58.93
1734211543, 304, 19, 41, 0, 0, 0.14%, 9, 0, 10, 65.32
1734211578, 305, 10, 41, 0, 0, 0.14%, 9, 0, 10, 53.51
1734211593, 306, 35, 41, 0, 0, 0.14%, 9, 0, 10, 61.80
1734211598, 307, 19, 41, 0, 0, 0.14%, 9, 0, 10, 65.73
1734211639, 307, 36, 41, 0, 0, 0.14%, 9, 0, 10, 67.54
1734211649, 308, 18, 41, 0, 0, 0.14%, 9, 0, 10, 60.17
1734211690, 310, 28, 41, 0, 0, 0.14%, 9, 0, 10, 57.19
1734211730, 311, 16, 41, 0, 0, 0.14%, 9, 0, 10, 62.19
1734211766, 311, 20, 41, 0, 0, 0.14%, 9, 0, 10, 64.47
1734211806, 311, 30, 41, 0, 0, 0.14%, 9, 0, 10, 60.85
1734211846, 313, 29, 41, 0, 0, 0.14%, 9, 0, 10, 56.90
1734211862, 314, 10, 41, 0, 0, 0.14%, 9, 0, 10, 60.04
1734211887, 314, 13, 41, 0, 0, 0.14%, 9, 0, 10, 58.83
1734211928, 316, 10, 41, 0, 0, 0.14%, 9, 0, 10, 57.33
1734211968, 316, 15, 41, 0, 0, 0.14%, 9, 0, 10, 63.21
1734212009, 318, 29, 41, 0, 0, 0.14%, 9, 0, 10, 59.25
1734212044, 319, 35, 41, 0, 0, 0.14%, 9, 0, 10, 69.39
1734212059, 322, 29, 41, 0, 0, 0.14%, 9, 0, 10, 56.55
1734212100, 323, 15, 41, 0, 0, 0.14%, 9, 0, 10, 61.89
1734212136, 324, 13, 41, 0, 0, 0.14%, 9, 0, 10, 62.67
1734212176, 324, 26, 41, 0, 0, 0.14%, 9, 0, 10, 61.39
1734212202, 326, 30, 41, 0, 0, 0.14%, 9, 0, 10, 61.68
1734212237, 329, 20, 41, 0, 0, 0.14%, 9, 0, 10, 61.23
1734212278, 337, 26, 41, 0, 0, 0.14%, 9, 0, 10, 61.31
1734212318, 338, 13, 41, 0, 0, 0.14%, 9, 0, 10, 53.27
1734212359, 338, 28, 41, 0, 0, 0.14%, 9, 0, 10, 67.11
1734212394, 345, 20, 41, 0, 0, 0.14%, 9, 0, 10, 57.00
1734212430, 348, 25, 41, 0, 0, 0.14%, 9, 0, 10, 58.60
1734212471, 350, 15, 41, 0, 0, 0.14%, 9, 0, 10, 60.03
1734212511, 350, 25, 41, 0, 0, 0.14%, 9, 0, 10, 63.41
1734212547, 354, 28, 41, 0, 0, 0.14%, 9, 0, 10, 61.25
1734212588, 359, 11, 41, 0, 0, 0.14%, 9, 0, 10, 58.28
1734212593, 361, 26, 41, 0, 0, 0.14%, 9, 0, 10, 63.50
1734212628, 363, 37, 41, 0, 0, 0.14%, 9, 0, 10, 53.62
1734212648, 373, 15, 41, 0, 0, 0.14%, 9, 0, 10, 57.68
1734212689, 373, 17, 41, 0, 0, 0.14%, 9, 0, 10, 60.99
1734212730, 375, 17, 41, 0, 0, 0.14%, 9, 0, 10, 56.95
1734212770, 375, 37, 41, 0, 0, 0.14%, 9, 0, 10, 63.88
1734212806, 386, 37, 41, 0, 0, 0.14%, 9, 0, 10, 58.74
1734212836, 387, 14, 41, 0, 0, 0.14%, 9, 0, 10, 62.64
1734212877, 387, 26, 41, 0, 0, 0.14%, 9, 0, 10, 63.77
1734212918, 388, 37, 41, 0, 0, 0.14%, 9, 0, 10, 65.41
1734212958, 393, 26, 41, 0, 0, 0.14%, 9, 0, 10, 62.37
1734212994, 396, 37, 41, 0, 0, 0.14%, 9, 0, 10, 67.26
1734213029, 398, 40, 41, 0, 0, 0.14%, 9, 0, 10, 65.06
1734213055, 405, 11, 41, 0, 0, 0.14%, 9, 0, 10, 61.08
1734213065, 405, 16, 41, 0, 0, 0.14%, 9, 0, 10, 60.30
1734213100, 411, 15, 41, 0, 0, 0.14%, 9, 0, 10, 62.66
1734213141, 418, 15, 41, 0, 0, 0.14%, 9, 0, 10, 62.38
1734213176, 422, 15, 41, 0, 0, 0.14%, 9, 0, 10, 64.88
1734213217, 428, 40, 41, 0, 0, 0.14%, 9, 0, 10, 54.72
1734213253, 431, 40, 41, 0, 0, 0.14%, 9, 0, 10, 71.64
1734213293, 443, 40, 41, 0, 0, 0.14%, 9, 0, 10, 71.61
1734213324, 453, 40, 41, 0, 0, 0.14%, 9, 0, 10, 69.80
1734213364, 502, 16, 41, 0, 0, 0.14%, 9, 0, 10, 61.62
1734213404, 508, 16, 41, 0, 0, 0.14%, 9, 0, 10, 62.41
1734213445, 520, 11, 41, 0, 0, 0.14%, 9, 0, 10, 63.89
1734213450, 528, 11, 41, 0, 0, 0.14%, 9, 0, 10, 57.59
1734213471, 559, 11, 41, 0, 0, 0.14%, 9, 0, 10, 57.13
1734213511, 596, 11, 41, 0, 0, 0.14%, 9, 0, 10, 54.60
1734213547, 616, 11, 41, 0, 0, 0.14%, 9, 0, 10, 60.49
1734213583, 6854, 0, 41, 0, 0, 0.14%, 9, 0, 10, 0.00
1734213588, 22347, 0, 41, 0, 0, 0.14%, 9, 0, 10, 0.00
1734213593, 37841, 0, 41, 0, 0, 0.14%, 9, 0, 10, 0.00
1734213598, 53438, 0, 41, 0, 0, 0.14%, 9, 0, 10, 0.00
1734213603, 68985, 0, 41, 0, 0, 0.14%, 9, 0, 10, 0.00
1734213609, 84509, 0, 41, 0, 0, 0.14%, 9, 0, 10, 0.00
1734213614, 100049, 0, 41, 0, 0, 0.14%, 9, 0, 10, 0.00
1734213619, 115516, 0, 41, 0, 0, 0.14%, 9, 0, 10, 0.00
1734213624, 131029, 0, 41, 0, 0, 0.14%, 9, 0, 10, 0.00
1734213629, 146518, 0, 41, 0, 0, 0.14%, 9, 0, 10, 0.00
1734213635, 162050, 0, 41, 0, 0, 0.14%, 9, 0, 10, 0.00
1734213640, 177513, 0, 41, 0, 0, 0.14%, 9, 0, 10, 0.00
1734213645, 193048, 0, 41, 0, 0, 0.14%, 9, 0, 10, 0.00
1734213650, 208509, 0, 41, 0, 0, 0.14%, 9, 0, 10, 0.00
1734213655, 224017, 0, 41, 0, 0, 0.14%, 9, 0, 10, 0.00
1734213661, 239589, 0, 41, 0, 0, 0.14%, 9, 0, 10, 0.00
1734213666, 255125, 0, 41, 0, 0, 0.14%, 9, 0, 10, 0.00
1734213671, 270618, 0, 41, 0, 0, 0.14%, 9, 0, 10, 0.00
1734213676, 286216, 0, 41, 0, 0, 0.14%, 9, 0, 10, 0.00
1734213681, 301694, 0, 41, 0, 0, 0.14%, 9, 0, 10, 0.00
1734213687, 317124, 0, 41, 0, 0, 0.14%, 9, 0, 10, 0.00
1734213692, 332587, 0, 41, 0, 0, 0.14%, 9, 0, 10, 0.00
1734213697, 348141, 0, 41, 0, 0, 0.14%, 9, 0, 10, 0.00
1734213702, 363661, 0, 41, 0, 0, 0.14%, 9, 0, 10, 0.00
1734213707, 379256, 0, 41, 0, 0, 0.14%, 9, 0, 10, 0.00
1734213713, 394708, 0, 41, 0, 0, 0.14%, 9, 0, 10, 0.00
1734213718, 410215, 0, 41, 0, 0, 0.14%, 9, 0, 10, 0.00
1734213723, 425693, 0, 41, 0, 0, 0.14%, 9, 0, 10, 0.00
1734213728, 441231, 0, 41, 0, 0, 0.14%, 9, 0, 10, 0.00
1734213733, 456745, 0, 41, 0, 0, 0.14%, 9, 0, 10, 0.00
1734213739, 472343, 0, 41, 0, 0, 0.14%, 9, 0, 10, 0.00
1734213744, 487876, 0, 41, 0, 0, 0.14%, 9, 0, 10, 0.00
1734213749, 503375, 0, 41, 0, 0, 0.14%, 9, 0, 10, 0.00
1734213754, 518909, 0, 41, 0, 0, 0.14%, 9, 0, 10, 0.00
1734213759, 534456, 0, 41, 0, 0, 0.14%, 9, 0, 10, 0.00
1734213765, 549933, 0, 41, 0, 0, 0.14%, 9, 0, 10, 0.00
1734213770, 565471, 0, 41, 0, 0, 0.14%, 9, 0, 10, 0.00
1734213775, 580977, 0, 41, 0, 0, 0.14%, 9, 0, 10, 0.00
1734213780, 596467, 0, 41, 0, 0, 0.14%, 9, 0, 10, 0.00
1734213785, 611976, 0, 41, 0, 0, 0.14%, 9, 0, 10, 0.00
1734213791, 627493, 0, 41, 0, 0, 0.14%, 9, 0, 10, 0.00
1734213796, 642984, 0, 41, 0, 0, 0.14%, 9, 0, 10, 0.00
1734213801, 658530, 0, 41, 0, 0, 0.14%, 9, 0, 10, 0.00
1734213806, 674023, 0, 41, 0, 0, 0.14%, 9, 0, 10, 0.00
1734213811, 689524, 0, 41, 0, 0, 0.14%, 9, 0, 10, 0.00
1734213817, 705030, 0, 41, 0, 0, 0.14%, 9, 0, 10, 0.00
1734213822, 720517, 0, 41, 0, 0, 0.14%, 9, 0, 10, 0.00
1734213827, 736106, 0, 41, 0, 0, 0.14%, 9, 0, 10, 0.00
1734213832, 751648, 0, 41, 0, 0, 0.14%, 9, 0, 10, 0.00
1734213837, 767142, 0, 41, 0, 0, 0.14%, 9, 0, 10, 0.00
1734213843, 782623, 0, 41, 0, 0, 0.14%, 9, 0, 10, 0.00
1734213848, 798208, 0, 41, 0, 0, 0.14%, 9, 0, 10, 0.00
1734213853, 813654, 0, 41, 0, 0, 0.14%, 9, 0, 10, 0.00
1734213858, 829151, 0, 41, 0, 0, 0.14%, 9, 0, 10, 0.00
1734213863, 844740, 0, 41, 0, 0, 0.14%, 9, 0, 10, 0.00
1734213869, 860215, 0, 41, 0, 0, 0.14%, 9, 0, 10, 0.00
1734213874, 875701, 0, 41, 0, 0, 0.14%, 9, 0, 10, 0.00
1734213879, 891181, 0, 41, 0, 0, 0.14%, 9, 0, 10, 0.00
1734213884, 906662, 0, 41, 0, 0, 0.14%, 9, 0, 10, 0.00
1734213889, 922166, 0, 41, 0, 0, 0.14%, 9, 0, 10, 0.00
1734213895, 937715, 0, 41, 0, 0, 0.14%, 9, 0, 10, 0.00
1734213900, 953274, 0, 41, 0, 0, 0.14%, 9, 0, 10, 0.00
1734213905, 968678, 0, 41, 0, 0, 0.14%, 9, 0, 10, 0.00
1734213910, 984174, 0, 41, 0, 0, 0.14%, 9, 0, 10, 0.00
1734213915, 999669, 0, 41, 0, 0, 0.14%, 9, 0, 10, 0.00
1734213921, 1015159, 0, 41, 0, 0, 0.14%, 9, 0, 10, 0.00
1734213926, 1030583, 0, 41, 0, 0, 0.14%, 9, 0, 10, 0.00
1734213931, 1046137, 0, 41, 0, 0, 0.14%, 9, 0, 10, 0.00
1734213936, 1061642, 0, 41, 0, 0, 0.14%, 9, 0, 10, 0.00
1734213941, 1077156, 0, 41, 0, 0, 0.14%, 9, 0, 10, 0.00
1734213947, 1092636, 0, 41, 0, 0, 0.14%, 9, 0, 10, 0.00
1734213952, 1108144, 0, 41, 0, 0, 0.14%, 9, 0, 10, 0.00
1734213957, 1123662, 0, 41, 0, 0, 0.14%, 9, 0, 10, 0.00
1734213962, 1139164, 0, 41, 0, 0, 0.14%, 9, 0, 10, 0.00
1734213967, 1154618, 0, 41, 0, 0, 0.14%, 9, 0, 10, 0.00
1734213973, 1170133, 0, 41, 0, 0, 0.14%, 9, 0, 10, 0.00
1734213978, 1185639, 0, 41, 0, 0, 0.14%, 9, 0, 10, 0.00
1734213983, 1201113, 0, 41, 0, 0, 0.14%, 9, 0, 10, 0.00
1734213988, 1216651, 0, 41, 0, 0, 0.14%, 9, 0, 10, 0.00
1734213993, 1232152, 0, 41, 0, 0, 0.14%, 9, 0, 10, 0.00
1734213999, 1247655, 0, 41, 0, 0, 0.14%, 9, 0, 10, 0.00
1734214004, 1263140, 0, 41, 0, 0, 0.14%, 9, 0, 10, 0.00
1734214009, 1278644, 0, 41, 0, 0, 0.14%, 9, 0, 10, 0.00
1734214014, 1294167, 0, 41, 0, 0, 0.14%, 9, 0, 10, 0.00
1734214019, 1309681, 0, 41, 0, 0, 0.14%, 9, 0, 10, 0.00
1734214025, 1325201, 0, 41, 0, 0, 0.14%, 9, 0, 10, 0.00
1734214030, 1340706, 0, 41, 0, 0, 0.14%, 9, 0, 10, 0.00
1734214035, 1356214, 0, 41, 0, 0, 0.14%, 9, 0, 10, 0.00
1734214040, 1371745, 0, 41, 0, 0, 0.14%, 9, 0, 10, 0.00
1734214045, 1387273, 0, 41, 0, 0, 0.14%, 9, 0, 10, 0.00
1734214051, 1402834, 0, 41, 0, 0, 0.14%, 9, 0, 10, 0.00
1734214056, 1418359, 0, 41, 0, 0, 0.14%, 9, 0, 10, 0.00
1734214061, 1433887, 0, 41, 0, 0, 0.14%, 9, 0, 10, 0.00
1734214066, 1449401, 0, 41, 0, 0, 0.14%, 9, 0, 10, 0.00
1734214071, 1464928, 0, 41, 0, 0, 0.14%, 9, 0, 10, 0.00
1734214077, 1480442, 0, 41, 0, 0, 0.14%, 9, 0, 10, 0.00
1734214082, 1495883, 0, 41, 0, 0, 0.14%, 9, 0, 10, 0.00
1734214087, 1511365, 0, 41, 0, 0, 0.14%, 9, 0, 10, 0.00
1734214092, 1526897, 0, 41, 0, 0, 0.14%, 9, 0, 10, 0.00
1734214097, 1542470, 0, 41, 0, 0, 0.14%, 9, 0, 10, 0.00
1734214103, 1557930, 0, 41, 0, 0, 0.14%, 9, 0, 10, 0.00
1734214108, 1573499, 0, 41, 0, 0, 0.14%, 9, 0, 10, 0.00
1734214113, 1589012, 0, 41, 0, 0, 0.14%, 9, 0, 10, 0.00
1734214118, 1604522, 0, 41, 0, 0, 0.14%, 9, 0, 10, 0.00
1734214123, 1619977, 0, 41, 0, 0, 0.14%, 9, 0, 10, 0.00
1734214129, 1635501, 0, 41, 0, 0, 0.14%, 9, 0, 10, 0.00
1734214134, 1650987, 0, 41, 0, 0, 0.14%, 9, 0, 10, 0.00
1734214139, 1666516, 0, 41, 0, 0, 0.14%, 9, 0, 10, 0.00
1734214144, 1682057, 0, 41, 0, 0, 0.14%, 9, 0, 10, 0.00
1734214149, 1697564, 0, 41, 0, 0, 0.14%, 9, 0, 10, 0.00
1734214155, 1713116, 0, 41, 0, 0, 0.14%, 9, 0, 10, 0.00
1734214160, 1728588, 0, 41, 0, 0, 0.14%, 9, 0, 10, 0.00
1734214165, 1744059, 0, 41, 0, 0, 0.14%, 9, 0, 10, 0.00
1734214170, 1759559, 0, 41, 0, 0, 0.14%, 9, 0, 10, 0.00
1734214175, 1775058, 0, 41, 0, 0, 0.14%, 9, 0, 10, 0.00
1734214181, 1790522, 0, 41, 0, 0, 0.14%, 9, 0, 10, 0.00
1734214186, 1806033, 0, 41, 0, 0, 0.14%, 9, 0, 10, 0.00
1734214191, 1821454, 0, 41, 0, 0, 0.14%, 9, 0, 10, 0.00
1734214196, 1836918, 0, 41, 0, 0, 0.14%, 9, 0, 10, 0.00
1734214201, 1852427, 0, 41, 0, 0, 0.14%, 9, 0, 10, 0.00
1734214207, 1867889, 0, 41, 0, 0, 0.14%, 9, 0, 10, 0.00
1734214212, 1883427, 0, 41, 0, 0, 0.14%, 9, 0, 10, 0.00
1734214217, 1898946, 0, 41, 0, 0, 0.14%, 9, 0, 10, 0.00
1734214222, 1914473, 0, 41, 0, 0, 0.14%, 9, 0, 10, 0.00
1734214227, 1930006, 0, 41, 0, 0, 0.14%, 9, 0, 10, 0.00
1734214233, 1945455, 0, 41, 0, 0, 0.14%, 9, 0, 10, 0.00
1734214238, 1960956, 0, 41, 0, 0, 0.14%, 9, 0, 10, 0.00
1734214243, 1976415, 0, 41, 0, 0, 0.14%, 9, 0, 10, 0.00
1734214248, 1991910, 0, 41, 0, 0, 0.14%, 9, 0, 10, 0.00
1734214253, 2007501, 0, 41, 0, 0, 0.14%, 9, 0, 10, 0.00
1734214259, 2023101, 0, 41, 0, 0, 0.14%, 9, 0, 10, 0.00
1734214264, 2038539, 0, 41, 0, 0, 0.14%, 9, 0, 10, 0.00
1734214269, 2054018, 0, 41, 0, 0, 0.14%, 9, 0, 10, 0.00
1734214274, 2069510, 0, 41, 0, 0, 0.14%, 9, 0, 10, 0.00
1734214279, 2085003, 0, 41, 0, 0, 0.14%, 9, 0, 10, 0.00
1734214285, 2100455, 0, 41, 0, 0, 0.14%, 9, 0, 10, 0.00
1734214290, 2115994, 0, 41, 0, 0, 0.14%, 9, 0, 10, 0.00
1734214295, 2131514, 0, 41, 0, 0, 0.14%, 9, 0, 10, 0.00
1734214300, 2147007, 0, 41, 0, 0, 0.14%, 9, 0, 10, 0.00
1734214305, 2162448, 0, 41, 0, 0, 0.14%, 9, 0, 10, 0.00
1734214311, 2178023, 0, 41, 0, 0, 0.14%, 9, 0, 10, 0.00
1734214316, 2193459, 0, 41, 0, 0, 0.14%, 9, 0, 10, 0.00
1734214321, 2208939, 0, 41, 0, 0, 0.14%, 9, 0, 10, 0.00
1734214326, 2224387, 0, 41, 0, 0, 0.14%, 9, 0, 10, 0.00
1734214331, 2239895, 0, 41, 0, 0, 0.14%, 9, 0, 10, 0.00
1734214337, 2255326, 0, 41, 0, 0, 0.14%, 9, 0, 10, 0.00
1734214342, 2270756, 0, 41, 0, 0, 0.14%, 9, 0, 10, 0.00
1734214347, 2286202, 0, 41, 0, 0, 0.14%, 9, 0, 10, 0.00
1734214352, 2301715, 0, 41, 0, 0, 0.14%, 9, 0, 10, 0.00
1734214357, 2317298, 0, 41, 0, 0, 0.14%, 9, 0, 10, 0.00
1734214363, 2332720, 0, 41, 0, 0, 0.14%, 9, 0, 10, 0.00
1734214368, 2348265, 0, 41, 0, 0, 0.14%, 9, 0, 10, 0.00
1734214373, 2363753, 0, 41, 0, 0, 0.14%, 9, 0, 10, 0.00
1734214378, 2379305, 0, 41, 0, 0, 0.14%, 9, 0, 10, 0.00
1734214383, 2394772, 0, 41, 0, 0, 0.14%, 9, 0, 10, 0.00
1734214389, 2410247, 0, 41, 0, 0, 0.14%, 9, 0, 10, 0.00
1734214394, 2425782, 0, 41, 0, 0, 0.14%, 9, 0, 10, 0.00
1734214399, 2441390, 0, 41, 0, 0, 0.14%, 9, 0, 10, 0.00
1734214404, 2456926, 0, 41, 0, 0, 0.14%, 9, 0, 10, 0.00
1734214409, 2472473, 0, 41, 0, 0, 0.14%, 9, 0, 10, 0.00
1734214415, 2487972, 0, 41, 0, 0, 0.14%, 9, 0, 10, 0.00
1734214420, 2503468, 0, 41, 0, 0, 0.14%, 9, 0, 10, 0.00
1734214425, 2518972, 0, 41, 0, 0, 0.14%, 9, 0, 10, 0.00
1734214430, 2534456, 0, 41, 0, 0, 0.14%, 9, 0, 10, 0.00
1734214435, 2549991, 0, 41, 0, 0, 0.14%, 9, 0, 10, 0.00
1734214441, 2565573, 0, 41, 0, 0, 0.14%, 9, 0, 10, 0.00
1734214446, 2581036, 0, 41, 0, 0, 0.14%, 9, 0, 10, 0.00
1734214451, 2596615, 0, 41, 0, 0, 0.14%, 9, 0, 10, 0.00
1734214456, 2612115, 0, 41, 0, 0, 0.14%, 9, 0, 10, 0.00
1734214461, 2627624, 0, 41, 0, 0, 0.14%, 9, 0, 10, 0.00
1734214467, 2643116, 0, 41, 0, 0, 0.14%, 9, 0, 10, 0.00
1734214472, 2658587, 0, 41, 0, 0, 0.14%, 9, 0, 10, 0.00
1734214477, 2674085, 0, 41, 0, 0, 0.14%, 9, 0, 10, 0.00
1734214482, 2689615, 0, 41, 0, 0, 0.14%, 9, 0, 10, 0.00
1734214487, 2705092, 0, 41, 0, 0, 0.14%, 9, 0, 10, 0.00
1734214493, 2720602, 0, 41, 0, 0, 0.14%, 9, 0, 10, 0.00
1734214498, 2736106, 0, 41, 0, 0, 0.14%, 9, 0, 10, 0.00
1734214503, 2751682, 0, 41, 0, 0, 0.14%, 9, 0, 10, 0.00
1734214508, 2767159, 0, 41, 0, 0, 0.14%, 9, 0, 10, 0.00
1734214513, 2782652, 0, 41, 0, 0, 0.14%, 9, 0, 10, 0.00
1734214519, 2798185, 0, 41, 0, 0, 0.14%, 9, 0, 10, 0.00
1734214524, 2813721, 0, 41, 0, 0, 0.14%, 9, 0, 10, 0.00
1734214529, 2829185, 0, 41, 0, 0, 0.14%, 9, 0, 10, 0.00
1734214534, 2844586, 0, 41, 0, 0, 0.14%, 9, 0, 10, 0.00
1734214539, 2860118, 0, 41, 0, 0, 0.14%, 9, 0, 10, 0.00
1734214545, 2875675, 0, 41, 0, 0, 0.14%, 9, 0, 10, 0.00
1734214550, 2891166, 0, 41, 0, 0, 0.14%, 9, 0, 10, 0.00
1734214555, 2906737, 0, 41, 0, 0, 0.14%, 9, 0, 10, 0.00
1734214560, 2922228, 0, 41, 0, 0, 0.14%, 9, 0, 10, 0.00
1734214565, 2937702, 0, 41, 0, 0, 0.14%, 9, 0, 10, 0.00
1734214571, 2953287, 0, 41, 0, 0, 0.14%, 9, 0, 10, 0.00
1734214576, 2968741, 0, 41, 0, 0, 0.14%, 9, 0, 10, 0.00
1734214581, 2984145, 0, 41, 0, 0, 0.14%, 9, 0, 10, 0.00
1734214586, 2999643, 0, 41, 0, 0, 0.14%, 9, 0, 10, 0.00
1734214591, 3015160, 0, 41, 0, 0, 0.14%, 9, 0, 10, 0.00
1734214597, 3030664, 0, 41, 0, 0, 0.14%, 9, 0, 10, 0.00
1734214602, 3046155, 0, 41, 0, 0, 0.14%, 9, 0, 10, 0.00
1734214607, 3061716, 0, 41, 0, 0, 0.14%, 9, 0, 10, 0.00
1734214612, 3077165, 0, 41, 0, 0, 0.14%, 9, 0, 10, 0.00
1734214617, 3092661, 0, 41, 0, 0, 0.14%, 9, 0, 10, 0.00
1734214623, 3108097, 0, 41, 0, 0, 0.14%, 9, 0, 10, 0.00
1734214628, 3123579, 0, 41, 0, 0, 0.14%, 9, 0, 10, 0.00
1734214633, 3139023, 0, 41, 0, 0, 0.14%, 9, 0, 10, 0.00
1734214638, 3154546, 0, 41, 0, 0, 0.14%, 9, 0, 10, 0.00
1734214643, 3170095, 0, 41, 0, 0, 0.14%, 9, 0, 10, 0.00
1734214649, 3185653, 0, 41, 0, 0, 0.14%, 9, 0, 10, 0.00
1734214654, 3201121, 0, 41, 0, 0, 0.14%, 9, 0, 10, 0.00
1734214659, 3216652, 0, 41, 0, 0, 0.14%, 9, 0, 10, 0.00
1734214664, 3232156, 0, 41, 0, 0, 0.14%, 9, 0, 10, 0.00
1734214669, 3247616, 0, 41, 0, 0, 0.14%, 9, 0, 10, 0.00
1734214675, 3263018, 0, 41, 0, 0, 0.14%, 9, 0, 10, 0.00
1734214680, 3278495, 0, 41, 0, 0, 0.14%, 9, 0, 10, 0.00
1734214685, 3293972, 0, 41, 0, 0, 0.14%, 9, 0, 10, 0.00
1734214690, 3309537, 0, 41, 0, 0, 0.14%, 9, 0, 10, 0.00
1734214695, 3325086, 0, 41, 0, 0, 0.14%, 9, 0, 10, 0.00
1734214701, 3340595, 0, 41, 0, 0, 0.14%, 9, 0, 10, 0.00
1734214706, 3356149, 0, 41, 0, 0, 0.14%, 9, 0, 10, 0.00
1734214711, 3371681, 0, 41, 0, 0, 0.14%, 9, 0, 10, 0.00
1734214716, 3387164, 0, 41, 0, 0, 0.14%, 9, 0, 10, 0.00
1734214721, 3402708, 0, 41, 0, 0, 0.14%, 9, 0, 10, 0.00
1734214727, 3418237, 0, 41, 0, 0, 0.14%, 9, 0, 10, 0.00
1734214732, 3433744, 0, 41, 0, 0, 0.14%, 9, 0, 10, 0.00
1734214737, 3449249, 0, 41, 0, 0, 0.14%, 9, 0, 10, 0.00
1734214742, 3464737, 0, 41, 0, 0, 0.14%, 9, 0, 10, 0.00
1734214747, 3480161, 0, 41, 0, 0, 0.14%, 9, 0, 10, 0.00
1734214753, 3495632, 0, 41, 0, 0, 0.14%, 9, 0, 10, 0.00
1734214758, 3511059, 0, 41, 0, 0, 0.14%, 9, 0, 10, 0.00
1734214763, 3526556, 0, 41, 0, 0, 0.14%, 9, 0, 10, 0.00
1734214768, 3542050, 0, 41, 0, 0, 0.14%, 9, 0, 10, 0.00
1734214773, 3557533, 0, 41, 0, 0, 0.14%, 9, 0, 10, 0.00
1734214779, 3573016, 0, 41, 0, 0, 0.14%, 9, 0, 10, 0.00
1734214784, 3588479, 0, 41, 0, 0, 0.14%, 9, 0, 10, 0.00
1734214789, 3603996, 0, 41, 0, 0, 0.14%, 9, 0, 10, 0.00
1734214794, 3619537, 0, 41, 0, 0, 0.14%, 9, 0, 10, 0.00
1734214799, 3635002, 0, 41, 0, 0, 0.14%, 9, 0, 10, 0.00
1734214805, 3650507, 0, 41, 0, 0, 0.14%, 9, 0, 10, 0.00
1734214810, 3665975, 0, 41, 0, 0, 0.14%, 9, 0, 10, 0.00
1734214815, 3681495, 0, 41, 0, 0, 0.14%, 9, 0, 10, 0.00
1734214820, 3696932, 0, 41, 0, 0, 0.14%, 9, 0, 10, 0.00
1734214825, 3712331, 0, 41, 0, 0, 0.14%, 9, 0, 10, 0.00
1734214831, 3727833, 0, 41, 0, 0, 0.14%, 9, 0, 10, 0.00
1734214836, 3743349, 0, 41, 0, 0, 0.14%, 9, 0, 10, 0.00
1734214841, 3758783, 0, 41, 0, 0, 0.14%, 9, 0, 10, 0.00
1734214846, 3774317, 0, 41, 0, 0, 0.14%, 9, 0, 10, 0.00
1734214851, 3789761, 0, 41, 0, 0, 0.14%, 9, 0, 10, 0.00
1734214857, 3805230, 0, 41, 0, 0, 0.14%, 9, 0, 10, 0.00
1734214862, 3820670, 0, 41, 0, 0, 0.14%, 9, 0, 10, 0.00
1734214867, 3836167, 0, 41, 0, 0, 0.14%, 9, 0, 10, 0.00
1734214872, 3851751, 0, 41, 0, 0, 0.14%, 9, 0, 10, 0.00
1734214877, 3867284, 0, 41, 0, 0, 0.14%, 9, 0, 10, 0.00
1734214883, 3882762, 0, 41, 0, 0, 0.14%, 9, 0, 10, 0.00
1734214888, 3898293, 0, 41, 0, 0, 0.14%, 9, 0, 10, 0.00
1734214893, 3913862, 0, 41, 0, 0, 0.14%, 9, 0, 10, 0.00
1734214898, 3929349, 0, 41, 0, 0, 0.14%, 9, 0, 10, 0.00
1734214903, 3944921, 0, 41, 0, 0, 0.14%, 9, 0, 10, 0.00
1734214909, 3960426, 0, 41, 0, 0, 0.14%, 9, 0, 10, 0.00
1734214914, 3975886, 0, 41, 0, 0, 0.14%, 9, 0, 10, 0.00
1734214919, 3991412, 0, 41, 0, 0, 0.14%, 9, 0, 10, 0.00
1734214924, 4006925, 0, 41, 0, 0, 0.14%, 9, 0, 10, 0.00
1734214929, 4022381, 0, 41, 0, 0, 0.14%, 9, 0, 10, 0.00
1734214935, 4037871, 0, 41, 0, 0, 0.14%, 9, 0, 10, 0.00
1734214940, 4053436, 0, 41, 0, 0, 0.14%, 9, 0, 10, 0.00
1734214945, 4069002, 0, 41, 0, 0, 0.14%, 9, 0, 10, 0.00
1734214950, 4084517, 0, 41, 0, 0, 0.14%, 9, 0, 10, 0.00
1734214955, 4100011, 0, 41, 0, 0, 0.14%, 9, 0, 10, 0.00
1734214961, 4115516, 0, 41, 0, 0, 0.14%, 9, 0, 10, 0.00
1734214966, 4131010, 0, 41, 0, 0, 0.14%, 9, 0, 10, 0.00
1734214971, 4146567, 0, 41, 0, 0, 0.14%, 9, 0, 10, 0.00
1734214976, 4162078, 0, 41, 0, 0, 0.14%, 9, 0, 10, 0.00
1734214981, 4177532, 0, 41, 0, 0, 0.14%, 9, 0, 10, 0.00
1734214987, 4193125, 0, 41, 0, 0, 0.14%, 9, 0, 10, 0.00
1734214992, 4208633, 0, 41, 0, 0, 0.14%, 9, 0, 10, 0.00
1734214997, 4224131, 0, 41, 0, 0, 0.14%, 9, 0, 10, 0.00
1734215002, 4239654, 0, 41, 0, 0, 0.14%, 9, 0, 10, 0.00
1734215007, 4255120, 0, 41, 0, 0, 0.14%, 9, 0, 10, 0.00
1734215013, 4270609, 0, 41, 0, 0, 0.14%, 9, 0, 10, 0.00
1734215018, 4286095, 0, 41, 0, 0, 0.14%, 9, 0, 10, 0.00
1734215023, 4301639, 0, 41, 0, 0, 0.14%, 9, 0, 10, 0.00
1734215028, 4317051, 0, 41, 0, 0, 0.14%, 9, 0, 10, 0.00
1734215033, 4332542, 0, 41, 0, 0, 0.14%, 9, 0, 10, 0.00
1734215039, 4348060, 0, 41, 0, 0, 0.14%, 9, 0, 10, 0.00
1734215044, 4363538, 0, 41, 0, 0, 0.14%, 9, 0, 10, 0.00
1734215049, 4379040, 0, 41, 0, 0, 0.14%, 9, 0, 10, 0.00
1734215054, 4394514, 0, 41, 0, 0, 0.14%, 9, 0, 10, 0.00
1734215059, 4410051, 0, 41, 0, 0, 0.14%, 9, 0, 10, 0.00
1734215065, 4425627, 0, 41, 0, 0, 0.14%, 9, 0, 10, 0.00
1734215070, 4441127, 0, 41, 0, 0, 0.14%, 9, 0, 10, 0.00
1734215075, 4456647, 0, 41, 0, 0, 0.14%, 9, 0, 10, 0.00
1734215080, 4472188, 0, 41, 0, 0, 0.14%, 9, 0, 10, 0.00
1734215085, 4487650, 0, 41, 0, 0, 0.14%, 9, 0, 10, 0.00
1734215091, 4503127, 0, 41, 0, 0, 0.14%, 9, 0, 10, 0.00
1734215096, 4518625, 0, 41, 0, 0, 0.14%, 9, 0, 10, 0.00
1734215101, 4534164, 0, 41, 0, 0, 0.14%, 9, 0, 10, 0.00
1734215106, 4549637, 0, 41, 0, 0, 0.14%, 9, 0, 10, 0.00
1734215111, 4565115, 0, 41, 0, 0, 0.14%, 9, 0, 10, 0.00
1734215117, 4580630, 0, 41, 0, 0, 0.14%, 9, 0, 10, 0.00
1734215122, 4596163, 0, 41, 0, 0, 0.14%, 9, 0, 10, 0.00
1734215127, 4611674, 0, 41, 0, 0, 0.14%, 9, 0, 10, 0.00
1734215132, 4627115, 0, 41, 0, 0, 0.14%, 9, 0, 10, 0.00
1734215137, 4642577, 0, 41, 0, 0, 0.14%, 9, 0, 10, 0.00
1734215143, 4658089, 0, 41, 0, 0, 0.14%, 9, 0, 10, 0.00
1734215148, 4673581, 0, 41, 0, 0, 0.14%, 9, 0, 10, 0.00
1734215153, 4689108, 0, 41, 0, 0, 0.14%, 9, 0, 10, 0.00
1734215158, 4704610, 0, 41, 0, 0, 0.14%, 9, 0, 10, 0.00
1734215163, 4720148, 0, 41, 0, 0, 0.14%, 9, 0, 10, 0.00
1734215169, 4735614, 0, 41, 0, 0, 0.14%, 9, 0, 10, 0.00
1734215174, 4751096, 0, 41, 0, 0, 0.14%, 9, 0, 10, 0.00
1734215179, 4766657, 0, 41, 0, 0, 0.14%, 9, 0, 10, 0.00
1734215184, 4782140, 0, 41, 0, 0, 0.14%, 9, 0, 10, 0.00
1734215189, 4797534, 0, 41, 0, 0, 0.14%, 9, 0, 10, 0.00
1734215195, 4813066, 0, 41, 0, 0, 0.14%, 9, 0, 10, 0.00
1734215200, 4828626, 0, 41, 0, 0, 0.14%, 9, 0, 10, 0.00
1734215205, 4844125, 0, 41, 0, 0, 0.14%, 9, 0, 10, 0.00
1734215210, 4859694, 0, 41, 0, 0, 0.14%, 9, 0, 10, 0.00
1734215215, 4875215, 0, 41, 0, 0, 0.14%, 9, 0, 10, 0.00
1734215221, 4890752, 0, 41, 0, 0, 0.14%, 9, 0, 10, 0.00
1734215226, 4906229, 0, 41, 0, 0, 0.14%, 9, 0, 10, 0.00
1734215231, 4921679, 0, 41, 0, 0, 0.14%, 9, 0, 10, 0.00
1734215236, 4937183, 0, 41, 0, 0, 0.14%, 9, 0, 10, 0.00
1734215241, 4952687, 0, 41, 0, 0, 0.14%, 9, 0, 10, 0.00
1734215247, 4968167, 0, 41, 0, 0, 0.14%, 9, 0, 10, 0.00
1734215252, 4983656, 0, 41, 0, 0, 0.14%, 9, 0, 10, 0.00
1734215257, 4999142, 0, 41, 0, 0, 0.14%, 9, 0, 10, 0.00
1734215262, 5014635, 0, 41, 0, 0, 0.14%, 9, 0, 10, 0.00
1734215267, 5030264, 0, 41, 0, 0, 0.14%, 9, 0, 10, 0.00
1734215273, 5045793, 0, 41, 0, 0, 0.14%, 9, 0, 10, 0.00
1734215278, 5061298, 0, 41, 0, 0, 0.14%, 9, 0, 10, 0.00
1734215283, 5076897, 0, 41, 0, 0, 0.14%, 9, 0, 10, 0.00
1734215288, 5092380, 0, 41, 0, 0, 0.14%, 9, 0, 10, 0.00
1734215293, 5108004, 0, 41, 0, 0, 0.14%, 9, 0, 10, 0.00
1734215299, 5123528, 0, 41, 0, 0, 0.14%, 9, 0, 10, 0.00
1734215304, 5139015, 0, 41, 0, 0, 0.14%, 9, 0, 10, 0.00
1734215309, 5154472, 0, 41, 0, 0, 0.14%, 9, 0, 10, 0.00
1734215314, 5169968, 0, 41, 0, 0, 0.14%, 9, 0, 10, 0.00
1734215319, 5185454, 0, 41, 0, 0, 0.14%, 9, 0, 10, 0.00
1734215325, 5201026, 0, 41, 0, 0, 0.14%, 9, 0, 10, 0.00
1734215330, 5216518, 0, 41, 0, 0, 0.14%, 9, 0, 10, 0.00
1734215335, 5232055, 0, 41, 0, 0, 0.14%, 9, 0, 10, 0.00
1734215340, 5247564, 0, 41, 0, 0, 0.14%, 9, 0, 10, 0.00
1734215345, 5263017, 0, 41, 0, 0, 0.14%, 9, 0, 10, 0.00
1734215351, 5278554, 0, 41, 0, 0, 0.14%, 9, 0, 10, 0.00
1734215356, 5294088, 0, 41, 0, 0, 0.14%, 9, 0, 10, 0.00
1734215361, 5309604, 0, 41, 0, 0, 0.14%, 9, 0, 10, 0.00
1734215366, 5325111, 0, 41, 0, 0, 0.14%, 9, 0, 10, 0.00
1734215371, 5340721, 0, 41, 0, 0, 0.14%, 9, 0, 10, 0.00
1734215377, 5356211, 0, 41, 0, 0, 0.14%, 9, 0, 10, 0.00
1734215382, 5371734, 0, 41, 0, 0, 0.14%, 9, 0, 10, 0.00
1734215387, 5387226, 0, 41, 0, 0, 0.14%, 9, 0, 10, 0.00
1734215392, 5402695, 0, 41, 0, 0, 0.14%, 9, 0, 10, 0.00
1734215397, 5418221, 0, 41, 0, 0, 0.14%, 9, 0, 10, 0.00
1734215403, 5433745, 0, 41, 0, 0, 0.14%, 9, 0, 10, 0.00
1734215408, 5449173, 0, 41, 0, 0, 0.14%, 9, 0, 10, 0.00
1734215413, 5464685, 0, 41, 0, 0, 0.14%, 9, 0, 10, 0.00
1734215418, 5480171, 0, 41, 0, 0, 0.14%, 9, 0, 10, 0.00
1734215423, 5495673, 0, 41, 0, 0, 0.14%, 9, 0, 10, 0.00
1734215429, 5511158, 0, 41, 0, 0, 0.14%, 9, 0, 10, 0.00
1734215434, 5526712, 0, 41, 0, 0, 0.14%, 9, 0, 10, 0.00
1734215439, 5542240, 0, 41, 0, 0, 0.14%, 9, 0, 10, 0.00
1734215444, 5557764, 0, 41, 0, 0, 0.14%, 9, 0, 10, 0.00
1734215449, 5573274, 0, 41, 0, 0, 0.14%, 9, 0, 10, 0.00
1734215455, 5588802, 0, 41, 0, 0, 0.14%, 9, 0, 10, 0.00
1734215460, 5604359, 0, 41, 0, 0, 0.14%, 9, 0, 10, 0.00
1734215465, 5619869, 0, 41, 0, 0, 0.14%, 9, 0, 10, 0.00
1734215470, 5635326, 0, 41, 0, 0, 0.14%, 9, 0, 10, 0.00
1734215475, 5650818, 0, 41, 0, 0, 0.14%, 9, 0, 10, 0.00
1734215481, 5666293, 0, 41, 0, 0, 0.14%, 9, 0, 10, 0.00
1734215486, 5681733, 0, 41, 0, 0, 0.14%, 9, 0, 10, 0.00
1734215491, 5697201, 0, 41, 0, 0, 0.14%, 9, 0, 10, 0.00
1734215496, 5712694, 0, 41, 0, 0, 0.14%, 9, 0, 10, 0.00
1734215501, 5728207, 0, 41, 0, 0, 0.14%, 9, 0, 10, 0.00
1734215507, 5743747, 0, 41, 0, 0, 0.14%, 9, 0, 10, 0.00
1734215512, 5759272, 0, 41, 0, 0, 0.14%, 9, 0, 10, 0.00
1734215517, 5774762, 0, 41, 0, 0, 0.14%, 9, 0, 10, 0.00
1734215522, 5790316, 0, 41, 0, 0, 0.14%, 9, 0, 10, 0.00
1734215527, 5805756, 0, 41, 0, 0, 0.14%, 9, 0, 10, 0.00
1734215533, 5821255, 0, 41, 0, 0, 0.14%, 9, 0, 10, 0.00
1734215538, 5836757, 0, 41, 0, 0, 0.14%, 9, 0, 10, 0.00
1734215543, 5852313, 0, 41, 0, 0, 0.14%, 9, 0, 10, 0.00
1734215548, 5867846, 0, 41, 0, 0, 0.14%, 9, 0, 10, 0.00
1734215553, 5883347, 0, 41, 0, 0, 0.14%, 9, 0, 10, 0.00
1734215559, 5898826, 0, 41, 0, 0, 0.14%, 9, 0, 10, 0.00
1734215564, 5914313, 0, 41, 0, 0, 0.14%, 9, 0, 10, 0.00
1734215569, 5929750, 0, 41, 0, 0, 0.14%, 9, 0, 10, 0.00
1734215574, 5945308, 0, 41, 0, 0, 0.14%, 9, 0, 10, 0.00
1734215579, 5960777, 0, 41, 0, 0, 0.14%, 9, 0, 10, 0.00
1734215585, 5976260, 0, 41, 0, 0, 0.14%, 9, 0, 10, 0.00
1734215590, 5991764, 0, 41, 0, 0, 0.14%, 9, 0, 10, 0.00
1734215595, 6007249, 0, 41, 0, 0, 0.14%, 9, 0, 10, 0.00
1734215600, 6022816, 0, 41, 0, 0, 0.14%, 9, 0, 10, 0.00
1734215605, 6038375, 0, 41, 0, 0, 0.14%, 9, 0, 10, 0.00
1734215611, 6053909, 0, 41, 0, 0, 0.14%, 9, 0, 10, 0.00
1734215616, 6069373, 0, 41, 0, 0, 0.14%, 9, 0, 10, 0.00
1734215621, 6084902, 0, 41, 0, 0, 0.14%, 9, 0, 10, 0.00
1734215626, 6100406, 0, 41, 0, 0, 0.14%, 9, 0, 10, 0.00
1734215631, 6115965, 0, 41, 0, 0, 0.14%, 9, 0, 10, 0.00
1734215637, 6131456, 0, 41, 0, 0, 0.14%, 9, 0, 10, 0.00
1734215642, 6146939, 0, 41, 0, 0, 0.14%, 9, 0, 10, 0.00
1734215647, 6162406, 0, 41, 0, 0, 0.14%, 9, 0, 10, 0.00
1734215652, 6177916, 0, 41, 0, 0, 0.14%, 9, 0, 10, 0.00
1734215657, 6193391, 0, 41, 0, 0, 0.14%, 9, 0, 10, 0.00
1734215663, 6208925, 0, 41, 0, 0, 0.14%, 9, 0, 10, 0.00
1734215668, 6224382, 0, 41, 0, 0, 0.14%, 9, 0, 10, 0.00
1734215673, 6239911, 0, 41, 0, 0, 0.14%, 9, 0, 10, 0.00
1734215678, 6255400, 0, 41, 0, 0, 0.14%, 9, 0, 10, 0.00
1734215683, 6270877, 0, 41, 0, 0, 0.14%, 9, 0, 10, 0.00
1734215689, 6286340, 0, 41, 0, 0, 0.14%, 9, 0, 10, 0.00
1734215694, 6301860, 0, 41, 0, 0, 0.14%, 9, 0, 10, 0.00
1734215699, 6317350, 0, 41, 0, 0, 0.14%, 9, 0, 10, 0.00
1734215704, 6332854, 0, 41, 0, 0, 0.14%, 9, 0, 10, 0.00
1734215709, 6348273, 0, 41, 0, 0, 0.14%, 9, 0, 10, 0.00
1734215715, 6363822, 0, 41, 0, 0, 0.14%, 9, 0, 10, 0.00
1734215720, 6379439, 0, 41, 0, 0, 0.14%, 9, 0, 10, 0.00
1734215725, 6394952, 0, 41, 0, 0, 0.14%, 9, 0, 10, 0.00
1734215730, 6410371, 0, 41, 0, 0, 0.14%, 9, 0, 10, 0.00
1734215735, 6425913, 0, 41, 0, 0, 0.14%, 9, 0, 10, 0.00
1734215741, 6441392, 0, 41, 0, 0, 0.14%, 9, 0, 10, 0.00
1734215746, 6456976, 0, 41, 0, 0, 0.14%, 9, 0, 10, 0.00
1734215751, 6472472, 0, 41, 0, 0, 0.14%, 9, 0, 10, 0.00
1734215756, 6487936, 0, 41, 0, 0, 0.14%, 9, 0, 10, 0.00
1734215761, 6503458, 0, 41, 0, 0, 0.14%, 9, 0, 10, 0.00
1734215767, 6518948, 0, 41, 0, 0, 0.14%, 9, 0, 10, 0.00
1734215772, 6534422, 0, 41, 0, 0, 0.14%, 9, 0, 10, 0.00
1734215777, 6549964, 0, 41, 0, 0, 0.14%, 9, 0, 10, 0.00
1734215782, 6565504, 0, 41, 0, 0, 0.14%, 9, 0, 10, 0.00
1734215787, 6580996, 0, 41, 0, 0, 0.14%, 9, 0, 10, 0.00
1734215793, 6596437, 0, 41, 0, 0, 0.14%, 9, 0, 10, 0.00
1734215798, 6611911, 0, 41, 0, 0, 0.14%, 9, 0, 10, 0.00
1734215803, 6627389, 0, 41, 0, 0, 0.14%, 9, 0, 10, 0.00
1734215808, 6642894, 0, 41, 0, 0, 0.14%, 9, 0, 10, 0.00
1734215813, 6658359, 0, 41, 0, 0, 0.14%, 9, 0, 10, 0.00
1734215819, 6673836, 0, 41, 0, 0, 0.14%, 9, 0, 10, 0.00
1734215824, 6689373, 0, 41, 0, 0, 0.14%, 9, 0, 10, 0.00
1734215829, 6704820, 0, 41, 0, 0, 0.14%, 9, 0, 10, 0.00
1734215834, 6720382, 0, 41, 0, 0, 0.14%, 9, 0, 10, 0.00
1734215839, 6735831, 0, 41, 0, 0, 0.14%, 9, 0, 10, 0.00
1734215845, 6751360, 0, 41, 0, 0, 0.14%, 9, 0, 10, 0.00
1734215850, 6766910, 0, 41, 0, 0, 0.14%, 9, 0, 10, 0.00
1734215855, 6782488, 0, 41, 0, 0, 0.14%, 9, 0, 10, 0.00
1734215860, 6798016, 0, 41, 0, 0, 0.14%, 9, 0, 10, 0.00
1734215865, 6813585, 0, 41, 0, 0, 0.14%, 9, 0, 10, 0.00
1734215871, 6829068, 0, 41, 0, 0, 0.14%, 9, 0, 10, 0.00
1734215876, 6844620, 0, 41, 0, 0, 0.14%, 9, 0, 10, 0.00
1734215881, 6860125, 0, 41, 0, 0, 0.14%, 9, 0, 10, 0.00
1734215886, 6875652, 0, 41, 0, 0, 0.14%, 9, 0, 10, 0.00
1734215891, 6891118, 0, 41, 0, 0, 0.14%, 9, 0, 10, 0.00
1734215897, 6906629, 0, 41, 0, 0, 0.14%, 9, 0, 10, 0.00
1734215902, 6922138, 0, 41, 0, 0, 0.14%, 9, 0, 10, 0.00
1734215907, 6937640, 0, 41, 0, 0, 0.14%, 9, 0, 10, 0.00
1734215912, 6953169, 0, 41, 0, 0, 0.14%, 9, 0, 10, 0.00
1734215917, 6968729, 0, 41, 0, 0, 0.14%, 9, 0, 10, 0.00
1734215923, 6984278, 0, 41, 0, 0, 0.14%, 9, 0, 10, 0.00
1734215928, 6999800, 0, 41, 0, 0, 0.14%, 9, 0, 10, 0.00
1734215933, 7015307, 0, 41, 0, 0, 0.14%, 9, 0, 10, 0.00
1734215938, 7030853, 0, 41, 0, 0, 0.14%, 9, 0, 10, 0.00
1734215943, 7046394, 0, 41, 0, 0, 0.14%, 9, 0, 10, 0.00
1734215949, 7061937, 0, 41, 0, 0, 0.14%, 9, 0, 10, 0.00
1734215954, 7077454, 0, 41, 0, 0, 0.14%, 9, 0, 10, 0.00
1734215959, 7092899, 0, 41, 0, 0, 0.14%, 9, 0, 10, 0.00
1734215964, 7108394, 0, 41, 0, 0, 0.14%, 9, 0, 10, 0.00
1734215969, 7123844, 0, 41, 0, 0, 0.14%, 9, 0, 10, 0.00
1734215975, 7139288, 0, 41, 0, 0, 0.14%, 9, 0, 10, 0.00
1734215980, 7154747, 0, 41, 0, 0, 0.14%, 9, 0, 10, 0.00
1734215985, 7170179, 0, 41, 0, 0, 0.14%, 9, 0, 10, 0.00
1734215990, 7185705, 0, 41, 0, 0, 0.14%, 9, 0, 10, 0.00
1734215995, 7201179, 0, 41, 0, 0, 0.14%, 9, 0, 10, 0.00
1734216001, 7216689, 0, 41, 0, 0, 0.14%, 9, 0, 10, 0.00
1734216006, 7232172, 0, 41, 0, 0, 0.14%, 9, 0, 10, 0.00
1734216011, 7247630, 0, 41, 0, 0, 0.14%, 9, 0, 10, 0.00
1734216016, 7263099, 0, 41, 0, 0, 0.14%, 9, 0, 10, 0.00
1734216021, 7278597, 0, 41, 0, 0, 0.14%, 9, 0, 10, 0.00
1734216027, 7294001, 0, 41, 0, 0, 0.14%, 9, 0, 10, 0.00
1734216032, 7309473, 0, 41, 0, 0, 0.14%, 9, 0, 10, 0.00
1734216037, 7324983, 0, 41, 0, 0, 0.14%, 9, 0, 10, 0.00
1734216042, 7340576, 0, 41, 0, 0, 0.14%, 9, 0, 10, 0.00
1734216047, 7356093, 0, 41, 0, 0, 0.14%, 9, 0, 10, 0.00
1734216053, 7371696, 0, 41, 0, 0, 0.14%, 9, 0, 10, 0.00
1734216058, 7387178, 0, 41, 0, 0, 0.14%, 9, 0, 10, 0.00
1734216063, 7402608, 0, 41, 0, 0, 0.14%, 9, 0, 10, 0.00
