# unix_time, cycles_done, cur_path, paths_total, pending_total, pending_favs, map_size, unique_crashes, unique_hangs, max_depth, execs_per_sec
1735611717, 0, 0, 10, 10, 1, 0.01%, 0, 0, 1, 38.46
1735611722, 0, 4, 10, 10, 1, 0.01%, 0, 0, 1, 38.96
1735611738, 1, 0, 10, 4, 0, 0.01%, 0, 0, 1, 48.37
1735611743, 1, 1, 10, 3, 0, 0.01%, 0, 0, 1, 45.48
1735611748, 1, 2, 10, 2, 0, 0.01%, 0, 0, 1, 46.79
1735611753, 1, 3, 10, 1, 0, 0.01%, 0, 0, 1, 45.89
1735611758, 1, 4, 10, 0, 0, 0.01%, 0, 0, 1, 44.89
1735611763, 1, 5, 10, 0, 0, 0.01%, 0, 0, 1, 45.29
1735611773, 1, 6, 10, 0, 0, 0.01%, 0, 0, 1, 45.74
1735611778, 1, 7, 10, 0, 0, 0.01%, 0, 0, 1, 44.36
1735611783, 1, 8, 10, 0, 0, 0.01%, 0, 0, 1, 45.29
1735611788, 1, 9, 10, 0, 0, 0.01%, 0, 0, 1, 46.34
1735611793, 2, 0, 10, 0, 0, 0.01%, 0, 0, 1, 44.35
1735611799, 2, 1, 10, 0, 0, 0.01%, 0, 0, 1, 46.53
1735611804, 2, 2, 10, 0, 0, 0.01%, 0, 0, 1, 45.45
1735611809, 2, 3, 10, 0, 0, 0.01%, 0, 0, 1, 44.70
1735611819, 2, 4, 10, 0, 0, 0.01%, 0, 0, 1, 47.02
1735611824, 2, 5, 10, 0, 0, 0.01%, 0, 0, 1, 44.48
1735611829, 2, 6, 10, 0, 0, 0.01%, 0, 0, 1, 44.91
1735611834, 2, 7, 10, 0, 0, 0.01%, 0, 0, 1, 44.99
1735611839, 2, 8, 10, 0, 0, 0.01%, 0, 0, 1, 44.55
1735611844, 2, 9, 10, 0, 0, 0.01%, 0, 0, 1, 45.83
1735611849, 3, 0, 10, 0, 0, 0.01%, 0, 0, 1, 46.27
1735611854, 3, 1, 10, 0, 0, 0.01%, 0, 0, 1, 47.20
1735611860, 3, 2, 10, 0, 0, 0.01%, 0, 0, 1, 46.26
1735611865, 3, 3, 10, 0, 0, 0.01%, 0, 0, 1, 45.40
1735611875, 3, 4, 10, 0, 0, 0.01%, 0, 0, 1, 46.99
1735611880, 3, 5, 10, 0, 0, 0.01%, 0, 0, 1, 45.10
1735611885, 3, 6, 10, 0, 0, 0.01%, 0, 0, 1, 47.35
1735611890, 3, 7, 10, 0, 0, 0.01%, 0, 0, 1, 45.80
1735611895, 3, 8, 10, 0, 0, 0.01%, 0, 0, 1, 45.47
1735611900, 3, 9, 10, 0, 0, 0.01%, 0, 0, 1, 46.57
1735611905, 4, 0, 10, 0, 0, 0.01%, 0, 0, 1, 47.94
1735611910, 4, 1, 10, 0, 0, 0.01%, 0, 0, 1, 45.15
1735611915, 4, 2, 10, 0, 0, 0.01%, 0, 0, 1, 43.31
1735611925, 4, 3, 10, 0, 0, 0.01%, 0, 0, 1, 45.13
1735611930, 4, 4, 10, 0, 0, 0.01%, 0, 0, 1, 45.54
1735611935, 4, 5, 10, 0, 0, 0.01%, 0, 0, 1, 44.01
1735611940, 4, 6, 10, 0, 0, 0.01%, 0, 0, 1, 45.08
1735611945, 4, 7, 10, 0, 0, 0.01%, 0, 0, 1, 45.50
1735611951, 4, 8, 10, 0, 0, 0.01%, 0, 0, 1, 46.73
1735611956, 4, 9, 10, 0, 0, 0.01%, 0, 0, 1, 45.20
1735611961, 5, 0, 10, 0, 0, 0.01%, 0, 0, 1, 46.37
1735611966, 5, 1, 10, 0, 0, 0.01%, 0, 0, 1, 47.35
1735611971, 5, 2, 10, 0, 0, 0.01%, 0, 0, 1, 45.16
1735611976, 5, 3, 10, 0, 0, 0.01%, 0, 0, 1, 47.32
1735611986, 5, 4, 10, 0, 0, 0.01%, 0, 0, 1, 44.08
1735611991, 5, 5, 10, 0, 0, 0.01%, 0, 0, 1, 44.41
1735611996, 5, 6, 10, 0, 0, 0.01%, 0, 0, 1, 47.21
1735612001, 5, 7, 10, 0, 0, 0.01%, 0, 0, 1, 45.01
1735612007, 5, 8, 10, 0, 0, 0.01%, 0, 0, 1, 47.36
1735612012, 5, 9, 10, 0, 0, 0.01%, 0, 0, 1, 45.89
1735612017, 6, 0, 10, 0, 0, 0.01%, 0, 0, 1, 48.06
1735612022, 6, 1, 10, 0, 0, 0.01%, 0, 0, 1, 45.91
1735612027, 6, 2, 10, 0, 0, 0.01%, 0, 0, 1, 46.07
1735612032, 6, 3, 10, 0, 0, 0.01%, 0, 0, 1, 44.35
1735612042, 6, 4, 10, 0, 0, 0.01%, 0, 0, 1, 45.00
1735612047, 6, 5, 10, 0, 0, 0.01%, 0, 0, 1, 45.78
1735612052, 6, 6, 10, 0, 0, 0.01%, 0, 0, 1, 45.20
1735612057, 6, 7, 10, 0, 0, 0.01%, 0, 0, 1, 49.07
1735612062, 6, 8, 10, 0, 0, 0.01%, 0, 0, 1, 45.11
1735612067, 6, 9, 10, 0, 0, 0.01%, 0, 0, 1, 47.60
1735612072, 7, 0, 10, 0, 0, 0.01%, 0, 0, 1, 46.54
1735612077, 7, 1, 10, 0, 0, 0.01%, 0, 0, 1, 47.04
1735612082, 7, 2, 10, 0, 0, 0.01%, 0, 0, 1, 44.90
1735612093, 7, 3, 10, 0, 0, 0.01%, 0, 0, 1, 47.35
1735612098, 7, 4, 10, 0, 0, 0.01%, 0, 0, 1, 46.60
1735612103, 7, 5, 10, 0, 0, 0.01%, 0, 0, 1, 44.66
1735612108, 7, 6, 10, 0, 0, 0.01%, 0, 0, 1, 45.28
1735612113, 7, 7, 10, 0, 0, 0.01%, 0, 0, 1, 44.56
1735612118, 7, 8, 10, 0, 0, 0.01%, 0, 0, 1, 46.40
1735612123, 7, 9, 10, 0, 0, 0.01%, 0, 0, 1, 47.63
1735612128, 8, 0, 10, 0, 0, 0.01%, 0, 0, 1, 47.71
1735612133, 8, 1, 10, 0, 0, 0.01%, 0, 0, 1, 46.41
1735612138, 8, 2, 10, 0, 0, 0.01%, 0, 0, 1, 46.17
1735612143, 8, 3, 10, 0, 0, 0.01%, 0, 0, 1, 44.81
1735612148, 8, 4, 10, 0, 0, 0.01%, 0, 0, 1, 47.33
1735612159, 8, 5, 10, 0, 0, 0.01%, 0, 0, 1, 45.96
1735612164, 8, 6, 10, 0, 0, 0.01%, 0, 0, 1, 45.28
1735612169, 8, 7, 10, 0, 0, 0.01%, 0, 0, 1, 47.71
1735612174, 8, 8, 10, 0, 0, 0.01%, 0, 0, 1, 44.97
1735612179, 8, 9, 10, 0, 0, 0.01%, 0, 0, 1, 47.64
1735612184, 9, 0, 10, 0, 0, 0.01%, 0, 0, 1, 47.03
1735612189, 9, 1, 10, 0, 0, 0.01%, 0, 0, 1, 45.18
1735612194, 9, 2, 10, 0, 0, 0.01%, 0, 0, 1, 46.31
1735612199, 9, 3, 10, 0, 0, 0.01%, 0, 0, 1, 45.65
1735612204, 9, 4, 10, 0, 0, 0.01%, 0, 0, 1, 44.86
1735612214, 9, 5, 10, 0, 0, 0.01%, 0, 0, 1, 45.49
1735612219, 9, 6, 10, 0, 0, 0.01%, 0, 0, 1, 45.74
1735612225, 9, 7, 10, 0, 0, 0.01%, 0, 0, 1, 47.29
1735612230, 9, 8, 10, 0, 0, 0.01%, 0, 0, 1, 47.88
1735612235, 9, 9, 10, 0, 0, 0.01%, 0, 0, 1, 45.30
1735612240, 10, 0, 10, 0, 0, 0.01%, 0, 0, 1, 47.63
1735612245, 10, 1, 10, 0, 0, 0.01%, 0, 0, 1, 46.94
1735612250, 10, 2, 10, 0, 0, 0.01%, 0, 0, 1, 47.05
1735612255, 10, 3, 10, 0, 0, 0.01%, 0, 0, 1, 49.52
1735612260, 10, 4, 10, 0, 0, 0.01%, 0, 0, 1, 45.50
1735612265, 10, 5, 10, 0, 0, 0.01%, 0, 0, 1, 47.27
1735612275, 10, 6, 10, 0, 0, 0.01%, 0, 0, 1, 47.00
1735612280, 10, 7, 10, 0, 0, 0.01%, 0, 0, 1, 46.40
1735612285, 10, 8, 10, 0, 0, 0.01%, 0, 0, 1, 43.70
1735612290, 10, 9, 10, 0, 0, 0.01%, 0, 0, 1, 44.85
1735612295, 11, 0, 10, 0, 0, 0.01%, 0, 0, 1, 46.26
1735612300, 11, 1, 10, 0, 0, 0.01%, 0, 0, 1, 46.98
1735612305, 11, 2, 10, 0, 0, 0.01%, 0, 0, 1, 46.87
1735612311, 11, 3, 10, 0, 0, 0.01%, 0, 0, 1, 46.60
1735612316, 11, 4, 10, 0, 0, 0.01%, 0, 0, 1, 47.18
1735612321, 11, 5, 10, 0, 0, 0.01%, 0, 0, 1, 46.87
1735612326, 11, 6, 10, 0, 0, 0.01%, 0, 0, 1, 49.65
1735612331, 11, 7, 10, 0, 0, 0.01%, 0, 0, 1, 49.25
1735612336, 11, 8, 10, 0, 0, 0.01%, 0, 0, 1, 49.18
1735612341, 11, 9, 10, 0, 0, 0.01%, 0, 0, 1, 47.70
1735612351, 12, 0, 10, 0, 0, 0.01%, 0, 0, 1, 45.10
1735612356, 12, 1, 10, 0, 0, 0.01%, 0, 0, 1, 47.28
1735612361, 12, 2, 10, 0, 0, 0.01%, 0, 0, 1, 47.24
1735612367, 12, 3, 10, 0, 0, 0.01%, 0, 0, 1, 49.22
1735612372, 12, 4, 10, 0, 0, 0.01%, 0, 0, 1, 48.08
1735612377, 12, 5, 10, 0, 0, 0.01%, 0, 0, 1, 47.68
1735612382, 12, 6, 10, 0, 0, 0.01%, 0, 0, 1, 45.63
1735612387, 12, 7, 10, 0, 0, 0.01%, 0, 0, 1, 46.59
1735612392, 12, 8, 10, 0, 0, 0.01%, 0, 0, 1, 47.10
1735612397, 12, 9, 10, 0, 0, 0.01%, 0, 0, 1, 46.99
1735612402, 13, 0, 10, 0, 0, 0.01%, 0, 0, 1, 50.28
1735612407, 13, 1, 10, 0, 0, 0.01%, 0, 0, 1, 46.04
1735612412, 13, 2, 10, 0, 0, 0.01%, 0, 0, 1, 48.15
1735612417, 13, 3, 10, 0, 0, 0.01%, 0, 0, 1, 49.20
1735612422, 13, 4, 10, 0, 0, 0.01%, 0, 0, 1, 47.09
1735612433, 13, 5, 10, 0, 0, 0.01%, 0, 0, 1, 49.83
1735612438, 13, 6, 10, 0, 0, 0.01%, 0, 0, 1, 50.05
1735612443, 13, 7, 10, 0, 0, 0.01%, 0, 0, 1, 47.92
1735612448, 13, 8, 10, 0, 0, 0.01%, 0, 0, 1, 46.04
1735612453, 13, 9, 10, 0, 0, 0.01%, 0, 0, 1, 47.09
1735612458, 14, 0, 10, 0, 0, 0.01%, 0, 0, 1, 47.26
1735612463, 14, 10, 11, 1, 1, 0.14%, 1, 0, 2, 62.77
1735612473, 14, 10, 12, 2, 1, 0.14%, 2, 0, 3, 52.83
1735612545, 15, 11, 13, 1, 0, 0.14%, 3, 0, 4, 74.43
1735612621, 16, 12, 13, 0, 0, 0.14%, 3, 0, 4, 66.20
1735612687, 16, 12, 14, 1, 0, 0.14%, 4, 0, 5, 54.59
1735612778, 16, 13, 15, 2, 1, 0.14%, 5, 0, 6, 58.76
1735612788, 16, 13, 16, 3, 1, 0.14%, 5, 0, 6, 64.37
1735612824, 16, 13, 17, 4, 1, 0.14%, 5, 0, 6, 53.62
1735612884, 16, 13, 18, 5, 1, 0.14%, 5, 0, 6, 55.17
1735612889, 16, 13, 19, 6, 1, 0.14%, 5, 0, 6, 52.82
1735612905, 16, 13, 20, 7, 1, 0.14%, 5, 0, 6, 55.00
1735612940, 16, 16, 20, 5, 2, 0.14%, 5, 0, 6, 73.50
1735612956, 16, 16, 21, 6, 2, 0.14%, 5, 0, 7, 69.21
1735613006, 16, 16, 22, 7, 2, 0.14%, 5, 0, 7, 56.16
1735613027, 16, 17, 22, 6, 2, 0.14%, 5, 0, 7, 64.27
1735613052, 16, 17, 23, 7, 2, 0.14%, 5, 0, 7, 56.48
1735613133, 16, 17, 24, 8, 2, 0.14%, 5, 0, 7, 54.63
1735613148, 16, 17, 26, 10, 2, 0.14%, 5, 0, 7, 64.23
1735613153, 16, 23, 26, 9, 2, 0.14%, 5, 0, 7, 68.71
1735613179, 16, 23, 27, 10, 2, 0.14%, 5, 0, 8, 57.05
1735613280, 16, 25, 28, 10, 2, 0.14%, 5, 0, 8, 83.24
1735613372, 17, 20, 28, 7, 0, 0.14%, 5, 0, 8, 61.81
1735613422, 17, 20, 29, 8, 0, 0.14%, 5, 0, 8, 53.24
1735613498, 18, 14, 29, 6, 0, 0.14%, 5, 0, 8, 77.99
1735613524, 18, 14, 30, 7, 0, 0.14%, 5, 0, 8, 54.04
1735613554, 18, 14, 31, 8, 0, 0.14%, 5, 0, 8, 51.23
1735613579, 18, 14, 32, 9, 0, 0.14%, 5, 0, 8, 54.01
1735613620, 18, 31, 32, 8, 1, 0.14%, 5, 0, 8, 46.13
1735613783, 18, 31, 34, 10, 1, 0.14%, 6, 0, 8, 123.87
1735614709, 20, 21, 34, 7, 0, 0.14%, 6, 0, 8, 58.30
1735614790, 20, 33, 34, 6, 0, 0.14%, 6, 0, 8, 54.22
1735614796, 22, 18, 34, 5, 0, 0.14%, 6, 0, 8, 38.67
1735616019, 22, 18, 35, 6, 0, 0.14%, 6, 0, 8, 112.65
1735616096, 23, 30, 35, 4, 0, 0.14%, 6, 0, 8, 72.82
1735616127, 23, 30, 36, 5, 0, 0.14%, 6, 0, 8, 72.67
1735616142, 23, 30, 37, 6, 0, 0.14%, 6, 0, 8, 66.81
1735616218, 23, 35, 37, 5, 1, 0.14%, 6, 0, 8, 94.97
1735616309, 24, 25, 37, 4, 0, 0.14%, 6, 0, 8, 61.91
1735616349, 25, 25, 37, 3, 0, 0.14%, 6, 0, 8, 66.15
1735616390, 25, 36, 37, 2, 0, 0.14%, 6, 0, 8, 97.14
1735616497, 26, 25, 37, 1, 0, 0.14%, 6, 0, 8, 58.10
1735616533, 27, 25, 37, 1, 0, 0.14%, 6, 0, 8, 58.51
1735616568, 28, 25, 37, 1, 0, 0.14%, 6, 0, 8, 64.28
1735616609, 28, 26, 37, 1, 0, 0.14%, 6, 0, 8, 68.54
1735616690, 29, 25, 37, 1, 0, 0.14%, 6, 0, 8, 67.09
1735616726, 30, 25, 37, 1, 0, 0.14%, 6, 0, 8, 61.90
1735616767, 30, 36, 37, 1, 0, 0.14%, 6, 0, 8, 65.43
1735616787, 31, 25, 37, 1, 0, 0.14%, 6, 0, 8, 64.82
1735616822, 31, 36, 37, 1, 0, 0.14%, 6, 0, 8, 64.09
1735616863, 32, 25, 37, 1, 0, 0.14%, 6, 0, 8, 61.57
1735616898, 32, 26, 37, 1, 0, 0.14%, 6, 0, 8, 58.51
1735616908, 32, 28, 37, 1, 0, 0.14%, 6, 0, 8, 87.16
1735617147, 32, 29, 37, 1, 0, 0.14%, 6, 0, 8, 67.61
1735617223, 32, 36, 37, 1, 0, 0.14%, 6, 0, 8, 66.30
1735617258, 33, 26, 37, 0, 0, 0.14%, 6, 0, 8, 61.65
1735617273, 33, 36, 37, 0, 0, 0.14%, 6, 0, 8, 66.51
1735617309, 34, 26, 37, 0, 0, 0.14%, 6, 0, 8, 53.46
1735617340, 34, 36, 37, 0, 0, 0.14%, 6, 0, 8, 60.34
1735617380, 35, 13, 37, 0, 0, 0.14%, 6, 0, 8, 61.72
1735617385, 35, 26, 37, 0, 0, 0.14%, 6, 0, 8, 63.02
1735617421, 35, 36, 37, 0, 0, 0.14%, 6, 0, 8, 62.40
1735617456, 36, 26, 37, 0, 0, 0.14%, 6, 0, 8, 49.90
1735617496, 36, 36, 37, 0, 0, 0.14%, 6, 0, 8, 66.70
1735617517, 36, 36, 38, 1, 0, 0.14%, 6, 0, 9, 59.03
1735617532, 36, 37, 38, 1, 1, 0.14%, 6, 0, 9, 64.87
1735617706, 37, 13, 38, 0, 0, 0.14%, 6, 0, 9, 63.09
1735617721, 37, 25, 38, 0, 0, 0.14%, 6, 0, 9, 63.82
1735617762, 37, 26, 38, 0, 0, 0.14%, 6, 0, 9, 66.78
1735617797, 38, 25, 38, 0, 0, 0.14%, 6, 0, 9, 61.85
1735617837, 38, 26, 38, 0, 0, 0.14%, 6, 0, 9, 65.59
1735617873, 39, 25, 38, 0, 0, 0.14%, 6, 0, 9, 62.12
1735617913, 39, 26, 38, 0, 0, 0.14%, 6, 0, 9, 65.21
1735617949, 40, 25, 38, 0, 0, 0.14%, 6, 0, 9, 66.18
1735617989, 40, 26, 38, 0, 0, 0.14%, 6, 0, 9, 63.05
1735618030, 41, 25, 38, 0, 0, 0.14%, 6, 0, 9, 63.49
1735618065, 42, 25, 38, 0, 0, 0.14%, 6, 0, 9, 56.32
1735618101, 43, 19, 38, 0, 0, 0.14%, 6, 0, 9, 96.47
1735618177, 43, 25, 38, 0, 0, 0.14%, 6, 0, 9, 60.64
1735618192, 44, 25, 38, 0, 0, 0.14%, 6, 0, 9, 65.10
1735618208, 44, 36, 38, 0, 0, 0.14%, 6, 0, 9, 69.36
1735618243, 44, 37, 38, 0, 0, 0.14%, 6, 0, 9, 75.26
1735618269, 45, 25, 38, 0, 0, 0.14%, 6, 0, 9, 66.27
1735618279, 45, 37, 38, 0, 0, 0.14%, 6, 0, 9, 61.22
1735618294, 46, 25, 38, 0, 0, 0.14%, 6, 0, 9, 63.14
1735618309, 46, 37, 38, 0, 0, 0.14%, 6, 0, 9, 68.39
1735618335, 47, 19, 38, 0, 0, 0.14%, 6, 0, 9, 61.36
1735618365, 47, 25, 38, 0, 0, 0.14%, 6, 0, 9, 60.45
1735618380, 47, 37, 38, 0, 0, 0.14%, 6, 0, 9, 74.17
1735618416, 48, 25, 38, 0, 0, 0.14%, 6, 0, 9, 65.06
1735618431, 48, 37, 38, 0, 0, 0.14%, 6, 0, 9, 72.75
1735618466, 49, 25, 38, 0, 0, 0.14%, 6, 0, 9, 64.85
1735618477, 49, 37, 38, 0, 0, 0.14%, 6, 0, 9, 61.28
1735618512, 50, 25, 38, 0, 0, 0.14%, 6, 0, 9, 65.02
1735618527, 50, 37, 38, 0, 0, 0.14%, 6, 0, 9, 74.77
1735618563, 51, 25, 38, 0, 0, 0.14%, 6, 0, 9, 59.57
1735618578, 51, 29, 38, 0, 0, 0.14%, 6, 0, 9, 56.51
1735618588, 51, 37, 38, 0, 0, 0.14%, 6, 0, 9, 67.21
1735618624, 52, 25, 38, 0, 0, 0.14%, 6, 0, 9, 58.26
1735618639, 52, 32, 38, 0, 0, 0.14%, 6, 0, 9, 88.25
1735618976, 53, 25, 38, 0, 0, 0.14%, 6, 0, 9, 62.64
1735618991, 54, 25, 38, 0, 0, 0.14%, 6, 0, 9, 63.99
1735619001, 55, 25, 38, 0, 0, 0.14%, 6, 0, 9, 64.17
1735619017, 56, 25, 38, 0, 0, 0.14%, 6, 0, 9, 65.07
1735619032, 57, 14, 38, 0, 0, 0.14%, 6, 0, 9, 58.83
1735619037, 57, 25, 38, 0, 0, 0.14%, 6, 0, 9, 59.11
1735619052, 58, 14, 38, 0, 0, 0.14%, 6, 0, 9, 57.46
1735619063, 58, 25, 38, 0, 0, 0.14%, 6, 0, 9, 65.41
1735619078, 59, 25, 38, 0, 0, 0.14%, 6, 0, 9, 68.29
1735619088, 60, 25, 38, 0, 0, 0.14%, 6, 0, 9, 58.72
1735619103, 60, 27, 38, 0, 0, 0.14%, 6, 0, 9, 98.10
1735619328, 61, 25, 38, 0, 0, 0.14%, 6, 0, 9, 61.85
1735619343, 61, 36, 38, 0, 0, 0.14%, 6, 0, 9, 64.06
1735619378, 62, 25, 38, 0, 0, 0.14%, 6, 0, 9, 64.66
1735619389, 63, 25, 38, 0, 0, 0.14%, 6, 0, 9, 58.57
1735619394, 64, 25, 38, 0, 0, 0.14%, 6, 0, 9, 60.63
1735619404, 65, 25, 38, 0, 0, 0.14%, 6, 0, 9, 60.06
1735619409, 65, 29, 38, 0, 0, 0.14%, 6, 0, 9, 61.60
1735619419, 66, 25, 38, 0, 0, 0.14%, 6, 0, 9, 62.09
1735619424, 67, 14, 38, 0, 0, 0.14%, 6, 0, 9, 60.72
1735619450, 67, 25, 38, 0, 0, 0.14%, 6, 0, 9, 64.89
1735619455, 68, 25, 38, 0, 0, 0.14%, 6, 0, 9, 63.26
1735619465, 69, 15, 38, 0, 0, 0.14%, 6, 0, 9, 93.46
1735619572, 69, 25, 38, 0, 0, 0.14%, 6, 0, 9, 61.94
1735619577, 70, 25, 38, 0, 0, 0.14%, 6, 0, 9, 59.78
1735619582, 70, 35, 38, 0, 0, 0.14%, 6, 0, 9, 56.60
1735619598, 71, 14, 38, 0, 0, 0.14%, 6, 0, 9, 57.79
1735619633, 71, 25, 38, 0, 0, 0.14%, 6, 0, 9, 69.03
1735619643, 72, 25, 38, 0, 0, 0.14%, 6, 0, 9, 65.08
1735619648, 73, 25, 38, 0, 0, 0.14%, 6, 0, 9, 65.84
1735619658, 74, 25, 38, 0, 0, 0.14%, 6, 0, 9, 61.66
1735619663, 75, 25, 38, 0, 0, 0.14%, 6, 0, 9, 64.15
1735619668, 76, 22, 38, 0, 0, 0.14%, 6, 0, 9, 63.43
1735619714, 76, 25, 38, 0, 0, 0.14%, 6, 0, 9, 54.93
1735619725, 77, 25, 38, 0, 0, 0.14%, 6, 0, 9, 58.57
1735619730, 78, 25, 38, 0, 0, 0.14%, 6, 0, 9, 60.64
1735619740, 79, 25, 38, 0, 0, 0.14%, 6, 0, 9, 56.13
1735619745, 79, 35, 38, 0, 0, 0.14%, 6, 0, 9, 68.31
1735619770, 80, 25, 38, 0, 0, 0.14%, 6, 0, 9, 59.75
1735619780, 81, 25, 38, 0, 0, 0.14%, 6, 0, 9, 61.04
1735619785, 82, 25, 38, 0, 0, 0.14%, 6, 0, 9, 60.76
1735619796, 83, 14, 38, 0, 0, 0.14%, 6, 0, 9, 60.81
1735619831, 83, 25, 38, 0, 0, 0.14%, 6, 0, 9, 64.44
1735619836, 84, 20, 38, 0, 0, 0.14%, 6, 0, 9, 64.91
1735619841, 84, 25, 38, 0, 0, 0.14%, 6, 0, 9, 60.24
1735619851, 85, 25, 38, 0, 0, 0.14%, 6, 0, 9, 63.35
1735619856, 85, 29, 38, 0, 0, 0.14%, 6, 0, 9, 57.79
1735619872, 86, 25, 38, 0, 0, 0.14%, 6, 0, 9, 65.99
1735619877, 87, 19, 38, 0, 0, 0.14%, 6, 0, 9, 64.67
1735619892, 87, 25, 38, 0, 0, 0.14%, 6, 0, 9, 65.42
1735619897, 87, 35, 38, 0, 0, 0.14%, 6, 0, 9, 59.26
1735619938, 88, 25, 38, 0, 0, 0.14%, 6, 0, 9, 64.30
1735619943, 89, 21, 38, 0, 0, 0.14%, 6, 0, 9, 62.10
1735619953, 89, 25, 38, 0, 0, 0.14%, 6, 0, 9, 60.99
1735619958, 90, 25, 38, 0, 0, 0.14%, 6, 0, 9, 61.07
1735619963, 91, 25, 38, 0, 0, 0.14%, 6, 0, 9, 59.28
1735619973, 92, 14, 38, 0, 0, 0.14%, 6, 0, 9, 58.21
1735620009, 92, 25, 38, 0, 0, 0.14%, 6, 0, 9, 62.19
1735620019, 93, 25, 38, 0, 0, 0.14%, 6, 0, 9, 60.90
1735620024, 94, 25, 38, 0, 0, 0.14%, 6, 0, 9, 59.40
1735620029, 94, 36, 38, 0, 0, 0.14%, 6, 0, 9, 66.13
1735620070, 95, 25, 38, 0, 0, 0.14%, 6, 0, 9, 62.56
1735620075, 96, 25, 38, 0, 0, 0.14%, 6, 0, 9, 59.15
1735620085, 97, 25, 38, 0, 0, 0.14%, 6, 0, 9, 60.70
1735620090, 98, 25, 38, 0, 0, 0.14%, 6, 0, 9, 61.10
1735620095, 99, 20, 38, 0, 0, 0.14%, 6, 0, 9, 60.06
1735620110, 99, 25, 38, 0, 0, 0.14%, 6, 0, 9, 62.99
1735620120, 99, 35, 38, 0, 0, 0.14%, 6, 0, 9, 65.91
1735620161, 100, 25, 38, 0, 0, 0.14%, 6, 0, 9, 59.67
1735620166, 100, 35, 38, 0, 0, 0.14%, 6, 0, 9, 59.74
1735620206, 101, 21, 38, 0, 0, 0.14%, 6, 0, 9, 55.03
1735620222, 101, 25, 38, 0, 0, 0.14%, 6, 0, 9, 64.64
1735620227, 102, 25, 38, 0, 0, 0.14%, 6, 0, 9, 60.38
1735620237, 102, 29, 38, 0, 0, 0.14%, 6, 0, 9, 59.96
1735620262, 103, 25, 38, 0, 0, 0.14%, 6, 0, 9, 57.15
1735620267, 104, 20, 38, 0, 0, 0.14%, 6, 0, 9, 58.78
1735620298, 104, 25, 38, 0, 0, 0.14%, 6, 0, 9, 63.75
1735620303, 105, 25, 38, 0, 0, 0.14%, 6, 0, 9, 63.86
1735620308, 106, 14, 38, 0, 0, 0.14%, 6, 0, 9, 58.76
1735620348, 106, 25, 38, 0, 0, 0.14%, 6, 0, 9, 64.29
1735620359, 107, 25, 38, 0, 0, 0.14%, 6, 0, 9, 61.06
1735620364, 108, 25, 38, 0, 0, 0.14%, 6, 0, 9, 60.32
1735620369, 109, 25, 38, 0, 0, 0.14%, 6, 0, 9, 62.18
1735620379, 109, 35, 38, 0, 0, 0.14%, 6, 0, 9, 60.54
1735620415, 110, 21, 38, 0, 0, 0.14%, 6, 0, 9, 60.43
1735620450, 110, 25, 38, 0, 0, 0.14%, 6, 0, 9, 64.99
1735620460, 111, 25, 38, 0, 0, 0.14%, 6, 0, 9, 64.07
1735620465, 112, 25, 38, 0, 0, 0.14%, 6, 0, 9, 65.44
1735620470, 112, 29, 38, 0, 0, 0.14%, 6, 0, 9, 60.99
1735620516, 113, 25, 38, 0, 0, 0.14%, 6, 0, 9, 58.47
1735620521, 114, 25, 38, 0, 0, 0.14%, 6, 0, 9, 67.54
1735620526, 114, 33, 38, 0, 0, 0.14%, 6, 0, 9, 73.87
1735620862, 115, 25, 38, 0, 0, 0.14%, 6, 0, 9, 64.10
1735620867, 116, 25, 38, 0, 0, 0.14%, 6, 0, 9, 56.11
1735620877, 117, 18, 38, 0, 0, 0.14%, 6, 0, 9, 66.36
1735620882, 117, 25, 38, 0, 0, 0.14%, 6, 0, 9, 66.66
1735620892, 118, 25, 38, 0, 0, 0.14%, 6, 0, 9, 63.65
1735620897, 119, 25, 38, 0, 0, 0.14%, 6, 0, 9, 63.68
1735620902, 120, 25, 38, 0, 0, 0.14%, 6, 0, 9, 66.93
1735620907, 121, 19, 38, 0, 0, 0.14%, 6, 0, 9, 58.81
1735620933, 121, 25, 38, 0, 0, 0.14%, 6, 0, 9, 61.09
1735620938, 122, 25, 38, 0, 0, 0.14%, 6, 0, 9, 61.63
1735620948, 123, 25, 38, 0, 0, 0.14%, 6, 0, 9, 59.82
1735620953, 124, 25, 38, 0, 0, 0.14%, 6, 0, 9, 59.49
1735620958, 125, 25, 38, 0, 0, 0.14%, 6, 0, 9, 60.03
1735620968, 126, 25, 38, 0, 0, 0.14%, 6, 0, 9, 58.18
1735620973, 127, 19, 38, 0, 0, 0.14%, 6, 0, 9, 65.60
1735621014, 127, 25, 38, 0, 0, 0.14%, 6, 0, 9, 64.79
1735621019, 128, 25, 38, 0, 0, 0.14%, 6, 0, 9, 60.38
1735621029, 128, 35, 38, 0, 0, 0.14%, 6, 0, 9, 64.23
1735621070, 129, 25, 38, 0, 0, 0.14%, 6, 0, 9, 65.76
1735621075, 130, 25, 38, 0, 0, 0.14%, 6, 0, 9, 67.20
1735621080, 131, 18, 38, 0, 0, 0.14%, 6, 0, 9, 75.68
1735621096, 131, 25, 38, 0, 0, 0.14%, 6, 0, 9, 69.25
1735621101, 132, 25, 38, 0, 0, 0.14%, 6, 0, 9, 64.02
1735621106, 133, 25, 38, 0, 0, 0.14%, 6, 0, 9, 67.08
1735621111, 133, 30, 38, 0, 0, 0.14%, 6, 0, 9, 61.16
1735621116, 134, 21, 38, 0, 0, 0.14%, 6, 0, 9, 68.59
1735621157, 134, 22, 38, 0, 0, 0.14%, 6, 0, 9, 63.40
1735621167, 134, 25, 38, 0, 0, 0.14%, 6, 0, 9, 60.34
1735621172, 135, 19, 38, 0, 0, 0.14%, 6, 0, 9, 62.03
1735621212, 135, 25, 38, 0, 0, 0.14%, 6, 0, 9, 63.09
1735621217, 135, 35, 38, 0, 0, 0.14%, 6, 0, 9, 60.39
1735621258, 136, 25, 38, 0, 0, 0.14%, 6, 0, 9, 63.00
1735621263, 136, 29, 38, 0, 0, 0.14%, 6, 0, 9, 61.42
1735621298, 137, 25, 38, 0, 0, 0.14%, 6, 0, 9, 59.86
1735621308, 138, 25, 38, 0, 0, 0.14%, 6, 0, 9, 62.72
1735621313, 139, 13, 38, 0, 0, 0.14%, 6, 0, 9, 61.40
1735621324, 139, 25, 38, 0, 0, 0.14%, 6, 0, 9, 63.06
1735621329, 140, 15, 38, 0, 0, 0.14%, 6, 0, 9, 63.35
1735621334, 140, 25, 38, 0, 0, 0.14%, 6, 0, 9, 65.34
1735621344, 141, 22, 38, 0, 0, 0.14%, 6, 0, 9, 57.61
1735621354, 141, 25, 38, 0, 0, 0.14%, 6, 0, 9, 63.72
1735621364, 142, 25, 38, 0, 0, 0.14%, 6, 0, 9, 63.41
1735621369, 146, 19, 38, 0, 0, 0.14%, 6, 0, 9, 64.23
1735621410, 149, 19, 38, 0, 0, 0.14%, 6, 0, 9, 61.48
1735621445, 150, 35, 38, 0, 0, 0.14%, 6, 0, 9, 56.03
1735621486, 153, 30, 38, 0, 0, 0.14%, 6, 0, 9, 60.89
1735621496, 156, 21, 38, 0, 0, 0.14%, 6, 0, 9, 62.89
1735621532, 156, 35, 38, 0, 0, 0.14%, 6, 0, 9, 60.67
1735621572, 158, 20, 38, 0, 0, 0.14%, 6, 0, 9, 58.43
1735621613, 158, 29, 38, 0, 0, 0.14%, 6, 0, 9, 55.68
1735621653, 159, 20, 38, 0, 0, 0.14%, 6, 0, 9, 56.68
1735621694, 162, 29, 38, 0, 0, 0.14%, 6, 0, 9, 63.15
1735621734, 164, 13, 38, 0, 0, 0.14%, 6, 0, 9, 58.96
1735621755, 164, 21, 38, 0, 0, 0.14%, 6, 0, 9, 55.61
1735621795, 165, 13, 38, 0, 0, 0.14%, 6, 0, 9, 52.98
1735621836, 165, 14, 38, 0, 0, 0.14%, 6, 0, 9, 55.50
1735621876, 165, 22, 38, 0, 0, 0.14%, 6, 0, 9, 57.87
1735621907, 166, 19, 38, 0, 0, 0.14%, 6, 0, 9, 60.63
1735621942, 166, 35, 38, 0, 0, 0.14%, 6, 0, 9, 64.78
1735621983, 167, 14, 38, 0, 0, 0.14%, 6, 0, 9, 62.46
1735622018, 168, 32, 38, 0, 0, 0.14%, 6, 0, 9, 65.26
1735622029, 175, 13, 38, 0, 0, 0.14%, 6, 0, 9, 58.47
1735622064, 175, 32, 38, 0, 0, 0.14%, 6, 0, 9, 66.40
1735622080, 178, 21, 38, 0, 0, 0.14%, 6, 0, 9, 59.54
1735622120, 180, 29, 38, 0, 0, 0.14%, 6, 0, 9, 56.92
1735622155, 182, 13, 38, 0, 0, 0.14%, 6, 0, 9, 54.64
1735622196, 184, 33, 38, 0, 0, 0.14%, 6, 0, 9, 67.60
1735622202, 185, 20, 38, 0, 0, 0.14%, 6, 0, 9, 60.27
1735622242, 187, 20, 38, 0, 0, 0.14%, 6, 0, 9, 56.49
1735622283, 187, 33, 38, 0, 0, 0.14%, 6, 0, 9, 70.25
1735622303, 188, 13, 38, 0, 0, 0.14%, 6, 0, 9, 63.64
1735622344, 188, 28, 38, 0, 0, 0.14%, 6, 0, 9, 60.05
1735622349, 189, 22, 38, 0, 0, 0.14%, 6, 0, 9, 57.28
1735622389, 190, 14, 38, 0, 0, 0.14%, 6, 0, 9, 59.20
1735622430, 192, 22, 38, 0, 0, 0.14%, 6, 0, 9, 61.60
1735622465, 193, 18, 38, 0, 0, 0.14%, 6, 0, 9, 68.27
1735622491, 193, 22, 38, 0, 0, 0.14%, 6, 0, 9, 60.80
