# unix_time, cycles_done, cur_path, paths_total, pending_total, pending_favs, map_size, unique_crashes, unique_hangs, max_depth, execs_per_sec
1733495709, 0, 0, 10, 10, 1, 0.01%, 0, 0, 1, 36.38
1733495714, 0, 2, 10, 10, 1, 0.01%, 0, 0, 1, 37.54
1733495730, 1, 0, 10, 2, 0, 0.01%, 0, 0, 1, 46.54
1733495735, 1, 1, 10, 1, 0, 0.01%, 0, 0, 1, 47.71
1733495740, 1, 2, 10, 0, 0, 0.01%, 0, 0, 1, 47.41
1733495745, 1, 3, 10, 0, 0, 0.01%, 0, 0, 1, 48.29
1733495750, 1, 4, 10, 0, 0, 0.01%, 0, 0, 1, 46.85
1733495756, 1, 5, 10, 0, 0, 0.01%, 0, 0, 1, 47.44
1733495761, 1, 6, 10, 0, 0, 0.01%, 0, 0, 1, 47.38
1733495771, 1, 7, 10, 0, 0, 0.01%, 0, 0, 1, 44.51
1733495776, 1, 8, 10, 0, 0, 0.01%, 0, 0, 1, 47.66
1733495781, 1, 9, 10, 0, 0, 0.01%, 0, 0, 1, 48.86
1733495786, 2, 0, 10, 0, 0, 0.01%, 0, 0, 1, 47.71
1733495792, 2, 1, 10, 0, 0, 0.01%, 0, 0, 1, 45.62
1733495797, 2, 2, 10, 0, 0, 0.01%, 0, 0, 1, 45.08
1733495802, 2, 3, 10, 0, 0, 0.01%, 0, 0, 1, 48.31
1733495807, 2, 4, 10, 0, 0, 0.01%, 0, 0, 1, 45.97
1733495812, 2, 5, 10, 0, 0, 0.01%, 0, 0, 1, 47.41
1733495817, 2, 6, 10, 0, 0, 0.01%, 0, 0, 1, 45.36
1733495822, 2, 7, 10, 0, 0, 0.01%, 0, 0, 1, 46.64
1733495827, 2, 8, 10, 0, 0, 0.01%, 0, 0, 1, 47.53
1733495833, 2, 9, 10, 0, 0, 0.01%, 0, 0, 1, 48.41
1733495838, 3, 0, 10, 0, 0, 0.01%, 0, 0, 1, 46.26
1733495843, 3, 1, 10, 0, 0, 0.01%, 0, 0, 1, 48.25
1733495853, 3, 2, 10, 0, 0, 0.01%, 0, 0, 1, 46.04
1733495858, 3, 3, 10, 0, 0, 0.01%, 0, 0, 1, 46.34
1733495863, 3, 4, 10, 0, 0, 0.01%, 0, 0, 1, 46.54
1733495868, 3, 5, 10, 0, 0, 0.01%, 0, 0, 1, 47.72
1733495873, 3, 6, 10, 0, 0, 0.01%, 0, 0, 1, 46.59
1733495879, 3, 7, 10, 0, 0, 0.01%, 0, 0, 1, 47.24
1733495884, 3, 8, 10, 0, 0, 0.01%, 0, 0, 1, 44.26
1733495889, 3, 9, 10, 0, 0, 0.01%, 0, 0, 1, 46.49
1733495894, 4, 0, 10, 0, 0, 0.01%, 0, 0, 1, 46.14
1733495899, 4, 1, 10, 0, 0, 0.01%, 0, 0, 1, 46.93
1733495904, 4, 2, 10, 0, 0, 0.01%, 0, 0, 1, 44.68
1733495914, 4, 3, 10, 0, 0, 0.01%, 0, 0, 1, 45.45
1733495919, 4, 4, 10, 0, 0, 0.01%, 0, 0, 1, 48.41
1733495924, 4, 5, 10, 0, 0, 0.01%, 0, 0, 1, 44.65
1733495930, 4, 6, 10, 0, 0, 0.01%, 0, 0, 1, 46.57
1733495935, 4, 7, 10, 0, 0, 0.01%, 0, 0, 1, 46.00
1733495940, 4, 8, 10, 0, 0, 0.01%, 0, 0, 1, 45.58
1733495945, 4, 9, 10, 0, 0, 0.01%, 0, 0, 1, 45.76
1733495950, 5, 0, 10, 0, 0, 0.01%, 0, 0, 1, 46.28
1733495955, 5, 1, 10, 0, 0, 0.01%, 0, 0, 1, 45.87
1733495960, 5, 2, 10, 0, 0, 0.01%, 0, 0, 1, 46.15
1733495965, 5, 3, 10, 0, 0, 0.01%, 0, 0, 1, 47.62
1733495975, 5, 4, 10, 0, 0, 0.01%, 0, 0, 1, 47.19
1733495981, 5, 5, 10, 0, 0, 0.01%, 0, 0, 1, 46.05
1733495986, 5, 6, 10, 0, 0, 0.01%, 0, 0, 1, 46.26
1733495991, 5, 7, 10, 0, 0, 0.01%, 0, 0, 1, 46.33
1733495996, 5, 8, 10, 0, 0, 0.01%, 0, 0, 1, 46.27
1733496001, 5, 9, 10, 0, 0, 0.01%, 0, 0, 1, 46.35
1733496006, 6, 0, 10, 0, 0, 0.01%, 0, 0, 1, 46.09
1733496011, 6, 1, 10, 0, 0, 0.01%, 0, 0, 1, 46.82
1733496016, 6, 2, 10, 0, 0, 0.01%, 0, 0, 1, 45.97
1733496021, 6, 3, 10, 0, 0, 0.01%, 0, 0, 1, 45.16
1733496026, 6, 4, 10, 0, 0, 0.01%, 0, 0, 1, 47.26
1733496037, 6, 5, 10, 0, 0, 0.01%, 0, 0, 1, 45.94
1733496042, 6, 6, 10, 0, 0, 0.01%, 0, 0, 1, 44.55
1733496047, 6, 7, 10, 0, 0, 0.01%, 0, 0, 1, 47.00
1733496052, 6, 8, 10, 0, 0, 0.01%, 0, 0, 1, 45.97
1733496057, 6, 9, 10, 0, 0, 0.01%, 0, 0, 1, 44.99
1733496062, 7, 0, 10, 0, 0, 0.01%, 0, 0, 1, 47.75
1733496067, 7, 1, 10, 0, 0, 0.01%, 0, 0, 1, 47.87
1733496072, 7, 2, 10, 0, 0, 0.01%, 0, 0, 1, 48.13
1733496077, 7, 3, 10, 0, 0, 0.01%, 0, 0, 1, 46.82
1733496082, 7, 4, 10, 0, 0, 0.01%, 0, 0, 1, 46.73
1733496087, 7, 5, 10, 0, 0, 0.01%, 0, 0, 1, 46.76
1733496093, 7, 6, 10, 0, 0, 0.01%, 0, 0, 1, 46.11
1733496103, 7, 7, 10, 0, 0, 0.01%, 0, 0, 1, 45.85
1733496108, 7, 8, 10, 0, 0, 0.01%, 0, 0, 1, 46.58
1733496113, 7, 9, 10, 0, 0, 0.01%, 0, 0, 1, 44.85
1733496118, 8, 0, 10, 0, 0, 0.01%, 0, 0, 1, 47.22
1733496123, 8, 1, 10, 0, 0, 0.01%, 0, 0, 1, 46.94
1733496128, 8, 2, 10, 0, 0, 0.01%, 0, 0, 1, 45.56
1733496133, 8, 3, 10, 0, 0, 0.01%, 0, 0, 1, 45.07
1733496138, 8, 4, 10, 0, 0, 0.01%, 0, 0, 1, 45.22
1733496144, 8, 5, 10, 0, 0, 0.01%, 0, 0, 1, 44.79
1733496149, 8, 6, 10, 0, 0, 0.01%, 0, 0, 1, 46.61
1733496159, 8, 7, 10, 0, 0, 0.01%, 0, 0, 1, 43.80
1733496164, 8, 8, 10, 0, 0, 0.01%, 0, 0, 1, 46.81
1733496169, 8, 9, 10, 0, 0, 0.01%, 0, 0, 1, 47.44
1733496174, 9, 0, 10, 0, 0, 0.01%, 0, 0, 1, 45.77
1733496179, 9, 1, 10, 0, 0, 0.01%, 0, 0, 1, 45.72
1733496184, 9, 2, 10, 0, 0, 0.01%, 0, 0, 1, 44.53
1733496189, 9, 3, 10, 0, 0, 0.01%, 0, 0, 1, 45.44
1733496194, 9, 4, 10, 0, 0, 0.01%, 0, 0, 1, 45.93
1733496199, 9, 5, 10, 0, 0, 0.01%, 0, 0, 1, 45.63
1733496205, 9, 6, 10, 0, 0, 0.01%, 0, 0, 1, 47.24
1733496210, 9, 7, 10, 0, 0, 0.01%, 0, 0, 1, 47.42
1733496215, 9, 8, 10, 0, 0, 0.01%, 0, 0, 1, 47.67
1733496225, 9, 9, 10, 0, 0, 0.01%, 0, 0, 1, 46.43
1733496230, 10, 0, 10, 0, 0, 0.01%, 0, 0, 1, 46.24
1733496235, 10, 1, 10, 0, 0, 0.01%, 0, 0, 1, 44.49
1733496240, 10, 2, 10, 0, 0, 0.01%, 0, 0, 1, 44.01
1733496245, 10, 3, 10, 0, 0, 0.01%, 0, 0, 1, 45.08
1733496250, 10, 4, 10, 0, 0, 0.01%, 0, 0, 1, 47.12
1733496256, 10, 5, 10, 0, 0, 0.01%, 0, 0, 1, 46.51
1733496261, 10, 6, 10, 0, 0, 0.01%, 0, 0, 1, 47.82
1733496266, 10, 7, 10, 0, 0, 0.01%, 0, 0, 1, 44.30
1733496271, 10, 8, 10, 0, 0, 0.01%, 0, 0, 1, 47.87
1733496281, 10, 9, 10, 0, 0, 0.01%, 0, 0, 1, 45.11
1733496286, 11, 0, 10, 0, 0, 0.01%, 0, 0, 1, 46.63
1733496291, 11, 1, 10, 0, 0, 0.01%, 0, 0, 1, 44.95
1733496296, 11, 2, 10, 0, 0, 0.01%, 0, 0, 1, 44.25
1733496301, 11, 3, 10, 0, 0, 0.01%, 0, 0, 1, 45.23
1733496306, 11, 4, 10, 0, 0, 0.01%, 0, 0, 1, 45.91
1733496311, 11, 5, 10, 0, 0, 0.01%, 0, 0, 1, 46.42
1733496317, 11, 6, 10, 0, 0, 0.01%, 0, 0, 1, 48.52
1733496322, 11, 7, 10, 0, 0, 0.01%, 0, 0, 1, 47.99
1733496327, 11, 8, 10, 0, 0, 0.01%, 0, 0, 1, 44.88
1733496332, 11, 9, 10, 0, 0, 0.01%, 0, 0, 1, 47.19
1733496337, 12, 0, 10, 0, 0, 0.01%, 0, 0, 1, 45.59
1733496347, 12, 1, 10, 0, 0, 0.01%, 0, 0, 1, 46.36
1733496352, 12, 2, 10, 0, 0, 0.01%, 0, 0, 1, 47.50
1733496357, 12, 3, 10, 0, 0, 0.01%, 0, 0, 1, 44.38
1733496362, 12, 4, 10, 0, 0, 0.01%, 0, 0, 1, 47.13
1733496367, 12, 5, 10, 0, 0, 0.01%, 0, 0, 1, 47.68
1733496372, 12, 6, 10, 0, 0, 0.01%, 0, 0, 1, 46.98
1733496377, 12, 7, 10, 0, 0, 0.01%, 0, 0, 1, 47.86
1733496383, 12, 8, 10, 0, 0, 0.01%, 0, 0, 1, 47.42
1733496388, 12, 9, 10, 0, 0, 0.01%, 0, 0, 1, 47.40
1733496393, 13, 0, 10, 0, 0, 0.01%, 0, 0, 1, 48.11
1733496398, 13, 1, 10, 0, 0, 0.01%, 0, 0, 1, 49.30
1733496403, 13, 2, 10, 0, 0, 0.01%, 0, 0, 1, 47.63
1733496408, 13, 3, 10, 0, 0, 0.01%, 0, 0, 1, 48.82
1733496413, 13, 4, 10, 0, 0, 0.01%, 0, 0, 1, 47.26
1733496418, 13, 5, 10, 0, 0, 0.01%, 0, 0, 1, 49.16
1733496423, 13, 6, 10, 0, 0, 0.01%, 0, 0, 1, 49.12
1733496428, 13, 7, 10, 0, 0, 0.01%, 0, 0, 1, 47.49
1733496438, 13, 8, 10, 0, 0, 0.01%, 0, 0, 1, 47.22
1733496444, 13, 9, 10, 0, 0, 0.01%, 0, 0, 1, 48.75
1733496449, 14, 0, 10, 0, 0, 0.01%, 0, 0, 1, 46.08
1733496454, 14, 1, 10, 0, 0, 0.01%, 0, 0, 1, 44.62
1733496459, 14, 2, 10, 0, 0, 0.01%, 0, 0, 1, 46.99
1733496464, 14, 3, 10, 0, 0, 0.01%, 0, 0, 1, 47.36
1733496469, 14, 4, 10, 0, 0, 0.01%, 0, 0, 1, 50.89
1733496474, 14, 5, 10, 0, 0, 0.01%, 0, 0, 1, 47.35
1733496479, 14, 6, 10, 0, 0, 0.01%, 0, 0, 1, 46.77
1733496484, 14, 7, 10, 0, 0, 0.01%, 0, 0, 1, 47.53
1733496489, 14, 8, 10, 0, 0, 0.01%, 0, 0, 1, 49.53
1733496494, 14, 9, 10, 0, 0, 0.01%, 0, 0, 1, 48.01
1733496500, 15, 0, 10, 0, 0, 0.01%, 0, 0, 1, 47.09
1733496505, 15, 1, 10, 0, 0, 0.01%, 0, 0, 1, 46.44
1733496510, 15, 2, 10, 0, 0, 0.01%, 0, 0, 1, 48.37
1733496515, 15, 3, 10, 0, 0, 0.01%, 0, 0, 1, 46.55
1733496540, 15, 4, 10, 0, 0, 0.01%, 0, 0, 1, 39.65
1733496561, 15, 5, 10, 0, 0, 0.01%, 0, 0, 1, 40.44
1733496576, 15, 6, 10, 0, 0, 0.01%, 0, 0, 1, 45.72
1733496597, 15, 7, 10, 0, 0, 0.01%, 0, 0, 1, 45.74
1733496617, 15, 8, 10, 0, 0, 0.01%, 0, 0, 1, 43.92
1733496638, 15, 9, 10, 0, 0, 0.01%, 0, 0, 1, 44.20
1733496658, 16, 0, 10, 0, 0, 0.01%, 0, 0, 1, 45.43
1733496678, 16, 1, 10, 0, 0, 0.01%, 0, 0, 1, 49.97
1733496683, 16, 2, 10, 0, 0, 0.01%, 0, 0, 1, 47.42
1733496688, 16, 3, 10, 0, 0, 0.01%, 0, 0, 1, 46.21
1733496694, 16, 4, 10, 0, 0, 0.01%, 0, 0, 1, 47.80
1733496699, 16, 5, 10, 0, 0, 0.01%, 0, 0, 1, 49.45
1733496704, 16, 6, 10, 0, 0, 0.01%, 0, 0, 1, 49.51
1733496709, 16, 7, 10, 0, 0, 0.01%, 0, 0, 1, 48.43
1733496714, 16, 8, 10, 0, 0, 0.01%, 0, 0, 1, 47.34
1733496719, 16, 9, 10, 0, 0, 0.01%, 0, 0, 1, 49.54
1733496729, 17, 0, 10, 0, 0, 0.01%, 0, 0, 1, 46.58
1733496734, 17, 1, 10, 0, 0, 0.01%, 0, 0, 1, 46.28
1733496739, 17, 2, 10, 0, 0, 0.01%, 0, 0, 1, 46.90
1733496744, 17, 3, 10, 0, 0, 0.01%, 0, 0, 1, 46.97
1733496750, 17, 4, 10, 0, 0, 0.01%, 0, 0, 1, 47.52
1733496755, 17, 5, 10, 0, 0, 0.01%, 0, 0, 1, 46.64
1733496760, 17, 6, 10, 0, 0, 0.01%, 0, 0, 1, 48.64
1733496765, 17, 7, 10, 0, 0, 0.01%, 0, 0, 1, 47.57
1733496770, 17, 8, 10, 0, 0, 0.01%, 0, 0, 1, 47.80
1733496775, 17, 9, 10, 0, 0, 0.01%, 0, 0, 1, 49.46
1733496780, 18, 0, 10, 0, 0, 0.01%, 0, 0, 1, 46.52
1733496785, 18, 1, 10, 0, 0, 0.01%, 0, 0, 1, 46.23
1733496790, 18, 2, 10, 0, 0, 0.01%, 0, 0, 1, 46.90
1733496795, 18, 3, 10, 0, 0, 0.01%, 0, 0, 1, 48.07
1733496800, 18, 4, 10, 0, 0, 0.01%, 0, 0, 1, 48.74
1733496810, 18, 5, 10, 0, 0, 0.01%, 0, 0, 1, 48.17
1733496815, 18, 6, 10, 0, 0, 0.01%, 0, 0, 1, 46.52
1733496820, 18, 7, 10, 0, 0, 0.01%, 0, 0, 1, 48.81
1733496826, 18, 8, 10, 0, 0, 0.01%, 0, 0, 1, 47.79
1733496831, 18, 9, 10, 0, 0, 0.01%, 0, 0, 1, 47.67
1733496836, 19, 0, 10, 0, 0, 0.01%, 0, 0, 1, 46.29
1733496841, 19, 1, 10, 0, 0, 0.01%, 0, 0, 1, 45.24
1733496846, 19, 2, 10, 0, 0, 0.01%, 0, 0, 1, 46.97
1733496851, 19, 3, 10, 0, 0, 0.01%, 0, 0, 1, 48.76
1733496856, 19, 4, 10, 0, 0, 0.01%, 0, 0, 1, 48.50
1733496861, 19, 5, 10, 0, 0, 0.01%, 0, 0, 1, 48.94
1733496866, 19, 6, 10, 0, 0, 0.01%, 0, 0, 1, 49.24
1733496871, 19, 7, 10, 0, 0, 0.01%, 0, 0, 1, 48.31
1733496876, 19, 8, 10, 0, 0, 0.01%, 0, 0, 1, 45.93
1733496882, 19, 9, 10, 0, 0, 0.01%, 0, 0, 1, 46.62
1733496887, 20, 0, 10, 0, 0, 0.01%, 0, 0, 1, 45.66
1733496892, 20, 1, 10, 0, 0, 0.01%, 0, 0, 1, 47.75
1733496897, 20, 2, 10, 0, 0, 0.01%, 0, 0, 1, 46.56
1733496902, 20, 3, 10, 0, 0, 0.01%, 0, 0, 1, 47.78
1733496907, 20, 4, 10, 0, 0, 0.01%, 0, 0, 1, 50.42
1733496917, 20, 5, 10, 0, 0, 0.01%, 0, 0, 1, 46.77
1733496922, 20, 6, 10, 0, 0, 0.01%, 0, 0, 1, 49.50
1733496927, 20, 7, 10, 0, 0, 0.01%, 0, 0, 1, 48.32
1733496932, 20, 8, 10, 0, 0, 0.01%, 0, 0, 1, 47.89
1733496938, 20, 9, 10, 0, 0, 0.01%, 0, 0, 1, 47.49
1733496943, 21, 0, 10, 0, 0, 0.01%, 0, 0, 1, 49.93
1733496948, 21, 1, 10, 0, 0, 0.01%, 0, 0, 1, 48.90
1733496953, 21, 2, 10, 0, 0, 0.01%, 0, 0, 1, 48.61
1733496958, 21, 3, 10, 0, 0, 0.01%, 0, 0, 1, 48.51
1733496963, 21, 4, 10, 0, 0, 0.01%, 0, 0, 1, 49.57
1733496968, 21, 5, 10, 0, 0, 0.01%, 0, 0, 1, 51.43
1733496973, 21, 6, 10, 0, 0, 0.01%, 0, 0, 1, 47.88
1733496978, 21, 7, 10, 0, 0, 0.01%, 0, 0, 1, 47.19
1733496983, 21, 8, 10, 0, 0, 0.01%, 0, 0, 1, 47.16
1733496988, 21, 9, 10, 0, 0, 0.01%, 0, 0, 1, 48.47
1733496993, 22, 0, 10, 0, 0, 0.01%, 0, 0, 1, 48.09
1733496998, 22, 1, 10, 0, 0, 0.01%, 0, 0, 1, 47.32
1733497004, 22, 2, 10, 0, 0, 0.01%, 0, 0, 1, 48.70
1733497009, 22, 3, 10, 0, 0, 0.01%, 0, 0, 1, 48.40
1733497014, 22, 4, 10, 0, 0, 0.01%, 0, 0, 1, 47.48
1733497019, 22, 5, 10, 0, 0, 0.01%, 0, 0, 1, 50.04
1733497024, 22, 6, 10, 0, 0, 0.01%, 0, 0, 1, 47.36
1733497029, 22, 7, 10, 0, 0, 0.01%, 0, 0, 1, 47.65
1733497039, 22, 8, 10, 0, 0, 0.01%, 0, 0, 1, 49.53
1733497044, 22, 9, 10, 0, 0, 0.01%, 0, 0, 1, 46.86
1733497049, 23, 0, 10, 0, 0, 0.01%, 0, 0, 1, 47.68
1733497054, 23, 1, 10, 0, 0, 0.01%, 0, 0, 1, 49.81
1733497060, 23, 2, 10, 0, 0, 0.01%, 0, 0, 1, 47.09
1733497065, 23, 3, 10, 0, 0, 0.01%, 0, 0, 1, 46.22
1733497070, 23, 4, 10, 0, 0, 0.01%, 0, 0, 1, 47.34
1733497075, 23, 5, 10, 0, 0, 0.01%, 0, 0, 1, 49.80
1733497080, 23, 6, 10, 0, 0, 0.01%, 0, 0, 1, 46.76
1733497085, 23, 7, 10, 0, 0, 0.01%, 0, 0, 1, 47.73
1733497090, 23, 8, 10, 0, 0, 0.01%, 0, 0, 1, 46.82
1733497095, 23, 9, 10, 0, 0, 0.01%, 0, 0, 1, 46.71
1733497100, 24, 0, 10, 0, 0, 0.01%, 0, 0, 1, 47.24
1733497105, 24, 1, 10, 0, 0, 0.01%, 0, 0, 1, 47.95
1733497110, 24, 2, 10, 0, 0, 0.01%, 0, 0, 1, 47.27
1733497116, 24, 3, 10, 0, 0, 0.01%, 0, 0, 1, 46.91
1733497121, 24, 4, 10, 0, 0, 0.01%, 0, 0, 1, 52.29
1733497126, 24, 5, 10, 0, 0, 0.01%, 0, 0, 1, 49.81
1733497131, 24, 6, 10, 0, 0, 0.01%, 0, 0, 1, 47.65
1733497136, 24, 7, 10, 0, 0, 0.01%, 0, 0, 1, 47.14
1733497146, 24, 8, 10, 0, 0, 0.01%, 0, 0, 1, 48.58
1733497151, 24, 9, 10, 0, 0, 0.01%, 0, 0, 1, 48.13
1733497156, 25, 0, 10, 0, 0, 0.01%, 0, 0, 1, 48.04
1733497161, 25, 1, 10, 0, 0, 0.01%, 0, 0, 1, 47.19
1733497166, 25, 2, 10, 0, 0, 0.01%, 0, 0, 1, 47.30
1733497172, 25, 3, 10, 0, 0, 0.01%, 0, 0, 1, 49.84
1733497177, 25, 4, 10, 0, 0, 0.01%, 0, 0, 1, 46.80
1733497182, 25, 5, 10, 0, 0, 0.01%, 0, 0, 1, 48.64
1733497187, 25, 6, 10, 0, 0, 0.01%, 0, 0, 1, 46.46
1733497192, 25, 7, 10, 0, 0, 0.01%, 0, 0, 1, 49.42
1733497197, 25, 8, 10, 0, 0, 0.01%, 0, 0, 1, 46.72
1733497202, 25, 9, 10, 0, 0, 0.01%, 0, 0, 1, 49.42
1733497207, 26, 0, 10, 0, 0, 0.01%, 0, 0, 1, 47.11
1733497212, 26, 1, 10, 0, 0, 0.01%, 0, 0, 1, 47.21
1733497217, 26, 2, 10, 0, 0, 0.01%, 0, 0, 1, 46.91
1733497222, 26, 3, 10, 0, 0, 0.01%, 0, 0, 1, 47.11
1733497227, 26, 4, 10, 0, 0, 0.01%, 0, 0, 1, 49.13
1733497233, 26, 5, 10, 0, 0, 0.01%, 0, 0, 1, 47.30
1733497243, 26, 6, 10, 0, 0, 0.01%, 0, 0, 1, 48.16
1733497248, 26, 7, 10, 0, 0, 0.01%, 0, 0, 1, 49.68
1733497253, 26, 8, 10, 0, 0, 0.01%, 0, 0, 1, 44.70
1733497258, 26, 9, 10, 0, 0, 0.01%, 0, 0, 1, 47.50
1733497263, 27, 0, 10, 0, 0, 0.01%, 0, 0, 1, 46.72
1733497268, 27, 1, 10, 0, 0, 0.01%, 0, 0, 1, 50.70
1733497273, 27, 2, 10, 0, 0, 0.01%, 0, 0, 1, 47.86
1733497278, 27, 3, 10, 0, 0, 0.01%, 0, 0, 1, 46.84
1733497283, 27, 4, 10, 0, 0, 0.01%, 0, 0, 1, 45.37
1733497288, 27, 5, 10, 0, 0, 0.01%, 0, 0, 1, 46.76
1733497294, 27, 6, 10, 0, 0, 0.01%, 0, 0, 1, 48.99
1733497299, 27, 7, 10, 0, 0, 0.01%, 0, 0, 1, 47.88
1733497304, 27, 8, 10, 0, 0, 0.01%, 0, 0, 1, 46.55
1733497309, 27, 9, 10, 0, 0, 0.01%, 0, 0, 1, 49.40
1733497314, 28, 0, 10, 0, 0, 0.01%, 0, 0, 1, 47.25
1733497319, 28, 1, 10, 0, 0, 0.01%, 0, 0, 1, 46.72
1733497324, 28, 2, 10, 0, 0, 0.01%, 0, 0, 1, 52.18
1733497329, 28, 3, 10, 0, 0, 0.01%, 0, 0, 1, 46.33
1733497339, 28, 4, 10, 0, 0, 0.01%, 0, 0, 1, 47.12
1733497344, 28, 5, 10, 0, 0, 0.01%, 0, 0, 1, 47.20
1733497350, 28, 6, 10, 0, 0, 0.01%, 0, 0, 1, 48.03
1733497355, 28, 7, 10, 0, 0, 0.01%, 0, 0, 1, 48.90
1733497360, 28, 8, 10, 0, 0, 0.01%, 0, 0, 1, 46.41
1733497365, 28, 9, 10, 0, 0, 0.01%, 0, 0, 1, 53.39
1733497370, 29, 0, 10, 0, 0, 0.01%, 0, 0, 1, 49.06
1733497375, 29, 1, 10, 0, 0, 0.01%, 0, 0, 1, 51.57
1733497380, 29, 2, 10, 0, 0, 0.01%, 0, 0, 1, 49.49
1733497385, 29, 3, 10, 0, 0, 0.01%, 0, 0, 1, 50.22
1733497390, 29, 4, 10, 0, 0, 0.01%, 0, 0, 1, 46.69
1733497395, 29, 5, 10, 0, 0, 0.01%, 0, 0, 1, 50.43
1733497400, 29, 6, 10, 0, 0, 0.01%, 0, 0, 1, 48.45
1733497405, 29, 7, 10, 0, 0, 0.01%, 0, 0, 1, 48.83
1733497411, 29, 8, 10, 0, 0, 0.01%, 0, 0, 1, 49.91
1733497416, 29, 9, 10, 0, 0, 0.01%, 0, 0, 1, 47.17
1733497421, 30, 0, 10, 0, 0, 0.01%, 0, 0, 1, 49.55
1733497426, 30, 1, 10, 0, 0, 0.01%, 0, 0, 1, 48.70
1733497431, 30, 2, 10, 0, 0, 0.01%, 0, 0, 1, 48.23
1733497436, 30, 3, 10, 0, 0, 0.01%, 0, 0, 1, 46.57
1733497441, 30, 4, 10, 0, 0, 0.01%, 0, 0, 1, 49.77
1733497446, 30, 5, 10, 0, 0, 0.01%, 0, 0, 1, 46.03
1733497451, 30, 6, 10, 0, 0, 0.01%, 0, 0, 1, 50.94
1733497456, 30, 7, 10, 0, 0, 0.01%, 0, 0, 1, 47.79
1733497466, 30, 8, 10, 0, 0, 0.01%, 0, 0, 1, 45.58
1733497471, 30, 9, 10, 0, 0, 0.01%, 0, 0, 1, 49.00
1733497476, 31, 0, 10, 0, 0, 0.01%, 0, 0, 1, 48.42
1733497482, 31, 1, 10, 0, 0, 0.01%, 0, 0, 1, 47.08
1733497487, 31, 2, 10, 0, 0, 0.01%, 0, 0, 1, 48.33
1733497492, 31, 3, 10, 0, 0, 0.01%, 0, 0, 1, 47.39
1733497497, 31, 4, 10, 0, 0, 0.01%, 0, 0, 1, 46.87
1733497502, 31, 5, 10, 0, 0, 0.01%, 0, 0, 1, 46.10
1733497507, 31, 6, 10, 0, 0, 0.01%, 0, 0, 1, 49.10
1733497512, 31, 7, 10, 0, 0, 0.01%, 0, 0, 1, 47.69
1733497517, 31, 8, 10, 0, 0, 0.01%, 0, 0, 1, 44.90
1733497522, 31, 9, 10, 0, 0, 0.01%, 0, 0, 1, 48.33
1733497527, 32, 0, 10, 0, 0, 0.01%, 0, 0, 1, 47.49
1733497532, 32, 1, 10, 0, 0, 0.01%, 0, 0, 1, 48.12
1733497537, 32, 2, 10, 0, 0, 0.01%, 0, 0, 1, 48.37
1733497543, 32, 3, 10, 0, 0, 0.01%, 0, 0, 1, 48.40
1733497548, 32, 4, 10, 0, 0, 0.01%, 0, 0, 1, 47.67
1733497553, 32, 5, 10, 0, 0, 0.01%, 0, 0, 1, 49.45
1733497558, 32, 6, 10, 0, 0, 0.01%, 0, 0, 1, 49.71
1733497568, 32, 7, 10, 0, 0, 0.01%, 0, 0, 1, 45.41
1733497573, 32, 8, 10, 0, 0, 0.01%, 0, 0, 1, 48.38
1733497578, 32, 9, 10, 0, 0, 0.01%, 0, 0, 1, 49.75
1733497583, 33, 0, 10, 0, 0, 0.01%, 0, 0, 1, 49.80
1733497588, 33, 1, 10, 0, 0, 0.01%, 0, 0, 1, 47.60
1733497594, 33, 2, 10, 0, 0, 0.01%, 0, 0, 1, 47.66
1733497599, 33, 3, 10, 0, 0, 0.01%, 0, 0, 1, 47.57
1733497604, 33, 4, 10, 0, 0, 0.01%, 0, 0, 1, 48.20
1733497609, 33, 5, 10, 0, 0, 0.01%, 0, 0, 1, 49.53
1733497614, 33, 6, 10, 0, 0, 0.01%, 0, 0, 1, 49.65
1733497619, 33, 7, 10, 0, 0, 0.01%, 0, 0, 1, 47.79
1733497624, 33, 8, 10, 0, 0, 0.01%, 0, 0, 1, 48.78
1733497629, 33, 9, 10, 0, 0, 0.01%, 0, 0, 1, 47.35
1733497634, 34, 0, 10, 0, 0, 0.01%, 0, 0, 1, 46.55
1733497639, 34, 1, 10, 0, 0, 0.01%, 0, 0, 1, 49.84
1733497645, 34, 2, 10, 0, 0, 0.01%, 0, 0, 1, 48.47
1733497650, 34, 3, 10, 0, 0, 0.01%, 0, 0, 1, 50.08
1733497655, 34, 4, 10, 0, 0, 0.01%, 0, 0, 1, 46.72
1733497660, 34, 5, 10, 0, 0, 0.01%, 0, 0, 1, 46.35
1733497665, 34, 6, 10, 0, 0, 0.01%, 0, 0, 1, 45.21
1733497675, 34, 7, 10, 0, 0, 0.01%, 0, 0, 1, 47.27
1733497680, 34, 8, 10, 0, 0, 0.01%, 0, 0, 1, 49.19
1733497685, 34, 9, 10, 0, 0, 0.01%, 0, 0, 1, 49.81
1733497690, 35, 0, 10, 0, 0, 0.01%, 0, 0, 1, 49.15
1733497695, 35, 1, 10, 0, 0, 0.01%, 0, 0, 1, 49.24
1733497701, 35, 2, 10, 0, 0, 0.01%, 0, 0, 1, 48.17
1733497706, 35, 3, 10, 0, 0, 0.01%, 0, 0, 1, 49.24
1733497711, 35, 4, 10, 0, 0, 0.01%, 0, 0, 1, 46.16
1733497716, 35, 5, 10, 0, 0, 0.01%, 0, 0, 1, 47.37
1733497721, 35, 6, 10, 0, 0, 0.01%, 0, 0, 1, 48.36
1733497726, 35, 7, 10, 0, 0, 0.01%, 0, 0, 1, 47.84
1733497731, 35, 8, 10, 0, 0, 0.01%, 0, 0, 1, 46.57
1733497736, 35, 9, 10, 0, 0, 0.01%, 0, 0, 1, 48.76
1733497741, 36, 0, 10, 0, 0, 0.01%, 0, 0, 1, 46.31
1733497746, 36, 1, 10, 0, 0, 0.01%, 0, 0, 1, 47.13
1733497751, 36, 2, 10, 0, 0, 0.01%, 0, 0, 1, 48.02
1733497757, 36, 3, 10, 0, 0, 0.01%, 0, 0, 1, 48.74
1733497762, 36, 4, 10, 0, 0, 0.01%, 0, 0, 1, 48.80
1733497767, 36, 5, 10, 0, 0, 0.01%, 0, 0, 1, 46.24
1733497772, 36, 6, 10, 0, 0, 0.01%, 0, 0, 1, 46.05
1733497777, 36, 7, 10, 0, 0, 0.01%, 0, 0, 1, 50.31
1733497782, 36, 8, 10, 0, 0, 0.01%, 0, 0, 1, 47.77
1733497787, 36, 9, 10, 0, 0, 0.01%, 0, 0, 1, 49.59
1733497797, 37, 0, 10, 0, 0, 0.01%, 0, 0, 1, 49.39
1733497803, 37, 1, 10, 0, 0, 0.01%, 0, 0, 1, 48.45
1733497808, 37, 2, 10, 0, 0, 0.01%, 0, 0, 1, 48.11
1733497813, 37, 3, 10, 0, 0, 0.01%, 0, 0, 1, 47.32
1733497818, 37, 4, 10, 0, 0, 0.01%, 0, 0, 1, 47.67
1733497823, 37, 5, 10, 0, 0, 0.01%, 0, 0, 1, 52.10
1733497828, 37, 6, 10, 0, 0, 0.01%, 0, 0, 1, 48.86
1733497833, 37, 7, 10, 0, 0, 0.01%, 0, 0, 1, 51.31
1733497838, 37, 8, 10, 0, 0, 0.01%, 0, 0, 1, 48.62
1733497844, 37, 9, 10, 0, 0, 0.01%, 0, 0, 1, 47.54
1733497849, 38, 0, 10, 0, 0, 0.01%, 0, 0, 1, 47.42
1733497854, 38, 1, 10, 0, 0, 0.01%, 0, 0, 1, 45.86
1733497859, 38, 2, 10, 0, 0, 0.01%, 0, 0, 1, 50.82
1733497864, 38, 3, 10, 0, 0, 0.01%, 0, 0, 1, 48.27
1733497869, 38, 4, 10, 0, 0, 0.01%, 0, 0, 1, 48.04
1733497874, 38, 5, 10, 0, 0, 0.01%, 0, 0, 1, 50.56
1733497879, 38, 6, 10, 0, 0, 0.01%, 0, 0, 1, 49.53
1733497885, 38, 7, 10, 0, 0, 0.01%, 0, 0, 1, 49.08
1733497890, 38, 8, 10, 0, 0, 0.01%, 0, 0, 1, 47.74
1733497895, 38, 9, 10, 0, 0, 0.01%, 0, 0, 1, 49.15
1733497900, 39, 0, 11, 1, 0, 0.14%, 1, 0, 2, 50.71
1733497905, 39, 10, 11, 1, 1, 0.14%, 1, 0, 2, 51.15
1733497915, 39, 10, 12, 2, 1, 0.14%, 2, 0, 3, 54.42
1733497986, 39, 11, 12, 1, 1, 0.14%, 2, 0, 3, 74.09
1733497991, 39, 11, 13, 2, 1, 0.14%, 3, 0, 4, 65.14
1733498062, 39, 12, 13, 1, 1, 0.14%, 3, 0, 4, 56.45
1733498072, 39, 12, 14, 2, 1, 0.14%, 3, 0, 5, 60.83
1733498159, 39, 12, 15, 3, 1, 0.14%, 3, 0, 5, 53.24
1733498219, 40, 14, 16, 1, 0, 0.14%, 3, 0, 6, 80.16
1733498255, 40, 14, 17, 2, 0, 0.14%, 4, 0, 6, 58.05
1733498301, 40, 14, 18, 3, 0, 0.14%, 4, 0, 6, 57.61
1733498341, 40, 14, 19, 4, 0, 0.14%, 4, 0, 6, 55.52
1733498356, 40, 14, 22, 7, 0, 0.14%, 4, 0, 6, 56.95
1733498371, 40, 18, 23, 6, 2, 0.14%, 5, 0, 7, 58.42
1733498392, 40, 18, 24, 7, 2, 0.14%, 5, 0, 7, 69.29
1733498428, 40, 18, 25, 8, 2, 0.14%, 5, 0, 7, 60.11
1733498494, 41, 24, 25, 4, 0, 0.14%, 5, 0, 7, 61.82
1733498519, 41, 24, 26, 5, 0, 0.14%, 5, 0, 8, 56.37
1733498615, 41, 25, 26, 5, 1, 0.14%, 5, 0, 8, 71.07
1733498721, 43, 15, 26, 1, 0, 0.14%, 5, 0, 8, 68.31
1733498798, 43, 16, 26, 1, 0, 0.14%, 5, 0, 8, 115.59
1733499037, 43, 16, 28, 3, 0, 0.14%, 5, 0, 8, 95.07
1733499067, 43, 16, 29, 4, 0, 0.14%, 5, 0, 8, 91.31
1733499113, 43, 28, 29, 4, 1, 0.14%, 5, 0, 8, 114.43
1733499367, 43, 28, 30, 5, 1, 0.14%, 5, 0, 8, 82.30
1733499424, 43, 28, 31, 6, 1, 0.14%, 5, 0, 8, 87.04
1733499434, 43, 28, 32, 7, 1, 0.14%, 6, 0, 8, 75.44
1733499459, 43, 30, 32, 6, 1, 0.14%, 6, 0, 8, 87.00
1733499693, 43, 30, 33, 7, 1, 0.14%, 6, 0, 9, 79.71
1733499729, 43, 30, 34, 8, 1, 0.14%, 6, 0, 9, 80.23
1733499784, 43, 32, 34, 7, 2, 0.14%, 6, 0, 9, 50.60
1733499789, 43, 33, 34, 6, 1, 0.14%, 6, 0, 9, 102.85
1733499805, 43, 33, 36, 8, 1, 0.14%, 6, 0, 10, 123.97
1733499902, 43, 33, 37, 9, 1, 0.14%, 6, 0, 10, 83.67
1733499927, 44, 36, 37, 4, 0, 0.14%, 6, 0, 10, 67.03
1733500209, 45, 32, 37, 3, 0, 0.14%, 6, 0, 10, 100.45
1733500644, 48, 15, 37, 1, 0, 0.14%, 6, 0, 10, 50.71
1733500669, 51, 36, 37, 1, 0, 0.14%, 6, 0, 10, 81.33
1733500700, 52, 21, 37, 1, 0, 0.14%, 6, 0, 10, 73.46
1733500786, 52, 36, 37, 1, 0, 0.14%, 6, 0, 10, 70.61
1733500806, 52, 36, 38, 2, 0, 0.14%, 6, 0, 11, 66.69
1733500817, 52, 37, 38, 2, 1, 0.14%, 6, 0, 11, 68.32
1733501030, 53, 26, 38, 1, 0, 0.14%, 6, 0, 11, 66.11
1733501035, 53, 36, 38, 0, 0, 0.14%, 6, 0, 11, 70.39
1733501066, 54, 36, 38, 0, 0, 0.14%, 6, 0, 11, 72.32
1733501096, 55, 36, 38, 0, 0, 0.14%, 6, 0, 11, 69.08
1733501132, 56, 36, 39, 1, 0, 0.14%, 6, 0, 11, 74.08
1733501173, 56, 38, 39, 1, 1, 0.14%, 6, 0, 11, 52.90
1733501564, 56, 38, 40, 2, 1, 0.14%, 6, 0, 12, 68.66
1733501666, 57, 39, 40, 0, 0, 0.14%, 6, 0, 12, 51.40
1733502508, 58, 13, 40, 0, 0, 0.14%, 6, 0, 12, 66.32
1733502569, 58, 21, 40, 0, 0, 0.14%, 6, 0, 12, 62.22
1733502589, 62, 15, 40, 0, 0, 0.14%, 6, 0, 12, 61.97
1733502604, 62, 31, 40, 0, 0, 0.14%, 6, 0, 12, 70.34
1733503106, 62, 31, 41, 1, 0, 0.14%, 7, 0, 12, 87.24
1733503173, 63, 40, 41, 1, 0, 0.14%, 7, 0, 12, 95.06
1733503458, 64, 21, 41, 0, 0, 0.14%, 7, 0, 12, 63.02
1733503488, 64, 22, 41, 0, 0, 0.14%, 7, 0, 12, 63.91
1733503544, 66, 21, 41, 0, 0, 0.14%, 7, 0, 12, 63.74
1733503575, 67, 39, 41, 0, 0, 0.14%, 7, 0, 12, 76.59
1733503605, 68, 39, 41, 0, 0, 0.14%, 7, 0, 12, 78.25
1733503636, 69, 39, 41, 0, 0, 0.14%, 7, 0, 12, 76.98
1733503666, 70, 39, 41, 0, 0, 0.14%, 7, 0, 12, 63.61
1733503702, 71, 39, 41, 0, 0, 0.14%, 7, 0, 12, 87.73
1733503732, 74, 21, 41, 0, 0, 0.14%, 7, 0, 12, 63.36
1733503763, 91, 21, 41, 0, 0, 0.14%, 7, 0, 12, 63.07
1733503798, 93, 32, 41, 0, 0, 0.14%, 7, 0, 12, 84.77
1733503809, 96, 36, 41, 0, 0, 0.14%, 7, 0, 12, 74.38
1733503844, 98, 23, 41, 0, 0, 0.14%, 7, 0, 12, 90.90
1733503895, 101, 14, 41, 0, 0, 0.14%, 7, 0, 12, 63.02
1733503910, 103, 14, 41, 0, 0, 0.14%, 7, 0, 12, 64.71
1733503930, 106, 14, 41, 0, 0, 0.14%, 7, 0, 12, 66.78
1733503966, 111, 24, 41, 0, 0, 0.14%, 7, 0, 12, 63.67
1733503982, 115, 14, 41, 0, 0, 0.14%, 7, 0, 12, 62.97
1733504017, 117, 21, 41, 0, 0, 0.14%, 7, 0, 12, 60.56
1733504052, 119, 24, 41, 0, 0, 0.14%, 7, 0, 12, 60.97
1733504093, 121, 29, 41, 0, 0, 0.14%, 7, 0, 12, 118.83
1733504428, 128, 20, 41, 0, 0, 0.14%, 7, 0, 12, 87.99
1733504509, 129, 36, 41, 0, 0, 0.14%, 7, 0, 12, 70.30
1733504544, 130, 14, 41, 0, 0, 0.14%, 7, 0, 12, 62.32
1733504580, 138, 26, 41, 0, 0, 0.14%, 7, 0, 12, 116.25
1733504972, 145, 13, 41, 0, 0, 0.14%, 7, 0, 12, 61.93
1733504982, 152, 14, 41, 0, 0, 0.14%, 7, 0, 12, 66.73
1733505012, 153, 13, 41, 0, 0, 0.14%, 7, 0, 12, 65.79
1733505028, 153, 15, 41, 0, 0, 0.14%, 7, 0, 12, 66.99
1733505048, 154, 12, 41, 0, 0, 0.14%, 7, 0, 12, 62.08
1733505063, 154, 13, 41, 0, 0, 0.14%, 7, 0, 12, 66.88
1733505089, 155, 32, 41, 0, 0, 0.14%, 7, 0, 12, 79.45
1733505114, 159, 15, 41, 0, 0, 0.14%, 7, 0, 12, 60.90
1733505150, 159, 23, 41, 0, 0, 0.14%, 7, 0, 12, 66.73
1733505165, 160, 13, 41, 0, 0, 0.14%, 7, 0, 12, 60.42
1733505195, 162, 29, 41, 0, 0, 0.14%, 7, 0, 12, 76.15
1733505205, 166, 14, 41, 0, 0, 0.14%, 7, 0, 12, 65.82
1733505241, 167, 15, 41, 0, 0, 0.14%, 7, 0, 12, 65.73
1733505271, 168, 20, 41, 0, 0, 0.14%, 7, 0, 12, 74.50
1733505291, 170, 33, 41, 0, 0, 0.14%, 7, 0, 12, 71.24
1733505312, 173, 11, 41, 0, 0, 0.14%, 7, 0, 12, 67.97
1733505322, 173, 16, 41, 0, 0, 0.14%, 7, 0, 12, 78.34
1733505337, 173, 24, 41, 0, 0, 0.14%, 7, 0, 12, 60.59
1733505373, 174, 32, 41, 0, 0, 0.14%, 7, 0, 12, 70.59
1733505408, 178, 32, 41, 0, 0, 0.14%, 7, 0, 12, 74.89
1733505439, 180, 13, 41, 0, 0, 0.14%, 7, 0, 12, 71.25
1733505474, 182, 29, 41, 0, 0, 0.14%, 7, 0, 12, 72.15
1733505499, 183, 21, 41, 0, 0, 0.14%, 7, 0, 12, 60.69
1733505535, 183, 25, 41, 0, 0, 0.14%, 7, 0, 12, 67.02
1733505560, 183, 33, 41, 0, 0, 0.14%, 7, 0, 12, 66.62
1733505591, 184, 14, 41, 0, 0, 0.14%, 7, 0, 12, 70.16
1733505626, 184, 15, 41, 0, 0, 0.14%, 7, 0, 12, 66.43
1733505662, 187, 20, 41, 0, 0, 0.14%, 7, 0, 12, 71.83
1733505692, 188, 25, 41, 0, 0, 0.14%, 7, 0, 12, 59.89
1733505728, 189, 32, 41, 0, 0, 0.14%, 7, 0, 12, 83.36
1733505758, 191, 24, 41, 0, 0, 0.14%, 7, 0, 12, 68.46
1733505794, 191, 25, 41, 0, 0, 0.14%, 7, 0, 12, 67.07
1733505829, 192, 21, 41, 0, 0, 0.14%, 7, 0, 12, 70.17
1733505865, 192, 31, 41, 0, 0, 0.14%, 7, 0, 12, 74.34
1733505885, 194, 11, 41, 0, 0, 0.14%, 7, 0, 12, 75.02
1733505906, 194, 34, 41, 0, 0, 0.14%, 7, 0, 12, 86.91
1733506002, 196, 19, 41, 0, 0, 0.14%, 7, 0, 12, 70.48
1733506068, 196, 24, 41, 0, 0, 0.14%, 7, 0, 12, 66.82
1733506099, 197, 23, 41, 0, 0, 0.14%, 7, 0, 12, 86.72
1733506114, 198, 37, 41, 0, 0, 0.14%, 7, 0, 12, 74.16
1733506140, 200, 20, 41, 0, 0, 0.14%, 7, 0, 12, 66.17
1733506171, 201, 11, 41, 0, 0, 0.14%, 7, 0, 12, 69.45
1733506191, 203, 34, 41, 0, 0, 0.14%, 7, 0, 12, 70.45
1733506222, 204, 20, 41, 0, 0, 0.14%, 7, 0, 12, 71.32
1733506252, 205, 24, 41, 0, 0, 0.14%, 7, 0, 12, 65.93
1733506288, 205, 28, 41, 0, 0, 0.14%, 7, 0, 12, 78.07
1733506298, 205, 31, 41, 0, 0, 0.14%, 7, 0, 12, 68.80
1733506324, 205, 33, 41, 0, 0, 0.14%, 7, 0, 12, 70.44
1733506355, 207, 12, 41, 0, 0, 0.14%, 7, 0, 12, 62.02
1733506360, 208, 37, 41, 0, 0, 0.14%, 7, 0, 12, 67.94
1733506395, 210, 20, 41, 0, 0, 0.14%, 7, 0, 12, 64.11
1733506430, 212, 30, 41, 0, 0, 0.14%, 7, 0, 12, 73.60
1733506441, 213, 11, 41, 0, 0, 0.14%, 7, 0, 12, 63.71
1733506476, 213, 33, 41, 0, 0, 0.14%, 7, 0, 12, 83.87
1733506507, 213, 40, 41, 0, 0, 0.14%, 7, 0, 12, 73.80
1733506532, 214, 27, 41, 0, 0, 0.14%, 7, 0, 12, 103.35
1733506696, 215, 25, 41, 0, 0, 0.14%, 7, 0, 12, 72.40
1733506732, 218, 15, 41, 0, 0, 0.14%, 7, 0, 12, 61.44
1733506767, 220, 13, 41, 0, 0, 0.14%, 7, 0, 12, 65.10
1733506802, 221, 40, 41, 0, 0, 0.14%, 7, 0, 12, 74.44
1733506833, 226, 24, 41, 0, 0, 0.14%, 7, 0, 12, 71.45
1733506874, 226, 29, 41, 0, 0, 0.14%, 7, 0, 12, 80.31
1733506894, 226, 30, 41, 0, 0, 0.14%, 7, 0, 12, 80.29
1733506920, 226, 34, 41, 0, 0, 0.14%, 7, 0, 12, 73.45
1733506955, 227, 22, 41, 0, 0, 0.14%, 7, 0, 12, 59.55
1733506961, 227, 24, 41, 0, 0, 0.14%, 7, 0, 12, 62.69
1733506996, 229, 12, 41, 0, 0, 0.14%, 7, 0, 12, 61.23
1733507016, 229, 23, 41, 0, 0, 0.14%, 7, 0, 12, 63.97
1733507037, 229, 25, 41, 0, 0, 0.14%, 7, 0, 12, 67.39
1733507072, 229, 32, 41, 0, 0, 0.14%, 7, 0, 12, 75.57
1733507102, 230, 16, 41, 0, 0, 0.14%, 7, 0, 12, 77.36
1733507123, 232, 13, 41, 0, 0, 0.14%, 7, 0, 12, 60.53
1733507159, 232, 25, 41, 0, 0, 0.14%, 7, 0, 12, 63.81
1733507194, 233, 11, 41, 0, 0, 0.14%, 7, 0, 12, 65.25
1733507230, 233, 12, 41, 0, 0, 0.14%, 7, 0, 12, 62.66
1733507260, 234, 11, 41, 0, 0, 0.14%, 7, 0, 12, 65.42
1733507300, 237, 34, 41, 0, 0, 0.14%, 7, 0, 12, 76.12
1733507331, 239, 11, 41, 0, 0, 0.14%, 7, 0, 12, 66.87
1733507367, 239, 24, 41, 0, 0, 0.14%, 7, 0, 12, 63.09
1733507402, 239, 40, 41, 0, 0, 0.14%, 7, 0, 12, 80.91
1733507433, 240, 29, 41, 0, 0, 0.14%, 7, 0, 12, 73.91
1733507469, 240, 37, 41, 0, 0, 0.14%, 7, 0, 12, 74.53
1733507499, 241, 33, 41, 0, 0, 0.14%, 7, 0, 12, 72.64
1733507535, 242, 15, 41, 0, 0, 0.14%, 7, 0, 12, 63.56
1733507565, 243, 10, 41, 0, 0, 0.14%, 7, 0, 12, 71.54
1733507570, 245, 33, 41, 0, 0, 0.14%, 7, 0, 12, 76.60
1733507606, 246, 30, 41, 0, 0, 0.14%, 7, 0, 12, 81.06
1733507636, 246, 37, 41, 0, 0, 0.14%, 7, 0, 12, 72.43
1733507672, 247, 19, 41, 0, 0, 0.14%, 7, 0, 12, 64.09
1733507677, 247, 30, 41, 0, 0, 0.14%, 7, 0, 12, 72.16
1733507708, 249, 22, 41, 0, 0, 0.14%, 7, 0, 12, 64.14
1733507723, 252, 28, 41, 0, 0, 0.14%, 7, 0, 12, 78.25
1733507748, 253, 12, 41, 0, 0, 0.14%, 7, 0, 12, 61.06
1733507784, 255, 29, 41, 0, 0, 0.14%, 7, 0, 12, 74.02
1733507819, 255, 40, 41, 0, 0, 0.14%, 7, 0, 12, 74.37
1733507850, 256, 11, 41, 0, 0, 0.14%, 7, 0, 12, 64.56
1733507885, 256, 30, 41, 0, 0, 0.14%, 7, 0, 12, 70.93
1733507921, 257, 12, 41, 0, 0, 0.14%, 7, 0, 12, 63.70
1733507946, 257, 23, 41, 0, 0, 0.14%, 7, 0, 12, 78.12
1733507987, 257, 40, 41, 0, 0, 0.14%, 7, 0, 12, 68.76
1733508017, 261, 22, 41, 0, 0, 0.14%, 7, 0, 12, 68.49
1733508043, 261, 25, 41, 0, 0, 0.14%, 7, 0, 12, 62.12
1733508078, 263, 26, 41, 0, 0, 0.14%, 7, 0, 12, 77.16
1733508093, 264, 19, 41, 0, 0, 0.14%, 7, 0, 12, 71.34
1733508109, 267, 40, 41, 0, 0, 0.14%, 7, 0, 12, 77.59
1733508139, 272, 15, 41, 0, 0, 0.14%, 7, 0, 12, 63.27
1733508174, 273, 27, 41, 0, 0, 0.14%, 7, 0, 12, 82.28
1733508190, 274, 33, 41, 0, 0, 0.14%, 7, 0, 12, 76.02
1733508220, 279, 10, 41, 0, 0, 0.14%, 7, 0, 12, 60.87
1733508230, 279, 27, 41, 0, 0, 0.14%, 7, 0, 12, 73.55
1733508265, 279, 30, 41, 0, 0, 0.14%, 7, 0, 12, 79.80
1733508296, 279, 35, 41, 0, 0, 0.14%, 7, 0, 12, 87.74
1733508403, 279, 38, 41, 0, 0, 0.14%, 7, 0, 12, 68.23
1733508438, 280, 15, 41, 0, 0, 0.14%, 7, 0, 12, 63.55
1733508468, 280, 27, 41, 0, 0, 0.14%, 7, 0, 12, 68.67
1733508499, 280, 31, 41, 0, 0, 0.14%, 7, 0, 12, 78.42
1733508535, 281, 31, 41, 0, 0, 0.14%, 7, 0, 12, 90.20
1733508565, 282, 20, 41, 0, 0, 0.14%, 7, 0, 12, 69.94
1733508596, 284, 11, 41, 0, 0, 0.14%, 7, 0, 12, 61.05
1733508631, 284, 17, 41, 0, 0, 0.14%, 7, 0, 12, 79.15
1733508687, 285, 18, 41, 0, 0, 0.14%, 7, 0, 12, 61.18
1733508692, 287, 12, 41, 0, 0, 0.14%, 7, 0, 12, 59.60
1733508722, 287, 16, 41, 0, 0, 0.14%, 7, 0, 12, 74.28
1733508728, 288, 40, 41, 0, 0, 0.14%, 7, 0, 12, 65.85
1733508763, 290, 16, 41, 0, 0, 0.14%, 7, 0, 12, 82.59
1733508783, 291, 37, 41, 0, 0, 0.14%, 7, 0, 12, 76.26
1733508814, 292, 10, 41, 0, 0, 0.14%, 7, 0, 12, 62.11
1733508824, 292, 17, 41, 0, 0, 0.14%, 7, 0, 12, 62.76
1733508829, 292, 19, 41, 0, 0, 0.14%, 7, 0, 12, 65.14
1733508860, 292, 37, 41, 0, 0, 0.14%, 7, 0, 12, 77.73
1733508890, 293, 33, 41, 0, 0, 0.14%, 7, 0, 12, 81.29
1733508921, 294, 16, 41, 0, 0, 0.14%, 7, 0, 12, 71.92
1733508957, 296, 12, 41, 0, 0, 0.14%, 7, 0, 12, 61.63
1733508987, 297, 22, 41, 0, 0, 0.14%, 7, 0, 12, 68.91
1733509022, 297, 27, 41, 0, 0, 0.14%, 7, 0, 12, 73.71
1733509058, 297, 38, 41, 0, 0, 0.14%, 7, 0, 12, 86.40
1733509088, 299, 16, 41, 0, 0, 0.14%, 7, 0, 12, 84.58
1733509119, 301, 16, 41, 0, 0, 0.14%, 7, 0, 12, 74.84
1733509154, 301, 19, 41, 0, 0, 0.14%, 7, 0, 12, 68.92
1733509185, 302, 18, 41, 0, 0, 0.14%, 7, 0, 12, 64.65
1733509195, 302, 27, 41, 0, 0, 0.14%, 7, 0, 12, 74.76
1733509230, 302, 34, 41, 0, 0, 0.14%, 7, 0, 12, 77.46
1733509266, 303, 16, 41, 0, 0, 0.14%, 7, 0, 12, 79.69
1733509296, 307, 31, 41, 0, 0, 0.14%, 7, 0, 12, 74.17
1733509327, 308, 40, 41, 0, 0, 0.14%, 7, 0, 12, 71.43
1733509363, 309, 19, 41, 0, 0, 0.14%, 7, 0, 12, 65.88
1733509398, 309, 31, 41, 0, 0, 0.14%, 7, 0, 12, 78.12
1733509429, 309, 40, 41, 0, 0, 0.14%, 7, 0, 12, 73.94
1733509459, 310, 20, 41, 0, 0, 0.14%, 7, 0, 12, 60.90
1733509494, 310, 34, 41, 0, 0, 0.14%, 7, 0, 12, 73.65
1733509520, 311, 25, 41, 0, 0, 0.14%, 7, 0, 12, 67.87
1733509555, 311, 26, 41, 0, 0, 0.14%, 7, 0, 12, 79.41
1733509591, 311, 34, 41, 0, 0, 0.14%, 7, 0, 12, 71.67
1733509621, 312, 18, 41, 0, 0, 0.14%, 7, 0, 12, 63.22
1733509647, 317, 35, 41, 0, 0, 0.14%, 7, 0, 12, 64.52
1733509672, 321, 34, 41, 0, 0, 0.14%, 7, 0, 12, 70.97
1733509708, 324, 26, 41, 0, 0, 0.14%, 7, 0, 12, 77.40
1733509738, 325, 26, 41, 0, 0, 0.14%, 7, 0, 12, 78.06
1733509769, 326, 15, 41, 0, 0, 0.14%, 7, 0, 12, 66.61
1733509804, 326, 31, 41, 0, 0, 0.14%, 7, 0, 12, 71.42
1733509835, 328, 20, 41, 0, 0, 0.14%, 7, 0, 12, 69.27
1733509865, 333, 15, 41, 0, 0, 0.14%, 7, 0, 12, 71.31
1733509901, 333, 26, 41, 0, 0, 0.14%, 7, 0, 12, 81.67
1733509937, 335, 38, 41, 0, 0, 0.14%, 7, 0, 12, 83.01
1733509967, 336, 38, 41, 0, 0, 0.14%, 7, 0, 12, 75.00
1733509998, 339, 27, 41, 0, 0, 0.14%, 7, 0, 12, 78.80
1733510029, 340, 20, 41, 0, 0, 0.14%, 7, 0, 12, 72.41
1733510065, 341, 10, 41, 0, 0, 0.14%, 7, 0, 12, 59.81
1733510080, 341, 18, 41, 0, 0, 0.14%, 7, 0, 12, 63.73
1733510115, 341, 28, 41, 0, 0, 0.14%, 7, 0, 12, 74.95
1733510151, 344, 22, 41, 0, 0, 0.14%, 7, 0, 12, 66.73
1733510186, 344, 23, 41, 0, 0, 0.14%, 7, 0, 12, 65.85
1733510221, 347, 25, 41, 0, 0, 0.14%, 7, 0, 12, 59.96
1733510257, 349, 19, 41, 0, 0, 0.14%, 7, 0, 12, 61.54
1733510292, 355, 22, 41, 0, 0, 0.14%, 7, 0, 12, 65.28
1733510323, 357, 35, 41, 0, 0, 0.14%, 7, 0, 12, 67.25
1733510358, 361, 27, 41, 0, 0, 0.14%, 7, 0, 12, 74.58
1733510394, 363, 27, 41, 0, 0, 0.14%, 7, 0, 12, 77.66
1733510425, 369, 10, 41, 0, 0, 0.14%, 7, 0, 12, 61.46
1733510455, 369, 27, 41, 0, 0, 0.14%, 7, 0, 12, 71.87
1733510491, 370, 28, 41, 0, 0, 0.14%, 7, 0, 12, 74.55
1733510527, 374, 18, 41, 0, 0, 0.14%, 7, 0, 12, 66.88
1733510562, 374, 35, 41, 0, 0, 0.14%, 7, 0, 12, 66.79
1733510598, 377, 10, 41, 0, 0, 0.14%, 7, 0, 12, 59.07
1733510634, 379, 28, 41, 0, 0, 0.14%, 7, 0, 12, 84.68
1733510665, 380, 35, 41, 0, 0, 0.14%, 7, 0, 12, 73.30
1733510690, 383, 35, 41, 0, 0, 0.14%, 7, 0, 12, 63.67
1733510726, 395, 18, 41, 0, 0, 0.14%, 7, 0, 12, 63.13
1733510761, 395, 23, 41, 0, 0, 0.14%, 7, 0, 12, 64.14
1733510797, 396, 23, 41, 0, 0, 0.14%, 7, 0, 12, 67.43
1733510833, 398, 28, 41, 0, 0, 0.14%, 7, 0, 12, 74.72
1733510863, 398, 35, 41, 0, 0, 0.14%, 7, 0, 12, 72.82
1733510894, 401, 17, 41, 0, 0, 0.14%, 7, 0, 12, 63.88
1733510909, 426, 26, 41, 0, 0, 0.14%, 7, 0, 12, 75.34
1733510939, 445, 26, 41, 0, 0, 0.14%, 7, 0, 12, 65.23
1733510970, 446, 17, 41, 0, 0, 0.14%, 7, 0, 12, 70.15
1733511006, 453, 17, 41, 0, 0, 0.14%, 7, 0, 12, 59.04
1733511047, 468, 17, 41, 0, 0, 0.14%, 7, 0, 12, 67.17
1733511082, 474, 17, 41, 0, 0, 0.14%, 7, 0, 12, 61.33
1733511117, 480, 26, 41, 0, 0, 0.14%, 7, 0, 12, 72.46
1733511153, 502, 26, 41, 0, 0, 0.14%, 7, 0, 12, 82.44
1733511184, 15295, 0, 41, 0, 0, 0.14%, 7, 0, 12, 0.00
1733511189, 37125, 0, 41, 0, 0, 0.14%, 7, 0, 12, 0.00
1733511194, 59789, 0, 41, 0, 0, 0.14%, 7, 0, 12, 0.00
1733511199, 81755, 0, 41, 0, 0, 0.14%, 7, 0, 12, 0.00
1733511205, 104415, 0, 41, 0, 0, 0.14%, 7, 0, 12, 0.00
1733511210, 126194, 0, 41, 0, 0, 0.14%, 7, 0, 12, 0.00
1733511215, 149601, 0, 41, 0, 0, 0.14%, 7, 0, 12, 0.00
1733511220, 171334, 0, 41, 0, 0, 0.14%, 7, 0, 12, 0.00
1733511225, 194022, 0, 41, 0, 0, 0.14%, 7, 0, 12, 0.00
1733511231, 215741, 0, 41, 0, 0, 0.14%, 7, 0, 12, 0.00
1733511236, 238441, 0, 41, 0, 0, 0.14%, 7, 0, 12, 0.00
1733511241, 261245, 0, 41, 0, 0, 0.14%, 7, 0, 12, 0.00
1733511246, 283685, 0, 41, 0, 0, 0.14%, 7, 0, 12, 0.00
1733511251, 306228, 0, 41, 0, 0, 0.14%, 7, 0, 12, 0.00
1733511257, 328002, 0, 41, 0, 0, 0.14%, 7, 0, 12, 0.00
1733511262, 351484, 0, 41, 0, 0, 0.14%, 7, 0, 12, 0.00
1733511267, 373312, 0, 41, 0, 0, 0.14%, 7, 0, 12, 0.00
1733511272, 395982, 0, 41, 0, 0, 0.14%, 7, 0, 12, 0.00
1733511277, 417839, 0, 41, 0, 0, 0.14%, 7, 0, 12, 0.00
1733511283, 440483, 0, 41, 0, 0, 0.14%, 7, 0, 12, 0.00
1733511288, 462336, 0, 41, 0, 0, 0.14%, 7, 0, 12, 0.00
1733511293, 485900, 0, 41, 0, 0, 0.14%, 7, 0, 12, 0.00
1733511298, 507730, 0, 41, 0, 0, 0.14%, 7, 0, 12, 0.00
1733511303, 530489, 0, 41, 0, 0, 0.14%, 7, 0, 12, 0.00
1733511309, 552366, 0, 41, 0, 0, 0.14%, 7, 0, 12, 0.00
1733511314, 575014, 0, 41, 0, 0, 0.14%, 7, 0, 12, 0.00
1733511319, 597687, 0, 41, 0, 0, 0.14%, 7, 0, 12, 0.00
1733511324, 620394, 0, 41, 0, 0, 0.14%, 7, 0, 12, 0.00
1733511329, 642777, 0, 41, 0, 0, 0.14%, 7, 0, 12, 0.00
1733511335, 664985, 0, 41, 0, 0, 0.14%, 7, 0, 12, 0.00
1733511340, 688490, 0, 41, 0, 0, 0.14%, 7, 0, 12, 0.00
1733511345, 710408, 0, 41, 0, 0, 0.14%, 7, 0, 12, 0.00
1733511350, 733080, 0, 41, 0, 0, 0.14%, 7, 0, 12, 0.00
1733511355, 755022, 0, 41, 0, 0, 0.14%, 7, 0, 12, 0.00
1733511361, 777731, 0, 41, 0, 0, 0.14%, 7, 0, 12, 0.00
1733511366, 799542, 0, 41, 0, 0, 0.14%, 7, 0, 12, 0.00
1733511371, 823069, 0, 41, 0, 0, 0.14%, 7, 0, 12, 0.00
1733511376, 844938, 0, 41, 0, 0, 0.14%, 7, 0, 12, 0.00
1733511381, 867658, 0, 41, 0, 0, 0.14%, 7, 0, 12, 0.00
1733511387, 889555, 0, 41, 0, 0, 0.14%, 7, 0, 12, 0.00
1733511392, 912298, 0, 41, 0, 0, 0.14%, 7, 0, 12, 0.00
1733511397, 935094, 0, 41, 0, 0, 0.14%, 7, 0, 12, 0.00
1733511402, 957786, 0, 41, 0, 0, 0.14%, 7, 0, 12, 0.00
1733511407, 979677, 0, 41, 0, 0, 0.14%, 7, 0, 12, 0.00
1733511413, 1002410, 0, 41, 0, 0, 0.14%, 7, 0, 12, 0.00
1733511418, 1025154, 0, 41, 0, 0, 0.14%, 7, 0, 12, 0.00
1733511423, 1047860, 0, 41, 0, 0, 0.14%, 7, 0, 12, 0.00
1733511428, 1070529, 0, 41, 0, 0, 0.14%, 7, 0, 12, 0.00
1733511433, 1092403, 0, 41, 0, 0, 0.14%, 7, 0, 12, 0.00
1733511439, 1115165, 0, 41, 0, 0, 0.14%, 7, 0, 12, 0.00
1733511444, 1136980, 0, 41, 0, 0, 0.14%, 7, 0, 12, 0.00
1733511449, 1160576, 0, 41, 0, 0, 0.14%, 7, 0, 12, 0.00
1733511454, 1182373, 0, 41, 0, 0, 0.14%, 7, 0, 12, 0.00
1733511459, 1205111, 0, 41, 0, 0, 0.14%, 7, 0, 12, 0.00
1733511465, 1227041, 0, 41, 0, 0, 0.14%, 7, 0, 12, 0.00
1733511470, 1249837, 0, 41, 0, 0, 0.14%, 7, 0, 12, 0.00
1733511475, 1272551, 0, 41, 0, 0, 0.14%, 7, 0, 12, 0.00
1733511480, 1295258, 0, 41, 0, 0, 0.14%, 7, 0, 12, 0.00
1733511485, 1317140, 0, 41, 0, 0, 0.14%, 7, 0, 12, 0.00
1733511491, 1339817, 0, 41, 0, 0, 0.14%, 7, 0, 12, 0.00
1733511496, 1361773, 0, 41, 0, 0, 0.14%, 7, 0, 12, 0.00
1733511501, 1385268, 0, 41, 0, 0, 0.14%, 7, 0, 12, 0.00
1733511506, 1407390, 0, 41, 0, 0, 0.14%, 7, 0, 12, 0.00
1733511511, 1429814, 0, 41, 0, 0, 0.14%, 7, 0, 12, 0.00
1733511517, 1452533, 0, 41, 0, 0, 0.14%, 7, 0, 12, 0.00
1733511522, 1474293, 0, 41, 0, 0, 0.14%, 7, 0, 12, 0.00
1733511527, 1497803, 0, 41, 0, 0, 0.14%, 7, 0, 12, 0.00
1733511532, 1519740, 0, 41, 0, 0, 0.14%, 7, 0, 12, 0.00
1733511537, 1542422, 0, 41, 0, 0, 0.14%, 7, 0, 12, 0.00
1733511543, 1564325, 0, 41, 0, 0, 0.14%, 7, 0, 12, 0.00
1733511548, 1587031, 0, 41, 0, 0, 0.14%, 7, 0, 12, 0.00
1733511553, 1609685, 0, 41, 0, 0, 0.14%, 7, 0, 12, 0.00
1733511558, 1632338, 0, 41, 0, 0, 0.14%, 7, 0, 12, 0.00
1733511563, 1654077, 0, 41, 0, 0, 0.14%, 7, 0, 12, 0.00
1733511569, 1676822, 0, 41, 0, 0, 0.14%, 7, 0, 12, 0.00
1733511574, 1698687, 0, 41, 0, 0, 0.14%, 7, 0, 12, 0.00
1733511579, 1722256, 0, 41, 0, 0, 0.14%, 7, 0, 12, 0.00
1733511584, 1744048, 0, 41, 0, 0, 0.14%, 7, 0, 12, 0.00
1733511589, 1766621, 0, 41, 0, 0, 0.14%, 7, 0, 12, 0.00
1733511595, 1789087, 0, 41, 0, 0, 0.14%, 7, 0, 12, 0.00
1733511600, 1811118, 0, 41, 0, 0, 0.14%, 7, 0, 12, 0.00
1733511605, 1834578, 0, 41, 0, 0, 0.14%, 7, 0, 12, 0.00
1733511610, 1856548, 0, 41, 0, 0, 0.14%, 7, 0, 12, 0.00
1733511615, 1879293, 0, 41, 0, 0, 0.14%, 7, 0, 12, 0.00
1733511621, 1901221, 0, 41, 0, 0, 0.14%, 7, 0, 12, 0.00
1733511626, 1923819, 0, 41, 0, 0, 0.14%, 7, 0, 12, 0.00
1733511631, 1946499, 0, 41, 0, 0, 0.14%, 7, 0, 12, 0.00
1733511636, 1969231, 0, 41, 0, 0, 0.14%, 7, 0, 12, 0.00
1733511641, 1990998, 0, 41, 0, 0, 0.14%, 7, 0, 12, 0.00
1733511647, 2013587, 0, 41, 0, 0, 0.14%, 7, 0, 12, 0.00
1733511652, 2035418, 0, 41, 0, 0, 0.14%, 7, 0, 12, 0.00
1733511657, 2058926, 0, 41, 0, 0, 0.14%, 7, 0, 12, 0.00
1733511662, 2080875, 0, 41, 0, 0, 0.14%, 7, 0, 12, 0.00
1733511667, 2103490, 0, 41, 0, 0, 0.14%, 7, 0, 12, 0.00
1733511673, 2125393, 0, 41, 0, 0, 0.14%, 7, 0, 12, 0.00
1733511678, 2148049, 0, 41, 0, 0, 0.14%, 7, 0, 12, 0.00
1733511683, 2170766, 0, 41, 0, 0, 0.14%, 7, 0, 12, 0.00
1733511688, 2193449, 0, 41, 0, 0, 0.14%, 7, 0, 12, 0.00
1733511693, 2216092, 0, 41, 0, 0, 0.14%, 7, 0, 12, 0.00
1733511699, 2237980, 0, 41, 0, 0, 0.14%, 7, 0, 12, 0.00
1733511704, 2260675, 0, 41, 0, 0, 0.14%, 7, 0, 12, 0.00
1733511709, 2283470, 0, 41, 0, 0, 0.14%, 7, 0, 12, 0.00
1733511714, 2306237, 0, 41, 0, 0, 0.14%, 7, 0, 12, 0.00
1733511719, 2328076, 0, 41, 0, 0, 0.14%, 7, 0, 12, 0.00
1733511725, 2350693, 0, 41, 0, 0, 0.14%, 7, 0, 12, 0.00
1733511730, 2372553, 0, 41, 0, 0, 0.14%, 7, 0, 12, 0.00
1733511735, 2396062, 0, 41, 0, 0, 0.14%, 7, 0, 12, 0.00
1733511740, 2418011, 0, 41, 0, 0, 0.14%, 7, 0, 12, 0.00
1733511745, 2440568, 0, 41, 0, 0, 0.14%, 7, 0, 12, 0.00
1733511751, 2462465, 0, 41, 0, 0, 0.14%, 7, 0, 12, 0.00
1733511756, 2485251, 0, 41, 0, 0, 0.14%, 7, 0, 12, 0.00
1733511761, 2507081, 0, 41, 0, 0, 0.14%, 7, 0, 12, 0.00
1733511766, 2530527, 0, 41, 0, 0, 0.14%, 7, 0, 12, 0.00
1733511771, 2552725, 0, 41, 0, 0, 0.14%, 7, 0, 12, 0.00
1733511777, 2575126, 0, 41, 0, 0, 0.14%, 7, 0, 12, 0.00
1733511782, 2597752, 0, 41, 0, 0, 0.14%, 7, 0, 12, 0.00
1733511787, 2619588, 0, 41, 0, 0, 0.14%, 7, 0, 12, 0.00
1733511792, 2643017, 0, 41, 0, 0, 0.14%, 7, 0, 12, 0.00
1733511797, 2664843, 0, 41, 0, 0, 0.14%, 7, 0, 12, 0.00
1733511803, 2687544, 0, 41, 0, 0, 0.14%, 7, 0, 12, 0.00
1733511808, 2709377, 0, 41, 0, 0, 0.14%, 7, 0, 12, 0.00
1733511813, 2732863, 0, 41, 0, 0, 0.14%, 7, 0, 12, 0.00
1733511818, 2754699, 0, 41, 0, 0, 0.14%, 7, 0, 12, 0.00
1733511823, 2777246, 0, 41, 0, 0, 0.14%, 7, 0, 12, 0.00
1733511829, 2799054, 0, 41, 0, 0, 0.14%, 7, 0, 12, 0.00
1733511834, 2821625, 0, 41, 0, 0, 0.14%, 7, 0, 12, 0.00
1733511839, 2843422, 0, 41, 0, 0, 0.14%, 7, 0, 12, 0.00
1733511844, 2866853, 0, 41, 0, 0, 0.14%, 7, 0, 12, 0.00
1733511849, 2888599, 0, 41, 0, 0, 0.14%, 7, 0, 12, 0.00
1733511855, 2911274, 0, 41, 0, 0, 0.14%, 7, 0, 12, 0.00
1733511860, 2933847, 0, 41, 0, 0, 0.14%, 7, 0, 12, 0.00
1733511865, 2955802, 0, 41, 0, 0, 0.14%, 7, 0, 12, 0.00
1733511870, 2979325, 0, 41, 0, 0, 0.14%, 7, 0, 12, 0.00
1733511875, 3001185, 0, 41, 0, 0, 0.14%, 7, 0, 12, 0.00
1733511881, 3023783, 0, 41, 0, 0, 0.14%, 7, 0, 12, 0.00
1733511886, 3045707, 0, 41, 0, 0, 0.14%, 7, 0, 12, 0.00
1733511891, 3069234, 0, 41, 0, 0, 0.14%, 7, 0, 12, 0.00
1733511896, 3090982, 0, 41, 0, 0, 0.14%, 7, 0, 12, 0.00
1733511901, 3113637, 0, 41, 0, 0, 0.14%, 7, 0, 12, 0.00
1733511907, 3135481, 0, 41, 0, 0, 0.14%, 7, 0, 12, 0.00
1733511912, 3158175, 0, 41, 0, 0, 0.14%, 7, 0, 12, 0.00
1733511917, 3179922, 0, 41, 0, 0, 0.14%, 7, 0, 12, 0.00
1733511922, 3203377, 0, 41, 0, 0, 0.14%, 7, 0, 12, 0.00
1733511927, 3225201, 0, 41, 0, 0, 0.14%, 7, 0, 12, 0.00
1733511933, 3247952, 0, 41, 0, 0, 0.14%, 7, 0, 12, 0.00
1733511938, 3269825, 0, 41, 0, 0, 0.14%, 7, 0, 12, 0.00
1733511943, 3292455, 0, 41, 0, 0, 0.14%, 7, 0, 12, 0.00
1733511948, 3315286, 0, 41, 0, 0, 0.14%, 7, 0, 12, 0.00
1733511953, 3337790, 0, 41, 0, 0, 0.14%, 7, 0, 12, 0.00
1733511959, 3360562, 0, 41, 0, 0, 0.14%, 7, 0, 12, 0.00
1733511964, 3382371, 0, 41, 0, 0, 0.14%, 7, 0, 12, 0.00
1733511969, 3405892, 0, 41, 0, 0, 0.14%, 7, 0, 12, 0.00
1733511974, 3427756, 0, 41, 0, 0, 0.14%, 7, 0, 12, 0.00
1733511979, 3450464, 0, 41, 0, 0, 0.14%, 7, 0, 12, 0.00
1733511985, 3472372, 0, 41, 0, 0, 0.14%, 7, 0, 12, 0.00
1733511990, 3494998, 0, 41, 0, 0, 0.14%, 7, 0, 12, 0.00
1733511995, 3516941, 0, 41, 0, 0, 0.14%, 7, 0, 12, 0.00
1733512000, 3540418, 0, 41, 0, 0, 0.14%, 7, 0, 12, 0.00
1733512005, 3562306, 0, 41, 0, 0, 0.14%, 7, 0, 12, 0.00
1733512011, 3584991, 0, 41, 0, 0, 0.14%, 7, 0, 12, 0.00
1733512016, 3606880, 0, 41, 0, 0, 0.14%, 7, 0, 12, 0.00
1733512021, 3629508, 0, 41, 0, 0, 0.14%, 7, 0, 12, 0.00
1733512026, 3652158, 0, 41, 0, 0, 0.14%, 7, 0, 12, 0.00
1733512031, 3674977, 0, 41, 0, 0, 0.14%, 7, 0, 12, 0.00
1733512037, 3697270, 0, 41, 0, 0, 0.14%, 7, 0, 12, 0.00
1733512042, 3719471, 0, 41, 0, 0, 0.14%, 7, 0, 12, 0.00
1733512047, 3742135, 0, 41, 0, 0, 0.14%, 7, 0, 12, 0.00
1733512052, 3764865, 0, 41, 0, 0, 0.14%, 7, 0, 12, 0.00
1733512057, 3787550, 0, 41, 0, 0, 0.14%, 7, 0, 12, 0.00
1733512063, 3809338, 0, 41, 0, 0, 0.14%, 7, 0, 12, 0.00
1733512068, 3832047, 0, 41, 0, 0, 0.14%, 7, 0, 12, 0.00
1733512073, 3853889, 0, 41, 0, 0, 0.14%, 7, 0, 12, 0.00
1733512078, 3877476, 0, 41, 0, 0, 0.14%, 7, 0, 12, 0.00
1733512083, 3899266, 0, 41, 0, 0, 0.14%, 7, 0, 12, 0.00
1733512089, 3921869, 0, 41, 0, 0, 0.14%, 7, 0, 12, 0.00
1733512094, 3943745, 0, 41, 0, 0, 0.14%, 7, 0, 12, 0.00
1733512099, 3966362, 0, 41, 0, 0, 0.14%, 7, 0, 12, 0.00
1733512104, 3988903, 0, 41, 0, 0, 0.14%, 7, 0, 12, 0.00
1733512109, 4011537, 0, 41, 0, 0, 0.14%, 7, 0, 12, 0.00
1733512115, 4033464, 0, 41, 0, 0, 0.14%, 7, 0, 12, 0.00
1733512120, 4056210, 0, 41, 0, 0, 0.14%, 7, 0, 12, 0.00
1733512125, 4078959, 0, 41, 0, 0, 0.14%, 7, 0, 12, 0.00
1733512130, 4101631, 0, 41, 0, 0, 0.14%, 7, 0, 12, 0.00
1733512135, 4124340, 0, 41, 0, 0, 0.14%, 7, 0, 12, 0.00
1733512141, 4146175, 0, 41, 0, 0, 0.14%, 7, 0, 12, 0.00
1733512146, 4168924, 0, 41, 0, 0, 0.14%, 7, 0, 12, 0.00
1733512151, 4190792, 0, 41, 0, 0, 0.14%, 7, 0, 12, 0.00
1733512156, 4214229, 0, 41, 0, 0, 0.14%, 7, 0, 12, 0.00
1733512161, 4236205, 0, 41, 0, 0, 0.14%, 7, 0, 12, 0.00
1733512167, 4258869, 0, 41, 0, 0, 0.14%, 7, 0, 12, 0.00
1733512172, 4280650, 0, 41, 0, 0, 0.14%, 7, 0, 12, 0.00
1733512177, 4303347, 0, 41, 0, 0, 0.14%, 7, 0, 12, 0.00
1733512182, 4325924, 0, 41, 0, 0, 0.14%, 7, 0, 12, 0.00
1733512187, 4348620, 0, 41, 0, 0, 0.14%, 7, 0, 12, 0.00
1733512193, 4370622, 0, 41, 0, 0, 0.14%, 7, 0, 12, 0.00
1733512198, 4393399, 0, 41, 0, 0, 0.14%, 7, 0, 12, 0.00
1733512203, 4415325, 0, 41, 0, 0, 0.14%, 7, 0, 12, 0.00
1733512208, 4438886, 0, 41, 0, 0, 0.14%, 7, 0, 12, 0.00
1733512213, 4461096, 0, 41, 0, 0, 0.14%, 7, 0, 12, 0.00
1733512219, 4483553, 0, 41, 0, 0, 0.14%, 7, 0, 12, 0.00
1733512224, 4506334, 0, 41, 0, 0, 0.14%, 7, 0, 12, 0.00
1733512229, 4528307, 0, 41, 0, 0, 0.14%, 7, 0, 12, 0.00
1733512234, 4551809, 0, 41, 0, 0, 0.14%, 7, 0, 12, 0.00
1733512239, 4573593, 0, 41, 0, 0, 0.14%, 7, 0, 12, 0.00
1733512245, 4596258, 0, 41, 0, 0, 0.14%, 7, 0, 12, 0.00
1733512250, 4618286, 0, 41, 0, 0, 0.14%, 7, 0, 12, 0.00
1733512255, 4641021, 0, 41, 0, 0, 0.14%, 7, 0, 12, 0.00
1733512260, 4663672, 0, 41, 0, 0, 0.14%, 7, 0, 12, 0.00
1733512265, 4686414, 0, 41, 0, 0, 0.14%, 7, 0, 12, 0.00
1733512271, 4708252, 0, 41, 0, 0, 0.14%, 7, 0, 12, 0.00
1733512276, 4731043, 0, 41, 0, 0, 0.14%, 7, 0, 12, 0.00
1733512281, 4752847, 0, 41, 0, 0, 0.14%, 7, 0, 12, 0.00
1733512286, 4776327, 0, 41, 0, 0, 0.14%, 7, 0, 12, 0.00
1733512291, 4798234, 0, 41, 0, 0, 0.14%, 7, 0, 12, 0.00
1733512297, 4820956, 0, 41, 0, 0, 0.14%, 7, 0, 12, 0.00
1733512302, 4843418, 0, 41, 0, 0, 0.14%, 7, 0, 12, 0.00
1733512307, 4865574, 0, 41, 0, 0, 0.14%, 7, 0, 12, 0.00
1733512312, 4889117, 0, 41, 0, 0, 0.14%, 7, 0, 12, 0.00
1733512317, 4910914, 0, 41, 0, 0, 0.14%, 7, 0, 12, 0.00
1733512323, 4933640, 0, 41, 0, 0, 0.14%, 7, 0, 12, 0.00
1733512328, 4955537, 0, 41, 0, 0, 0.14%, 7, 0, 12, 0.00
1733512333, 4978212, 0, 41, 0, 0, 0.14%, 7, 0, 12, 0.00
1733512338, 5000825, 0, 41, 0, 0, 0.14%, 7, 0, 12, 0.00
1733512343, 5023545, 0, 41, 0, 0, 0.14%, 7, 0, 12, 0.00
1733512349, 5045367, 0, 41, 0, 0, 0.14%, 7, 0, 12, 0.00
1733512354, 5068119, 0, 41, 0, 0, 0.14%, 7, 0, 12, 0.00
1733512359, 5089915, 0, 41, 0, 0, 0.14%, 7, 0, 12, 0.00
1733512364, 5113451, 0, 41, 0, 0, 0.14%, 7, 0, 12, 0.00
1733512369, 5135339, 0, 41, 0, 0, 0.14%, 7, 0, 12, 0.00
1733512375, 5158051, 0, 41, 0, 0, 0.14%, 7, 0, 12, 0.00
1733512380, 5179999, 0, 41, 0, 0, 0.14%, 7, 0, 12, 0.00
1733512385, 5202686, 0, 41, 0, 0, 0.14%, 7, 0, 12, 0.00
1733512390, 5225491, 0, 41, 0, 0, 0.14%, 7, 0, 12, 0.00
1733512395, 5248005, 0, 41, 0, 0, 0.14%, 7, 0, 12, 0.00
1733512401, 5270751, 0, 41, 0, 0, 0.14%, 7, 0, 12, 0.00
1733512406, 5292672, 0, 41, 0, 0, 0.14%, 7, 0, 12, 0.00
1733512411, 5315314, 0, 41, 0, 0, 0.14%, 7, 0, 12, 0.00
1733512416, 5337030, 0, 41, 0, 0, 0.14%, 7, 0, 12, 0.00
1733512421, 5360508, 0, 41, 0, 0, 0.14%, 7, 0, 12, 0.00
1733512427, 5382332, 0, 41, 0, 0, 0.14%, 7, 0, 12, 0.00
1733512432, 5405008, 0, 41, 0, 0, 0.14%, 7, 0, 12, 0.00
1733512437, 5426860, 0, 41, 0, 0, 0.14%, 7, 0, 12, 0.00
1733512442, 5450425, 0, 41, 0, 0, 0.14%, 7, 0, 12, 0.00
1733512447, 5472320, 0, 41, 0, 0, 0.14%, 7, 0, 12, 0.00
1733512453, 5494971, 0, 41, 0, 0, 0.14%, 7, 0, 12, 0.00
1733512458, 5516921, 0, 41, 0, 0, 0.14%, 7, 0, 12, 0.00
1733512463, 5539534, 0, 41, 0, 0, 0.14%, 7, 0, 12, 0.00
1733512468, 5561365, 0, 41, 0, 0, 0.14%, 7, 0, 12, 0.00
1733512473, 5584832, 0, 41, 0, 0, 0.14%, 7, 0, 12, 0.00
1733512479, 5607033, 0, 41, 0, 0, 0.14%, 7, 0, 12, 0.00
1733512484, 5629438, 0, 41, 0, 0, 0.14%, 7, 0, 12, 0.00
1733512489, 5652054, 0, 41, 0, 0, 0.14%, 7, 0, 12, 0.00
1733512494, 5673860, 0, 41, 0, 0, 0.14%, 7, 0, 12, 0.00
1733512499, 5697384, 0, 41, 0, 0, 0.14%, 7, 0, 12, 0.00
1733512505, 5719217, 0, 41, 0, 0, 0.14%, 7, 0, 12, 0.00
1733512510, 5741838, 0, 41, 0, 0, 0.14%, 7, 0, 12, 0.00
1733512515, 5763690, 0, 41, 0, 0, 0.14%, 7, 0, 12, 0.00
1733512520, 5787197, 0, 41, 0, 0, 0.14%, 7, 0, 12, 0.00
1733512525, 5808974, 0, 41, 0, 0, 0.14%, 7, 0, 12, 0.00
1733512531, 5831525, 0, 41, 0, 0, 0.14%, 7, 0, 12, 0.00
1733512536, 5853342, 0, 41, 0, 0, 0.14%, 7, 0, 12, 0.00
1733512541, 5876082, 0, 41, 0, 0, 0.14%, 7, 0, 12, 0.00
1733512546, 5897848, 0, 41, 0, 0, 0.14%, 7, 0, 12, 0.00
1733512551, 5921359, 0, 41, 0, 0, 0.14%, 7, 0, 12, 0.00
1733512557, 5943097, 0, 41, 0, 0, 0.14%, 7, 0, 12, 0.00
1733512562, 5965734, 0, 41, 0, 0, 0.14%, 7, 0, 12, 0.00
1733512567, 5988261, 0, 41, 0, 0, 0.14%, 7, 0, 12, 0.00
1733512572, 6010305, 0, 41, 0, 0, 0.14%, 7, 0, 12, 0.00
1733512577, 6033798, 0, 41, 0, 0, 0.14%, 7, 0, 12, 0.00
1733512583, 6055681, 0, 41, 0, 0, 0.14%, 7, 0, 12, 0.00
1733512588, 6078309, 0, 41, 0, 0, 0.14%, 7, 0, 12, 0.00
1733512593, 6100184, 0, 41, 0, 0, 0.14%, 7, 0, 12, 0.00
1733512598, 6122959, 0, 41, 0, 0, 0.14%, 7, 0, 12, 0.00
1733512603, 6145648, 0, 41, 0, 0, 0.14%, 7, 0, 12, 0.00
1733512609, 6168180, 0, 41, 0, 0, 0.14%, 7, 0, 12, 0.00
1733512614, 6190111, 0, 41, 0, 0, 0.14%, 7, 0, 12, 0.00
1733512619, 6212796, 0, 41, 0, 0, 0.14%, 7, 0, 12, 0.00
1733512624, 6234709, 0, 41, 0, 0, 0.14%, 7, 0, 12, 0.00
1733512629, 6258123, 0, 41, 0, 0, 0.14%, 7, 0, 12, 0.00
1733512635, 6279849, 0, 41, 0, 0, 0.14%, 7, 0, 12, 0.00
1733512640, 6302483, 0, 41, 0, 0, 0.14%, 7, 0, 12, 0.00
1733512645, 6324309, 0, 41, 0, 0, 0.14%, 7, 0, 12, 0.00
1733512650, 6346985, 0, 41, 0, 0, 0.14%, 7, 0, 12, 0.00
1733512655, 6369778, 0, 41, 0, 0, 0.14%, 7, 0, 12, 0.00
1733512661, 6392363, 0, 41, 0, 0, 0.14%, 7, 0, 12, 0.00
1733512666, 6415040, 0, 41, 0, 0, 0.14%, 7, 0, 12, 0.00
1733512671, 6436916, 0, 41, 0, 0, 0.14%, 7, 0, 12, 0.00
1733512676, 6459724, 0, 41, 0, 0, 0.14%, 7, 0, 12, 0.00
1733512681, 6482356, 0, 41, 0, 0, 0.14%, 7, 0, 12, 0.00
1733512687, 6505035, 0, 41, 0, 0, 0.14%, 7, 0, 12, 0.00
1733512692, 6526805, 0, 41, 0, 0, 0.14%, 7, 0, 12, 0.00
1733512697, 6549533, 0, 41, 0, 0, 0.14%, 7, 0, 12, 0.00
1733512702, 6571339, 0, 41, 0, 0, 0.14%, 7, 0, 12, 0.00
1733512707, 6594008, 0, 41, 0, 0, 0.14%, 7, 0, 12, 0.00
1733512713, 6615815, 0, 41, 0, 0, 0.14%, 7, 0, 12, 0.00
1733512718, 6638417, 0, 41, 0, 0, 0.14%, 7, 0, 12, 0.00
1733512723, 6660411, 0, 41, 0, 0, 0.14%, 7, 0, 12, 0.00
1733512728, 6682261, 0, 41, 0, 0, 0.14%, 7, 0, 12, 0.00
1733512733, 6704170, 0, 41, 0, 0, 0.14%, 7, 0, 12, 0.00
1733512739, 6726064, 0, 41, 0, 0, 0.14%, 7, 0, 12, 0.00
1733512744, 6748685, 0, 41, 0, 0, 0.14%, 7, 0, 12, 0.00
1733512749, 6770591, 0, 41, 0, 0, 0.14%, 7, 0, 12, 0.00
1733512754, 6792341, 0, 41, 0, 0, 0.14%, 7, 0, 12, 0.00
1733512759, 6814761, 0, 41, 0, 0, 0.14%, 7, 0, 12, 0.00
1733512765, 6836944, 0, 41, 0, 0, 0.14%, 7, 0, 12, 0.00
1733512770, 6859677, 0, 41, 0, 0, 0.14%, 7, 0, 12, 0.00
1733512775, 6881606, 0, 41, 0, 0, 0.14%, 7, 0, 12, 0.00
1733512780, 6904269, 0, 41, 0, 0, 0.14%, 7, 0, 12, 0.00
1733512785, 6926081, 0, 41, 0, 0, 0.14%, 7, 0, 12, 0.00
1733512791, 6947964, 0, 41, 0, 0, 0.14%, 7, 0, 12, 0.00
1733512796, 6969817, 0, 41, 0, 0, 0.14%, 7, 0, 12, 0.00
1733512801, 6992235, 0, 41, 0, 0, 0.14%, 7, 0, 12, 0.00
1733512806, 7014116, 0, 41, 0, 0, 0.14%, 7, 0, 12, 0.00
1733512811, 7036800, 0, 41, 0, 0, 0.14%, 7, 0, 12, 0.00
1733512817, 7058605, 0, 41, 0, 0, 0.14%, 7, 0, 12, 0.00
1733512822, 7081376, 0, 41, 0, 0, 0.14%, 7, 0, 12, 0.00
1733512827, 7103227, 0, 41, 0, 0, 0.14%, 7, 0, 12, 0.00
1733512832, 7125865, 0, 41, 0, 0, 0.14%, 7, 0, 12, 0.00
1733512837, 7147708, 0, 41, 0, 0, 0.14%, 7, 0, 12, 0.00
1733512843, 7170343, 0, 41, 0, 0, 0.14%, 7, 0, 12, 0.00
1733512848, 7191364, 0, 41, 0, 0, 0.14%, 7, 0, 12, 0.00
1733512853, 7214046, 0, 41, 0, 0, 0.14%, 7, 0, 12, 0.00
1733512858, 7235786, 0, 41, 0, 0, 0.14%, 7, 0, 12, 0.00
1733512863, 7258395, 0, 41, 0, 0, 0.14%, 7, 0, 12, 0.00
1733512869, 7280631, 0, 41, 0, 0, 0.14%, 7, 0, 12, 0.00
1733512874, 7302745, 0, 41, 0, 0, 0.14%, 7, 0, 12, 0.00
1733512879, 7325455, 0, 41, 0, 0, 0.14%, 7, 0, 12, 0.00
1733512884, 7347241, 0, 41, 0, 0, 0.14%, 7, 0, 12, 0.00
1733512889, 7369881, 0, 41, 0, 0, 0.14%, 7, 0, 12, 0.00
1733512895, 7391635, 0, 41, 0, 0, 0.14%, 7, 0, 12, 0.00
1733512900, 7413372, 0, 41, 0, 0, 0.14%, 7, 0, 12, 0.00
1733512905, 7435191, 0, 41, 0, 0, 0.14%, 7, 0, 12, 0.00
1733512910, 7457864, 0, 41, 0, 0, 0.14%, 7, 0, 12, 0.00
1733512915, 7479728, 0, 41, 0, 0, 0.14%, 7, 0, 12, 0.00
1733512921, 7503218, 0, 41, 0, 0, 0.14%, 7, 0, 12, 0.00
1733512926, 7524961, 0, 41, 0, 0, 0.14%, 7, 0, 12, 0.00
1733512931, 7546030, 0, 41, 0, 0, 0.14%, 7, 0, 12, 0.00
1733512936, 7568691, 0, 41, 0, 0, 0.14%, 7, 0, 12, 0.00
1733512941, 7589701, 0, 41, 0, 0, 0.14%, 7, 0, 12, 0.00
1733512947, 7611515, 0, 41, 0, 0, 0.14%, 7, 0, 12, 0.00
1733512952, 7632764, 0, 41, 0, 0, 0.14%, 7, 0, 12, 0.00
1733512957, 7655093, 0, 41, 0, 0, 0.14%, 7, 0, 12, 0.00
1733512962, 7676821, 0, 41, 0, 0, 0.14%, 7, 0, 12, 0.00
1733512967, 7698721, 0, 41, 0, 0, 0.14%, 7, 0, 12, 0.00
1733512973, 7720561, 0, 41, 0, 0, 0.14%, 7, 0, 12, 0.00
1733512978, 7742926, 0, 41, 0, 0, 0.14%, 7, 0, 12, 0.00
1733512983, 7764195, 0, 41, 0, 0, 0.14%, 7, 0, 12, 0.00
1733512988, 7786894, 0, 41, 0, 0, 0.14%, 7, 0, 12, 0.00
1733512993, 7808767, 0, 41, 0, 0, 0.14%, 7, 0, 12, 0.00
1733512999, 7830584, 0, 41, 0, 0, 0.14%, 7, 0, 12, 0.00
1733513004, 7853217, 0, 41, 0, 0, 0.14%, 7, 0, 12, 0.00
1733513009, 7875027, 0, 41, 0, 0, 0.14%, 7, 0, 12, 0.00
1733513014, 7896881, 0, 41, 0, 0, 0.14%, 7, 0, 12, 0.00
1733513019, 7918700, 0, 41, 0, 0, 0.14%, 7, 0, 12, 0.00
1733513025, 7941298, 0, 41, 0, 0, 0.14%, 7, 0, 12, 0.00
1733513030, 7963862, 0, 41, 0, 0, 0.14%, 7, 0, 12, 0.00
1733513035, 7985665, 0, 41, 0, 0, 0.14%, 7, 0, 12, 0.00
1733513040, 8009263, 0, 41, 0, 0, 0.14%, 7, 0, 12, 0.00
1733513045, 8031199, 0, 41, 0, 0, 0.14%, 7, 0, 12, 0.00
1733513051, 8053923, 0, 41, 0, 0, 0.14%, 7, 0, 12, 0.00
1733513056, 8075622, 0, 41, 0, 0, 0.14%, 7, 0, 12, 0.00
1733513061, 8097480, 0, 41, 0, 0, 0.14%, 7, 0, 12, 0.00
1733513066, 8119344, 0, 41, 0, 0, 0.14%, 7, 0, 12, 0.00
1733513071, 8142064, 0, 41, 0, 0, 0.14%, 7, 0, 12, 0.00
1733513077, 8164754, 0, 41, 0, 0, 0.14%, 7, 0, 12, 0.00
1733513082, 8187441, 0, 41, 0, 0, 0.14%, 7, 0, 12, 0.00
1733513087, 8209230, 0, 41, 0, 0, 0.14%, 7, 0, 12, 0.00
1733513092, 8231846, 0, 41, 0, 0, 0.14%, 7, 0, 12, 0.00
1733513097, 8254401, 0, 41, 0, 0, 0.14%, 7, 0, 12, 0.00
1733513103, 8276250, 0, 41, 0, 0, 0.14%, 7, 0, 12, 0.00
1733513108, 8299661, 0, 41, 0, 0, 0.14%, 7, 0, 12, 0.00
1733513113, 8321458, 0, 41, 0, 0, 0.14%, 7, 0, 12, 0.00
1733513118, 8343233, 0, 41, 0, 0, 0.14%, 7, 0, 12, 0.00
1733513123, 8365909, 0, 41, 0, 0, 0.14%, 7, 0, 12, 0.00
1733513129, 8387686, 0, 41, 0, 0, 0.14%, 7, 0, 12, 0.00
1733513134, 8410296, 0, 41, 0, 0, 0.14%, 7, 0, 12, 0.00
1733513139, 8432216, 0, 41, 0, 0, 0.14%, 7, 0, 12, 0.00
1733513144, 8454012, 0, 41, 0, 0, 0.14%, 7, 0, 12, 0.00
1733513149, 8476770, 0, 41, 0, 0, 0.14%, 7, 0, 12, 0.00
1733513155, 8498608, 0, 41, 0, 0, 0.14%, 7, 0, 12, 0.00
1733513160, 8521059, 0, 41, 0, 0, 0.14%, 7, 0, 12, 0.00
1733513165, 8542967, 0, 41, 0, 0, 0.14%, 7, 0, 12, 0.00
1733513170, 8565758, 0, 41, 0, 0, 0.14%, 7, 0, 12, 0.00
1733513175, 8587681, 0, 41, 0, 0, 0.14%, 7, 0, 12, 0.00
1733513181, 8609498, 0, 41, 0, 0, 0.14%, 7, 0, 12, 0.00
1733513186, 8631326, 0, 41, 0, 0, 0.14%, 7, 0, 12, 0.00
1733513191, 8654000, 0, 41, 0, 0, 0.14%, 7, 0, 12, 0.00
1733513196, 8675927, 0, 41, 0, 0, 0.14%, 7, 0, 12, 0.00
1733513201, 8698607, 0, 41, 0, 0, 0.14%, 7, 0, 12, 0.00
1733513207, 8720486, 0, 41, 0, 0, 0.14%, 7, 0, 12, 0.00
1733513212, 8743097, 0, 41, 0, 0, 0.14%, 7, 0, 12, 0.00
1733513217, 8765117, 0, 41, 0, 0, 0.14%, 7, 0, 12, 0.00
1733513222, 8788705, 0, 41, 0, 0, 0.14%, 7, 0, 12, 0.00
1733513227, 8810517, 0, 41, 0, 0, 0.14%, 7, 0, 12, 0.00
1733513233, 8833066, 0, 41, 0, 0, 0.14%, 7, 0, 12, 0.00
1733513238, 8855010, 0, 41, 0, 0, 0.14%, 7, 0, 12, 0.00
1733513243, 8876896, 0, 41, 0, 0, 0.14%, 7, 0, 12, 0.00
1733513248, 8899597, 0, 41, 0, 0, 0.14%, 7, 0, 12, 0.00
1733513253, 8921413, 0, 41, 0, 0, 0.14%, 7, 0, 12, 0.00
1733513259, 8943307, 0, 41, 0, 0, 0.14%, 7, 0, 12, 0.00
1733513264, 8965923, 0, 41, 0, 0, 0.14%, 7, 0, 12, 0.00
1733513269, 8988507, 0, 41, 0, 0, 0.14%, 7, 0, 12, 0.00
1733513274, 9010330, 0, 41, 0, 0, 0.14%, 7, 0, 12, 0.00
1733513279, 9032206, 0, 41, 0, 0, 0.14%, 7, 0, 12, 0.00
1733513285, 9054015, 0, 41, 0, 0, 0.14%, 7, 0, 12, 0.00
1733513290, 9076670, 0, 41, 0, 0, 0.14%, 7, 0, 12, 0.00
1733513295, 9097940, 0, 41, 0, 0, 0.14%, 7, 0, 12, 0.00
1733513300, 9120147, 0, 41, 0, 0, 0.14%, 7, 0, 12, 0.00
1733513305, 9141909, 0, 41, 0, 0, 0.14%, 7, 0, 12, 0.00
1733513311, 9163776, 0, 41, 0, 0, 0.14%, 7, 0, 12, 0.00
1733513316, 9186359, 0, 41, 0, 0, 0.14%, 7, 0, 12, 0.00
1733513321, 9208271, 0, 41, 0, 0, 0.14%, 7, 0, 12, 0.00
1733513326, 9230023, 0, 41, 0, 0, 0.14%, 7, 0, 12, 0.00
1733513331, 9251804, 0, 41, 0, 0, 0.14%, 7, 0, 12, 0.00
1733513337, 9273725, 0, 41, 0, 0, 0.14%, 7, 0, 12, 0.00
1733513342, 9296577, 0, 41, 0, 0, 0.14%, 7, 0, 12, 0.00
1733513347, 9318502, 0, 41, 0, 0, 0.14%, 7, 0, 12, 0.00
1733513352, 9340310, 0, 41, 0, 0, 0.14%, 7, 0, 12, 0.00
1733513357, 9362976, 0, 41, 0, 0, 0.14%, 7, 0, 12, 0.00
1733513363, 9384230, 0, 41, 0, 0, 0.14%, 7, 0, 12, 0.00
1733513368, 9406703, 0, 41, 0, 0, 0.14%, 7, 0, 12, 0.00
1733513373, 9429389, 0, 41, 0, 0, 0.14%, 7, 0, 12, 0.00
1733513378, 9451293, 0, 41, 0, 0, 0.14%, 7, 0, 12, 0.00
1733513383, 9473888, 0, 41, 0, 0, 0.14%, 7, 0, 12, 0.00
1733513389, 9495670, 0, 41, 0, 0, 0.14%, 7, 0, 12, 0.00
1733513394, 9518438, 0, 41, 0, 0, 0.14%, 7, 0, 12, 0.00
1733513399, 9540293, 0, 41, 0, 0, 0.14%, 7, 0, 12, 0.00
1733513404, 9562088, 0, 41, 0, 0, 0.14%, 7, 0, 12, 0.00
1733513409, 9584684, 0, 41, 0, 0, 0.14%, 7, 0, 12, 0.00
1733513415, 9606584, 0, 41, 0, 0, 0.14%, 7, 0, 12, 0.00
1733513420, 9628463, 0, 41, 0, 0, 0.14%, 7, 0, 12, 0.00
1733513425, 9650231, 0, 41, 0, 0, 0.14%, 7, 0, 12, 0.00
1733513430, 9672947, 0, 41, 0, 0, 0.14%, 7, 0, 12, 0.00
1733513435, 9694883, 0, 41, 0, 0, 0.14%, 7, 0, 12, 0.00
1733513441, 9716808, 0, 41, 0, 0, 0.14%, 7, 0, 12, 0.00
1733513446, 9738636, 0, 41, 0, 0, 0.14%, 7, 0, 12, 0.00
1733513451, 9760424, 0, 41, 0, 0, 0.14%, 7, 0, 12, 0.00
1733513456, 9782979, 0, 41, 0, 0, 0.14%, 7, 0, 12, 0.00
1733513461, 9804739, 0, 41, 0, 0, 0.14%, 7, 0, 12, 0.00
1733513467, 9827391, 0, 41, 0, 0, 0.14%, 7, 0, 12, 0.00
1733513472, 9849248, 0, 41, 0, 0, 0.14%, 7, 0, 12, 0.00
1733513477, 9870982, 0, 41, 0, 0, 0.14%, 7, 0, 12, 0.00
1733513482, 9893697, 0, 41, 0, 0, 0.14%, 7, 0, 12, 0.00
1733513487, 9915599, 0, 41, 0, 0, 0.14%, 7, 0, 12, 0.00
1733513493, 9938237, 0, 41, 0, 0, 0.14%, 7, 0, 12, 0.00
1733513498, 9959857, 0, 41, 0, 0, 0.14%, 7, 0, 12, 0.00
1733513503, 9980511, 0, 41, 0, 0, 0.14%, 7, 0, 12, 0.00
1733513508, 10003265, 0, 41, 0, 0, 0.14%, 7, 0, 12, 0.00
1733513513, 10025254, 0, 41, 0, 0, 0.14%, 7, 0, 12, 0.00
1733513519, 10047115, 0, 41, 0, 0, 0.14%, 7, 0, 12, 0.00
1733513524, 10069783, 0, 41, 0, 0, 0.14%, 7, 0, 12, 0.00
1733513529, 10091663, 0, 41, 0, 0, 0.14%, 7, 0, 12, 0.00
1733513534, 10113528, 0, 41, 0, 0, 0.14%, 7, 0, 12, 0.00
1733513539, 10135350, 0, 41, 0, 0, 0.14%, 7, 0, 12, 0.00
1733513545, 10157230, 0, 41, 0, 0, 0.14%, 7, 0, 12, 0.00
1733513550, 10179980, 0, 41, 0, 0, 0.14%, 7, 0, 12, 0.00
1733513555, 10201839, 0, 41, 0, 0, 0.14%, 7, 0, 12, 0.00
1733513560, 10223582, 0, 41, 0, 0, 0.14%, 7, 0, 12, 0.00
1733513565, 10245378, 0, 41, 0, 0, 0.14%, 7, 0, 12, 0.00
1733513571, 10267382, 0, 41, 0, 0, 0.14%, 7, 0, 12, 0.00
1733513576, 10290006, 0, 41, 0, 0, 0.14%, 7, 0, 12, 0.00
1733513581, 10311781, 0, 41, 0, 0, 0.14%, 7, 0, 12, 0.00
1733513586, 10333639, 0, 41, 0, 0, 0.14%, 7, 0, 12, 0.00
1733513591, 10356041, 0, 41, 0, 0, 0.14%, 7, 0, 12, 0.00
1733513597, 10377364, 0, 41, 0, 0, 0.14%, 7, 0, 12, 0.00
1733513602, 10400009, 0, 41, 0, 0, 0.14%, 7, 0, 12, 0.00
1733513607, 10421925, 0, 41, 0, 0, 0.14%, 7, 0, 12, 0.00
1733513612, 10443869, 0, 41, 0, 0, 0.14%, 7, 0, 12, 0.00
1733513617, 10465694, 0, 41, 0, 0, 0.14%, 7, 0, 12, 0.00
1733513623, 10485265, 0, 41, 0, 0, 0.14%, 7, 0, 12, 0.00
1733513628, 10505298, 0, 41, 0, 0, 0.14%, 7, 0, 12, 0.00
1733513633, 10525305, 0, 41, 0, 0, 0.14%, 7, 0, 12, 0.00
1733513638, 10545502, 0, 41, 0, 0, 0.14%, 7, 0, 12, 0.00
1733513643, 10565081, 0, 41, 0, 0, 0.14%, 7, 0, 12, 0.00
1733513649, 10585478, 0, 41, 0, 0, 0.14%, 7, 0, 12, 0.00
1733513654, 10605532, 0, 41, 0, 0, 0.14%, 7, 0, 12, 0.00
1733513659, 10625937, 0, 41, 0, 0, 0.14%, 7, 0, 12, 0.00
1733513664, 10646640, 0, 41, 0, 0, 0.14%, 7, 0, 12, 0.00
1733513669, 10667560, 0, 41, 0, 0, 0.14%, 7, 0, 12, 0.00
1733513675, 10688506, 0, 41, 0, 0, 0.14%, 7, 0, 12, 0.00
1733513680, 10709413, 0, 41, 0, 0, 0.14%, 7, 0, 12, 0.00
1733513685, 10729866, 0, 41, 0, 0, 0.14%, 7, 0, 12, 0.00
1733513690, 10750747, 0, 41, 0, 0, 0.14%, 7, 0, 12, 0.00
1733513695, 10771684, 0, 41, 0, 0, 0.14%, 7, 0, 12, 0.00
1733513701, 10792700, 0, 41, 0, 0, 0.14%, 7, 0, 12, 0.00
