# unix_time, cycles_done, cur_path, paths_total, pending_total, pending_favs, map_size, unique_crashes, unique_hangs, max_depth, execs_per_sec
1733567709, 0, 0, 10, 10, 1, 0.01%, 0, 0, 1, 36.33
1733567714, 0, 3, 10, 10, 1, 0.01%, 0, 0, 1, 36.36
1733567730, 1, 0, 10, 3, 0, 0.01%, 0, 0, 1, 44.79
1733567735, 1, 1, 10, 2, 0, 0.01%, 0, 0, 1, 44.17
1733567740, 1, 2, 10, 1, 0, 0.01%, 0, 0, 1, 44.20
1733567750, 1, 3, 10, 0, 0, 0.01%, 0, 0, 1, 44.63
1733567755, 1, 4, 10, 0, 0, 0.01%, 0, 0, 1, 45.49
1733567760, 1, 5, 10, 0, 0, 0.01%, 0, 0, 1, 42.37
1733567765, 1, 6, 10, 0, 0, 0.01%, 0, 0, 1, 44.18
1733567771, 1, 7, 10, 0, 0, 0.01%, 0, 0, 1, 43.27
1733567776, 1, 8, 10, 0, 0, 0.01%, 0, 0, 1, 42.44
1733567781, 1, 9, 10, 0, 0, 0.01%, 0, 0, 1, 44.42
1733567791, 2, 0, 10, 0, 0, 0.01%, 0, 0, 1, 43.86
1733567796, 2, 1, 10, 0, 0, 0.01%, 0, 0, 1, 43.34
1733567801, 2, 2, 10, 0, 0, 0.01%, 0, 0, 1, 44.42
1733567806, 2, 3, 10, 0, 0, 0.01%, 0, 0, 1, 43.99
1733567811, 2, 4, 10, 0, 0, 0.01%, 0, 0, 1, 44.11
1733567816, 2, 5, 10, 0, 0, 0.01%, 0, 0, 1, 44.39
1733567826, 2, 6, 10, 0, 0, 0.01%, 0, 0, 1, 45.76
1733567831, 2, 7, 10, 0, 0, 0.01%, 0, 0, 1, 44.76
1733567837, 2, 8, 10, 0, 0, 0.01%, 0, 0, 1, 45.13
1733567842, 2, 9, 10, 0, 0, 0.01%, 0, 0, 1, 44.31
1733567847, 3, 0, 10, 0, 0, 0.01%, 0, 0, 1, 45.55
1733567852, 3, 1, 10, 0, 0, 0.01%, 0, 0, 1, 42.99
1733567857, 3, 2, 10, 0, 0, 0.01%, 0, 0, 1, 43.33
1733567867, 3, 3, 10, 0, 0, 0.01%, 0, 0, 1, 43.16
1733567872, 3, 4, 10, 0, 0, 0.01%, 0, 0, 1, 45.31
1733567877, 3, 5, 10, 0, 0, 0.01%, 0, 0, 1, 45.67
1733567882, 3, 6, 10, 0, 0, 0.01%, 0, 0, 1, 45.68
1733567887, 3, 7, 10, 0, 0, 0.01%, 0, 0, 1, 44.30
1733567893, 3, 8, 10, 0, 0, 0.01%, 0, 0, 1, 45.18
1733567898, 3, 9, 10, 0, 0, 0.01%, 0, 0, 1, 43.92
1733567903, 4, 0, 10, 0, 0, 0.01%, 0, 0, 1, 43.51
1733567913, 4, 1, 10, 0, 0, 0.01%, 0, 0, 1, 43.20
1733567918, 4, 2, 10, 0, 0, 0.01%, 0, 0, 1, 43.29
1733567923, 4, 3, 10, 0, 0, 0.01%, 0, 0, 1, 42.48
1733567928, 4, 4, 10, 0, 0, 0.01%, 0, 0, 1, 44.60
1733567933, 4, 5, 10, 0, 0, 0.01%, 0, 0, 1, 42.42
1733567939, 4, 6, 10, 0, 0, 0.01%, 0, 0, 1, 42.98
1733567944, 4, 7, 10, 0, 0, 0.01%, 0, 0, 1, 42.87
1733567954, 4, 8, 10, 0, 0, 0.01%, 0, 0, 1, 45.74
1733567959, 4, 9, 10, 0, 0, 0.01%, 0, 0, 1, 44.97
1733567964, 5, 0, 10, 0, 0, 0.01%, 0, 0, 1, 43.09
1733567969, 5, 1, 10, 0, 0, 0.01%, 0, 0, 1, 44.73
1733567974, 5, 2, 10, 0, 0, 0.01%, 0, 0, 1, 46.18
1733567979, 5, 3, 10, 0, 0, 0.01%, 0, 0, 1, 45.65
1733567984, 5, 4, 10, 0, 0, 0.01%, 0, 0, 1, 43.65
1733567989, 5, 5, 10, 0, 0, 0.01%, 0, 0, 1, 44.03
1733567999, 5, 6, 10, 0, 0, 0.01%, 0, 0, 1, 43.08
1733568004, 5, 7, 10, 0, 0, 0.01%, 0, 0, 1, 43.26
1733568010, 5, 8, 10, 0, 0, 0.01%, 0, 0, 1, 45.65
1733568015, 5, 9, 10, 0, 0, 0.01%, 0, 0, 1, 43.24
1733568020, 6, 0, 10, 0, 0, 0.01%, 0, 0, 1, 44.68
1733568025, 6, 1, 10, 0, 0, 0.01%, 0, 0, 1, 45.02
1733568030, 6, 2, 10, 0, 0, 0.01%, 0, 0, 1, 44.62
1733568040, 6, 3, 10, 0, 0, 0.01%, 0, 0, 1, 43.80
1733568045, 6, 4, 10, 0, 0, 0.01%, 0, 0, 1, 44.74
1733568050, 6, 5, 10, 0, 0, 0.01%, 0, 0, 1, 43.27
1733568055, 6, 6, 10, 0, 0, 0.01%, 0, 0, 1, 43.96
1733568060, 6, 7, 10, 0, 0, 0.01%, 0, 0, 1, 43.62
1733568065, 6, 8, 10, 0, 0, 0.01%, 0, 0, 1, 43.91
1733568070, 6, 9, 10, 0, 0, 0.01%, 0, 0, 1, 44.16
1733568081, 7, 0, 10, 0, 0, 0.01%, 0, 0, 1, 43.80
1733568086, 7, 1, 10, 0, 0, 0.01%, 0, 0, 1, 41.96
1733568091, 7, 2, 10, 0, 0, 0.01%, 0, 0, 1, 42.69
1733568096, 7, 3, 10, 0, 0, 0.01%, 0, 0, 1, 42.98
1733568101, 7, 4, 10, 0, 0, 0.01%, 0, 0, 1, 41.96
1733568111, 7, 5, 10, 0, 0, 0.01%, 0, 0, 1, 43.29
1733568116, 7, 6, 10, 0, 0, 0.01%, 0, 0, 1, 43.90
1733568121, 7, 7, 10, 0, 0, 0.01%, 0, 0, 1, 43.93
1733568126, 7, 8, 10, 0, 0, 0.01%, 0, 0, 1, 43.77
1733568131, 7, 9, 10, 0, 0, 0.01%, 0, 0, 1, 43.72
1733568136, 8, 0, 10, 0, 0, 0.01%, 0, 0, 1, 41.51
1733568147, 8, 1, 10, 0, 0, 0.01%, 0, 0, 1, 45.05
1733568152, 8, 2, 10, 0, 0, 0.01%, 0, 0, 1, 44.88
1733568157, 8, 3, 10, 0, 0, 0.01%, 0, 0, 1, 46.58
1733568162, 8, 4, 10, 0, 0, 0.01%, 0, 0, 1, 43.49
1733568167, 8, 5, 10, 0, 0, 0.01%, 0, 0, 1, 44.95
1733568172, 8, 6, 10, 0, 0, 0.01%, 0, 0, 1, 45.07
1733568177, 8, 7, 10, 0, 0, 0.01%, 0, 0, 1, 44.46
1733568182, 8, 8, 10, 0, 0, 0.01%, 0, 0, 1, 45.26
1733568192, 8, 9, 10, 0, 0, 0.01%, 0, 0, 1, 43.66
1733568197, 9, 0, 10, 0, 0, 0.01%, 0, 0, 1, 43.78
1733568202, 9, 1, 10, 0, 0, 0.01%, 0, 0, 1, 45.27
1733568207, 9, 2, 10, 0, 0, 0.01%, 0, 0, 1, 42.57
1733568212, 9, 3, 10, 0, 0, 0.01%, 0, 0, 1, 42.92
1733568218, 9, 4, 10, 0, 0, 0.01%, 0, 0, 1, 43.73
1733568228, 9, 5, 10, 0, 0, 0.01%, 0, 0, 1, 43.90
1733568233, 9, 6, 10, 0, 0, 0.01%, 0, 0, 1, 43.73
1733568238, 9, 7, 10, 0, 0, 0.01%, 0, 0, 1, 43.80
1733568243, 9, 8, 10, 0, 0, 0.01%, 0, 0, 1, 43.71
1733568248, 9, 9, 10, 0, 0, 0.01%, 0, 0, 1, 43.71
1733568253, 10, 0, 10, 0, 0, 0.01%, 0, 0, 1, 43.82
1733568258, 10, 1, 10, 0, 0, 0.01%, 0, 0, 1, 43.36
1733568268, 10, 2, 10, 0, 0, 0.01%, 0, 0, 1, 44.03
1733568274, 10, 3, 10, 0, 0, 0.01%, 0, 0, 1, 44.05
1733568279, 10, 4, 10, 0, 0, 0.01%, 0, 0, 1, 44.89
1733568284, 10, 5, 10, 0, 0, 0.01%, 0, 0, 1, 44.75
1733568289, 10, 6, 10, 0, 0, 0.01%, 0, 0, 1, 44.67
1733568294, 10, 7, 10, 0, 0, 0.01%, 0, 0, 1, 43.86
1733568299, 10, 8, 10, 0, 0, 0.01%, 0, 0, 1, 43.90
1733568309, 10, 9, 10, 0, 0, 0.01%, 0, 0, 1, 45.50
1733568314, 11, 0, 10, 0, 0, 0.01%, 0, 0, 1, 46.08
1733568319, 11, 1, 10, 0, 0, 0.01%, 0, 0, 1, 44.55
1733568324, 11, 2, 10, 0, 0, 0.01%, 0, 0, 1, 46.40
1733568329, 11, 3, 10, 0, 0, 0.01%, 0, 0, 1, 46.47
1733568335, 11, 4, 10, 0, 0, 0.01%, 0, 0, 1, 47.02
1733568340, 11, 5, 10, 0, 0, 0.01%, 0, 0, 1, 46.57
1733568345, 11, 6, 10, 0, 0, 0.01%, 0, 0, 1, 47.09
1733568350, 11, 7, 10, 0, 0, 0.01%, 0, 0, 1, 46.29
1733568355, 11, 8, 10, 0, 0, 0.01%, 0, 0, 1, 48.01
1733568360, 11, 9, 10, 0, 0, 0.01%, 0, 0, 1, 47.47
1733568370, 12, 0, 10, 0, 0, 0.01%, 0, 0, 1, 44.95
1733568375, 12, 1, 10, 0, 0, 0.01%, 0, 0, 1, 47.86
1733568380, 12, 2, 10, 0, 0, 0.01%, 0, 0, 1, 46.88
1733568385, 12, 3, 10, 0, 0, 0.01%, 0, 0, 1, 44.61
1733568391, 12, 4, 10, 0, 0, 0.01%, 0, 0, 1, 45.54
1733568396, 12, 5, 10, 0, 0, 0.01%, 0, 0, 1, 45.41
1733568401, 12, 6, 10, 0, 0, 0.01%, 0, 0, 1, 46.79
1733568406, 12, 7, 10, 0, 0, 0.01%, 0, 0, 1, 45.74
1733568411, 12, 8, 10, 0, 0, 0.01%, 0, 0, 1, 47.49
1733568416, 12, 9, 10, 0, 0, 0.01%, 0, 0, 1, 47.88
1733568421, 13, 0, 10, 0, 0, 0.01%, 0, 0, 1, 47.82
1733568431, 13, 1, 10, 0, 0, 0.01%, 0, 0, 1, 46.62
1733568436, 13, 2, 10, 0, 0, 0.01%, 0, 0, 1, 45.53
1733568441, 13, 3, 10, 0, 0, 0.01%, 0, 0, 1, 44.94
1733568446, 13, 4, 10, 0, 0, 0.01%, 0, 0, 1, 46.73
1733568452, 13, 5, 10, 0, 0, 0.01%, 0, 0, 1, 45.61
1733568457, 13, 6, 10, 0, 0, 0.01%, 0, 0, 1, 47.32
1733568462, 13, 7, 10, 0, 0, 0.01%, 0, 0, 1, 46.11
1733568467, 13, 8, 10, 0, 0, 0.01%, 0, 0, 1, 44.54
1733568472, 13, 9, 10, 0, 0, 0.01%, 0, 0, 1, 46.71
1733568477, 14, 0, 10, 0, 0, 0.01%, 0, 0, 1, 46.65
1733568482, 14, 1, 10, 0, 0, 0.01%, 0, 0, 1, 46.46
1733568492, 14, 2, 10, 0, 0, 0.01%, 0, 0, 1, 46.58
1733568497, 14, 3, 10, 0, 0, 0.01%, 0, 0, 1, 45.19
1733568502, 14, 4, 10, 0, 0, 0.01%, 0, 0, 1, 44.02
1733568508, 14, 5, 10, 0, 0, 0.01%, 0, 0, 1, 45.86
1733568513, 14, 6, 10, 0, 0, 0.01%, 0, 0, 1, 47.31
1733568518, 14, 7, 10, 0, 0, 0.01%, 0, 0, 1, 45.29
1733568523, 14, 8, 10, 0, 0, 0.01%, 0, 0, 1, 46.24
1733568528, 14, 9, 10, 0, 0, 0.01%, 0, 0, 1, 45.46
1733568533, 15, 0, 10, 0, 0, 0.01%, 0, 0, 1, 44.83
1733568538, 15, 1, 10, 0, 0, 0.01%, 0, 0, 1, 44.52
1733568543, 15, 2, 10, 0, 0, 0.01%, 0, 0, 1, 46.26
1733568553, 15, 3, 10, 0, 0, 0.01%, 0, 0, 1, 45.19
1733568558, 15, 4, 10, 0, 0, 0.01%, 0, 0, 1, 40.28
1733568579, 15, 5, 10, 0, 0, 0.01%, 0, 0, 1, 42.63
1733568599, 15, 6, 10, 0, 0, 0.01%, 0, 0, 1, 43.25
1733568619, 15, 7, 10, 0, 0, 0.01%, 0, 0, 1, 45.58
1733568640, 15, 8, 10, 0, 0, 0.01%, 0, 0, 1, 47.60
1733568665, 15, 9, 10, 0, 0, 0.01%, 0, 0, 1, 38.36
1733568686, 16, 0, 10, 0, 0, 0.01%, 0, 0, 1, 39.08
1733568706, 16, 1, 10, 0, 0, 0.01%, 0, 0, 1, 40.93
1733568726, 16, 2, 10, 0, 0, 0.01%, 0, 0, 1, 46.20
1733568731, 16, 3, 10, 0, 0, 0.01%, 0, 0, 1, 46.43
1733568736, 16, 4, 10, 0, 0, 0.01%, 0, 0, 1, 44.30
1733568742, 16, 5, 10, 0, 0, 0.01%, 0, 0, 1, 45.82
1733568747, 16, 6, 10, 0, 0, 0.01%, 0, 0, 1, 45.53
1733568757, 16, 7, 10, 0, 0, 0.01%, 0, 0, 1, 45.51
1733568762, 16, 8, 10, 0, 0, 0.01%, 0, 0, 1, 47.59
1733568767, 16, 9, 11, 1, 0, 0.14%, 1, 0, 2, 45.12
1733568772, 16, 10, 11, 1, 1, 0.14%, 1, 0, 2, 64.85
1733568782, 16, 10, 12, 2, 1, 0.14%, 2, 0, 3, 52.55
1733568853, 16, 11, 12, 1, 1, 0.14%, 2, 0, 3, 55.43
1733568859, 16, 11, 13, 2, 1, 0.14%, 3, 0, 4, 62.62
1733568894, 16, 11, 15, 4, 1, 0.14%, 4, 0, 4, 49.72
1733568925, 16, 11, 16, 5, 1, 0.14%, 4, 0, 4, 50.22
1733568981, 16, 12, 16, 4, 3, 0.14%, 4, 0, 4, 56.81
1733569037, 16, 12, 17, 5, 3, 0.14%, 4, 0, 5, 49.52
1733569149, 16, 15, 17, 3, 2, 0.14%, 4, 0, 5, 72.99
1733569159, 16, 15, 18, 4, 2, 0.14%, 4, 0, 5, 61.21
1733569169, 16, 15, 19, 5, 2, 0.14%, 4, 0, 5, 51.94
1733569194, 16, 15, 20, 6, 2, 0.14%, 4, 0, 5, 51.78
1733569215, 16, 15, 21, 7, 2, 0.14%, 5, 0, 5, 52.56
1733569245, 16, 15, 22, 8, 2, 0.14%, 5, 0, 5, 51.63
1733569306, 16, 16, 22, 7, 2, 0.14%, 5, 0, 5, 72.65
1733569367, 16, 16, 23, 8, 2, 0.14%, 5, 0, 6, 57.23
1733569387, 16, 22, 23, 7, 1, 0.14%, 5, 0, 6, 76.95
1733569402, 16, 22, 24, 8, 1, 0.14%, 5, 0, 7, 71.69
1733569438, 16, 22, 25, 9, 1, 0.14%, 5, 0, 7, 55.57
1733569514, 16, 23, 25, 8, 2, 0.14%, 5, 0, 7, 64.75
1733569570, 16, 23, 26, 9, 2, 0.14%, 5, 0, 8, 68.08
1733569591, 16, 25, 26, 8, 1, 0.14%, 5, 0, 8, 86.47
1733569626, 16, 25, 27, 9, 1, 0.14%, 5, 0, 9, 63.97
1733569743, 18, 26, 27, 5, 0, 0.14%, 5, 0, 9, 68.14
1733569855, 19, 13, 27, 5, 0, 0.14%, 5, 0, 9, 54.21
1733569870, 19, 13, 28, 6, 0, 0.14%, 5, 0, 9, 52.89
1733569977, 19, 27, 28, 6, 1, 0.14%, 5, 0, 9, 55.98
1733569997, 19, 27, 29, 7, 1, 0.14%, 5, 0, 9, 58.32
1733570013, 19, 27, 30, 8, 1, 0.14%, 5, 0, 9, 50.23
1733570109, 19, 28, 30, 7, 2, 0.14%, 5, 0, 9, 58.52
1733570190, 19, 29, 30, 6, 1, 0.14%, 5, 0, 9, 47.73
1733570247, 19, 29, 32, 8, 1, 0.14%, 5, 0, 9, 110.03
1733570252, 19, 29, 33, 9, 1, 0.14%, 5, 0, 9, 109.93
1733570308, 19, 29, 35, 11, 1, 0.14%, 6, 0, 9, 109.77
1733570737, 19, 33, 35, 10, 1, 0.14%, 6, 0, 9, 52.16
1733570742, 21, 13, 35, 7, 0, 0.14%, 6, 0, 9, 43.15
1733570752, 21, 18, 35, 7, 0, 0.14%, 6, 0, 9, 40.65
1733570767, 23, 18, 35, 3, 0, 0.14%, 6, 0, 9, 57.81
1733572913, 24, 13, 35, 3, 0, 0.14%, 6, 0, 9, 56.54
1733572928, 24, 20, 35, 2, 0, 0.14%, 6, 0, 9, 91.36
1733573024, 25, 13, 35, 2, 0, 0.14%, 6, 0, 9, 54.95
1733573065, 25, 16, 35, 2, 0, 0.14%, 6, 0, 9, 56.71
1733573090, 25, 19, 35, 2, 0, 0.14%, 6, 0, 9, 50.80
1733573095, 25, 33, 35, 1, 0, 0.14%, 6, 0, 9, 112.59
1733573457, 26, 13, 35, 1, 0, 0.14%, 6, 0, 9, 52.38
1733573498, 27, 20, 35, 1, 0, 0.14%, 6, 0, 9, 63.43
1733573503, 28, 16, 35, 1, 0, 0.14%, 6, 0, 9, 57.31
1733573518, 28, 20, 35, 1, 0, 0.14%, 6, 0, 9, 56.84
1733573533, 28, 33, 35, 1, 0, 0.14%, 6, 0, 9, 64.16
1733573538, 29, 20, 35, 1, 0, 0.14%, 6, 0, 9, 59.37
1733573579, 29, 33, 35, 1, 0, 0.14%, 6, 0, 9, 64.00
1733573589, 30, 20, 35, 1, 0, 0.14%, 6, 0, 9, 54.48
1733573630, 30, 33, 35, 1, 0, 0.14%, 6, 0, 9, 60.83
1733573660, 31, 20, 35, 1, 0, 0.14%, 6, 0, 9, 62.77
1733573696, 31, 33, 35, 1, 0, 0.14%, 6, 0, 9, 61.69
1733573737, 32, 16, 35, 1, 0, 0.14%, 6, 0, 9, 52.41
1733573777, 32, 20, 35, 1, 0, 0.14%, 6, 0, 9, 67.58
1733573818, 32, 33, 35, 1, 0, 0.14%, 6, 0, 9, 64.02
1733573853, 33, 20, 35, 1, 0, 0.14%, 6, 0, 9, 63.19
1733573889, 33, 33, 35, 1, 0, 0.14%, 6, 0, 9, 61.08
1733573925, 34, 20, 35, 1, 0, 0.14%, 6, 0, 9, 55.18
1733573966, 34, 33, 35, 1, 0, 0.14%, 6, 0, 9, 65.96
1733574001, 35, 20, 35, 1, 0, 0.14%, 6, 0, 9, 66.82
1733574041, 36, 20, 35, 1, 0, 0.14%, 6, 0, 9, 65.03
1733574077, 36, 21, 35, 1, 0, 0.14%, 6, 0, 9, 48.23
1733574082, 39, 21, 35, 0, 0, 0.14%, 6, 0, 9, 41.78
1733574678, 44, 13, 35, 0, 0, 0.14%, 6, 0, 9, 54.72
1733574718, 46, 21, 35, 0, 0, 0.14%, 6, 0, 9, 61.98
1733574728, 47, 13, 35, 0, 0, 0.14%, 6, 0, 9, 55.74
1733574769, 47, 21, 35, 0, 0, 0.14%, 6, 0, 9, 71.23
1733574784, 48, 16, 35, 0, 0, 0.14%, 6, 0, 9, 56.69
1733574825, 48, 21, 35, 0, 0, 0.14%, 6, 0, 9, 81.76
1733574850, 49, 21, 35, 0, 0, 0.14%, 6, 0, 9, 67.63
1733574891, 50, 21, 36, 1, 0, 0.14%, 7, 0, 9, 85.70
1733574932, 51, 21, 36, 1, 0, 0.14%, 7, 0, 9, 66.41
1733574967, 51, 35, 36, 1, 0, 0.14%, 7, 0, 9, 47.55
1733575202, 61, 13, 36, 0, 0, 0.14%, 7, 0, 9, 51.09
1733575242, 62, 13, 36, 0, 0, 0.14%, 7, 0, 9, 55.41
1733575288, 63, 23, 36, 0, 0, 0.14%, 7, 0, 9, 54.98
1733575298, 64, 13, 36, 0, 0, 0.14%, 7, 0, 9, 54.67
1733575334, 64, 16, 36, 0, 0, 0.14%, 7, 0, 9, 59.68
1733575374, 64, 23, 36, 0, 0, 0.14%, 7, 0, 9, 52.37
1733575400, 68, 16, 36, 0, 0, 0.14%, 7, 0, 9, 51.24
1733575440, 69, 25, 36, 0, 0, 0.14%, 7, 0, 9, 64.48
1733575455, 72, 23, 36, 0, 0, 0.14%, 7, 0, 9, 54.23
1733575491, 76, 25, 36, 0, 0, 0.14%, 7, 0, 9, 58.82
1733575516, 77, 16, 36, 0, 0, 0.14%, 7, 0, 9, 54.14
1733575557, 78, 16, 36, 0, 0, 0.14%, 7, 0, 9, 56.80
1733575597, 80, 23, 36, 0, 0, 0.14%, 7, 0, 9, 57.42
1733575638, 82, 16, 36, 0, 0, 0.14%, 7, 0, 9, 59.05
1733575679, 83, 13, 36, 0, 0, 0.14%, 7, 0, 9, 60.12
1733575719, 87, 26, 36, 0, 0, 0.14%, 7, 0, 9, 62.25
1733575729, 89, 23, 36, 0, 0, 0.14%, 7, 0, 9, 55.23
1733575770, 93, 23, 36, 0, 0, 0.14%, 7, 0, 9, 59.97
1733575816, 95, 16, 36, 0, 0, 0.14%, 7, 0, 9, 54.74
1733575851, 95, 23, 36, 0, 0, 0.14%, 7, 0, 9, 55.92
1733575896, 102, 25, 36, 0, 0, 0.14%, 7, 0, 9, 61.05
1733575937, 102, 28, 36, 0, 0, 0.14%, 7, 0, 9, 53.97
1733575947, 104, 16, 36, 0, 0, 0.14%, 7, 0, 9, 53.68
1733575988, 105, 23, 36, 0, 0, 0.14%, 7, 0, 9, 56.13
1733576028, 106, 23, 36, 0, 0, 0.14%, 7, 0, 9, 53.68
1733576074, 111, 25, 36, 0, 0, 0.14%, 7, 0, 9, 57.97
1733576094, 111, 25, 37, 1, 0, 0.14%, 7, 0, 9, 57.22
1733576114, 111, 36, 37, 1, 1, 0.14%, 7, 0, 9, 78.49
1733576200, 111, 36, 38, 2, 1, 0.14%, 7, 0, 10, 60.96
1733576287, 111, 37, 38, 1, 1, 0.14%, 7, 0, 10, 71.42
1733576419, 112, 26, 38, 0, 0, 0.14%, 7, 0, 10, 64.36
1733576455, 113, 13, 38, 0, 0, 0.14%, 7, 0, 10, 56.32
1733576496, 116, 16, 38, 0, 0, 0.14%, 7, 0, 10, 54.50
1733576536, 118, 16, 38, 0, 0, 0.14%, 7, 0, 10, 52.37
1733576577, 118, 37, 38, 0, 0, 0.14%, 7, 0, 10, 56.73
1733576617, 119, 37, 38, 0, 0, 0.14%, 7, 0, 10, 64.58
1733576653, 120, 37, 38, 0, 0, 0.14%, 7, 0, 10, 64.11
1733576688, 121, 37, 38, 0, 0, 0.14%, 7, 0, 10, 60.90
1733576729, 122, 19, 38, 0, 0, 0.14%, 7, 0, 10, 67.13
1733576790, 122, 24, 38, 0, 0, 0.14%, 7, 0, 10, 67.24
1733576825, 122, 37, 38, 0, 0, 0.14%, 7, 0, 10, 63.68
1733576866, 123, 25, 38, 0, 0, 0.14%, 7, 0, 10, 59.76
1733576906, 123, 37, 38, 0, 0, 0.14%, 7, 0, 10, 62.28
1733576941, 124, 37, 38, 0, 0, 0.14%, 7, 0, 10, 58.04
1733576952, 124, 37, 39, 1, 0, 0.14%, 7, 0, 11, 60.71
1733576997, 124, 38, 39, 1, 1, 0.14%, 7, 0, 11, 102.92
1733577206, 125, 23, 39, 0, 0, 0.14%, 7, 0, 11, 57.04
1733577247, 131, 37, 39, 0, 0, 0.14%, 7, 0, 11, 60.72
1733577288, 131, 38, 39, 0, 0, 0.14%, 7, 0, 11, 66.88
1733577323, 132, 16, 39, 0, 0, 0.14%, 7, 0, 11, 51.89
1733577334, 132, 25, 39, 0, 0, 0.14%, 7, 0, 11, 57.66
1733577374, 132, 38, 39, 0, 0, 0.14%, 7, 0, 11, 67.24
1733577410, 133, 38, 39, 0, 0, 0.14%, 7, 0, 11, 69.69
1733577450, 134, 38, 39, 0, 0, 0.14%, 7, 0, 11, 70.32
1733577486, 135, 38, 39, 0, 0, 0.14%, 7, 0, 11, 57.09
1733577526, 136, 38, 39, 0, 0, 0.14%, 7, 0, 11, 66.09
1733577562, 137, 26, 39, 0, 0, 0.14%, 7, 0, 11, 56.57
1733577608, 137, 38, 39, 0, 0, 0.14%, 7, 0, 11, 67.96
1733577643, 138, 38, 39, 0, 0, 0.14%, 7, 0, 11, 65.81
1733577684, 139, 38, 39, 0, 0, 0.14%, 7, 0, 11, 66.86
1733577720, 153, 23, 39, 0, 0, 0.14%, 7, 0, 11, 58.06
1733577766, 155, 37, 39, 0, 0, 0.14%, 7, 0, 11, 59.96
1733577806, 158, 16, 39, 0, 0, 0.14%, 7, 0, 11, 63.46
1733577816, 160, 28, 39, 0, 0, 0.14%, 7, 0, 11, 57.66
1733577821, 167, 19, 39, 0, 0, 0.14%, 7, 0, 11, 61.40
1733577831, 168, 12, 39, 0, 0, 0.14%, 7, 0, 11, 56.62
1733577841, 168, 22, 39, 0, 0, 0.14%, 7, 0, 11, 56.31
1733577846, 171, 10, 39, 0, 0, 0.14%, 7, 0, 11, 57.70
1733577852, 174, 12, 39, 0, 0, 0.14%, 7, 0, 11, 57.18
1733577862, 176, 22, 39, 0, 0, 0.14%, 7, 0, 11, 58.21
1733577872, 178, 22, 39, 0, 0, 0.14%, 7, 0, 11, 58.92
1733577892, 180, 10, 39, 0, 0, 0.14%, 7, 0, 11, 54.89
1733577897, 182, 10, 39, 0, 0, 0.14%, 7, 0, 11, 55.03
1733577908, 182, 22, 39, 0, 0, 0.14%, 7, 0, 11, 58.62
1733577948, 184, 10, 39, 0, 0, 0.14%, 7, 0, 11, 55.02
1733577974, 190, 34, 39, 0, 0, 0.14%, 7, 0, 11, 106.74
1733578336, 191, 10, 39, 0, 0, 0.14%, 7, 0, 11, 50.93
1733578377, 195, 25, 39, 0, 0, 0.14%, 7, 0, 11, 52.94
1733578418, 197, 22, 39, 0, 0, 0.14%, 7, 0, 11, 56.40
1733578463, 198, 24, 39, 0, 0, 0.14%, 7, 0, 11, 55.60
1733578468, 204, 12, 39, 0, 0, 0.14%, 7, 0, 11, 53.64
1733578489, 206, 15, 39, 0, 0, 0.14%, 7, 0, 11, 57.17
1733578494, 207, 15, 39, 0, 0, 0.14%, 7, 0, 11, 57.19
1733578504, 209, 11, 39, 0, 0, 0.14%, 7, 0, 11, 54.00
1733578509, 210, 15, 39, 0, 0, 0.14%, 7, 0, 11, 57.52
1733578534, 211, 11, 39, 0, 0, 0.14%, 7, 0, 11, 57.71
1733578539, 215, 27, 39, 0, 0, 0.14%, 7, 0, 11, 54.98
1733578545, 215, 28, 39, 0, 0, 0.14%, 7, 0, 11, 57.34
1733578570, 216, 17, 39, 0, 0, 0.14%, 7, 0, 11, 70.51
1733578595, 219, 26, 39, 0, 0, 0.14%, 7, 0, 11, 53.72
1733578636, 222, 26, 39, 0, 0, 0.14%, 7, 0, 11, 52.79
1733578676, 231, 15, 39, 0, 0, 0.14%, 7, 0, 11, 62.46
1733578712, 233, 34, 39, 0, 0, 0.14%, 7, 0, 11, 62.85
1733578722, 235, 15, 39, 0, 0, 0.14%, 7, 0, 11, 51.44
1733578752, 236, 10, 39, 0, 0, 0.14%, 7, 0, 11, 64.39
1733578793, 236, 16, 39, 0, 0, 0.14%, 7, 0, 11, 64.66
1733578808, 236, 26, 39, 0, 0, 0.14%, 7, 0, 11, 59.95
1733578849, 237, 34, 39, 0, 0, 0.14%, 7, 0, 11, 62.12
1733578864, 239, 34, 39, 0, 0, 0.14%, 7, 0, 11, 64.15
1733578899, 244, 27, 39, 0, 0, 0.14%, 7, 0, 11, 63.90
1733578914, 246, 12, 39, 0, 0, 0.14%, 7, 0, 11, 53.17
1733578955, 246, 15, 39, 0, 0, 0.14%, 7, 0, 11, 64.06
1733578991, 247, 36, 39, 0, 0, 0.14%, 7, 0, 11, 64.59
1733579031, 249, 36, 39, 0, 0, 0.14%, 7, 0, 11, 66.37
1733579072, 250, 15, 39, 0, 0, 0.14%, 7, 0, 11, 54.97
1733579112, 252, 17, 39, 0, 0, 0.14%, 7, 0, 11, 58.39
1733579117, 253, 34, 39, 0, 0, 0.14%, 7, 0, 11, 59.34
1733579158, 254, 27, 39, 0, 0, 0.14%, 7, 0, 11, 55.47
1733579183, 254, 36, 39, 0, 0, 0.14%, 7, 0, 11, 61.09
1733579224, 256, 12, 39, 0, 0, 0.14%, 7, 0, 11, 51.46
1733579264, 256, 25, 39, 0, 0, 0.14%, 7, 0, 11, 58.66
1733579305, 264, 28, 39, 0, 0, 0.14%, 7, 0, 11, 55.61
1733579345, 267, 12, 39, 0, 0, 0.14%, 7, 0, 11, 54.96
1733579386, 267, 22, 39, 0, 0, 0.14%, 7, 0, 11, 50.31
1733579427, 267, 26, 39, 0, 0, 0.14%, 7, 0, 11, 68.46
1733579467, 267, 28, 39, 0, 0, 0.14%, 7, 0, 11, 58.36
1733579508, 273, 22, 39, 0, 0, 0.14%, 7, 0, 11, 56.36
1733579553, 273, 25, 39, 0, 0, 0.14%, 7, 0, 11, 63.18
1733579594, 278, 34, 39, 0, 0, 0.14%, 7, 0, 11, 63.64
1733579629, 280, 17, 39, 0, 0, 0.14%, 7, 0, 11, 55.90
1733579655, 281, 30, 39, 0, 0, 0.14%, 7, 0, 11, 61.63
1733579706, 282, 24, 39, 0, 0, 0.14%, 7, 0, 11, 52.20
1733579716, 283, 32, 39, 0, 0, 0.14%, 7, 0, 11, 56.92
1733580109, 284, 11, 39, 0, 0, 0.14%, 7, 0, 11, 56.46
1733580114, 285, 12, 39, 0, 0, 0.14%, 7, 0, 11, 54.65
1733580159, 285, 22, 39, 0, 0, 0.14%, 7, 0, 11, 58.21
1733580200, 286, 11, 39, 0, 0, 0.14%, 7, 0, 11, 58.48
1733580215, 289, 11, 39, 0, 0, 0.14%, 7, 0, 11, 56.43
1733580256, 291, 11, 39, 0, 0, 0.14%, 7, 0, 11, 59.40
1733580291, 294, 28, 39, 0, 0, 0.14%, 7, 0, 11, 53.43
1733580332, 297, 27, 39, 0, 0, 0.14%, 7, 0, 11, 58.64
1733580373, 298, 11, 39, 0, 0, 0.14%, 7, 0, 11, 54.85
1733580418, 298, 22, 39, 0, 0, 0.14%, 7, 0, 11, 57.86
1733580454, 299, 25, 39, 0, 0, 0.14%, 7, 0, 11, 60.77
1733580500, 300, 34, 39, 0, 0, 0.14%, 7, 0, 11, 63.01
1733580530, 301, 18, 39, 0, 0, 0.14%, 7, 0, 11, 58.39
1733580535, 304, 22, 39, 0, 0, 0.14%, 7, 0, 11, 57.53
1733580575, 304, 35, 39, 0, 0, 0.14%, 7, 0, 11, 62.09
1733580596, 308, 16, 39, 0, 0, 0.14%, 7, 0, 11, 58.67
1733580601, 308, 30, 39, 0, 0, 0.14%, 7, 0, 11, 60.78
1733580606, 308, 32, 39, 0, 0, 0.14%, 7, 0, 11, 56.01
1733580621, 311, 32, 39, 0, 0, 0.14%, 7, 0, 11, 61.48
1733580651, 316, 12, 39, 0, 0, 0.14%, 7, 0, 11, 52.11
1733580692, 318, 24, 39, 0, 0, 0.14%, 7, 0, 11, 58.02
1733580712, 320, 22, 39, 0, 0, 0.14%, 7, 0, 11, 58.50
1733580753, 321, 16, 39, 0, 0, 0.14%, 7, 0, 11, 57.70
1733580758, 322, 29, 39, 0, 0, 0.14%, 7, 0, 11, 63.64
1733580763, 322, 35, 39, 0, 0, 0.14%, 7, 0, 11, 61.35
1733580803, 324, 27, 39, 0, 0, 0.14%, 7, 0, 11, 59.04
1733580844, 325, 16, 39, 0, 0, 0.14%, 7, 0, 11, 54.55
1733580854, 330, 27, 39, 0, 0, 0.14%, 7, 0, 11, 56.88
1733580895, 331, 17, 39, 0, 0, 0.14%, 7, 0, 11, 53.22
1733580941, 331, 30, 39, 0, 0, 0.14%, 7, 0, 11, 54.95
1733580956, 335, 25, 39, 0, 0, 0.14%, 7, 0, 11, 53.40
1733580996, 336, 24, 39, 0, 0, 0.14%, 7, 0, 11, 60.85
1733581037, 340, 12, 39, 0, 0, 0.14%, 7, 0, 11, 60.26
1733581078, 342, 31, 39, 0, 0, 0.14%, 7, 0, 11, 67.82
1733581139, 344, 29, 39, 0, 0, 0.14%, 7, 0, 11, 52.64
1733581159, 346, 12, 39, 0, 0, 0.14%, 7, 0, 11, 57.88
1733581200, 347, 30, 39, 0, 0, 0.14%, 7, 0, 11, 59.34
1733581241, 349, 24, 39, 0, 0, 0.14%, 7, 0, 11, 58.28
1733581281, 351, 24, 39, 0, 0, 0.14%, 7, 0, 11, 62.49
1733581317, 351, 34, 39, 0, 0, 0.14%, 7, 0, 11, 58.31
1733581353, 353, 16, 39, 0, 0, 0.14%, 7, 0, 11, 60.87
1733581363, 358, 31, 39, 0, 0, 0.14%, 7, 0, 11, 56.44
1733581368, 359, 35, 39, 0, 0, 0.14%, 7, 0, 11, 64.51
1733581408, 360, 36, 39, 0, 0, 0.14%, 7, 0, 11, 61.95
1733581444, 361, 17, 39, 0, 0, 0.14%, 7, 0, 11, 62.86
1733581485, 361, 31, 39, 0, 0, 0.14%, 7, 0, 11, 56.09
1733581505, 363, 31, 39, 0, 0, 0.14%, 7, 0, 11, 60.85
1733581541, 364, 35, 39, 0, 0, 0.14%, 7, 0, 11, 53.17
1733581581, 374, 36, 39, 0, 0, 0.14%, 7, 0, 11, 65.24
1733581617, 376, 35, 39, 0, 0, 0.14%, 7, 0, 11, 71.72
1733581657, 379, 35, 39, 0, 0, 0.14%, 7, 0, 11, 69.01
1733581693, 386, 16, 39, 0, 0, 0.14%, 7, 0, 11, 61.74
1733581698, 391, 14, 39, 0, 0, 0.14%, 7, 0, 11, 78.47
1733581739, 391, 30, 39, 0, 0, 0.14%, 7, 0, 11, 56.23
1733581779, 393, 35, 39, 0, 0, 0.14%, 7, 0, 11, 71.39
1733581815, 395, 14, 39, 0, 0, 0.14%, 7, 0, 11, 59.97
1733581825, 397, 17, 39, 0, 0, 0.14%, 7, 0, 11, 53.86
1733581866, 401, 24, 39, 0, 0, 0.14%, 7, 0, 11, 53.45
1733581906, 402, 17, 39, 0, 0, 0.14%, 7, 0, 11, 53.63
1733581947, 406, 24, 39, 0, 0, 0.14%, 7, 0, 11, 59.51
1733581987, 409, 28, 39, 0, 0, 0.14%, 7, 0, 11, 55.99
1733582028, 412, 36, 39, 0, 0, 0.14%, 7, 0, 11, 57.04
1733582069, 416, 28, 39, 0, 0, 0.14%, 7, 0, 11, 55.71
1733582115, 418, 24, 39, 0, 0, 0.14%, 7, 0, 11, 51.48
1733582155, 433, 14, 39, 0, 0, 0.14%, 7, 0, 11, 48.15
1733582175, 433, 30, 39, 0, 0, 0.14%, 7, 0, 11, 60.82
1733582216, 435, 36, 39, 0, 0, 0.14%, 7, 0, 11, 61.24
1733582257, 437, 28, 39, 0, 0, 0.14%, 7, 0, 11, 55.43
1733582297, 440, 31, 39, 0, 0, 0.14%, 7, 0, 11, 61.78
1733582333, 445, 16, 39, 0, 0, 0.14%, 7, 0, 11, 51.64
1733582343, 450, 14, 39, 0, 0, 0.14%, 7, 0, 11, 55.62
1733582383, 457, 24, 39, 0, 0, 0.14%, 7, 0, 11, 61.15
1733582419, 457, 31, 39, 0, 0, 0.14%, 7, 0, 11, 56.32
1733582454, 484, 14, 39, 0, 0, 0.14%, 7, 0, 11, 54.22
1733582495, 487, 16, 39, 0, 0, 0.14%, 7, 0, 11, 56.26
1733582500, 530, 16, 39, 0, 0, 0.14%, 7, 0, 11, 54.53
1733582505, 533, 16, 39, 0, 0, 0.14%, 7, 0, 11, 59.73
1733582510, 568, 16, 39, 0, 0, 0.14%, 7, 0, 11, 59.60
1733582515, 607, 16, 39, 0, 0, 0.14%, 7, 0, 11, 59.15
1733582520, 641, 16, 39, 0, 0, 0.14%, 7, 0, 11, 59.29
1733582530, 670, 16, 39, 0, 0, 0.14%, 7, 0, 11, 59.01
1733582535, 673, 16, 39, 0, 0, 0.14%, 7, 0, 11, 55.85
1733582540, 675, 16, 39, 0, 0, 0.14%, 7, 0, 11, 59.14
1733582546, 678, 16, 39, 0, 0, 0.14%, 7, 0, 11, 57.95
1733582551, 695, 16, 39, 0, 0, 0.14%, 7, 0, 11, 58.07
1733582556, 726, 0, 39, 0, 0, 0.14%, 7, 0, 11, 53.59
1733582561, 727, 16, 39, 0, 0, 0.14%, 7, 0, 11, 59.08
1733582566, 752, 16, 39, 0, 0, 0.14%, 7, 0, 11, 59.47
1733582571, 769, 16, 39, 0, 0, 0.14%, 7, 0, 11, 60.98
1733582576, 773, 16, 39, 0, 0, 0.14%, 7, 0, 11, 56.74
1733582581, 775, 16, 39, 0, 0, 0.14%, 7, 0, 11, 57.39
1733582586, 808, 16, 39, 0, 0, 0.14%, 7, 0, 11, 55.71
1733582596, 825, 16, 39, 0, 0, 0.14%, 7, 0, 11, 58.04
1733582601, 840, 16, 39, 0, 0, 0.14%, 7, 0, 11, 55.75
1733582607, 897, 16, 39, 0, 0, 0.14%, 7, 0, 11, 56.36
1733582612, 901, 16, 39, 0, 0, 0.14%, 7, 0, 11, 53.16
1733582617, 942, 16, 39, 0, 0, 0.14%, 7, 0, 11, 55.51
1733582622, 971, 16, 39, 0, 0, 0.14%, 7, 0, 11, 55.15
1733582632, 1000, 16, 39, 0, 0, 0.14%, 7, 0, 11, 54.16
1733582637, 1001, 16, 39, 0, 0, 0.14%, 7, 0, 11, 57.49
1733582642, 1004, 16, 39, 0, 0, 0.14%, 7, 0, 11, 58.86
1733582647, 1052, 16, 39, 0, 0, 0.14%, 7, 0, 11, 54.98
1733582652, 1076, 16, 39, 0, 0, 0.14%, 7, 0, 11, 55.45
1733582662, 1082, 16, 39, 0, 0, 0.14%, 7, 0, 11, 56.10
1733582668, 1090, 16, 39, 0, 0, 0.14%, 7, 0, 11, 56.08
1733582673, 1100, 16, 39, 0, 0, 0.14%, 7, 0, 11, 57.56
1733582678, 1144, 16, 39, 0, 0, 0.14%, 7, 0, 11, 51.78
1733582683, 1178, 16, 39, 0, 0, 0.14%, 7, 0, 11, 54.21
1733582688, 1179, 16, 39, 0, 0, 0.14%, 7, 0, 11, 59.09
1733582698, 1203, 16, 39, 0, 0, 0.14%, 7, 0, 11, 59.31
1733582703, 1213, 16, 39, 0, 0, 0.14%, 7, 0, 11, 56.21
1733582708, 1221, 16, 39, 0, 0, 0.14%, 7, 0, 11, 54.62
1733582713, 1224, 16, 39, 0, 0, 0.14%, 7, 0, 11, 56.72
1733582718, 1236, 16, 39, 0, 0, 0.14%, 7, 0, 11, 53.28
1733582728, 1244, 16, 39, 0, 0, 0.14%, 7, 0, 11, 55.74
1733582733, 1251, 16, 39, 0, 0, 0.14%, 7, 0, 11, 58.71
1733582738, 1254, 16, 39, 0, 0, 0.14%, 7, 0, 11, 59.86
1733582743, 1265, 16, 39, 0, 0, 0.14%, 7, 0, 11, 57.90
1733582749, 1267, 16, 39, 0, 0, 0.14%, 7, 0, 11, 55.63
1733582754, 1283, 16, 39, 0, 0, 0.14%, 7, 0, 11, 55.68
1733582764, 1303, 16, 39, 0, 0, 0.14%, 7, 0, 11, 58.77
1733582769, 1304, 16, 39, 0, 0, 0.14%, 7, 0, 11, 56.34
1733582774, 1325, 16, 39, 0, 0, 0.14%, 7, 0, 11, 57.14
1733582779, 1330, 16, 39, 0, 0, 0.14%, 7, 0, 11, 56.19
1733582784, 1342, 16, 39, 0, 0, 0.14%, 7, 0, 11, 55.82
1733582789, 1355, 16, 39, 0, 0, 0.14%, 7, 0, 11, 59.30
1733582799, 1399, 16, 39, 0, 0, 0.14%, 7, 0, 11, 57.80
1733582804, 1435, 16, 39, 0, 0, 0.14%, 7, 0, 11, 59.33
1733582809, 1453, 16, 39, 0, 0, 0.14%, 7, 0, 11, 55.81
1733582814, 1490, 16, 39, 0, 0, 0.14%, 7, 0, 11, 59.99
1733582820, 1515, 16, 39, 0, 0, 0.14%, 7, 0, 11, 56.81
1733582825, 1534, 16, 39, 0, 0, 0.14%, 7, 0, 11, 58.70
1733582830, 1551, 16, 39, 0, 0, 0.14%, 7, 0, 11, 54.75
1733582840, 1557, 16, 39, 0, 0, 0.14%, 7, 0, 11, 56.84
1733582845, 1576, 16, 39, 0, 0, 0.14%, 7, 0, 11, 61.84
1733582850, 1577, 16, 39, 0, 0, 0.14%, 7, 0, 11, 55.43
1733582855, 1600, 16, 39, 0, 0, 0.14%, 7, 0, 11, 58.72
1733582860, 1635, 16, 39, 0, 0, 0.14%, 7, 0, 11, 54.47
1733582865, 1714, 16, 39, 0, 0, 0.14%, 7, 0, 11, 55.35
1733582875, 1723, 16, 39, 0, 0, 0.14%, 7, 0, 11, 56.96
1733582881, 1727, 16, 39, 0, 0, 0.14%, 7, 0, 11, 53.24
1733582886, 1728, 16, 39, 0, 0, 0.14%, 7, 0, 11, 60.48
1733582891, 1730, 16, 39, 0, 0, 0.14%, 7, 0, 11, 56.97
1733582896, 1743, 16, 39, 0, 0, 0.14%, 7, 0, 11, 57.87
1733582901, 1755, 16, 39, 0, 0, 0.14%, 7, 0, 11, 58.93
1733582906, 1766, 16, 39, 0, 0, 0.14%, 7, 0, 11, 55.34
1733582916, 1793, 16, 39, 0, 0, 0.14%, 7, 0, 11, 55.96
1733582921, 1798, 16, 39, 0, 0, 0.14%, 7, 0, 11, 55.93
1733582926, 1810, 16, 39, 0, 0, 0.14%, 7, 0, 11, 55.75
1733582931, 1833, 16, 39, 0, 0, 0.14%, 7, 0, 11, 58.73
1733582936, 1872, 16, 39, 0, 0, 0.14%, 7, 0, 11, 55.56
1733582941, 1894, 16, 39, 0, 0, 0.14%, 7, 0, 11, 57.44
1733582946, 1900, 16, 39, 0, 0, 0.14%, 7, 0, 11, 57.83
1733582952, 1930, 0, 39, 0, 0, 0.14%, 7, 0, 11, 58.89
1733582957, 1973, 16, 39, 0, 0, 0.14%, 7, 0, 11, 56.97
1733582962, 1998, 16, 39, 0, 0, 0.14%, 7, 0, 11, 55.35
1733582967, 2004, 16, 39, 0, 0, 0.14%, 7, 0, 11, 55.20
1733582972, 2010, 16, 39, 0, 0, 0.14%, 7, 0, 11, 55.55
1733582977, 2040, 16, 39, 0, 0, 0.14%, 7, 0, 11, 55.69
1733582982, 2099, 16, 39, 0, 0, 0.14%, 7, 0, 11, 52.65
1733582992, 2101, 16, 39, 0, 0, 0.14%, 7, 0, 11, 52.82
1733582997, 2124, 16, 39, 0, 0, 0.14%, 7, 0, 11, 58.37
1733583002, 2139, 16, 39, 0, 0, 0.14%, 7, 0, 11, 59.56
1733583007, 2145, 16, 39, 0, 0, 0.14%, 7, 0, 11, 57.90
1733583013, 4165, 0, 39, 0, 0, 0.14%, 7, 0, 11, 0.00
1733583018, 25867, 0, 39, 0, 0, 0.14%, 7, 0, 11, 0.00
1733583023, 47397, 0, 39, 0, 0, 0.14%, 7, 0, 11, 0.00
1733583028, 68893, 0, 39, 0, 0, 0.14%, 7, 0, 11, 0.00
1733583033, 90384, 0, 39, 0, 0, 0.14%, 7, 0, 11, 0.00
1733583039, 111928, 0, 39, 0, 0, 0.14%, 7, 0, 11, 0.00
1733583044, 133433, 0, 39, 0, 0, 0.14%, 7, 0, 11, 0.00
1733583049, 155072, 0, 39, 0, 0, 0.14%, 7, 0, 11, 0.00
1733583054, 176621, 0, 39, 0, 0, 0.14%, 7, 0, 11, 0.00
1733583059, 198146, 0, 39, 0, 0, 0.14%, 7, 0, 11, 0.00
1733583065, 219595, 0, 39, 0, 0, 0.14%, 7, 0, 11, 0.00
1733583070, 241064, 0, 39, 0, 0, 0.14%, 7, 0, 11, 0.00
1733583075, 262604, 0, 39, 0, 0, 0.14%, 7, 0, 11, 0.00
1733583080, 284145, 0, 39, 0, 0, 0.14%, 7, 0, 11, 0.00
1733583085, 305556, 0, 39, 0, 0, 0.14%, 7, 0, 11, 0.00
1733583091, 327036, 0, 39, 0, 0, 0.14%, 7, 0, 11, 0.00
1733583096, 348475, 0, 39, 0, 0, 0.14%, 7, 0, 11, 0.00
1733583101, 369952, 0, 39, 0, 0, 0.14%, 7, 0, 11, 0.00
1733583106, 391489, 0, 39, 0, 0, 0.14%, 7, 0, 11, 0.00
1733583111, 412888, 0, 39, 0, 0, 0.14%, 7, 0, 11, 0.00
1733583117, 434462, 0, 39, 0, 0, 0.14%, 7, 0, 11, 0.00
1733583122, 455905, 0, 39, 0, 0, 0.14%, 7, 0, 11, 0.00
1733583127, 477292, 0, 39, 0, 0, 0.14%, 7, 0, 11, 0.00
1733583132, 498722, 0, 39, 0, 0, 0.14%, 7, 0, 11, 0.00
1733583137, 520286, 0, 39, 0, 0, 0.14%, 7, 0, 11, 0.00
1733583143, 541789, 0, 39, 0, 0, 0.14%, 7, 0, 11, 0.00
1733583148, 563379, 0, 39, 0, 0, 0.14%, 7, 0, 11, 0.00
1733583153, 584920, 0, 39, 0, 0, 0.14%, 7, 0, 11, 0.00
1733583158, 606330, 0, 39, 0, 0, 0.14%, 7, 0, 11, 0.00
1733583163, 627850, 0, 39, 0, 0, 0.14%, 7, 0, 11, 0.00
1733583169, 649293, 0, 39, 0, 0, 0.14%, 7, 0, 11, 0.00
1733583174, 670850, 0, 39, 0, 0, 0.14%, 7, 0, 11, 0.00
1733583179, 692325, 0, 39, 0, 0, 0.14%, 7, 0, 11, 0.00
1733583184, 713745, 0, 39, 0, 0, 0.14%, 7, 0, 11, 0.00
1733583189, 735308, 0, 39, 0, 0, 0.14%, 7, 0, 11, 0.00
1733583195, 756794, 0, 39, 0, 0, 0.14%, 7, 0, 11, 0.00
1733583200, 778224, 0, 39, 0, 0, 0.14%, 7, 0, 11, 0.00
1733583205, 799792, 0, 39, 0, 0, 0.14%, 7, 0, 11, 0.00
1733583210, 821305, 0, 39, 0, 0, 0.14%, 7, 0, 11, 0.00
1733583215, 842898, 0, 39, 0, 0, 0.14%, 7, 0, 11, 0.00
1733583221, 864324, 0, 39, 0, 0, 0.14%, 7, 0, 11, 0.00
1733583226, 885780, 0, 39, 0, 0, 0.14%, 7, 0, 11, 0.00
1733583231, 907383, 0, 39, 0, 0, 0.14%, 7, 0, 11, 0.00
1733583236, 929033, 0, 39, 0, 0, 0.14%, 7, 0, 11, 0.00
1733583241, 950522, 0, 39, 0, 0, 0.14%, 7, 0, 11, 0.00
1733583247, 971935, 0, 39, 0, 0, 0.14%, 7, 0, 11, 0.00
1733583252, 993339, 0, 39, 0, 0, 0.14%, 7, 0, 11, 0.00
1733583257, 1014797, 0, 39, 0, 0, 0.14%, 7, 0, 11, 0.00
1733583262, 1036393, 0, 39, 0, 0, 0.14%, 7, 0, 11, 0.00
1733583267, 1057895, 0, 39, 0, 0, 0.14%, 7, 0, 11, 0.00
1733583273, 1079434, 0, 39, 0, 0, 0.14%, 7, 0, 11, 0.00
1733583278, 1100934, 0, 39, 0, 0, 0.14%, 7, 0, 11, 0.00
1733583283, 1122557, 0, 39, 0, 0, 0.14%, 7, 0, 11, 0.00
1733583288, 1143994, 0, 39, 0, 0, 0.14%, 7, 0, 11, 0.00
1733583293, 1165563, 0, 39, 0, 0, 0.14%, 7, 0, 11, 0.00
1733583299, 1186967, 0, 39, 0, 0, 0.14%, 7, 0, 11, 0.00
1733583304, 1208554, 0, 39, 0, 0, 0.14%, 7, 0, 11, 0.00
1733583309, 1230052, 0, 39, 0, 0, 0.14%, 7, 0, 11, 0.00
1733583314, 1251594, 0, 39, 0, 0, 0.14%, 7, 0, 11, 0.00
1733583319, 1273037, 0, 39, 0, 0, 0.14%, 7, 0, 11, 0.00
1733583325, 1294425, 0, 39, 0, 0, 0.14%, 7, 0, 11, 0.00
1733583330, 1315914, 0, 39, 0, 0, 0.14%, 7, 0, 11, 0.00
1733583335, 1337385, 0, 39, 0, 0, 0.14%, 7, 0, 11, 0.00
1733583340, 1358863, 0, 39, 0, 0, 0.14%, 7, 0, 11, 0.00
1733583345, 1380243, 0, 39, 0, 0, 0.14%, 7, 0, 11, 0.00
1733583351, 1401631, 0, 39, 0, 0, 0.14%, 7, 0, 11, 0.00
1733583356, 1423176, 0, 39, 0, 0, 0.14%, 7, 0, 11, 0.00
1733583361, 1444675, 0, 39, 0, 0, 0.14%, 7, 0, 11, 0.00
1733583366, 1466309, 0, 39, 0, 0, 0.14%, 7, 0, 11, 0.00
1733583371, 1487810, 0, 39, 0, 0, 0.14%, 7, 0, 11, 0.00
1733583377, 1509218, 0, 39, 0, 0, 0.14%, 7, 0, 11, 0.00
1733583382, 1530527, 0, 39, 0, 0, 0.14%, 7, 0, 11, 0.00
1733583387, 1552067, 0, 39, 0, 0, 0.14%, 7, 0, 11, 0.00
1733583392, 1573527, 0, 39, 0, 0, 0.14%, 7, 0, 11, 0.00
1733583397, 1595011, 0, 39, 0, 0, 0.14%, 7, 0, 11, 0.00
1733583403, 1616533, 0, 39, 0, 0, 0.14%, 7, 0, 11, 0.00
1733583408, 1638052, 0, 39, 0, 0, 0.14%, 7, 0, 11, 0.00
1733583413, 1659544, 0, 39, 0, 0, 0.14%, 7, 0, 11, 0.00
1733583418, 1680994, 0, 39, 0, 0, 0.14%, 7, 0, 11, 0.00
1733583423, 1702562, 0, 39, 0, 0, 0.14%, 7, 0, 11, 0.00
1733583429, 1723951, 0, 39, 0, 0, 0.14%, 7, 0, 11, 0.00
1733583434, 1745442, 0, 39, 0, 0, 0.14%, 7, 0, 11, 0.00
1733583439, 1766937, 0, 39, 0, 0, 0.14%, 7, 0, 11, 0.00
1733583444, 1788329, 0, 39, 0, 0, 0.14%, 7, 0, 11, 0.00
1733583449, 1809862, 0, 39, 0, 0, 0.14%, 7, 0, 11, 0.00
1733583455, 1831399, 0, 39, 0, 0, 0.14%, 7, 0, 11, 0.00
1733583460, 1852859, 0, 39, 0, 0, 0.14%, 7, 0, 11, 0.00
1733583465, 1874299, 0, 39, 0, 0, 0.14%, 7, 0, 11, 0.00
1733583470, 1895732, 0, 39, 0, 0, 0.14%, 7, 0, 11, 0.00
1733583475, 1917306, 0, 39, 0, 0, 0.14%, 7, 0, 11, 0.00
1733583481, 1938806, 0, 39, 0, 0, 0.14%, 7, 0, 11, 0.00
1733583486, 1960249, 0, 39, 0, 0, 0.14%, 7, 0, 11, 0.00
1733583491, 1981675, 0, 39, 0, 0, 0.14%, 7, 0, 11, 0.00
1733583496, 2003174, 0, 39, 0, 0, 0.14%, 7, 0, 11, 0.00
1733583501, 2024708, 0, 39, 0, 0, 0.14%, 7, 0, 11, 0.00
1733583507, 2046149, 0, 39, 0, 0, 0.14%, 7, 0, 11, 0.00
1733583512, 2067679, 0, 39, 0, 0, 0.14%, 7, 0, 11, 0.00
1733583517, 2089179, 0, 39, 0, 0, 0.14%, 7, 0, 11, 0.00
1733583522, 2110520, 0, 39, 0, 0, 0.14%, 7, 0, 11, 0.00
1733583527, 2132172, 0, 39, 0, 0, 0.14%, 7, 0, 11, 0.00
1733583533, 2153827, 0, 39, 0, 0, 0.14%, 7, 0, 11, 0.00
1733583538, 2175311, 0, 39, 0, 0, 0.14%, 7, 0, 11, 0.00
1733583543, 2196735, 0, 39, 0, 0, 0.14%, 7, 0, 11, 0.00
1733583548, 2218227, 0, 39, 0, 0, 0.14%, 7, 0, 11, 0.00
1733583553, 2239817, 0, 39, 0, 0, 0.14%, 7, 0, 11, 0.00
1733583559, 2261301, 0, 39, 0, 0, 0.14%, 7, 0, 11, 0.00
1733583564, 2282807, 0, 39, 0, 0, 0.14%, 7, 0, 11, 0.00
1733583569, 2304256, 0, 39, 0, 0, 0.14%, 7, 0, 11, 0.00
1733583574, 2325790, 0, 39, 0, 0, 0.14%, 7, 0, 11, 0.00
1733583579, 2347122, 0, 39, 0, 0, 0.14%, 7, 0, 11, 0.00
1733583585, 2368617, 0, 39, 0, 0, 0.14%, 7, 0, 11, 0.00
1733583590, 2390056, 0, 39, 0, 0, 0.14%, 7, 0, 11, 0.00
1733583595, 2411570, 0, 39, 0, 0, 0.14%, 7, 0, 11, 0.00
1733583600, 2433007, 0, 39, 0, 0, 0.14%, 7, 0, 11, 0.00
1733583605, 2454343, 0, 39, 0, 0, 0.14%, 7, 0, 11, 0.00
1733583611, 2475919, 0, 39, 0, 0, 0.14%, 7, 0, 11, 0.00
1733583616, 2497465, 0, 39, 0, 0, 0.14%, 7, 0, 11, 0.00
1733583621, 2518959, 0, 39, 0, 0, 0.14%, 7, 0, 11, 0.00
1733583626, 2540394, 0, 39, 0, 0, 0.14%, 7, 0, 11, 0.00
1733583631, 2561932, 0, 39, 0, 0, 0.14%, 7, 0, 11, 0.00
1733583637, 2583540, 0, 39, 0, 0, 0.14%, 7, 0, 11, 0.00
1733583642, 2604977, 0, 39, 0, 0, 0.14%, 7, 0, 11, 0.00
1733583647, 2626186, 0, 39, 0, 0, 0.14%, 7, 0, 11, 0.00
1733583652, 2647683, 0, 39, 0, 0, 0.14%, 7, 0, 11, 0.00
1733583657, 2669237, 0, 39, 0, 0, 0.14%, 7, 0, 11, 0.00
1733583663, 2690558, 0, 39, 0, 0, 0.14%, 7, 0, 11, 0.00
1733583668, 2712047, 0, 39, 0, 0, 0.14%, 7, 0, 11, 0.00
1733583673, 2733601, 0, 39, 0, 0, 0.14%, 7, 0, 11, 0.00
1733583678, 2755154, 0, 39, 0, 0, 0.14%, 7, 0, 11, 0.00
1733583683, 2776561, 0, 39, 0, 0, 0.14%, 7, 0, 11, 0.00
1733583689, 2798137, 0, 39, 0, 0, 0.14%, 7, 0, 11, 0.00
1733583694, 2819665, 0, 39, 0, 0, 0.14%, 7, 0, 11, 0.00
1733583699, 2841195, 0, 39, 0, 0, 0.14%, 7, 0, 11, 0.00
1733583704, 2862548, 0, 39, 0, 0, 0.14%, 7, 0, 11, 0.00
1733583709, 2884106, 0, 39, 0, 0, 0.14%, 7, 0, 11, 0.00
1733583715, 2905566, 0, 39, 0, 0, 0.14%, 7, 0, 11, 0.00
1733583720, 2927069, 0, 39, 0, 0, 0.14%, 7, 0, 11, 0.00
1733583725, 2948675, 0, 39, 0, 0, 0.14%, 7, 0, 11, 0.00
1733583730, 2970324, 0, 39, 0, 0, 0.14%, 7, 0, 11, 0.00
1733583735, 2991852, 0, 39, 0, 0, 0.14%, 7, 0, 11, 0.00
1733583741, 3013336, 0, 39, 0, 0, 0.14%, 7, 0, 11, 0.00
1733583746, 3034839, 0, 39, 0, 0, 0.14%, 7, 0, 11, 0.00
1733583751, 3056412, 0, 39, 0, 0, 0.14%, 7, 0, 11, 0.00
1733583756, 3077850, 0, 39, 0, 0, 0.14%, 7, 0, 11, 0.00
1733583761, 3099356, 0, 39, 0, 0, 0.14%, 7, 0, 11, 0.00
1733583767, 3120861, 0, 39, 0, 0, 0.14%, 7, 0, 11, 0.00
1733583772, 3142388, 0, 39, 0, 0, 0.14%, 7, 0, 11, 0.00
1733583777, 3163915, 0, 39, 0, 0, 0.14%, 7, 0, 11, 0.00
1733583782, 3185383, 0, 39, 0, 0, 0.14%, 7, 0, 11, 0.00
1733583787, 3206817, 0, 39, 0, 0, 0.14%, 7, 0, 11, 0.00
1733583793, 3228259, 0, 39, 0, 0, 0.14%, 7, 0, 11, 0.00
1733583798, 3249696, 0, 39, 0, 0, 0.14%, 7, 0, 11, 0.00
1733583803, 3271162, 0, 39, 0, 0, 0.14%, 7, 0, 11, 0.00
1733583808, 3292706, 0, 39, 0, 0, 0.14%, 7, 0, 11, 0.00
1733583813, 3314249, 0, 39, 0, 0, 0.14%, 7, 0, 11, 0.00
1733583819, 3335789, 0, 39, 0, 0, 0.14%, 7, 0, 11, 0.00
1733583824, 3357327, 0, 39, 0, 0, 0.14%, 7, 0, 11, 0.00
1733583829, 3378776, 0, 39, 0, 0, 0.14%, 7, 0, 11, 0.00
1733583834, 3400322, 0, 39, 0, 0, 0.14%, 7, 0, 11, 0.00
1733583839, 3421805, 0, 39, 0, 0, 0.14%, 7, 0, 11, 0.00
1733583845, 3443322, 0, 39, 0, 0, 0.14%, 7, 0, 11, 0.00
1733583850, 3464759, 0, 39, 0, 0, 0.14%, 7, 0, 11, 0.00
1733583855, 3486145, 0, 39, 0, 0, 0.14%, 7, 0, 11, 0.00
1733583860, 3507622, 0, 39, 0, 0, 0.14%, 7, 0, 11, 0.00
1733583865, 3529167, 0, 39, 0, 0, 0.14%, 7, 0, 11, 0.00
1733583871, 3550655, 0, 39, 0, 0, 0.14%, 7, 0, 11, 0.00
1733583876, 3572208, 0, 39, 0, 0, 0.14%, 7, 0, 11, 0.00
1733583881, 3593821, 0, 39, 0, 0, 0.14%, 7, 0, 11, 0.00
1733583886, 3615249, 0, 39, 0, 0, 0.14%, 7, 0, 11, 0.00
1733583891, 3636795, 0, 39, 0, 0, 0.14%, 7, 0, 11, 0.00
1733583897, 3658264, 0, 39, 0, 0, 0.14%, 7, 0, 11, 0.00
1733583902, 3679711, 0, 39, 0, 0, 0.14%, 7, 0, 11, 0.00
1733583907, 3701328, 0, 39, 0, 0, 0.14%, 7, 0, 11, 0.00
1733583912, 3722831, 0, 39, 0, 0, 0.14%, 7, 0, 11, 0.00
1733583917, 3744382, 0, 39, 0, 0, 0.14%, 7, 0, 11, 0.00
1733583923, 3765853, 0, 39, 0, 0, 0.14%, 7, 0, 11, 0.00
1733583928, 3787373, 0, 39, 0, 0, 0.14%, 7, 0, 11, 0.00
1733583933, 3808777, 0, 39, 0, 0, 0.14%, 7, 0, 11, 0.00
1733583938, 3830322, 0, 39, 0, 0, 0.14%, 7, 0, 11, 0.00
1733583943, 3851763, 0, 39, 0, 0, 0.14%, 7, 0, 11, 0.00
1733583949, 3873210, 0, 39, 0, 0, 0.14%, 7, 0, 11, 0.00
1733583954, 3894785, 0, 39, 0, 0, 0.14%, 7, 0, 11, 0.00
1733583959, 3916248, 0, 39, 0, 0, 0.14%, 7, 0, 11, 0.00
1733583964, 3937750, 0, 39, 0, 0, 0.14%, 7, 0, 11, 0.00
1733583969, 3959298, 0, 39, 0, 0, 0.14%, 7, 0, 11, 0.00
1733583975, 3980816, 0, 39, 0, 0, 0.14%, 7, 0, 11, 0.00
1733583980, 4002381, 0, 39, 0, 0, 0.14%, 7, 0, 11, 0.00
1733583985, 4023816, 0, 39, 0, 0, 0.14%, 7, 0, 11, 0.00
1733583990, 4045343, 0, 39, 0, 0, 0.14%, 7, 0, 11, 0.00
1733583995, 4066757, 0, 39, 0, 0, 0.14%, 7, 0, 11, 0.00
1733584001, 4088171, 0, 39, 0, 0, 0.14%, 7, 0, 11, 0.00
1733584006, 4109677, 0, 39, 0, 0, 0.14%, 7, 0, 11, 0.00
1733584011, 4131209, 0, 39, 0, 0, 0.14%, 7, 0, 11, 0.00
1733584016, 4152838, 0, 39, 0, 0, 0.14%, 7, 0, 11, 0.00
1733584021, 4174372, 0, 39, 0, 0, 0.14%, 7, 0, 11, 0.00
1733584027, 4195926, 0, 39, 0, 0, 0.14%, 7, 0, 11, 0.00
1733584032, 4217358, 0, 39, 0, 0, 0.14%, 7, 0, 11, 0.00
1733584037, 4238946, 0, 39, 0, 0, 0.14%, 7, 0, 11, 0.00
1733584042, 4260422, 0, 39, 0, 0, 0.14%, 7, 0, 11, 0.00
1733584047, 4281947, 0, 39, 0, 0, 0.14%, 7, 0, 11, 0.00
1733584053, 4303352, 0, 39, 0, 0, 0.14%, 7, 0, 11, 0.00
1733584058, 4324816, 0, 39, 0, 0, 0.14%, 7, 0, 11, 0.00
1733584063, 4346395, 0, 39, 0, 0, 0.14%, 7, 0, 11, 0.00
1733584068, 4367836, 0, 39, 0, 0, 0.14%, 7, 0, 11, 0.00
1733584073, 4389357, 0, 39, 0, 0, 0.14%, 7, 0, 11, 0.00
1733584079, 4410881, 0, 39, 0, 0, 0.14%, 7, 0, 11, 0.00
1733584084, 4432377, 0, 39, 0, 0, 0.14%, 7, 0, 11, 0.00
1733584089, 4453832, 0, 39, 0, 0, 0.14%, 7, 0, 11, 0.00
1733584094, 4475345, 0, 39, 0, 0, 0.14%, 7, 0, 11, 0.00
1733584099, 4496807, 0, 39, 0, 0, 0.14%, 7, 0, 11, 0.00
1733584105, 4518309, 0, 39, 0, 0, 0.14%, 7, 0, 11, 0.00
1733584110, 4539983, 0, 39, 0, 0, 0.14%, 7, 0, 11, 0.00
1733584115, 4561398, 0, 39, 0, 0, 0.14%, 7, 0, 11, 0.00
1733584120, 4582787, 0, 39, 0, 0, 0.14%, 7, 0, 11, 0.00
1733584125, 4604258, 0, 39, 0, 0, 0.14%, 7, 0, 11, 0.00
1733584131, 4625717, 0, 39, 0, 0, 0.14%, 7, 0, 11, 0.00
1733584136, 4647163, 0, 39, 0, 0, 0.14%, 7, 0, 11, 0.00
1733584141, 4668589, 0, 39, 0, 0, 0.14%, 7, 0, 11, 0.00
1733584146, 4689943, 0, 39, 0, 0, 0.14%, 7, 0, 11, 0.00
1733584151, 4711403, 0, 39, 0, 0, 0.14%, 7, 0, 11, 0.00
1733584157, 4732981, 0, 39, 0, 0, 0.14%, 7, 0, 11, 0.00
1733584162, 4754531, 0, 39, 0, 0, 0.14%, 7, 0, 11, 0.00
1733584167, 4776078, 0, 39, 0, 0, 0.14%, 7, 0, 11, 0.00
1733584172, 4797612, 0, 39, 0, 0, 0.14%, 7, 0, 11, 0.00
1733584177, 4819112, 0, 39, 0, 0, 0.14%, 7, 0, 11, 0.00
1733584183, 4840609, 0, 39, 0, 0, 0.14%, 7, 0, 11, 0.00
1733584188, 4862001, 0, 39, 0, 0, 0.14%, 7, 0, 11, 0.00
1733584193, 4883517, 0, 39, 0, 0, 0.14%, 7, 0, 11, 0.00
1733584198, 4904969, 0, 39, 0, 0, 0.14%, 7, 0, 11, 0.00
1733584203, 4926437, 0, 39, 0, 0, 0.14%, 7, 0, 11, 0.00
1733584209, 4947991, 0, 39, 0, 0, 0.14%, 7, 0, 11, 0.00
1733584214, 4969467, 0, 39, 0, 0, 0.14%, 7, 0, 11, 0.00
1733584219, 4990938, 0, 39, 0, 0, 0.14%, 7, 0, 11, 0.00
1733584224, 5012439, 0, 39, 0, 0, 0.14%, 7, 0, 11, 0.00
1733584229, 5033893, 0, 39, 0, 0, 0.14%, 7, 0, 11, 0.00
1733584235, 5055356, 0, 39, 0, 0, 0.14%, 7, 0, 11, 0.00
1733584240, 5076848, 0, 39, 0, 0, 0.14%, 7, 0, 11, 0.00
1733584245, 5098433, 0, 39, 0, 0, 0.14%, 7, 0, 11, 0.00
1733584250, 5119852, 0, 39, 0, 0, 0.14%, 7, 0, 11, 0.00
1733584255, 5141329, 0, 39, 0, 0, 0.14%, 7, 0, 11, 0.00
1733584261, 5162817, 0, 39, 0, 0, 0.14%, 7, 0, 11, 0.00
1733584266, 5184360, 0, 39, 0, 0, 0.14%, 7, 0, 11, 0.00
1733584271, 5205814, 0, 39, 0, 0, 0.14%, 7, 0, 11, 0.00
1733584276, 5227384, 0, 39, 0, 0, 0.14%, 7, 0, 11, 0.00
1733584281, 5248841, 0, 39, 0, 0, 0.14%, 7, 0, 11, 0.00
1733584287, 5270368, 0, 39, 0, 0, 0.14%, 7, 0, 11, 0.00
1733584292, 5291786, 0, 39, 0, 0, 0.14%, 7, 0, 11, 0.00
1733584297, 5313392, 0, 39, 0, 0, 0.14%, 7, 0, 11, 0.00
1733584302, 5334828, 0, 39, 0, 0, 0.14%, 7, 0, 11, 0.00
1733584307, 5356268, 0, 39, 0, 0, 0.14%, 7, 0, 11, 0.00
1733584313, 5377643, 0, 39, 0, 0, 0.14%, 7, 0, 11, 0.00
1733584318, 5399156, 0, 39, 0, 0, 0.14%, 7, 0, 11, 0.00
1733584323, 5420726, 0, 39, 0, 0, 0.14%, 7, 0, 11, 0.00
1733584328, 5442237, 0, 39, 0, 0, 0.14%, 7, 0, 11, 0.00
1733584333, 5463665, 0, 39, 0, 0, 0.14%, 7, 0, 11, 0.00
1733584339, 5485218, 0, 39, 0, 0, 0.14%, 7, 0, 11, 0.00
1733584344, 5506685, 0, 39, 0, 0, 0.14%, 7, 0, 11, 0.00
1733584349, 5528206, 0, 39, 0, 0, 0.14%, 7, 0, 11, 0.00
1733584354, 5549755, 0, 39, 0, 0, 0.14%, 7, 0, 11, 0.00
1733584359, 5571211, 0, 39, 0, 0, 0.14%, 7, 0, 11, 0.00
1733584365, 5592743, 0, 39, 0, 0, 0.14%, 7, 0, 11, 0.00
1733584370, 5614272, 0, 39, 0, 0, 0.14%, 7, 0, 11, 0.00
1733584375, 5635751, 0, 39, 0, 0, 0.14%, 7, 0, 11, 0.00
1733584380, 5657322, 0, 39, 0, 0, 0.14%, 7, 0, 11, 0.00
1733584385, 5678884, 0, 39, 0, 0, 0.14%, 7, 0, 11, 0.00
1733584391, 5700466, 0, 39, 0, 0, 0.14%, 7, 0, 11, 0.00
1733584396, 5721952, 0, 39, 0, 0, 0.14%, 7, 0, 11, 0.00
1733584401, 5743432, 0, 39, 0, 0, 0.14%, 7, 0, 11, 0.00
1733584406, 5764980, 0, 39, 0, 0, 0.14%, 7, 0, 11, 0.00
1733584411, 5786523, 0, 39, 0, 0, 0.14%, 7, 0, 11, 0.00
1733584417, 5808018, 0, 39, 0, 0, 0.14%, 7, 0, 11, 0.00
1733584422, 5829534, 0, 39, 0, 0, 0.14%, 7, 0, 11, 0.00
1733584427, 5850943, 0, 39, 0, 0, 0.14%, 7, 0, 11, 0.00
1733584432, 5872510, 0, 39, 0, 0, 0.14%, 7, 0, 11, 0.00
1733584437, 5894022, 0, 39, 0, 0, 0.14%, 7, 0, 11, 0.00
1733584443, 5915472, 0, 39, 0, 0, 0.14%, 7, 0, 11, 0.00
1733584448, 5936972, 0, 39, 0, 0, 0.14%, 7, 0, 11, 0.00
1733584453, 5958481, 0, 39, 0, 0, 0.14%, 7, 0, 11, 0.00
1733584458, 5979929, 0, 39, 0, 0, 0.14%, 7, 0, 11, 0.00
1733584463, 6001412, 0, 39, 0, 0, 0.14%, 7, 0, 11, 0.00
1733584469, 6022734, 0, 39, 0, 0, 0.14%, 7, 0, 11, 0.00
1733584474, 6044247, 0, 39, 0, 0, 0.14%, 7, 0, 11, 0.00
1733584479, 6065706, 0, 39, 0, 0, 0.14%, 7, 0, 11, 0.00
1733584484, 6087138, 0, 39, 0, 0, 0.14%, 7, 0, 11, 0.00
1733584489, 6108618, 0, 39, 0, 0, 0.14%, 7, 0, 11, 0.00
1733584495, 6130119, 0, 39, 0, 0, 0.14%, 7, 0, 11, 0.00
1733584500, 6151531, 0, 39, 0, 0, 0.14%, 7, 0, 11, 0.00
1733584505, 6173027, 0, 39, 0, 0, 0.14%, 7, 0, 11, 0.00
1733584510, 6194550, 0, 39, 0, 0, 0.14%, 7, 0, 11, 0.00
1733584515, 6216110, 0, 39, 0, 0, 0.14%, 7, 0, 11, 0.00
1733584521, 6237542, 0, 39, 0, 0, 0.14%, 7, 0, 11, 0.00
1733584526, 6258983, 0, 39, 0, 0, 0.14%, 7, 0, 11, 0.00
1733584531, 6280400, 0, 39, 0, 0, 0.14%, 7, 0, 11, 0.00
1733584536, 6301925, 0, 39, 0, 0, 0.14%, 7, 0, 11, 0.00
1733584541, 6323406, 0, 39, 0, 0, 0.14%, 7, 0, 11, 0.00
1733584547, 6344904, 0, 39, 0, 0, 0.14%, 7, 0, 11, 0.00
1733584552, 6366354, 0, 39, 0, 0, 0.14%, 7, 0, 11, 0.00
1733584557, 6387840, 0, 39, 0, 0, 0.14%, 7, 0, 11, 0.00
1733584562, 6409335, 0, 39, 0, 0, 0.14%, 7, 0, 11, 0.00
1733584567, 6430738, 0, 39, 0, 0, 0.14%, 7, 0, 11, 0.00
1733584573, 6452336, 0, 39, 0, 0, 0.14%, 7, 0, 11, 0.00
1733584578, 6473899, 0, 39, 0, 0, 0.14%, 7, 0, 11, 0.00
1733584583, 6495496, 0, 39, 0, 0, 0.14%, 7, 0, 11, 0.00
1733584588, 6516975, 0, 39, 0, 0, 0.14%, 7, 0, 11, 0.00
1733584593, 6538444, 0, 39, 0, 0, 0.14%, 7, 0, 11, 0.00
1733584599, 6559882, 0, 39, 0, 0, 0.14%, 7, 0, 11, 0.00
1733584604, 6581486, 0, 39, 0, 0, 0.14%, 7, 0, 11, 0.00
1733584609, 6602799, 0, 39, 0, 0, 0.14%, 7, 0, 11, 0.00
1733584614, 6624145, 0, 39, 0, 0, 0.14%, 7, 0, 11, 0.00
1733584619, 6645727, 0, 39, 0, 0, 0.14%, 7, 0, 11, 0.00
1733584625, 6667180, 0, 39, 0, 0, 0.14%, 7, 0, 11, 0.00
1733584630, 6688607, 0, 39, 0, 0, 0.14%, 7, 0, 11, 0.00
1733584635, 6710153, 0, 39, 0, 0, 0.14%, 7, 0, 11, 0.00
1733584640, 6731551, 0, 39, 0, 0, 0.14%, 7, 0, 11, 0.00
1733584645, 6753054, 0, 39, 0, 0, 0.14%, 7, 0, 11, 0.00
1733584651, 6774589, 0, 39, 0, 0, 0.14%, 7, 0, 11, 0.00
1733584656, 6796036, 0, 39, 0, 0, 0.14%, 7, 0, 11, 0.00
1733584661, 6817515, 0, 39, 0, 0, 0.14%, 7, 0, 11, 0.00
1733584666, 6838917, 0, 39, 0, 0, 0.14%, 7, 0, 11, 0.00
1733584671, 6860471, 0, 39, 0, 0, 0.14%, 7, 0, 11, 0.00
1733584677, 6882043, 0, 39, 0, 0, 0.14%, 7, 0, 11, 0.00
1733584682, 6903567, 0, 39, 0, 0, 0.14%, 7, 0, 11, 0.00
1733584687, 6925138, 0, 39, 0, 0, 0.14%, 7, 0, 11, 0.00
1733584692, 6946688, 0, 39, 0, 0, 0.14%, 7, 0, 11, 0.00
1733584697, 6968159, 0, 39, 0, 0, 0.14%, 7, 0, 11, 0.00
1733584703, 6989608, 0, 39, 0, 0, 0.14%, 7, 0, 11, 0.00
1733584708, 7011181, 0, 39, 0, 0, 0.14%, 7, 0, 11, 0.00
1733584713, 7032668, 0, 39, 0, 0, 0.14%, 7, 0, 11, 0.00
1733584718, 7054153, 0, 39, 0, 0, 0.14%, 7, 0, 11, 0.00
1733584723, 7075739, 0, 39, 0, 0, 0.14%, 7, 0, 11, 0.00
1733584729, 7097165, 0, 39, 0, 0, 0.14%, 7, 0, 11, 0.00
1733584734, 7118721, 0, 39, 0, 0, 0.14%, 7, 0, 11, 0.00
1733584739, 7140066, 0, 39, 0, 0, 0.14%, 7, 0, 11, 0.00
1733584744, 7161542, 0, 39, 0, 0, 0.14%, 7, 0, 11, 0.00
1733584749, 7183027, 0, 39, 0, 0, 0.14%, 7, 0, 11, 0.00
1733584755, 7204642, 0, 39, 0, 0, 0.14%, 7, 0, 11, 0.00
1733584760, 7226086, 0, 39, 0, 0, 0.14%, 7, 0, 11, 0.00
1733584765, 7247673, 0, 39, 0, 0, 0.14%, 7, 0, 11, 0.00
1733584770, 7269186, 0, 39, 0, 0, 0.14%, 7, 0, 11, 0.00
1733584775, 7290702, 0, 39, 0, 0, 0.14%, 7, 0, 11, 0.00
1733584781, 7312233, 0, 39, 0, 0, 0.14%, 7, 0, 11, 0.00
1733584786, 7333718, 0, 39, 0, 0, 0.14%, 7, 0, 11, 0.00
1733584791, 7355263, 0, 39, 0, 0, 0.14%, 7, 0, 11, 0.00
1733584796, 7376743, 0, 39, 0, 0, 0.14%, 7, 0, 11, 0.00
1733584801, 7398322, 0, 39, 0, 0, 0.14%, 7, 0, 11, 0.00
1733584807, 7419857, 0, 39, 0, 0, 0.14%, 7, 0, 11, 0.00
1733584812, 7441317, 0, 39, 0, 0, 0.14%, 7, 0, 11, 0.00
1733584817, 7462761, 0, 39, 0, 0, 0.14%, 7, 0, 11, 0.00
1733584822, 7484201, 0, 39, 0, 0, 0.14%, 7, 0, 11, 0.00
1733584827, 7505717, 0, 39, 0, 0, 0.14%, 7, 0, 11, 0.00
1733584833, 7527166, 0, 39, 0, 0, 0.14%, 7, 0, 11, 0.00
1733584838, 7548627, 0, 39, 0, 0, 0.14%, 7, 0, 11, 0.00
1733584843, 7570076, 0, 39, 0, 0, 0.14%, 7, 0, 11, 0.00
1733584848, 7591606, 0, 39, 0, 0, 0.14%, 7, 0, 11, 0.00
1733584853, 7613070, 0, 39, 0, 0, 0.14%, 7, 0, 11, 0.00
1733584859, 7634492, 0, 39, 0, 0, 0.14%, 7, 0, 11, 0.00
1733584864, 7655792, 0, 39, 0, 0, 0.14%, 7, 0, 11, 0.00
1733584869, 7677211, 0, 39, 0, 0, 0.14%, 7, 0, 11, 0.00
1733584874, 7698710, 0, 39, 0, 0, 0.14%, 7, 0, 11, 0.00
1733584879, 7720266, 0, 39, 0, 0, 0.14%, 7, 0, 11, 0.00
1733584885, 7741871, 0, 39, 0, 0, 0.14%, 7, 0, 11, 0.00
1733584890, 7763434, 0, 39, 0, 0, 0.14%, 7, 0, 11, 0.00
1733584895, 7784966, 0, 39, 0, 0, 0.14%, 7, 0, 11, 0.00
1733584900, 7806563, 0, 39, 0, 0, 0.14%, 7, 0, 11, 0.00
1733584905, 7828117, 0, 39, 0, 0, 0.14%, 7, 0, 11, 0.00
1733584911, 7849707, 0, 39, 0, 0, 0.14%, 7, 0, 11, 0.00
1733584916, 7871232, 0, 39, 0, 0, 0.14%, 7, 0, 11, 0.00
1733584921, 7892789, 0, 39, 0, 0, 0.14%, 7, 0, 11, 0.00
1733584926, 7914273, 0, 39, 0, 0, 0.14%, 7, 0, 11, 0.00
1733584931, 7935762, 0, 39, 0, 0, 0.14%, 7, 0, 11, 0.00
1733584937, 7957324, 0, 39, 0, 0, 0.14%, 7, 0, 11, 0.00
1733584942, 7978777, 0, 39, 0, 0, 0.14%, 7, 0, 11, 0.00
1733584947, 8000361, 0, 39, 0, 0, 0.14%, 7, 0, 11, 0.00
1733584952, 8021868, 0, 39, 0, 0, 0.14%, 7, 0, 11, 0.00
1733584957, 8043405, 0, 39, 0, 0, 0.14%, 7, 0, 11, 0.00
1733584963, 8064984, 0, 39, 0, 0, 0.14%, 7, 0, 11, 0.00
1733584968, 8086472, 0, 39, 0, 0, 0.14%, 7, 0, 11, 0.00
1733584973, 8107939, 0, 39, 0, 0, 0.14%, 7, 0, 11, 0.00
1733584978, 8129438, 0, 39, 0, 0, 0.14%, 7, 0, 11, 0.00
1733584983, 8151037, 0, 39, 0, 0, 0.14%, 7, 0, 11, 0.00
1733584989, 8172559, 0, 39, 0, 0, 0.14%, 7, 0, 11, 0.00
1733584994, 8194047, 0, 39, 0, 0, 0.14%, 7, 0, 11, 0.00
1733584999, 8215424, 0, 39, 0, 0, 0.14%, 7, 0, 11, 0.00
1733585004, 8236917, 0, 39, 0, 0, 0.14%, 7, 0, 11, 0.00
1733585009, 8258449, 0, 39, 0, 0, 0.14%, 7, 0, 11, 0.00
1733585015, 8279957, 0, 39, 0, 0, 0.14%, 7, 0, 11, 0.00
1733585020, 8301451, 0, 39, 0, 0, 0.14%, 7, 0, 11, 0.00
1733585025, 8322920, 0, 39, 0, 0, 0.14%, 7, 0, 11, 0.00
1733585030, 8344456, 0, 39, 0, 0, 0.14%, 7, 0, 11, 0.00
1733585035, 8366001, 0, 39, 0, 0, 0.14%, 7, 0, 11, 0.00
1733585041, 8387463, 0, 39, 0, 0, 0.14%, 7, 0, 11, 0.00
1733585046, 8408950, 0, 39, 0, 0, 0.14%, 7, 0, 11, 0.00
1733585051, 8430416, 0, 39, 0, 0, 0.14%, 7, 0, 11, 0.00
1733585056, 8451954, 0, 39, 0, 0, 0.14%, 7, 0, 11, 0.00
1733585061, 8473533, 0, 39, 0, 0, 0.14%, 7, 0, 11, 0.00
1733585067, 8495010, 0, 39, 0, 0, 0.14%, 7, 0, 11, 0.00
1733585072, 8516551, 0, 39, 0, 0, 0.14%, 7, 0, 11, 0.00
1733585077, 8537993, 0, 39, 0, 0, 0.14%, 7, 0, 11, 0.00
1733585082, 8559533, 0, 39, 0, 0, 0.14%, 7, 0, 11, 0.00
1733585087, 8580907, 0, 39, 0, 0, 0.14%, 7, 0, 11, 0.00
1733585093, 8602435, 0, 39, 0, 0, 0.14%, 7, 0, 11, 0.00
1733585098, 8624001, 0, 39, 0, 0, 0.14%, 7, 0, 11, 0.00
1733585103, 8645453, 0, 39, 0, 0, 0.14%, 7, 0, 11, 0.00
1733585108, 8667008, 0, 39, 0, 0, 0.14%, 7, 0, 11, 0.00
1733585113, 8688387, 0, 39, 0, 0, 0.14%, 7, 0, 11, 0.00
1733585119, 8709857, 0, 39, 0, 0, 0.14%, 7, 0, 11, 0.00
1733585124, 8731472, 0, 39, 0, 0, 0.14%, 7, 0, 11, 0.00
1733585129, 8753043, 0, 39, 0, 0, 0.14%, 7, 0, 11, 0.00
1733585134, 8774461, 0, 39, 0, 0, 0.14%, 7, 0, 11, 0.00
1733585139, 8795928, 0, 39, 0, 0, 0.14%, 7, 0, 11, 0.00
1733585145, 8817494, 0, 39, 0, 0, 0.14%, 7, 0, 11, 0.00
1733585150, 8838971, 0, 39, 0, 0, 0.14%, 7, 0, 11, 0.00
1733585155, 8860458, 0, 39, 0, 0, 0.14%, 7, 0, 11, 0.00
1733585160, 8881987, 0, 39, 0, 0, 0.14%, 7, 0, 11, 0.00
1733585165, 8903434, 0, 39, 0, 0, 0.14%, 7, 0, 11, 0.00
1733585171, 8924923, 0, 39, 0, 0, 0.14%, 7, 0, 11, 0.00
1733585176, 8946446, 0, 39, 0, 0, 0.14%, 7, 0, 11, 0.00
1733585181, 8967944, 0, 39, 0, 0, 0.14%, 7, 0, 11, 0.00
1733585186, 8989546, 0, 39, 0, 0, 0.14%, 7, 0, 11, 0.00
1733585191, 9011092, 0, 39, 0, 0, 0.14%, 7, 0, 11, 0.00
1733585197, 9032645, 0, 39, 0, 0, 0.14%, 7, 0, 11, 0.00
1733585202, 9054052, 0, 39, 0, 0, 0.14%, 7, 0, 11, 0.00
1733585207, 9075508, 0, 39, 0, 0, 0.14%, 7, 0, 11, 0.00
1733585212, 9097057, 0, 39, 0, 0, 0.14%, 7, 0, 11, 0.00
1733585217, 9118535, 0, 39, 0, 0, 0.14%, 7, 0, 11, 0.00
1733585223, 9140037, 0, 39, 0, 0, 0.14%, 7, 0, 11, 0.00
1733585228, 9161548, 0, 39, 0, 0, 0.14%, 7, 0, 11, 0.00
1733585233, 9183005, 0, 39, 0, 0, 0.14%, 7, 0, 11, 0.00
1733585238, 9204499, 0, 39, 0, 0, 0.14%, 7, 0, 11, 0.00
1733585243, 9225899, 0, 39, 0, 0, 0.14%, 7, 0, 11, 0.00
1733585249, 9247325, 0, 39, 0, 0, 0.14%, 7, 0, 11, 0.00
1733585254, 9268825, 0, 39, 0, 0, 0.14%, 7, 0, 11, 0.00
1733585259, 9290344, 0, 39, 0, 0, 0.14%, 7, 0, 11, 0.00
1733585264, 9311812, 0, 39, 0, 0, 0.14%, 7, 0, 11, 0.00
1733585269, 9333178, 0, 39, 0, 0, 0.14%, 7, 0, 11, 0.00
1733585275, 9354735, 0, 39, 0, 0, 0.14%, 7, 0, 11, 0.00
1733585280, 9376243, 0, 39, 0, 0, 0.14%, 7, 0, 11, 0.00
1733585285, 9397831, 0, 39, 0, 0, 0.14%, 7, 0, 11, 0.00
1733585290, 9419357, 0, 39, 0, 0, 0.14%, 7, 0, 11, 0.00
1733585295, 9440862, 0, 39, 0, 0, 0.14%, 7, 0, 11, 0.00
1733585301, 9462368, 0, 39, 0, 0, 0.14%, 7, 0, 11, 0.00
1733585306, 9483877, 0, 39, 0, 0, 0.14%, 7, 0, 11, 0.00
1733585311, 9505400, 0, 39, 0, 0, 0.14%, 7, 0, 11, 0.00
1733585316, 9526887, 0, 39, 0, 0, 0.14%, 7, 0, 11, 0.00
1733585321, 9548327, 0, 39, 0, 0, 0.14%, 7, 0, 11, 0.00
1733585327, 9569693, 0, 39, 0, 0, 0.14%, 7, 0, 11, 0.00
1733585332, 9591191, 0, 39, 0, 0, 0.14%, 7, 0, 11, 0.00
1733585337, 9612726, 0, 39, 0, 0, 0.14%, 7, 0, 11, 0.00
1733585342, 9634330, 0, 39, 0, 0, 0.14%, 7, 0, 11, 0.00
1733585347, 9655886, 0, 39, 0, 0, 0.14%, 7, 0, 11, 0.00
1733585353, 9677371, 0, 39, 0, 0, 0.14%, 7, 0, 11, 0.00
1733585358, 9698760, 0, 39, 0, 0, 0.14%, 7, 0, 11, 0.00
1733585363, 9720235, 0, 39, 0, 0, 0.14%, 7, 0, 11, 0.00
1733585368, 9741707, 0, 39, 0, 0, 0.14%, 7, 0, 11, 0.00
1733585373, 9763177, 0, 39, 0, 0, 0.14%, 7, 0, 11, 0.00
1733585379, 9784683, 0, 39, 0, 0, 0.14%, 7, 0, 11, 0.00
1733585384, 9806137, 0, 39, 0, 0, 0.14%, 7, 0, 11, 0.00
1733585389, 9827590, 0, 39, 0, 0, 0.14%, 7, 0, 11, 0.00
1733585394, 9849195, 0, 39, 0, 0, 0.14%, 7, 0, 11, 0.00
1733585399, 9870653, 0, 39, 0, 0, 0.14%, 7, 0, 11, 0.00
1733585405, 9892159, 0, 39, 0, 0, 0.14%, 7, 0, 11, 0.00
1733585410, 9913662, 0, 39, 0, 0, 0.14%, 7, 0, 11, 0.00
1733585415, 9935138, 0, 39, 0, 0, 0.14%, 7, 0, 11, 0.00
1733585420, 9956569, 0, 39, 0, 0, 0.14%, 7, 0, 11, 0.00
1733585425, 9977989, 0, 39, 0, 0, 0.14%, 7, 0, 11, 0.00
1733585431, 9999534, 0, 39, 0, 0, 0.14%, 7, 0, 11, 0.00
1733585436, 10021060, 0, 39, 0, 0, 0.14%, 7, 0, 11, 0.00
1733585441, 10042564, 0, 39, 0, 0, 0.14%, 7, 0, 11, 0.00
1733585446, 10064039, 0, 39, 0, 0, 0.14%, 7, 0, 11, 0.00
1733585451, 10085534, 0, 39, 0, 0, 0.14%, 7, 0, 11, 0.00
1733585457, 10107067, 0, 39, 0, 0, 0.14%, 7, 0, 11, 0.00
1733585462, 10128530, 0, 39, 0, 0, 0.14%, 7, 0, 11, 0.00
1733585467, 10150042, 0, 39, 0, 0, 0.14%, 7, 0, 11, 0.00
1733585472, 10171498, 0, 39, 0, 0, 0.14%, 7, 0, 11, 0.00
1733585477, 10193087, 0, 39, 0, 0, 0.14%, 7, 0, 11, 0.00
1733585483, 10214595, 0, 39, 0, 0, 0.14%, 7, 0, 11, 0.00
1733585488, 10236045, 0, 39, 0, 0, 0.14%, 7, 0, 11, 0.00
1733585493, 10257574, 0, 39, 0, 0, 0.14%, 7, 0, 11, 0.00
1733585498, 10279147, 0, 39, 0, 0, 0.14%, 7, 0, 11, 0.00
1733585503, 10300644, 0, 39, 0, 0, 0.14%, 7, 0, 11, 0.00
1733585509, 10322108, 0, 39, 0, 0, 0.14%, 7, 0, 11, 0.00
1733585514, 10343610, 0, 39, 0, 0, 0.14%, 7, 0, 11, 0.00
1733585519, 10365055, 0, 39, 0, 0, 0.14%, 7, 0, 11, 0.00
1733585524, 10386448, 0, 39, 0, 0, 0.14%, 7, 0, 11, 0.00
1733585529, 10407981, 0, 39, 0, 0, 0.14%, 7, 0, 11, 0.00
1733585535, 10429528, 0, 39, 0, 0, 0.14%, 7, 0, 11, 0.00
1733585540, 10451022, 0, 39, 0, 0, 0.14%, 7, 0, 11, 0.00
1733585545, 10472483, 0, 39, 0, 0, 0.14%, 7, 0, 11, 0.00
1733585550, 10493950, 0, 39, 0, 0, 0.14%, 7, 0, 11, 0.00
1733585555, 10515413, 0, 39, 0, 0, 0.14%, 7, 0, 11, 0.00
1733585561, 10536938, 0, 39, 0, 0, 0.14%, 7, 0, 11, 0.00
1733585566, 10558474, 0, 39, 0, 0, 0.14%, 7, 0, 11, 0.00
1733585571, 10579995, 0, 39, 0, 0, 0.14%, 7, 0, 11, 0.00
1733585576, 10601367, 0, 39, 0, 0, 0.14%, 7, 0, 11, 0.00
1733585581, 10622855, 0, 39, 0, 0, 0.14%, 7, 0, 11, 0.00
1733585587, 10644262, 0, 39, 0, 0, 0.14%, 7, 0, 11, 0.00
1733585592, 10665831, 0, 39, 0, 0, 0.14%, 7, 0, 11, 0.00
1733585597, 10687421, 0, 39, 0, 0, 0.14%, 7, 0, 11, 0.00
1733585602, 10708897, 0, 39, 0, 0, 0.14%, 7, 0, 11, 0.00
1733585607, 10730427, 0, 39, 0, 0, 0.14%, 7, 0, 11, 0.00
1733585613, 10751978, 0, 39, 0, 0, 0.14%, 7, 0, 11, 0.00
1733585618, 10773399, 0, 39, 0, 0, 0.14%, 7, 0, 11, 0.00
1733585623, 10794932, 0, 39, 0, 0, 0.14%, 7, 0, 11, 0.00
1733585628, 10816365, 0, 39, 0, 0, 0.14%, 7, 0, 11, 0.00
1733585633, 10837819, 0, 39, 0, 0, 0.14%, 7, 0, 11, 0.00
1733585639, 10859366, 0, 39, 0, 0, 0.14%, 7, 0, 11, 0.00
1733585644, 10880913, 0, 39, 0, 0, 0.14%, 7, 0, 11, 0.00
1733585649, 10902376, 0, 39, 0, 0, 0.14%, 7, 0, 11, 0.00
1733585654, 10923933, 0, 39, 0, 0, 0.14%, 7, 0, 11, 0.00
1733585659, 10945446, 0, 39, 0, 0, 0.14%, 7, 0, 11, 0.00
1733585665, 10966944, 0, 39, 0, 0, 0.14%, 7, 0, 11, 0.00
1733585670, 10988339, 0, 39, 0, 0, 0.14%, 7, 0, 11, 0.00
1733585675, 11009827, 0, 39, 0, 0, 0.14%, 7, 0, 11, 0.00
1733585680, 11031317, 0, 39, 0, 0, 0.14%, 7, 0, 11, 0.00
1733585685, 11052670, 0, 39, 0, 0, 0.14%, 7, 0, 11, 0.00
1733585691, 11074134, 0, 39, 0, 0, 0.14%, 7, 0, 11, 0.00
1733585696, 11095560, 0, 39, 0, 0, 0.14%, 7, 0, 11, 0.00
1733585701, 11117004, 0, 39, 0, 0, 0.14%, 7, 0, 11, 0.00
