# unix_time, cycles_done, cur_path, paths_total, pending_total, pending_favs, map_size, unique_crashes, unique_hangs, max_depth, execs_per_sec
1733657709, 0, 0, 10, 10, 1, 0.01%, 0, 0, 1, 35.91
1733657714, 0, 2, 10, 10, 1, 0.01%, 0, 0, 1, 36.17
1733657730, 1, 0, 10, 2, 0, 0.01%, 0, 0, 1, 44.16
1733657735, 1, 1, 10, 1, 0, 0.01%, 0, 0, 1, 44.90
1733657745, 1, 2, 10, 0, 0, 0.01%, 0, 0, 1, 42.23
1733657750, 1, 3, 10, 0, 0, 0.01%, 0, 0, 1, 44.32
1733657755, 1, 4, 10, 0, 0, 0.01%, 0, 0, 1, 44.63
1733657760, 1, 5, 10, 0, 0, 0.01%, 0, 0, 1, 42.38
1733657765, 1, 6, 10, 0, 0, 0.01%, 0, 0, 1, 42.73
1733657770, 1, 7, 10, 0, 0, 0.01%, 0, 0, 1, 43.76
1733657781, 1, 8, 10, 0, 0, 0.01%, 0, 0, 1, 44.53
1733657786, 1, 9, 10, 0, 0, 0.01%, 0, 0, 1, 44.34
1733657791, 2, 0, 10, 0, 0, 0.01%, 0, 0, 1, 42.67
1733657796, 2, 1, 10, 0, 0, 0.01%, 0, 0, 1, 44.15
1733657801, 2, 2, 10, 0, 0, 0.01%, 0, 0, 1, 41.90
1733657806, 2, 3, 10, 0, 0, 0.01%, 0, 0, 1, 43.90
1733657811, 2, 4, 10, 0, 0, 0.01%, 0, 0, 1, 43.35
1733657821, 2, 5, 10, 0, 0, 0.01%, 0, 0, 1, 44.23
1733657826, 2, 6, 10, 0, 0, 0.01%, 0, 0, 1, 43.72
1733657831, 2, 7, 10, 0, 0, 0.01%, 0, 0, 1, 42.80
1733657836, 2, 8, 10, 0, 0, 0.01%, 0, 0, 1, 43.31
1733657842, 2, 9, 10, 0, 0, 0.01%, 0, 0, 1, 43.17
1733657847, 3, 0, 10, 0, 0, 0.01%, 0, 0, 1, 43.09
1733657857, 3, 1, 10, 0, 0, 0.01%, 0, 0, 1, 42.80
1733657862, 3, 2, 10, 0, 0, 0.01%, 0, 0, 1, 44.56
1733657867, 3, 3, 10, 0, 0, 0.01%, 0, 0, 1, 42.66
1733657872, 3, 4, 10, 0, 0, 0.01%, 0, 0, 1, 40.99
1733657877, 3, 5, 10, 0, 0, 0.01%, 0, 0, 1, 42.64
1733657882, 3, 6, 10, 0, 0, 0.01%, 0, 0, 1, 42.76
1733657892, 3, 7, 10, 0, 0, 0.01%, 0, 0, 1, 43.81
1733657897, 3, 8, 10, 0, 0, 0.01%, 0, 0, 1, 43.88
1733657902, 3, 9, 10, 0, 0, 0.01%, 0, 0, 1, 44.26
1733657907, 4, 0, 10, 0, 0, 0.01%, 0, 0, 1, 43.48
1733657912, 4, 1, 10, 0, 0, 0.01%, 0, 0, 1, 42.86
1733657918, 4, 2, 10, 0, 0, 0.01%, 0, 0, 1, 43.57
1733657928, 4, 3, 10, 0, 0, 0.01%, 0, 0, 1, 43.37
1733657933, 4, 4, 10, 0, 0, 0.01%, 0, 0, 1, 43.97
1733657938, 4, 5, 10, 0, 0, 0.01%, 0, 0, 1, 43.64
1733657943, 4, 6, 10, 0, 0, 0.01%, 0, 0, 1, 43.59
1733657948, 4, 7, 10, 0, 0, 0.01%, 0, 0, 1, 42.61
1733657953, 4, 8, 10, 0, 0, 0.01%, 0, 0, 1, 42.33
1733657963, 4, 9, 10, 0, 0, 0.01%, 0, 0, 1, 42.17
1733657968, 5, 0, 10, 0, 0, 0.01%, 0, 0, 1, 43.57
1733657973, 5, 1, 10, 0, 0, 0.01%, 0, 0, 1, 44.54
1733657978, 5, 2, 10, 0, 0, 0.01%, 0, 0, 1, 43.72
1733657983, 5, 3, 10, 0, 0, 0.01%, 0, 0, 1, 43.83
1733657989, 5, 4, 10, 0, 0, 0.01%, 0, 0, 1, 43.33
1733657999, 5, 5, 10, 0, 0, 0.01%, 0, 0, 1, 43.49
1733658004, 5, 6, 10, 0, 0, 0.01%, 0, 0, 1, 44.63
1733658009, 5, 7, 10, 0, 0, 0.01%, 0, 0, 1, 43.36
1733658014, 5, 8, 10, 0, 0, 0.01%, 0, 0, 1, 44.47
1733658019, 5, 9, 10, 0, 0, 0.01%, 0, 0, 1, 42.65
1733658024, 6, 0, 10, 0, 0, 0.01%, 0, 0, 1, 43.46
1733658034, 6, 1, 10, 0, 0, 0.01%, 0, 0, 1, 44.69
1733658039, 6, 2, 10, 0, 0, 0.01%, 0, 0, 1, 44.19
1733658044, 6, 3, 10, 0, 0, 0.01%, 0, 0, 1, 43.84
1733658049, 6, 4, 10, 0, 0, 0.01%, 0, 0, 1, 42.05
1733658054, 6, 5, 10, 0, 0, 0.01%, 0, 0, 1, 44.00
1733658059, 6, 6, 10, 0, 0, 0.01%, 0, 0, 1, 44.24
1733658065, 6, 7, 10, 0, 0, 0.01%, 0, 0, 1, 44.33
1733658075, 6, 8, 10, 0, 0, 0.01%, 0, 0, 1, 44.26
1733658080, 6, 9, 10, 0, 0, 0.01%, 0, 0, 1, 43.73
1733658085, 7, 0, 10, 0, 0, 0.01%, 0, 0, 1, 44.23
1733658090, 7, 1, 10, 0, 0, 0.01%, 0, 0, 1, 44.29
1733658095, 7, 2, 10, 0, 0, 0.01%, 0, 0, 1, 43.63
1733658100, 7, 3, 10, 0, 0, 0.01%, 0, 0, 1, 43.70
1733658105, 7, 4, 10, 0, 0, 0.01%, 0, 0, 1, 42.61
1733658115, 7, 5, 10, 0, 0, 0.01%, 0, 0, 1, 43.62
1733658121, 7, 6, 10, 0, 0, 0.01%, 0, 0, 1, 43.75
1733658126, 7, 7, 10, 0, 0, 0.01%, 0, 0, 1, 43.34
1733658131, 7, 8, 10, 0, 0, 0.01%, 0, 0, 1, 42.50
1733658136, 7, 9, 10, 0, 0, 0.01%, 0, 0, 1, 43.45
1733658141, 8, 0, 10, 0, 0, 0.01%, 0, 0, 1, 43.91
1733658151, 8, 1, 10, 0, 0, 0.01%, 0, 0, 1, 43.40
1733658156, 8, 2, 10, 0, 0, 0.01%, 0, 0, 1, 42.36
1733658161, 8, 3, 10, 0, 0, 0.01%, 0, 0, 1, 42.93
1733658166, 8, 4, 10, 0, 0, 0.01%, 0, 0, 1, 41.60
1733658171, 8, 5, 10, 0, 0, 0.01%, 0, 0, 1, 40.80
1733658182, 8, 6, 10, 0, 0, 0.01%, 0, 0, 1, 43.02
1733658187, 8, 7, 10, 0, 0, 0.01%, 0, 0, 1, 43.22
1733658192, 8, 8, 10, 0, 0, 0.01%, 0, 0, 1, 44.40
1733658197, 8, 9, 10, 0, 0, 0.01%, 0, 0, 1, 43.68
1733658202, 9, 0, 10, 0, 0, 0.01%, 0, 0, 1, 41.93
1733658207, 9, 1, 10, 0, 0, 0.01%, 0, 0, 1, 44.48
1733658212, 9, 2, 10, 0, 0, 0.01%, 0, 0, 1, 45.02
1733658222, 9, 3, 10, 0, 0, 0.01%, 0, 0, 1, 44.43
1733658227, 9, 4, 10, 0, 0, 0.01%, 0, 0, 1, 43.39
1733658232, 9, 5, 10, 0, 0, 0.01%, 0, 0, 1, 43.71
1733658237, 9, 6, 10, 0, 0, 0.01%, 0, 0, 1, 44.37
1733658242, 9, 7, 10, 0, 0, 0.01%, 0, 0, 1, 44.90
1733658247, 9, 8, 10, 0, 0, 0.01%, 0, 0, 1, 43.55
1733658258, 9, 9, 10, 0, 0, 0.01%, 0, 0, 1, 44.25
1733658263, 10, 0, 10, 0, 0, 0.01%, 0, 0, 1, 41.74
1733658268, 10, 1, 10, 0, 0, 0.01%, 0, 0, 1, 42.72
1733658273, 10, 2, 10, 0, 0, 0.01%, 0, 0, 1, 45.47
1733658278, 10, 3, 10, 0, 0, 0.01%, 0, 0, 1, 45.31
1733658283, 10, 4, 10, 0, 0, 0.01%, 0, 0, 1, 46.47
1733658288, 10, 5, 10, 0, 0, 0.01%, 0, 0, 1, 45.83
1733658293, 10, 6, 10, 0, 0, 0.01%, 0, 0, 1, 43.73
1733658303, 10, 7, 10, 0, 0, 0.01%, 0, 0, 1, 42.56
1733658308, 10, 8, 10, 0, 0, 0.01%, 0, 0, 1, 44.78
1733658313, 10, 9, 10, 0, 0, 0.01%, 0, 0, 1, 45.42
1733658318, 11, 0, 10, 0, 0, 0.01%, 0, 0, 1, 45.02
1733658324, 11, 1, 10, 0, 0, 0.01%, 0, 0, 1, 46.71
1733658329, 11, 2, 10, 0, 0, 0.01%, 0, 0, 1, 45.48
1733658334, 11, 3, 10, 0, 0, 0.01%, 0, 0, 1, 46.51
1733658339, 11, 4, 10, 0, 0, 0.01%, 0, 0, 1, 45.53
1733658349, 11, 5, 10, 0, 0, 0.01%, 0, 0, 1, 44.38
1733658354, 11, 6, 10, 0, 0, 0.01%, 0, 0, 1, 45.62
1733658359, 11, 7, 10, 0, 0, 0.01%, 0, 0, 1, 45.58
1733658364, 11, 8, 10, 0, 0, 0.01%, 0, 0, 1, 46.25
1733658369, 11, 9, 10, 0, 0, 0.01%, 0, 0, 1, 45.54
1733658374, 12, 0, 10, 0, 0, 0.01%, 0, 0, 1, 44.28
1733658379, 12, 1, 10, 0, 0, 0.01%, 0, 0, 1, 44.31
1733658384, 12, 2, 10, 0, 0, 0.01%, 0, 0, 1, 45.01
1733658389, 12, 3, 10, 0, 0, 0.01%, 0, 0, 1, 45.22
1733658399, 12, 4, 10, 0, 0, 0.01%, 0, 0, 1, 45.22
1733658404, 12, 5, 10, 0, 0, 0.01%, 0, 0, 1, 46.21
1733658410, 12, 6, 10, 0, 0, 0.01%, 0, 0, 1, 46.98
1733658415, 12, 7, 10, 0, 0, 0.01%, 0, 0, 1, 46.19
1733658420, 12, 8, 10, 0, 0, 0.01%, 0, 0, 1, 43.90
1733658425, 12, 9, 10, 0, 0, 0.01%, 0, 0, 1, 45.86
1733658430, 13, 0, 10, 0, 0, 0.01%, 0, 0, 1, 46.28
1733658435, 13, 1, 10, 0, 0, 0.01%, 0, 0, 1, 45.07
1733658440, 13, 2, 10, 0, 0, 0.01%, 0, 0, 1, 45.37
1733658445, 13, 3, 10, 0, 0, 0.01%, 0, 0, 1, 47.94
1733658455, 13, 4, 10, 0, 0, 0.01%, 0, 0, 1, 45.15
1733658460, 13, 5, 10, 0, 0, 0.01%, 0, 0, 1, 44.63
1733658465, 13, 6, 10, 0, 0, 0.01%, 0, 0, 1, 43.70
1733658470, 13, 7, 10, 0, 0, 0.01%, 0, 0, 1, 45.78
1733658476, 13, 8, 10, 0, 0, 0.01%, 0, 0, 1, 46.21
1733658481, 13, 9, 10, 0, 0, 0.01%, 0, 0, 1, 44.06
1733658486, 14, 0, 10, 0, 0, 0.01%, 0, 0, 1, 45.28
1733658491, 14, 1, 10, 0, 0, 0.01%, 0, 0, 1, 47.54
1733658496, 14, 2, 10, 0, 0, 0.01%, 0, 0, 1, 46.38
1733658506, 14, 3, 10, 0, 0, 0.01%, 0, 0, 1, 46.59
1733658511, 14, 4, 10, 0, 0, 0.01%, 0, 0, 1, 47.73
1733658516, 14, 5, 10, 0, 0, 0.01%, 0, 0, 1, 43.99
1733658521, 14, 6, 10, 0, 0, 0.01%, 0, 0, 1, 45.33
1733658526, 14, 7, 10, 0, 0, 0.01%, 0, 0, 1, 45.74
1733658531, 14, 8, 10, 0, 0, 0.01%, 0, 0, 1, 44.91
1733658536, 14, 9, 10, 0, 0, 0.01%, 0, 0, 1, 44.36
1733658541, 15, 0, 10, 0, 0, 0.01%, 0, 0, 1, 46.04
1733658547, 15, 1, 10, 0, 0, 0.01%, 0, 0, 1, 44.52
1733658557, 15, 2, 10, 0, 0, 0.01%, 0, 0, 1, 46.95
1733658562, 15, 3, 10, 0, 0, 0.01%, 0, 0, 1, 38.95
1733658582, 15, 4, 10, 0, 0, 0.01%, 0, 0, 1, 40.61
1733658603, 15, 5, 10, 0, 0, 0.01%, 0, 0, 1, 43.97
1733658628, 15, 6, 10, 0, 0, 0.01%, 0, 0, 1, 38.29
1733658648, 15, 7, 10, 0, 0, 0.01%, 0, 0, 1, 39.26
1733658669, 15, 8, 10, 0, 0, 0.01%, 0, 0, 1, 40.00
1733658689, 15, 9, 10, 0, 0, 0.01%, 0, 0, 1, 40.96
1733658710, 16, 0, 10, 0, 0, 0.01%, 0, 0, 1, 41.66
1733658730, 16, 1, 10, 0, 0, 0.01%, 0, 0, 1, 44.22
1733658740, 16, 2, 10, 0, 0, 0.01%, 0, 0, 1, 46.84
1733658745, 16, 3, 10, 0, 0, 0.01%, 0, 0, 1, 45.36
1733658750, 16, 4, 10, 0, 0, 0.01%, 0, 0, 1, 45.31
1733658755, 16, 5, 10, 0, 0, 0.01%, 0, 0, 1, 45.17
1733658760, 16, 6, 10, 0, 0, 0.01%, 0, 0, 1, 44.56
1733658765, 16, 7, 10, 0, 0, 0.01%, 0, 0, 1, 45.85
1733658771, 16, 8, 10, 0, 0, 0.01%, 0, 0, 1, 46.60
1733658776, 16, 9, 10, 0, 0, 0.01%, 0, 0, 1, 45.50
1733658781, 17, 0, 10, 0, 0, 0.01%, 0, 0, 1, 45.33
1733658791, 17, 1, 10, 0, 0, 0.01%, 0, 0, 1, 45.93
1733658796, 17, 2, 10, 0, 0, 0.01%, 0, 0, 1, 45.95
1733658801, 17, 3, 10, 0, 0, 0.01%, 0, 0, 1, 46.51
1733658806, 17, 4, 10, 0, 0, 0.01%, 0, 0, 1, 46.55
1733658811, 17, 5, 10, 0, 0, 0.01%, 0, 0, 1, 45.95
1733658816, 17, 6, 10, 0, 0, 0.01%, 0, 0, 1, 46.10
1733658821, 17, 7, 10, 0, 0, 0.01%, 0, 0, 1, 46.38
1733658826, 17, 8, 10, 0, 0, 0.01%, 0, 0, 1, 42.83
1733658831, 17, 9, 10, 0, 0, 0.01%, 0, 0, 1, 45.47
1733658836, 18, 0, 10, 0, 0, 0.01%, 0, 0, 1, 47.89
1733658847, 18, 1, 10, 0, 0, 0.01%, 0, 0, 1, 43.83
1733658852, 18, 2, 10, 0, 0, 0.01%, 0, 0, 1, 47.11
1733658857, 18, 3, 10, 0, 0, 0.01%, 0, 0, 1, 46.01
1733658862, 18, 4, 10, 0, 0, 0.01%, 0, 0, 1, 47.35
1733658867, 18, 5, 10, 0, 0, 0.01%, 0, 0, 1, 45.69
1733658872, 18, 6, 10, 0, 0, 0.01%, 0, 0, 1, 46.23
1733658877, 18, 7, 10, 0, 0, 0.01%, 0, 0, 1, 45.80
1733658882, 18, 8, 10, 0, 0, 0.01%, 0, 0, 1, 46.84
1733658888, 18, 9, 10, 0, 0, 0.01%, 0, 0, 1, 46.36
1733658893, 19, 0, 10, 0, 0, 0.01%, 0, 0, 1, 46.19
1733658903, 19, 1, 10, 0, 0, 0.01%, 0, 0, 1, 46.50
1733658908, 19, 2, 10, 0, 0, 0.01%, 0, 0, 1, 45.35
1733658913, 19, 3, 10, 0, 0, 0.01%, 0, 0, 1, 45.46
1733658918, 19, 4, 10, 0, 0, 0.01%, 0, 0, 1, 45.27
1733658923, 19, 5, 10, 0, 0, 0.01%, 0, 0, 1, 46.17
1733658928, 19, 6, 10, 0, 0, 0.01%, 0, 0, 1, 45.50
1733658933, 19, 7, 10, 0, 0, 0.01%, 0, 0, 1, 45.92
1733658938, 19, 8, 10, 0, 0, 0.01%, 0, 0, 1, 45.23
1733658943, 19, 9, 10, 0, 0, 0.01%, 0, 0, 1, 46.36
1733658948, 20, 0, 10, 0, 0, 0.01%, 0, 0, 1, 45.43
1733658959, 20, 1, 10, 0, 0, 0.01%, 0, 0, 1, 43.92
1733658964, 20, 2, 10, 0, 0, 0.01%, 0, 0, 1, 46.61
1733658969, 20, 3, 10, 0, 0, 0.01%, 0, 0, 1, 46.02
1733658974, 20, 4, 10, 0, 0, 0.01%, 0, 0, 1, 44.68
1733658979, 20, 5, 10, 0, 0, 0.01%, 0, 0, 1, 44.72
1733658984, 20, 6, 10, 0, 0, 0.01%, 0, 0, 1, 45.65
1733658989, 20, 7, 10, 0, 0, 0.01%, 0, 0, 1, 44.47
1733658994, 20, 8, 10, 0, 0, 0.01%, 0, 0, 1, 45.03
1733659004, 20, 9, 10, 0, 0, 0.01%, 0, 0, 1, 45.56
1733659009, 21, 0, 10, 0, 0, 0.01%, 0, 0, 1, 45.44
1733659015, 21, 1, 10, 0, 0, 0.01%, 0, 0, 1, 45.88
1733659020, 21, 2, 10, 0, 0, 0.01%, 0, 0, 1, 45.54
1733659025, 21, 3, 10, 0, 0, 0.01%, 0, 0, 1, 44.91
1733659030, 21, 4, 10, 0, 0, 0.01%, 0, 0, 1, 45.28
1733659035, 21, 5, 10, 0, 0, 0.01%, 0, 0, 1, 44.83
1733659040, 21, 6, 10, 0, 0, 0.01%, 0, 0, 1, 46.04
1733659045, 21, 7, 10, 0, 0, 0.01%, 0, 0, 1, 43.72
1733659055, 21, 8, 10, 0, 0, 0.01%, 0, 0, 1, 44.80
1733659061, 21, 9, 10, 0, 0, 0.01%, 0, 0, 1, 45.15
1733659066, 22, 0, 10, 0, 0, 0.01%, 0, 0, 1, 45.32
1733659071, 22, 1, 10, 0, 0, 0.01%, 0, 0, 1, 44.76
1733659076, 22, 2, 10, 0, 0, 0.01%, 0, 0, 1, 44.15
1733659081, 22, 3, 10, 0, 0, 0.01%, 0, 0, 1, 45.32
1733659086, 22, 4, 10, 0, 0, 0.01%, 0, 0, 1, 46.11
1733659091, 22, 5, 10, 0, 0, 0.01%, 0, 0, 1, 47.08
1733659096, 22, 6, 10, 0, 0, 0.01%, 0, 0, 1, 45.52
1733659106, 22, 7, 10, 0, 0, 0.01%, 0, 0, 1, 44.70
1733659111, 22, 8, 10, 0, 0, 0.01%, 0, 0, 1, 45.20
1733659116, 22, 9, 10, 0, 0, 0.01%, 0, 0, 1, 45.30
1733659121, 23, 0, 10, 0, 0, 0.01%, 0, 0, 1, 46.05
1733659127, 23, 1, 10, 0, 0, 0.01%, 0, 0, 1, 46.64
1733659132, 23, 2, 10, 0, 0, 0.01%, 0, 0, 1, 45.94
1733659137, 23, 3, 10, 0, 0, 0.01%, 0, 0, 1, 46.94
1733659142, 23, 4, 10, 0, 0, 0.01%, 0, 0, 1, 46.60
1733659147, 23, 5, 10, 0, 0, 0.01%, 0, 0, 1, 44.65
1733659152, 23, 6, 10, 0, 0, 0.01%, 0, 0, 1, 44.39
1733659162, 23, 7, 10, 0, 0, 0.01%, 0, 0, 1, 44.41
1733659167, 23, 8, 10, 0, 0, 0.01%, 0, 0, 1, 45.27
1733659172, 23, 9, 10, 0, 0, 0.01%, 0, 0, 1, 44.41
1733659177, 24, 0, 10, 0, 0, 0.01%, 0, 0, 1, 47.40
1733659182, 24, 1, 10, 0, 0, 0.01%, 0, 0, 1, 45.51
1733659187, 24, 2, 10, 0, 0, 0.01%, 0, 0, 1, 43.91
1733659192, 24, 3, 10, 0, 0, 0.01%, 0, 0, 1, 45.78
1733659197, 24, 4, 10, 0, 0, 0.01%, 0, 0, 1, 45.94
1733659208, 24, 5, 10, 0, 0, 0.01%, 0, 0, 1, 46.42
1733659213, 24, 6, 10, 0, 0, 0.01%, 0, 0, 1, 45.48
1733659218, 24, 7, 10, 0, 0, 0.01%, 0, 0, 1, 46.02
1733659223, 24, 8, 10, 0, 0, 0.01%, 0, 0, 1, 46.59
1733659228, 24, 9, 10, 0, 0, 0.01%, 0, 0, 1, 44.04
1733659233, 25, 0, 10, 0, 0, 0.01%, 0, 0, 1, 45.66
1733659238, 25, 1, 10, 0, 0, 0.01%, 0, 0, 1, 46.54
1733659243, 25, 2, 10, 0, 0, 0.01%, 0, 0, 1, 44.68
1733659248, 25, 3, 10, 0, 0, 0.01%, 0, 0, 1, 44.39
1733659258, 25, 4, 10, 0, 0, 0.01%, 0, 0, 1, 45.01
1733659263, 25, 5, 10, 0, 0, 0.01%, 0, 0, 1, 44.32
1733659268, 25, 6, 10, 0, 0, 0.01%, 0, 0, 1, 43.40
1733659273, 25, 7, 10, 0, 0, 0.01%, 0, 0, 1, 44.73
1733659278, 25, 8, 10, 0, 0, 0.01%, 0, 0, 1, 44.68
1733659283, 25, 9, 10, 0, 0, 0.01%, 0, 0, 1, 44.13
1733659289, 26, 0, 10, 0, 0, 0.01%, 0, 0, 1, 45.56
1733659294, 26, 1, 10, 0, 0, 0.01%, 0, 0, 1, 47.46
1733659304, 26, 2, 10, 0, 0, 0.01%, 0, 0, 1, 44.26
1733659309, 26, 3, 10, 0, 0, 0.01%, 0, 0, 1, 46.91
1733659314, 26, 4, 10, 0, 0, 0.01%, 0, 0, 1, 44.46
1733659319, 26, 5, 10, 0, 0, 0.01%, 0, 0, 1, 44.38
1733659324, 26, 6, 10, 0, 0, 0.01%, 0, 0, 1, 45.44
1733659329, 26, 7, 10, 0, 0, 0.01%, 0, 0, 1, 45.90
1733659334, 26, 8, 10, 0, 0, 0.01%, 0, 0, 1, 46.64
1733659339, 26, 9, 10, 0, 0, 0.01%, 0, 0, 1, 46.38
1733659344, 27, 0, 10, 0, 0, 0.01%, 0, 0, 1, 45.37
1733659354, 27, 1, 10, 0, 0, 0.01%, 0, 0, 1, 47.78
1733659359, 27, 2, 10, 0, 0, 0.01%, 0, 0, 1, 45.88
1733659364, 27, 3, 10, 0, 0, 0.01%, 0, 0, 1, 45.63
1733659369, 27, 4, 10, 0, 0, 0.01%, 0, 0, 1, 44.96
1733659374, 27, 5, 10, 0, 0, 0.01%, 0, 0, 1, 41.96
1733659379, 27, 6, 10, 0, 0, 0.01%, 0, 0, 1, 43.91
1733659384, 27, 7, 10, 0, 0, 0.01%, 0, 0, 1, 45.97
1733659389, 27, 8, 10, 0, 0, 0.01%, 0, 0, 1, 45.64
1733659395, 27, 9, 10, 0, 0, 0.01%, 0, 0, 1, 47.09
1733659405, 28, 0, 10, 0, 0, 0.01%, 0, 0, 1, 46.71
1733659410, 28, 1, 10, 0, 0, 0.01%, 0, 0, 1, 44.82
1733659415, 28, 2, 10, 0, 0, 0.01%, 0, 0, 1, 45.81
1733659420, 28, 3, 10, 0, 0, 0.01%, 0, 0, 1, 45.40
1733659425, 28, 4, 10, 0, 0, 0.01%, 0, 0, 1, 45.83
1733659430, 28, 5, 10, 0, 0, 0.01%, 0, 0, 1, 45.94
1733659435, 28, 6, 10, 0, 0, 0.01%, 0, 0, 1, 44.97
1733659440, 28, 7, 10, 0, 0, 0.01%, 0, 0, 1, 45.77
1733659450, 28, 8, 10, 0, 0, 0.01%, 0, 0, 1, 45.79
1733659455, 28, 9, 10, 0, 0, 0.01%, 0, 0, 1, 46.24
1733659460, 29, 0, 10, 0, 0, 0.01%, 0, 0, 1, 45.62
1733659465, 29, 1, 10, 0, 0, 0.01%, 0, 0, 1, 45.53
1733659470, 29, 2, 10, 0, 0, 0.01%, 0, 0, 1, 44.46
1733659475, 29, 3, 10, 0, 0, 0.01%, 0, 0, 1, 44.85
1733659480, 29, 4, 10, 0, 0, 0.01%, 0, 0, 1, 44.88
1733659486, 29, 5, 10, 0, 0, 0.01%, 0, 0, 1, 46.06
1733659491, 29, 6, 10, 0, 0, 0.01%, 0, 0, 1, 46.71
1733659496, 29, 7, 10, 0, 0, 0.01%, 0, 0, 1, 45.97
1733659506, 29, 8, 10, 0, 0, 0.01%, 0, 0, 1, 44.46
1733659511, 29, 9, 10, 0, 0, 0.01%, 0, 0, 1, 47.25
1733659516, 30, 0, 10, 0, 0, 0.01%, 0, 0, 1, 45.90
1733659521, 30, 1, 10, 0, 0, 0.01%, 0, 0, 1, 47.13
1733659526, 30, 2, 10, 0, 0, 0.01%, 0, 0, 1, 46.03
1733659531, 30, 3, 10, 0, 0, 0.01%, 0, 0, 1, 45.41
1733659536, 30, 4, 10, 0, 0, 0.01%, 0, 0, 1, 46.57
1733659541, 30, 5, 10, 0, 0, 0.01%, 0, 0, 1, 44.90
1733659546, 30, 6, 10, 0, 0, 0.01%, 0, 0, 1, 44.87
1733659556, 30, 7, 10, 0, 0, 0.01%, 0, 0, 1, 45.61
1733659561, 30, 8, 10, 0, 0, 0.01%, 0, 0, 1, 44.47
1733659566, 30, 9, 10, 0, 0, 0.01%, 0, 0, 1, 46.27
1733659572, 31, 0, 10, 0, 0, 0.01%, 0, 0, 1, 44.99
1733659577, 31, 1, 10, 0, 0, 0.01%, 0, 0, 1, 45.14
1733659582, 31, 2, 10, 0, 0, 0.01%, 0, 0, 1, 44.88
1733659587, 31, 3, 10, 0, 0, 0.01%, 0, 0, 1, 45.00
1733659592, 31, 4, 10, 0, 0, 0.01%, 0, 0, 1, 46.42
1733659602, 31, 5, 10, 0, 0, 0.01%, 0, 0, 1, 46.43
1733659607, 31, 6, 10, 0, 0, 0.01%, 0, 0, 1, 45.69
1733659612, 31, 7, 10, 0, 0, 0.01%, 0, 0, 1, 43.91
1733659617, 31, 8, 10, 0, 0, 0.01%, 0, 0, 1, 44.48
1733659622, 31, 9, 10, 0, 0, 0.01%, 0, 0, 1, 44.99
1733659627, 32, 0, 10, 0, 0, 0.01%, 0, 0, 1, 44.12
1733659632, 32, 1, 10, 0, 0, 0.01%, 0, 0, 1, 46.25
1733659637, 32, 2, 10, 0, 0, 0.01%, 0, 0, 1, 46.17
1733659647, 32, 3, 10, 0, 0, 0.01%, 0, 0, 1, 46.18
1733659652, 32, 4, 10, 0, 0, 0.01%, 0, 0, 1, 47.03
1733659657, 32, 5, 10, 0, 0, 0.01%, 0, 0, 1, 47.46
1733659663, 32, 6, 10, 0, 0, 0.01%, 0, 0, 1, 45.44
1733659668, 32, 7, 10, 0, 0, 0.01%, 0, 0, 1, 46.97
1733659673, 32, 8, 10, 0, 0, 0.01%, 0, 0, 1, 46.76
1733659678, 32, 9, 10, 0, 0, 0.01%, 0, 0, 1, 46.95
1733659683, 33, 0, 10, 0, 0, 0.01%, 0, 0, 1, 44.48
1733659688, 33, 1, 10, 0, 0, 0.01%, 0, 0, 1, 44.29
1733659693, 33, 2, 10, 0, 0, 0.01%, 0, 0, 1, 44.87
1733659698, 33, 3, 10, 0, 0, 0.01%, 0, 0, 1, 44.91
1733659708, 33, 4, 10, 0, 0, 0.01%, 0, 0, 1, 44.25
1733659713, 33, 5, 10, 0, 0, 0.01%, 0, 0, 1, 46.04
1733659718, 33, 6, 10, 0, 0, 0.01%, 0, 0, 1, 45.32
1733659723, 33, 7, 10, 0, 0, 0.01%, 0, 0, 1, 44.95
1733659728, 33, 8, 10, 0, 0, 0.01%, 0, 0, 1, 45.80
1733659733, 33, 9, 10, 0, 0, 0.01%, 0, 0, 1, 43.42
1733659738, 34, 0, 10, 0, 0, 0.01%, 0, 0, 1, 44.48
1733659749, 34, 1, 10, 0, 0, 0.01%, 0, 0, 1, 46.39
1733659754, 34, 2, 10, 0, 0, 0.01%, 0, 0, 1, 44.24
1733659759, 34, 3, 10, 0, 0, 0.01%, 0, 0, 1, 45.31
1733659764, 34, 4, 10, 0, 0, 0.01%, 0, 0, 1, 46.12
1733659769, 34, 5, 10, 0, 0, 0.01%, 0, 0, 1, 45.25
1733659774, 34, 6, 10, 0, 0, 0.01%, 0, 0, 1, 43.95
1733659779, 34, 7, 10, 0, 0, 0.01%, 0, 0, 1, 45.26
1733659784, 34, 8, 10, 0, 0, 0.01%, 0, 0, 1, 45.96
1733659789, 34, 9, 10, 0, 0, 0.01%, 0, 0, 1, 48.05
1733659794, 35, 0, 10, 0, 0, 0.01%, 0, 0, 1, 47.30
1733659799, 35, 1, 10, 0, 0, 0.01%, 0, 0, 1, 45.35
1733659810, 35, 2, 10, 0, 0, 0.01%, 0, 0, 1, 46.57
1733659815, 35, 3, 10, 0, 0, 0.01%, 0, 0, 1, 45.60
1733659820, 35, 4, 10, 0, 0, 0.01%, 0, 0, 1, 46.01
1733659825, 35, 5, 10, 0, 0, 0.01%, 0, 0, 1, 44.79
1733659830, 35, 6, 10, 0, 0, 0.01%, 0, 0, 1, 45.36
1733659835, 35, 7, 10, 0, 0, 0.01%, 0, 0, 1, 46.02
1733659840, 35, 8, 10, 0, 0, 0.01%, 0, 0, 1, 45.99
1733659845, 35, 9, 10, 0, 0, 0.01%, 0, 0, 1, 43.80
1733659850, 36, 0, 10, 0, 0, 0.01%, 0, 0, 1, 45.24
1733659860, 36, 1, 10, 0, 0, 0.01%, 0, 0, 1, 45.71
1733659865, 36, 2, 10, 0, 0, 0.01%, 0, 0, 1, 44.33
1733659870, 36, 3, 10, 0, 0, 0.01%, 0, 0, 1, 44.35
1733659876, 36, 4, 10, 0, 0, 0.01%, 0, 0, 1, 45.11
1733659881, 36, 5, 10, 0, 0, 0.01%, 0, 0, 1, 45.56
1733659886, 36, 6, 10, 0, 0, 0.01%, 0, 0, 1, 42.97
1733659891, 36, 7, 10, 0, 0, 0.01%, 0, 0, 1, 45.57
1733659901, 36, 8, 10, 0, 0, 0.01%, 0, 0, 1, 45.75
1733659906, 36, 9, 10, 0, 0, 0.01%, 0, 0, 1, 45.32
1733659911, 37, 0, 10, 0, 0, 0.01%, 0, 0, 1, 44.24
1733659916, 37, 1, 10, 0, 0, 0.01%, 0, 0, 1, 47.27
1733659921, 37, 2, 10, 0, 0, 0.01%, 0, 0, 1, 46.27
1733659926, 37, 3, 10, 0, 0, 0.01%, 0, 0, 1, 44.18
1733659931, 37, 4, 10, 0, 0, 0.01%, 0, 0, 1, 45.36
1733659937, 37, 5, 10, 0, 0, 0.01%, 0, 0, 1, 45.00
1733659942, 37, 6, 10, 0, 0, 0.01%, 0, 0, 1, 45.93
1733659947, 37, 7, 10, 0, 0, 0.01%, 0, 0, 1, 45.10
1733659957, 37, 8, 10, 0, 0, 0.01%, 0, 0, 1, 47.54
1733659962, 37, 9, 10, 0, 0, 0.01%, 0, 0, 1, 46.42
1733659967, 38, 0, 10, 0, 0, 0.01%, 0, 0, 1, 45.35
1733659972, 38, 1, 10, 0, 0, 0.01%, 0, 0, 1, 46.54
1733659978, 38, 2, 10, 0, 0, 0.01%, 0, 0, 1, 45.79
1733659983, 38, 3, 10, 0, 0, 0.01%, 0, 0, 1, 44.81
1733659988, 38, 4, 10, 0, 0, 0.01%, 0, 0, 1, 44.36
1733659993, 38, 5, 10, 0, 0, 0.01%, 0, 0, 1, 43.56
1733659998, 38, 6, 10, 0, 0, 0.01%, 0, 0, 1, 43.81
1733660008, 38, 7, 10, 0, 0, 0.01%, 0, 0, 1, 45.03
1733660013, 38, 8, 10, 0, 0, 0.01%, 0, 0, 1, 47.09
1733660018, 38, 9, 10, 0, 0, 0.01%, 0, 0, 1, 45.69
1733660023, 39, 0, 10, 0, 0, 0.01%, 0, 0, 1, 45.83
1733660028, 39, 1, 10, 0, 0, 0.01%, 0, 0, 1, 48.13
1733660033, 39, 2, 10, 0, 0, 0.01%, 0, 0, 1, 45.94
1733660038, 39, 3, 10, 0, 0, 0.01%, 0, 0, 1, 45.48
1733660043, 39, 4, 10, 0, 0, 0.01%, 0, 0, 1, 47.17
1733660048, 39, 5, 10, 0, 0, 0.01%, 0, 0, 1, 46.34
1733660054, 39, 6, 10, 0, 0, 0.01%, 0, 0, 1, 45.90
1733660064, 39, 7, 10, 0, 0, 0.01%, 0, 0, 1, 46.57
1733660069, 39, 8, 10, 0, 0, 0.01%, 0, 0, 1, 45.77
1733660074, 39, 9, 10, 0, 0, 0.01%, 0, 0, 1, 45.02
1733660079, 40, 0, 10, 0, 0, 0.01%, 0, 0, 1, 45.67
1733660084, 40, 1, 10, 0, 0, 0.01%, 0, 0, 1, 44.61
1733660089, 40, 2, 10, 0, 0, 0.01%, 0, 0, 1, 46.77
1733660094, 40, 3, 10, 0, 0, 0.01%, 0, 0, 1, 45.68
1733660099, 40, 4, 10, 0, 0, 0.01%, 0, 0, 1, 46.64
1733660104, 40, 5, 10, 0, 0, 0.01%, 0, 0, 1, 46.26
1733660114, 40, 6, 10, 0, 0, 0.01%, 0, 0, 1, 46.39
1733660119, 40, 7, 10, 0, 0, 0.01%, 0, 0, 1, 45.48
1733660124, 40, 8, 10, 0, 0, 0.01%, 0, 0, 1, 44.40
1733660129, 40, 9, 10, 0, 0, 0.01%, 0, 0, 1, 46.61
1733660135, 41, 0, 10, 0, 0, 0.01%, 0, 0, 1, 45.97
1733660140, 41, 1, 10, 0, 0, 0.01%, 0, 0, 1, 44.81
1733660145, 41, 2, 10, 0, 0, 0.01%, 0, 0, 1, 47.64
1733660150, 41, 3, 10, 0, 0, 0.01%, 0, 0, 1, 44.39
1733660155, 41, 4, 10, 0, 0, 0.01%, 0, 0, 1, 44.13
1733660165, 41, 5, 10, 0, 0, 0.01%, 0, 0, 1, 45.48
1733660170, 41, 6, 10, 0, 0, 0.01%, 0, 0, 1, 46.13
1733660175, 41, 7, 10, 0, 0, 0.01%, 0, 0, 1, 45.97
1733660180, 41, 8, 10, 0, 0, 0.01%, 0, 0, 1, 44.07
1733660186, 41, 9, 10, 0, 0, 0.01%, 0, 0, 1, 44.68
1733660191, 42, 0, 10, 0, 0, 0.01%, 0, 0, 1, 43.71
1733660196, 42, 1, 10, 0, 0, 0.01%, 0, 0, 1, 44.16
1733660201, 42, 2, 10, 0, 0, 0.01%, 0, 0, 1, 44.41
1733660211, 42, 3, 10, 0, 0, 0.01%, 0, 0, 1, 47.72
1733660216, 42, 4, 10, 0, 0, 0.01%, 0, 0, 1, 45.85
1733660221, 42, 5, 10, 0, 0, 0.01%, 0, 0, 1, 44.69
1733660226, 42, 6, 10, 0, 0, 0.01%, 0, 0, 1, 44.09
1733660231, 42, 7, 10, 0, 0, 0.01%, 0, 0, 1, 46.17
1733660236, 42, 8, 10, 0, 0, 0.01%, 0, 0, 1, 47.19
1733660241, 42, 9, 10, 0, 0, 0.01%, 0, 0, 1, 47.08
1733660247, 43, 0, 10, 0, 0, 0.01%, 0, 0, 1, 46.10
1733660252, 43, 1, 10, 0, 0, 0.01%, 0, 0, 1, 46.38
1733660257, 43, 2, 10, 0, 0, 0.01%, 0, 0, 1, 45.80
1733660267, 43, 3, 10, 0, 0, 0.01%, 0, 0, 1, 45.32
1733660272, 43, 4, 10, 0, 0, 0.01%, 0, 0, 1, 46.88
1733660277, 43, 5, 10, 0, 0, 0.01%, 0, 0, 1, 46.83
1733660282, 43, 6, 10, 0, 0, 0.01%, 0, 0, 1, 46.48
1733660287, 43, 7, 10, 0, 0, 0.01%, 0, 0, 1, 45.75
1733660292, 43, 8, 10, 0, 0, 0.01%, 0, 0, 1, 45.25
1733660297, 43, 9, 10, 0, 0, 0.01%, 0, 0, 1, 43.84
1733660302, 44, 0, 10, 0, 0, 0.01%, 0, 0, 1, 44.74
1733660307, 44, 1, 10, 0, 0, 0.01%, 0, 0, 1, 45.54
1733660312, 44, 2, 10, 0, 0, 0.01%, 0, 0, 1, 45.22
1733660323, 44, 3, 10, 0, 0, 0.01%, 0, 0, 1, 46.38
1733660328, 44, 4, 10, 0, 0, 0.01%, 0, 0, 1, 43.61
1733660333, 44, 5, 10, 0, 0, 0.01%, 0, 0, 1, 45.52
1733660338, 44, 6, 10, 0, 0, 0.01%, 0, 0, 1, 44.70
1733660343, 44, 7, 10, 0, 0, 0.01%, 0, 0, 1, 47.28
1733660348, 44, 8, 10, 0, 0, 0.01%, 0, 0, 1, 42.93
1733660353, 44, 9, 10, 0, 0, 0.01%, 0, 0, 1, 45.76
1733660358, 45, 0, 10, 0, 0, 0.01%, 0, 0, 1, 46.72
1733660363, 45, 1, 10, 0, 0, 0.01%, 0, 0, 1, 45.78
1733660373, 45, 2, 10, 0, 0, 0.01%, 0, 0, 1, 44.50
1733660378, 45, 3, 10, 0, 0, 0.01%, 0, 0, 1, 45.53
1733660383, 45, 4, 10, 0, 0, 0.01%, 0, 0, 1, 46.62
1733660388, 45, 5, 10, 0, 0, 0.01%, 0, 0, 1, 46.35
1733660394, 45, 6, 10, 0, 0, 0.01%, 0, 0, 1, 45.70
1733660399, 45, 7, 10, 0, 0, 0.01%, 0, 0, 1, 46.05
1733660404, 45, 8, 10, 0, 0, 0.01%, 0, 0, 1, 46.23
1733660409, 45, 9, 10, 0, 0, 0.01%, 0, 0, 1, 45.96
1733660414, 46, 0, 10, 0, 0, 0.01%, 0, 0, 1, 48.06
1733660419, 46, 1, 10, 0, 0, 0.01%, 0, 0, 1, 45.05
1733660424, 46, 2, 10, 0, 0, 0.01%, 0, 0, 1, 45.67
1733660434, 46, 3, 10, 0, 0, 0.01%, 0, 0, 1, 44.58
1733660439, 46, 4, 10, 0, 0, 0.01%, 0, 0, 1, 46.76
1733660444, 46, 5, 10, 0, 0, 0.01%, 0, 0, 1, 46.62
1733660449, 46, 6, 10, 0, 0, 0.01%, 0, 0, 1, 45.88
1733660455, 46, 7, 10, 0, 0, 0.01%, 0, 0, 1, 43.96
1733660460, 46, 8, 10, 0, 0, 0.01%, 0, 0, 1, 43.54
1733660465, 46, 9, 10, 0, 0, 0.01%, 0, 0, 1, 44.18
1733660470, 47, 0, 10, 0, 0, 0.01%, 0, 0, 1, 46.34
1733660475, 47, 1, 10, 0, 0, 0.01%, 0, 0, 1, 45.05
1733660485, 47, 2, 10, 0, 0, 0.01%, 0, 0, 1, 44.81
1733660490, 47, 3, 10, 0, 0, 0.01%, 0, 0, 1, 43.63
1733660495, 47, 4, 10, 0, 0, 0.01%, 0, 0, 1, 43.03
1733660500, 47, 5, 10, 0, 0, 0.01%, 0, 0, 1, 44.16
1733660505, 47, 6, 10, 0, 0, 0.01%, 0, 0, 1, 43.58
1733660511, 47, 7, 10, 0, 0, 0.01%, 0, 0, 1, 45.61
1733660516, 47, 8, 10, 0, 0, 0.01%, 0, 0, 1, 46.00
1733660521, 47, 9, 10, 0, 0, 0.01%, 0, 0, 1, 47.11
1733660526, 48, 0, 10, 0, 0, 0.01%, 0, 0, 1, 46.91
1733660536, 48, 1, 10, 0, 0, 0.01%, 0, 0, 1, 46.54
1733660541, 48, 2, 10, 0, 0, 0.01%, 0, 0, 1, 46.13
1733660546, 48, 3, 10, 0, 0, 0.01%, 0, 0, 1, 46.91
1733660551, 48, 4, 10, 0, 0, 0.01%, 0, 0, 1, 46.22
1733660556, 48, 5, 10, 0, 0, 0.01%, 0, 0, 1, 44.76
1733660562, 48, 6, 10, 0, 0, 0.01%, 0, 0, 1, 45.19
1733660567, 48, 7, 10, 0, 0, 0.01%, 0, 0, 1, 44.16
1733660572, 48, 8, 10, 0, 0, 0.01%, 0, 0, 1, 44.49
1733660577, 48, 9, 10, 0, 0, 0.01%, 0, 0, 1, 45.27
1733660582, 49, 0, 10, 0, 0, 0.01%, 0, 0, 1, 44.81
1733660592, 49, 1, 10, 0, 0, 0.01%, 0, 0, 1, 43.45
1733660597, 49, 2, 10, 0, 0, 0.01%, 0, 0, 1, 45.52
1733660602, 49, 3, 10, 0, 0, 0.01%, 0, 0, 1, 44.36
1733660607, 49, 4, 10, 0, 0, 0.01%, 0, 0, 1, 44.19
1733660612, 49, 5, 10, 0, 0, 0.01%, 0, 0, 1, 45.56
1733660618, 49, 6, 10, 0, 0, 0.01%, 0, 0, 1, 46.52
1733660623, 49, 7, 10, 0, 0, 0.01%, 0, 0, 1, 46.66
1733660628, 49, 8, 10, 0, 0, 0.01%, 0, 0, 1, 45.86
1733660633, 49, 9, 10, 0, 0, 0.01%, 0, 0, 1, 46.19
1733660643, 50, 0, 10, 0, 0, 0.01%, 0, 0, 1, 44.79
1733660648, 50, 1, 10, 0, 0, 0.01%, 0, 0, 1, 45.57
1733660653, 50, 2, 10, 0, 0, 0.01%, 0, 0, 1, 44.78
1733660658, 50, 3, 10, 0, 0, 0.01%, 0, 0, 1, 44.66
1733660663, 50, 4, 10, 0, 0, 0.01%, 0, 0, 1, 44.64
1733660668, 50, 5, 10, 0, 0, 0.01%, 0, 0, 1, 45.47
1733660673, 50, 6, 10, 0, 0, 0.01%, 0, 0, 1, 46.30
1733660678, 50, 7, 10, 0, 0, 0.01%, 0, 0, 1, 44.32
1733660688, 50, 8, 10, 0, 0, 0.01%, 0, 0, 1, 44.07
1733660694, 50, 9, 10, 0, 0, 0.01%, 0, 0, 1, 44.35
1733660699, 51, 0, 10, 0, 0, 0.01%, 0, 0, 1, 44.18
1733660704, 51, 1, 10, 0, 0, 0.01%, 0, 0, 1, 44.99
1733660709, 51, 2, 10, 0, 0, 0.01%, 0, 0, 1, 45.07
1733660714, 51, 3, 10, 0, 0, 0.01%, 0, 0, 1, 45.79
1733660719, 51, 4, 10, 0, 0, 0.01%, 0, 0, 1, 46.50
1733660724, 51, 5, 10, 0, 0, 0.01%, 0, 0, 1, 45.55
1733660734, 51, 6, 10, 0, 0, 0.01%, 0, 0, 1, 45.41
1733660739, 51, 7, 10, 0, 0, 0.01%, 0, 0, 1, 46.24
1733660744, 51, 8, 10, 0, 0, 0.01%, 0, 0, 1, 45.38
1733660749, 51, 9, 10, 0, 0, 0.01%, 0, 0, 1, 46.00
1733660754, 52, 0, 10, 0, 0, 0.01%, 0, 0, 1, 44.74
1733660760, 52, 1, 10, 0, 0, 0.01%, 0, 0, 1, 45.67
1733660765, 52, 2, 10, 0, 0, 0.01%, 0, 0, 1, 44.65
1733660770, 52, 3, 10, 0, 0, 0.01%, 0, 0, 1, 45.30
1733660775, 52, 4, 10, 0, 0, 0.01%, 0, 0, 1, 46.02
1733660780, 52, 5, 10, 0, 0, 0.01%, 0, 0, 1, 46.76
1733660790, 52, 6, 10, 0, 0, 0.01%, 0, 0, 1, 45.71
1733660795, 52, 7, 10, 0, 0, 0.01%, 0, 0, 1, 44.70
1733660800, 52, 8, 10, 0, 0, 0.01%, 0, 0, 1, 45.02
1733660805, 52, 9, 10, 0, 0, 0.01%, 0, 0, 1, 46.58
1733660810, 53, 0, 10, 0, 0, 0.01%, 0, 0, 1, 44.15
1733660815, 53, 1, 10, 0, 0, 0.01%, 0, 0, 1, 44.87
1733660820, 53, 2, 10, 0, 0, 0.01%, 0, 0, 1, 44.49
1733660825, 53, 3, 10, 0, 0, 0.01%, 0, 0, 1, 44.92
1733660830, 53, 4, 10, 0, 0, 0.01%, 0, 0, 1, 47.38
1733660841, 53, 5, 10, 0, 0, 0.01%, 0, 0, 1, 46.01
1733660846, 53, 6, 10, 0, 0, 0.01%, 0, 0, 1, 44.84
1733660851, 53, 7, 10, 0, 0, 0.01%, 0, 0, 1, 45.27
1733660856, 53, 8, 10, 0, 0, 0.01%, 0, 0, 1, 45.22
1733660861, 53, 9, 10, 0, 0, 0.01%, 0, 0, 1, 45.06
1733660866, 54, 0, 10, 0, 0, 0.01%, 0, 0, 1, 45.55
1733660871, 54, 1, 10, 0, 0, 0.01%, 0, 0, 1, 44.92
1733660876, 54, 2, 10, 0, 0, 0.01%, 0, 0, 1, 44.00
1733660886, 54, 3, 10, 0, 0, 0.01%, 0, 0, 1, 46.17
1733660891, 54, 4, 10, 0, 0, 0.01%, 0, 0, 1, 47.12
1733660896, 54, 5, 10, 0, 0, 0.01%, 0, 0, 1, 44.87
1733660901, 54, 6, 10, 0, 0, 0.01%, 0, 0, 1, 45.19
1733660907, 54, 7, 10, 0, 0, 0.01%, 0, 0, 1, 46.08
1733660912, 54, 8, 10, 0, 0, 0.01%, 0, 0, 1, 46.81
1733660917, 54, 9, 10, 0, 0, 0.01%, 0, 0, 1, 45.73
1733660922, 55, 0, 10, 0, 0, 0.01%, 0, 0, 1, 45.68
1733660927, 55, 1, 10, 0, 0, 0.01%, 0, 0, 1, 46.76
1733660932, 55, 2, 10, 0, 0, 0.01%, 0, 0, 1, 44.57
1733660942, 55, 3, 10, 0, 0, 0.01%, 0, 0, 1, 46.15
1733660947, 55, 4, 10, 0, 0, 0.01%, 0, 0, 1, 44.58
1733660952, 55, 5, 10, 0, 0, 0.01%, 0, 0, 1, 46.91
1733660958, 55, 6, 10, 0, 0, 0.01%, 0, 0, 1, 46.90
1733660963, 55, 7, 10, 0, 0, 0.01%, 0, 0, 1, 45.46
1733660968, 55, 8, 10, 0, 0, 0.01%, 0, 0, 1, 44.77
1733660973, 55, 9, 10, 0, 0, 0.01%, 0, 0, 1, 43.30
1733660978, 56, 0, 10, 0, 0, 0.01%, 0, 0, 1, 45.51
1733660983, 56, 1, 10, 0, 0, 0.01%, 0, 0, 1, 44.42
1733660988, 56, 2, 10, 0, 0, 0.01%, 0, 0, 1, 45.02
1733660998, 56, 3, 10, 0, 0, 0.01%, 0, 0, 1, 46.12
1733661003, 56, 4, 10, 0, 0, 0.01%, 0, 0, 1, 44.69
1733661008, 56, 5, 10, 0, 0, 0.01%, 0, 0, 1, 44.95
1733661013, 56, 6, 10, 0, 0, 0.01%, 0, 0, 1, 44.98
1733661018, 56, 7, 10, 0, 0, 0.01%, 0, 0, 1, 44.72
1733661024, 56, 8, 10, 0, 0, 0.01%, 0, 0, 1, 43.58
1733661029, 56, 9, 10, 0, 0, 0.01%, 0, 0, 1, 44.60
1733661034, 57, 0, 10, 0, 0, 0.01%, 0, 0, 1, 44.66
1733661044, 57, 1, 10, 0, 0, 0.01%, 0, 0, 1, 44.82
1733661049, 57, 2, 10, 0, 0, 0.01%, 0, 0, 1, 46.80
1733661054, 57, 3, 10, 0, 0, 0.01%, 0, 0, 1, 45.08
1733661059, 57, 4, 10, 0, 0, 0.01%, 0, 0, 1, 44.55
1733661064, 57, 5, 10, 0, 0, 0.01%, 0, 0, 1, 45.14
1733661069, 57, 6, 10, 0, 0, 0.01%, 0, 0, 1, 45.45
1733661074, 57, 7, 10, 0, 0, 0.01%, 0, 0, 1, 43.66
1733661079, 57, 8, 10, 0, 0, 0.01%, 0, 0, 1, 45.49
1733661084, 57, 9, 10, 0, 0, 0.01%, 0, 0, 1, 45.26
1733661095, 58, 0, 10, 0, 0, 0.01%, 0, 0, 1, 46.03
1733661100, 58, 1, 10, 0, 0, 0.01%, 0, 0, 1, 46.13
1733661105, 58, 2, 10, 0, 0, 0.01%, 0, 0, 1, 45.54
1733661110, 58, 3, 10, 0, 0, 0.01%, 0, 0, 1, 44.76
1733661115, 58, 4, 10, 0, 0, 0.01%, 0, 0, 1, 46.60
1733661120, 58, 5, 10, 0, 0, 0.01%, 0, 0, 1, 47.28
1733661125, 58, 6, 10, 0, 0, 0.01%, 0, 0, 1, 44.12
1733661130, 58, 7, 10, 0, 0, 0.01%, 0, 0, 1, 44.66
1733661135, 58, 8, 10, 0, 0, 0.01%, 0, 0, 1, 46.69
1733661140, 58, 9, 10, 0, 0, 0.01%, 0, 0, 1, 46.03
1733661151, 59, 0, 10, 0, 0, 0.01%, 0, 0, 1, 45.57
1733661156, 59, 1, 10, 0, 0, 0.01%, 0, 0, 1, 46.44
1733661161, 59, 2, 10, 0, 0, 0.01%, 0, 0, 1, 44.23
1733661166, 59, 3, 10, 0, 0, 0.01%, 0, 0, 1, 44.63
1733661171, 59, 4, 10, 0, 0, 0.01%, 0, 0, 1, 44.52
1733661176, 59, 5, 10, 0, 0, 0.01%, 0, 0, 1, 44.87
1733661181, 59, 6, 10, 0, 0, 0.01%, 0, 0, 1, 46.09
1733661186, 59, 7, 10, 0, 0, 0.01%, 0, 0, 1, 45.66
1733661191, 59, 8, 10, 0, 0, 0.01%, 0, 0, 1, 45.68
1733661196, 59, 9, 10, 0, 0, 0.01%, 0, 0, 1, 45.01
1733661206, 60, 0, 10, 0, 0, 0.01%, 0, 0, 1, 45.55
1733661211, 60, 1, 10, 0, 0, 0.01%, 0, 0, 1, 45.77
1733661216, 60, 2, 10, 0, 0, 0.01%, 0, 0, 1, 47.34
1733661222, 60, 3, 10, 0, 0, 0.01%, 0, 0, 1, 45.62
1733661227, 60, 4, 10, 0, 0, 0.01%, 0, 0, 1, 43.65
1733661232, 60, 5, 10, 0, 0, 0.01%, 0, 0, 1, 43.62
1733661237, 60, 6, 10, 0, 0, 0.01%, 0, 0, 1, 43.71
1733661242, 60, 7, 10, 0, 0, 0.01%, 0, 0, 1, 46.60
1733661247, 60, 8, 10, 0, 0, 0.01%, 0, 0, 1, 45.83
1733661257, 60, 9, 10, 0, 0, 0.01%, 0, 0, 1, 46.47
1733661262, 61, 0, 10, 0, 0, 0.01%, 0, 0, 1, 46.07
1733661267, 61, 1, 10, 0, 0, 0.01%, 0, 0, 1, 47.61
1733661272, 61, 2, 10, 0, 0, 0.01%, 0, 0, 1, 45.36
1733661277, 61, 3, 10, 0, 0, 0.01%, 0, 0, 1, 47.26
1733661282, 61, 4, 10, 0, 0, 0.01%, 0, 0, 1, 45.46
1733661287, 61, 5, 11, 1, 0, 0.14%, 1, 0, 2, 44.41
1733661292, 61, 10, 11, 1, 1, 0.14%, 1, 0, 2, 48.18
1733661303, 61, 10, 12, 2, 1, 0.14%, 2, 0, 3, 53.86
1733661379, 61, 11, 12, 1, 1, 0.14%, 2, 0, 3, 66.09
1733661384, 61, 11, 13, 2, 1, 0.14%, 3, 0, 4, 63.25
1733661409, 61, 11, 14, 3, 1, 0.14%, 3, 0, 4, 50.48
1733661460, 61, 11, 15, 4, 1, 0.14%, 3, 0, 4, 51.56
1733661511, 61, 12, 15, 3, 2, 0.14%, 3, 0, 4, 72.80
1733661592, 61, 12, 16, 4, 2, 0.14%, 3, 0, 5, 47.73
1733661597, 61, 12, 17, 5, 2, 0.14%, 3, 0, 5, 53.89
1733661617, 62, 14, 17, 1, 0, 0.14%, 3, 0, 5, 68.31
1733661698, 62, 14, 18, 2, 0, 0.14%, 4, 0, 5, 49.34
1733661719, 62, 14, 19, 3, 0, 0.14%, 4, 0, 5, 53.90
1733661724, 62, 17, 19, 2, 1, 0.14%, 4, 0, 5, 70.63
1733661729, 62, 17, 20, 3, 1, 0.14%, 4, 0, 6, 74.29
1733661744, 62, 17, 21, 4, 1, 0.14%, 4, 0, 6, 58.88
1733661754, 62, 17, 22, 5, 1, 0.14%, 4, 0, 6, 54.40
1733661770, 62, 17, 23, 6, 1, 0.14%, 4, 0, 6, 54.26
1733661846, 62, 21, 23, 5, 2, 0.14%, 4, 0, 6, 43.91
1733661917, 62, 21, 25, 7, 2, 0.14%, 4, 0, 7, 106.80
1733661922, 62, 21, 27, 9, 2, 0.14%, 4, 0, 7, 108.57
1733661953, 62, 21, 29, 11, 2, 0.14%, 5, 0, 7, 110.25
1733662234, 62, 21, 30, 12, 2, 0.14%, 5, 0, 7, 72.54
1733662289, 62, 21, 31, 13, 2, 0.14%, 5, 0, 7, 74.42
1733662310, 62, 28, 31, 12, 1, 0.14%, 5, 0, 7, 56.40
1733662315, 62, 30, 31, 11, 1, 0.14%, 5, 0, 7, 78.09
1733662468, 62, 30, 32, 12, 1, 0.14%, 5, 0, 8, 66.19
1733662494, 62, 30, 33, 13, 1, 0.14%, 5, 0, 8, 78.74
1733662524, 62, 30, 34, 14, 1, 0.14%, 5, 0, 8, 79.19
1733662545, 62, 31, 34, 13, 1, 0.14%, 5, 0, 8, 53.93
1733662687, 62, 33, 34, 12, 0, 0.14%, 5, 0, 8, 76.85
1733662922, 65, 24, 34, 11, 0, 0.14%, 5, 0, 8, 51.13
1733662927, 65, 32, 34, 10, 0, 0.14%, 5, 0, 8, 85.01
1733663091, 65, 32, 35, 11, 0, 0.14%, 5, 0, 9, 71.64
1733663127, 65, 32, 36, 12, 0, 0.14%, 5, 0, 9, 77.45
1733663183, 65, 32, 38, 14, 0, 0.14%, 5, 0, 9, 60.16
1733663193, 65, 35, 38, 13, 1, 0.14%, 5, 0, 9, 89.33
1733663341, 65, 35, 39, 14, 1, 0.14%, 5, 0, 10, 57.68
1733663449, 65, 38, 39, 13, 1, 0.14%, 5, 0, 10, 78.14
1733663715, 66, 36, 39, 12, 0, 0.14%, 5, 0, 10, 59.29
1733664174, 67, 27, 39, 9, 0, 0.14%, 5, 0, 10, 52.41
1733664179, 69, 18, 39, 7, 0, 0.14%, 5, 0, 10, 49.71
1733664240, 71, 22, 39, 2, 0, 0.14%, 5, 0, 10, 62.73
1733664311, 72, 34, 39, 1, 0, 0.14%, 5, 0, 10, 41.97
1733664316, 75, 29, 39, 0, 0, 0.14%, 5, 0, 10, 86.17
1733664806, 76, 12, 39, 0, 0, 0.14%, 5, 0, 10, 58.93
1733664826, 78, 25, 39, 0, 0, 0.14%, 5, 0, 10, 87.97
1733665077, 80, 25, 39, 0, 0, 0.14%, 5, 0, 10, 67.47
1733665102, 81, 25, 39, 0, 0, 0.14%, 5, 0, 10, 69.21
1733665133, 82, 25, 39, 0, 0, 0.14%, 5, 0, 10, 61.38
1733665163, 83, 25, 39, 0, 0, 0.14%, 5, 0, 10, 63.73
1733665193, 84, 25, 39, 0, 0, 0.14%, 5, 0, 10, 60.19
1733665229, 85, 25, 39, 0, 0, 0.14%, 5, 0, 10, 72.82
1733665259, 86, 25, 39, 0, 0, 0.14%, 5, 0, 10, 66.91
1733665290, 101, 19, 39, 0, 0, 0.14%, 5, 0, 10, 59.92
1733665346, 111, 20, 39, 0, 0, 0.14%, 5, 0, 10, 72.70
1733665391, 124, 20, 39, 0, 0, 0.14%, 5, 0, 10, 63.18
1733665412, 127, 12, 39, 0, 0, 0.14%, 5, 0, 10, 59.52
1733665432, 129, 12, 39, 0, 0, 0.14%, 5, 0, 10, 65.29
1733665437, 129, 12, 40, 1, 0, 0.14%, 5, 0, 10, 56.01
1733665483, 129, 39, 40, 1, 1, 0.14%, 5, 0, 10, 62.01
1733665488, 130, 20, 40, 0, 0, 0.14%, 5, 0, 10, 56.15
1733665523, 130, 39, 40, 0, 0, 0.14%, 5, 0, 10, 77.54
1733665702, 132, 12, 40, 0, 0, 0.14%, 5, 0, 10, 61.73
1733665742, 135, 29, 40, 0, 0, 0.14%, 5, 0, 10, 70.41
1733665767, 136, 29, 40, 0, 0, 0.14%, 5, 0, 10, 69.76
1733665803, 137, 29, 40, 0, 0, 0.14%, 5, 0, 10, 71.77
1733665838, 138, 29, 40, 0, 0, 0.14%, 5, 0, 10, 71.29
1733665874, 138, 39, 40, 0, 0, 0.14%, 5, 0, 10, 75.04
1733665889, 139, 29, 40, 0, 0, 0.14%, 5, 0, 10, 69.51
1733665920, 139, 39, 40, 0, 0, 0.14%, 5, 0, 10, 69.85
1733665955, 140, 39, 40, 0, 0, 0.14%, 5, 0, 10, 73.42
1733665991, 141, 39, 40, 0, 0, 0.14%, 5, 0, 10, 74.07
1733666021, 142, 39, 40, 0, 0, 0.14%, 5, 0, 10, 53.88
1733666057, 143, 39, 40, 0, 0, 0.14%, 5, 0, 10, 75.36
1733666092, 144, 23, 40, 0, 0, 0.14%, 5, 0, 10, 84.33
1733666313, 144, 39, 40, 0, 0, 0.14%, 5, 0, 10, 75.04
1733666344, 145, 23, 40, 0, 0, 0.14%, 5, 0, 10, 73.96
1733666369, 154, 12, 40, 0, 0, 0.14%, 5, 0, 10, 55.38
1733666409, 154, 20, 40, 0, 0, 0.14%, 5, 0, 10, 57.09
1733666445, 155, 15, 40, 0, 0, 0.14%, 5, 0, 10, 75.92
1733666506, 157, 27, 40, 0, 0, 0.14%, 5, 0, 10, 63.43
1733666919, 164, 12, 40, 0, 0, 0.14%, 5, 0, 10, 56.61
1733666959, 168, 20, 40, 0, 0, 0.14%, 5, 0, 10, 60.12
1733667001, 170, 23, 40, 0, 0, 0.14%, 5, 0, 10, 70.65
1733667021, 175, 20, 40, 0, 0, 0.14%, 5, 0, 10, 58.87
1733667056, 176, 31, 40, 0, 0, 0.14%, 5, 0, 10, 68.16
1733667092, 177, 23, 40, 0, 0, 0.14%, 5, 0, 10, 65.56
1733667128, 183, 27, 40, 0, 0, 0.14%, 5, 0, 10, 62.41
1733667143, 183, 34, 40, 0, 0, 0.14%, 5, 0, 10, 65.76
1733667756, 185, 15, 40, 0, 0, 0.14%, 5, 0, 10, 65.80
1733667771, 185, 31, 40, 0, 0, 0.14%, 5, 0, 10, 69.43
1733667807, 191, 27, 40, 0, 0, 0.14%, 5, 0, 10, 63.94
1733667842, 193, 14, 40, 0, 0, 0.14%, 5, 0, 10, 64.70
1733667857, 194, 14, 40, 0, 0, 0.14%, 5, 0, 10, 62.96
1733667893, 194, 37, 40, 0, 0, 0.14%, 5, 0, 10, 70.18
1733668137, 196, 12, 40, 0, 0, 0.14%, 5, 0, 10, 58.86
1733668178, 197, 27, 40, 0, 0, 0.14%, 5, 0, 10, 71.87
1733668208, 200, 14, 40, 0, 0, 0.14%, 5, 0, 10, 62.61
1733668244, 200, 15, 40, 0, 0, 0.14%, 5, 0, 10, 63.29
1733668264, 200, 23, 40, 0, 0, 0.14%, 5, 0, 10, 74.01
1733668290, 202, 14, 40, 0, 0, 0.14%, 5, 0, 10, 67.39
1733668325, 206, 20, 40, 0, 0, 0.14%, 5, 0, 10, 60.96
1733668360, 211, 11, 40, 0, 0, 0.14%, 5, 0, 10, 66.05
1733668370, 216, 37, 40, 0, 0, 0.14%, 5, 0, 10, 70.39
1733668406, 217, 22, 40, 0, 0, 0.14%, 5, 0, 10, 60.28
1733668421, 220, 33, 40, 0, 0, 0.14%, 5, 0, 10, 71.09
1733668457, 222, 15, 40, 0, 0, 0.14%, 5, 0, 10, 69.98
1733668492, 224, 13, 40, 0, 0, 0.14%, 5, 0, 10, 65.68
1733668573, 227, 15, 40, 0, 0, 0.14%, 5, 0, 10, 65.06
1733668593, 231, 37, 40, 0, 0, 0.14%, 5, 0, 10, 71.58
1733668629, 232, 14, 40, 0, 0, 0.14%, 5, 0, 10, 67.03
1733668665, 233, 15, 40, 0, 0, 0.14%, 5, 0, 10, 61.10
1733668700, 234, 24, 40, 0, 0, 0.14%, 5, 0, 10, 82.48
1733668950, 234, 31, 40, 0, 0, 0.14%, 5, 0, 10, 60.61
1733668986, 235, 22, 40, 0, 0, 0.14%, 5, 0, 10, 61.74
1733669026, 235, 33, 40, 0, 0, 0.14%, 5, 0, 10, 74.93
1733669062, 237, 13, 40, 0, 0, 0.14%, 5, 0, 10, 64.95
1733669077, 238, 14, 40, 0, 0, 0.14%, 5, 0, 10, 67.78
1733669113, 238, 23, 40, 0, 0, 0.14%, 5, 0, 10, 68.38
1733669143, 240, 19, 40, 0, 0, 0.14%, 5, 0, 10, 64.48
1733669158, 241, 34, 40, 0, 0, 0.14%, 5, 0, 10, 69.05
1733669194, 243, 10, 40, 0, 0, 0.14%, 5, 0, 10, 58.52
1733669204, 243, 24, 40, 0, 0, 0.14%, 5, 0, 10, 67.60
1733669229, 243, 34, 40, 0, 0, 0.14%, 5, 0, 10, 67.71
1733669264, 245, 10, 40, 0, 0, 0.14%, 5, 0, 10, 62.68
1733669295, 245, 37, 40, 0, 0, 0.14%, 5, 0, 10, 74.82
1733669331, 246, 28, 40, 0, 0, 0.14%, 5, 0, 10, 91.20
1733669759, 247, 14, 40, 0, 0, 0.14%, 5, 0, 10, 64.27
1733669789, 248, 27, 40, 0, 0, 0.14%, 5, 0, 10, 62.73
1733669830, 248, 37, 40, 0, 0, 0.14%, 5, 0, 10, 67.94
1733669866, 249, 14, 40, 0, 0, 0.14%, 5, 0, 10, 66.09
1733669901, 249, 19, 40, 0, 0, 0.14%, 5, 0, 10, 61.11
1733669942, 249, 22, 40, 0, 0, 0.14%, 5, 0, 10, 59.17
1733669977, 250, 12, 40, 0, 0, 0.14%, 5, 0, 10, 59.71
1733670013, 251, 15, 40, 0, 0, 0.14%, 5, 0, 10, 66.22
1733670048, 251, 34, 40, 0, 0, 0.14%, 5, 0, 10, 61.54
1733670084, 253, 11, 40, 0, 0, 0.14%, 5, 0, 10, 62.73
1733670089, 253, 34, 40, 0, 0, 0.14%, 5, 0, 10, 70.06
1733670124, 255, 14, 40, 0, 0, 0.14%, 5, 0, 10, 59.75
1733670160, 255, 18, 40, 0, 0, 0.14%, 5, 0, 10, 63.91
1733670180, 256, 22, 40, 0, 0, 0.14%, 5, 0, 10, 64.69
1733670216, 257, 23, 40, 0, 0, 0.14%, 5, 0, 10, 68.95
1733670241, 260, 15, 40, 0, 0, 0.14%, 5, 0, 10, 67.84
1733670282, 260, 24, 40, 0, 0, 0.14%, 5, 0, 10, 65.77
1733670307, 261, 10, 40, 0, 0, 0.14%, 5, 0, 10, 57.43
1733670348, 261, 20, 40, 0, 0, 0.14%, 5, 0, 10, 64.83
1733670383, 263, 15, 40, 0, 0, 0.14%, 5, 0, 10, 63.91
1733670424, 263, 27, 40, 0, 0, 0.14%, 5, 0, 10, 62.76
1733670454, 263, 32, 40, 0, 0, 0.14%, 5, 0, 10, 76.05
1733670490, 264, 14, 40, 0, 0, 0.14%, 5, 0, 10, 61.71
1733670525, 265, 31, 40, 0, 0, 0.14%, 5, 0, 10, 67.72
1733670560, 266, 18, 40, 0, 0, 0.14%, 5, 0, 10, 58.31
1733670596, 267, 10, 40, 0, 0, 0.14%, 5, 0, 10, 56.41
1733670637, 267, 33, 40, 0, 0, 0.14%, 5, 0, 10, 72.57
1733670672, 270, 18, 40, 0, 0, 0.14%, 5, 0, 10, 56.32
1733670713, 272, 16, 40, 0, 0, 0.14%, 5, 0, 10, 82.71
1733670738, 272, 16, 41, 1, 0, 0.14%, 6, 0, 10, 61.97
1733670799, 272, 40, 41, 1, 1, 0.14%, 6, 0, 10, 48.49
1733671402, 273, 13, 41, 0, 0, 0.14%, 6, 0, 10, 66.59
1733671437, 274, 13, 41, 0, 0, 0.14%, 6, 0, 10, 54.73
1733671473, 275, 20, 41, 0, 0, 0.14%, 6, 0, 10, 63.56
1733671508, 276, 17, 41, 0, 0, 0.14%, 6, 0, 10, 58.87
1733671523, 277, 10, 41, 0, 0, 0.14%, 6, 0, 10, 62.02
1733671564, 278, 15, 41, 0, 0, 0.14%, 6, 0, 10, 62.47
1733671595, 280, 32, 41, 0, 0, 0.14%, 6, 0, 10, 64.34
1733671630, 284, 16, 41, 0, 0, 0.14%, 6, 0, 10, 64.10
1733671646, 284, 22, 41, 0, 0, 0.14%, 6, 0, 10, 64.60
1733671686, 284, 23, 41, 0, 0, 0.14%, 6, 0, 10, 60.06
1733671712, 284, 40, 41, 0, 0, 0.14%, 6, 0, 10, 64.29
1733671732, 285, 24, 41, 0, 0, 0.14%, 6, 0, 10, 67.10
1733671763, 285, 40, 41, 0, 0, 0.14%, 6, 0, 10, 78.69
1733671793, 286, 22, 41, 0, 0, 0.14%, 6, 0, 10, 61.33
1733671829, 286, 27, 41, 0, 0, 0.14%, 6, 0, 10, 60.30
1733671864, 286, 40, 41, 0, 0, 0.14%, 6, 0, 10, 66.16
1733671900, 287, 40, 41, 0, 0, 0.14%, 6, 0, 10, 79.63
1733671930, 288, 20, 41, 0, 0, 0.14%, 6, 0, 10, 75.48
1733671971, 289, 16, 41, 0, 0, 0.14%, 6, 0, 10, 68.34
1733672011, 291, 11, 41, 0, 0, 0.14%, 6, 0, 10, 56.73
1733672027, 291, 24, 41, 0, 0, 0.14%, 6, 0, 10, 64.82
1733672062, 291, 38, 41, 0, 0, 0.14%, 6, 0, 10, 72.94
1733672093, 294, 17, 41, 0, 0, 0.14%, 6, 0, 10, 72.84
1733672128, 294, 33, 41, 0, 0, 0.14%, 6, 0, 10, 70.19
1733672164, 295, 13, 41, 0, 0, 0.14%, 6, 0, 10, 62.02
1733672199, 295, 22, 41, 0, 0, 0.14%, 6, 0, 10, 62.83
1733672235, 296, 13, 41, 0, 0, 0.14%, 6, 0, 10, 68.10
1733672271, 296, 15, 41, 0, 0, 0.14%, 6, 0, 10, 61.49
1733672306, 296, 31, 41, 0, 0, 0.14%, 6, 0, 10, 70.04
1733672342, 297, 23, 41, 0, 0, 0.14%, 6, 0, 10, 72.93
1733672372, 299, 17, 41, 0, 0, 0.14%, 6, 0, 10, 60.71
1733672413, 300, 24, 41, 0, 0, 0.14%, 6, 0, 10, 65.21
1733672443, 300, 32, 41, 0, 0, 0.14%, 6, 0, 10, 77.40
1733672473, 302, 31, 41, 0, 0, 0.14%, 6, 0, 10, 66.87
1733672509, 302, 33, 41, 0, 0, 0.14%, 6, 0, 10, 64.74
1733672544, 303, 18, 41, 0, 0, 0.14%, 6, 0, 10, 61.51
1733672585, 303, 31, 41, 0, 0, 0.14%, 6, 0, 10, 67.98
1733672620, 304, 35, 41, 0, 0, 0.14%, 6, 0, 10, 73.86
1733672651, 306, 17, 41, 0, 0, 0.14%, 6, 0, 10, 66.11
1733672682, 308, 38, 41, 0, 0, 0.14%, 6, 0, 10, 74.34
1733672717, 314, 35, 41, 0, 0, 0.14%, 6, 0, 10, 68.81
1733672748, 317, 11, 41, 0, 0, 0.14%, 6, 0, 10, 74.12
1733672783, 319, 11, 41, 0, 0, 0.14%, 6, 0, 10, 65.35
1733672819, 319, 17, 41, 0, 0, 0.14%, 6, 0, 10, 61.22
1733672854, 320, 38, 41, 0, 0, 0.14%, 6, 0, 10, 79.57
1733672890, 325, 35, 41, 0, 0, 0.14%, 6, 0, 10, 77.32
1733672926, 326, 18, 41, 0, 0, 0.14%, 6, 0, 10, 63.65
1733672961, 327, 33, 41, 0, 0, 0.14%, 6, 0, 10, 62.24
1733672997, 328, 18, 41, 0, 0, 0.14%, 6, 0, 10, 60.08
1733673032, 328, 19, 41, 0, 0, 0.14%, 6, 0, 10, 65.87
1733673068, 333, 19, 41, 0, 0, 0.14%, 6, 0, 10, 69.78
1733673109, 335, 16, 41, 0, 0, 0.14%, 6, 0, 10, 57.35
1733673145, 335, 17, 41, 0, 0, 0.14%, 6, 0, 10, 61.53
1733673180, 336, 32, 41, 0, 0, 0.14%, 6, 0, 10, 61.83
1733673216, 337, 19, 41, 0, 0, 0.14%, 6, 0, 10, 59.92
1733673251, 338, 32, 41, 0, 0, 0.14%, 6, 0, 10, 63.73
1733673287, 339, 12, 41, 0, 0, 0.14%, 6, 0, 10, 63.67
1733673327, 341, 20, 41, 0, 0, 0.14%, 6, 0, 10, 60.06
1733673363, 342, 31, 41, 0, 0, 0.14%, 6, 0, 10, 70.70
1733673399, 345, 33, 41, 0, 0, 0.14%, 6, 0, 10, 63.15
1733673435, 346, 36, 41, 0, 0, 0.14%, 6, 0, 10, 74.14
1733673470, 349, 16, 41, 0, 0, 0.14%, 6, 0, 10, 57.89
1733673506, 350, 18, 41, 0, 0, 0.14%, 6, 0, 10, 62.72
1733673542, 350, 35, 41, 0, 0, 0.14%, 6, 0, 10, 71.56
1733673577, 351, 19, 41, 0, 0, 0.14%, 6, 0, 10, 62.06
1733673613, 353, 38, 41, 0, 0, 0.14%, 6, 0, 10, 77.62
1733673643, 356, 11, 41, 0, 0, 0.14%, 6, 0, 10, 60.41
1733673679, 359, 38, 41, 0, 0, 0.14%, 6, 0, 10, 78.80
1733673709, 362, 28, 41, 0, 0, 0.14%, 6, 0, 10, 61.51
1733673734, 363, 35, 41, 0, 0, 0.14%, 6, 0, 10, 69.09
1733673765, 363, 36, 41, 0, 0, 0.14%, 6, 0, 10, 71.03
1733673800, 364, 19, 41, 0, 0, 0.14%, 6, 0, 10, 66.00
1733673836, 371, 20, 41, 0, 0, 0.14%, 6, 0, 10, 59.08
1733673876, 372, 12, 41, 0, 0, 0.14%, 6, 0, 10, 60.72
1733673912, 374, 38, 41, 0, 0, 0.14%, 6, 0, 10, 75.45
1733673948, 375, 31, 41, 0, 0, 0.14%, 6, 0, 10, 69.18
1733673983, 378, 21, 41, 0, 0, 0.14%, 6, 0, 10, 73.03
1733674004, 380, 30, 41, 0, 0, 0.14%, 6, 0, 10, 74.30
1733674029, 381, 17, 41, 0, 0, 0.14%, 6, 0, 10, 65.34
1733674065, 385, 28, 41, 0, 0, 0.14%, 6, 0, 10, 65.38
1733674100, 385, 30, 41, 0, 0, 0.14%, 6, 0, 10, 69.29
1733674136, 386, 12, 41, 0, 0, 0.14%, 6, 0, 10, 59.33
1733674171, 391, 30, 41, 0, 0, 0.14%, 6, 0, 10, 74.60
1733674207, 392, 10, 41, 0, 0, 0.14%, 6, 0, 10, 58.66
1733674243, 393, 30, 41, 0, 0, 0.14%, 6, 0, 10, 78.64
1733674278, 394, 32, 41, 0, 0, 0.14%, 6, 0, 10, 73.68
1733674314, 396, 20, 41, 0, 0, 0.14%, 6, 0, 10, 58.39
1733674349, 396, 30, 41, 0, 0, 0.14%, 6, 0, 10, 78.63
1733674389, 396, 36, 41, 0, 0, 0.14%, 6, 0, 10, 73.10
1733674420, 397, 16, 41, 0, 0, 0.14%, 6, 0, 10, 61.24
1733674460, 406, 11, 41, 0, 0, 0.14%, 6, 0, 10, 59.76
1733674496, 408, 30, 41, 0, 0, 0.14%, 6, 0, 10, 79.03
1733674532, 409, 21, 41, 0, 0, 0.14%, 6, 0, 10, 76.34
1733674563, 409, 26, 41, 0, 0, 0.14%, 6, 0, 10, 79.94
1733674839, 412, 13, 41, 0, 0, 0.14%, 6, 0, 10, 63.09
1733674879, 412, 36, 41, 0, 0, 0.14%, 6, 0, 10, 70.49
1733674915, 416, 16, 41, 0, 0, 0.14%, 6, 0, 10, 59.97
1733674951, 417, 19, 41, 0, 0, 0.14%, 6, 0, 10, 64.82
1733674981, 418, 28, 41, 0, 0, 0.14%, 6, 0, 10, 62.01
1733675021, 424, 12, 41, 0, 0, 0.14%, 6, 0, 10, 60.68
1733675057, 425, 19, 41, 0, 0, 0.14%, 6, 0, 10, 65.91
1733675093, 427, 12, 41, 0, 0, 0.14%, 6, 0, 10, 64.03
1733675128, 432, 13, 41, 0, 0, 0.14%, 6, 0, 10, 68.42
1733675164, 433, 35, 41, 0, 0, 0.14%, 6, 0, 10, 71.49
1733675199, 438, 13, 41, 0, 0, 0.14%, 6, 0, 10, 68.96
1733675229, 438, 28, 41, 0, 0, 0.14%, 6, 0, 10, 64.85
1733675260, 439, 11, 41, 0, 0, 0.14%, 6, 0, 10, 64.00
1733675295, 444, 21, 41, 0, 0, 0.14%, 6, 0, 10, 75.85
1733675326, 444, 28, 41, 0, 0, 0.14%, 6, 0, 10, 72.96
1733675361, 445, 13, 41, 0, 0, 0.14%, 6, 0, 10, 62.47
1733675402, 445, 19, 41, 0, 0, 0.14%, 6, 0, 10, 59.38
1733675437, 446, 19, 41, 0, 0, 0.14%, 6, 0, 10, 63.70
1733675473, 453, 26, 41, 0, 0, 0.14%, 6, 0, 10, 70.78
1733675503, 456, 19, 41, 0, 0, 0.14%, 6, 0, 10, 66.81
1733675538, 461, 19, 41, 0, 0, 0.14%, 6, 0, 10, 73.23
1733675549, 467, 19, 41, 0, 0, 0.14%, 6, 0, 10, 64.26
1733675554, 468, 26, 41, 0, 0, 0.14%, 6, 0, 10, 66.80
1733675579, 475, 19, 41, 0, 0, 0.14%, 6, 0, 10, 70.52
1733675584, 490, 19, 41, 0, 0, 0.14%, 6, 0, 10, 63.77
1733675589, 493, 28, 41, 0, 0, 0.14%, 6, 0, 10, 67.05
1733675625, 495, 21, 41, 0, 0, 0.14%, 6, 0, 10, 57.09
1733675660, 497, 21, 41, 0, 0, 0.14%, 6, 0, 10, 70.07
1733675691, 498, 19, 41, 0, 0, 0.14%, 6, 0, 10, 63.76
1733675696, 517, 19, 41, 0, 0, 0.14%, 6, 0, 10, 65.75
1733675701, 518, 19, 41, 0, 0, 0.14%, 6, 0, 10, 64.87
