# unix_time, cycles_done, cur_path, paths_total, pending_total, pending_favs, map_size, unique_crashes, unique_hangs, max_depth, execs_per_sec
1734845530, 0, 0, 10, 10, 1, 0.01%, 0, 0, 1, 36.33
1734845535, 0, 4, 10, 10, 1, 0.01%, 0, 0, 1, 38.57
1734845550, 1, 0, 10, 4, 0, 0.01%, 0, 0, 1, 47.99
1734845555, 1, 1, 10, 3, 0, 0.01%, 0, 0, 1, 46.46
1734845560, 1, 2, 10, 2, 0, 0.01%, 0, 0, 1, 47.35
1734845565, 1, 3, 10, 1, 0, 0.01%, 0, 0, 1, 46.99
1734845570, 1, 4, 10, 0, 0, 0.01%, 0, 0, 1, 47.32
1734845575, 1, 5, 10, 0, 0, 0.01%, 0, 0, 1, 47.45
1734845580, 1, 6, 10, 0, 0, 0.01%, 0, 0, 1, 46.71
1734845591, 1, 7, 10, 0, 0, 0.01%, 0, 0, 1, 46.13
1734845596, 1, 8, 10, 0, 0, 0.01%, 0, 0, 1, 47.00
1734845601, 1, 9, 10, 0, 0, 0.01%, 0, 0, 1, 45.16
1734845606, 2, 0, 10, 0, 0, 0.01%, 0, 0, 1, 44.72
1734845611, 2, 1, 10, 0, 0, 0.01%, 0, 0, 1, 46.89
1734845616, 2, 2, 10, 0, 0, 0.01%, 0, 0, 1, 46.81
1734845621, 2, 3, 10, 0, 0, 0.01%, 0, 0, 1, 47.28
1734845626, 2, 4, 10, 0, 0, 0.01%, 0, 0, 1, 44.69
1734845631, 2, 5, 10, 0, 0, 0.01%, 0, 0, 1, 45.37
1734845636, 2, 6, 10, 0, 0, 0.01%, 0, 0, 1, 43.11
1734845642, 2, 7, 10, 0, 0, 0.01%, 0, 0, 1, 45.66
1734845652, 2, 8, 10, 0, 0, 0.01%, 0, 0, 1, 47.17
1734845657, 2, 9, 10, 0, 0, 0.01%, 0, 0, 1, 47.45
1734845662, 3, 0, 10, 0, 0, 0.01%, 0, 0, 1, 47.60
1734845667, 3, 1, 10, 0, 0, 0.01%, 0, 0, 1, 45.53
1734845672, 3, 2, 10, 0, 0, 0.01%, 0, 0, 1, 45.56
1734845677, 3, 3, 10, 0, 0, 0.01%, 0, 0, 1, 47.53
1734845682, 3, 4, 10, 0, 0, 0.01%, 0, 0, 1, 48.48
1734845687, 3, 5, 10, 0, 0, 0.01%, 0, 0, 1, 46.46
1734845692, 3, 6, 10, 0, 0, 0.01%, 0, 0, 1, 46.51
1734845697, 3, 7, 10, 0, 0, 0.01%, 0, 0, 1, 46.62
1734845702, 3, 8, 10, 0, 0, 0.01%, 0, 0, 1, 46.80
1734845712, 3, 9, 10, 0, 0, 0.01%, 0, 0, 1, 43.95
1734845718, 4, 0, 10, 0, 0, 0.01%, 0, 0, 1, 43.43
1734845723, 4, 1, 10, 0, 0, 0.01%, 0, 0, 1, 45.06
1734845728, 4, 2, 10, 0, 0, 0.01%, 0, 0, 1, 45.06
1734845733, 4, 3, 10, 0, 0, 0.01%, 0, 0, 1, 45.57
1734845738, 4, 4, 10, 0, 0, 0.01%, 0, 0, 1, 46.46
1734845743, 4, 5, 10, 0, 0, 0.01%, 0, 0, 1, 46.00
1734845748, 4, 6, 10, 0, 0, 0.01%, 0, 0, 1, 46.36
1734845753, 4, 7, 10, 0, 0, 0.01%, 0, 0, 1, 45.93
1734845758, 4, 8, 10, 0, 0, 0.01%, 0, 0, 1, 45.66
1734845763, 4, 9, 10, 0, 0, 0.01%, 0, 0, 1, 47.32
1734845773, 5, 0, 10, 0, 0, 0.01%, 0, 0, 1, 46.60
1734845778, 5, 1, 10, 0, 0, 0.01%, 0, 0, 1, 45.32
1734845784, 5, 2, 10, 0, 0, 0.01%, 0, 0, 1, 48.03
1734845789, 5, 3, 10, 0, 0, 0.01%, 0, 0, 1, 47.30
1734845794, 5, 4, 10, 0, 0, 0.01%, 0, 0, 1, 49.22
1734845799, 5, 5, 10, 0, 0, 0.01%, 0, 0, 1, 46.76
1734845804, 5, 6, 10, 0, 0, 0.01%, 0, 0, 1, 44.20
1734845809, 5, 7, 10, 0, 0, 0.01%, 0, 0, 1, 45.32
1734845814, 5, 8, 10, 0, 0, 0.01%, 0, 0, 1, 45.79
1734845819, 5, 9, 10, 0, 0, 0.01%, 0, 0, 1, 46.49
1734845824, 6, 0, 10, 0, 0, 0.01%, 0, 0, 1, 44.95
1734845834, 6, 1, 10, 0, 0, 0.01%, 0, 0, 1, 45.91
1734845839, 6, 2, 10, 0, 0, 0.01%, 0, 0, 1, 44.59
1734845844, 6, 3, 10, 0, 0, 0.01%, 0, 0, 1, 45.66
1734845850, 6, 4, 10, 0, 0, 0.01%, 0, 0, 1, 46.42
1734845855, 6, 5, 10, 0, 0, 0.01%, 0, 0, 1, 46.78
1734845860, 6, 6, 10, 0, 0, 0.01%, 0, 0, 1, 43.64
1734845865, 6, 7, 10, 0, 0, 0.01%, 0, 0, 1, 45.88
1734845870, 6, 8, 10, 0, 0, 0.01%, 0, 0, 1, 45.19
1734845875, 6, 9, 10, 0, 0, 0.01%, 0, 0, 1, 46.66
1734845880, 7, 0, 10, 0, 0, 0.01%, 0, 0, 1, 46.39
1734845890, 7, 1, 10, 0, 0, 0.01%, 0, 0, 1, 44.54
1734845895, 7, 2, 10, 0, 0, 0.01%, 0, 0, 1, 46.15
1734845900, 7, 3, 10, 0, 0, 0.01%, 0, 0, 1, 45.14
1734845905, 7, 4, 10, 0, 0, 0.01%, 0, 0, 1, 45.69
1734845910, 7, 5, 10, 0, 0, 0.01%, 0, 0, 1, 46.85
1734845915, 7, 6, 10, 0, 0, 0.01%, 0, 0, 1, 43.55
1734845921, 7, 7, 10, 0, 0, 0.01%, 0, 0, 1, 44.68
1734845926, 7, 8, 10, 0, 0, 0.01%, 0, 0, 1, 44.17
1734845931, 7, 9, 10, 0, 0, 0.01%, 0, 0, 1, 46.27
1734845941, 8, 0, 10, 0, 0, 0.01%, 0, 0, 1, 45.08
1734845946, 8, 1, 10, 0, 0, 0.01%, 0, 0, 1, 44.00
1734845951, 8, 2, 10, 0, 0, 0.01%, 0, 0, 1, 45.48
1734845956, 8, 3, 10, 0, 0, 0.01%, 0, 0, 1, 44.38
1734845961, 8, 4, 10, 0, 0, 0.01%, 0, 0, 1, 45.37
1734845966, 8, 5, 10, 0, 0, 0.01%, 0, 0, 1, 46.99
1734845971, 8, 6, 10, 0, 0, 0.01%, 0, 0, 1, 47.53
1734845977, 8, 7, 10, 0, 0, 0.01%, 0, 0, 1, 47.91
1734845982, 8, 8, 10, 0, 0, 0.01%, 0, 0, 1, 46.02
1734845987, 8, 9, 10, 0, 0, 0.01%, 0, 0, 1, 43.73
1734845997, 9, 0, 10, 0, 0, 0.01%, 0, 0, 1, 47.10
1734846002, 9, 1, 10, 0, 0, 0.01%, 0, 0, 1, 44.92
1734846007, 9, 2, 10, 0, 0, 0.01%, 0, 0, 1, 47.20
1734846012, 9, 3, 10, 0, 0, 0.01%, 0, 0, 1, 45.55
1734846017, 9, 4, 10, 0, 0, 0.01%, 0, 0, 1, 46.02
1734846022, 9, 5, 10, 0, 0, 0.01%, 0, 0, 1, 49.02
1734846027, 9, 6, 10, 0, 0, 0.01%, 0, 0, 1, 44.78
1734846032, 9, 7, 10, 0, 0, 0.01%, 0, 0, 1, 46.61
1734846037, 9, 8, 10, 0, 0, 0.01%, 0, 0, 1, 45.89
1734846043, 9, 9, 10, 0, 0, 0.01%, 0, 0, 1, 45.88
1734846048, 10, 0, 10, 0, 0, 0.01%, 0, 0, 1, 44.64
1734846058, 10, 1, 10, 0, 0, 0.01%, 0, 0, 1, 45.44
1734846063, 10, 2, 10, 0, 0, 0.01%, 0, 0, 1, 44.93
1734846068, 10, 3, 10, 0, 0, 0.01%, 0, 0, 1, 44.50
1734846073, 10, 4, 10, 0, 0, 0.01%, 0, 0, 1, 43.90
1734846078, 10, 5, 10, 0, 0, 0.01%, 0, 0, 1, 46.81
1734846083, 10, 6, 10, 0, 0, 0.01%, 0, 0, 1, 44.72
1734846088, 10, 7, 10, 0, 0, 0.01%, 0, 0, 1, 46.31
1734846093, 10, 8, 10, 0, 0, 0.01%, 0, 0, 1, 45.47
1734846103, 10, 9, 10, 0, 0, 0.01%, 0, 0, 1, 44.05
1734846108, 11, 0, 10, 0, 0, 0.01%, 0, 0, 1, 43.44
1734846113, 11, 1, 10, 0, 0, 0.01%, 0, 0, 1, 46.31
1734846118, 11, 2, 10, 0, 0, 0.01%, 0, 0, 1, 43.54
1734846124, 11, 3, 10, 0, 0, 0.01%, 0, 0, 1, 48.59
1734846129, 11, 4, 10, 0, 0, 0.01%, 0, 0, 1, 45.32
1734846134, 11, 5, 10, 0, 0, 0.01%, 0, 0, 1, 45.99
1734846139, 11, 6, 10, 0, 0, 0.01%, 0, 0, 1, 48.90
1734846144, 11, 7, 10, 0, 0, 0.01%, 0, 0, 1, 45.58
1734846149, 11, 8, 10, 0, 0, 0.01%, 0, 0, 1, 47.86
1734846154, 11, 9, 10, 0, 0, 0.01%, 0, 0, 1, 52.39
1734846159, 12, 0, 10, 0, 0, 0.01%, 0, 0, 1, 47.81
1734846164, 12, 1, 10, 0, 0, 0.01%, 0, 0, 1, 47.62
1734846169, 12, 2, 10, 0, 0, 0.01%, 0, 0, 1, 47.85
1734846174, 12, 3, 10, 0, 0, 0.01%, 0, 0, 1, 49.85
1734846184, 12, 4, 10, 0, 0, 0.01%, 0, 0, 1, 48.18
1734846190, 12, 5, 10, 0, 0, 0.01%, 0, 0, 1, 47.13
1734846195, 12, 6, 10, 0, 0, 0.01%, 0, 0, 1, 47.25
1734846200, 12, 7, 10, 0, 0, 0.01%, 0, 0, 1, 47.58
1734846205, 12, 8, 10, 0, 0, 0.01%, 0, 0, 1, 45.80
1734846210, 12, 9, 10, 0, 0, 0.01%, 0, 0, 1, 46.92
1734846215, 13, 0, 10, 0, 0, 0.01%, 0, 0, 1, 50.02
1734846220, 13, 1, 10, 0, 0, 0.01%, 0, 0, 1, 46.22
1734846225, 13, 2, 10, 0, 0, 0.01%, 0, 0, 1, 47.68
1734846230, 13, 3, 10, 0, 0, 0.01%, 0, 0, 1, 44.97
1734846235, 13, 4, 10, 0, 0, 0.01%, 0, 0, 1, 47.61
1734846240, 13, 5, 10, 0, 0, 0.01%, 0, 0, 1, 45.92
1734846245, 13, 6, 10, 0, 0, 0.01%, 0, 0, 1, 47.37
1734846255, 13, 7, 10, 0, 0, 0.01%, 0, 0, 1, 49.61
1734846260, 13, 8, 10, 0, 0, 0.01%, 0, 0, 1, 49.09
1734846266, 13, 9, 10, 0, 0, 0.01%, 0, 0, 1, 49.24
1734846271, 14, 0, 10, 0, 0, 0.01%, 0, 0, 1, 48.27
1734846276, 14, 1, 10, 0, 0, 0.01%, 0, 0, 1, 46.88
1734846281, 14, 2, 10, 0, 0, 0.01%, 0, 0, 1, 47.61
1734846286, 14, 3, 10, 0, 0, 0.01%, 0, 0, 1, 46.40
1734846291, 14, 4, 10, 0, 0, 0.01%, 0, 0, 1, 47.64
1734846296, 14, 5, 10, 0, 0, 0.01%, 0, 0, 1, 48.72
1734846301, 14, 6, 10, 0, 0, 0.01%, 0, 0, 1, 48.57
1734846306, 14, 7, 10, 0, 0, 0.01%, 0, 0, 1, 47.58
1734846311, 14, 8, 10, 0, 0, 0.01%, 0, 0, 1, 48.79
1734846316, 14, 9, 10, 0, 0, 0.01%, 0, 0, 1, 48.74
1734846321, 15, 0, 10, 0, 0, 0.01%, 0, 0, 1, 46.55
1734846326, 15, 1, 10, 0, 0, 0.01%, 0, 0, 1, 46.70
1734846331, 15, 2, 10, 0, 0, 0.01%, 0, 0, 1, 48.46
1734846336, 15, 3, 10, 0, 0, 0.01%, 0, 0, 1, 47.83
1734846342, 15, 4, 10, 0, 0, 0.01%, 0, 0, 1, 46.74
1734846352, 15, 5, 10, 0, 0, 0.01%, 0, 0, 1, 42.21
1734846372, 15, 6, 10, 0, 0, 0.01%, 0, 0, 1, 40.11
1734846388, 15, 7, 10, 0, 0, 0.01%, 0, 0, 1, 47.34
1734846408, 15, 8, 10, 0, 0, 0.01%, 0, 0, 1, 47.27
1734846428, 15, 9, 10, 0, 0, 0.01%, 0, 0, 1, 45.07
1734846448, 16, 0, 10, 0, 0, 0.01%, 0, 0, 1, 46.66
1734846469, 16, 1, 10, 0, 0, 0.01%, 0, 0, 1, 47.34
1734846489, 16, 2, 10, 0, 0, 0.01%, 0, 0, 1, 44.59
1734846510, 16, 3, 10, 0, 0, 0.01%, 0, 0, 1, 48.21
1734846515, 16, 4, 10, 0, 0, 0.01%, 0, 0, 1, 46.26
1734846520, 16, 5, 10, 0, 0, 0.01%, 0, 0, 1, 48.75
1734846530, 16, 6, 10, 0, 0, 0.01%, 0, 0, 1, 47.06
1734846535, 16, 7, 10, 0, 0, 0.01%, 0, 0, 1, 47.05
1734846540, 16, 8, 10, 0, 0, 0.01%, 0, 0, 1, 49.56
1734846545, 16, 9, 10, 0, 0, 0.01%, 0, 0, 1, 45.92
1734846550, 17, 0, 10, 0, 0, 0.01%, 0, 0, 1, 47.64
1734846555, 17, 1, 10, 0, 0, 0.01%, 0, 0, 1, 45.15
1734846560, 17, 2, 10, 0, 0, 0.01%, 0, 0, 1, 47.22
1734846565, 17, 3, 10, 0, 0, 0.01%, 0, 0, 1, 47.53
1734846570, 17, 4, 10, 0, 0, 0.01%, 0, 0, 1, 47.65
1734846575, 17, 5, 10, 0, 0, 0.01%, 0, 0, 1, 46.20
1734846580, 17, 6, 10, 0, 0, 0.01%, 0, 0, 1, 50.13
1734846586, 17, 7, 10, 0, 0, 0.01%, 0, 0, 1, 47.03
1734846591, 17, 8, 10, 0, 0, 0.01%, 0, 0, 1, 47.99
1734846596, 17, 9, 10, 0, 0, 0.01%, 0, 0, 1, 47.17
1734846606, 18, 0, 10, 0, 0, 0.01%, 0, 0, 1, 48.13
1734846611, 18, 1, 10, 0, 0, 0.01%, 0, 0, 1, 47.01
1734846616, 18, 2, 10, 0, 0, 0.01%, 0, 0, 1, 50.04
1734846621, 18, 3, 10, 0, 0, 0.01%, 0, 0, 1, 47.73
1734846626, 18, 4, 10, 0, 0, 0.01%, 0, 0, 1, 44.96
1734846631, 18, 5, 10, 0, 0, 0.01%, 0, 0, 1, 47.70
1734846636, 18, 6, 10, 0, 0, 0.01%, 0, 0, 1, 49.60
1734846642, 18, 7, 10, 0, 0, 0.01%, 0, 0, 1, 47.51
1734846647, 18, 8, 10, 0, 0, 0.01%, 0, 0, 1, 49.69
1734846652, 18, 9, 10, 0, 0, 0.01%, 0, 0, 1, 47.38
1734846657, 19, 0, 10, 0, 0, 0.01%, 0, 0, 1, 50.79
1734846662, 19, 1, 10, 0, 0, 0.01%, 0, 0, 1, 47.05
1734846667, 19, 2, 10, 0, 0, 0.01%, 0, 0, 1, 49.10
1734846672, 19, 3, 10, 0, 0, 0.01%, 0, 0, 1, 48.27
1734846677, 19, 4, 10, 0, 0, 0.01%, 0, 0, 1, 48.23
1734846682, 19, 5, 10, 0, 0, 0.01%, 0, 0, 1, 49.74
1734846687, 19, 6, 10, 0, 0, 0.01%, 0, 0, 1, 47.20
1734846692, 19, 7, 10, 0, 0, 0.01%, 0, 0, 1, 48.82
1734846697, 19, 8, 10, 0, 0, 0.01%, 0, 0, 1, 46.53
1734846702, 19, 9, 10, 0, 0, 0.01%, 0, 0, 1, 50.18
1734846707, 20, 0, 10, 0, 0, 0.01%, 0, 0, 1, 45.92
1734846712, 20, 1, 10, 0, 0, 0.01%, 0, 0, 1, 49.46
1734846717, 20, 2, 10, 0, 0, 0.01%, 0, 0, 1, 48.59
1734846728, 20, 3, 10, 0, 0, 0.01%, 0, 0, 1, 47.47
1734846733, 20, 4, 10, 0, 0, 0.01%, 0, 0, 1, 48.01
1734846738, 20, 5, 10, 0, 0, 0.01%, 0, 0, 1, 45.97
1734846743, 20, 6, 10, 0, 0, 0.01%, 0, 0, 1, 51.18
1734846748, 20, 7, 10, 0, 0, 0.01%, 0, 0, 1, 47.41
1734846753, 20, 8, 10, 0, 0, 0.01%, 0, 0, 1, 48.40
1734846758, 20, 9, 10, 0, 0, 0.01%, 0, 0, 1, 47.37
1734846763, 21, 0, 10, 0, 0, 0.01%, 0, 0, 1, 45.70
1734846768, 21, 1, 10, 0, 0, 0.01%, 0, 0, 1, 47.24
1734846773, 21, 2, 10, 0, 0, 0.01%, 0, 0, 1, 48.20
1734846778, 21, 3, 10, 0, 0, 0.01%, 0, 0, 1, 48.71
1734846784, 21, 4, 10, 0, 0, 0.01%, 0, 0, 1, 50.24
1734846789, 21, 5, 10, 0, 0, 0.01%, 0, 0, 1, 48.36
1734846794, 21, 6, 10, 0, 0, 0.01%, 0, 0, 1, 47.83
1734846799, 21, 7, 10, 0, 0, 0.01%, 0, 0, 1, 48.67
1734846804, 21, 8, 10, 0, 0, 0.01%, 0, 0, 1, 48.19
1734846809, 21, 9, 10, 0, 0, 0.01%, 0, 0, 1, 49.01
1734846814, 22, 0, 10, 0, 0, 0.01%, 0, 0, 1, 46.61
1734846819, 22, 1, 10, 0, 0, 0.01%, 0, 0, 1, 51.00
1734846824, 22, 2, 10, 0, 0, 0.01%, 0, 0, 1, 48.82
1734846829, 22, 3, 10, 0, 0, 0.01%, 0, 0, 1, 47.32
1734846834, 22, 4, 10, 0, 0, 0.01%, 0, 0, 1, 48.62
1734846844, 22, 5, 10, 0, 0, 0.01%, 0, 0, 1, 47.74
1734846850, 22, 6, 10, 0, 0, 0.01%, 0, 0, 1, 47.73
1734846855, 22, 7, 10, 0, 0, 0.01%, 0, 0, 1, 46.11
1734846860, 22, 8, 10, 0, 0, 0.01%, 0, 0, 1, 46.91
1734846865, 22, 9, 10, 0, 0, 0.01%, 0, 0, 1, 46.15
1734846870, 23, 0, 10, 0, 0, 0.01%, 0, 0, 1, 47.65
1734846875, 23, 1, 10, 0, 0, 0.01%, 0, 0, 1, 48.57
1734846880, 23, 2, 10, 0, 0, 0.01%, 0, 0, 1, 47.02
1734846885, 23, 3, 10, 0, 0, 0.01%, 0, 0, 1, 47.81
1734846890, 23, 4, 10, 0, 0, 0.01%, 0, 0, 1, 46.63
1734846895, 23, 5, 11, 1, 0, 0.14%, 1, 0, 2, 44.69
1734846900, 24, 10, 11, 0, 0, 0.14%, 1, 0, 2, 48.06
1734846910, 24, 10, 12, 1, 0, 0.14%, 2, 0, 3, 54.64
1734846982, 25, 11, 12, 0, 0, 0.14%, 2, 0, 3, 57.35
1734846987, 25, 11, 13, 1, 0, 0.14%, 3, 0, 4, 67.59
1734847012, 25, 11, 14, 2, 0, 0.14%, 3, 0, 4, 50.27
1734847079, 25, 11, 15, 3, 0, 0.14%, 3, 0, 4, 52.30
1734847099, 25, 14, 15, 2, 1, 0.14%, 3, 0, 4, 49.05
1734847114, 25, 14, 16, 3, 1, 0.14%, 3, 0, 5, 51.68
1734847125, 25, 14, 17, 4, 1, 0.14%, 3, 0, 5, 52.34
1734847155, 25, 14, 18, 5, 1, 0.14%, 4, 0, 5, 52.00
1734847160, 25, 14, 19, 6, 1, 0.14%, 4, 0, 5, 54.61
1734847272, 25, 17, 19, 4, 1, 0.14%, 4, 0, 5, 56.34
1734847277, 25, 17, 20, 5, 1, 0.14%, 5, 0, 6, 59.84
1734847307, 25, 17, 21, 6, 1, 0.14%, 5, 0, 6, 54.16
1734847333, 25, 17, 22, 7, 1, 0.14%, 5, 0, 6, 51.64
1734847373, 25, 17, 23, 8, 1, 0.14%, 5, 0, 6, 50.66
1734847399, 25, 19, 23, 7, 3, 0.14%, 5, 0, 6, 70.04
1734847414, 25, 19, 24, 8, 3, 0.14%, 5, 0, 7, 51.01
1734847521, 25, 22, 24, 6, 1, 0.14%, 5, 0, 7, 83.79
1734847526, 25, 22, 25, 7, 1, 0.14%, 5, 0, 7, 104.90
1734847613, 28, 19, 25, 2, 0, 0.14%, 5, 0, 7, 51.35
1734847643, 28, 20, 25, 2, 0, 0.14%, 5, 0, 7, 64.58
1734847679, 28, 20, 26, 3, 0, 0.14%, 5, 0, 7, 58.01
1734847719, 28, 20, 27, 4, 0, 0.14%, 5, 0, 7, 61.02
1734847765, 28, 26, 27, 4, 1, 0.14%, 5, 0, 7, 62.21
1734847780, 28, 26, 28, 5, 1, 0.14%, 5, 0, 8, 69.38
1734847815, 28, 26, 29, 6, 1, 0.14%, 5, 0, 8, 54.25
1734847886, 28, 27, 29, 5, 1, 0.14%, 5, 0, 8, 58.28
1734847993, 29, 19, 29, 2, 0, 0.14%, 5, 0, 8, 50.13
1734848023, 29, 19, 30, 3, 0, 0.14%, 5, 0, 8, 56.88
1734848034, 29, 29, 30, 3, 1, 0.14%, 5, 0, 8, 77.82
1734848115, 31, 24, 30, 2, 0, 0.14%, 5, 0, 8, 66.13
1734848207, 34, 24, 30, 1, 0, 0.14%, 5, 0, 8, 61.43
1734848212, 34, 29, 30, 1, 0, 0.14%, 5, 0, 8, 65.28
1734848243, 35, 24, 31, 2, 0, 0.14%, 5, 0, 8, 68.92
1734848268, 36, 29, 31, 1, 0, 0.14%, 5, 0, 8, 60.98
1734848273, 36, 29, 32, 2, 0, 0.14%, 5, 0, 8, 64.40
1734848318, 36, 31, 32, 2, 1, 0.14%, 5, 0, 8, 48.69
1734848604, 36, 31, 33, 3, 1, 0.14%, 6, 0, 9, 82.40
1734848675, 36, 32, 33, 2, 1, 0.14%, 6, 0, 9, 76.28
1734849041, 36, 32, 34, 3, 1, 0.14%, 7, 0, 10, 90.58
1734849134, 36, 33, 34, 2, 1, 0.14%, 7, 0, 10, 85.21
1734849367, 37, 21, 34, 1, 0, 0.14%, 7, 0, 10, 46.60
1734849561, 37, 29, 34, 0, 0, 0.14%, 7, 0, 10, 65.69
1734849597, 37, 30, 34, 0, 0, 0.14%, 7, 0, 10, 77.92
1734849724, 38, 29, 34, 0, 0, 0.14%, 7, 0, 10, 68.05
1734849760, 39, 29, 34, 0, 0, 0.14%, 7, 0, 10, 61.90
1734849796, 40, 24, 34, 0, 0, 0.14%, 7, 0, 10, 53.45
1734849826, 40, 29, 34, 0, 0, 0.14%, 7, 0, 10, 68.95
1734849861, 41, 29, 34, 0, 0, 0.14%, 7, 0, 10, 64.66
1734849897, 42, 29, 34, 0, 0, 0.14%, 7, 0, 10, 66.99
1734849937, 43, 29, 34, 0, 0, 0.14%, 7, 0, 10, 62.75
1734849978, 43, 30, 34, 0, 0, 0.14%, 7, 0, 10, 65.56
1734850014, 44, 29, 34, 0, 0, 0.14%, 7, 0, 10, 67.04
1734850054, 44, 30, 34, 0, 0, 0.14%, 7, 0, 10, 64.32
1734850090, 45, 21, 34, 0, 0, 0.14%, 7, 0, 10, 63.34
1734850095, 45, 24, 34, 0, 0, 0.14%, 7, 0, 10, 60.95
1734850136, 45, 29, 34, 0, 0, 0.14%, 7, 0, 10, 73.14
1734850171, 45, 30, 35, 1, 0, 0.14%, 7, 0, 10, 62.37
1734850222, 45, 34, 35, 1, 1, 0.14%, 7, 0, 10, 81.14
1734850386, 45, 34, 36, 2, 1, 0.14%, 7, 0, 10, 71.12
1734850422, 45, 34, 37, 3, 1, 0.14%, 7, 0, 10, 74.33
1734850488, 45, 35, 37, 2, 1, 0.14%, 7, 0, 10, 83.35
1734850788, 45, 35, 38, 3, 1, 0.14%, 7, 0, 11, 75.15
1734850890, 45, 37, 38, 2, 1, 0.14%, 7, 0, 11, 105.09
1734851017, 47, 18, 38, 1, 0, 0.14%, 7, 0, 11, 78.33
1734851108, 48, 30, 38, 1, 0, 0.14%, 7, 0, 11, 63.49
1734851128, 53, 37, 38, 0, 0, 0.14%, 7, 0, 11, 60.16
1734851164, 54, 36, 38, 0, 0, 0.14%, 7, 0, 11, 115.59
1734851592, 54, 37, 38, 0, 0, 0.14%, 7, 0, 11, 62.20
1734851628, 55, 37, 38, 0, 0, 0.14%, 7, 0, 11, 64.16
1734851633, 55, 37, 39, 1, 0, 0.14%, 7, 0, 12, 73.73
1734851679, 55, 38, 39, 1, 1, 0.14%, 7, 0, 12, 95.26
1734851770, 55, 38, 40, 2, 1, 0.14%, 7, 0, 13, 67.42
1734851877, 55, 39, 40, 1, 1, 0.14%, 7, 0, 13, 58.69
1734852311, 55, 39, 41, 2, 1, 0.14%, 7, 0, 14, 73.53
1734852408, 55, 40, 41, 1, 1, 0.14%, 7, 0, 14, 46.53
1734852413, 57, 40, 41, 0, 0, 0.14%, 7, 0, 14, 120.23
1734852800, 59, 21, 41, 0, 0, 0.14%, 7, 0, 14, 72.89
1734852815, 60, 24, 41, 0, 0, 0.14%, 7, 0, 14, 67.14
1734852850, 65, 37, 41, 0, 0, 0.14%, 7, 0, 14, 67.57
1734852885, 67, 40, 41, 0, 0, 0.14%, 7, 0, 14, 72.03
1734852921, 68, 13, 41, 0, 0, 0.14%, 7, 0, 14, 85.94
1734852997, 68, 19, 41, 0, 0, 0.14%, 7, 0, 14, 62.15
1734853018, 68, 40, 41, 0, 0, 0.14%, 7, 0, 14, 75.77
1734853053, 69, 40, 41, 0, 0, 0.14%, 7, 0, 14, 79.30
1734853084, 70, 21, 41, 0, 0, 0.14%, 7, 0, 14, 68.11
1734853104, 70, 40, 41, 0, 0, 0.14%, 7, 0, 14, 67.03
1734853139, 75, 30, 41, 0, 0, 0.14%, 7, 0, 14, 64.81
1734853145, 77, 23, 41, 0, 0, 0.14%, 7, 0, 14, 59.51
1734853195, 80, 21, 41, 0, 0, 0.14%, 7, 0, 14, 64.58
1734853236, 81, 21, 41, 0, 0, 0.14%, 7, 0, 14, 73.98
1734853271, 83, 30, 41, 0, 0, 0.14%, 7, 0, 14, 61.23
1734853291, 89, 13, 41, 0, 0, 0.14%, 7, 0, 14, 59.31
1734853301, 93, 24, 41, 0, 0, 0.14%, 7, 0, 14, 65.61
1734853337, 93, 37, 41, 0, 0, 0.14%, 7, 0, 14, 66.36
1734853372, 95, 24, 41, 0, 0, 0.14%, 7, 0, 14, 60.84
1734853408, 96, 37, 41, 0, 0, 0.14%, 7, 0, 14, 63.54
1734853444, 99, 37, 41, 0, 0, 0.14%, 7, 0, 14, 71.32
1734853479, 104, 30, 41, 0, 0, 0.14%, 7, 0, 14, 62.56
1734853515, 105, 11, 41, 0, 0, 0.14%, 7, 0, 14, 60.54
1734853520, 106, 13, 41, 0, 0, 0.14%, 7, 0, 14, 70.37
1734853525, 111, 15, 41, 0, 0, 0.14%, 7, 0, 14, 68.87
1734853560, 112, 30, 41, 0, 0, 0.14%, 7, 0, 14, 69.98
1734853596, 113, 15, 41, 0, 0, 0.14%, 7, 0, 14, 58.75
1734853601, 114, 13, 41, 0, 0, 0.14%, 7, 0, 14, 66.26
1734853621, 115, 13, 41, 0, 0, 0.14%, 7, 0, 14, 66.56
1734853657, 117, 13, 41, 0, 0, 0.14%, 7, 0, 14, 65.21
1734853692, 117, 15, 41, 0, 0, 0.14%, 7, 0, 14, 63.65
1734853703, 118, 20, 41, 0, 0, 0.14%, 7, 0, 14, 66.11
1734853708, 119, 26, 41, 0, 0, 0.14%, 7, 0, 14, 62.70
1734853713, 120, 30, 41, 0, 0, 0.14%, 7, 0, 14, 70.41
1734853748, 124, 11, 41, 0, 0, 0.14%, 7, 0, 14, 57.57
1734853753, 124, 37, 41, 0, 0, 0.14%, 7, 0, 14, 67.49
1734853789, 125, 19, 41, 0, 0, 0.14%, 7, 0, 14, 54.96
1734853809, 127, 17, 41, 0, 0, 0.14%, 7, 0, 14, 66.59
1734853814, 128, 15, 41, 0, 0, 0.14%, 7, 0, 14, 57.77
1734853839, 133, 19, 41, 0, 0, 0.14%, 7, 0, 14, 60.75
1734853859, 134, 20, 41, 0, 0, 0.14%, 7, 0, 14, 56.25
1734853870, 137, 11, 41, 0, 0, 0.14%, 7, 0, 14, 54.96
1734853880, 137, 20, 41, 0, 0, 0.14%, 7, 0, 14, 60.57
1734853895, 138, 21, 41, 0, 0, 0.14%, 7, 0, 14, 69.88
1734853930, 142, 20, 41, 0, 0, 0.14%, 7, 0, 14, 61.01
1734853966, 147, 24, 41, 0, 0, 0.14%, 7, 0, 14, 63.98
1734854001, 148, 24, 41, 0, 0, 0.14%, 7, 0, 14, 68.86
1734854037, 149, 16, 41, 0, 0, 0.14%, 7, 0, 14, 66.71
1734854067, 149, 36, 41, 0, 0, 0.14%, 7, 0, 14, 67.43
1734854077, 150, 15, 41, 0, 0, 0.14%, 7, 0, 14, 63.62
1734854118, 156, 16, 41, 0, 0, 0.14%, 7, 0, 14, 57.68
1734854128, 158, 17, 41, 0, 0, 0.14%, 7, 0, 14, 56.36
1734854139, 161, 28, 41, 0, 0, 0.14%, 7, 0, 14, 99.87
1734854179, 163, 11, 41, 0, 0, 0.14%, 7, 0, 14, 64.17
1734854200, 163, 19, 41, 0, 0, 0.14%, 7, 0, 14, 65.13
1734854230, 163, 21, 41, 0, 0, 0.14%, 7, 0, 14, 71.17
1734854266, 164, 20, 41, 0, 0, 0.14%, 7, 0, 14, 55.01
1734854306, 165, 38, 41, 0, 0, 0.14%, 7, 0, 14, 65.68
1734854342, 166, 11, 41, 0, 0, 0.14%, 7, 0, 14, 58.65
1734854377, 166, 26, 41, 0, 0, 0.14%, 7, 0, 14, 61.95
1734854387, 167, 13, 41, 0, 0, 0.14%, 7, 0, 14, 63.42
1734854423, 167, 23, 41, 0, 0, 0.14%, 7, 0, 14, 59.06
1734854443, 169, 17, 41, 0, 0, 0.14%, 7, 0, 14, 59.19
1734854458, 169, 20, 41, 0, 0, 0.14%, 7, 0, 14, 63.02
1734854494, 170, 13, 41, 0, 0, 0.14%, 7, 0, 14, 59.73
1734854529, 170, 16, 41, 0, 0, 0.14%, 7, 0, 14, 64.52
1734854544, 171, 20, 41, 0, 0, 0.14%, 7, 0, 14, 65.05
1734854580, 171, 28, 41, 0, 0, 0.14%, 7, 0, 14, 63.39
1734854595, 176, 23, 41, 0, 0, 0.14%, 7, 0, 14, 62.66
1734854636, 177, 18, 41, 0, 0, 0.14%, 7, 0, 14, 65.10
1734854641, 179, 36, 41, 0, 0, 0.14%, 7, 0, 14, 71.71
1734854651, 182, 13, 41, 0, 0, 0.14%, 7, 0, 14, 63.73
1734854686, 182, 18, 41, 0, 0, 0.14%, 7, 0, 14, 59.84
1734854697, 183, 11, 41, 0, 0, 0.14%, 7, 0, 14, 60.18
1734854732, 185, 27, 41, 0, 0, 0.14%, 7, 0, 14, 61.82
1734854737, 187, 21, 41, 0, 0, 0.14%, 7, 0, 14, 65.13
1734854773, 190, 12, 41, 0, 0, 0.14%, 7, 0, 14, 74.00
1734854793, 193, 19, 41, 0, 0, 0.14%, 7, 0, 14, 58.63
1734854829, 196, 12, 41, 0, 0, 0.14%, 7, 0, 14, 59.23
1734854844, 196, 17, 41, 0, 0, 0.14%, 7, 0, 14, 58.12
1734854869, 197, 15, 41, 0, 0, 0.14%, 7, 0, 14, 63.39
1734854910, 198, 13, 41, 0, 0, 0.14%, 7, 0, 14, 62.27
1734854945, 201, 17, 41, 0, 0, 0.14%, 7, 0, 14, 61.29
1734854986, 202, 38, 41, 0, 0, 0.14%, 7, 0, 14, 74.79
1734855022, 203, 13, 41, 0, 0, 0.14%, 7, 0, 14, 66.93
1734855057, 203, 17, 41, 0, 0, 0.14%, 7, 0, 14, 61.53
1734855093, 204, 28, 41, 0, 0, 0.14%, 7, 0, 14, 64.98
1734855128, 208, 17, 41, 0, 0, 0.14%, 7, 0, 14, 57.47
1734855163, 208, 33, 41, 0, 0, 0.14%, 7, 0, 14, 75.72
1734855189, 209, 28, 41, 0, 0, 0.14%, 7, 0, 14, 66.47
1734855224, 211, 17, 41, 0, 0, 0.14%, 7, 0, 14, 64.08
1734855260, 214, 27, 41, 0, 0, 0.14%, 7, 0, 14, 66.84
1734855275, 216, 15, 41, 0, 0, 0.14%, 7, 0, 14, 58.25
1734855310, 217, 36, 41, 0, 0, 0.14%, 7, 0, 14, 57.55
1734855346, 217, 38, 41, 0, 0, 0.14%, 7, 0, 14, 71.47
1734855382, 218, 19, 41, 0, 0, 0.14%, 7, 0, 14, 62.59
1734855417, 220, 15, 41, 0, 0, 0.14%, 7, 0, 14, 68.43
1734855453, 220, 17, 41, 0, 0, 0.14%, 7, 0, 14, 63.31
1734855488, 227, 18, 41, 0, 0, 0.14%, 7, 0, 14, 60.33
1734855513, 227, 23, 41, 0, 0, 0.14%, 7, 0, 14, 63.44
1734855539, 228, 14, 41, 0, 0, 0.14%, 7, 0, 14, 61.76
1734855549, 229, 18, 41, 0, 0, 0.14%, 7, 0, 14, 62.55
1734855585, 230, 22, 41, 0, 0, 0.14%, 7, 0, 14, 67.24
1734855590, 230, 27, 41, 0, 0, 0.14%, 7, 0, 14, 63.13
1734855616, 231, 18, 41, 0, 0, 0.14%, 7, 0, 14, 59.20
1734855656, 232, 26, 41, 0, 0, 0.14%, 7, 0, 14, 60.30
1734855671, 234, 11, 41, 0, 0, 0.14%, 7, 0, 14, 60.81
1734855702, 235, 22, 41, 0, 0, 0.14%, 7, 0, 14, 68.20
1734855717, 237, 22, 41, 0, 0, 0.14%, 7, 0, 14, 66.80
1734855742, 238, 14, 41, 0, 0, 0.14%, 7, 0, 14, 55.90
1734855758, 241, 23, 41, 0, 0, 0.14%, 7, 0, 14, 65.16
1734855783, 242, 38, 41, 0, 0, 0.14%, 7, 0, 14, 69.78
1734855818, 243, 19, 41, 0, 0, 0.14%, 7, 0, 14, 63.40
1734855854, 245, 22, 41, 0, 0, 0.14%, 7, 0, 14, 61.56
1734855889, 246, 25, 41, 0, 0, 0.14%, 7, 0, 14, 62.19
1734855894, 247, 33, 41, 0, 0, 0.14%, 7, 0, 14, 65.25
1734855909, 249, 19, 41, 0, 0, 0.14%, 7, 0, 14, 60.25
1734855945, 254, 26, 41, 0, 0, 0.14%, 7, 0, 14, 60.92
1734855980, 256, 26, 41, 0, 0, 0.14%, 7, 0, 14, 59.85
1734856021, 259, 19, 41, 0, 0, 0.14%, 7, 0, 14, 56.56
1734856057, 261, 23, 41, 0, 0, 0.14%, 7, 0, 14, 61.06
1734856092, 261, 26, 41, 0, 0, 0.14%, 7, 0, 14, 57.99
1734856133, 261, 27, 41, 0, 0, 0.14%, 7, 0, 14, 58.95
1734856168, 262, 23, 41, 0, 0, 0.14%, 7, 0, 14, 64.29
1734856209, 262, 25, 41, 0, 0, 0.14%, 7, 0, 14, 59.01
1734856260, 262, 38, 41, 0, 0, 0.14%, 7, 0, 14, 76.82
1734856290, 265, 18, 41, 0, 0, 0.14%, 7, 0, 14, 59.19
1734856331, 270, 27, 41, 0, 0, 0.14%, 7, 0, 14, 64.94
1734856366, 272, 25, 41, 0, 0, 0.14%, 7, 0, 14, 68.72
1734856371, 272, 26, 41, 0, 0, 0.14%, 7, 0, 14, 64.59
1734856407, 274, 38, 41, 0, 0, 0.14%, 7, 0, 14, 67.20
1734856442, 275, 38, 41, 0, 0, 0.14%, 7, 0, 14, 72.70
1734856478, 277, 14, 41, 0, 0, 0.14%, 7, 0, 14, 58.26
1734856508, 277, 19, 41, 0, 0, 0.14%, 7, 0, 14, 56.86
1734856544, 277, 26, 41, 0, 0, 0.14%, 7, 0, 14, 60.95
1734856585, 277, 27, 41, 0, 0, 0.14%, 7, 0, 14, 62.15
1734856615, 277, 36, 41, 0, 0, 0.14%, 7, 0, 14, 72.13
1734856651, 279, 28, 41, 0, 0, 0.14%, 7, 0, 14, 68.58
1734856681, 281, 26, 41, 0, 0, 0.14%, 7, 0, 14, 63.60
1734856722, 282, 22, 41, 0, 0, 0.14%, 7, 0, 14, 64.16
1734856763, 282, 28, 41, 0, 0, 0.14%, 7, 0, 14, 62.95
1734856798, 283, 14, 41, 0, 0, 0.14%, 7, 0, 14, 56.27
1734856838, 285, 25, 41, 0, 0, 0.14%, 7, 0, 14, 52.87
1734856848, 296, 16, 41, 0, 0, 0.14%, 7, 0, 14, 57.15
1734856879, 296, 31, 41, 0, 0, 0.14%, 7, 0, 14, 67.91
1734856884, 297, 10, 41, 0, 0, 0.14%, 7, 0, 14, 67.69
1734856889, 298, 28, 41, 0, 0, 0.14%, 7, 0, 14, 69.11
1734856925, 299, 12, 41, 0, 0, 0.14%, 7, 0, 14, 56.82
1734856950, 299, 22, 41, 0, 0, 0.14%, 7, 0, 14, 64.95
1734856986, 301, 14, 41, 0, 0, 0.14%, 7, 0, 14, 59.36
1734857021, 301, 27, 41, 0, 0, 0.14%, 7, 0, 14, 62.46
1734857057, 302, 10, 41, 0, 0, 0.14%, 7, 0, 14, 63.65
1734857067, 303, 23, 41, 0, 0, 0.14%, 7, 0, 14, 59.00
1734857102, 305, 33, 41, 0, 0, 0.14%, 7, 0, 14, 70.84
1734857128, 306, 22, 41, 0, 0, 0.14%, 7, 0, 14, 57.50
1734857163, 308, 16, 41, 0, 0, 0.14%, 7, 0, 14, 67.06
1734857204, 309, 14, 41, 0, 0, 0.14%, 7, 0, 14, 61.53
1734857244, 309, 31, 41, 0, 0, 0.14%, 7, 0, 14, 76.40
1734857264, 311, 10, 41, 0, 0, 0.14%, 7, 0, 14, 57.02
1734857275, 311, 31, 41, 0, 0, 0.14%, 7, 0, 14, 70.70
1734857310, 313, 27, 41, 0, 0, 0.14%, 7, 0, 14, 64.37
1734857345, 313, 32, 41, 0, 0, 0.14%, 7, 0, 14, 73.93
1734857350, 316, 31, 41, 0, 0, 0.14%, 7, 0, 14, 72.30
1734857386, 318, 28, 41, 0, 0, 0.14%, 7, 0, 14, 67.69
1734857421, 320, 22, 41, 0, 0, 0.14%, 7, 0, 14, 68.36
1734857457, 320, 36, 41, 0, 0, 0.14%, 7, 0, 14, 65.46
1734857498, 321, 33, 41, 0, 0, 0.14%, 7, 0, 14, 74.13
1734857528, 323, 23, 41, 0, 0, 0.14%, 7, 0, 14, 68.87
1734857569, 323, 31, 41, 0, 0, 0.14%, 7, 0, 14, 79.54
1734857599, 324, 12, 41, 0, 0, 0.14%, 7, 0, 14, 65.64
1734857635, 324, 25, 41, 0, 0, 0.14%, 7, 0, 14, 57.12
1734857655, 324, 31, 41, 0, 0, 0.14%, 7, 0, 14, 64.41
1734857691, 329, 33, 41, 0, 0, 0.14%, 7, 0, 14, 60.31
1734857727, 330, 25, 41, 0, 0, 0.14%, 7, 0, 14, 61.46
1734857767, 331, 35, 41, 0, 0, 0.14%, 7, 0, 14, 73.67
1734857788, 332, 27, 41, 0, 0, 0.14%, 7, 0, 14, 60.31
1734857824, 333, 19, 41, 0, 0, 0.14%, 7, 0, 14, 62.04
1734857864, 334, 39, 41, 0, 0, 0.14%, 7, 0, 14, 76.49
1734857900, 335, 16, 41, 0, 0, 0.14%, 7, 0, 14, 58.89
1734857940, 335, 18, 41, 0, 0, 0.14%, 7, 0, 14, 64.28
1734857976, 338, 23, 41, 0, 0, 0.14%, 7, 0, 14, 58.71
1734858011, 346, 10, 41, 0, 0, 0.14%, 7, 0, 14, 59.91
1734858037, 349, 16, 41, 0, 0, 0.14%, 7, 0, 14, 57.88
1734858078, 350, 12, 41, 0, 0, 0.14%, 7, 0, 14, 57.66
1734858119, 352, 16, 41, 0, 0, 0.14%, 7, 0, 14, 66.30
1734858154, 353, 23, 41, 0, 0, 0.14%, 7, 0, 14, 62.20
1734858195, 357, 33, 41, 0, 0, 0.14%, 7, 0, 14, 67.72
1734858230, 360, 34, 41, 0, 0, 0.14%, 7, 0, 14, 74.60
1734858255, 364, 12, 41, 0, 0, 0.14%, 7, 0, 14, 58.46
1734858291, 365, 35, 41, 0, 0, 0.14%, 7, 0, 14, 73.16
1734858316, 367, 39, 41, 0, 0, 0.14%, 7, 0, 14, 75.86
1734858352, 368, 32, 41, 0, 0, 0.14%, 7, 0, 14, 72.85
1734858372, 369, 32, 41, 0, 0, 0.14%, 7, 0, 14, 75.39
1734858403, 377, 33, 41, 0, 0, 0.14%, 7, 0, 14, 61.57
1734858438, 378, 33, 41, 0, 0, 0.14%, 7, 0, 14, 71.02
1734858474, 382, 12, 41, 0, 0, 0.14%, 7, 0, 14, 61.26
1734858510, 387, 35, 41, 0, 0, 0.14%, 7, 0, 14, 71.73
1734858545, 396, 35, 41, 0, 0, 0.14%, 7, 0, 14, 74.78
1734858581, 398, 32, 41, 0, 0, 0.14%, 7, 0, 14, 80.36
1734858612, 403, 32, 41, 0, 0, 0.14%, 7, 0, 14, 77.49
1734858647, 403, 35, 41, 0, 0, 0.14%, 7, 0, 14, 71.74
1734858678, 405, 32, 41, 0, 0, 0.14%, 7, 0, 14, 81.99
1734858713, 407, 10, 41, 0, 0, 0.14%, 7, 0, 14, 57.51
1734858754, 408, 39, 41, 0, 0, 0.14%, 7, 0, 14, 84.93
1734858785, 420, 25, 41, 0, 0, 0.14%, 7, 0, 14, 66.58
1734858825, 427, 25, 41, 0, 0, 0.14%, 7, 0, 14, 59.61
1734858860, 428, 39, 41, 0, 0, 0.14%, 7, 0, 14, 80.76
1734858896, 460, 23, 41, 0, 0, 0.14%, 7, 0, 14, 57.97
1734858932, 475, 34, 41, 0, 0, 0.14%, 7, 0, 14, 70.10
1734858967, 477, 23, 41, 0, 0, 0.14%, 7, 0, 14, 56.63
1734859003, 500, 34, 41, 0, 0, 0.14%, 7, 0, 14, 66.54
1734859038, 509, 25, 41, 0, 0, 0.14%, 7, 0, 14, 57.03
1734859078, 519, 34, 41, 0, 0, 0.14%, 7, 0, 14, 69.67
1734859114, 525, 34, 41, 0, 0, 0.14%, 7, 0, 14, 70.70
1734859150, 540, 34, 41, 0, 0, 0.14%, 7, 0, 14, 67.37
1734859185, 15140, 0, 41, 0, 0, 0.14%, 7, 0, 14, 0.00
1734859191, 36804, 0, 41, 0, 0, 0.14%, 7, 0, 14, 0.00
1734859196, 59316, 0, 41, 0, 0, 0.14%, 7, 0, 14, 0.00
1734859201, 80890, 0, 41, 0, 0, 0.14%, 7, 0, 14, 0.00
1734859206, 103286, 0, 41, 0, 0, 0.14%, 7, 0, 14, 0.00
1734859211, 124965, 0, 41, 0, 0, 0.14%, 7, 0, 14, 0.00
1734859217, 148270, 0, 41, 0, 0, 0.14%, 7, 0, 14, 0.00
1734859222, 169814, 0, 41, 0, 0, 0.14%, 7, 0, 14, 0.00
1734859227, 191342, 0, 41, 0, 0, 0.14%, 7, 0, 14, 0.00
1734859232, 213857, 0, 41, 0, 0, 0.14%, 7, 0, 14, 0.00
1734859237, 234653, 0, 41, 0, 0, 0.14%, 7, 0, 14, 0.00
1734859243, 257082, 0, 41, 0, 0, 0.14%, 7, 0, 14, 0.00
1734859248, 278601, 0, 41, 0, 0, 0.14%, 7, 0, 14, 0.00
1734859253, 300237, 0, 41, 0, 0, 0.14%, 7, 0, 14, 0.00
1734859258, 321867, 0, 41, 0, 0, 0.14%, 7, 0, 14, 0.00
1734859263, 345110, 0, 41, 0, 0, 0.14%, 7, 0, 14, 0.00
1734859269, 366754, 0, 41, 0, 0, 0.14%, 7, 0, 14, 0.00
1734859274, 389274, 0, 41, 0, 0, 0.14%, 7, 0, 14, 0.00
1734859279, 410102, 0, 41, 0, 0, 0.14%, 7, 0, 14, 0.00
1734859284, 433492, 0, 41, 0, 0, 0.14%, 7, 0, 14, 0.00
1734859289, 455569, 0, 41, 0, 0, 0.14%, 7, 0, 14, 0.00
1734859295, 477644, 0, 41, 0, 0, 0.14%, 7, 0, 14, 0.00
1734859300, 499238, 0, 41, 0, 0, 0.14%, 7, 0, 14, 0.00
1734859305, 521749, 0, 41, 0, 0, 0.14%, 7, 0, 14, 0.00
1734859310, 543318, 0, 41, 0, 0, 0.14%, 7, 0, 14, 0.00
1734859315, 564919, 0, 41, 0, 0, 0.14%, 7, 0, 14, 0.00
1734859321, 586656, 0, 41, 0, 0, 0.14%, 7, 0, 14, 0.00
1734859326, 608980, 0, 41, 0, 0, 0.14%, 7, 0, 14, 0.00
1734859331, 629799, 0, 41, 0, 0, 0.14%, 7, 0, 14, 0.00
1734859336, 650665, 0, 41, 0, 0, 0.14%, 7, 0, 14, 0.00
1734859341, 673095, 0, 41, 0, 0, 0.14%, 7, 0, 14, 0.00
1734859347, 694687, 0, 41, 0, 0, 0.14%, 7, 0, 14, 0.00
1734859352, 717123, 0, 41, 0, 0, 0.14%, 7, 0, 14, 0.00
1734859357, 739558, 0, 41, 0, 0, 0.14%, 7, 0, 14, 0.00
1734859362, 762813, 0, 41, 0, 0, 0.14%, 7, 0, 14, 0.00
1734859367, 784466, 0, 41, 0, 0, 0.14%, 7, 0, 14, 0.00
1734859373, 806141, 0, 41, 0, 0, 0.14%, 7, 0, 14, 0.00
1734859378, 829387, 0, 41, 0, 0, 0.14%, 7, 0, 14, 0.00
1734859383, 851879, 0, 41, 0, 0, 0.14%, 7, 0, 14, 0.00
1734859388, 874315, 0, 41, 0, 0, 0.14%, 7, 0, 14, 0.00
1734859393, 895937, 0, 41, 0, 0, 0.14%, 7, 0, 14, 0.00
1734859399, 918377, 0, 41, 0, 0, 0.14%, 7, 0, 14, 0.00
1734859404, 940046, 0, 41, 0, 0, 0.14%, 7, 0, 14, 0.00
1734859409, 961816, 0, 41, 0, 0, 0.14%, 7, 0, 14, 0.00
1734859414, 983385, 0, 41, 0, 0, 0.14%, 7, 0, 14, 0.00
1734859419, 1005081, 0, 41, 0, 0, 0.14%, 7, 0, 14, 0.00
1734859425, 1026648, 0, 41, 0, 0, 0.14%, 7, 0, 14, 0.00
1734859430, 1049184, 0, 41, 0, 0, 0.14%, 7, 0, 14, 0.00
1734859435, 1070852, 0, 41, 0, 0, 0.14%, 7, 0, 14, 0.00
1734859440, 1092367, 0, 41, 0, 0, 0.14%, 7, 0, 14, 0.00
1734859445, 1114812, 0, 41, 0, 0, 0.14%, 7, 0, 14, 0.00
1734859451, 1136491, 0, 41, 0, 0, 0.14%, 7, 0, 14, 0.00
1734859456, 1158082, 0, 41, 0, 0, 0.14%, 7, 0, 14, 0.00
1734859461, 1179775, 0, 41, 0, 0, 0.14%, 7, 0, 14, 0.00
1734859466, 1200607, 0, 41, 0, 0, 0.14%, 7, 0, 14, 0.00
1734859471, 1223160, 0, 41, 0, 0, 0.14%, 7, 0, 14, 0.00
1734859477, 1244732, 0, 41, 0, 0, 0.14%, 7, 0, 14, 0.00
1734859482, 1266283, 0, 41, 0, 0, 0.14%, 7, 0, 14, 0.00
1734859487, 1289694, 0, 41, 0, 0, 0.14%, 7, 0, 14, 0.00
1734859492, 1311327, 0, 41, 0, 0, 0.14%, 7, 0, 14, 0.00
1734859497, 1332909, 0, 41, 0, 0, 0.14%, 7, 0, 14, 0.00
1734859503, 1356395, 0, 41, 0, 0, 0.14%, 7, 0, 14, 0.00
1734859508, 1377975, 0, 41, 0, 0, 0.14%, 7, 0, 14, 0.00
1734859513, 1400492, 0, 41, 0, 0, 0.14%, 7, 0, 14, 0.00
1734859518, 1422238, 0, 41, 0, 0, 0.14%, 7, 0, 14, 0.00
1734859523, 1443220, 0, 41, 0, 0, 0.14%, 7, 0, 14, 0.00
1734859529, 1465735, 0, 41, 0, 0, 0.14%, 7, 0, 14, 0.00
1734859534, 1487423, 0, 41, 0, 0, 0.14%, 7, 0, 14, 0.00
1734859539, 1508219, 0, 41, 0, 0, 0.14%, 7, 0, 14, 0.00
1734859544, 1529950, 0, 41, 0, 0, 0.14%, 7, 0, 14, 0.00
1734859549, 1551526, 0, 41, 0, 0, 0.14%, 7, 0, 14, 0.00
1734859555, 1573166, 0, 41, 0, 0, 0.14%, 7, 0, 14, 0.00
1734859560, 1594724, 0, 41, 0, 0, 0.14%, 7, 0, 14, 0.00
1734859565, 1616379, 0, 41, 0, 0, 0.14%, 7, 0, 14, 0.00
1734859570, 1638841, 0, 41, 0, 0, 0.14%, 7, 0, 14, 0.00
1734859575, 1661320, 0, 41, 0, 0, 0.14%, 7, 0, 14, 0.00
1734859581, 1683788, 0, 41, 0, 0, 0.14%, 7, 0, 14, 0.00
1734859586, 1705409, 0, 41, 0, 0, 0.14%, 7, 0, 14, 0.00
1734859591, 1727899, 0, 41, 0, 0, 0.14%, 7, 0, 14, 0.00
1734859596, 1749536, 0, 41, 0, 0, 0.14%, 7, 0, 14, 0.00
1734859601, 1771241, 0, 41, 0, 0, 0.14%, 7, 0, 14, 0.00
1734859607, 1792971, 0, 41, 0, 0, 0.14%, 7, 0, 14, 0.00
1734859612, 1814684, 0, 41, 0, 0, 0.14%, 7, 0, 14, 0.00
1734859617, 1837156, 0, 41, 0, 0, 0.14%, 7, 0, 14, 0.00
1734859622, 1859731, 0, 41, 0, 0, 0.14%, 7, 0, 14, 0.00
1734859627, 1882181, 0, 41, 0, 0, 0.14%, 7, 0, 14, 0.00
1734859633, 1903967, 0, 41, 0, 0, 0.14%, 7, 0, 14, 0.00
1734859638, 1926409, 0, 41, 0, 0, 0.14%, 7, 0, 14, 0.00
1734859643, 1948116, 0, 41, 0, 0, 0.14%, 7, 0, 14, 0.00
1734859648, 1971318, 0, 41, 0, 0, 0.14%, 7, 0, 14, 0.00
1734859653, 1993034, 0, 41, 0, 0, 0.14%, 7, 0, 14, 0.00
1734859659, 2013761, 0, 41, 0, 0, 0.14%, 7, 0, 14, 0.00
1734859664, 2036323, 0, 41, 0, 0, 0.14%, 7, 0, 14, 0.00
1734859669, 2058783, 0, 41, 0, 0, 0.14%, 7, 0, 14, 0.00
1734859674, 2080381, 0, 41, 0, 0, 0.14%, 7, 0, 14, 0.00
1734859679, 2103693, 0, 41, 0, 0, 0.14%, 7, 0, 14, 0.00
1734859685, 2125139, 0, 41, 0, 0, 0.14%, 7, 0, 14, 0.00
1734859690, 2147564, 0, 41, 0, 0, 0.14%, 7, 0, 14, 0.00
1734859695, 2169226, 0, 41, 0, 0, 0.14%, 7, 0, 14, 0.00
1734859700, 2190799, 0, 41, 0, 0, 0.14%, 7, 0, 14, 0.00
1734859705, 2212478, 0, 41, 0, 0, 0.14%, 7, 0, 14, 0.00
1734859711, 2235764, 0, 41, 0, 0, 0.14%, 7, 0, 14, 0.00
1734859716, 2257402, 0, 41, 0, 0, 0.14%, 7, 0, 14, 0.00
1734859721, 2278992, 0, 41, 0, 0, 0.14%, 7, 0, 14, 0.00
1734859726, 2300684, 0, 41, 0, 0, 0.14%, 7, 0, 14, 0.00
1734859731, 2322337, 0, 41, 0, 0, 0.14%, 7, 0, 14, 0.00
1734859737, 2343096, 0, 41, 0, 0, 0.14%, 7, 0, 14, 0.00
1734859742, 2365479, 0, 41, 0, 0, 0.14%, 7, 0, 14, 0.00
1734859747, 2387165, 0, 41, 0, 0, 0.14%, 7, 0, 14, 0.00
1734859752, 2408767, 0, 41, 0, 0, 0.14%, 7, 0, 14, 0.00
1734859757, 2432000, 0, 41, 0, 0, 0.14%, 7, 0, 14, 0.00
1734859763, 2453683, 0, 41, 0, 0, 0.14%, 7, 0, 14, 0.00
1734859768, 2475323, 0, 41, 0, 0, 0.14%, 7, 0, 14, 0.00
1734859773, 2498747, 0, 41, 0, 0, 0.14%, 7, 0, 14, 0.00
1734859778, 2520341, 0, 41, 0, 0, 0.14%, 7, 0, 14, 0.00
1734859783, 2542090, 0, 41, 0, 0, 0.14%, 7, 0, 14, 0.00
1734859789, 2565317, 0, 41, 0, 0, 0.14%, 7, 0, 14, 0.00
1734859794, 2586977, 0, 41, 0, 0, 0.14%, 7, 0, 14, 0.00
1734859799, 2608539, 0, 41, 0, 0, 0.14%, 7, 0, 14, 0.00
1734859804, 2631917, 0, 41, 0, 0, 0.14%, 7, 0, 14, 0.00
1734859809, 2653524, 0, 41, 0, 0, 0.14%, 7, 0, 14, 0.00
1734859815, 2675866, 0, 41, 0, 0, 0.14%, 7, 0, 14, 0.00
1734859820, 2697504, 0, 41, 0, 0, 0.14%, 7, 0, 14, 0.00
1734859825, 2719986, 0, 41, 0, 0, 0.14%, 7, 0, 14, 0.00
1734859830, 2741645, 0, 41, 0, 0, 0.14%, 7, 0, 14, 0.00
1734859835, 2764870, 0, 41, 0, 0, 0.14%, 7, 0, 14, 0.00
1734859841, 2786476, 0, 41, 0, 0, 0.14%, 7, 0, 14, 0.00
1734859846, 2808930, 0, 41, 0, 0, 0.14%, 7, 0, 14, 0.00
1734859851, 2831349, 0, 41, 0, 0, 0.14%, 7, 0, 14, 0.00
1734859856, 2852993, 0, 41, 0, 0, 0.14%, 7, 0, 14, 0.00
1734859861, 2875436, 0, 41, 0, 0, 0.14%, 7, 0, 14, 0.00
1734859867, 2897137, 0, 41, 0, 0, 0.14%, 7, 0, 14, 0.00
1734859872, 2918865, 0, 41, 0, 0, 0.14%, 7, 0, 14, 0.00
1734859877, 2941432, 0, 41, 0, 0, 0.14%, 7, 0, 14, 0.00
1734859882, 2963065, 0, 41, 0, 0, 0.14%, 7, 0, 14, 0.00
1734859887, 2985536, 0, 41, 0, 0, 0.14%, 7, 0, 14, 0.00
1734859893, 3008033, 0, 41, 0, 0, 0.14%, 7, 0, 14, 0.00
1734859898, 3029626, 0, 41, 0, 0, 0.14%, 7, 0, 14, 0.00
1734859903, 3051339, 0, 41, 0, 0, 0.14%, 7, 0, 14, 0.00
1734859908, 3072987, 0, 41, 0, 0, 0.14%, 7, 0, 14, 0.00
1734859913, 3094666, 0, 41, 0, 0, 0.14%, 7, 0, 14, 0.00
1734859919, 3116276, 0, 41, 0, 0, 0.14%, 7, 0, 14, 0.00
1734859924, 3137972, 0, 41, 0, 0, 0.14%, 7, 0, 14, 0.00
1734859929, 3159740, 0, 41, 0, 0, 0.14%, 7, 0, 14, 0.00
1734859934, 3181412, 0, 41, 0, 0, 0.14%, 7, 0, 14, 0.00
1734859939, 3204006, 0, 41, 0, 0, 0.14%, 7, 0, 14, 0.00
1734859945, 3225711, 0, 41, 0, 0, 0.14%, 7, 0, 14, 0.00
1734859950, 3249066, 0, 41, 0, 0, 0.14%, 7, 0, 14, 0.00
1734859955, 3270505, 0, 41, 0, 0, 0.14%, 7, 0, 14, 0.00
1734859960, 3292142, 0, 41, 0, 0, 0.14%, 7, 0, 14, 0.00
1734859965, 3313702, 0, 41, 0, 0, 0.14%, 7, 0, 14, 0.00
1734859971, 3335350, 0, 41, 0, 0, 0.14%, 7, 0, 14, 0.00
1734859976, 3356856, 0, 41, 0, 0, 0.14%, 7, 0, 14, 0.00
1734859981, 3380128, 0, 41, 0, 0, 0.14%, 7, 0, 14, 0.00
1734859986, 3401819, 0, 41, 0, 0, 0.14%, 7, 0, 14, 0.00
1734859991, 3423461, 0, 41, 0, 0, 0.14%, 7, 0, 14, 0.00
1734859997, 3446891, 0, 41, 0, 0, 0.14%, 7, 0, 14, 0.00
1734860002, 3468574, 0, 41, 0, 0, 0.14%, 7, 0, 14, 0.00
1734860007, 3491074, 0, 41, 0, 0, 0.14%, 7, 0, 14, 0.00
1734860012, 3512942, 0, 41, 0, 0, 0.14%, 7, 0, 14, 0.00
1734860017, 3534639, 0, 41, 0, 0, 0.14%, 7, 0, 14, 0.00
1734860023, 3556188, 0, 41, 0, 0, 0.14%, 7, 0, 14, 0.00
1734860028, 3577851, 0, 41, 0, 0, 0.14%, 7, 0, 14, 0.00
1734860033, 3600392, 0, 41, 0, 0, 0.14%, 7, 0, 14, 0.00
1734860038, 3621952, 0, 41, 0, 0, 0.14%, 7, 0, 14, 0.00
1734860043, 3643579, 0, 41, 0, 0, 0.14%, 7, 0, 14, 0.00
1734860049, 3665351, 0, 41, 0, 0, 0.14%, 7, 0, 14, 0.00
1734860054, 3687909, 0, 41, 0, 0, 0.14%, 7, 0, 14, 0.00
1734860059, 3709639, 0, 41, 0, 0, 0.14%, 7, 0, 14, 0.00
1734860064, 3732108, 0, 41, 0, 0, 0.14%, 7, 0, 14, 0.00
1734860069, 3753711, 0, 41, 0, 0, 0.14%, 7, 0, 14, 0.00
1734860075, 3777149, 0, 41, 0, 0, 0.14%, 7, 0, 14, 0.00
1734860080, 3797963, 0, 41, 0, 0, 0.14%, 7, 0, 14, 0.00
1734860085, 3820457, 0, 41, 0, 0, 0.14%, 7, 0, 14, 0.00
1734860090, 3842156, 0, 41, 0, 0, 0.14%, 7, 0, 14, 0.00
1734860095, 3863737, 0, 41, 0, 0, 0.14%, 7, 0, 14, 0.00
1734860101, 3885390, 0, 41, 0, 0, 0.14%, 7, 0, 14, 0.00
1734860106, 3906985, 0, 41, 0, 0, 0.14%, 7, 0, 14, 0.00
1734860111, 3929440, 0, 41, 0, 0, 0.14%, 7, 0, 14, 0.00
1734860116, 3950219, 0, 41, 0, 0, 0.14%, 7, 0, 14, 0.00
1734860121, 3972682, 0, 41, 0, 0, 0.14%, 7, 0, 14, 0.00
1734860127, 3994383, 0, 41, 0, 0, 0.14%, 7, 0, 14, 0.00
1734860132, 4015989, 0, 41, 0, 0, 0.14%, 7, 0, 14, 0.00
1734860137, 4039294, 0, 41, 0, 0, 0.14%, 7, 0, 14, 0.00
1734860142, 4059914, 0, 41, 0, 0, 0.14%, 7, 0, 14, 0.00
1734860147, 4082366, 0, 41, 0, 0, 0.14%, 7, 0, 14, 0.00
1734860153, 4104168, 0, 41, 0, 0, 0.14%, 7, 0, 14, 0.00
1734860158, 4125769, 0, 41, 0, 0, 0.14%, 7, 0, 14, 0.00
1734860163, 4146531, 0, 41, 0, 0, 0.14%, 7, 0, 14, 0.00
1734860168, 4169113, 0, 41, 0, 0, 0.14%, 7, 0, 14, 0.00
1734860173, 4190683, 0, 41, 0, 0, 0.14%, 7, 0, 14, 0.00
1734860179, 4212334, 0, 41, 0, 0, 0.14%, 7, 0, 14, 0.00
1734860184, 4233981, 0, 41, 0, 0, 0.14%, 7, 0, 14, 0.00
1734860189, 4256472, 0, 41, 0, 0, 0.14%, 7, 0, 14, 0.00
1734860194, 4278864, 0, 41, 0, 0, 0.14%, 7, 0, 14, 0.00
1734860199, 4300492, 0, 41, 0, 0, 0.14%, 7, 0, 14, 0.00
1734860205, 4322217, 0, 41, 0, 0, 0.14%, 7, 0, 14, 0.00
1734860210, 4343862, 0, 41, 0, 0, 0.14%, 7, 0, 14, 0.00
1734860215, 4365518, 0, 41, 0, 0, 0.14%, 7, 0, 14, 0.00
1734860220, 4388644, 0, 41, 0, 0, 0.14%, 7, 0, 14, 0.00
1734860225, 4410384, 0, 41, 0, 0, 0.14%, 7, 0, 14, 0.00
1734860231, 4431947, 0, 41, 0, 0, 0.14%, 7, 0, 14, 0.00
1734860236, 4453527, 0, 41, 0, 0, 0.14%, 7, 0, 14, 0.00
1734860241, 4475209, 0, 41, 0, 0, 0.14%, 7, 0, 14, 0.00
1734860246, 4496752, 0, 41, 0, 0, 0.14%, 7, 0, 14, 0.00
1734860251, 4519254, 0, 41, 0, 0, 0.14%, 7, 0, 14, 0.00
1734860257, 4540943, 0, 41, 0, 0, 0.14%, 7, 0, 14, 0.00
1734860262, 4561665, 0, 41, 0, 0, 0.14%, 7, 0, 14, 0.00
1734860267, 4585051, 0, 41, 0, 0, 0.14%, 7, 0, 14, 0.00
1734860272, 4606729, 0, 41, 0, 0, 0.14%, 7, 0, 14, 0.00
1734860277, 4628316, 0, 41, 0, 0, 0.14%, 7, 0, 14, 0.00
1734860283, 4651653, 0, 41, 0, 0, 0.14%, 7, 0, 14, 0.00
1734860288, 4673240, 0, 41, 0, 0, 0.14%, 7, 0, 14, 0.00
1734860293, 4694826, 0, 41, 0, 0, 0.14%, 7, 0, 14, 0.00
1734860298, 4716467, 0, 41, 0, 0, 0.14%, 7, 0, 14, 0.00
1734860303, 4738097, 0, 41, 0, 0, 0.14%, 7, 0, 14, 0.00
1734860309, 4760685, 0, 41, 0, 0, 0.14%, 7, 0, 14, 0.00
1734860314, 4782358, 0, 41, 0, 0, 0.14%, 7, 0, 14, 0.00
1734860319, 4803824, 0, 41, 0, 0, 0.14%, 7, 0, 14, 0.00
1734860324, 4825543, 0, 41, 0, 0, 0.14%, 7, 0, 14, 0.00
1734860329, 4848930, 0, 41, 0, 0, 0.14%, 7, 0, 14, 0.00
1734860335, 4870609, 0, 41, 0, 0, 0.14%, 7, 0, 14, 0.00
1734860340, 4892279, 0, 41, 0, 0, 0.14%, 7, 0, 14, 0.00
1734860345, 4915508, 0, 41, 0, 0, 0.14%, 7, 0, 14, 0.00
1734860350, 4937139, 0, 41, 0, 0, 0.14%, 7, 0, 14, 0.00
1734860355, 4959580, 0, 41, 0, 0, 0.14%, 7, 0, 14, 0.00
1734860361, 4981104, 0, 41, 0, 0, 0.14%, 7, 0, 14, 0.00
1734860366, 5003456, 0, 41, 0, 0, 0.14%, 7, 0, 14, 0.00
1734860371, 5024672, 0, 41, 0, 0, 0.14%, 7, 0, 14, 0.00
1734860376, 5046708, 0, 41, 0, 0, 0.14%, 7, 0, 14, 0.00
1734860381, 5068342, 0, 41, 0, 0, 0.14%, 7, 0, 14, 0.00
1734860387, 5090028, 0, 41, 0, 0, 0.14%, 7, 0, 14, 0.00
1734860392, 5112432, 0, 41, 0, 0, 0.14%, 7, 0, 14, 0.00
1734860397, 5134051, 0, 41, 0, 0, 0.14%, 7, 0, 14, 0.00
1734860402, 5155775, 0, 41, 0, 0, 0.14%, 7, 0, 14, 0.00
1734860407, 5177410, 0, 41, 0, 0, 0.14%, 7, 0, 14, 0.00
1734860413, 5200710, 0, 41, 0, 0, 0.14%, 7, 0, 14, 0.00
1734860418, 5222451, 0, 41, 0, 0, 0.14%, 7, 0, 14, 0.00
1734860423, 5245795, 0, 41, 0, 0, 0.14%, 7, 0, 14, 0.00
1734860428, 5267319, 0, 41, 0, 0, 0.14%, 7, 0, 14, 0.00
1734860433, 5289008, 0, 41, 0, 0, 0.14%, 7, 0, 14, 0.00
1734860439, 5312317, 0, 41, 0, 0, 0.14%, 7, 0, 14, 0.00
1734860444, 5333975, 0, 41, 0, 0, 0.14%, 7, 0, 14, 0.00
1734860449, 5356483, 0, 41, 0, 0, 0.14%, 7, 0, 14, 0.00
1734860454, 5378868, 0, 41, 0, 0, 0.14%, 7, 0, 14, 0.00
1734860459, 5400495, 0, 41, 0, 0, 0.14%, 7, 0, 14, 0.00
1734860465, 5422554, 0, 41, 0, 0, 0.14%, 7, 0, 14, 0.00
1734860470, 5444536, 0, 41, 0, 0, 0.14%, 7, 0, 14, 0.00
1734860475, 5466159, 0, 41, 0, 0, 0.14%, 7, 0, 14, 0.00
1734860480, 5488628, 0, 41, 0, 0, 0.14%, 7, 0, 14, 0.00
1734860485, 5510313, 0, 41, 0, 0, 0.14%, 7, 0, 14, 0.00
1734860491, 5531989, 0, 41, 0, 0, 0.14%, 7, 0, 14, 0.00
1734860496, 5554466, 0, 41, 0, 0, 0.14%, 7, 0, 14, 0.00
1734860501, 5576045, 0, 41, 0, 0, 0.14%, 7, 0, 14, 0.00
1734860506, 5599244, 0, 41, 0, 0, 0.14%, 7, 0, 14, 0.00
1734860511, 5620837, 0, 41, 0, 0, 0.14%, 7, 0, 14, 0.00
1734860517, 5642449, 0, 41, 0, 0, 0.14%, 7, 0, 14, 0.00
1734860522, 5664860, 0, 41, 0, 0, 0.14%, 7, 0, 14, 0.00
1734860527, 5686481, 0, 41, 0, 0, 0.14%, 7, 0, 14, 0.00
1734860532, 5708105, 0, 41, 0, 0, 0.14%, 7, 0, 14, 0.00
1734860537, 5731498, 0, 41, 0, 0, 0.14%, 7, 0, 14, 0.00
1734860543, 5753154, 0, 41, 0, 0, 0.14%, 7, 0, 14, 0.00
1734860548, 5775637, 0, 41, 0, 0, 0.14%, 7, 0, 14, 0.00
1734860553, 5796395, 0, 41, 0, 0, 0.14%, 7, 0, 14, 0.00
1734860558, 5817286, 0, 41, 0, 0, 0.14%, 7, 0, 14, 0.00
1734860563, 5839906, 0, 41, 0, 0, 0.14%, 7, 0, 14, 0.00
1734860569, 5861531, 0, 41, 0, 0, 0.14%, 7, 0, 14, 0.00
1734860574, 5884057, 0, 41, 0, 0, 0.14%, 7, 0, 14, 0.00
1734860579, 5906578, 0, 41, 0, 0, 0.14%, 7, 0, 14, 0.00
1734860584, 5928252, 0, 41, 0, 0, 0.14%, 7, 0, 14, 0.00
1734860589, 5949895, 0, 41, 0, 0, 0.14%, 7, 0, 14, 0.00
1734860595, 5972452, 0, 41, 0, 0, 0.14%, 7, 0, 14, 0.00
1734860600, 5994026, 0, 41, 0, 0, 0.14%, 7, 0, 14, 0.00
1734860605, 6015854, 0, 41, 0, 0, 0.14%, 7, 0, 14, 0.00
1734860610, 6037398, 0, 41, 0, 0, 0.14%, 7, 0, 14, 0.00
1734860615, 6059077, 0, 41, 0, 0, 0.14%, 7, 0, 14, 0.00
1734860621, 6080758, 0, 41, 0, 0, 0.14%, 7, 0, 14, 0.00
1734860626, 6102384, 0, 41, 0, 0, 0.14%, 7, 0, 14, 0.00
1734860631, 6124890, 0, 41, 0, 0, 0.14%, 7, 0, 14, 0.00
1734860636, 6146512, 0, 41, 0, 0, 0.14%, 7, 0, 14, 0.00
1734860641, 6168243, 0, 41, 0, 0, 0.14%, 7, 0, 14, 0.00
1734860647, 6191491, 0, 41, 0, 0, 0.14%, 7, 0, 14, 0.00
1734860652, 6213060, 0, 41, 0, 0, 0.14%, 7, 0, 14, 0.00
1734860657, 6235556, 0, 41, 0, 0, 0.14%, 7, 0, 14, 0.00
1734860662, 6257255, 0, 41, 0, 0, 0.14%, 7, 0, 14, 0.00
1734860667, 6279541, 0, 41, 0, 0, 0.14%, 7, 0, 14, 0.00
1734860673, 6301088, 0, 41, 0, 0, 0.14%, 7, 0, 14, 0.00
1734860678, 6322727, 0, 41, 0, 0, 0.14%, 7, 0, 14, 0.00
1734860683, 6345156, 0, 41, 0, 0, 0.14%, 7, 0, 14, 0.00
1734860688, 6366805, 0, 41, 0, 0, 0.14%, 7, 0, 14, 0.00
1734860693, 6390124, 0, 41, 0, 0, 0.14%, 7, 0, 14, 0.00
1734860699, 6411823, 0, 41, 0, 0, 0.14%, 7, 0, 14, 0.00
1734860704, 6433375, 0, 41, 0, 0, 0.14%, 7, 0, 14, 0.00
1734860709, 6456617, 0, 41, 0, 0, 0.14%, 7, 0, 14, 0.00
1734860714, 6478419, 0, 41, 0, 0, 0.14%, 7, 0, 14, 0.00
1734860719, 6500014, 0, 41, 0, 0, 0.14%, 7, 0, 14, 0.00
1734860725, 6521584, 0, 41, 0, 0, 0.14%, 7, 0, 14, 0.00
1734860730, 6544035, 0, 41, 0, 0, 0.14%, 7, 0, 14, 0.00
1734860735, 6566466, 0, 41, 0, 0, 0.14%, 7, 0, 14, 0.00
1734860740, 6588928, 0, 41, 0, 0, 0.14%, 7, 0, 14, 0.00
1734860745, 6610645, 0, 41, 0, 0, 0.14%, 7, 0, 14, 0.00
1734860751, 6632237, 0, 41, 0, 0, 0.14%, 7, 0, 14, 0.00
1734860756, 6653882, 0, 41, 0, 0, 0.14%, 7, 0, 14, 0.00
1734860761, 6676238, 0, 41, 0, 0, 0.14%, 7, 0, 14, 0.00
1734860766, 6698766, 0, 41, 0, 0, 0.14%, 7, 0, 14, 0.00
1734860771, 6721220, 0, 41, 0, 0, 0.14%, 7, 0, 14, 0.00
1734860777, 6742890, 0, 41, 0, 0, 0.14%, 7, 0, 14, 0.00
1734860782, 6765368, 0, 41, 0, 0, 0.14%, 7, 0, 14, 0.00
1734860787, 6787115, 0, 41, 0, 0, 0.14%, 7, 0, 14, 0.00
1734860792, 6810448, 0, 41, 0, 0, 0.14%, 7, 0, 14, 0.00
1734860797, 6831320, 0, 41, 0, 0, 0.14%, 7, 0, 14, 0.00
1734860803, 6852071, 0, 41, 0, 0, 0.14%, 7, 0, 14, 0.00
1734860808, 6875331, 0, 41, 0, 0, 0.14%, 7, 0, 14, 0.00
1734860813, 6896923, 0, 41, 0, 0, 0.14%, 7, 0, 14, 0.00
1734860818, 6918651, 0, 41, 0, 0, 0.14%, 7, 0, 14, 0.00
1734860823, 6941928, 0, 41, 0, 0, 0.14%, 7, 0, 14, 0.00
1734860829, 6963641, 0, 41, 0, 0, 0.14%, 7, 0, 14, 0.00
1734860834, 6985293, 0, 41, 0, 0, 0.14%, 7, 0, 14, 0.00
1734860839, 7006946, 0, 41, 0, 0, 0.14%, 7, 0, 14, 0.00
1734860844, 7029395, 0, 41, 0, 0, 0.14%, 7, 0, 14, 0.00
1734860849, 7051159, 0, 41, 0, 0, 0.14%, 7, 0, 14, 0.00
1734860855, 7072816, 0, 41, 0, 0, 0.14%, 7, 0, 14, 0.00
1734860860, 7095134, 0, 41, 0, 0, 0.14%, 7, 0, 14, 0.00
1734860865, 7116865, 0, 41, 0, 0, 0.14%, 7, 0, 14, 0.00
1734860870, 7138547, 0, 41, 0, 0, 0.14%, 7, 0, 14, 0.00
1734860875, 7162000, 0, 41, 0, 0, 0.14%, 7, 0, 14, 0.00
1734860881, 7183719, 0, 41, 0, 0, 0.14%, 7, 0, 14, 0.00
1734860886, 7205267, 0, 41, 0, 0, 0.14%, 7, 0, 14, 0.00
1734860891, 7226919, 0, 41, 0, 0, 0.14%, 7, 0, 14, 0.00
1734860896, 7248538, 0, 41, 0, 0, 0.14%, 7, 0, 14, 0.00
1734860901, 7271833, 0, 41, 0, 0, 0.14%, 7, 0, 14, 0.00
1734860907, 7293470, 0, 41, 0, 0, 0.14%, 7, 0, 14, 0.00
1734860912, 7315872, 0, 41, 0, 0, 0.14%, 7, 0, 14, 0.00
1734860917, 7336735, 0, 41, 0, 0, 0.14%, 7, 0, 14, 0.00
1734860922, 7358155, 0, 41, 0, 0, 0.14%, 7, 0, 14, 0.00
1734860927, 7380691, 0, 41, 0, 0, 0.14%, 7, 0, 14, 0.00
1734860933, 7402375, 0, 41, 0, 0, 0.14%, 7, 0, 14, 0.00
1734860938, 7423943, 0, 41, 0, 0, 0.14%, 7, 0, 14, 0.00
1734860943, 7446413, 0, 41, 0, 0, 0.14%, 7, 0, 14, 0.00
1734860948, 7467949, 0, 41, 0, 0, 0.14%, 7, 0, 14, 0.00
1734860953, 7490410, 0, 41, 0, 0, 0.14%, 7, 0, 14, 0.00
1734860959, 7511990, 0, 41, 0, 0, 0.14%, 7, 0, 14, 0.00
1734860964, 7533681, 0, 41, 0, 0, 0.14%, 7, 0, 14, 0.00
1734860969, 7556110, 0, 41, 0, 0, 0.14%, 7, 0, 14, 0.00
1734860974, 7577737, 0, 41, 0, 0, 0.14%, 7, 0, 14, 0.00
1734860979, 7600958, 0, 41, 0, 0, 0.14%, 7, 0, 14, 0.00
1734860985, 7622650, 0, 41, 0, 0, 0.14%, 7, 0, 14, 0.00
1734860990, 7645114, 0, 41, 0, 0, 0.14%, 7, 0, 14, 0.00
1734860995, 7667657, 0, 41, 0, 0, 0.14%, 7, 0, 14, 0.00
1734861000, 7689313, 0, 41, 0, 0, 0.14%, 7, 0, 14, 0.00
1734861005, 7711756, 0, 41, 0, 0, 0.14%, 7, 0, 14, 0.00
1734861011, 7733462, 0, 41, 0, 0, 0.14%, 7, 0, 14, 0.00
1734861016, 7755015, 0, 41, 0, 0, 0.14%, 7, 0, 14, 0.00
1734861021, 7777463, 0, 41, 0, 0, 0.14%, 7, 0, 14, 0.00
1734861026, 7799826, 0, 41, 0, 0, 0.14%, 7, 0, 14, 0.00
1734861031, 7821388, 0, 41, 0, 0, 0.14%, 7, 0, 14, 0.00
1734861037, 7843743, 0, 41, 0, 0, 0.14%, 7, 0, 14, 0.00
1734861042, 7865366, 0, 41, 0, 0, 0.14%, 7, 0, 14, 0.00
1734861047, 7887008, 0, 41, 0, 0, 0.14%, 7, 0, 14, 0.00
1734861052, 7909505, 0, 41, 0, 0, 0.14%, 7, 0, 14, 0.00
1734861057, 7931131, 0, 41, 0, 0, 0.14%, 7, 0, 14, 0.00
1734861063, 7953652, 0, 41, 0, 0, 0.14%, 7, 0, 14, 0.00
1734861068, 7976128, 0, 41, 0, 0, 0.14%, 7, 0, 14, 0.00
1734861073, 7998567, 0, 41, 0, 0, 0.14%, 7, 0, 14, 0.00
1734861078, 8020221, 0, 41, 0, 0, 0.14%, 7, 0, 14, 0.00
1734861083, 8042703, 0, 41, 0, 0, 0.14%, 7, 0, 14, 0.00
1734861089, 8063540, 0, 41, 0, 0, 0.14%, 7, 0, 14, 0.00
1734861094, 8085194, 0, 41, 0, 0, 0.14%, 7, 0, 14, 0.00
1734861099, 8107700, 0, 41, 0, 0, 0.14%, 7, 0, 14, 0.00
1734861104, 8128548, 0, 41, 0, 0, 0.14%, 7, 0, 14, 0.00
1734861109, 8150181, 0, 41, 0, 0, 0.14%, 7, 0, 14, 0.00
1734861115, 8172590, 0, 41, 0, 0, 0.14%, 7, 0, 14, 0.00
1734861120, 8195068, 0, 41, 0, 0, 0.14%, 7, 0, 14, 0.00
1734861125, 8216720, 0, 41, 0, 0, 0.14%, 7, 0, 14, 0.00
1734861130, 8239227, 0, 41, 0, 0, 0.14%, 7, 0, 14, 0.00
1734861135, 8260802, 0, 41, 0, 0, 0.14%, 7, 0, 14, 0.00
1734861141, 8282420, 0, 41, 0, 0, 0.14%, 7, 0, 14, 0.00
1734861146, 8304049, 0, 41, 0, 0, 0.14%, 7, 0, 14, 0.00
1734861151, 8325705, 0, 41, 0, 0, 0.14%, 7, 0, 14, 0.00
1734861156, 8349009, 0, 41, 0, 0, 0.14%, 7, 0, 14, 0.00
1734861161, 8370538, 0, 41, 0, 0, 0.14%, 7, 0, 14, 0.00
1734861167, 8391435, 0, 41, 0, 0, 0.14%, 7, 0, 14, 0.00
1734861172, 8413899, 0, 41, 0, 0, 0.14%, 7, 0, 14, 0.00
1734861177, 8435547, 0, 41, 0, 0, 0.14%, 7, 0, 14, 0.00
1734861182, 8457275, 0, 41, 0, 0, 0.14%, 7, 0, 14, 0.00
1734861187, 8478784, 0, 41, 0, 0, 0.14%, 7, 0, 14, 0.00
1734861193, 8500493, 0, 41, 0, 0, 0.14%, 7, 0, 14, 0.00
1734861198, 8521317, 0, 41, 0, 0, 0.14%, 7, 0, 14, 0.00
1734861203, 8543787, 0, 41, 0, 0, 0.14%, 7, 0, 14, 0.00
1734861208, 8565478, 0, 41, 0, 0, 0.14%, 7, 0, 14, 0.00
1734861213, 8587901, 0, 41, 0, 0, 0.14%, 7, 0, 14, 0.00
1734861219, 8609506, 0, 41, 0, 0, 0.14%, 7, 0, 14, 0.00
1734861224, 8631248, 0, 41, 0, 0, 0.14%, 7, 0, 14, 0.00
1734861229, 8652936, 0, 41, 0, 0, 0.14%, 7, 0, 14, 0.00
1734861234, 8675506, 0, 41, 0, 0, 0.14%, 7, 0, 14, 0.00
1734861239, 8697949, 0, 41, 0, 0, 0.14%, 7, 0, 14, 0.00
1734861245, 8720473, 0, 41, 0, 0, 0.14%, 7, 0, 14, 0.00
1734861250, 8742087, 0, 41, 0, 0, 0.14%, 7, 0, 14, 0.00
1734861255, 8764343, 0, 41, 0, 0, 0.14%, 7, 0, 14, 0.00
1734861260, 8786120, 0, 41, 0, 0, 0.14%, 7, 0, 14, 0.00
1734861265, 8807818, 0, 41, 0, 0, 0.14%, 7, 0, 14, 0.00
1734861271, 8829447, 0, 41, 0, 0, 0.14%, 7, 0, 14, 0.00
1734861276, 8851153, 0, 41, 0, 0, 0.14%, 7, 0, 14, 0.00
1734861281, 8872846, 0, 41, 0, 0, 0.14%, 7, 0, 14, 0.00
1734861286, 8893639, 0, 41, 0, 0, 0.14%, 7, 0, 14, 0.00
1734861291, 8916118, 0, 41, 0, 0, 0.14%, 7, 0, 14, 0.00
1734861297, 8937834, 0, 41, 0, 0, 0.14%, 7, 0, 14, 0.00
1734861302, 8959492, 0, 41, 0, 0, 0.14%, 7, 0, 14, 0.00
1734861307, 8981976, 0, 41, 0, 0, 0.14%, 7, 0, 14, 0.00
1734861312, 9003619, 0, 41, 0, 0, 0.14%, 7, 0, 14, 0.00
1734861317, 9026133, 0, 41, 0, 0, 0.14%, 7, 0, 14, 0.00
1734861323, 9048620, 0, 41, 0, 0, 0.14%, 7, 0, 14, 0.00
1734861328, 9071113, 0, 41, 0, 0, 0.14%, 7, 0, 14, 0.00
1734861333, 9092716, 0, 41, 0, 0, 0.14%, 7, 0, 14, 0.00
1734861338, 9115127, 0, 41, 0, 0, 0.14%, 7, 0, 14, 0.00
1734861343, 9136695, 0, 41, 0, 0, 0.14%, 7, 0, 14, 0.00
1734861349, 9158433, 0, 41, 0, 0, 0.14%, 7, 0, 14, 0.00
1734861354, 9180948, 0, 41, 0, 0, 0.14%, 7, 0, 14, 0.00
1734861359, 9202739, 0, 41, 0, 0, 0.14%, 7, 0, 14, 0.00
1734861364, 9225254, 0, 41, 0, 0, 0.14%, 7, 0, 14, 0.00
1734861369, 9247642, 0, 41, 0, 0, 0.14%, 7, 0, 14, 0.00
1734861375, 9269363, 0, 41, 0, 0, 0.14%, 7, 0, 14, 0.00
1734861380, 9290984, 0, 41, 0, 0, 0.14%, 7, 0, 14, 0.00
1734861385, 9313544, 0, 41, 0, 0, 0.14%, 7, 0, 14, 0.00
1734861390, 9336097, 0, 41, 0, 0, 0.14%, 7, 0, 14, 0.00
1734861395, 9357720, 0, 41, 0, 0, 0.14%, 7, 0, 14, 0.00
1734861401, 9379415, 0, 41, 0, 0, 0.14%, 7, 0, 14, 0.00
1734861406, 9400197, 0, 41, 0, 0, 0.14%, 7, 0, 14, 0.00
1734861411, 9421918, 0, 41, 0, 0, 0.14%, 7, 0, 14, 0.00
1734861416, 9444135, 0, 41, 0, 0, 0.14%, 7, 0, 14, 0.00
1734861421, 9466102, 0, 41, 0, 0, 0.14%, 7, 0, 14, 0.00
1734861427, 9487744, 0, 41, 0, 0, 0.14%, 7, 0, 14, 0.00
1734861432, 9510294, 0, 41, 0, 0, 0.14%, 7, 0, 14, 0.00
1734861437, 9531925, 0, 41, 0, 0, 0.14%, 7, 0, 14, 0.00
1734861442, 9555179, 0, 41, 0, 0, 0.14%, 7, 0, 14, 0.00
1734861447, 9576881, 0, 41, 0, 0, 0.14%, 7, 0, 14, 0.00
1734861453, 9599352, 0, 41, 0, 0, 0.14%, 7, 0, 14, 0.00
1734861458, 9621012, 0, 41, 0, 0, 0.14%, 7, 0, 14, 0.00
1734861463, 9642660, 0, 41, 0, 0, 0.14%, 7, 0, 14, 0.00
1734861468, 9663521, 0, 41, 0, 0, 0.14%, 7, 0, 14, 0.00
1734861473, 9685257, 0, 41, 0, 0, 0.14%, 7, 0, 14, 0.00
1734861479, 9706844, 0, 41, 0, 0, 0.14%, 7, 0, 14, 0.00
1734861484, 9729299, 0, 41, 0, 0, 0.14%, 7, 0, 14, 0.00
1734861489, 9750997, 0, 41, 0, 0, 0.14%, 7, 0, 14, 0.00
1734861494, 9772683, 0, 41, 0, 0, 0.14%, 7, 0, 14, 0.00
1734861499, 9794172, 0, 41, 0, 0, 0.14%, 7, 0, 14, 0.00
1734861505, 9815842, 0, 41, 0, 0, 0.14%, 7, 0, 14, 0.00
1734861510, 9838453, 0, 41, 0, 0, 0.14%, 7, 0, 14, 0.00
1734861515, 9860272, 0, 41, 0, 0, 0.14%, 7, 0, 14, 0.00
1734861520, 9881104, 0, 41, 0, 0, 0.14%, 7, 0, 14, 0.00
1734861525, 9902671, 0, 41, 0, 0, 0.14%, 7, 0, 14, 0.00
1734861531, 9924209, 0, 41, 0, 0, 0.14%, 7, 0, 14, 0.00
1734861536, 9947476, 0, 41, 0, 0, 0.14%, 7, 0, 14, 0.00
1734861541, 9969110, 0, 41, 0, 0, 0.14%, 7, 0, 14, 0.00
1734861546, 9991609, 0, 41, 0, 0, 0.14%, 7, 0, 14, 0.00
1734861551, 10013342, 0, 41, 0, 0, 0.14%, 7, 0, 14, 0.00
1734861557, 10035860, 0, 41, 0, 0, 0.14%, 7, 0, 14, 0.00
1734861562, 10057498, 0, 41, 0, 0, 0.14%, 7, 0, 14, 0.00
1734861567, 10080708, 0, 41, 0, 0, 0.14%, 7, 0, 14, 0.00
1734861572, 10102408, 0, 41, 0, 0, 0.14%, 7, 0, 14, 0.00
1734861577, 10124756, 0, 41, 0, 0, 0.14%, 7, 0, 14, 0.00
1734861583, 10145462, 0, 41, 0, 0, 0.14%, 7, 0, 14, 0.00
1734861588, 10167079, 0, 41, 0, 0, 0.14%, 7, 0, 14, 0.00
1734861593, 10189412, 0, 41, 0, 0, 0.14%, 7, 0, 14, 0.00
1734861598, 10211001, 0, 41, 0, 0, 0.14%, 7, 0, 14, 0.00
1734861603, 10233659, 0, 41, 0, 0, 0.14%, 7, 0, 14, 0.00
1734861609, 10255179, 0, 41, 0, 0, 0.14%, 7, 0, 14, 0.00
1734861614, 10277734, 0, 41, 0, 0, 0.14%, 7, 0, 14, 0.00
1734861619, 10299975, 0, 41, 0, 0, 0.14%, 7, 0, 14, 0.00
1734861624, 10322330, 0, 41, 0, 0, 0.14%, 7, 0, 14, 0.00
1734861629, 10344807, 0, 41, 0, 0, 0.14%, 7, 0, 14, 0.00
1734861635, 10366406, 0, 41, 0, 0, 0.14%, 7, 0, 14, 0.00
1734861640, 10388053, 0, 41, 0, 0, 0.14%, 7, 0, 14, 0.00
1734861645, 10409667, 0, 41, 0, 0, 0.14%, 7, 0, 14, 0.00
1734861650, 10432955, 0, 41, 0, 0, 0.14%, 7, 0, 14, 0.00
1734861655, 10454560, 0, 41, 0, 0, 0.14%, 7, 0, 14, 0.00
1734861661, 10477049, 0, 41, 0, 0, 0.14%, 7, 0, 14, 0.00
1734861666, 10498630, 0, 41, 0, 0, 0.14%, 7, 0, 14, 0.00
1734861671, 10521108, 0, 41, 0, 0, 0.14%, 7, 0, 14, 0.00
1734861676, 10542720, 0, 41, 0, 0, 0.14%, 7, 0, 14, 0.00
1734861681, 10566137, 0, 41, 0, 0, 0.14%, 7, 0, 14, 0.00
1734861687, 10587743, 0, 41, 0, 0, 0.14%, 7, 0, 14, 0.00
1734861692, 10609735, 0, 41, 0, 0, 0.14%, 7, 0, 14, 0.00
1734861697, 10632105, 0, 41, 0, 0, 0.14%, 7, 0, 14, 0.00
1734861702, 10653749, 0, 41, 0, 0, 0.14%, 7, 0, 14, 0.00
1734861707, 10675299, 0, 41, 0, 0, 0.14%, 7, 0, 14, 0.00
1734861713, 10696825, 0, 41, 0, 0, 0.14%, 7, 0, 14, 0.00
1734861718, 10719370, 0, 41, 0, 0, 0.14%, 7, 0, 14, 0.00
1734861723, 10741084, 0, 41, 0, 0, 0.14%, 7, 0, 14, 0.00
1734861728, 10764417, 0, 41, 0, 0, 0.14%, 7, 0, 14, 0.00
1734861733, 10786049, 0, 41, 0, 0, 0.14%, 7, 0, 14, 0.00
1734861739, 10807791, 0, 41, 0, 0, 0.14%, 7, 0, 14, 0.00
1734861744, 10831126, 0, 41, 0, 0, 0.14%, 7, 0, 14, 0.00
1734861749, 10852803, 0, 41, 0, 0, 0.14%, 7, 0, 14, 0.00
1734861754, 10875285, 0, 41, 0, 0, 0.14%, 7, 0, 14, 0.00
1734861759, 10896983, 0, 41, 0, 0, 0.14%, 7, 0, 14, 0.00
1734861765, 10918684, 0, 41, 0, 0, 0.14%, 7, 0, 14, 0.00
1734861770, 10940395, 0, 41, 0, 0, 0.14%, 7, 0, 14, 0.00
1734861775, 10962864, 0, 41, 0, 0, 0.14%, 7, 0, 14, 0.00
1734861780, 10985085, 0, 41, 0, 0, 0.14%, 7, 0, 14, 0.00
1734861785, 11007053, 0, 41, 0, 0, 0.14%, 7, 0, 14, 0.00
1734861791, 11028756, 0, 41, 0, 0, 0.14%, 7, 0, 14, 0.00
1734861796, 11050339, 0, 41, 0, 0, 0.14%, 7, 0, 14, 0.00
1734861801, 11072829, 0, 41, 0, 0, 0.14%, 7, 0, 14, 0.00
1734861806, 11094493, 0, 41, 0, 0, 0.14%, 7, 0, 14, 0.00
1734861811, 11117002, 0, 41, 0, 0, 0.14%, 7, 0, 14, 0.00
1734861817, 11137820, 0, 41, 0, 0, 0.14%, 7, 0, 14, 0.00
1734861822, 11160295, 0, 41, 0, 0, 0.14%, 7, 0, 14, 0.00
1734861827, 11181900, 0, 41, 0, 0, 0.14%, 7, 0, 14, 0.00
1734861832, 11203602, 0, 41, 0, 0, 0.14%, 7, 0, 14, 0.00
1734861837, 11225303, 0, 41, 0, 0, 0.14%, 7, 0, 14, 0.00
1734861843, 11246957, 0, 41, 0, 0, 0.14%, 7, 0, 14, 0.00
1734861848, 11268640, 0, 41, 0, 0, 0.14%, 7, 0, 14, 0.00
1734861853, 11290329, 0, 41, 0, 0, 0.14%, 7, 0, 14, 0.00
1734861858, 11311949, 0, 41, 0, 0, 0.14%, 7, 0, 14, 0.00
1734861863, 11333571, 0, 41, 0, 0, 0.14%, 7, 0, 14, 0.00
1734861869, 11356957, 0, 41, 0, 0, 0.14%, 7, 0, 14, 0.00
1734861874, 11378644, 0, 41, 0, 0, 0.14%, 7, 0, 14, 0.00
1734861879, 11400205, 0, 41, 0, 0, 0.14%, 7, 0, 14, 0.00
1734861884, 11422647, 0, 41, 0, 0, 0.14%, 7, 0, 14, 0.00
1734861889, 11444296, 0, 41, 0, 0, 0.14%, 7, 0, 14, 0.00
1734861895, 11466736, 0, 41, 0, 0, 0.14%, 7, 0, 14, 0.00
1734861900, 11488400, 0, 41, 0, 0, 0.14%, 7, 0, 14, 0.00
1734861905, 11510909, 0, 41, 0, 0, 0.14%, 7, 0, 14, 0.00
1734861910, 11533364, 0, 41, 0, 0, 0.14%, 7, 0, 14, 0.00
1734861915, 11555915, 0, 41, 0, 0, 0.14%, 7, 0, 14, 0.00
1734861921, 11577557, 0, 41, 0, 0, 0.14%, 7, 0, 14, 0.00
1734861926, 11600064, 0, 41, 0, 0, 0.14%, 7, 0, 14, 0.00
1734861931, 11621580, 0, 41, 0, 0, 0.14%, 7, 0, 14, 0.00
1734861936, 11643273, 0, 41, 0, 0, 0.14%, 7, 0, 14, 0.00
1734861941, 11665796, 0, 41, 0, 0, 0.14%, 7, 0, 14, 0.00
1734861947, 11686528, 0, 41, 0, 0, 0.14%, 7, 0, 14, 0.00
1734861952, 11709913, 0, 41, 0, 0, 0.14%, 7, 0, 14, 0.00
1734861957, 11731522, 0, 41, 0, 0, 0.14%, 7, 0, 14, 0.00
1734861962, 11753108, 0, 41, 0, 0, 0.14%, 7, 0, 14, 0.00
1734861967, 11774807, 0, 41, 0, 0, 0.14%, 7, 0, 14, 0.00
1734861973, 11797275, 0, 41, 0, 0, 0.14%, 7, 0, 14, 0.00
1734861978, 11819691, 0, 41, 0, 0, 0.14%, 7, 0, 14, 0.00
1734861983, 11841256, 0, 41, 0, 0, 0.14%, 7, 0, 14, 0.00
1734861988, 11863682, 0, 41, 0, 0, 0.14%, 7, 0, 14, 0.00
1734861993, 11885349, 0, 41, 0, 0, 0.14%, 7, 0, 14, 0.00
1734861999, 11908707, 0, 41, 0, 0, 0.14%, 7, 0, 14, 0.00
1734862004, 11930360, 0, 41, 0, 0, 0.14%, 7, 0, 14, 0.00
1734862009, 11952050, 0, 41, 0, 0, 0.14%, 7, 0, 14, 0.00
1734862014, 11972827, 0, 41, 0, 0, 0.14%, 7, 0, 14, 0.00
1734862019, 11995436, 0, 41, 0, 0, 0.14%, 7, 0, 14, 0.00
1734862025, 12017055, 0, 41, 0, 0, 0.14%, 7, 0, 14, 0.00
1734862030, 12038653, 0, 41, 0, 0, 0.14%, 7, 0, 14, 0.00
1734862035, 12060306, 0, 41, 0, 0, 0.14%, 7, 0, 14, 0.00
1734862040, 12081914, 0, 41, 0, 0, 0.14%, 7, 0, 14, 0.00
1734862045, 12103418, 0, 41, 0, 0, 0.14%, 7, 0, 14, 0.00
1734862051, 12125120, 0, 41, 0, 0, 0.14%, 7, 0, 14, 0.00
1734862056, 12147625, 0, 41, 0, 0, 0.14%, 7, 0, 14, 0.00
1734862061, 12169362, 0, 41, 0, 0, 0.14%, 7, 0, 14, 0.00
1734862066, 12190895, 0, 41, 0, 0, 0.14%, 7, 0, 14, 0.00
1734862071, 12212561, 0, 41, 0, 0, 0.14%, 7, 0, 14, 0.00
1734862077, 12235811, 0, 41, 0, 0, 0.14%, 7, 0, 14, 0.00
1734862082, 12257496, 0, 41, 0, 0, 0.14%, 7, 0, 14, 0.00
1734862087, 12280019, 0, 41, 0, 0, 0.14%, 7, 0, 14, 0.00
1734862092, 12301576, 0, 41, 0, 0, 0.14%, 7, 0, 14, 0.00
1734862097, 12323190, 0, 41, 0, 0, 0.14%, 7, 0, 14, 0.00
1734862103, 12344849, 0, 41, 0, 0, 0.14%, 7, 0, 14, 0.00
1734862108, 12368168, 0, 41, 0, 0, 0.14%, 7, 0, 14, 0.00
1734862113, 12389846, 0, 41, 0, 0, 0.14%, 7, 0, 14, 0.00
1734862118, 12412312, 0, 41, 0, 0, 0.14%, 7, 0, 14, 0.00
1734862123, 12433970, 0, 41, 0, 0, 0.14%, 7, 0, 14, 0.00
1734862129, 12456379, 0, 41, 0, 0, 0.14%, 7, 0, 14, 0.00
1734862134, 12477961, 0, 41, 0, 0, 0.14%, 7, 0, 14, 0.00
1734862139, 12499668, 0, 41, 0, 0, 0.14%, 7, 0, 14, 0.00
1734862144, 12521296, 0, 41, 0, 0, 0.14%, 7, 0, 14, 0.00
1734862149, 12543581, 0, 41, 0, 0, 0.14%, 7, 0, 14, 0.00
1734862155, 12565187, 0, 41, 0, 0, 0.14%, 7, 0, 14, 0.00
1734862160, 12587638, 0, 41, 0, 0, 0.14%, 7, 0, 14, 0.00
1734862165, 12610193, 0, 41, 0, 0, 0.14%, 7, 0, 14, 0.00
1734862170, 12632572, 0, 41, 0, 0, 0.14%, 7, 0, 14, 0.00
1734862175, 12654361, 0, 41, 0, 0, 0.14%, 7, 0, 14, 0.00
1734862181, 12676756, 0, 41, 0, 0, 0.14%, 7, 0, 14, 0.00
1734862186, 12698314, 0, 41, 0, 0, 0.14%, 7, 0, 14, 0.00
1734862191, 12719996, 0, 41, 0, 0, 0.14%, 7, 0, 14, 0.00
1734862196, 12742491, 0, 41, 0, 0, 0.14%, 7, 0, 14, 0.00
1734862201, 12764087, 0, 41, 0, 0, 0.14%, 7, 0, 14, 0.00
1734862207, 12786528, 0, 41, 0, 0, 0.14%, 7, 0, 14, 0.00
1734862212, 12809082, 0, 41, 0, 0, 0.14%, 7, 0, 14, 0.00
1734862217, 12831615, 0, 41, 0, 0, 0.14%, 7, 0, 14, 0.00
1734862222, 12853300, 0, 41, 0, 0, 0.14%, 7, 0, 14, 0.00
1734862227, 12874884, 0, 41, 0, 0, 0.14%, 7, 0, 14, 0.00
1734862233, 12896496, 0, 41, 0, 0, 0.14%, 7, 0, 14, 0.00
1734862238, 12917335, 0, 41, 0, 0, 0.14%, 7, 0, 14, 0.00
1734862243, 12939837, 0, 41, 0, 0, 0.14%, 7, 0, 14, 0.00
1734862248, 12960915, 0, 41, 0, 0, 0.14%, 7, 0, 14, 0.00
1734862253, 12983093, 0, 41, 0, 0, 0.14%, 7, 0, 14, 0.00
1734862259, 13004689, 0, 41, 0, 0, 0.14%, 7, 0, 14, 0.00
1734862264, 13026461, 0, 41, 0, 0, 0.14%, 7, 0, 14, 0.00
1734862269, 13049747, 0, 41, 0, 0, 0.14%, 7, 0, 14, 0.00
1734862274, 13071392, 0, 41, 0, 0, 0.14%, 7, 0, 14, 0.00
1734862279, 13093954, 0, 41, 0, 0, 0.14%, 7, 0, 14, 0.00
1734862285, 13115683, 0, 41, 0, 0, 0.14%, 7, 0, 14, 0.00
1734862290, 13137386, 0, 41, 0, 0, 0.14%, 7, 0, 14, 0.00
1734862295, 13159886, 0, 41, 0, 0, 0.14%, 7, 0, 14, 0.00
1734862300, 13181451, 0, 41, 0, 0, 0.14%, 7, 0, 14, 0.00
1734862305, 13202996, 0, 41, 0, 0, 0.14%, 7, 0, 14, 0.00
1734862311, 13224607, 0, 41, 0, 0, 0.14%, 7, 0, 14, 0.00
1734862316, 13246213, 0, 41, 0, 0, 0.14%, 7, 0, 14, 0.00
1734862321, 13268655, 0, 41, 0, 0, 0.14%, 7, 0, 14, 0.00
1734862326, 13290382, 0, 41, 0, 0, 0.14%, 7, 0, 14, 0.00
1734862331, 13313528, 0, 41, 0, 0, 0.14%, 7, 0, 14, 0.00
1734862337, 13334351, 0, 41, 0, 0, 0.14%, 7, 0, 14, 0.00
1734862342, 13356671, 0, 41, 0, 0, 0.14%, 7, 0, 14, 0.00
1734862347, 13378418, 0, 41, 0, 0, 0.14%, 7, 0, 14, 0.00
1734862352, 13399998, 0, 41, 0, 0, 0.14%, 7, 0, 14, 0.00
1734862357, 13421568, 0, 41, 0, 0, 0.14%, 7, 0, 14, 0.00
1734862363, 13443157, 0, 41, 0, 0, 0.14%, 7, 0, 14, 0.00
1734862368, 13464100, 0, 41, 0, 0, 0.14%, 7, 0, 14, 0.00
1734862373, 13486536, 0, 41, 0, 0, 0.14%, 7, 0, 14, 0.00
1734862378, 13508198, 0, 41, 0, 0, 0.14%, 7, 0, 14, 0.00
1734862383, 13529833, 0, 41, 0, 0, 0.14%, 7, 0, 14, 0.00
1734862389, 13552430, 0, 41, 0, 0, 0.14%, 7, 0, 14, 0.00
1734862394, 13573215, 0, 41, 0, 0, 0.14%, 7, 0, 14, 0.00
1734862399, 13596508, 0, 41, 0, 0, 0.14%, 7, 0, 14, 0.00
1734862404, 13618188, 0, 41, 0, 0, 0.14%, 7, 0, 14, 0.00
1734862409, 13639684, 0, 41, 0, 0, 0.14%, 7, 0, 14, 0.00
1734862415, 13662202, 0, 41, 0, 0, 0.14%, 7, 0, 14, 0.00
1734862420, 13683763, 0, 41, 0, 0, 0.14%, 7, 0, 14, 0.00
1734862425, 13707040, 0, 41, 0, 0, 0.14%, 7, 0, 14, 0.00
1734862430, 13728773, 0, 41, 0, 0, 0.14%, 7, 0, 14, 0.00
1734862435, 13751189, 0, 41, 0, 0, 0.14%, 7, 0, 14, 0.00
1734862441, 13773699, 0, 41, 0, 0, 0.14%, 7, 0, 14, 0.00
1734862446, 13795268, 0, 41, 0, 0, 0.14%, 7, 0, 14, 0.00
1734862451, 13817779, 0, 41, 0, 0, 0.14%, 7, 0, 14, 0.00
1734862456, 13839445, 0, 41, 0, 0, 0.14%, 7, 0, 14, 0.00
1734862461, 13862771, 0, 41, 0, 0, 0.14%, 7, 0, 14, 0.00
1734862467, 13884485, 0, 41, 0, 0, 0.14%, 7, 0, 14, 0.00
1734862472, 13906136, 0, 41, 0, 0, 0.14%, 7, 0, 14, 0.00
1734862477, 13927801, 0, 41, 0, 0, 0.14%, 7, 0, 14, 0.00
1734862482, 13950273, 0, 41, 0, 0, 0.14%, 7, 0, 14, 0.00
1734862487, 13971769, 0, 41, 0, 0, 0.14%, 7, 0, 14, 0.00
1734862493, 13993393, 0, 41, 0, 0, 0.14%, 7, 0, 14, 0.00
1734862498, 14015066, 0, 41, 0, 0, 0.14%, 7, 0, 14, 0.00
1734862503, 14036764, 0, 41, 0, 0, 0.14%, 7, 0, 14, 0.00
1734862508, 14060144, 0, 41, 0, 0, 0.14%, 7, 0, 14, 0.00
1734862513, 14081745, 0, 41, 0, 0, 0.14%, 7, 0, 14, 0.00
1734862519, 14105069, 0, 41, 0, 0, 0.14%, 7, 0, 14, 0.00
1734862524, 14126694, 0, 41, 0, 0, 0.14%, 7, 0, 14, 0.00
1734862529, 14149146, 0, 41, 0, 0, 0.14%, 7, 0, 14, 0.00
1734862534, 14169903, 0, 41, 0, 0, 0.14%, 7, 0, 14, 0.00
1734862539, 14193184, 0, 41, 0, 0, 0.14%, 7, 0, 14, 0.00
1734862545, 14214828, 0, 41, 0, 0, 0.14%, 7, 0, 14, 0.00
1734862550, 14236485, 0, 41, 0, 0, 0.14%, 7, 0, 14, 0.00
1734862555, 14258139, 0, 41, 0, 0, 0.14%, 7, 0, 14, 0.00
1734862560, 14279799, 0, 41, 0, 0, 0.14%, 7, 0, 14, 0.00
1734862565, 14302368, 0, 41, 0, 0, 0.14%, 7, 0, 14, 0.00
1734862571, 14324021, 0, 41, 0, 0, 0.14%, 7, 0, 14, 0.00
1734862576, 14345659, 0, 41, 0, 0, 0.14%, 7, 0, 14, 0.00
1734862581, 14367248, 0, 41, 0, 0, 0.14%, 7, 0, 14, 0.00
1734862586, 14390521, 0, 41, 0, 0, 0.14%, 7, 0, 14, 0.00
1734862591, 14412190, 0, 41, 0, 0, 0.14%, 7, 0, 14, 0.00
1734862597, 14433937, 0, 41, 0, 0, 0.14%, 7, 0, 14, 0.00
1734862602, 14455657, 0, 41, 0, 0, 0.14%, 7, 0, 14, 0.00
1734862607, 14477219, 0, 41, 0, 0, 0.14%, 7, 0, 14, 0.00
1734862612, 14498830, 0, 41, 0, 0, 0.14%, 7, 0, 14, 0.00
1734862617, 14521329, 0, 41, 0, 0, 0.14%, 7, 0, 14, 0.00
1734862623, 14542861, 0, 41, 0, 0, 0.14%, 7, 0, 14, 0.00
1734862628, 14564382, 0, 41, 0, 0, 0.14%, 7, 0, 14, 0.00
1734862633, 14586871, 0, 41, 0, 0, 0.14%, 7, 0, 14, 0.00
1734862638, 14608481, 0, 41, 0, 0, 0.14%, 7, 0, 14, 0.00
1734862643, 14630912, 0, 41, 0, 0, 0.14%, 7, 0, 14, 0.00
1734862649, 14652652, 0, 41, 0, 0, 0.14%, 7, 0, 14, 0.00
1734862654, 14675100, 0, 41, 0, 0, 0.14%, 7, 0, 14, 0.00
1734862659, 14696668, 0, 41, 0, 0, 0.14%, 7, 0, 14, 0.00
1734862664, 14719928, 0, 41, 0, 0, 0.14%, 7, 0, 14, 0.00
1734862669, 14740712, 0, 41, 0, 0, 0.14%, 7, 0, 14, 0.00
1734862675, 14762276, 0, 41, 0, 0, 0.14%, 7, 0, 14, 0.00
1734862680, 14783914, 0, 41, 0, 0, 0.14%, 7, 0, 14, 0.00
1734862685, 14806272, 0, 41, 0, 0, 0.14%, 7, 0, 14, 0.00
1734862690, 14828197, 0, 41, 0, 0, 0.14%, 7, 0, 14, 0.00
1734862695, 14851651, 0, 41, 0, 0, 0.14%, 7, 0, 14, 0.00
1734862701, 14873259, 0, 41, 0, 0, 0.14%, 7, 0, 14, 0.00
1734862706, 14894821, 0, 41, 0, 0, 0.14%, 7, 0, 14, 0.00
1734862711, 14918182, 0, 41, 0, 0, 0.14%, 7, 0, 14, 0.00
1734862716, 14939865, 0, 41, 0, 0, 0.14%, 7, 0, 14, 0.00
1734862721, 14962272, 0, 41, 0, 0, 0.14%, 7, 0, 14, 0.00
1734862727, 14984670, 0, 41, 0, 0, 0.14%, 7, 0, 14, 0.00
1734862732, 15006330, 0, 41, 0, 0, 0.14%, 7, 0, 14, 0.00
1734862737, 15028888, 0, 41, 0, 0, 0.14%, 7, 0, 14, 0.00
1734862742, 15050577, 0, 41, 0, 0, 0.14%, 7, 0, 14, 0.00
1734862747, 15073019, 0, 41, 0, 0, 0.14%, 7, 0, 14, 0.00
1734862753, 15095550, 0, 41, 0, 0, 0.14%, 7, 0, 14, 0.00
1734862758, 15117261, 0, 41, 0, 0, 0.14%, 7, 0, 14, 0.00
1734862763, 15138838, 0, 41, 0, 0, 0.14%, 7, 0, 14, 0.00
1734862768, 15161346, 0, 41, 0, 0, 0.14%, 7, 0, 14, 0.00
1734862773, 15182923, 0, 41, 0, 0, 0.14%, 7, 0, 14, 0.00
1734862779, 15204550, 0, 41, 0, 0, 0.14%, 7, 0, 14, 0.00
1734862784, 15227039, 0, 41, 0, 0, 0.14%, 7, 0, 14, 0.00
1734862789, 15247874, 0, 41, 0, 0, 0.14%, 7, 0, 14, 0.00
1734862794, 15271140, 0, 41, 0, 0, 0.14%, 7, 0, 14, 0.00
1734862799, 15292710, 0, 41, 0, 0, 0.14%, 7, 0, 14, 0.00
1734862805, 15314396, 0, 41, 0, 0, 0.14%, 7, 0, 14, 0.00
1734862810, 15336142, 0, 41, 0, 0, 0.14%, 7, 0, 14, 0.00
1734862815, 15358584, 0, 41, 0, 0, 0.14%, 7, 0, 14, 0.00
1734862820, 15380189, 0, 41, 0, 0, 0.14%, 7, 0, 14, 0.00
1734862825, 15401888, 0, 41, 0, 0, 0.14%, 7, 0, 14, 0.00
1734862831, 15423468, 0, 41, 0, 0, 0.14%, 7, 0, 14, 0.00
1734862836, 15445881, 0, 41, 0, 0, 0.14%, 7, 0, 14, 0.00
1734862841, 15467469, 0, 41, 0, 0, 0.14%, 7, 0, 14, 0.00
1734862846, 15489952, 0, 41, 0, 0, 0.14%, 7, 0, 14, 0.00
1734862851, 15511542, 0, 41, 0, 0, 0.14%, 7, 0, 14, 0.00
1734862857, 15534841, 0, 41, 0, 0, 0.14%, 7, 0, 14, 0.00
1734862862, 15556466, 0, 41, 0, 0, 0.14%, 7, 0, 14, 0.00
1734862867, 15578917, 0, 41, 0, 0, 0.14%, 7, 0, 14, 0.00
1734862872, 15600608, 0, 41, 0, 0, 0.14%, 7, 0, 14, 0.00
1734862877, 15623045, 0, 41, 0, 0, 0.14%, 7, 0, 14, 0.00
1734862883, 15644759, 0, 41, 0, 0, 0.14%, 7, 0, 14, 0.00
1734862888, 15666413, 0, 41, 0, 0, 0.14%, 7, 0, 14, 0.00
1734862893, 15688016, 0, 41, 0, 0, 0.14%, 7, 0, 14, 0.00
1734862898, 15709682, 0, 41, 0, 0, 0.14%, 7, 0, 14, 0.00
1734862903, 15732143, 0, 41, 0, 0, 0.14%, 7, 0, 14, 0.00
1734862909, 15753778, 0, 41, 0, 0, 0.14%, 7, 0, 14, 0.00
1734862914, 15775354, 0, 41, 0, 0, 0.14%, 7, 0, 14, 0.00
1734862919, 15797050, 0, 41, 0, 0, 0.14%, 7, 0, 14, 0.00
1734862924, 15820297, 0, 41, 0, 0, 0.14%, 7, 0, 14, 0.00
1734862929, 15841919, 0, 41, 0, 0, 0.14%, 7, 0, 14, 0.00
1734862935, 15863589, 0, 41, 0, 0, 0.14%, 7, 0, 14, 0.00
1734862940, 15884495, 0, 41, 0, 0, 0.14%, 7, 0, 14, 0.00
1734862945, 15906993, 0, 41, 0, 0, 0.14%, 7, 0, 14, 0.00
1734862950, 15928544, 0, 41, 0, 0, 0.14%, 7, 0, 14, 0.00
1734862955, 15950056, 0, 41, 0, 0, 0.14%, 7, 0, 14, 0.00
1734862961, 15972016, 0, 41, 0, 0, 0.14%, 7, 0, 14, 0.00
1734862966, 15994128, 0, 41, 0, 0, 0.14%, 7, 0, 14, 0.00
1734862971, 16015835, 0, 41, 0, 0, 0.14%, 7, 0, 14, 0.00
1734862976, 16038458, 0, 41, 0, 0, 0.14%, 7, 0, 14, 0.00
1734862981, 16060928, 0, 41, 0, 0, 0.14%, 7, 0, 14, 0.00
1734862987, 16082594, 0, 41, 0, 0, 0.14%, 7, 0, 14, 0.00
1734862992, 16104279, 0, 41, 0, 0, 0.14%, 7, 0, 14, 0.00
1734862997, 16127648, 0, 41, 0, 0, 0.14%, 7, 0, 14, 0.00
1734863002, 16149334, 0, 41, 0, 0, 0.14%, 7, 0, 14, 0.00
1734863007, 16170870, 0, 41, 0, 0, 0.14%, 7, 0, 14, 0.00
1734863013, 16192579, 0, 41, 0, 0, 0.14%, 7, 0, 14, 0.00
1734863018, 16214264, 0, 41, 0, 0, 0.14%, 7, 0, 14, 0.00
1734863023, 16236721, 0, 41, 0, 0, 0.14%, 7, 0, 14, 0.00
1734863028, 16258404, 0, 41, 0, 0, 0.14%, 7, 0, 14, 0.00
1734863033, 16280047, 0, 41, 0, 0, 0.14%, 7, 0, 14, 0.00
1734863039, 16302472, 0, 41, 0, 0, 0.14%, 7, 0, 14, 0.00
1734863044, 16324969, 0, 41, 0, 0, 0.14%, 7, 0, 14, 0.00
1734863049, 16346503, 0, 41, 0, 0, 0.14%, 7, 0, 14, 0.00
1734863054, 16368923, 0, 41, 0, 0, 0.14%, 7, 0, 14, 0.00
1734863059, 16390484, 0, 41, 0, 0, 0.14%, 7, 0, 14, 0.00
1734863065, 16413704, 0, 41, 0, 0, 0.14%, 7, 0, 14, 0.00
1734863070, 16436189, 0, 41, 0, 0, 0.14%, 7, 0, 14, 0.00
1734863075, 16458622, 0, 41, 0, 0, 0.14%, 7, 0, 14, 0.00
1734863080, 16480318, 0, 41, 0, 0, 0.14%, 7, 0, 14, 0.00
1734863085, 16501983, 0, 41, 0, 0, 0.14%, 7, 0, 14, 0.00
1734863091, 16523580, 0, 41, 0, 0, 0.14%, 7, 0, 14, 0.00
1734863096, 16545306, 0, 41, 0, 0, 0.14%, 7, 0, 14, 0.00
1734863101, 16567024, 0, 41, 0, 0, 0.14%, 7, 0, 14, 0.00
1734863106, 16589546, 0, 41, 0, 0, 0.14%, 7, 0, 14, 0.00
1734863111, 16611234, 0, 41, 0, 0, 0.14%, 7, 0, 14, 0.00
1734863117, 16632686, 0, 41, 0, 0, 0.14%, 7, 0, 14, 0.00
1734863122, 16654376, 0, 41, 0, 0, 0.14%, 7, 0, 14, 0.00
1734863127, 16677713, 0, 41, 0, 0, 0.14%, 7, 0, 14, 0.00
1734863132, 16699363, 0, 41, 0, 0, 0.14%, 7, 0, 14, 0.00
1734863137, 16721830, 0, 41, 0, 0, 0.14%, 7, 0, 14, 0.00
1734863143, 16743393, 0, 41, 0, 0, 0.14%, 7, 0, 14, 0.00
1734863148, 16765028, 0, 41, 0, 0, 0.14%, 7, 0, 14, 0.00
1734863153, 16786760, 0, 41, 0, 0, 0.14%, 7, 0, 14, 0.00
1734863158, 16808431, 0, 41, 0, 0, 0.14%, 7, 0, 14, 0.00
1734863163, 16831680, 0, 41, 0, 0, 0.14%, 7, 0, 14, 0.00
1734863169, 16853283, 0, 41, 0, 0, 0.14%, 7, 0, 14, 0.00
1734863174, 16874856, 0, 41, 0, 0, 0.14%, 7, 0, 14, 0.00
1734863179, 16897290, 0, 41, 0, 0, 0.14%, 7, 0, 14, 0.00
1734863184, 16918933, 0, 41, 0, 0, 0.14%, 7, 0, 14, 0.00
1734863189, 16942217, 0, 41, 0, 0, 0.14%, 7, 0, 14, 0.00
1734863195, 16963951, 0, 41, 0, 0, 0.14%, 7, 0, 14, 0.00
1734863200, 16985524, 0, 41, 0, 0, 0.14%, 7, 0, 14, 0.00
1734863205, 17008876, 0, 41, 0, 0, 0.14%, 7, 0, 14, 0.00
1734863210, 17030490, 0, 41, 0, 0, 0.14%, 7, 0, 14, 0.00
1734863215, 17052888, 0, 41, 0, 0, 0.14%, 7, 0, 14, 0.00
1734863221, 17074596, 0, 41, 0, 0, 0.14%, 7, 0, 14, 0.00
1734863226, 17096385, 0, 41, 0, 0, 0.14%, 7, 0, 14, 0.00
1734863231, 17117934, 0, 41, 0, 0, 0.14%, 7, 0, 14, 0.00
1734863236, 17141291, 0, 41, 0, 0, 0.14%, 7, 0, 14, 0.00
1734863241, 17163035, 0, 41, 0, 0, 0.14%, 7, 0, 14, 0.00
1734863247, 17185491, 0, 41, 0, 0, 0.14%, 7, 0, 14, 0.00
1734863252, 17207170, 0, 41, 0, 0, 0.14%, 7, 0, 14, 0.00
1734863257, 17229611, 0, 41, 0, 0, 0.14%, 7, 0, 14, 0.00
1734863262, 17251402, 0, 41, 0, 0, 0.14%, 7, 0, 14, 0.00
1734863267, 17273001, 0, 41, 0, 0, 0.14%, 7, 0, 14, 0.00
1734863273, 17294611, 0, 41, 0, 0, 0.14%, 7, 0, 14, 0.00
1734863278, 17316206, 0, 41, 0, 0, 0.14%, 7, 0, 14, 0.00
1734863283, 17337863, 0, 41, 0, 0, 0.14%, 7, 0, 14, 0.00
1734863288, 17360348, 0, 41, 0, 0, 0.14%, 7, 0, 14, 0.00
1734863293, 17382121, 0, 41, 0, 0, 0.14%, 7, 0, 14, 0.00
1734863299, 17403696, 0, 41, 0, 0, 0.14%, 7, 0, 14, 0.00
1734863304, 17427061, 0, 41, 0, 0, 0.14%, 7, 0, 14, 0.00
1734863309, 17448658, 0, 41, 0, 0, 0.14%, 7, 0, 14, 0.00
1734863314, 17471253, 0, 41, 0, 0, 0.14%, 7, 0, 14, 0.00
1734863319, 17492977, 0, 41, 0, 0, 0.14%, 7, 0, 14, 0.00
1734863325, 17515462, 0, 41, 0, 0, 0.14%, 7, 0, 14, 0.00
1734863330, 17537017, 0, 41, 0, 0, 0.14%, 7, 0, 14, 0.00
1734863335, 17558618, 0, 41, 0, 0, 0.14%, 7, 0, 14, 0.00
1734863340, 17581201, 0, 41, 0, 0, 0.14%, 7, 0, 14, 0.00
1734863345, 17602868, 0, 41, 0, 0, 0.14%, 7, 0, 14, 0.00
1734863351, 17624552, 0, 41, 0, 0, 0.14%, 7, 0, 14, 0.00
1734863356, 17646966, 0, 41, 0, 0, 0.14%, 7, 0, 14, 0.00
1734863361, 17668650, 0, 41, 0, 0, 0.14%, 7, 0, 14, 0.00
1734863366, 17690288, 0, 41, 0, 0, 0.14%, 7, 0, 14, 0.00
1734863371, 17712765, 0, 41, 0, 0, 0.14%, 7, 0, 14, 0.00
1734863377, 17735221, 0, 41, 0, 0, 0.14%, 7, 0, 14, 0.00
1734863382, 17756856, 0, 41, 0, 0, 0.14%, 7, 0, 14, 0.00
1734863387, 17779337, 0, 41, 0, 0, 0.14%, 7, 0, 14, 0.00
1734863392, 17801024, 0, 41, 0, 0, 0.14%, 7, 0, 14, 0.00
1734863397, 17824310, 0, 41, 0, 0, 0.14%, 7, 0, 14, 0.00
1734863403, 17845874, 0, 41, 0, 0, 0.14%, 7, 0, 14, 0.00
1734863408, 17867486, 0, 41, 0, 0, 0.14%, 7, 0, 14, 0.00
1734863413, 17889187, 0, 41, 0, 0, 0.14%, 7, 0, 14, 0.00
1734863418, 17910978, 0, 41, 0, 0, 0.14%, 7, 0, 14, 0.00
1734863423, 17932635, 0, 41, 0, 0, 0.14%, 7, 0, 14, 0.00
1734863429, 17954270, 0, 41, 0, 0, 0.14%, 7, 0, 14, 0.00
1734863434, 17975050, 0, 41, 0, 0, 0.14%, 7, 0, 14, 0.00
1734863439, 17997520, 0, 41, 0, 0, 0.14%, 7, 0, 14, 0.00
1734863444, 18019091, 0, 41, 0, 0, 0.14%, 7, 0, 14, 0.00
1734863449, 18040736, 0, 41, 0, 0, 0.14%, 7, 0, 14, 0.00
1734863455, 18062348, 0, 41, 0, 0, 0.14%, 7, 0, 14, 0.00
1734863460, 18085691, 0, 41, 0, 0, 0.14%, 7, 0, 14, 0.00
1734863465, 18107458, 0, 41, 0, 0, 0.14%, 7, 0, 14, 0.00
1734863470, 18128995, 0, 41, 0, 0, 0.14%, 7, 0, 14, 0.00
1734863475, 18152285, 0, 41, 0, 0, 0.14%, 7, 0, 14, 0.00
1734863481, 18173902, 0, 41, 0, 0, 0.14%, 7, 0, 14, 0.00
1734863486, 18195520, 0, 41, 0, 0, 0.14%, 7, 0, 14, 0.00
1734863491, 18217159, 0, 41, 0, 0, 0.14%, 7, 0, 14, 0.00
1734863496, 18239680, 0, 41, 0, 0, 0.14%, 7, 0, 14, 0.00
1734863501, 18261413, 0, 41, 0, 0, 0.14%, 7, 0, 14, 0.00
1734863507, 18284751, 0, 41, 0, 0, 0.14%, 7, 0, 14, 0.00
1734863512, 18305577, 0, 41, 0, 0, 0.14%, 7, 0, 14, 0.00
1734863517, 18327304, 0, 41, 0, 0, 0.14%, 7, 0, 14, 0.00
1734863522, 18350672, 0, 41, 0, 0, 0.14%, 7, 0, 14, 0.00
