# unix_time, cycles_done, cur_path, paths_total, pending_total, pending_favs, map_size, unique_crashes, unique_hangs, max_depth, execs_per_sec
1734827530, 0, 0, 10, 10, 1, 0.01%, 0, 0, 1, 36.26
1734827535, 0, 4, 10, 10, 1, 0.01%, 0, 0, 1, 36.37
1734827550, 1, 0, 10, 4, 0, 0.01%, 0, 0, 1, 43.70
1734827555, 1, 1, 10, 3, 0, 0.01%, 0, 0, 1, 46.35
1734827560, 1, 2, 10, 2, 0, 0.01%, 0, 0, 1, 44.17
1734827570, 1, 3, 10, 1, 0, 0.01%, 0, 0, 1, 44.42
1734827575, 1, 4, 10, 0, 0, 0.01%, 0, 0, 1, 48.00
1734827580, 1, 5, 10, 0, 0, 0.01%, 0, 0, 1, 44.70
1734827585, 1, 6, 10, 0, 0, 0.01%, 0, 0, 1, 46.78
1734827590, 1, 7, 10, 0, 0, 0.01%, 0, 0, 1, 44.11
1734827595, 1, 8, 10, 0, 0, 0.01%, 0, 0, 1, 44.77
1734827600, 1, 9, 10, 0, 0, 0.01%, 0, 0, 1, 44.21
1734827605, 2, 0, 10, 0, 0, 0.01%, 0, 0, 1, 44.61
1734827616, 2, 1, 10, 0, 0, 0.01%, 0, 0, 1, 45.90
1734827621, 2, 2, 10, 0, 0, 0.01%, 0, 0, 1, 44.84
1734827626, 2, 3, 10, 0, 0, 0.01%, 0, 0, 1, 46.53
1734827631, 2, 4, 10, 0, 0, 0.01%, 0, 0, 1, 44.81
1734827636, 2, 5, 10, 0, 0, 0.01%, 0, 0, 1, 46.26
1734827641, 2, 6, 10, 0, 0, 0.01%, 0, 0, 1, 46.37
1734827646, 2, 7, 10, 0, 0, 0.01%, 0, 0, 1, 45.56
1734827651, 2, 8, 10, 0, 0, 0.01%, 0, 0, 1, 46.32
1734827656, 2, 9, 10, 0, 0, 0.01%, 0, 0, 1, 44.61
1734827666, 3, 0, 10, 0, 0, 0.01%, 0, 0, 1, 44.23
1734827671, 3, 1, 10, 0, 0, 0.01%, 0, 0, 1, 44.86
1734827677, 3, 2, 10, 0, 0, 0.01%, 0, 0, 1, 44.33
1734827682, 3, 3, 10, 0, 0, 0.01%, 0, 0, 1, 46.65
1734827687, 3, 4, 10, 0, 0, 0.01%, 0, 0, 1, 44.43
1734827692, 3, 5, 10, 0, 0, 0.01%, 0, 0, 1, 44.54
1734827697, 3, 6, 10, 0, 0, 0.01%, 0, 0, 1, 45.07
1734827702, 3, 6, 11, 1, 0, 0.14%, 1, 0, 2, 44.12
1734827707, 4, 10, 11, 0, 0, 0.14%, 1, 0, 2, 51.95
1734827712, 4, 10, 12, 1, 0, 0.14%, 2, 0, 3, 48.22
1734827753, 5, 11, 12, 0, 0, 0.14%, 2, 0, 3, 75.22
1734827758, 5, 11, 13, 1, 0, 0.14%, 3, 0, 4, 61.73
1734827778, 5, 12, 13, 1, 1, 0.14%, 3, 0, 4, 63.74
1734827804, 5, 12, 14, 2, 1, 0.14%, 4, 0, 5, 50.25
1734827951, 5, 13, 14, 1, 1, 0.14%, 4, 0, 5, 56.19
1734827956, 5, 13, 15, 2, 1, 0.14%, 5, 0, 6, 72.27
1734827971, 5, 13, 16, 3, 1, 0.14%, 5, 0, 6, 51.81
1734827986, 5, 13, 17, 4, 1, 0.14%, 5, 0, 6, 50.43
1734828012, 5, 13, 18, 5, 1, 0.14%, 5, 0, 6, 49.34
1734828032, 5, 13, 19, 6, 1, 0.14%, 5, 0, 6, 48.95
1734828108, 5, 13, 20, 7, 1, 0.14%, 5, 0, 6, 44.75
1734828113, 5, 13, 21, 8, 1, 0.14%, 5, 0, 6, 60.27
1734828118, 5, 18, 21, 7, 2, 0.14%, 5, 0, 6, 60.42
1734828190, 5, 18, 22, 8, 2, 0.14%, 5, 0, 7, 56.67
1734828200, 5, 19, 22, 7, 2, 0.14%, 5, 0, 7, 90.63
1734828246, 5, 19, 24, 9, 2, 0.14%, 5, 0, 7, 70.09
1734828271, 5, 19, 25, 10, 2, 0.14%, 5, 0, 7, 65.78
1734828276, 5, 19, 26, 11, 2, 0.14%, 5, 0, 7, 68.70
1734828342, 5, 25, 26, 8, 1, 0.14%, 5, 0, 7, 90.95
1734828418, 6, 21, 26, 5, 0, 0.14%, 5, 0, 7, 63.02
1734828459, 6, 21, 27, 6, 0, 0.14%, 5, 0, 8, 51.68
1734828470, 6, 21, 28, 7, 0, 0.14%, 5, 0, 8, 56.15
1734828551, 6, 27, 28, 7, 1, 0.14%, 5, 0, 8, 48.21
1734828561, 7, 22, 28, 6, 0, 0.14%, 5, 0, 8, 86.64
1734828591, 7, 22, 29, 7, 0, 0.14%, 5, 0, 8, 70.47
1734828688, 7, 28, 29, 6, 1, 0.14%, 5, 0, 8, 95.33
1734828744, 7, 28, 30, 7, 1, 0.14%, 5, 0, 9, 63.43
1734828749, 7, 28, 31, 8, 1, 0.14%, 5, 0, 9, 65.15
1734828835, 7, 29, 31, 7, 2, 0.14%, 5, 0, 9, 66.65
1734828916, 7, 29, 32, 8, 2, 0.14%, 5, 0, 10, 57.51
1734828947, 7, 31, 32, 6, 1, 0.14%, 5, 0, 10, 77.51
1734828982, 7, 31, 33, 7, 1, 0.14%, 5, 0, 11, 61.24
1734829099, 7, 32, 33, 6, 1, 0.14%, 5, 0, 11, 83.00
1734829226, 7, 32, 34, 7, 1, 0.14%, 5, 0, 12, 61.60
1734829338, 7, 33, 34, 6, 1, 0.14%, 5, 0, 12, 56.71
1734829343, 8, 25, 34, 5, 0, 0.14%, 5, 0, 12, 63.26
1734829353, 8, 26, 34, 5, 0, 0.14%, 5, 0, 12, 53.99
1734829634, 8, 26, 36, 7, 0, 0.14%, 7, 0, 12, 101.70
1734831547, 8, 34, 36, 6, 2, 0.14%, 7, 0, 12, 54.74
1734831552, 9, 25, 36, 4, 0, 0.14%, 7, 0, 12, 53.36
1734831567, 10, 25, 36, 4, 0, 0.14%, 7, 0, 12, 60.87
1734831593, 11, 24, 36, 4, 0, 0.14%, 7, 0, 12, 51.67
1734831770, 14, 24, 36, 2, 0, 0.14%, 7, 0, 12, 61.53
1734831776, 15, 24, 36, 2, 0, 0.14%, 7, 0, 12, 76.68
1734831786, 16, 24, 36, 2, 0, 0.14%, 7, 0, 12, 64.49
1734831816, 16, 34, 36, 2, 0, 0.14%, 7, 0, 12, 94.82
1734832157, 17, 24, 36, 2, 0, 0.14%, 7, 0, 12, 64.61
1734832193, 18, 20, 36, 2, 0, 0.14%, 7, 0, 12, 58.79
1734832198, 18, 34, 36, 1, 0, 0.14%, 7, 0, 12, 63.66
1734832203, 19, 20, 36, 1, 0, 0.14%, 7, 0, 12, 81.09
1734832305, 19, 34, 36, 1, 0, 0.14%, 7, 0, 12, 61.92
1734832326, 20, 34, 36, 1, 0, 0.14%, 7, 0, 12, 66.48
1734832361, 21, 34, 36, 0, 0, 0.14%, 7, 0, 12, 59.71
1734832392, 22, 17, 36, 0, 0, 0.14%, 7, 0, 12, 80.33
1734832479, 22, 34, 36, 0, 0, 0.14%, 7, 0, 12, 64.45
1734832514, 23, 34, 36, 0, 0, 0.14%, 7, 0, 12, 65.74
1734832550, 27, 30, 36, 0, 0, 0.14%, 7, 0, 12, 84.02
1734832621, 28, 17, 36, 0, 0, 0.14%, 7, 0, 12, 68.76
1734832627, 29, 17, 36, 0, 0, 0.14%, 7, 0, 12, 66.68
1734832647, 30, 17, 36, 0, 0, 0.14%, 7, 0, 12, 77.87
1734832682, 31, 17, 36, 0, 0, 0.14%, 7, 0, 12, 67.66
1734832718, 32, 17, 36, 0, 0, 0.14%, 7, 0, 12, 65.77
1734832759, 33, 17, 36, 0, 0, 0.14%, 7, 0, 12, 62.09
1734832789, 33, 25, 36, 0, 0, 0.14%, 7, 0, 12, 62.66
1734832829, 34, 17, 36, 0, 0, 0.14%, 7, 0, 12, 59.43
1734832870, 34, 33, 36, 0, 0, 0.14%, 7, 0, 12, 83.63
1734833029, 35, 17, 36, 0, 0, 0.14%, 7, 0, 12, 65.44
1734833069, 35, 25, 36, 0, 0, 0.14%, 7, 0, 12, 60.85
1734833105, 36, 17, 36, 0, 0, 0.14%, 7, 0, 12, 67.82
1734833141, 41, 24, 36, 0, 0, 0.14%, 7, 0, 12, 75.80
1734833176, 43, 16, 36, 0, 0, 0.14%, 7, 0, 12, 80.44
1734833191, 43, 16, 37, 1, 0, 0.14%, 7, 0, 12, 71.77
1734833211, 43, 36, 37, 1, 1, 0.14%, 7, 0, 12, 55.80
1734833856, 46, 16, 37, 0, 0, 0.14%, 7, 0, 12, 67.19
1734833861, 55, 36, 37, 0, 0, 0.14%, 7, 0, 12, 81.55
1734833866, 55, 36, 38, 1, 0, 0.14%, 8, 0, 12, 86.15
1734833887, 55, 37, 38, 1, 1, 0.14%, 8, 0, 12, 51.73
1734834338, 56, 36, 38, 0, 0, 0.14%, 8, 0, 12, 69.60
1734834364, 57, 36, 38, 0, 0, 0.14%, 8, 0, 12, 76.32
1734834399, 58, 36, 38, 0, 0, 0.14%, 8, 0, 12, 71.08
1734834435, 60, 24, 38, 0, 0, 0.14%, 8, 0, 12, 72.62
1734834471, 66, 37, 38, 0, 0, 0.14%, 8, 0, 12, 81.39
1734834501, 67, 16, 38, 0, 0, 0.14%, 8, 0, 12, 70.91
1734834511, 67, 25, 38, 0, 0, 0.14%, 8, 0, 12, 66.08
1734834547, 67, 37, 38, 0, 0, 0.14%, 8, 0, 12, 67.04
1734834582, 68, 37, 38, 0, 0, 0.14%, 8, 0, 12, 71.32
1734834618, 69, 37, 38, 0, 0, 0.14%, 8, 0, 12, 82.42
1734834653, 70, 37, 38, 0, 0, 0.14%, 8, 0, 12, 75.28
1734834684, 75, 18, 38, 0, 0, 0.14%, 8, 0, 12, 62.31
1734834689, 78, 16, 38, 0, 0, 0.14%, 8, 0, 12, 59.12
1734834714, 82, 25, 38, 0, 0, 0.14%, 8, 0, 12, 62.29
1734834750, 84, 16, 38, 0, 0, 0.14%, 8, 0, 12, 68.51
1734834785, 85, 12, 38, 0, 0, 0.14%, 8, 0, 12, 59.94
1734834790, 86, 12, 38, 0, 0, 0.14%, 8, 0, 12, 66.85
1734834801, 86, 24, 38, 0, 0, 0.14%, 8, 0, 12, 69.46
1734834836, 87, 33, 38, 0, 0, 0.14%, 8, 0, 12, 72.20
1734834842, 88, 35, 38, 0, 0, 0.14%, 8, 0, 12, 97.99
1734835188, 89, 30, 38, 0, 0, 0.14%, 8, 0, 12, 62.30
1734835193, 91, 13, 38, 0, 0, 0.14%, 8, 0, 12, 61.04
1734835198, 95, 13, 38, 0, 0, 0.14%, 8, 0, 12, 62.92
1734835208, 95, 35, 38, 0, 0, 0.14%, 8, 0, 12, 66.60
1734835213, 97, 14, 38, 0, 0, 0.14%, 8, 0, 12, 61.61
1734835244, 99, 14, 38, 0, 0, 0.14%, 8, 0, 12, 62.54
1734835254, 101, 30, 38, 0, 0, 0.14%, 8, 0, 12, 62.35
1734835269, 104, 12, 38, 0, 0, 0.14%, 8, 0, 12, 55.94
1734835289, 106, 30, 38, 0, 0, 0.14%, 8, 0, 12, 65.77
1734835325, 109, 14, 38, 0, 0, 0.14%, 8, 0, 12, 62.74
1734835355, 113, 14, 38, 0, 0, 0.14%, 8, 0, 12, 59.56
1734835391, 113, 18, 38, 0, 0, 0.14%, 8, 0, 12, 60.65
1734835396, 113, 24, 38, 0, 0, 0.14%, 8, 0, 12, 61.82
1734835431, 114, 23, 38, 0, 0, 0.14%, 8, 0, 12, 71.12
1734835472, 114, 25, 38, 0, 0, 0.14%, 8, 0, 12, 69.23
1734835508, 114, 35, 38, 0, 0, 0.14%, 8, 0, 12, 65.63
1734835523, 117, 18, 38, 0, 0, 0.14%, 8, 0, 12, 58.99
1734835533, 121, 18, 38, 0, 0, 0.14%, 8, 0, 12, 64.13
1734835568, 124, 12, 38, 0, 0, 0.14%, 8, 0, 12, 62.42
1734835599, 130, 18, 38, 0, 0, 0.14%, 8, 0, 12, 61.04
1734835640, 130, 24, 38, 0, 0, 0.14%, 8, 0, 12, 72.14
1734835671, 131, 13, 38, 0, 0, 0.14%, 8, 0, 12, 69.84
1734835681, 137, 29, 38, 0, 0, 0.14%, 8, 0, 12, 58.62
1734835691, 137, 35, 38, 0, 0, 0.14%, 8, 0, 12, 66.48
1734835716, 139, 28, 38, 0, 0, 0.14%, 8, 0, 12, 65.94
1734835726, 140, 35, 38, 0, 0, 0.14%, 8, 0, 12, 66.87
1734835762, 143, 10, 38, 0, 0, 0.14%, 8, 0, 12, 60.05
1734835767, 143, 28, 38, 0, 0, 0.14%, 8, 0, 12, 64.14
1734835777, 145, 24, 38, 0, 0, 0.14%, 8, 0, 12, 62.42
1734835813, 148, 13, 38, 0, 0, 0.14%, 8, 0, 12, 62.68
1734835838, 148, 14, 38, 0, 0, 0.14%, 8, 0, 12, 62.39
1734835873, 148, 25, 38, 0, 0, 0.14%, 8, 0, 12, 73.79
1734835914, 149, 30, 38, 0, 0, 0.14%, 8, 0, 12, 63.26
1734835949, 149, 31, 38, 0, 0, 0.14%, 8, 0, 12, 64.08
1734835959, 149, 35, 38, 0, 0, 0.14%, 8, 0, 12, 63.26
1734835990, 150, 23, 38, 0, 0, 0.14%, 8, 0, 12, 63.85
1734836000, 150, 35, 38, 0, 0, 0.14%, 8, 0, 12, 67.92
1734836035, 151, 25, 38, 0, 0, 0.14%, 8, 0, 12, 60.09
1734836076, 153, 25, 38, 0, 0, 0.14%, 8, 0, 12, 61.31
1734836111, 155, 29, 38, 0, 0, 0.14%, 8, 0, 12, 60.27
1734836127, 156, 14, 38, 0, 0, 0.14%, 8, 0, 12, 63.10
1734836167, 159, 31, 38, 0, 0, 0.14%, 8, 0, 12, 62.98
1734836177, 160, 16, 38, 0, 0, 0.14%, 8, 0, 12, 67.57
1734836218, 160, 23, 38, 0, 0, 0.14%, 8, 0, 12, 69.99
1734836228, 162, 28, 38, 0, 0, 0.14%, 8, 0, 12, 63.51
1734836263, 162, 30, 38, 0, 0, 0.14%, 8, 0, 12, 66.42
1734836299, 164, 24, 38, 0, 0, 0.14%, 8, 0, 12, 69.42
1734836334, 165, 31, 38, 0, 0, 0.14%, 8, 0, 12, 64.11
1734836365, 167, 12, 38, 0, 0, 0.14%, 8, 0, 12, 61.50
1734836405, 170, 32, 38, 0, 0, 0.14%, 8, 0, 12, 73.65
1734836411, 171, 18, 38, 0, 0, 0.14%, 8, 0, 12, 65.48
1734836451, 172, 16, 38, 0, 0, 0.14%, 8, 0, 12, 59.74
1734836487, 172, 23, 38, 0, 0, 0.14%, 8, 0, 12, 65.15
1734836518, 174, 23, 38, 0, 0, 0.14%, 8, 0, 12, 66.58
1734836553, 174, 30, 38, 0, 0, 0.14%, 8, 0, 12, 68.19
1734836588, 175, 28, 38, 0, 0, 0.14%, 8, 0, 12, 60.01
1734836624, 175, 29, 38, 0, 0, 0.14%, 8, 0, 12, 65.48
1734836645, 176, 30, 38, 0, 0, 0.14%, 8, 0, 12, 63.94
1734836685, 178, 24, 38, 0, 0, 0.14%, 8, 0, 12, 72.97
1734836721, 180, 14, 38, 0, 0, 0.14%, 8, 0, 12, 56.10
1734836756, 182, 13, 38, 0, 0, 0.14%, 8, 0, 12, 68.27
1734836797, 184, 31, 38, 0, 0, 0.14%, 8, 0, 12, 59.02
1734836832, 188, 23, 38, 0, 0, 0.14%, 8, 0, 12, 65.46
1734836868, 188, 29, 38, 0, 0, 0.14%, 8, 0, 12, 58.96
1734836903, 191, 32, 38, 0, 0, 0.14%, 8, 0, 12, 65.09
1734836924, 193, 10, 38, 0, 0, 0.14%, 8, 0, 12, 61.94
1734836929, 193, 24, 38, 0, 0, 0.14%, 8, 0, 12, 73.40
1734836964, 194, 13, 38, 0, 0, 0.14%, 8, 0, 12, 61.42
1734837000, 194, 35, 38, 0, 0, 0.14%, 8, 0, 12, 66.81
1734837030, 196, 16, 38, 0, 0, 0.14%, 8, 0, 12, 55.68
1734837071, 196, 26, 38, 0, 0, 0.14%, 8, 0, 12, 73.70
1734837076, 197, 15, 38, 0, 0, 0.14%, 8, 0, 12, 71.02
1734837101, 197, 18, 38, 0, 0, 0.14%, 8, 0, 12, 59.20
1734837142, 198, 24, 38, 0, 0, 0.14%, 8, 0, 12, 67.14
1734837147, 201, 24, 38, 0, 0, 0.14%, 8, 0, 12, 65.84
1734837157, 203, 16, 38, 0, 0, 0.14%, 8, 0, 12, 58.19
1734837193, 204, 13, 38, 0, 0, 0.14%, 8, 0, 12, 66.10
1734837228, 204, 29, 38, 0, 0, 0.14%, 8, 0, 12, 59.81
1734837269, 205, 26, 38, 0, 0, 0.14%, 8, 0, 12, 76.87
1734837284, 206, 32, 38, 0, 0, 0.14%, 8, 0, 12, 61.16
1734837325, 207, 24, 38, 0, 0, 0.14%, 8, 0, 12, 68.27
1734837330, 208, 18, 38, 0, 0, 0.14%, 8, 0, 12, 63.09
1734837371, 209, 10, 38, 0, 0, 0.14%, 8, 0, 12, 56.54
1734837376, 210, 16, 38, 0, 0, 0.14%, 8, 0, 12, 60.80
1734837416, 213, 10, 38, 0, 0, 0.14%, 8, 0, 12, 56.10
1734837432, 213, 29, 38, 0, 0, 0.14%, 8, 0, 12, 59.87
1734837472, 215, 22, 38, 0, 0, 0.14%, 8, 0, 12, 62.78
1734837477, 215, 28, 38, 0, 0, 0.14%, 8, 0, 12, 64.98
1734837513, 215, 32, 38, 0, 0, 0.14%, 8, 0, 12, 79.55
1734837548, 216, 11, 38, 0, 0, 0.14%, 8, 0, 12, 57.35
1734837553, 216, 12, 38, 0, 0, 0.14%, 8, 0, 12, 59.64
1734837594, 217, 14, 38, 0, 0, 0.14%, 8, 0, 12, 61.25
1734837629, 218, 19, 38, 0, 0, 0.14%, 8, 0, 12, 66.56
1734837634, 219, 14, 38, 0, 0, 0.14%, 8, 0, 12, 58.99
1734837675, 219, 32, 38, 0, 0, 0.14%, 8, 0, 12, 73.01
1734837705, 224, 28, 38, 0, 0, 0.14%, 8, 0, 12, 63.67
1734837746, 226, 10, 38, 0, 0, 0.14%, 8, 0, 12, 63.96
1734837776, 229, 10, 38, 0, 0, 0.14%, 8, 0, 12, 58.06
1734837817, 229, 32, 38, 0, 0, 0.14%, 8, 0, 12, 67.21
1734837852, 230, 10, 38, 0, 0, 0.14%, 8, 0, 12, 57.80
1734837898, 230, 13, 38, 0, 0, 0.14%, 8, 0, 12, 61.74
1734837933, 231, 16, 38, 0, 0, 0.14%, 8, 0, 12, 61.53
1734837969, 233, 16, 38, 0, 0, 0.14%, 8, 0, 12, 60.17
1734838009, 235, 25, 38, 0, 0, 0.14%, 8, 0, 12, 58.97
1734838044, 235, 33, 38, 0, 0, 0.14%, 8, 0, 12, 62.47
1734838060, 241, 24, 38, 0, 0, 0.14%, 8, 0, 12, 65.62
1734838065, 241, 29, 38, 0, 0, 0.14%, 8, 0, 12, 64.51
1734838105, 243, 14, 38, 0, 0, 0.14%, 8, 0, 12, 65.57
1734838140, 244, 28, 38, 0, 0, 0.14%, 8, 0, 12, 52.01
1734838176, 245, 30, 38, 0, 0, 0.14%, 8, 0, 12, 60.00
1734838212, 247, 25, 38, 0, 0, 0.14%, 8, 0, 12, 61.27
1734838252, 248, 28, 38, 0, 0, 0.14%, 8, 0, 12, 55.69
1734838288, 249, 11, 38, 0, 0, 0.14%, 8, 0, 12, 63.71
1734838293, 250, 15, 38, 0, 0, 0.14%, 8, 0, 12, 62.69
1734838298, 251, 15, 38, 0, 0, 0.14%, 8, 0, 12, 66.71
1734838308, 255, 23, 38, 0, 0, 0.14%, 8, 0, 12, 62.40
1734838344, 257, 19, 38, 0, 0, 0.14%, 8, 0, 12, 67.52
1734838364, 257, 20, 38, 0, 0, 0.14%, 8, 0, 12, 63.54
1734838374, 258, 15, 38, 0, 0, 0.14%, 8, 0, 12, 56.55
1734838389, 258, 22, 38, 0, 0, 0.14%, 8, 0, 12, 72.86
1734838410, 258, 24, 38, 0, 0, 0.14%, 8, 0, 12, 65.58
1734838415, 259, 30, 38, 0, 0, 0.14%, 8, 0, 12, 66.42
1734838450, 261, 15, 38, 0, 0, 0.14%, 8, 0, 12, 69.24
1734838481, 263, 33, 38, 0, 0, 0.14%, 8, 0, 12, 71.27
1734838506, 265, 18, 38, 0, 0, 0.14%, 8, 0, 12, 59.56
1734838541, 265, 20, 38, 0, 0, 0.14%, 8, 0, 12, 63.35
1734838567, 265, 26, 38, 0, 0, 0.14%, 8, 0, 12, 73.82
1734838592, 270, 13, 38, 0, 0, 0.14%, 8, 0, 12, 61.45
1734838628, 271, 13, 38, 0, 0, 0.14%, 8, 0, 12, 65.97
1734838668, 271, 18, 38, 0, 0, 0.14%, 8, 0, 12, 63.19
1734838709, 273, 22, 38, 0, 0, 0.14%, 8, 0, 12, 69.17
1734838744, 274, 11, 38, 0, 0, 0.14%, 8, 0, 12, 55.88
1734838759, 276, 14, 38, 0, 0, 0.14%, 8, 0, 12, 63.91
1734838795, 278, 23, 38, 0, 0, 0.14%, 8, 0, 12, 55.88
1734838836, 278, 27, 38, 0, 0, 0.14%, 8, 0, 12, 122.25
1734839905, 279, 28, 38, 0, 0, 0.14%, 8, 0, 12, 67.32
1734839940, 280, 26, 38, 0, 0, 0.14%, 8, 0, 12, 65.43
1734839976, 283, 31, 38, 0, 0, 0.14%, 8, 0, 12, 60.75
1734840012, 284, 22, 38, 0, 0, 0.14%, 8, 0, 12, 70.36
1734840047, 285, 22, 38, 0, 0, 0.14%, 8, 0, 12, 72.12
1734840083, 287, 21, 38, 0, 0, 0.14%, 8, 0, 12, 68.41
1734840088, 289, 12, 38, 0, 0, 0.14%, 8, 0, 12, 59.92
1734840123, 289, 26, 38, 0, 0, 0.14%, 8, 0, 12, 76.45
1734840159, 290, 24, 38, 0, 0, 0.14%, 8, 0, 12, 66.51
1734840164, 292, 24, 38, 0, 0, 0.14%, 8, 0, 12, 65.40
1734840174, 293, 21, 38, 0, 0, 0.14%, 8, 0, 12, 57.34
1734840184, 293, 22, 38, 0, 0, 0.14%, 8, 0, 12, 68.89
1734840220, 293, 28, 38, 0, 0, 0.14%, 8, 0, 12, 67.09
1734840260, 294, 11, 38, 0, 0, 0.14%, 8, 0, 12, 55.28
1734840281, 297, 14, 38, 0, 0, 0.14%, 8, 0, 12, 61.34
1734840322, 297, 18, 38, 0, 0, 0.14%, 8, 0, 12, 60.20
1734840357, 297, 22, 38, 0, 0, 0.14%, 8, 0, 12, 73.93
1734840393, 297, 26, 38, 0, 0, 0.14%, 8, 0, 12, 64.76
1734840429, 298, 15, 38, 0, 0, 0.14%, 8, 0, 12, 62.99
1734840469, 298, 24, 38, 0, 0, 0.14%, 8, 0, 12, 69.14
1734840474, 300, 23, 38, 0, 0, 0.14%, 8, 0, 12, 67.03
1734840510, 302, 19, 38, 0, 0, 0.14%, 8, 0, 12, 64.68
1734840540, 303, 31, 38, 0, 0, 0.14%, 8, 0, 12, 64.64
1734840581, 304, 19, 38, 0, 0, 0.14%, 8, 0, 12, 64.92
1734840612, 304, 25, 38, 0, 0, 0.14%, 8, 0, 12, 70.73
1734840647, 305, 33, 38, 0, 0, 0.14%, 8, 0, 12, 71.18
1734840682, 307, 15, 38, 0, 0, 0.14%, 8, 0, 12, 66.48
1734840723, 308, 25, 38, 0, 0, 0.14%, 8, 0, 12, 61.33
1734840764, 309, 24, 38, 0, 0, 0.14%, 8, 0, 12, 62.45
1734840769, 309, 25, 38, 0, 0, 0.14%, 8, 0, 12, 61.86
1734840774, 309, 32, 38, 0, 0, 0.14%, 8, 0, 12, 64.13
1734840814, 310, 24, 38, 0, 0, 0.14%, 8, 0, 12, 64.34
1734840819, 311, 15, 38, 0, 0, 0.14%, 8, 0, 12, 61.52
1734840860, 311, 26, 38, 0, 0, 0.14%, 8, 0, 12, 71.63
1734840896, 312, 15, 38, 0, 0, 0.14%, 8, 0, 12, 59.68
1734840936, 314, 24, 38, 0, 0, 0.14%, 8, 0, 12, 67.42
1734840941, 315, 15, 38, 0, 0, 0.14%, 8, 0, 12, 61.74
1734840977, 316, 20, 38, 0, 0, 0.14%, 8, 0, 12, 69.08
1734841018, 317, 31, 38, 0, 0, 0.14%, 8, 0, 12, 59.89
1734841053, 324, 11, 38, 0, 0, 0.14%, 8, 0, 12, 54.29
1734841094, 324, 23, 38, 0, 0, 0.14%, 8, 0, 12, 61.20
1734841135, 325, 11, 38, 0, 0, 0.14%, 8, 0, 12, 58.08
1734841170, 330, 23, 38, 0, 0, 0.14%, 8, 0, 12, 64.46
1734841205, 331, 21, 38, 0, 0, 0.14%, 8, 0, 12, 56.76
1734841226, 334, 23, 38, 0, 0, 0.14%, 8, 0, 12, 56.77
1734841266, 338, 12, 38, 0, 0, 0.14%, 8, 0, 12, 57.77
1734841302, 344, 24, 38, 0, 0, 0.14%, 8, 0, 12, 70.80
1734841312, 350, 13, 38, 0, 0, 0.14%, 8, 0, 12, 59.80
1734841347, 351, 22, 38, 0, 0, 0.14%, 8, 0, 12, 65.56
1734841383, 354, 20, 38, 0, 0, 0.14%, 8, 0, 12, 61.73
1734841423, 354, 22, 38, 0, 0, 0.14%, 8, 0, 12, 70.20
1734841459, 355, 22, 38, 0, 0, 0.14%, 8, 0, 12, 70.54
1734841494, 356, 25, 38, 0, 0, 0.14%, 8, 0, 12, 63.77
1734841504, 358, 13, 38, 0, 0, 0.14%, 8, 0, 12, 61.02
1734841540, 359, 19, 38, 0, 0, 0.14%, 8, 0, 12, 68.61
1734841580, 361, 12, 38, 0, 0, 0.14%, 8, 0, 12, 56.23
1734841616, 361, 19, 38, 0, 0, 0.14%, 8, 0, 12, 68.51
1734841647, 365, 24, 38, 0, 0, 0.14%, 8, 0, 12, 69.93
1734841657, 366, 12, 38, 0, 0, 0.14%, 8, 0, 12, 58.83
1734841692, 371, 12, 38, 0, 0, 0.14%, 8, 0, 12, 59.81
1734841733, 378, 19, 38, 0, 0, 0.14%, 8, 0, 12, 72.22
1734841764, 379, 19, 38, 0, 0, 0.14%, 8, 0, 12, 67.60
1734841799, 380, 33, 38, 0, 0, 0.14%, 8, 0, 12, 57.31
1734841835, 385, 33, 38, 0, 0, 0.14%, 8, 0, 12, 57.96
1734841875, 387, 21, 38, 0, 0, 0.14%, 8, 0, 12, 59.43
1734841911, 399, 20, 38, 0, 0, 0.14%, 8, 0, 12, 59.74
1734841946, 399, 24, 38, 0, 0, 0.14%, 8, 0, 12, 66.22
1734841957, 404, 33, 38, 0, 0, 0.14%, 8, 0, 12, 72.06
1734841992, 408, 24, 38, 0, 0, 0.14%, 8, 0, 12, 63.64
1734842002, 412, 21, 38, 0, 0, 0.14%, 8, 0, 12, 58.90
1734842038, 415, 25, 38, 0, 0, 0.14%, 8, 0, 12, 56.71
1734842048, 418, 24, 38, 0, 0, 0.14%, 8, 0, 12, 62.57
1734842053, 424, 32, 38, 0, 0, 0.14%, 8, 0, 12, 67.45
1734842089, 448, 20, 38, 0, 0, 0.14%, 8, 0, 12, 63.51
1734842129, 453, 25, 38, 0, 0, 0.14%, 8, 0, 12, 64.19
1734842134, 455, 33, 38, 0, 0, 0.14%, 8, 0, 12, 62.84
1734842175, 477, 24, 38, 0, 0, 0.14%, 8, 0, 12, 63.60
1734842180, 492, 24, 38, 0, 0, 0.14%, 8, 0, 12, 63.80
1734842185, 497, 24, 38, 0, 0, 0.14%, 8, 0, 12, 69.26
1734842195, 499, 21, 38, 0, 0, 0.14%, 8, 0, 12, 54.48
1734842230, 501, 25, 38, 0, 0, 0.14%, 8, 0, 12, 58.65
1734842240, 528, 24, 38, 0, 0, 0.14%, 8, 0, 12, 65.70
1734842245, 552, 24, 38, 0, 0, 0.14%, 8, 0, 12, 75.47
1734842250, 566, 25, 38, 0, 0, 0.14%, 8, 0, 12, 64.10
1734842261, 574, 24, 38, 0, 0, 0.14%, 8, 0, 12, 66.94
1734842266, 584, 24, 38, 0, 0, 0.14%, 8, 0, 12, 70.92
1734842271, 608, 25, 38, 0, 0, 0.14%, 8, 0, 12, 66.44
1734842281, 610, 24, 38, 0, 0, 0.14%, 8, 0, 12, 60.73
1734842286, 637, 25, 38, 0, 0, 0.14%, 8, 0, 12, 61.09
1734842291, 662, 24, 38, 0, 0, 0.14%, 8, 0, 12, 58.20
1734842301, 665, 25, 38, 0, 0, 0.14%, 8, 0, 12, 64.17
1734842306, 684, 25, 38, 0, 0, 0.14%, 8, 0, 12, 59.70
1734842316, 685, 24, 38, 0, 0, 0.14%, 8, 0, 12, 64.40
1734842322, 703, 25, 38, 0, 0, 0.14%, 8, 0, 12, 65.91
1734842327, 706, 25, 38, 0, 0, 0.14%, 8, 0, 12, 64.07
1734842337, 711, 25, 38, 0, 0, 0.14%, 8, 0, 12, 60.05
1734842342, 726, 24, 38, 0, 0, 0.14%, 8, 0, 12, 68.40
1734842347, 741, 25, 38, 0, 0, 0.14%, 8, 0, 12, 58.00
1734842357, 762, 25, 38, 0, 0, 0.14%, 8, 0, 12, 59.13
1734842362, 764, 25, 38, 0, 0, 0.14%, 8, 0, 12, 61.71
1734842372, 767, 25, 38, 0, 0, 0.14%, 8, 0, 12, 59.36
1734842378, 786, 24, 38, 0, 0, 0.14%, 8, 0, 12, 68.50
1734842383, 787, 24, 38, 0, 0, 0.14%, 8, 0, 12, 60.75
1734842393, 800, 25, 38, 0, 0, 0.14%, 8, 0, 12, 67.16
1734842398, 808, 25, 38, 0, 0, 0.14%, 8, 0, 12, 64.78
1734842408, 818, 25, 38, 0, 0, 0.14%, 8, 0, 12, 56.99
1734842413, 819, 25, 38, 0, 0, 0.14%, 8, 0, 12, 60.03
1734842418, 821, 25, 38, 0, 0, 0.14%, 8, 0, 12, 66.54
1734842428, 846, 25, 38, 0, 0, 0.14%, 8, 0, 12, 64.83
1734842433, 850, 25, 38, 0, 0, 0.14%, 8, 0, 12, 64.05
1734842443, 852, 24, 38, 0, 0, 0.14%, 8, 0, 12, 65.02
1734842448, 853, 25, 38, 0, 0, 0.14%, 8, 0, 12, 63.06
1734842453, 854, 24, 38, 0, 0, 0.14%, 8, 0, 12, 61.90
1734842463, 878, 24, 38, 0, 0, 0.14%, 8, 0, 12, 65.58
1734842468, 885, 25, 38, 0, 0, 0.14%, 8, 0, 12, 60.80
1734842473, 890, 25, 38, 0, 0, 0.14%, 8, 0, 12, 63.33
1734842484, 907, 25, 38, 0, 0, 0.14%, 8, 0, 12, 60.59
1734842489, 921, 24, 38, 0, 0, 0.14%, 8, 0, 12, 68.01
1734842494, 935, 24, 38, 0, 0, 0.14%, 8, 0, 12, 62.82
1734842504, 963, 24, 38, 0, 0, 0.14%, 8, 0, 12, 63.89
1734842509, 1009, 24, 38, 0, 0, 0.14%, 8, 0, 12, 66.87
1734842514, 1015, 24, 38, 0, 0, 0.14%, 8, 0, 12, 70.28
1734842524, 1024, 24, 38, 0, 0, 0.14%, 8, 0, 12, 70.23
1734842529, 1099, 24, 38, 0, 0, 0.14%, 8, 0, 12, 66.82
1734842534, 1100, 24, 38, 0, 0, 0.14%, 8, 0, 12, 66.71
1734842544, 1124, 24, 38, 0, 0, 0.14%, 8, 0, 12, 67.81
1734842549, 1157, 24, 38, 0, 0, 0.14%, 8, 0, 12, 72.19
1734842555, 1169, 24, 38, 0, 0, 0.14%, 8, 0, 12, 70.80
1734842560, 1174, 0, 38, 0, 0, 0.14%, 8, 0, 12, 70.66
1734842565, 1180, 24, 38, 0, 0, 0.14%, 8, 0, 12, 61.32
1734842570, 1208, 24, 38, 0, 0, 0.14%, 8, 0, 12, 66.10
1734842575, 1210, 24, 38, 0, 0, 0.14%, 8, 0, 12, 68.13
1734842585, 1218, 24, 38, 0, 0, 0.14%, 8, 0, 12, 66.64
1734842590, 1228, 24, 38, 0, 0, 0.14%, 8, 0, 12, 68.45
1734842595, 1244, 24, 38, 0, 0, 0.14%, 8, 0, 12, 67.40
1734842600, 1278, 24, 38, 0, 0, 0.14%, 8, 0, 12, 71.07
1734842611, 1299, 24, 38, 0, 0, 0.14%, 8, 0, 12, 74.28
1734842616, 1319, 24, 38, 0, 0, 0.14%, 8, 0, 12, 65.13
1734842621, 1328, 24, 38, 0, 0, 0.14%, 8, 0, 12, 66.98
1734842631, 1341, 24, 38, 0, 0, 0.14%, 8, 0, 12, 70.12
1734842636, 1349, 24, 38, 0, 0, 0.14%, 8, 0, 12, 71.84
1734842641, 1357, 24, 38, 0, 0, 0.14%, 8, 0, 12, 66.50
1734842646, 1383, 24, 38, 0, 0, 0.14%, 8, 0, 12, 62.22
1734842656, 1418, 24, 38, 0, 0, 0.14%, 8, 0, 12, 68.47
1734842662, 1420, 24, 38, 0, 0, 0.14%, 8, 0, 12, 67.44
1734842667, 1465, 24, 38, 0, 0, 0.14%, 8, 0, 12, 63.93
1734842672, 1468, 24, 38, 0, 0, 0.14%, 8, 0, 12, 68.96
1734842682, 1497, 24, 38, 0, 0, 0.14%, 8, 0, 12, 64.63
1734842687, 1633, 24, 38, 0, 0, 0.14%, 8, 0, 12, 67.63
1734842692, 1666, 24, 38, 0, 0, 0.14%, 8, 0, 12, 67.11
1734842702, 1723, 24, 38, 0, 0, 0.14%, 8, 0, 12, 64.98
1734842707, 1726, 24, 38, 0, 0, 0.14%, 8, 0, 12, 73.17
1734842712, 1756, 24, 38, 0, 0, 0.14%, 8, 0, 12, 73.23
1734842717, 1781, 24, 38, 0, 0, 0.14%, 8, 0, 12, 69.29
1734842728, 1823, 24, 38, 0, 0, 0.14%, 8, 0, 12, 66.08
1734842733, 1826, 24, 38, 0, 0, 0.14%, 8, 0, 12, 68.14
1734842738, 1827, 24, 38, 0, 0, 0.14%, 8, 0, 12, 59.95
1734842748, 1933, 24, 38, 0, 0, 0.14%, 8, 0, 12, 62.10
1734842753, 1981, 24, 38, 0, 0, 0.14%, 8, 0, 12, 70.21
1734842758, 3851, 0, 38, 0, 0, 0.14%, 8, 0, 12, 0.00
1734842764, 17664, 0, 38, 0, 0, 0.14%, 8, 0, 12, 0.00
1734842769, 31509, 0, 38, 0, 0, 0.14%, 8, 0, 12, 0.00
1734842774, 44779, 0, 38, 0, 0, 0.14%, 8, 0, 12, 0.00
1734842779, 59128, 0, 38, 0, 0, 0.14%, 8, 0, 12, 0.00
1734842784, 72327, 0, 38, 0, 0, 0.14%, 8, 0, 12, 0.00
1734842790, 86144, 0, 38, 0, 0, 0.14%, 8, 0, 12, 0.00
1734842795, 99922, 0, 38, 0, 0, 0.14%, 8, 0, 12, 0.00
1734842800, 113241, 0, 38, 0, 0, 0.14%, 8, 0, 12, 0.00
1734842805, 126529, 0, 38, 0, 0, 0.14%, 8, 0, 12, 0.00
1734842810, 139931, 0, 38, 0, 0, 0.14%, 8, 0, 12, 0.00
1734842816, 154066, 0, 38, 0, 0, 0.14%, 8, 0, 12, 0.00
1734842821, 168413, 0, 38, 0, 0, 0.14%, 8, 0, 12, 0.00
1734842826, 182231, 0, 38, 0, 0, 0.14%, 8, 0, 12, 0.00
1734842831, 196050, 0, 38, 0, 0, 0.14%, 8, 0, 12, 0.00
1734842836, 210372, 0, 38, 0, 0, 0.14%, 8, 0, 12, 0.00
1734842842, 224247, 0, 38, 0, 0, 0.14%, 8, 0, 12, 0.00
1734842847, 238050, 0, 38, 0, 0, 0.14%, 8, 0, 12, 0.00
1734842852, 251847, 0, 38, 0, 0, 0.14%, 8, 0, 12, 0.00
1734842857, 265317, 0, 38, 0, 0, 0.14%, 8, 0, 12, 0.00
1734842862, 279436, 0, 38, 0, 0, 0.14%, 8, 0, 12, 0.00
1734842868, 293278, 0, 38, 0, 0, 0.14%, 8, 0, 12, 0.00
1734842873, 307063, 0, 38, 0, 0, 0.14%, 8, 0, 12, 0.00
1734842878, 320895, 0, 38, 0, 0, 0.14%, 8, 0, 12, 0.00
1734842883, 334690, 0, 38, 0, 0, 0.14%, 8, 0, 12, 0.00
1734842888, 348534, 0, 38, 0, 0, 0.14%, 8, 0, 12, 0.00
1734842894, 362363, 0, 38, 0, 0, 0.14%, 8, 0, 12, 0.00
1734842899, 376128, 0, 38, 0, 0, 0.14%, 8, 0, 12, 0.00
1734842904, 390418, 0, 38, 0, 0, 0.14%, 8, 0, 12, 0.00
1734842909, 403681, 0, 38, 0, 0, 0.14%, 8, 0, 12, 0.00
1734842914, 418024, 0, 38, 0, 0, 0.14%, 8, 0, 12, 0.00
1734842920, 431256, 0, 38, 0, 0, 0.14%, 8, 0, 12, 0.00
1734842925, 445078, 0, 38, 0, 0, 0.14%, 8, 0, 12, 0.00
1734842930, 458886, 0, 38, 0, 0, 0.14%, 8, 0, 12, 0.00
1734842935, 472654, 0, 38, 0, 0, 0.14%, 8, 0, 12, 0.00
1734842940, 485916, 0, 38, 0, 0, 0.14%, 8, 0, 12, 0.00
1734842946, 499732, 0, 38, 0, 0, 0.14%, 8, 0, 12, 0.00
1734842951, 513564, 0, 38, 0, 0, 0.14%, 8, 0, 12, 0.00
1734842956, 526856, 0, 38, 0, 0, 0.14%, 8, 0, 12, 0.00
1734842961, 541180, 0, 38, 0, 0, 0.14%, 8, 0, 12, 0.00
1734842966, 555016, 0, 38, 0, 0, 0.14%, 8, 0, 12, 0.00
1734842972, 568836, 0, 38, 0, 0, 0.14%, 8, 0, 12, 0.00
1734842977, 582124, 0, 38, 0, 0, 0.14%, 8, 0, 12, 0.00
1734842982, 595386, 0, 38, 0, 0, 0.14%, 8, 0, 12, 0.00
1734842987, 609737, 0, 38, 0, 0, 0.14%, 8, 0, 12, 0.00
1734842992, 623064, 0, 38, 0, 0, 0.14%, 8, 0, 12, 0.00
1734842998, 636811, 0, 38, 0, 0, 0.14%, 8, 0, 12, 0.00
1734843003, 650668, 0, 38, 0, 0, 0.14%, 8, 0, 12, 0.00
1734843008, 664485, 0, 38, 0, 0, 0.14%, 8, 0, 12, 0.00
1734843013, 678288, 0, 38, 0, 0, 0.14%, 8, 0, 12, 0.00
1734843018, 692097, 0, 38, 0, 0, 0.14%, 8, 0, 12, 0.00
1734843024, 705957, 0, 38, 0, 0, 0.14%, 8, 0, 12, 0.00
1734843029, 719767, 0, 38, 0, 0, 0.14%, 8, 0, 12, 0.00
1734843034, 733056, 0, 38, 0, 0, 0.14%, 8, 0, 12, 0.00
1734843039, 747383, 0, 38, 0, 0, 0.14%, 8, 0, 12, 0.00
1734843044, 760610, 0, 38, 0, 0, 0.14%, 8, 0, 12, 0.00
1734843050, 773867, 0, 38, 0, 0, 0.14%, 8, 0, 12, 0.00
1734843055, 787643, 0, 38, 0, 0, 0.14%, 8, 0, 12, 0.00
1734843060, 801479, 0, 38, 0, 0, 0.14%, 8, 0, 12, 0.00
1734843065, 814977, 0, 38, 0, 0, 0.14%, 8, 0, 12, 0.00
1734843070, 829024, 0, 38, 0, 0, 0.14%, 8, 0, 12, 0.00
1734843076, 842852, 0, 38, 0, 0, 0.14%, 8, 0, 12, 0.00
1734843081, 856949, 0, 38, 0, 0, 0.14%, 8, 0, 12, 0.00
1734843086, 871029, 0, 38, 0, 0, 0.14%, 8, 0, 12, 0.00
1734843091, 884420, 0, 38, 0, 0, 0.14%, 8, 0, 12, 0.00
1734843096, 897652, 0, 38, 0, 0, 0.14%, 8, 0, 12, 0.00
1734843102, 911483, 0, 38, 0, 0, 0.14%, 8, 0, 12, 0.00
1734843107, 925280, 0, 38, 0, 0, 0.14%, 8, 0, 12, 0.00
1734843112, 939365, 0, 38, 0, 0, 0.14%, 8, 0, 12, 0.00
1734843117, 953474, 0, 38, 0, 0, 0.14%, 8, 0, 12, 0.00
1734843122, 966766, 0, 38, 0, 0, 0.14%, 8, 0, 12, 0.00
1734843128, 980559, 0, 38, 0, 0, 0.14%, 8, 0, 12, 0.00
1734843133, 994291, 0, 38, 0, 0, 0.14%, 8, 0, 12, 0.00
1734843138, 1008091, 0, 38, 0, 0, 0.14%, 8, 0, 12, 0.00
1734843143, 1021823, 0, 38, 0, 0, 0.14%, 8, 0, 12, 0.00
1734843148, 1035122, 0, 38, 0, 0, 0.14%, 8, 0, 12, 0.00
1734843154, 1048884, 0, 38, 0, 0, 0.14%, 8, 0, 12, 0.00
1734843159, 1062693, 0, 38, 0, 0, 0.14%, 8, 0, 12, 0.00
1734843164, 1076450, 0, 38, 0, 0, 0.14%, 8, 0, 12, 0.00
1734843169, 1090272, 0, 38, 0, 0, 0.14%, 8, 0, 12, 0.00
1734843174, 1103572, 0, 38, 0, 0, 0.14%, 8, 0, 12, 0.00
1734843180, 1116844, 0, 38, 0, 0, 0.14%, 8, 0, 12, 0.00
1734843185, 1130101, 0, 38, 0, 0, 0.14%, 8, 0, 12, 0.00
1734843190, 1144229, 0, 38, 0, 0, 0.14%, 8, 0, 12, 0.00
1734843195, 1157740, 0, 38, 0, 0, 0.14%, 8, 0, 12, 0.00
1734843200, 1171488, 0, 38, 0, 0, 0.14%, 8, 0, 12, 0.00
1734843206, 1184692, 0, 38, 0, 0, 0.14%, 8, 0, 12, 0.00
1734843211, 1198477, 0, 38, 0, 0, 0.14%, 8, 0, 12, 0.00
1734843216, 1212828, 0, 38, 0, 0, 0.14%, 8, 0, 12, 0.00
1734843221, 1226687, 0, 38, 0, 0, 0.14%, 8, 0, 12, 0.00
1734843226, 1240504, 0, 38, 0, 0, 0.14%, 8, 0, 12, 0.00
1734843232, 1254360, 0, 38, 0, 0, 0.14%, 8, 0, 12, 0.00
1734843237, 1268201, 0, 38, 0, 0, 0.14%, 8, 0, 12, 0.00
1734843242, 1282031, 0, 38, 0, 0, 0.14%, 8, 0, 12, 0.00
1734843247, 1296399, 0, 38, 0, 0, 0.14%, 8, 0, 12, 0.00
1734843252, 1310197, 0, 38, 0, 0, 0.14%, 8, 0, 12, 0.00
1734843258, 1324549, 0, 38, 0, 0, 0.14%, 8, 0, 12, 0.00
1734843263, 1338275, 0, 38, 0, 0, 0.14%, 8, 0, 12, 0.00
1734843268, 1352070, 0, 38, 0, 0, 0.14%, 8, 0, 12, 0.00
1734843273, 1365889, 0, 38, 0, 0, 0.14%, 8, 0, 12, 0.00
1734843278, 1379115, 0, 38, 0, 0, 0.14%, 8, 0, 12, 0.00
1734843284, 1392338, 0, 38, 0, 0, 0.14%, 8, 0, 12, 0.00
1734843289, 1406670, 0, 38, 0, 0, 0.14%, 8, 0, 12, 0.00
1734843294, 1420493, 0, 38, 0, 0, 0.14%, 8, 0, 12, 0.00
1734843299, 1434290, 0, 38, 0, 0, 0.14%, 8, 0, 12, 0.00
1734843304, 1448098, 0, 38, 0, 0, 0.14%, 8, 0, 12, 0.00
1734843310, 1461904, 0, 38, 0, 0, 0.14%, 8, 0, 12, 0.00
1734843315, 1475678, 0, 38, 0, 0, 0.14%, 8, 0, 12, 0.00
1734843320, 1490040, 0, 38, 0, 0, 0.14%, 8, 0, 12, 0.00
1734843325, 1503802, 0, 38, 0, 0, 0.14%, 8, 0, 12, 0.00
1734843330, 1517560, 0, 38, 0, 0, 0.14%, 8, 0, 12, 0.00
1734843336, 1530780, 0, 38, 0, 0, 0.14%, 8, 0, 12, 0.00
1734843341, 1544571, 0, 38, 0, 0, 0.14%, 8, 0, 12, 0.00
1734843346, 1557881, 0, 38, 0, 0, 0.14%, 8, 0, 12, 0.00
1734843351, 1572172, 0, 38, 0, 0, 0.14%, 8, 0, 12, 0.00
1734843356, 1585440, 0, 38, 0, 0, 0.14%, 8, 0, 12, 0.00
1734843362, 1599227, 0, 38, 0, 0, 0.14%, 8, 0, 12, 0.00
1734843367, 1612485, 0, 38, 0, 0, 0.14%, 8, 0, 12, 0.00
1734843372, 1626302, 0, 38, 0, 0, 0.14%, 8, 0, 12, 0.00
1734843377, 1640117, 0, 38, 0, 0, 0.14%, 8, 0, 12, 0.00
1734843382, 1654497, 0, 38, 0, 0, 0.14%, 8, 0, 12, 0.00
1734843388, 1668289, 0, 38, 0, 0, 0.14%, 8, 0, 12, 0.00
1734843393, 1682149, 0, 38, 0, 0, 0.14%, 8, 0, 12, 0.00
1734843398, 1695931, 0, 38, 0, 0, 0.14%, 8, 0, 12, 0.00
1734843403, 1709220, 0, 38, 0, 0, 0.14%, 8, 0, 12, 0.00
1734843408, 1723602, 0, 38, 0, 0, 0.14%, 8, 0, 12, 0.00
1734843414, 1736898, 0, 38, 0, 0, 0.14%, 8, 0, 12, 0.00
1734843419, 1750648, 0, 38, 0, 0, 0.14%, 8, 0, 12, 0.00
1734843424, 1764485, 0, 38, 0, 0, 0.14%, 8, 0, 12, 0.00
1734843429, 1778294, 0, 38, 0, 0, 0.14%, 8, 0, 12, 0.00
1734843434, 1791563, 0, 38, 0, 0, 0.14%, 8, 0, 12, 0.00
1734843440, 1804859, 0, 38, 0, 0, 0.14%, 8, 0, 12, 0.00
1734843445, 1818662, 0, 38, 0, 0, 0.14%, 8, 0, 12, 0.00
1734843450, 1831931, 0, 38, 0, 0, 0.14%, 8, 0, 12, 0.00
1734843455, 1845724, 0, 38, 0, 0, 0.14%, 8, 0, 12, 0.00
1734843460, 1859539, 0, 38, 0, 0, 0.14%, 8, 0, 12, 0.00
1734843466, 1873930, 0, 38, 0, 0, 0.14%, 8, 0, 12, 0.00
1734843471, 1887714, 0, 38, 0, 0, 0.14%, 8, 0, 12, 0.00
1734843476, 1902615, 0, 38, 0, 0, 0.14%, 8, 0, 12, 0.00
1734843481, 1916381, 0, 38, 0, 0, 0.14%, 8, 0, 12, 0.00
1734843486, 1929726, 0, 38, 0, 0, 0.14%, 8, 0, 12, 0.00
1734843492, 1943473, 0, 38, 0, 0, 0.14%, 8, 0, 12, 0.00
1734843497, 1956781, 0, 38, 0, 0, 0.14%, 8, 0, 12, 0.00
1734843502, 1971090, 0, 38, 0, 0, 0.14%, 8, 0, 12, 0.00
1734843507, 1984876, 0, 38, 0, 0, 0.14%, 8, 0, 12, 0.00
1734843512, 1998586, 0, 38, 0, 0, 0.14%, 8, 0, 12, 0.00
1734843518, 2012406, 0, 38, 0, 0, 0.14%, 8, 0, 12, 0.00
1734843523, 2025657, 0, 38, 0, 0, 0.14%, 8, 0, 12, 0.00
1734843528, 2039952, 0, 38, 0, 0, 0.14%, 8, 0, 12, 0.00
1734843533, 2053739, 0, 38, 0, 0, 0.14%, 8, 0, 12, 0.00
1734843538, 2067553, 0, 38, 0, 0, 0.14%, 8, 0, 12, 0.00
1734843544, 2081295, 0, 38, 0, 0, 0.14%, 8, 0, 12, 0.00
1734843549, 2095099, 0, 38, 0, 0, 0.14%, 8, 0, 12, 0.00
1734843554, 2109428, 0, 38, 0, 0, 0.14%, 8, 0, 12, 0.00
1734843559, 2123260, 0, 38, 0, 0, 0.14%, 8, 0, 12, 0.00
1734843564, 2137555, 0, 38, 0, 0, 0.14%, 8, 0, 12, 0.00
1734843570, 2151315, 0, 38, 0, 0, 0.14%, 8, 0, 12, 0.00
1734843575, 2165163, 0, 38, 0, 0, 0.14%, 8, 0, 12, 0.00
1734843580, 2178995, 0, 38, 0, 0, 0.14%, 8, 0, 12, 0.00
1734843585, 2192837, 0, 38, 0, 0, 0.14%, 8, 0, 12, 0.00
1734843590, 2206583, 0, 38, 0, 0, 0.14%, 8, 0, 12, 0.00
1734843596, 2220901, 0, 38, 0, 0, 0.14%, 8, 0, 12, 0.00
1734843601, 2234689, 0, 38, 0, 0, 0.14%, 8, 0, 12, 0.00
1734843606, 2248460, 0, 38, 0, 0, 0.14%, 8, 0, 12, 0.00
1734843611, 2262261, 0, 38, 0, 0, 0.14%, 8, 0, 12, 0.00
1734843616, 2276127, 0, 38, 0, 0, 0.14%, 8, 0, 12, 0.00
1734843622, 2289946, 0, 38, 0, 0, 0.14%, 8, 0, 12, 0.00
1734843627, 2303225, 0, 38, 0, 0, 0.14%, 8, 0, 12, 0.00
1734843632, 2317541, 0, 38, 0, 0, 0.14%, 8, 0, 12, 0.00
1734843637, 2331369, 0, 38, 0, 0, 0.14%, 8, 0, 12, 0.00
1734843642, 2345167, 0, 38, 0, 0, 0.14%, 8, 0, 12, 0.00
1734843648, 2358920, 0, 38, 0, 0, 0.14%, 8, 0, 12, 0.00
1734843653, 2372691, 0, 38, 0, 0, 0.14%, 8, 0, 12, 0.00
1734843658, 2386474, 0, 38, 0, 0, 0.14%, 8, 0, 12, 0.00
1734843663, 2400301, 0, 38, 0, 0, 0.14%, 8, 0, 12, 0.00
1734843668, 2414044, 0, 38, 0, 0, 0.14%, 8, 0, 12, 0.00
1734843674, 2427899, 0, 38, 0, 0, 0.14%, 8, 0, 12, 0.00
1734843679, 2441163, 0, 38, 0, 0, 0.14%, 8, 0, 12, 0.00
1734843684, 2454935, 0, 38, 0, 0, 0.14%, 8, 0, 12, 0.00
1734843689, 2468753, 0, 38, 0, 0, 0.14%, 8, 0, 12, 0.00
1734843694, 2482542, 0, 38, 0, 0, 0.14%, 8, 0, 12, 0.00
1734843700, 2496357, 0, 38, 0, 0, 0.14%, 8, 0, 12, 0.00
1734843705, 2510216, 0, 38, 0, 0, 0.14%, 8, 0, 12, 0.00
1734843710, 2523987, 0, 38, 0, 0, 0.14%, 8, 0, 12, 0.00
1734843715, 2538890, 0, 38, 0, 0, 0.14%, 8, 0, 12, 0.00
1734843720, 2552714, 0, 38, 0, 0, 0.14%, 8, 0, 12, 0.00
1734843726, 2566033, 0, 38, 0, 0, 0.14%, 8, 0, 12, 0.00
1734843731, 2579869, 0, 38, 0, 0, 0.14%, 8, 0, 12, 0.00
1734843736, 2593652, 0, 38, 0, 0, 0.14%, 8, 0, 12, 0.00
1734843741, 2607160, 0, 38, 0, 0, 0.14%, 8, 0, 12, 0.00
1734843746, 2621290, 0, 38, 0, 0, 0.14%, 8, 0, 12, 0.00
1734843752, 2635165, 0, 38, 0, 0, 0.14%, 8, 0, 12, 0.00
1734843757, 2649009, 0, 38, 0, 0, 0.14%, 8, 0, 12, 0.00
1734843762, 2662305, 0, 38, 0, 0, 0.14%, 8, 0, 12, 0.00
1734843767, 2676143, 0, 38, 0, 0, 0.14%, 8, 0, 12, 0.00
1734843772, 2689923, 0, 38, 0, 0, 0.14%, 8, 0, 12, 0.00
1734843778, 2703186, 0, 38, 0, 0, 0.14%, 8, 0, 12, 0.00
1734843783, 2716949, 0, 38, 0, 0, 0.14%, 8, 0, 12, 0.00
1734843788, 2730723, 0, 38, 0, 0, 0.14%, 8, 0, 12, 0.00
1734843793, 2744502, 0, 38, 0, 0, 0.14%, 8, 0, 12, 0.00
1734843798, 2757761, 0, 38, 0, 0, 0.14%, 8, 0, 12, 0.00
1734843804, 2772139, 0, 38, 0, 0, 0.14%, 8, 0, 12, 0.00
1734843809, 2785948, 0, 38, 0, 0, 0.14%, 8, 0, 12, 0.00
1734843814, 2799752, 0, 38, 0, 0, 0.14%, 8, 0, 12, 0.00
1734843819, 2813556, 0, 38, 0, 0, 0.14%, 8, 0, 12, 0.00
1734843824, 2826844, 0, 38, 0, 0, 0.14%, 8, 0, 12, 0.00
1734843830, 2841175, 0, 38, 0, 0, 0.14%, 8, 0, 12, 0.00
1734843835, 2855477, 0, 38, 0, 0, 0.14%, 8, 0, 12, 0.00
1734843840, 2869315, 0, 38, 0, 0, 0.14%, 8, 0, 12, 0.00
1734843845, 2883105, 0, 38, 0, 0, 0.14%, 8, 0, 12, 0.00
1734843850, 2897410, 0, 38, 0, 0, 0.14%, 8, 0, 12, 0.00
1734843856, 2911773, 0, 38, 0, 0, 0.14%, 8, 0, 12, 0.00
1734843861, 2926061, 0, 38, 0, 0, 0.14%, 8, 0, 12, 0.00
1734843866, 2939878, 0, 38, 0, 0, 0.14%, 8, 0, 12, 0.00
1734843871, 2953699, 0, 38, 0, 0, 0.14%, 8, 0, 12, 0.00
1734843876, 2967530, 0, 38, 0, 0, 0.14%, 8, 0, 12, 0.00
1734843882, 2981322, 0, 38, 0, 0, 0.14%, 8, 0, 12, 0.00
1734843887, 2995165, 0, 38, 0, 0, 0.14%, 8, 0, 12, 0.00
1734843892, 3009043, 0, 38, 0, 0, 0.14%, 8, 0, 12, 0.00
1734843897, 3022826, 0, 38, 0, 0, 0.14%, 8, 0, 12, 0.00
1734843902, 3036660, 0, 38, 0, 0, 0.14%, 8, 0, 12, 0.00
1734843908, 3050473, 0, 38, 0, 0, 0.14%, 8, 0, 12, 0.00
1734843913, 3064253, 0, 38, 0, 0, 0.14%, 8, 0, 12, 0.00
1734843918, 3077578, 0, 38, 0, 0, 0.14%, 8, 0, 12, 0.00
1734843923, 3091861, 0, 38, 0, 0, 0.14%, 8, 0, 12, 0.00
1734843928, 3105122, 0, 38, 0, 0, 0.14%, 8, 0, 12, 0.00
1734843934, 3118363, 0, 38, 0, 0, 0.14%, 8, 0, 12, 0.00
1734843939, 3133255, 0, 38, 0, 0, 0.14%, 8, 0, 12, 0.00
1734843944, 3146516, 0, 38, 0, 0, 0.14%, 8, 0, 12, 0.00
1734843949, 3160310, 0, 38, 0, 0, 0.14%, 8, 0, 12, 0.00
1734843954, 3174074, 0, 38, 0, 0, 0.14%, 8, 0, 12, 0.00
1734843960, 3187356, 0, 38, 0, 0, 0.14%, 8, 0, 12, 0.00
1734843965, 3200610, 0, 38, 0, 0, 0.14%, 8, 0, 12, 0.00
1734843970, 3213888, 0, 38, 0, 0, 0.14%, 8, 0, 12, 0.00
1734843975, 3227186, 0, 38, 0, 0, 0.14%, 8, 0, 12, 0.00
1734843980, 3240970, 0, 38, 0, 0, 0.14%, 8, 0, 12, 0.00
1734843986, 3255338, 0, 38, 0, 0, 0.14%, 8, 0, 12, 0.00
1734843991, 3269101, 0, 38, 0, 0, 0.14%, 8, 0, 12, 0.00
1734843996, 3283446, 0, 38, 0, 0, 0.14%, 8, 0, 12, 0.00
1734844001, 3297221, 0, 38, 0, 0, 0.14%, 8, 0, 12, 0.00
1734844006, 3310988, 0, 38, 0, 0, 0.14%, 8, 0, 12, 0.00
1734844012, 3324798, 0, 38, 0, 0, 0.14%, 8, 0, 12, 0.00
1734844017, 3338641, 0, 38, 0, 0, 0.14%, 8, 0, 12, 0.00
1734844022, 3352425, 0, 38, 0, 0, 0.14%, 8, 0, 12, 0.00
1734844027, 3366280, 0, 38, 0, 0, 0.14%, 8, 0, 12, 0.00
1734844032, 3379544, 0, 38, 0, 0, 0.14%, 8, 0, 12, 0.00
1734844038, 3393858, 0, 38, 0, 0, 0.14%, 8, 0, 12, 0.00
1734844043, 3407192, 0, 38, 0, 0, 0.14%, 8, 0, 12, 0.00
1734844048, 3421007, 0, 38, 0, 0, 0.14%, 8, 0, 12, 0.00
1734844053, 3434831, 0, 38, 0, 0, 0.14%, 8, 0, 12, 0.00
1734844058, 3449204, 0, 38, 0, 0, 0.14%, 8, 0, 12, 0.00
1734844064, 3463008, 0, 38, 0, 0, 0.14%, 8, 0, 12, 0.00
1734844069, 3476785, 0, 38, 0, 0, 0.14%, 8, 0, 12, 0.00
1734844074, 3490568, 0, 38, 0, 0, 0.14%, 8, 0, 12, 0.00
1734844079, 3504374, 0, 38, 0, 0, 0.14%, 8, 0, 12, 0.00
1734844084, 3517641, 0, 38, 0, 0, 0.14%, 8, 0, 12, 0.00
1734844090, 3532503, 0, 38, 0, 0, 0.14%, 8, 0, 12, 0.00
1734844095, 3546341, 0, 38, 0, 0, 0.14%, 8, 0, 12, 0.00
1734844100, 3560710, 0, 38, 0, 0, 0.14%, 8, 0, 12, 0.00
1734844105, 3575029, 0, 38, 0, 0, 0.14%, 8, 0, 12, 0.00
1734844110, 3588829, 0, 38, 0, 0, 0.14%, 8, 0, 12, 0.00
1734844116, 3602621, 0, 38, 0, 0, 0.14%, 8, 0, 12, 0.00
1734844121, 3616487, 0, 38, 0, 0, 0.14%, 8, 0, 12, 0.00
1734844126, 3630530, 0, 38, 0, 0, 0.14%, 8, 0, 12, 0.00
1734844131, 3644063, 0, 38, 0, 0, 0.14%, 8, 0, 12, 0.00
1734844136, 3657330, 0, 38, 0, 0, 0.14%, 8, 0, 12, 0.00
1734844142, 3671675, 0, 38, 0, 0, 0.14%, 8, 0, 12, 0.00
1734844147, 3685477, 0, 38, 0, 0, 0.14%, 8, 0, 12, 0.00
1734844152, 3699768, 0, 38, 0, 0, 0.14%, 8, 0, 12, 0.00
1734844157, 3714086, 0, 38, 0, 0, 0.14%, 8, 0, 12, 0.00
1734844162, 3727858, 0, 38, 0, 0, 0.14%, 8, 0, 12, 0.00
1734844168, 3741682, 0, 38, 0, 0, 0.14%, 8, 0, 12, 0.00
1734844173, 3756008, 0, 38, 0, 0, 0.14%, 8, 0, 12, 0.00
1734844178, 3769832, 0, 38, 0, 0, 0.14%, 8, 0, 12, 0.00
1734844183, 3783668, 0, 38, 0, 0, 0.14%, 8, 0, 12, 0.00
1734844188, 3798016, 0, 38, 0, 0, 0.14%, 8, 0, 12, 0.00
1734844194, 3812322, 0, 38, 0, 0, 0.14%, 8, 0, 12, 0.00
1734844199, 3826137, 0, 38, 0, 0, 0.14%, 8, 0, 12, 0.00
1734844204, 3839421, 0, 38, 0, 0, 0.14%, 8, 0, 12, 0.00
1734844209, 3853765, 0, 38, 0, 0, 0.14%, 8, 0, 12, 0.00
1734844214, 3867577, 0, 38, 0, 0, 0.14%, 8, 0, 12, 0.00
1734844220, 3881440, 0, 38, 0, 0, 0.14%, 8, 0, 12, 0.00
1734844225, 3895259, 0, 38, 0, 0, 0.14%, 8, 0, 12, 0.00
1734844230, 3909023, 0, 38, 0, 0, 0.14%, 8, 0, 12, 0.00
1734844235, 3923349, 0, 38, 0, 0, 0.14%, 8, 0, 12, 0.00
1734844240, 3937179, 0, 38, 0, 0, 0.14%, 8, 0, 12, 0.00
1734844246, 3950936, 0, 38, 0, 0, 0.14%, 8, 0, 12, 0.00
1734844251, 3964745, 0, 38, 0, 0, 0.14%, 8, 0, 12, 0.00
1734844256, 3979080, 0, 38, 0, 0, 0.14%, 8, 0, 12, 0.00
1734844261, 3992914, 0, 38, 0, 0, 0.14%, 8, 0, 12, 0.00
1734844266, 4007229, 0, 38, 0, 0, 0.14%, 8, 0, 12, 0.00
1734844272, 4021052, 0, 38, 0, 0, 0.14%, 8, 0, 12, 0.00
1734844277, 4034867, 0, 38, 0, 0, 0.14%, 8, 0, 12, 0.00
1734844282, 4048684, 0, 38, 0, 0, 0.14%, 8, 0, 12, 0.00
1734844287, 4062488, 0, 38, 0, 0, 0.14%, 8, 0, 12, 0.00
1734844292, 4076285, 0, 38, 0, 0, 0.14%, 8, 0, 12, 0.00
1734844298, 4090689, 0, 38, 0, 0, 0.14%, 8, 0, 12, 0.00
1734844303, 4104542, 0, 38, 0, 0, 0.14%, 8, 0, 12, 0.00
1734844308, 4118331, 0, 38, 0, 0, 0.14%, 8, 0, 12, 0.00
1734844313, 4132156, 0, 38, 0, 0, 0.14%, 8, 0, 12, 0.00
1734844318, 4145375, 0, 38, 0, 0, 0.14%, 8, 0, 12, 0.00
1734844324, 4159737, 0, 38, 0, 0, 0.14%, 8, 0, 12, 0.00
1734844329, 4173525, 0, 38, 0, 0, 0.14%, 8, 0, 12, 0.00
1734844334, 4187894, 0, 38, 0, 0, 0.14%, 8, 0, 12, 0.00
1734844339, 4201781, 0, 38, 0, 0, 0.14%, 8, 0, 12, 0.00
1734844344, 4215637, 0, 38, 0, 0, 0.14%, 8, 0, 12, 0.00
1734844350, 4229398, 0, 38, 0, 0, 0.14%, 8, 0, 12, 0.00
1734844355, 4242694, 0, 38, 0, 0, 0.14%, 8, 0, 12, 0.00
1734844360, 4256424, 0, 38, 0, 0, 0.14%, 8, 0, 12, 0.00
1734844365, 4270201, 0, 38, 0, 0, 0.14%, 8, 0, 12, 0.00
1734844370, 4283508, 0, 38, 0, 0, 0.14%, 8, 0, 12, 0.00
1734844376, 4298389, 0, 38, 0, 0, 0.14%, 8, 0, 12, 0.00
1734844381, 4312731, 0, 38, 0, 0, 0.14%, 8, 0, 12, 0.00
1734844386, 4326518, 0, 38, 0, 0, 0.14%, 8, 0, 12, 0.00
1734844391, 4340301, 0, 38, 0, 0, 0.14%, 8, 0, 12, 0.00
1734844396, 4354635, 0, 38, 0, 0, 0.14%, 8, 0, 12, 0.00
1734844402, 4368478, 0, 38, 0, 0, 0.14%, 8, 0, 12, 0.00
1734844407, 4382242, 0, 38, 0, 0, 0.14%, 8, 0, 12, 0.00
1734844412, 4396032, 0, 38, 0, 0, 0.14%, 8, 0, 12, 0.00
1734844417, 4409311, 0, 38, 0, 0, 0.14%, 8, 0, 12, 0.00
1734844422, 4423679, 0, 38, 0, 0, 0.14%, 8, 0, 12, 0.00
1734844428, 4437482, 0, 38, 0, 0, 0.14%, 8, 0, 12, 0.00
1734844433, 4450788, 0, 38, 0, 0, 0.14%, 8, 0, 12, 0.00
1734844438, 4464655, 0, 38, 0, 0, 0.14%, 8, 0, 12, 0.00
1734844443, 4478467, 0, 38, 0, 0, 0.14%, 8, 0, 12, 0.00
1734844448, 4492829, 0, 38, 0, 0, 0.14%, 8, 0, 12, 0.00
1734844454, 4506574, 0, 38, 0, 0, 0.14%, 8, 0, 12, 0.00
1734844459, 4520360, 0, 38, 0, 0, 0.14%, 8, 0, 12, 0.00
1734844464, 4534156, 0, 38, 0, 0, 0.14%, 8, 0, 12, 0.00
1734844469, 4549053, 0, 38, 0, 0, 0.14%, 8, 0, 12, 0.00
1734844474, 4562871, 0, 38, 0, 0, 0.14%, 8, 0, 12, 0.00
1734844480, 4576657, 0, 38, 0, 0, 0.14%, 8, 0, 12, 0.00
1734844485, 4590472, 0, 38, 0, 0, 0.14%, 8, 0, 12, 0.00
1734844490, 4604302, 0, 38, 0, 0, 0.14%, 8, 0, 12, 0.00
1734844495, 4618082, 0, 38, 0, 0, 0.14%, 8, 0, 12, 0.00
1734844500, 4632961, 0, 38, 0, 0, 0.14%, 8, 0, 12, 0.00
1734844506, 4646822, 0, 38, 0, 0, 0.14%, 8, 0, 12, 0.00
1734844511, 4660864, 0, 38, 0, 0, 0.14%, 8, 0, 12, 0.00
1734844516, 4675047, 0, 38, 0, 0, 0.14%, 8, 0, 12, 0.00
1734844521, 4689364, 0, 38, 0, 0, 0.14%, 8, 0, 12, 0.00
1734844526, 4703178, 0, 38, 0, 0, 0.14%, 8, 0, 12, 0.00
1734844532, 4717012, 0, 38, 0, 0, 0.14%, 8, 0, 12, 0.00
1734844537, 4730319, 0, 38, 0, 0, 0.14%, 8, 0, 12, 0.00
1734844542, 4744129, 0, 38, 0, 0, 0.14%, 8, 0, 12, 0.00
1734844547, 4757953, 0, 38, 0, 0, 0.14%, 8, 0, 12, 0.00
1734844552, 4772281, 0, 38, 0, 0, 0.14%, 8, 0, 12, 0.00
1734844558, 4786134, 0, 38, 0, 0, 0.14%, 8, 0, 12, 0.00
1734844563, 4799935, 0, 38, 0, 0, 0.14%, 8, 0, 12, 0.00
1734844568, 4814221, 0, 38, 0, 0, 0.14%, 8, 0, 12, 0.00
1734844573, 4827994, 0, 38, 0, 0, 0.14%, 8, 0, 12, 0.00
1734844578, 4841796, 0, 38, 0, 0, 0.14%, 8, 0, 12, 0.00
1734844584, 4855600, 0, 38, 0, 0, 0.14%, 8, 0, 12, 0.00
1734844589, 4868906, 0, 38, 0, 0, 0.14%, 8, 0, 12, 0.00
1734844594, 4883320, 0, 38, 0, 0, 0.14%, 8, 0, 12, 0.00
1734844599, 4897614, 0, 38, 0, 0, 0.14%, 8, 0, 12, 0.00
1734844604, 4911975, 0, 38, 0, 0, 0.14%, 8, 0, 12, 0.00
1734844610, 4925751, 0, 38, 0, 0, 0.14%, 8, 0, 12, 0.00
1734844615, 4940607, 0, 38, 0, 0, 0.14%, 8, 0, 12, 0.00
1734844620, 4954922, 0, 38, 0, 0, 0.14%, 8, 0, 12, 0.00
1734844625, 4968893, 0, 38, 0, 0, 0.14%, 8, 0, 12, 0.00
1734844630, 4983087, 0, 38, 0, 0, 0.14%, 8, 0, 12, 0.00
1734844636, 4996896, 0, 38, 0, 0, 0.14%, 8, 0, 12, 0.00
1734844641, 5010741, 0, 38, 0, 0, 0.14%, 8, 0, 12, 0.00
1734844646, 5025027, 0, 38, 0, 0, 0.14%, 8, 0, 12, 0.00
1734844651, 5039343, 0, 38, 0, 0, 0.14%, 8, 0, 12, 0.00
1734844656, 5053103, 0, 38, 0, 0, 0.14%, 8, 0, 12, 0.00
1734844662, 5067434, 0, 38, 0, 0, 0.14%, 8, 0, 12, 0.00
1734844667, 5080698, 0, 38, 0, 0, 0.14%, 8, 0, 12, 0.00
1734844672, 5093921, 0, 38, 0, 0, 0.14%, 8, 0, 12, 0.00
1734844677, 5108286, 0, 38, 0, 0, 0.14%, 8, 0, 12, 0.00
1734844682, 5122108, 0, 38, 0, 0, 0.14%, 8, 0, 12, 0.00
1734844688, 5136450, 0, 38, 0, 0, 0.14%, 8, 0, 12, 0.00
1734844693, 5150219, 0, 38, 0, 0, 0.14%, 8, 0, 12, 0.00
1734844698, 5163471, 0, 38, 0, 0, 0.14%, 8, 0, 12, 0.00
1734844703, 5177258, 0, 38, 0, 0, 0.14%, 8, 0, 12, 0.00
1734844708, 5191076, 0, 38, 0, 0, 0.14%, 8, 0, 12, 0.00
1734844714, 5204866, 0, 38, 0, 0, 0.14%, 8, 0, 12, 0.00
1734844719, 5219221, 0, 38, 0, 0, 0.14%, 8, 0, 12, 0.00
1734844724, 5233005, 0, 38, 0, 0, 0.14%, 8, 0, 12, 0.00
1734844729, 5247327, 0, 38, 0, 0, 0.14%, 8, 0, 12, 0.00
1734844734, 5261193, 0, 38, 0, 0, 0.14%, 8, 0, 12, 0.00
1734844740, 5274465, 0, 38, 0, 0, 0.14%, 8, 0, 12, 0.00
1734844745, 5288237, 0, 38, 0, 0, 0.14%, 8, 0, 12, 0.00
1734844750, 5302021, 0, 38, 0, 0, 0.14%, 8, 0, 12, 0.00
1734844755, 5315807, 0, 38, 0, 0, 0.14%, 8, 0, 12, 0.00
1734844760, 5329564, 0, 38, 0, 0, 0.14%, 8, 0, 12, 0.00
1734844766, 5343878, 0, 38, 0, 0, 0.14%, 8, 0, 12, 0.00
1734844771, 5357129, 0, 38, 0, 0, 0.14%, 8, 0, 12, 0.00
1734844776, 5370928, 0, 38, 0, 0, 0.14%, 8, 0, 12, 0.00
1734844781, 5385240, 0, 38, 0, 0, 0.14%, 8, 0, 12, 0.00
1734844786, 5399001, 0, 38, 0, 0, 0.14%, 8, 0, 12, 0.00
1734844792, 5412208, 0, 38, 0, 0, 0.14%, 8, 0, 12, 0.00
1734844797, 5426002, 0, 38, 0, 0, 0.14%, 8, 0, 12, 0.00
1734844802, 5439828, 0, 38, 0, 0, 0.14%, 8, 0, 12, 0.00
1734844807, 5453589, 0, 38, 0, 0, 0.14%, 8, 0, 12, 0.00
1734844812, 5467906, 0, 38, 0, 0, 0.14%, 8, 0, 12, 0.00
1734844818, 5481751, 0, 38, 0, 0, 0.14%, 8, 0, 12, 0.00
1734844823, 5495504, 0, 38, 0, 0, 0.14%, 8, 0, 12, 0.00
1734844828, 5509254, 0, 38, 0, 0, 0.14%, 8, 0, 12, 0.00
1734844833, 5523038, 0, 38, 0, 0, 0.14%, 8, 0, 12, 0.00
1734844838, 5537388, 0, 38, 0, 0, 0.14%, 8, 0, 12, 0.00
1734844844, 5551232, 0, 38, 0, 0, 0.14%, 8, 0, 12, 0.00
1734844849, 5564484, 0, 38, 0, 0, 0.14%, 8, 0, 12, 0.00
1734844854, 5578298, 0, 38, 0, 0, 0.14%, 8, 0, 12, 0.00
1734844859, 5593178, 0, 38, 0, 0, 0.14%, 8, 0, 12, 0.00
1734844864, 5606980, 0, 38, 0, 0, 0.14%, 8, 0, 12, 0.00
1734844870, 5620826, 0, 38, 0, 0, 0.14%, 8, 0, 12, 0.00
1734844875, 5635186, 0, 38, 0, 0, 0.14%, 8, 0, 12, 0.00
1734844880, 5648986, 0, 38, 0, 0, 0.14%, 8, 0, 12, 0.00
1734844885, 5663856, 0, 38, 0, 0, 0.14%, 8, 0, 12, 0.00
1734844890, 5677729, 0, 38, 0, 0, 0.14%, 8, 0, 12, 0.00
1734844896, 5691522, 0, 38, 0, 0, 0.14%, 8, 0, 12, 0.00
1734844901, 5704857, 0, 38, 0, 0, 0.14%, 8, 0, 12, 0.00
1734844906, 5718654, 0, 38, 0, 0, 0.14%, 8, 0, 12, 0.00
1734844911, 5732481, 0, 38, 0, 0, 0.14%, 8, 0, 12, 0.00
1734844916, 5746266, 0, 38, 0, 0, 0.14%, 8, 0, 12, 0.00
1734844922, 5760051, 0, 38, 0, 0, 0.14%, 8, 0, 12, 0.00
1734844927, 5774372, 0, 38, 0, 0, 0.14%, 8, 0, 12, 0.00
1734844932, 5788205, 0, 38, 0, 0, 0.14%, 8, 0, 12, 0.00
1734844937, 5802494, 0, 38, 0, 0, 0.14%, 8, 0, 12, 0.00
1734844942, 5816288, 0, 38, 0, 0, 0.14%, 8, 0, 12, 0.00
1734844948, 5831173, 0, 38, 0, 0, 0.14%, 8, 0, 12, 0.00
1734844953, 5845012, 0, 38, 0, 0, 0.14%, 8, 0, 12, 0.00
1734844958, 5858802, 0, 38, 0, 0, 0.14%, 8, 0, 12, 0.00
1734844963, 5873639, 0, 38, 0, 0, 0.14%, 8, 0, 12, 0.00
1734844968, 5886882, 0, 38, 0, 0, 0.14%, 8, 0, 12, 0.00
1734844974, 5901227, 0, 38, 0, 0, 0.14%, 8, 0, 12, 0.00
1734844979, 5915585, 0, 38, 0, 0, 0.14%, 8, 0, 12, 0.00
1734844984, 5929843, 0, 38, 0, 0, 0.14%, 8, 0, 12, 0.00
1734844989, 5944210, 0, 38, 0, 0, 0.14%, 8, 0, 12, 0.00
1734844994, 5958082, 0, 38, 0, 0, 0.14%, 8, 0, 12, 0.00
1734845000, 5972943, 0, 38, 0, 0, 0.14%, 8, 0, 12, 0.00
1734845005, 5986713, 0, 38, 0, 0, 0.14%, 8, 0, 12, 0.00
1734845010, 6001573, 0, 38, 0, 0, 0.14%, 8, 0, 12, 0.00
1734845015, 6015388, 0, 38, 0, 0, 0.14%, 8, 0, 12, 0.00
1734845020, 6029162, 0, 38, 0, 0, 0.14%, 8, 0, 12, 0.00
1734845026, 6043008, 0, 38, 0, 0, 0.14%, 8, 0, 12, 0.00
1734845031, 6056858, 0, 38, 0, 0, 0.14%, 8, 0, 12, 0.00
1734845036, 6071178, 0, 38, 0, 0, 0.14%, 8, 0, 12, 0.00
1734845041, 6085599, 0, 38, 0, 0, 0.14%, 8, 0, 12, 0.00
1734845046, 6099418, 0, 38, 0, 0, 0.14%, 8, 0, 12, 0.00
1734845052, 6113769, 0, 38, 0, 0, 0.14%, 8, 0, 12, 0.00
1734845057, 6127594, 0, 38, 0, 0, 0.14%, 8, 0, 12, 0.00
1734845062, 6141929, 0, 38, 0, 0, 0.14%, 8, 0, 12, 0.00
1734845067, 6155772, 0, 38, 0, 0, 0.14%, 8, 0, 12, 0.00
1734845072, 6169629, 0, 38, 0, 0, 0.14%, 8, 0, 12, 0.00
1734845078, 6183439, 0, 38, 0, 0, 0.14%, 8, 0, 12, 0.00
1734845083, 6197795, 0, 38, 0, 0, 0.14%, 8, 0, 12, 0.00
1734845088, 6212139, 0, 38, 0, 0, 0.14%, 8, 0, 12, 0.00
1734845093, 6225999, 0, 38, 0, 0, 0.14%, 8, 0, 12, 0.00
1734845098, 6239781, 0, 38, 0, 0, 0.14%, 8, 0, 12, 0.00
1734845104, 6253601, 0, 38, 0, 0, 0.14%, 8, 0, 12, 0.00
1734845109, 6267982, 0, 38, 0, 0, 0.14%, 8, 0, 12, 0.00
1734845114, 6281771, 0, 38, 0, 0, 0.14%, 8, 0, 12, 0.00
1734845119, 6295600, 0, 38, 0, 0, 0.14%, 8, 0, 12, 0.00
1734845124, 6309454, 0, 38, 0, 0, 0.14%, 8, 0, 12, 0.00
1734845130, 6323274, 0, 38, 0, 0, 0.14%, 8, 0, 12, 0.00
1734845135, 6337558, 0, 38, 0, 0, 0.14%, 8, 0, 12, 0.00
1734845140, 6351356, 0, 38, 0, 0, 0.14%, 8, 0, 12, 0.00
1734845145, 6365205, 0, 38, 0, 0, 0.14%, 8, 0, 12, 0.00
1734845150, 6379033, 0, 38, 0, 0, 0.14%, 8, 0, 12, 0.00
1734845156, 6392873, 0, 38, 0, 0, 0.14%, 8, 0, 12, 0.00
1734845161, 6407739, 0, 38, 0, 0, 0.14%, 8, 0, 12, 0.00
1734845166, 6421512, 0, 38, 0, 0, 0.14%, 8, 0, 12, 0.00
1734845171, 6436357, 0, 38, 0, 0, 0.14%, 8, 0, 12, 0.00
1734845176, 6450713, 0, 38, 0, 0, 0.14%, 8, 0, 12, 0.00
1734845182, 6464498, 0, 38, 0, 0, 0.14%, 8, 0, 12, 0.00
1734845187, 6478365, 0, 38, 0, 0, 0.14%, 8, 0, 12, 0.00
1734845192, 6492207, 0, 38, 0, 0, 0.14%, 8, 0, 12, 0.00
1734845197, 6506588, 0, 38, 0, 0, 0.14%, 8, 0, 12, 0.00
1734845202, 6520335, 0, 38, 0, 0, 0.14%, 8, 0, 12, 0.00
1734845208, 6534140, 0, 38, 0, 0, 0.14%, 8, 0, 12, 0.00
1734845213, 6547922, 0, 38, 0, 0, 0.14%, 8, 0, 12, 0.00
1734845218, 6562271, 0, 38, 0, 0, 0.14%, 8, 0, 12, 0.00
1734845223, 6576030, 0, 38, 0, 0, 0.14%, 8, 0, 12, 0.00
1734845228, 6589830, 0, 38, 0, 0, 0.14%, 8, 0, 12, 0.00
1734845234, 6604174, 0, 38, 0, 0, 0.14%, 8, 0, 12, 0.00
1734845239, 6617974, 0, 38, 0, 0, 0.14%, 8, 0, 12, 0.00
1734845244, 6631744, 0, 38, 0, 0, 0.14%, 8, 0, 12, 0.00
1734845249, 6645557, 0, 38, 0, 0, 0.14%, 8, 0, 12, 0.00
1734845254, 6659863, 0, 38, 0, 0, 0.14%, 8, 0, 12, 0.00
1734845260, 6673668, 0, 38, 0, 0, 0.14%, 8, 0, 12, 0.00
1734845265, 6688019, 0, 38, 0, 0, 0.14%, 8, 0, 12, 0.00
1734845270, 6701855, 0, 38, 0, 0, 0.14%, 8, 0, 12, 0.00
1734845275, 6716205, 0, 38, 0, 0, 0.14%, 8, 0, 12, 0.00
1734845280, 6730031, 0, 38, 0, 0, 0.14%, 8, 0, 12, 0.00
1734845286, 6743863, 0, 38, 0, 0, 0.14%, 8, 0, 12, 0.00
1734845291, 6757125, 0, 38, 0, 0, 0.14%, 8, 0, 12, 0.00
1734845296, 6770981, 0, 38, 0, 0, 0.14%, 8, 0, 12, 0.00
1734845301, 6784230, 0, 38, 0, 0, 0.14%, 8, 0, 12, 0.00
1734845306, 6798010, 0, 38, 0, 0, 0.14%, 8, 0, 12, 0.00
1734845312, 6811788, 0, 38, 0, 0, 0.14%, 8, 0, 12, 0.00
1734845317, 6825645, 0, 38, 0, 0, 0.14%, 8, 0, 12, 0.00
1734845322, 6839473, 0, 38, 0, 0, 0.14%, 8, 0, 12, 0.00
1734845327, 6852750, 0, 38, 0, 0, 0.14%, 8, 0, 12, 0.00
1734845332, 6866582, 0, 38, 0, 0, 0.14%, 8, 0, 12, 0.00
1734845338, 6880911, 0, 38, 0, 0, 0.14%, 8, 0, 12, 0.00
1734845343, 6894726, 0, 38, 0, 0, 0.14%, 8, 0, 12, 0.00
1734845348, 6908563, 0, 38, 0, 0, 0.14%, 8, 0, 12, 0.00
1734845353, 6922373, 0, 38, 0, 0, 0.14%, 8, 0, 12, 0.00
1734845358, 6936109, 0, 38, 0, 0, 0.14%, 8, 0, 12, 0.00
1734845364, 6950946, 0, 38, 0, 0, 0.14%, 8, 0, 12, 0.00
1734845369, 6964742, 0, 38, 0, 0, 0.14%, 8, 0, 12, 0.00
1734845374, 6978576, 0, 38, 0, 0, 0.14%, 8, 0, 12, 0.00
1734845379, 6993443, 0, 38, 0, 0, 0.14%, 8, 0, 12, 0.00
1734845384, 7007232, 0, 38, 0, 0, 0.14%, 8, 0, 12, 0.00
1734845390, 7020540, 0, 38, 0, 0, 0.14%, 8, 0, 12, 0.00
1734845395, 7034369, 0, 38, 0, 0, 0.14%, 8, 0, 12, 0.00
1734845400, 7047648, 0, 38, 0, 0, 0.14%, 8, 0, 12, 0.00
1734845405, 7061489, 0, 38, 0, 0, 0.14%, 8, 0, 12, 0.00
1734845410, 7075271, 0, 38, 0, 0, 0.14%, 8, 0, 12, 0.00
1734845416, 7089592, 0, 38, 0, 0, 0.14%, 8, 0, 12, 0.00
1734845421, 7103902, 0, 38, 0, 0, 0.14%, 8, 0, 12, 0.00
1734845426, 7117677, 0, 38, 0, 0, 0.14%, 8, 0, 12, 0.00
1734845431, 7131543, 0, 38, 0, 0, 0.14%, 8, 0, 12, 0.00
1734845436, 7145861, 0, 38, 0, 0, 0.14%, 8, 0, 12, 0.00
1734845442, 7160204, 0, 38, 0, 0, 0.14%, 8, 0, 12, 0.00
1734845447, 7174010, 0, 38, 0, 0, 0.14%, 8, 0, 12, 0.00
1734845452, 7188377, 0, 38, 0, 0, 0.14%, 8, 0, 12, 0.00
1734845457, 7202284, 0, 38, 0, 0, 0.14%, 8, 0, 12, 0.00
1734845462, 7215885, 0, 38, 0, 0, 0.14%, 8, 0, 12, 0.00
1734845468, 7230222, 0, 38, 0, 0, 0.14%, 8, 0, 12, 0.00
1734845473, 7244030, 0, 38, 0, 0, 0.14%, 8, 0, 12, 0.00
1734845478, 7258853, 0, 38, 0, 0, 0.14%, 8, 0, 12, 0.00
1734845483, 7273184, 0, 38, 0, 0, 0.14%, 8, 0, 12, 0.00
1734845488, 7287507, 0, 38, 0, 0, 0.14%, 8, 0, 12, 0.00
1734845494, 7300793, 0, 38, 0, 0, 0.14%, 8, 0, 12, 0.00
1734845499, 7314548, 0, 38, 0, 0, 0.14%, 8, 0, 12, 0.00
1734845504, 7328336, 0, 38, 0, 0, 0.14%, 8, 0, 12, 0.00
1734845509, 7342128, 0, 38, 0, 0, 0.14%, 8, 0, 12, 0.00
1734845514, 7355902, 0, 38, 0, 0, 0.14%, 8, 0, 12, 0.00
1734845520, 7370198, 0, 38, 0, 0, 0.14%, 8, 0, 12, 0.00
