# unix_time, cycles_done, cur_path, paths_total, pending_total, pending_favs, map_size, unique_crashes, unique_hangs, max_depth, execs_per_sec
1735070923, 0, 0, 10, 10, 1, 0.01%, 0, 0, 1, 36.75
1735070928, 0, 3, 10, 10, 1, 0.01%, 0, 0, 1, 39.26
1735070944, 1, 0, 10, 3, 0, 0.01%, 0, 0, 1, 48.39
1735070949, 1, 1, 10, 2, 0, 0.01%, 0, 0, 1, 46.80
1735070954, 1, 2, 10, 1, 0, 0.01%, 0, 0, 1, 45.20
1735070959, 1, 3, 10, 0, 0, 0.01%, 0, 0, 1, 45.86
1735070964, 1, 4, 10, 0, 0, 0.01%, 0, 0, 1, 46.07
1735070970, 1, 5, 10, 0, 0, 0.01%, 0, 0, 1, 50.02
1735070975, 1, 6, 10, 0, 0, 0.01%, 0, 0, 1, 47.53
1735070980, 1, 7, 10, 0, 0, 0.01%, 0, 0, 1, 47.35
1735070985, 1, 8, 10, 0, 0, 0.01%, 0, 0, 1, 46.50
1735070990, 1, 9, 10, 0, 0, 0.01%, 0, 0, 1, 46.07
1735071000, 2, 0, 10, 0, 0, 0.01%, 0, 0, 1, 44.88
1735071005, 2, 1, 10, 0, 0, 0.01%, 0, 0, 1, 43.28
1735071011, 2, 2, 10, 0, 0, 0.01%, 0, 0, 1, 46.00
1735071016, 2, 3, 10, 0, 0, 0.01%, 0, 0, 1, 45.57
1735071021, 2, 4, 10, 0, 0, 0.01%, 0, 0, 1, 46.48
1735071026, 2, 5, 10, 0, 0, 0.01%, 0, 0, 1, 45.66
1735071031, 2, 6, 10, 0, 0, 0.01%, 0, 0, 1, 46.48
1735071036, 2, 7, 10, 0, 0, 0.01%, 0, 0, 1, 46.19
1735071041, 2, 8, 10, 0, 0, 0.01%, 0, 0, 1, 45.43
1735071046, 2, 9, 10, 0, 0, 0.01%, 0, 0, 1, 45.78
1735071051, 3, 0, 10, 0, 0, 0.01%, 0, 0, 1, 47.73
1735071062, 3, 1, 10, 0, 0, 0.01%, 0, 0, 1, 45.14
1735071067, 3, 2, 10, 0, 0, 0.01%, 0, 0, 1, 47.22
1735071072, 3, 3, 10, 0, 0, 0.01%, 0, 0, 1, 44.75
1735071077, 3, 4, 10, 0, 0, 0.01%, 0, 0, 1, 47.93
1735071082, 3, 5, 10, 0, 0, 0.01%, 0, 0, 1, 43.94
1735071087, 3, 6, 10, 0, 0, 0.01%, 0, 0, 1, 45.00
1735071092, 3, 7, 10, 0, 0, 0.01%, 0, 0, 1, 46.29
1735071097, 3, 8, 10, 0, 0, 0.01%, 0, 0, 1, 45.14
1735071102, 3, 9, 10, 0, 0, 0.01%, 0, 0, 1, 47.87
1735071108, 4, 0, 10, 0, 0, 0.01%, 0, 0, 1, 46.37
1735071113, 4, 1, 10, 0, 0, 0.01%, 0, 0, 1, 45.98
1735071123, 4, 2, 10, 0, 0, 0.01%, 0, 0, 1, 44.76
1735071128, 4, 3, 10, 0, 0, 0.01%, 0, 0, 1, 45.99
1735071133, 4, 4, 10, 0, 0, 0.01%, 0, 0, 1, 46.81
1735071138, 4, 5, 10, 0, 0, 0.01%, 0, 0, 1, 45.76
1735071143, 4, 6, 10, 0, 0, 0.01%, 0, 0, 1, 44.85
1735071148, 4, 7, 10, 0, 0, 0.01%, 0, 0, 1, 49.21
1735071153, 4, 8, 10, 0, 0, 0.01%, 0, 0, 1, 47.28
1735071159, 4, 9, 10, 0, 0, 0.01%, 0, 0, 1, 46.38
1735071164, 5, 0, 10, 0, 0, 0.01%, 0, 0, 1, 47.17
1735071169, 5, 1, 10, 0, 0, 0.01%, 0, 0, 1, 45.37
1735071174, 5, 2, 10, 0, 0, 0.01%, 0, 0, 1, 46.80
1735071179, 5, 3, 10, 0, 0, 0.01%, 0, 0, 1, 46.21
1735071184, 5, 4, 10, 0, 0, 0.01%, 0, 0, 1, 46.94
1735071194, 5, 5, 10, 0, 0, 0.01%, 0, 0, 1, 45.82
1735071199, 5, 6, 10, 0, 0, 0.01%, 0, 0, 1, 45.14
1735071204, 5, 7, 10, 0, 0, 0.01%, 0, 0, 1, 46.29
1735071210, 5, 8, 10, 0, 0, 0.01%, 0, 0, 1, 47.50
1735071215, 5, 9, 10, 0, 0, 0.01%, 0, 0, 1, 45.92
1735071220, 6, 0, 10, 0, 0, 0.01%, 0, 0, 1, 45.30
1735071225, 6, 1, 10, 0, 0, 0.01%, 0, 0, 1, 45.81
1735071230, 6, 2, 10, 0, 0, 0.01%, 0, 0, 1, 46.01
1735071235, 6, 3, 10, 0, 0, 0.01%, 0, 0, 1, 46.55
1735071240, 6, 4, 10, 0, 0, 0.01%, 0, 0, 1, 45.76
1735071250, 6, 5, 10, 0, 0, 0.01%, 0, 0, 1, 48.42
1735071255, 6, 6, 10, 0, 0, 0.01%, 0, 0, 1, 45.42
1735071261, 6, 7, 10, 0, 0, 0.01%, 0, 0, 1, 47.86
1735071266, 6, 8, 10, 0, 0, 0.01%, 0, 0, 1, 47.15
1735071271, 6, 9, 10, 0, 0, 0.01%, 0, 0, 1, 47.59
1735071276, 7, 0, 10, 0, 0, 0.01%, 0, 0, 1, 47.28
1735071281, 7, 1, 10, 0, 0, 0.01%, 0, 0, 1, 46.01
1735071286, 7, 2, 10, 0, 0, 0.01%, 0, 0, 1, 46.26
1735071291, 7, 3, 10, 0, 0, 0.01%, 0, 0, 1, 48.46
1735071296, 7, 4, 10, 0, 0, 0.01%, 0, 0, 1, 45.77
1735071301, 7, 5, 10, 0, 0, 0.01%, 0, 0, 1, 46.40
1735071306, 7, 6, 10, 0, 0, 0.01%, 0, 0, 1, 47.08
1735071311, 7, 7, 10, 0, 0, 0.01%, 0, 0, 1, 45.57
1735071317, 7, 8, 10, 0, 0, 0.01%, 0, 0, 1, 48.26
1735071322, 7, 9, 10, 0, 0, 0.01%, 0, 0, 1, 47.47
1735071332, 8, 0, 10, 0, 0, 0.01%, 0, 0, 1, 47.23
1735071337, 8, 1, 10, 0, 0, 0.01%, 0, 0, 1, 46.57
1735071342, 8, 2, 10, 0, 0, 0.01%, 0, 0, 1, 45.20
1735071347, 8, 3, 10, 0, 0, 0.01%, 0, 0, 1, 43.65
1735071352, 8, 4, 10, 0, 0, 0.01%, 0, 0, 1, 45.59
1735071357, 8, 5, 10, 0, 0, 0.01%, 0, 0, 1, 46.12
1735071362, 8, 6, 10, 0, 0, 0.01%, 0, 0, 1, 46.83
1735071367, 8, 7, 10, 0, 0, 0.01%, 0, 0, 1, 44.50
1735071373, 8, 8, 10, 0, 0, 0.01%, 0, 0, 1, 46.08
1735071378, 8, 9, 10, 0, 0, 0.01%, 0, 0, 1, 44.19
1735071383, 9, 0, 10, 0, 0, 0.01%, 0, 0, 1, 47.01
1735071388, 9, 1, 10, 0, 0, 0.01%, 0, 0, 1, 46.69
1735071398, 9, 2, 10, 0, 0, 0.01%, 0, 0, 1, 46.22
1735071403, 9, 3, 10, 0, 0, 0.01%, 0, 0, 1, 45.53
1735071408, 9, 4, 10, 0, 0, 0.01%, 0, 0, 1, 46.82
1735071414, 9, 5, 10, 0, 0, 0.01%, 0, 0, 1, 46.51
1735071419, 9, 6, 10, 0, 0, 0.01%, 0, 0, 1, 45.08
1735071424, 9, 7, 10, 0, 0, 0.01%, 0, 0, 1, 45.56
1735071429, 9, 8, 10, 0, 0, 0.01%, 0, 0, 1, 47.45
1735071434, 9, 9, 10, 0, 0, 0.01%, 0, 0, 1, 46.96
1735071439, 10, 0, 10, 0, 0, 0.01%, 0, 0, 1, 46.54
1735071444, 10, 1, 10, 0, 0, 0.01%, 0, 0, 1, 44.66
1735071449, 10, 2, 10, 0, 0, 0.01%, 0, 0, 1, 46.11
1735071459, 10, 3, 10, 0, 0, 0.01%, 0, 0, 1, 46.85
1735071465, 10, 4, 10, 0, 0, 0.01%, 0, 0, 1, 46.75
1735071470, 10, 5, 10, 0, 0, 0.01%, 0, 0, 1, 47.07
1735071475, 10, 6, 10, 0, 0, 0.01%, 0, 0, 1, 48.34
1735071480, 10, 7, 10, 0, 0, 0.01%, 0, 0, 1, 46.57
1735071485, 10, 8, 10, 0, 0, 0.01%, 0, 0, 1, 47.63
1735071490, 10, 9, 10, 0, 0, 0.01%, 0, 0, 1, 45.70
1735071495, 11, 0, 10, 0, 0, 0.01%, 0, 0, 1, 45.03
1735071500, 11, 1, 10, 0, 0, 0.01%, 0, 0, 1, 46.37
1735071505, 11, 2, 10, 0, 0, 0.01%, 0, 0, 1, 50.03
1735071510, 11, 3, 10, 0, 0, 0.01%, 0, 0, 1, 46.62
1735071516, 11, 4, 10, 0, 0, 0.01%, 0, 0, 1, 46.05
1735071521, 11, 5, 10, 0, 0, 0.01%, 0, 0, 1, 45.31
1735071531, 11, 6, 10, 0, 0, 0.01%, 0, 0, 1, 49.90
1735071536, 11, 8, 10, 0, 0, 0.01%, 0, 0, 1, 53.47
1735071546, 12, 0, 10, 0, 0, 0.01%, 0, 0, 1, 51.18
1735071551, 12, 1, 10, 0, 0, 0.01%, 0, 0, 1, 50.21
1735071561, 12, 2, 10, 0, 0, 0.01%, 0, 0, 1, 45.76
1735071566, 12, 3, 10, 0, 0, 0.01%, 0, 0, 1, 48.51
1735071572, 12, 4, 10, 0, 0, 0.01%, 0, 0, 1, 47.42
1735071577, 12, 5, 10, 0, 0, 0.01%, 0, 0, 1, 45.98
1735071582, 12, 6, 10, 0, 0, 0.01%, 0, 0, 1, 46.62
1735071587, 12, 7, 10, 0, 0, 0.01%, 0, 0, 1, 46.57
1735071592, 12, 8, 10, 0, 0, 0.01%, 0, 0, 1, 51.05
1735071597, 12, 9, 10, 0, 0, 0.01%, 0, 0, 1, 46.70
1735071602, 13, 0, 10, 0, 0, 0.01%, 0, 0, 1, 51.16
1735071607, 13, 1, 10, 0, 0, 0.01%, 0, 0, 1, 48.89
1735071613, 13, 2, 10, 0, 0, 0.01%, 0, 0, 1, 50.12
1735071618, 13, 3, 10, 0, 0, 0.01%, 0, 0, 1, 47.85
1735071623, 13, 4, 10, 0, 0, 0.01%, 0, 0, 1, 47.26
1735071628, 13, 5, 10, 0, 0, 0.01%, 0, 0, 1, 48.26
1735071633, 13, 6, 10, 0, 0, 0.01%, 0, 0, 1, 49.76
1735071638, 13, 7, 10, 0, 0, 0.01%, 0, 0, 1, 47.77
1735071643, 13, 8, 10, 0, 0, 0.01%, 0, 0, 1, 49.33
1735071648, 13, 9, 10, 0, 0, 0.01%, 0, 0, 1, 48.95
1735071653, 14, 0, 10, 0, 0, 0.01%, 0, 0, 1, 47.48
1735071658, 14, 1, 10, 0, 0, 0.01%, 0, 0, 1, 48.13
1735071663, 14, 2, 10, 0, 0, 0.01%, 0, 0, 1, 49.01
1735071669, 14, 3, 10, 0, 0, 0.01%, 0, 0, 1, 47.73
1735071679, 14, 4, 10, 0, 0, 0.01%, 0, 0, 1, 46.83
1735071684, 14, 5, 10, 0, 0, 0.01%, 0, 0, 1, 49.61
1735071689, 14, 6, 10, 0, 0, 0.01%, 0, 0, 1, 46.49
1735071694, 14, 7, 10, 0, 0, 0.01%, 0, 0, 1, 46.49
1735071699, 14, 8, 10, 0, 0, 0.01%, 0, 0, 1, 49.12
1735071704, 14, 9, 10, 0, 0, 0.01%, 0, 0, 1, 47.17
1735071710, 15, 0, 10, 0, 0, 0.01%, 0, 0, 1, 47.87
1735071715, 15, 1, 10, 0, 0, 0.01%, 0, 0, 1, 47.10
1735071720, 15, 2, 10, 0, 0, 0.01%, 0, 0, 1, 50.98
1735071725, 15, 3, 10, 0, 0, 0.01%, 0, 0, 1, 46.83
1735071730, 15, 4, 10, 0, 0, 0.01%, 0, 0, 1, 43.90
1735071750, 15, 5, 10, 0, 0, 0.01%, 0, 0, 1, 44.37
1735071771, 15, 6, 10, 0, 0, 0.01%, 0, 0, 1, 43.44
1735071791, 15, 7, 10, 0, 0, 0.01%, 0, 0, 1, 42.96
1735071812, 15, 8, 10, 0, 0, 0.01%, 0, 0, 1, 42.41
1735071827, 15, 9, 10, 0, 0, 0.01%, 0, 0, 1, 50.82
1735071848, 16, 0, 10, 0, 0, 0.01%, 0, 0, 1, 46.28
1735071869, 16, 1, 10, 0, 0, 0.01%, 0, 0, 1, 45.09
1735071889, 16, 2, 10, 0, 0, 0.01%, 0, 0, 1, 49.12
1735071894, 16, 3, 10, 0, 0, 0.01%, 0, 0, 1, 46.77
1735071899, 16, 4, 10, 0, 0, 0.01%, 0, 0, 1, 51.22
1735071904, 16, 5, 10, 0, 0, 0.01%, 0, 0, 1, 48.84
1735071909, 16, 6, 10, 0, 0, 0.01%, 0, 0, 1, 49.81
1735071914, 16, 7, 10, 0, 0, 0.01%, 0, 0, 1, 47.88
1735071919, 16, 8, 10, 0, 0, 0.01%, 0, 0, 1, 47.97
1735071925, 16, 9, 10, 0, 0, 0.01%, 0, 0, 1, 47.92
1735071930, 17, 0, 10, 0, 0, 0.01%, 0, 0, 1, 48.66
1735071935, 17, 1, 10, 0, 0, 0.01%, 0, 0, 1, 50.89
1735071940, 17, 2, 10, 0, 0, 0.01%, 0, 0, 1, 50.02
1735071945, 17, 3, 10, 0, 0, 0.01%, 0, 0, 1, 48.08
1735071950, 17, 4, 10, 0, 0, 0.01%, 0, 0, 1, 46.60
1735071955, 17, 5, 10, 0, 0, 0.01%, 0, 0, 1, 48.46
1735071960, 17, 6, 10, 0, 0, 0.01%, 0, 0, 1, 50.04
1735071965, 17, 7, 10, 0, 0, 0.01%, 0, 0, 1, 49.82
1735071976, 17, 8, 10, 0, 0, 0.01%, 0, 0, 1, 49.01
1735071981, 17, 9, 10, 0, 0, 0.01%, 0, 0, 1, 48.47
1735071986, 18, 0, 10, 0, 0, 0.01%, 0, 0, 1, 46.77
1735071991, 18, 1, 10, 0, 0, 0.01%, 0, 0, 1, 49.53
1735071996, 18, 2, 10, 0, 0, 0.01%, 0, 0, 1, 46.58
1735072001, 18, 3, 10, 0, 0, 0.01%, 0, 0, 1, 45.29
1735072006, 18, 4, 10, 0, 0, 0.01%, 0, 0, 1, 48.49
1735072011, 18, 5, 10, 0, 0, 0.01%, 0, 0, 1, 47.25
1735072016, 18, 6, 10, 0, 0, 0.01%, 0, 0, 1, 50.01
1735072022, 18, 7, 10, 0, 0, 0.01%, 0, 0, 1, 47.82
1735072027, 18, 8, 10, 0, 0, 0.01%, 0, 0, 1, 49.55
1735072032, 18, 9, 10, 0, 0, 0.01%, 0, 0, 1, 47.26
1735072037, 19, 0, 10, 0, 0, 0.01%, 0, 0, 1, 50.73
1735072042, 19, 1, 10, 0, 0, 0.01%, 0, 0, 1, 47.53
1735072047, 19, 2, 10, 0, 0, 0.01%, 0, 0, 1, 48.76
1735072052, 19, 3, 10, 0, 0, 0.01%, 0, 0, 1, 47.83
1735072057, 19, 4, 10, 0, 0, 0.01%, 0, 0, 1, 49.91
1735072062, 19, 5, 10, 0, 0, 0.01%, 0, 0, 1, 47.54
1735072067, 19, 6, 10, 0, 0, 0.01%, 0, 0, 1, 47.96
1735072072, 19, 7, 10, 0, 0, 0.01%, 0, 0, 1, 49.19
1735072078, 19, 8, 10, 0, 0, 0.01%, 0, 0, 1, 47.72
1735072083, 19, 9, 10, 0, 0, 0.01%, 0, 0, 1, 49.26
1735072088, 20, 0, 10, 0, 0, 0.01%, 0, 0, 1, 51.08
1735072093, 20, 1, 10, 0, 0, 0.01%, 0, 0, 1, 47.24
1735072098, 20, 2, 10, 0, 0, 0.01%, 0, 0, 1, 48.01
1735072103, 20, 3, 10, 0, 0, 0.01%, 0, 0, 1, 50.12
1735072108, 20, 4, 10, 0, 0, 0.01%, 0, 0, 1, 51.21
1735072113, 20, 5, 10, 0, 0, 0.01%, 0, 0, 1, 50.73
1735072118, 20, 6, 10, 0, 0, 0.01%, 0, 0, 1, 50.82
1735072124, 20, 7, 10, 0, 0, 0.01%, 0, 0, 1, 47.16
1735072134, 20, 8, 10, 0, 0, 0.01%, 0, 0, 1, 49.68
1735072139, 20, 9, 10, 0, 0, 0.01%, 0, 0, 1, 50.57
1735072144, 21, 0, 10, 0, 0, 0.01%, 0, 0, 1, 51.48
1735072149, 21, 1, 10, 0, 0, 0.01%, 0, 0, 1, 51.81
1735072154, 21, 2, 10, 0, 0, 0.01%, 0, 0, 1, 50.37
1735072159, 21, 3, 10, 0, 0, 0.01%, 0, 0, 1, 50.48
1735072164, 21, 4, 10, 0, 0, 0.01%, 0, 0, 1, 52.03
1735072169, 21, 5, 10, 0, 0, 0.01%, 0, 0, 1, 49.15
1735072174, 21, 6, 10, 0, 0, 0.01%, 0, 0, 1, 46.91
1735072179, 21, 7, 10, 0, 0, 0.01%, 0, 0, 1, 49.27
1735072184, 21, 8, 10, 0, 0, 0.01%, 0, 0, 1, 52.07
1735072189, 21, 9, 10, 0, 0, 0.01%, 0, 0, 1, 48.00
1735072194, 22, 0, 10, 0, 0, 0.01%, 0, 0, 1, 49.20
1735072199, 22, 1, 10, 0, 0, 0.01%, 0, 0, 1, 48.70
1735072205, 22, 2, 10, 0, 0, 0.01%, 0, 0, 1, 48.02
1735072210, 22, 3, 10, 0, 0, 0.01%, 0, 0, 1, 46.88
1735072215, 22, 4, 10, 0, 0, 0.01%, 0, 0, 1, 47.47
1735072220, 22, 5, 10, 0, 0, 0.01%, 0, 0, 1, 48.87
1735072225, 22, 6, 10, 0, 0, 0.01%, 0, 0, 1, 50.57
1735072230, 22, 7, 10, 0, 0, 0.01%, 0, 0, 1, 47.05
1735072235, 22, 8, 10, 0, 0, 0.01%, 0, 0, 1, 50.05
1735072240, 22, 9, 10, 0, 0, 0.01%, 0, 0, 1, 48.11
1735072245, 23, 0, 10, 0, 0, 0.01%, 0, 0, 1, 47.15
1735072250, 23, 1, 10, 0, 0, 0.01%, 0, 0, 1, 48.66
1735072256, 23, 2, 10, 0, 0, 0.01%, 0, 0, 1, 45.94
1735072261, 23, 3, 10, 0, 0, 0.01%, 0, 0, 1, 49.45
1735072266, 23, 4, 10, 0, 0, 0.01%, 0, 0, 1, 47.26
1735072271, 23, 5, 10, 0, 0, 0.01%, 0, 0, 1, 50.87
1735072276, 23, 6, 10, 0, 0, 0.01%, 0, 0, 1, 49.22
1735072281, 23, 7, 10, 0, 0, 0.01%, 0, 0, 1, 49.35
1735072286, 23, 8, 10, 0, 0, 0.01%, 0, 0, 1, 50.87
1735072291, 23, 9, 10, 0, 0, 0.01%, 0, 0, 1, 48.35
1735072296, 24, 0, 10, 0, 0, 0.01%, 0, 0, 1, 47.42
1735072301, 24, 1, 10, 0, 0, 0.01%, 0, 0, 1, 48.18
1735072306, 24, 2, 10, 0, 0, 0.01%, 0, 0, 1, 48.74
1735072317, 24, 3, 10, 0, 0, 0.01%, 0, 0, 1, 48.91
1735072322, 24, 4, 10, 0, 0, 0.01%, 0, 0, 1, 47.17
1735072327, 24, 5, 10, 0, 0, 0.01%, 0, 0, 1, 50.61
1735072332, 24, 6, 10, 0, 0, 0.01%, 0, 0, 1, 47.43
1735072337, 24, 7, 10, 0, 0, 0.01%, 0, 0, 1, 49.35
1735072342, 24, 8, 10, 0, 0, 0.01%, 0, 0, 1, 48.57
1735072347, 24, 9, 10, 0, 0, 0.01%, 0, 0, 1, 47.83
1735072352, 25, 0, 10, 0, 0, 0.01%, 0, 0, 1, 47.99
1735072357, 25, 1, 10, 0, 0, 0.01%, 0, 0, 1, 51.22
1735072363, 25, 2, 10, 0, 0, 0.01%, 0, 0, 1, 49.40
1735072368, 25, 3, 10, 0, 0, 0.01%, 0, 0, 1, 47.41
1735072373, 25, 4, 10, 0, 0, 0.01%, 0, 0, 1, 47.85
1735072378, 25, 5, 10, 0, 0, 0.01%, 0, 0, 1, 50.17
1735072383, 25, 6, 10, 0, 0, 0.01%, 0, 0, 1, 47.69
1735072388, 25, 7, 10, 0, 0, 0.01%, 0, 0, 1, 48.20
1735072393, 25, 8, 10, 0, 0, 0.01%, 0, 0, 1, 47.74
1735072398, 25, 9, 10, 0, 0, 0.01%, 0, 0, 1, 47.46
1735072403, 26, 0, 10, 0, 0, 0.01%, 0, 0, 1, 47.59
1735072408, 26, 1, 10, 0, 0, 0.01%, 0, 0, 1, 47.63
1735072414, 26, 2, 10, 0, 0, 0.01%, 0, 0, 1, 50.47
1735072419, 26, 3, 10, 0, 0, 0.01%, 0, 0, 1, 48.89
1735072424, 26, 4, 10, 0, 0, 0.01%, 0, 0, 1, 46.11
1735072429, 26, 5, 10, 0, 0, 0.01%, 0, 0, 1, 47.77
1735072434, 26, 6, 10, 0, 0, 0.01%, 0, 0, 1, 48.99
1735072439, 26, 7, 10, 0, 0, 0.01%, 0, 0, 1, 48.41
1735072444, 26, 8, 10, 0, 0, 0.01%, 0, 0, 1, 50.39
1735072449, 26, 9, 10, 0, 0, 0.01%, 0, 0, 1, 48.50
1735072459, 27, 0, 10, 0, 0, 0.01%, 0, 0, 1, 46.98
1735072464, 27, 1, 10, 0, 0, 0.01%, 0, 0, 1, 51.33
1735072469, 27, 2, 10, 0, 0, 0.01%, 0, 0, 1, 49.44
1735072475, 27, 3, 10, 0, 0, 0.01%, 0, 0, 1, 48.17
1735072480, 27, 4, 10, 0, 0, 0.01%, 0, 0, 1, 49.00
1735072485, 27, 5, 10, 0, 0, 0.01%, 0, 0, 1, 49.87
1735072490, 27, 6, 10, 0, 0, 0.01%, 0, 0, 1, 47.91
1735072495, 27, 7, 10, 0, 0, 0.01%, 0, 0, 1, 50.10
1735072500, 27, 8, 10, 0, 0, 0.01%, 0, 0, 1, 48.08
1735072505, 27, 9, 10, 0, 0, 0.01%, 0, 0, 1, 48.70
1735072510, 28, 0, 10, 0, 0, 0.01%, 0, 0, 1, 50.64
1735072515, 28, 1, 10, 0, 0, 0.01%, 0, 0, 1, 49.68
1735072520, 28, 2, 10, 0, 0, 0.01%, 0, 0, 1, 45.75
1735072525, 28, 3, 10, 0, 0, 0.01%, 0, 0, 1, 46.64
1735072531, 28, 4, 10, 0, 0, 0.01%, 0, 0, 1, 47.25
1735072536, 28, 5, 10, 0, 0, 0.01%, 0, 0, 1, 49.55
1735072541, 28, 6, 10, 0, 0, 0.01%, 0, 0, 1, 49.85
1735072546, 28, 7, 10, 0, 0, 0.01%, 0, 0, 1, 50.90
1735072551, 28, 8, 10, 0, 0, 0.01%, 0, 0, 1, 49.13
1735072556, 28, 9, 10, 0, 0, 0.01%, 0, 0, 1, 48.89
1735072561, 29, 0, 10, 0, 0, 0.01%, 0, 0, 1, 50.70
1735072566, 29, 1, 10, 0, 0, 0.01%, 0, 0, 1, 47.56
1735072571, 29, 2, 10, 0, 0, 0.01%, 0, 0, 1, 49.45
1735072576, 29, 3, 10, 0, 0, 0.01%, 0, 0, 1, 48.58
1735072581, 29, 4, 10, 0, 0, 0.01%, 0, 0, 1, 48.05
1735072586, 29, 5, 10, 0, 0, 0.01%, 0, 0, 1, 46.81
1735072596, 29, 6, 10, 0, 0, 0.01%, 0, 0, 1, 47.33
1735072601, 29, 7, 10, 0, 0, 0.01%, 0, 0, 1, 50.98
1735072606, 29, 8, 10, 0, 0, 0.01%, 0, 0, 1, 49.11
1735072612, 29, 9, 10, 0, 0, 0.01%, 0, 0, 1, 46.83
1735072617, 30, 0, 10, 0, 0, 0.01%, 0, 0, 1, 46.85
1735072622, 30, 1, 10, 0, 0, 0.01%, 0, 0, 1, 48.39
1735072627, 30, 2, 10, 0, 0, 0.01%, 0, 0, 1, 48.60
1735072632, 30, 3, 10, 0, 0, 0.01%, 0, 0, 1, 49.71
1735072637, 30, 4, 10, 0, 0, 0.01%, 0, 0, 1, 47.00
1735072642, 30, 5, 10, 0, 0, 0.01%, 0, 0, 1, 47.96
1735072647, 30, 6, 10, 0, 0, 0.01%, 0, 0, 1, 46.19
1735072652, 30, 7, 10, 0, 0, 0.01%, 0, 0, 1, 48.10
1735072657, 30, 8, 10, 0, 0, 0.01%, 0, 0, 1, 50.08
1735072662, 30, 9, 10, 0, 0, 0.01%, 0, 0, 1, 48.88
1735072668, 31, 0, 10, 0, 0, 0.01%, 0, 0, 1, 48.86
1735072673, 31, 1, 10, 0, 0, 0.01%, 0, 0, 1, 46.57
1735072678, 31, 2, 10, 0, 0, 0.01%, 0, 0, 1, 46.67
1735072683, 31, 3, 10, 0, 0, 0.01%, 0, 0, 1, 47.63
1735072688, 31, 4, 10, 0, 0, 0.01%, 0, 0, 1, 48.97
1735072693, 31, 5, 10, 0, 0, 0.01%, 0, 0, 1, 48.40
1735072698, 31, 6, 10, 0, 0, 0.01%, 0, 0, 1, 50.71
1735072703, 31, 7, 10, 0, 0, 0.01%, 0, 0, 1, 48.27
1735072713, 31, 8, 10, 0, 0, 0.01%, 0, 0, 1, 49.45
1735072718, 31, 9, 10, 0, 0, 0.01%, 0, 0, 1, 44.28
1735072723, 32, 0, 10, 0, 0, 0.01%, 0, 0, 1, 48.71
1735072728, 32, 1, 10, 0, 0, 0.01%, 0, 0, 1, 46.72
1735072733, 32, 2, 10, 0, 0, 0.01%, 0, 0, 1, 47.35
1735072738, 32, 3, 10, 0, 0, 0.01%, 0, 0, 1, 48.62
1735072743, 32, 4, 10, 0, 0, 0.01%, 0, 0, 1, 47.14
1735072749, 32, 5, 10, 0, 0, 0.01%, 0, 0, 1, 49.42
1735072754, 32, 6, 10, 0, 0, 0.01%, 0, 0, 1, 48.67
1735072759, 32, 7, 10, 0, 0, 0.01%, 0, 0, 1, 47.69
1735072764, 32, 8, 10, 0, 0, 0.01%, 0, 0, 1, 46.27
1735072769, 32, 9, 10, 0, 0, 0.01%, 0, 0, 1, 46.33
1735072774, 33, 0, 10, 0, 0, 0.01%, 0, 0, 1, 45.75
1735072779, 33, 1, 10, 0, 0, 0.01%, 0, 0, 1, 46.16
1735072784, 33, 2, 10, 0, 0, 0.01%, 0, 0, 1, 48.46
1735072789, 33, 3, 10, 0, 0, 0.01%, 0, 0, 1, 49.04
1735072795, 33, 4, 10, 0, 0, 0.01%, 0, 0, 1, 48.73
1735072800, 33, 5, 10, 0, 0, 0.01%, 0, 0, 1, 47.44
1735072805, 33, 6, 10, 0, 0, 0.01%, 0, 0, 1, 49.65
1735072810, 33, 7, 10, 0, 0, 0.01%, 0, 0, 1, 48.04
1735072815, 33, 8, 10, 0, 0, 0.01%, 0, 0, 1, 49.23
1735072820, 33, 9, 10, 0, 0, 0.01%, 0, 0, 1, 49.96
1735072830, 34, 0, 10, 0, 0, 0.01%, 0, 0, 1, 45.63
1735072835, 34, 1, 10, 0, 0, 0.01%, 0, 0, 1, 49.85
1735072840, 34, 2, 10, 0, 0, 0.01%, 0, 0, 1, 45.99
1735072845, 34, 3, 10, 0, 0, 0.01%, 0, 0, 1, 47.60
1735072850, 34, 4, 10, 0, 0, 0.01%, 0, 0, 1, 45.99
1735072856, 34, 5, 10, 0, 0, 0.01%, 0, 0, 1, 48.56
1735072861, 34, 6, 10, 0, 0, 0.01%, 0, 0, 1, 47.99
1735072866, 34, 7, 10, 0, 0, 0.01%, 0, 0, 1, 46.32
1735072871, 34, 8, 10, 0, 0, 0.01%, 0, 0, 1, 47.19
1735072876, 34, 9, 10, 0, 0, 0.01%, 0, 0, 1, 49.35
1735072881, 35, 0, 10, 0, 0, 0.01%, 0, 0, 1, 47.02
1735072886, 35, 1, 10, 0, 0, 0.01%, 0, 0, 1, 47.57
1735072891, 35, 2, 10, 0, 0, 0.01%, 0, 0, 1, 46.61
1735072896, 35, 3, 10, 0, 0, 0.01%, 0, 0, 1, 46.02
1735072901, 35, 4, 10, 0, 0, 0.01%, 0, 0, 1, 44.96
1735072911, 35, 5, 10, 0, 0, 0.01%, 0, 0, 1, 47.47
1735072916, 35, 6, 10, 0, 0, 0.01%, 0, 0, 1, 48.66
1735072921, 35, 7, 10, 0, 0, 0.01%, 0, 0, 1, 47.45
1735072926, 35, 8, 10, 0, 0, 0.01%, 0, 0, 1, 46.28
1735072931, 35, 9, 10, 0, 0, 0.01%, 0, 0, 1, 47.60
1735072936, 36, 0, 10, 0, 0, 0.01%, 0, 0, 1, 48.07
1735072941, 36, 1, 10, 0, 0, 0.01%, 0, 0, 1, 48.18
1735072946, 36, 2, 10, 0, 0, 0.01%, 0, 0, 1, 48.22
1735072951, 36, 3, 10, 0, 0, 0.01%, 0, 0, 1, 49.14
1735072957, 36, 4, 10, 0, 0, 0.01%, 0, 0, 1, 48.16
1735072962, 36, 5, 10, 0, 0, 0.01%, 0, 0, 1, 47.65
1735072967, 36, 6, 10, 0, 0, 0.01%, 0, 0, 1, 48.18
1735072972, 36, 7, 10, 0, 0, 0.01%, 0, 0, 1, 48.63
1735072977, 36, 8, 10, 0, 0, 0.01%, 0, 0, 1, 49.47
1735072982, 36, 9, 10, 0, 0, 0.01%, 0, 0, 1, 46.02
1735072987, 37, 0, 10, 0, 0, 0.01%, 0, 0, 1, 48.46
1735072992, 37, 1, 10, 0, 0, 0.01%, 0, 0, 1, 47.96
1735073002, 37, 2, 10, 0, 0, 0.01%, 0, 0, 1, 46.70
1735073007, 37, 3, 10, 0, 0, 0.01%, 0, 0, 1, 49.88
1735073012, 37, 4, 10, 0, 0, 0.01%, 0, 0, 1, 47.03
1735073017, 37, 5, 10, 0, 0, 0.01%, 0, 0, 1, 48.29
1735073023, 37, 6, 10, 0, 0, 0.01%, 0, 0, 1, 49.37
1735073028, 37, 7, 10, 0, 0, 0.01%, 0, 0, 1, 49.69
1735073033, 37, 8, 10, 0, 0, 0.01%, 0, 0, 1, 50.94
1735073038, 37, 9, 10, 0, 0, 0.01%, 0, 0, 1, 49.02
1735073043, 38, 0, 10, 0, 0, 0.01%, 0, 0, 1, 48.81
1735073048, 38, 1, 10, 0, 0, 0.01%, 0, 0, 1, 46.66
1735073053, 38, 2, 10, 0, 0, 0.01%, 0, 0, 1, 48.44
1735073058, 38, 3, 10, 0, 0, 0.01%, 0, 0, 1, 49.26
1735073063, 38, 4, 10, 0, 0, 0.01%, 0, 0, 1, 46.30
1735073068, 38, 5, 10, 0, 0, 0.01%, 0, 0, 1, 49.21
1735073073, 38, 6, 10, 0, 0, 0.01%, 0, 0, 1, 48.14
1735073078, 38, 7, 10, 0, 0, 0.01%, 0, 0, 1, 50.72
1735073083, 38, 8, 10, 0, 0, 0.01%, 0, 0, 1, 50.46
1735073088, 38, 9, 10, 0, 0, 0.01%, 0, 0, 1, 45.63
1735073093, 39, 0, 10, 0, 0, 0.01%, 0, 0, 1, 46.80
1735073099, 39, 1, 10, 0, 0, 0.01%, 0, 0, 1, 46.82
1735073104, 39, 2, 10, 0, 0, 0.01%, 0, 0, 1, 47.99
1735073109, 39, 3, 10, 0, 0, 0.01%, 0, 0, 1, 49.08
1735073114, 39, 4, 10, 0, 0, 0.01%, 0, 0, 1, 46.47
1735073119, 39, 5, 10, 0, 0, 0.01%, 0, 0, 1, 50.44
1735073129, 39, 6, 10, 0, 0, 0.01%, 0, 0, 1, 50.60
1735073134, 39, 7, 10, 0, 0, 0.01%, 0, 0, 1, 46.38
1735073139, 39, 8, 10, 0, 0, 0.01%, 0, 0, 1, 47.95
1735073144, 39, 9, 10, 0, 0, 0.01%, 0, 0, 1, 49.26
1735073149, 40, 0, 10, 0, 0, 0.01%, 0, 0, 1, 48.77
1735073154, 40, 1, 10, 0, 0, 0.01%, 0, 0, 1, 46.67
1735073160, 40, 2, 10, 0, 0, 0.01%, 0, 0, 1, 47.83
1735073165, 40, 3, 10, 0, 0, 0.01%, 0, 0, 1, 45.69
1735073170, 40, 4, 10, 0, 0, 0.01%, 0, 0, 1, 52.09
1735073175, 40, 5, 10, 0, 0, 0.01%, 0, 0, 1, 48.69
1735073180, 40, 6, 10, 0, 0, 0.01%, 0, 0, 1, 51.09
1735073185, 40, 7, 10, 0, 0, 0.01%, 0, 0, 1, 49.24
1735073190, 40, 8, 10, 0, 0, 0.01%, 0, 0, 1, 47.75
1735073195, 40, 9, 10, 0, 0, 0.01%, 0, 0, 1, 47.51
1735073200, 41, 0, 10, 0, 0, 0.01%, 0, 0, 1, 48.16
1735073205, 41, 1, 10, 0, 0, 0.01%, 0, 0, 1, 49.08
1735073210, 41, 2, 10, 0, 0, 0.01%, 0, 0, 1, 47.36
1735073215, 41, 3, 10, 0, 0, 0.01%, 0, 0, 1, 46.34
1735073221, 41, 4, 10, 0, 0, 0.01%, 0, 0, 1, 49.08
1735073226, 41, 5, 10, 0, 0, 0.01%, 0, 0, 1, 49.40
1735073231, 41, 6, 10, 0, 0, 0.01%, 0, 0, 1, 46.84
1735073241, 41, 7, 10, 0, 0, 0.01%, 0, 0, 1, 47.96
1735073246, 41, 8, 10, 0, 0, 0.01%, 0, 0, 1, 47.90
1735073251, 41, 9, 10, 0, 0, 0.01%, 0, 0, 1, 47.74
1735073256, 42, 0, 10, 0, 0, 0.01%, 0, 0, 1, 46.18
1735073261, 42, 1, 10, 0, 0, 0.01%, 0, 0, 1, 47.75
1735073266, 42, 2, 10, 0, 0, 0.01%, 0, 0, 1, 49.15
1735073272, 42, 3, 10, 0, 0, 0.01%, 0, 0, 1, 49.58
1735073277, 42, 4, 10, 0, 0, 0.01%, 0, 0, 1, 46.36
1735073282, 42, 5, 10, 0, 0, 0.01%, 0, 0, 1, 50.95
1735073287, 42, 6, 10, 0, 0, 0.01%, 0, 0, 1, 47.68
1735073292, 42, 7, 10, 0, 0, 0.01%, 0, 0, 1, 51.99
1735073297, 42, 8, 10, 0, 0, 0.01%, 0, 0, 1, 46.62
1735073302, 42, 9, 10, 0, 0, 0.01%, 0, 0, 1, 46.46
1735073307, 43, 0, 10, 0, 0, 0.01%, 0, 0, 1, 47.27
1735073312, 43, 1, 10, 0, 0, 0.01%, 0, 0, 1, 47.61
1735073317, 43, 2, 10, 0, 0, 0.01%, 0, 0, 1, 48.24
1735073323, 43, 3, 10, 0, 0, 0.01%, 0, 0, 1, 48.01
1735073328, 43, 4, 10, 0, 0, 0.01%, 0, 0, 1, 49.73
1735073333, 43, 5, 10, 0, 0, 0.01%, 0, 0, 1, 46.46
1735073338, 43, 6, 10, 0, 0, 0.01%, 0, 0, 1, 45.29
1735073343, 43, 7, 10, 0, 0, 0.01%, 0, 0, 1, 48.56
1735073348, 43, 8, 10, 0, 0, 0.01%, 0, 0, 1, 49.24
1735073353, 43, 9, 10, 0, 0, 0.01%, 0, 0, 1, 47.56
1735073363, 44, 0, 10, 0, 0, 0.01%, 0, 0, 1, 48.67
1735073368, 44, 1, 10, 0, 0, 0.01%, 0, 0, 1, 48.18
1735073374, 44, 2, 10, 0, 0, 0.01%, 0, 0, 1, 46.56
1735073379, 44, 3, 10, 0, 0, 0.01%, 0, 0, 1, 47.13
1735073384, 44, 4, 10, 0, 0, 0.01%, 0, 0, 1, 48.09
1735073389, 44, 5, 10, 0, 0, 0.01%, 0, 0, 1, 46.53
1735073394, 44, 6, 10, 0, 0, 0.01%, 0, 0, 1, 46.49
1735073399, 44, 7, 10, 0, 0, 0.01%, 0, 0, 1, 47.25
1735073404, 44, 8, 10, 0, 0, 0.01%, 0, 0, 1, 46.81
1735073409, 44, 9, 10, 0, 0, 0.01%, 0, 0, 1, 46.00
1735073414, 45, 0, 10, 0, 0, 0.01%, 0, 0, 1, 47.84
1735073419, 45, 1, 10, 0, 0, 0.01%, 0, 0, 1, 47.27
1735073424, 45, 2, 10, 0, 0, 0.01%, 0, 0, 1, 50.44
1735073430, 45, 3, 10, 0, 0, 0.01%, 0, 0, 1, 48.67
1735073435, 45, 4, 10, 0, 0, 0.01%, 0, 0, 1, 47.62
1735073440, 45, 5, 10, 0, 0, 0.01%, 0, 0, 1, 47.97
1735073445, 45, 6, 10, 0, 0, 0.01%, 0, 0, 1, 48.61
1735073450, 45, 7, 10, 0, 0, 0.01%, 0, 0, 1, 47.17
1735073460, 45, 8, 10, 0, 0, 0.01%, 0, 0, 1, 47.38
1735073465, 45, 9, 10, 0, 0, 0.01%, 0, 0, 1, 47.22
1735073470, 46, 0, 10, 0, 0, 0.01%, 0, 0, 1, 47.18
1735073475, 46, 1, 10, 0, 0, 0.01%, 0, 0, 1, 48.26
1735073480, 46, 2, 10, 0, 0, 0.01%, 0, 0, 1, 47.78
1735073485, 46, 3, 11, 1, 0, 0.14%, 1, 0, 2, 50.93
1735073490, 46, 10, 11, 1, 1, 0.14%, 1, 0, 2, 64.83
1735073500, 46, 10, 12, 2, 1, 0.14%, 2, 0, 3, 51.72
1735073572, 48, 11, 12, 0, 0, 0.14%, 2, 0, 3, 73.88
1735073577, 48, 11, 13, 1, 0, 0.14%, 3, 0, 4, 66.33
1735073613, 48, 11, 14, 2, 0, 0.14%, 3, 0, 4, 51.61
1735073694, 48, 13, 14, 1, 1, 0.14%, 3, 0, 4, 64.24
1735073714, 48, 13, 15, 2, 1, 0.14%, 3, 0, 5, 56.68
1735073750, 48, 13, 16, 3, 1, 0.14%, 3, 0, 5, 53.35
1735073851, 48, 14, 16, 2, 1, 0.14%, 3, 0, 5, 64.33
1735073917, 48, 14, 17, 3, 1, 0.14%, 4, 0, 6, 57.52
1735073943, 48, 14, 19, 5, 1, 0.14%, 4, 0, 6, 52.58
1735074014, 48, 16, 20, 5, 1, 0.14%, 5, 0, 7, 72.00
1735074060, 48, 16, 21, 6, 1, 0.14%, 5, 0, 7, 53.39
1735074070, 48, 16, 22, 7, 1, 0.14%, 5, 0, 7, 54.14
1735074177, 48, 19, 22, 6, 2, 0.14%, 5, 0, 7, 69.44
1735074207, 48, 19, 23, 7, 2, 0.14%, 5, 0, 8, 52.49
1735074304, 48, 21, 23, 6, 2, 0.14%, 5, 0, 8, 59.58
1735074329, 48, 21, 24, 7, 2, 0.14%, 5, 0, 8, 56.74
1735074334, 48, 21, 25, 8, 2, 0.14%, 5, 0, 8, 56.25
1735074339, 48, 21, 26, 9, 2, 0.14%, 5, 0, 8, 57.49
1735074425, 48, 22, 26, 8, 2, 0.14%, 5, 0, 8, 72.40
1735074446, 48, 22, 28, 10, 2, 0.14%, 5, 0, 9, 109.30
1735074451, 48, 22, 29, 11, 2, 0.14%, 5, 0, 9, 110.15
1735074456, 48, 22, 30, 12, 2, 0.14%, 5, 0, 9, 114.99
1735074599, 48, 22, 31, 13, 2, 0.14%, 5, 0, 9, 55.31
1735074721, 48, 30, 31, 11, 1, 0.14%, 5, 0, 9, 104.60
1735074920, 48, 30, 32, 12, 1, 0.14%, 5, 0, 10, 71.26
1735075011, 48, 31, 32, 11, 1, 0.14%, 5, 0, 10, 61.49
1735075052, 48, 31, 34, 13, 1, 0.14%, 5, 0, 11, 61.47
1735075062, 48, 31, 35, 14, 1, 0.14%, 5, 0, 11, 61.54
1735075169, 49, 17, 35, 12, 0, 0.14%, 5, 0, 11, 61.25
1735075174, 49, 20, 36, 11, 0, 0.14%, 5, 0, 11, 85.09
1735075271, 49, 33, 36, 10, 1, 0.14%, 5, 0, 11, 99.78
1735075276, 49, 33, 37, 11, 1, 0.14%, 5, 0, 12, 100.62
1735075450, 50, 25, 37, 8, 0, 0.14%, 5, 0, 12, 59.61
1735075613, 53, 15, 37, 2, 0, 0.14%, 5, 0, 12, 60.06
1735075678, 53, 24, 37, 2, 0, 0.14%, 5, 0, 12, 66.13
1735075755, 57, 15, 37, 1, 0, 0.14%, 5, 0, 12, 71.89
1735075775, 58, 15, 37, 1, 0, 0.14%, 5, 0, 12, 58.34
1735075816, 59, 15, 37, 1, 0, 0.14%, 5, 0, 12, 60.33
1735075851, 59, 27, 37, 1, 0, 0.14%, 5, 0, 12, 75.14
1735075943, 60, 15, 37, 1, 0, 0.14%, 5, 0, 12, 65.02
1735075983, 60, 27, 37, 1, 0, 0.14%, 5, 0, 12, 63.69
1735076024, 61, 15, 37, 1, 0, 0.14%, 5, 0, 12, 59.51
1735076065, 61, 24, 37, 1, 0, 0.14%, 5, 0, 12, 59.23
1735076090, 61, 27, 37, 1, 0, 0.14%, 5, 0, 12, 60.08
1735076131, 62, 15, 37, 1, 0, 0.14%, 5, 0, 12, 60.96
1735076171, 62, 24, 37, 1, 0, 0.14%, 5, 0, 12, 66.77
1735076207, 62, 27, 37, 1, 0, 0.14%, 5, 0, 12, 60.78
1735076247, 63, 15, 37, 1, 0, 0.14%, 5, 0, 12, 60.83
1735076278, 63, 24, 37, 1, 0, 0.14%, 5, 0, 12, 61.75
1735076318, 63, 27, 37, 1, 0, 0.14%, 5, 0, 12, 59.69
1735076359, 64, 15, 37, 1, 0, 0.14%, 5, 0, 12, 60.61
1735076394, 64, 24, 37, 1, 0, 0.14%, 5, 0, 12, 63.05
1735076435, 64, 27, 37, 1, 0, 0.14%, 5, 0, 12, 60.54
1735076470, 65, 15, 37, 1, 0, 0.14%, 5, 0, 12, 52.86
1735076511, 65, 24, 37, 1, 0, 0.14%, 5, 0, 12, 67.39
1735076547, 65, 27, 37, 1, 0, 0.14%, 5, 0, 12, 51.15
1735076587, 66, 24, 37, 1, 0, 0.14%, 5, 0, 12, 61.71
1735076628, 66, 27, 37, 1, 0, 0.14%, 5, 0, 12, 63.44
1735076658, 67, 24, 37, 0, 0, 0.14%, 5, 0, 12, 65.01
1735076693, 67, 27, 37, 0, 0, 0.14%, 5, 0, 12, 70.28
1735076734, 68, 17, 37, 0, 0, 0.14%, 5, 0, 12, 74.31
1735076907, 68, 27, 37, 0, 0, 0.14%, 5, 0, 12, 60.43
1735076943, 116, 33, 37, 0, 0, 0.14%, 5, 0, 12, 72.49
1735076979, 117, 34, 37, 0, 0, 0.14%, 5, 0, 12, 87.99
1735077075, 124, 26, 37, 0, 0, 0.14%, 5, 0, 12, 59.39
1735077182, 124, 33, 37, 0, 0, 0.14%, 5, 0, 12, 71.14
1735077213, 130, 34, 37, 0, 0, 0.14%, 5, 0, 12, 62.66
1735077253, 144, 34, 37, 0, 0, 0.14%, 5, 0, 12, 60.54
1735077294, 151, 35, 37, 0, 0, 0.14%, 5, 0, 12, 90.87
1735077406, 154, 28, 37, 0, 0, 0.14%, 5, 0, 12, 84.15
1735077507, 155, 33, 37, 0, 0, 0.14%, 5, 0, 12, 75.39
1735077538, 156, 33, 37, 0, 0, 0.14%, 5, 0, 12, 65.10
1735077573, 159, 23, 37, 0, 0, 0.14%, 5, 0, 12, 59.85
1735077655, 159, 33, 37, 0, 0, 0.14%, 5, 0, 12, 71.60
1735077690, 160, 34, 37, 0, 0, 0.14%, 5, 0, 12, 59.51
1735077731, 166, 34, 37, 0, 0, 0.14%, 5, 0, 12, 62.96
1735077767, 169, 36, 37, 0, 0, 0.14%, 5, 0, 12, 110.26
1735077945, 170, 19, 37, 0, 0, 0.14%, 5, 0, 12, 64.24
1735077971, 172, 26, 37, 0, 0, 0.14%, 5, 0, 12, 60.11
1735078006, 177, 13, 37, 0, 0, 0.14%, 5, 0, 12, 55.13
1735078027, 178, 17, 37, 0, 0, 0.14%, 5, 0, 12, 66.94
1735078047, 180, 11, 37, 0, 0, 0.14%, 5, 0, 12, 53.39
1735078052, 180, 36, 37, 0, 0, 0.14%, 5, 0, 12, 74.14
1735078088, 181, 11, 37, 0, 0, 0.14%, 5, 0, 12, 57.59
1735078098, 184, 12, 37, 0, 0, 0.14%, 5, 0, 12, 68.95
1735078164, 189, 11, 37, 0, 0, 0.14%, 5, 0, 12, 63.71
1735078189, 190, 12, 37, 0, 0, 0.14%, 5, 0, 12, 58.10
1735078220, 190, 13, 37, 0, 0, 0.14%, 5, 0, 12, 65.80
1735078250, 191, 19, 37, 0, 0, 0.14%, 5, 0, 12, 62.66
1735078286, 192, 19, 37, 0, 0, 0.14%, 5, 0, 12, 61.82
1735078326, 192, 34, 37, 0, 0, 0.14%, 5, 0, 12, 64.19
1735078362, 195, 33, 37, 0, 0, 0.14%, 5, 0, 12, 78.58
1735078392, 197, 19, 37, 0, 0, 0.14%, 5, 0, 12, 63.74
1735078433, 199, 26, 37, 0, 0, 0.14%, 5, 0, 12, 60.70
1735078468, 199, 28, 37, 0, 0, 0.14%, 5, 0, 12, 54.92
1735078504, 200, 13, 37, 0, 0, 0.14%, 5, 0, 12, 56.41
1735078545, 202, 20, 37, 0, 0, 0.14%, 5, 0, 12, 69.98
1735078570, 203, 22, 37, 0, 0, 0.14%, 5, 0, 12, 70.10
1735078601, 204, 12, 37, 0, 0, 0.14%, 5, 0, 12, 51.68
1735078641, 205, 32, 37, 0, 0, 0.14%, 5, 0, 12, 70.82
1735078742, 207, 11, 37, 0, 0, 0.14%, 5, 0, 12, 61.11
1735078768, 207, 22, 37, 0, 0, 0.14%, 5, 0, 12, 66.49
1735078798, 208, 36, 37, 0, 0, 0.14%, 5, 0, 12, 68.95
1735078834, 209, 22, 37, 0, 0, 0.14%, 5, 0, 12, 70.06
1735078864, 210, 13, 37, 0, 0, 0.14%, 5, 0, 12, 62.06
1735078900, 213, 22, 37, 0, 0, 0.14%, 5, 0, 12, 80.33
1735078931, 215, 17, 37, 0, 0, 0.14%, 5, 0, 12, 76.85
1735078966, 215, 34, 37, 0, 0, 0.14%, 5, 0, 12, 70.46
1735079002, 218, 22, 37, 0, 0, 0.14%, 5, 0, 12, 71.84
1735079032, 218, 33, 37, 0, 0, 0.14%, 5, 0, 12, 65.13
1735079073, 220, 11, 37, 0, 0, 0.14%, 5, 0, 12, 60.59
1735079104, 220, 22, 37, 0, 0, 0.14%, 5, 0, 12, 69.52
1735079134, 220, 36, 37, 0, 0, 0.14%, 5, 0, 12, 64.96
1735079170, 223, 34, 37, 0, 0, 0.14%, 5, 0, 12, 63.36
1735079206, 224, 22, 37, 0, 0, 0.14%, 5, 0, 12, 74.40
1735079236, 225, 19, 37, 0, 0, 0.14%, 5, 0, 12, 61.83
1735079272, 227, 11, 37, 0, 0, 0.14%, 5, 0, 12, 56.53
1735079307, 227, 20, 37, 0, 0, 0.14%, 5, 0, 12, 67.66
1735079333, 228, 36, 37, 0, 0, 0.14%, 5, 0, 12, 72.30
1735079368, 229, 29, 37, 0, 0, 0.14%, 5, 0, 12, 81.12
1735079480, 230, 35, 37, 0, 0, 0.14%, 5, 0, 12, 68.27
1735079516, 231, 30, 37, 0, 0, 0.14%, 5, 0, 12, 72.20
1735079552, 232, 17, 37, 0, 0, 0.14%, 5, 0, 12, 58.44
1735079587, 232, 25, 37, 0, 0, 0.14%, 5, 0, 12, 75.15
1735079612, 232, 35, 37, 0, 0, 0.14%, 5, 0, 12, 68.33
1735079648, 235, 13, 37, 0, 0, 0.14%, 5, 0, 12, 58.85
1735079684, 235, 22, 37, 0, 0, 0.14%, 5, 0, 12, 67.57
1735079714, 237, 20, 37, 0, 0, 0.14%, 5, 0, 12, 61.97
1735079755, 238, 17, 37, 0, 0, 0.14%, 5, 0, 12, 71.85
1735079790, 238, 28, 37, 0, 0, 0.14%, 5, 0, 12, 62.05
1735079821, 239, 14, 37, 0, 0, 0.14%, 5, 0, 12, 66.16
1735079841, 241, 26, 37, 0, 0, 0.14%, 5, 0, 12, 60.41
1735079877, 241, 30, 37, 0, 0, 0.14%, 5, 0, 12, 63.84
1735079912, 241, 33, 37, 0, 0, 0.14%, 5, 0, 12, 59.03
1735079948, 243, 14, 37, 0, 0, 0.14%, 5, 0, 12, 61.28
1735079988, 243, 25, 37, 0, 0, 0.14%, 5, 0, 12, 77.58
1735080024, 244, 14, 37, 0, 0, 0.14%, 5, 0, 12, 59.88
1735080059, 245, 17, 37, 0, 0, 0.14%, 5, 0, 12, 69.71
1735080095, 245, 28, 37, 0, 0, 0.14%, 5, 0, 12, 61.79
1735080130, 246, 29, 37, 0, 0, 0.14%, 5, 0, 12, 56.69
1735080150, 247, 13, 37, 0, 0, 0.14%, 5, 0, 12, 59.59
1735080186, 248, 32, 37, 0, 0, 0.14%, 5, 0, 12, 60.73
1735080222, 249, 17, 37, 0, 0, 0.14%, 5, 0, 12, 74.83
1735080252, 249, 32, 37, 0, 0, 0.14%, 5, 0, 12, 67.29
1735080293, 252, 19, 37, 0, 0, 0.14%, 5, 0, 12, 60.63
1735080328, 253, 36, 37, 0, 0, 0.14%, 5, 0, 12, 70.60
1735080364, 254, 25, 37, 0, 0, 0.14%, 5, 0, 12, 74.45
1735080394, 255, 30, 37, 0, 0, 0.14%, 5, 0, 12, 73.90
1735080430, 261, 11, 37, 0, 0, 0.14%, 5, 0, 12, 63.61
1735080470, 262, 17, 37, 0, 0, 0.14%, 5, 0, 12, 75.53
1735080501, 262, 20, 37, 0, 0, 0.14%, 5, 0, 12, 60.90
1735080536, 263, 25, 37, 0, 0, 0.14%, 5, 0, 12, 70.40
1735080572, 264, 11, 37, 0, 0, 0.14%, 5, 0, 12, 60.79
1735080602, 266, 33, 37, 0, 0, 0.14%, 5, 0, 12, 76.65
1735080638, 267, 14, 37, 0, 0, 0.14%, 5, 0, 12, 58.06
1735080679, 267, 19, 37, 0, 0, 0.14%, 5, 0, 12, 59.44
1735080714, 267, 34, 37, 0, 0, 0.14%, 5, 0, 12, 67.47
1735080755, 268, 35, 37, 0, 0, 0.14%, 5, 0, 12, 69.68
1735080790, 270, 25, 37, 0, 0, 0.14%, 5, 0, 12, 72.95
1735080826, 272, 12, 37, 0, 0, 0.14%, 5, 0, 12, 58.33
1735080861, 273, 20, 37, 0, 0, 0.14%, 5, 0, 12, 55.98
1735080897, 274, 32, 37, 0, 0, 0.14%, 5, 0, 12, 68.61
1735080937, 275, 20, 37, 0, 0, 0.14%, 5, 0, 12, 67.86
1735080973, 276, 31, 37, 0, 0, 0.14%, 5, 0, 12, 66.33
1735081013, 279, 17, 37, 0, 0, 0.14%, 5, 0, 12, 72.67
1735081044, 281, 10, 37, 0, 0, 0.14%, 5, 0, 12, 58.44
1735081054, 282, 28, 37, 0, 0, 0.14%, 5, 0, 12, 63.68
1735081094, 286, 30, 37, 0, 0, 0.14%, 5, 0, 12, 72.99
1735081130, 287, 26, 37, 0, 0, 0.14%, 5, 0, 12, 63.13
1735081160, 287, 29, 37, 0, 0, 0.14%, 5, 0, 12, 68.95
1735081196, 287, 30, 37, 0, 0, 0.14%, 5, 0, 12, 62.97
1735081231, 289, 35, 37, 0, 0, 0.14%, 5, 0, 12, 64.54
1735081267, 291, 23, 37, 0, 0, 0.14%, 5, 0, 12, 64.35
1735081297, 291, 25, 37, 0, 0, 0.14%, 5, 0, 12, 74.60
1735081328, 291, 34, 37, 0, 0, 0.14%, 5, 0, 12, 62.01
1735081363, 292, 12, 37, 0, 0, 0.14%, 5, 0, 12, 64.53
1735081409, 292, 23, 37, 0, 0, 0.14%, 5, 0, 12, 57.16
1735081444, 293, 12, 37, 0, 0, 0.14%, 5, 0, 12, 61.36
1735081485, 294, 10, 37, 0, 0, 0.14%, 5, 0, 12, 59.05
1735081495, 294, 13, 37, 0, 0, 0.14%, 5, 0, 12, 59.81
1735081525, 294, 25, 37, 0, 0, 0.14%, 5, 0, 12, 68.63
1735081561, 295, 13, 37, 0, 0, 0.14%, 5, 0, 12, 62.72
1735081591, 298, 12, 37, 0, 0, 0.14%, 5, 0, 12, 66.70
1735081632, 298, 14, 37, 0, 0, 0.14%, 5, 0, 12, 57.92
1735081668, 298, 32, 37, 0, 0, 0.14%, 5, 0, 12, 58.00
1735081708, 299, 12, 37, 0, 0, 0.14%, 5, 0, 12, 56.91
1735081744, 301, 26, 37, 0, 0, 0.14%, 5, 0, 12, 62.49
1735081779, 302, 31, 37, 0, 0, 0.14%, 5, 0, 12, 66.60
1735081820, 305, 28, 37, 0, 0, 0.14%, 5, 0, 12, 70.74
1735081850, 307, 30, 37, 0, 0, 0.14%, 5, 0, 12, 74.55
1735081886, 308, 25, 37, 0, 0, 0.14%, 5, 0, 12, 69.93
1735081921, 309, 20, 37, 0, 0, 0.14%, 5, 0, 12, 66.95
1735081962, 311, 21, 37, 0, 0, 0.14%, 5, 0, 12, 67.46
1735081977, 312, 16, 37, 0, 0, 0.14%, 5, 0, 12, 61.14
1735082007, 312, 31, 37, 0, 0, 0.14%, 5, 0, 12, 57.80
1735082048, 314, 26, 37, 0, 0, 0.14%, 5, 0, 12, 56.62
1735082088, 314, 30, 37, 0, 0, 0.14%, 5, 0, 12, 73.09
1735082124, 314, 31, 37, 0, 0, 0.14%, 5, 0, 12, 66.92
1735082159, 315, 23, 37, 0, 0, 0.14%, 5, 0, 12, 62.96
1735082195, 322, 20, 37, 0, 0, 0.14%, 5, 0, 12, 69.16
1735082231, 323, 20, 37, 0, 0, 0.14%, 5, 0, 12, 68.74
1735082271, 323, 28, 37, 0, 0, 0.14%, 5, 0, 12, 64.73
1735082307, 326, 32, 37, 0, 0, 0.14%, 5, 0, 12, 64.45
1735082342, 329, 21, 37, 0, 0, 0.14%, 5, 0, 12, 63.39
1735082378, 330, 16, 37, 0, 0, 0.14%, 5, 0, 12, 59.10
1735082408, 331, 12, 37, 0, 0, 0.14%, 5, 0, 12, 60.15
1735082444, 333, 14, 37, 0, 0, 0.14%, 5, 0, 12, 65.43
1735082484, 335, 12, 37, 0, 0, 0.14%, 5, 0, 12, 58.17
1735082525, 335, 16, 37, 0, 0, 0.14%, 5, 0, 12, 57.87
1735082565, 335, 36, 37, 0, 0, 0.14%, 5, 0, 12, 80.78
1735082570, 335, 36, 38, 1, 0, 0.14%, 6, 0, 13, 80.63
1735082611, 335, 37, 38, 1, 1, 0.14%, 6, 0, 13, 99.73
1735082616, 335, 37, 39, 2, 1, 0.14%, 6, 0, 14, 121.65
1735082866, 335, 38, 39, 1, 1, 0.14%, 6, 0, 14, 61.14
1735082871, 336, 10, 39, 0, 0, 0.14%, 6, 0, 14, 55.13
1735082892, 337, 38, 39, 0, 0, 0.14%, 6, 0, 14, 113.62
1735083127, 337, 38, 40, 1, 0, 0.14%, 7, 0, 15, 77.19
1735083208, 337, 39, 40, 1, 1, 0.14%, 7, 0, 15, 48.09
1735083733, 338, 19, 40, 0, 0, 0.14%, 7, 0, 15, 67.15
1735083769, 340, 16, 40, 0, 0, 0.14%, 7, 0, 15, 59.14
1735083805, 341, 23, 40, 0, 0, 0.14%, 7, 0, 15, 60.20
1735083846, 343, 23, 40, 0, 0, 0.14%, 7, 0, 15, 62.38
1735083881, 344, 26, 40, 0, 0, 0.14%, 7, 0, 15, 60.65
1735083917, 344, 28, 40, 0, 0, 0.14%, 7, 0, 15, 67.74
1735083952, 346, 29, 40, 0, 0, 0.14%, 7, 0, 15, 71.10
1735083988, 347, 39, 40, 0, 0, 0.14%, 7, 0, 15, 83.13
1735084018, 348, 18, 40, 0, 0, 0.14%, 7, 0, 15, 72.73
1735084110, 348, 39, 40, 0, 0, 0.14%, 7, 0, 15, 80.34
1735084141, 349, 39, 40, 0, 0, 0.14%, 7, 0, 15, 79.39
1735084171, 350, 14, 40, 0, 0, 0.14%, 7, 0, 15, 68.75
1735084212, 350, 39, 40, 0, 0, 0.14%, 7, 0, 15, 77.87
1735084242, 351, 35, 40, 0, 0, 0.14%, 7, 0, 15, 59.82
1735084278, 351, 39, 40, 0, 0, 0.14%, 7, 0, 15, 66.23
1735084313, 352, 39, 40, 0, 0, 0.14%, 7, 0, 15, 74.98
1735084349, 353, 35, 40, 0, 0, 0.14%, 7, 0, 15, 70.43
1735084379, 355, 36, 40, 0, 0, 0.14%, 7, 0, 15, 69.62
1735084415, 359, 38, 40, 0, 0, 0.14%, 7, 0, 15, 75.26
1735084445, 360, 14, 40, 0, 0, 0.14%, 7, 0, 15, 75.59
1735084486, 360, 38, 40, 0, 0, 0.14%, 7, 0, 15, 71.42
1735084522, 362, 35, 40, 0, 0, 0.14%, 7, 0, 15, 69.84
1735084557, 363, 23, 40, 0, 0, 0.14%, 7, 0, 15, 68.02
1735084592, 368, 16, 40, 0, 0, 0.14%, 7, 0, 15, 62.72
1735084633, 369, 23, 40, 0, 0, 0.14%, 7, 0, 15, 65.98
1735084669, 369, 32, 40, 0, 0, 0.14%, 7, 0, 15, 61.69
1735084704, 371, 16, 40, 0, 0, 0.14%, 7, 0, 15, 60.67
1735084739, 371, 18, 40, 0, 0, 0.14%, 7, 0, 15, 65.65
1735084744, 372, 31, 40, 0, 0, 0.14%, 7, 0, 15, 65.96
1735084780, 374, 21, 40, 0, 0, 0.14%, 7, 0, 15, 68.77
1735084811, 374, 31, 40, 0, 0, 0.14%, 7, 0, 15, 58.93
1735084846, 375, 12, 40, 0, 0, 0.14%, 7, 0, 15, 59.72
1735084882, 375, 38, 40, 0, 0, 0.14%, 7, 0, 15, 66.77
1735084918, 376, 19, 40, 0, 0, 0.14%, 7, 0, 15, 65.06
1735084953, 377, 35, 40, 0, 0, 0.14%, 7, 0, 15, 77.04
1735084988, 377, 38, 40, 0, 0, 0.14%, 7, 0, 15, 65.97
1735085024, 380, 21, 40, 0, 0, 0.14%, 7, 0, 15, 65.92
1735085060, 383, 38, 40, 0, 0, 0.14%, 7, 0, 15, 61.26
1735085095, 388, 12, 40, 0, 0, 0.14%, 7, 0, 15, 63.48
1735085131, 388, 16, 40, 0, 0, 0.14%, 7, 0, 15, 61.59
1735085167, 395, 32, 40, 0, 0, 0.14%, 7, 0, 15, 65.25
1735085202, 395, 38, 40, 0, 0, 0.14%, 7, 0, 15, 62.62
1735085238, 399, 18, 40, 0, 0, 0.14%, 7, 0, 15, 59.71
1735085253, 401, 10, 40, 0, 0, 0.14%, 7, 0, 15, 60.06
1735085268, 406, 38, 40, 0, 0, 0.14%, 7, 0, 15, 56.88
1735085304, 407, 10, 40, 0, 0, 0.14%, 7, 0, 15, 54.53
1735085339, 408, 10, 40, 0, 0, 0.14%, 7, 0, 15, 61.66
1735085375, 409, 18, 40, 0, 0, 0.14%, 7, 0, 15, 69.42
1735085410, 410, 29, 40, 0, 0, 0.14%, 7, 0, 15, 69.39
1735085435, 411, 16, 40, 0, 0, 0.14%, 7, 0, 15, 72.67
1735085471, 411, 21, 40, 0, 0, 0.14%, 7, 0, 15, 65.16
1735085507, 416, 21, 40, 0, 0, 0.14%, 7, 0, 15, 61.18
1735085548, 425, 31, 40, 0, 0, 0.14%, 7, 0, 15, 60.77
1735085583, 426, 18, 40, 0, 0, 0.14%, 7, 0, 15, 63.83
1735085618, 427, 38, 40, 0, 0, 0.14%, 7, 0, 15, 71.64
1735085654, 435, 38, 40, 0, 0, 0.14%, 7, 0, 15, 79.43
1735085685, 475, 37, 40, 0, 0, 0.14%, 7, 0, 15, 63.95
1735085710, 477, 37, 40, 0, 0, 0.14%, 7, 0, 15, 65.81
1735085746, 479, 16, 40, 0, 0, 0.14%, 7, 0, 15, 60.71
1735085787, 480, 38, 40, 0, 0, 0.14%, 7, 0, 15, 77.96
1735085817, 482, 38, 40, 0, 0, 0.14%, 7, 0, 15, 70.74
1735085852, 496, 38, 40, 0, 0, 0.14%, 7, 0, 15, 73.35
1735085888, 503, 37, 40, 0, 0, 0.14%, 7, 0, 15, 82.19
1735085918, 508, 37, 40, 0, 0, 0.14%, 7, 0, 15, 72.45
1735085949, 521, 38, 40, 0, 0, 0.14%, 7, 0, 15, 63.92
1735085985, 524, 38, 40, 0, 0, 0.14%, 7, 0, 15, 73.53
1735086020, 530, 37, 40, 0, 0, 0.14%, 7, 0, 15, 80.00
1735086051, 535, 38, 40, 0, 0, 0.14%, 7, 0, 15, 74.87
1735086086, 538, 37, 40, 0, 0, 0.14%, 7, 0, 15, 78.55
1735086117, 544, 37, 40, 0, 0, 0.14%, 7, 0, 15, 82.92
1735086152, 553, 37, 40, 0, 0, 0.14%, 7, 0, 15, 77.01
1735086188, 561, 38, 40, 0, 0, 0.14%, 7, 0, 15, 72.75
1735086224, 576, 37, 40, 0, 0, 0.14%, 7, 0, 15, 73.15
1735086255, 582, 38, 40, 0, 0, 0.14%, 7, 0, 15, 65.52
1735086290, 618, 38, 40, 0, 0, 0.14%, 7, 0, 15, 75.16
1735086326, 641, 38, 40, 0, 0, 0.14%, 7, 0, 15, 74.89
1735086356, 676, 38, 40, 0, 0, 0.14%, 7, 0, 15, 66.14
1735086396, 687, 38, 40, 0, 0, 0.14%, 7, 0, 15, 78.64
1735086427, 688, 38, 40, 0, 0, 0.14%, 7, 0, 15, 65.98
1735086463, 689, 38, 40, 0, 0, 0.14%, 7, 0, 15, 69.97
1735086503, 690, 38, 40, 0, 0, 0.14%, 7, 0, 15, 80.95
1735086534, 693, 38, 40, 0, 0, 0.14%, 7, 0, 15, 70.18
1735086570, 696, 38, 40, 0, 0, 0.14%, 7, 0, 15, 76.00
1735086600, 721, 38, 40, 0, 0, 0.14%, 7, 0, 15, 76.44
1735086636, 750, 38, 40, 0, 0, 0.14%, 7, 0, 15, 77.57
1735086666, 761, 38, 40, 0, 0, 0.14%, 7, 0, 15, 73.29
1735086702, 803, 38, 40, 0, 0, 0.14%, 7, 0, 15, 71.78
1735086737, 818, 38, 40, 0, 0, 0.14%, 7, 0, 15, 76.83
1735086773, 827, 38, 40, 0, 0, 0.14%, 7, 0, 15, 76.93
1735086803, 829, 38, 40, 0, 0, 0.14%, 7, 0, 15, 67.62
1735086839, 840, 38, 40, 0, 0, 0.14%, 7, 0, 15, 70.75
1735086874, 858, 38, 40, 0, 0, 0.14%, 7, 0, 15, 77.72
1735086910, 860, 38, 40, 0, 0, 0.14%, 7, 0, 15, 75.05
1735086940, 894, 38, 40, 0, 0, 0.14%, 7, 0, 15, 70.23
1735086976, 2852, 0, 40, 0, 0, 0.14%, 7, 0, 15, 0.00
1735086981, 19476, 0, 40, 0, 0, 0.14%, 7, 0, 15, 0.00
1735086986, 36221, 0, 40, 0, 0, 0.14%, 7, 0, 15, 0.00
1735086991, 52976, 0, 40, 0, 0, 0.14%, 7, 0, 15, 0.00
1735086996, 70292, 0, 40, 0, 0, 0.14%, 7, 0, 15, 0.00
1735087002, 87566, 0, 40, 0, 0, 0.14%, 7, 0, 15, 0.00
1735087007, 104176, 0, 40, 0, 0, 0.14%, 7, 0, 15, 0.00
1735087012, 121532, 0, 40, 0, 0, 0.14%, 7, 0, 15, 0.00
1735087017, 137552, 0, 40, 0, 0, 0.14%, 7, 0, 15, 0.00
1735087022, 153514, 0, 40, 0, 0, 0.14%, 7, 0, 15, 0.00
1735087028, 170181, 0, 40, 0, 0, 0.14%, 7, 0, 15, 0.00
1735087033, 186840, 0, 40, 0, 0, 0.14%, 7, 0, 15, 0.00
1735087038, 203439, 0, 40, 0, 0, 0.14%, 7, 0, 15, 0.00
1735087043, 220732, 0, 40, 0, 0, 0.14%, 7, 0, 15, 0.00
1735087048, 237380, 0, 40, 0, 0, 0.14%, 7, 0, 15, 0.00
1735087054, 254042, 0, 40, 0, 0, 0.14%, 7, 0, 15, 0.00
1735087059, 271383, 0, 40, 0, 0, 0.14%, 7, 0, 15, 0.00
1735087064, 288033, 0, 40, 0, 0, 0.14%, 7, 0, 15, 0.00
1735087069, 304687, 0, 40, 0, 0, 0.14%, 7, 0, 15, 0.00
1735087074, 321445, 0, 40, 0, 0, 0.14%, 7, 0, 15, 0.00
1735087080, 338781, 0, 40, 0, 0, 0.14%, 7, 0, 15, 0.00
1735087085, 355462, 0, 40, 0, 0, 0.14%, 7, 0, 15, 0.00
1735087090, 372118, 0, 40, 0, 0, 0.14%, 7, 0, 15, 0.00
1735087095, 388759, 0, 40, 0, 0, 0.14%, 7, 0, 15, 0.00
1735087100, 405414, 0, 40, 0, 0, 0.14%, 7, 0, 15, 0.00
1735087106, 422694, 0, 40, 0, 0, 0.14%, 7, 0, 15, 0.00
1735087111, 438715, 0, 40, 0, 0, 0.14%, 7, 0, 15, 0.00
1735087116, 456093, 0, 40, 0, 0, 0.14%, 7, 0, 15, 0.00
1735087121, 473414, 0, 40, 0, 0, 0.14%, 7, 0, 15, 0.00
1735087126, 490719, 0, 40, 0, 0, 0.14%, 7, 0, 15, 0.00
1735087132, 507416, 0, 40, 0, 0, 0.14%, 7, 0, 15, 0.00
1735087137, 524076, 0, 40, 0, 0, 0.14%, 7, 0, 15, 0.00
1735087142, 541371, 0, 40, 0, 0, 0.14%, 7, 0, 15, 0.00
1735087147, 557995, 0, 40, 0, 0, 0.14%, 7, 0, 15, 0.00
1735087152, 575335, 0, 40, 0, 0, 0.14%, 7, 0, 15, 0.00
1735087158, 592034, 0, 40, 0, 0, 0.14%, 7, 0, 15, 0.00
1735087163, 608743, 0, 40, 0, 0, 0.14%, 7, 0, 15, 0.00
1735087168, 626051, 0, 40, 0, 0, 0.14%, 7, 0, 15, 0.00
1735087173, 642741, 0, 40, 0, 0, 0.14%, 7, 0, 15, 0.00
1735087178, 659445, 0, 40, 0, 0, 0.14%, 7, 0, 15, 0.00
1735087184, 676756, 0, 40, 0, 0, 0.14%, 7, 0, 15, 0.00
1735087189, 693475, 0, 40, 0, 0, 0.14%, 7, 0, 15, 0.00
1735087194, 710177, 0, 40, 0, 0, 0.14%, 7, 0, 15, 0.00
1735087199, 726888, 0, 40, 0, 0, 0.14%, 7, 0, 15, 0.00
1735087204, 744253, 0, 40, 0, 0, 0.14%, 7, 0, 15, 0.00
1735087210, 760911, 0, 40, 0, 0, 0.14%, 7, 0, 15, 0.00
1735087215, 778179, 0, 40, 0, 0, 0.14%, 7, 0, 15, 0.00
1735087220, 794859, 0, 40, 0, 0, 0.14%, 7, 0, 15, 0.00
1735087225, 811627, 0, 40, 0, 0, 0.14%, 7, 0, 15, 0.00
1735087230, 828368, 0, 40, 0, 0, 0.14%, 7, 0, 15, 0.00
1735087236, 845753, 0, 40, 0, 0, 0.14%, 7, 0, 15, 0.00
1735087241, 862446, 0, 40, 0, 0, 0.14%, 7, 0, 15, 0.00
1735087246, 879839, 0, 40, 0, 0, 0.14%, 7, 0, 15, 0.00
1735087251, 896540, 0, 40, 0, 0, 0.14%, 7, 0, 15, 0.00
1735087256, 914559, 0, 40, 0, 0, 0.14%, 7, 0, 15, 0.00
1735087262, 931296, 0, 40, 0, 0, 0.14%, 7, 0, 15, 0.00
1735087267, 948670, 0, 40, 0, 0, 0.14%, 7, 0, 15, 0.00
1735087272, 965421, 0, 40, 0, 0, 0.14%, 7, 0, 15, 0.00
1735087277, 982125, 0, 40, 0, 0, 0.14%, 7, 0, 15, 0.00
1735087282, 998840, 0, 40, 0, 0, 0.14%, 7, 0, 15, 0.00
1735087288, 1016827, 0, 40, 0, 0, 0.14%, 7, 0, 15, 0.00
1735087293, 1033545, 0, 40, 0, 0, 0.14%, 7, 0, 15, 0.00
1735087298, 1050833, 0, 40, 0, 0, 0.14%, 7, 0, 15, 0.00
1735087303, 1067601, 0, 40, 0, 0, 0.14%, 7, 0, 15, 0.00
1735087308, 1084909, 0, 40, 0, 0, 0.14%, 7, 0, 15, 0.00
1735087314, 1102222, 0, 40, 0, 0, 0.14%, 7, 0, 15, 0.00
1735087319, 1119554, 0, 40, 0, 0, 0.14%, 7, 0, 15, 0.00
1735087324, 1136282, 0, 40, 0, 0, 0.14%, 7, 0, 15, 0.00
1735087329, 1153652, 0, 40, 0, 0, 0.14%, 7, 0, 15, 0.00
1735087334, 1170341, 0, 40, 0, 0, 0.14%, 7, 0, 15, 0.00
1735087340, 1187629, 0, 40, 0, 0, 0.14%, 7, 0, 15, 0.00
1735087345, 1205057, 0, 40, 0, 0, 0.14%, 7, 0, 15, 0.00
1735087350, 1221779, 0, 40, 0, 0, 0.14%, 7, 0, 15, 0.00
1735087355, 1238437, 0, 40, 0, 0, 0.14%, 7, 0, 15, 0.00
1735087360, 1255822, 0, 40, 0, 0, 0.14%, 7, 0, 15, 0.00
1735087366, 1272516, 0, 40, 0, 0, 0.14%, 7, 0, 15, 0.00
1735087371, 1290524, 0, 40, 0, 0, 0.14%, 7, 0, 15, 0.00
1735087376, 1307826, 0, 40, 0, 0, 0.14%, 7, 0, 15, 0.00
1735087381, 1325198, 0, 40, 0, 0, 0.14%, 7, 0, 15, 0.00
1735087386, 1341898, 0, 40, 0, 0, 0.14%, 7, 0, 15, 0.00
1735087392, 1359247, 0, 40, 0, 0, 0.14%, 7, 0, 15, 0.00
1735087397, 1375978, 0, 40, 0, 0, 0.14%, 7, 0, 15, 0.00
1735087402, 1392811, 0, 40, 0, 0, 0.14%, 7, 0, 15, 0.00
1735087407, 1410124, 0, 40, 0, 0, 0.14%, 7, 0, 15, 0.00
1735087412, 1426761, 0, 40, 0, 0, 0.14%, 7, 0, 15, 0.00
1735087418, 1444803, 0, 40, 0, 0, 0.14%, 7, 0, 15, 0.00
1735087423, 1462203, 0, 40, 0, 0, 0.14%, 7, 0, 15, 0.00
1735087428, 1479572, 0, 40, 0, 0, 0.14%, 7, 0, 15, 0.00
1735087433, 1496307, 0, 40, 0, 0, 0.14%, 7, 0, 15, 0.00
1735087438, 1513683, 0, 40, 0, 0, 0.14%, 7, 0, 15, 0.00
1735087444, 1530351, 0, 40, 0, 0, 0.14%, 7, 0, 15, 0.00
1735087449, 1547042, 0, 40, 0, 0, 0.14%, 7, 0, 15, 0.00
1735087454, 1564368, 0, 40, 0, 0, 0.14%, 7, 0, 15, 0.00
1735087459, 1581121, 0, 40, 0, 0, 0.14%, 7, 0, 15, 0.00
1735087464, 1597884, 0, 40, 0, 0, 0.14%, 7, 0, 15, 0.00
1735087470, 1615195, 0, 40, 0, 0, 0.14%, 7, 0, 15, 0.00
1735087475, 1631917, 0, 40, 0, 0, 0.14%, 7, 0, 15, 0.00
1735087480, 1649928, 0, 40, 0, 0, 0.14%, 7, 0, 15, 0.00
1735087485, 1666542, 0, 40, 0, 0, 0.14%, 7, 0, 15, 0.00
1735087490, 1683844, 0, 40, 0, 0, 0.14%, 7, 0, 15, 0.00
1735087496, 1700580, 0, 40, 0, 0, 0.14%, 7, 0, 15, 0.00
1735087501, 1717689, 0, 40, 0, 0, 0.14%, 7, 0, 15, 0.00
1735087506, 1734640, 0, 40, 0, 0, 0.14%, 7, 0, 15, 0.00
1735087511, 1751358, 0, 40, 0, 0, 0.14%, 7, 0, 15, 0.00
1735087516, 1767995, 0, 40, 0, 0, 0.14%, 7, 0, 15, 0.00
1735087522, 1784747, 0, 40, 0, 0, 0.14%, 7, 0, 15, 0.00
1735087527, 1801459, 0, 40, 0, 0, 0.14%, 7, 0, 15, 0.00
1735087532, 1818150, 0, 40, 0, 0, 0.14%, 7, 0, 15, 0.00
1735087537, 1834853, 0, 40, 0, 0, 0.14%, 7, 0, 15, 0.00
1735087542, 1852764, 0, 40, 0, 0, 0.14%, 7, 0, 15, 0.00
1735087548, 1869535, 0, 40, 0, 0, 0.14%, 7, 0, 15, 0.00
1735087553, 1886205, 0, 40, 0, 0, 0.14%, 7, 0, 15, 0.00
1735087558, 1904206, 0, 40, 0, 0, 0.14%, 7, 0, 15, 0.00
1735087563, 1920851, 0, 40, 0, 0, 0.14%, 7, 0, 15, 0.00
1735087568, 1938082, 0, 40, 0, 0, 0.14%, 7, 0, 15, 0.00
1735087574, 1954801, 0, 40, 0, 0, 0.14%, 7, 0, 15, 0.00
1735087579, 1971325, 0, 40, 0, 0, 0.14%, 7, 0, 15, 0.00
1735087584, 1988214, 0, 40, 0, 0, 0.14%, 7, 0, 15, 0.00
1735087589, 2006208, 0, 40, 0, 0, 0.14%, 7, 0, 15, 0.00
1735087594, 2022844, 0, 40, 0, 0, 0.14%, 7, 0, 15, 0.00
1735087600, 2040146, 0, 40, 0, 0, 0.14%, 7, 0, 15, 0.00
1735087605, 2056778, 0, 40, 0, 0, 0.14%, 7, 0, 15, 0.00
1735087610, 2073483, 0, 40, 0, 0, 0.14%, 7, 0, 15, 0.00
1735087615, 2090149, 0, 40, 0, 0, 0.14%, 7, 0, 15, 0.00
1735087620, 2108147, 0, 40, 0, 0, 0.14%, 7, 0, 15, 0.00
1735087626, 2124845, 0, 40, 0, 0, 0.14%, 7, 0, 15, 0.00
1735087631, 2142125, 0, 40, 0, 0, 0.14%, 7, 0, 15, 0.00
1735087636, 2158835, 0, 40, 0, 0, 0.14%, 7, 0, 15, 0.00
1735087641, 2176165, 0, 40, 0, 0, 0.14%, 7, 0, 15, 0.00
1735087646, 2193541, 0, 40, 0, 0, 0.14%, 7, 0, 15, 0.00
1735087652, 2210855, 0, 40, 0, 0, 0.14%, 7, 0, 15, 0.00
1735087657, 2227538, 0, 40, 0, 0, 0.14%, 7, 0, 15, 0.00
1735087662, 2244863, 0, 40, 0, 0, 0.14%, 7, 0, 15, 0.00
1735087667, 2261519, 0, 40, 0, 0, 0.14%, 7, 0, 15, 0.00
1735087672, 2278159, 0, 40, 0, 0, 0.14%, 7, 0, 15, 0.00
1735087678, 2294888, 0, 40, 0, 0, 0.14%, 7, 0, 15, 0.00
1735087683, 2312147, 0, 40, 0, 0, 0.14%, 7, 0, 15, 0.00
1735087688, 2328846, 0, 40, 0, 0, 0.14%, 7, 0, 15, 0.00
1735087693, 2345471, 0, 40, 0, 0, 0.14%, 7, 0, 15, 0.00
1735087698, 2362214, 0, 40, 0, 0, 0.14%, 7, 0, 15, 0.00
1735087704, 2378960, 0, 40, 0, 0, 0.14%, 7, 0, 15, 0.00
1735087709, 2396224, 0, 40, 0, 0, 0.14%, 7, 0, 15, 0.00
1735087714, 2412917, 0, 40, 0, 0, 0.14%, 7, 0, 15, 0.00
1735087719, 2429635, 0, 40, 0, 0, 0.14%, 7, 0, 15, 0.00
1735087724, 2446347, 0, 40, 0, 0, 0.14%, 7, 0, 15, 0.00
1735087730, 2463050, 0, 40, 0, 0, 0.14%, 7, 0, 15, 0.00
1735087735, 2479699, 0, 40, 0, 0, 0.14%, 7, 0, 15, 0.00
1735087740, 2497042, 0, 40, 0, 0, 0.14%, 7, 0, 15, 0.00
1735087745, 2513749, 0, 40, 0, 0, 0.14%, 7, 0, 15, 0.00
1735087750, 2530425, 0, 40, 0, 0, 0.14%, 7, 0, 15, 0.00
1735087756, 2547122, 0, 40, 0, 0, 0.14%, 7, 0, 15, 0.00
1735087761, 2564446, 0, 40, 0, 0, 0.14%, 7, 0, 15, 0.00
1735087766, 2581071, 0, 40, 0, 0, 0.14%, 7, 0, 15, 0.00
1735087771, 2598461, 0, 40, 0, 0, 0.14%, 7, 0, 15, 0.00
1735087776, 2615839, 0, 40, 0, 0, 0.14%, 7, 0, 15, 0.00
1735087782, 2633116, 0, 40, 0, 0, 0.14%, 7, 0, 15, 0.00
1735087787, 2649736, 0, 40, 0, 0, 0.14%, 7, 0, 15, 0.00
1735087792, 2667063, 0, 40, 0, 0, 0.14%, 7, 0, 15, 0.00
1735087797, 2683792, 0, 40, 0, 0, 0.14%, 7, 0, 15, 0.00
1735087802, 2701163, 0, 40, 0, 0, 0.14%, 7, 0, 15, 0.00
1735087808, 2717434, 0, 40, 0, 0, 0.14%, 7, 0, 15, 0.00
1735087813, 2734550, 0, 40, 0, 0, 0.14%, 7, 0, 15, 0.00
1735087818, 2751260, 0, 40, 0, 0, 0.14%, 7, 0, 15, 0.00
1735087823, 2768597, 0, 40, 0, 0, 0.14%, 7, 0, 15, 0.00
1735087828, 2785326, 0, 40, 0, 0, 0.14%, 7, 0, 15, 0.00
1735087834, 2802669, 0, 40, 0, 0, 0.14%, 7, 0, 15, 0.00
1735087839, 2819435, 0, 40, 0, 0, 0.14%, 7, 0, 15, 0.00
1735087844, 2836151, 0, 40, 0, 0, 0.14%, 7, 0, 15, 0.00
1735087849, 2852816, 0, 40, 0, 0, 0.14%, 7, 0, 15, 0.00
1735087854, 2870209, 0, 40, 0, 0, 0.14%, 7, 0, 15, 0.00
1735087860, 2886968, 0, 40, 0, 0, 0.14%, 7, 0, 15, 0.00
1735087865, 2904308, 0, 40, 0, 0, 0.14%, 7, 0, 15, 0.00
1735087870, 2921054, 0, 40, 0, 0, 0.14%, 7, 0, 15, 0.00
1735087875, 2938991, 0, 40, 0, 0, 0.14%, 7, 0, 15, 0.00
1735087880, 2955628, 0, 40, 0, 0, 0.14%, 7, 0, 15, 0.00
1735087886, 2972264, 0, 40, 0, 0, 0.14%, 7, 0, 15, 0.00
1735087891, 2990154, 0, 40, 0, 0, 0.14%, 7, 0, 15, 0.00
1735087896, 3006803, 0, 40, 0, 0, 0.14%, 7, 0, 15, 0.00
1735087901, 3024153, 0, 40, 0, 0, 0.14%, 7, 0, 15, 0.00
1735087906, 3040832, 0, 40, 0, 0, 0.14%, 7, 0, 15, 0.00
1735087912, 3058777, 0, 40, 0, 0, 0.14%, 7, 0, 15, 0.00
1735087917, 3075478, 0, 40, 0, 0, 0.14%, 7, 0, 15, 0.00
1735087922, 3093526, 0, 40, 0, 0, 0.14%, 7, 0, 15, 0.00
1735087927, 3110240, 0, 40, 0, 0, 0.14%, 7, 0, 15, 0.00
1735087932, 3126939, 0, 40, 0, 0, 0.14%, 7, 0, 15, 0.00
1735087938, 3144891, 0, 40, 0, 0, 0.14%, 7, 0, 15, 0.00
1735087943, 3161595, 0, 40, 0, 0, 0.14%, 7, 0, 15, 0.00
1735087948, 3178858, 0, 40, 0, 0, 0.14%, 7, 0, 15, 0.00
1735087953, 3195559, 0, 40, 0, 0, 0.14%, 7, 0, 15, 0.00
1735087958, 3212861, 0, 40, 0, 0, 0.14%, 7, 0, 15, 0.00
1735087964, 3229579, 0, 40, 0, 0, 0.14%, 7, 0, 15, 0.00
1735087969, 3246207, 0, 40, 0, 0, 0.14%, 7, 0, 15, 0.00
1735087974, 3263516, 0, 40, 0, 0, 0.14%, 7, 0, 15, 0.00
1735087979, 3280217, 0, 40, 0, 0, 0.14%, 7, 0, 15, 0.00
1735087984, 3297607, 0, 40, 0, 0, 0.14%, 7, 0, 15, 0.00
1735087990, 3314240, 0, 40, 0, 0, 0.14%, 7, 0, 15, 0.00
1735087995, 3330938, 0, 40, 0, 0, 0.14%, 7, 0, 15, 0.00
1735088000, 3348308, 0, 40, 0, 0, 0.14%, 7, 0, 15, 0.00
1735088005, 3365711, 0, 40, 0, 0, 0.14%, 7, 0, 15, 0.00
1735088010, 3382721, 0, 40, 0, 0, 0.14%, 7, 0, 15, 0.00
1735088016, 3399667, 0, 40, 0, 0, 0.14%, 7, 0, 15, 0.00
1735088021, 3416240, 0, 40, 0, 0, 0.14%, 7, 0, 15, 0.00
1735088026, 3432991, 0, 40, 0, 0, 0.14%, 7, 0, 15, 0.00
1735088031, 3450924, 0, 40, 0, 0, 0.14%, 7, 0, 15, 0.00
1735088036, 3466912, 0, 40, 0, 0, 0.14%, 7, 0, 15, 0.00
1735088042, 3484270, 0, 40, 0, 0, 0.14%, 7, 0, 15, 0.00
1735088047, 3500949, 0, 40, 0, 0, 0.14%, 7, 0, 15, 0.00
1735088052, 3518308, 0, 40, 0, 0, 0.14%, 7, 0, 15, 0.00
1735088057, 3535647, 0, 40, 0, 0, 0.14%, 7, 0, 15, 0.00
1735088062, 3552333, 0, 40, 0, 0, 0.14%, 7, 0, 15, 0.00
1735088068, 3570318, 0, 40, 0, 0, 0.14%, 7, 0, 15, 0.00
1735088073, 3587613, 0, 40, 0, 0, 0.14%, 7, 0, 15, 0.00
1735088078, 3604259, 0, 40, 0, 0, 0.14%, 7, 0, 15, 0.00
1735088083, 3620912, 0, 40, 0, 0, 0.14%, 7, 0, 15, 0.00
1735088088, 3638279, 0, 40, 0, 0, 0.14%, 7, 0, 15, 0.00
1735088094, 3654985, 0, 40, 0, 0, 0.14%, 7, 0, 15, 0.00
1735088099, 3672953, 0, 40, 0, 0, 0.14%, 7, 0, 15, 0.00
1735088104, 3689643, 0, 40, 0, 0, 0.14%, 7, 0, 15, 0.00
1735088109, 3706321, 0, 40, 0, 0, 0.14%, 7, 0, 15, 0.00
1735088114, 3724367, 0, 40, 0, 0, 0.14%, 7, 0, 15, 0.00
1735088120, 3740378, 0, 40, 0, 0, 0.14%, 7, 0, 15, 0.00
1735088125, 3757067, 0, 40, 0, 0, 0.14%, 7, 0, 15, 0.00
1735088130, 3774320, 0, 40, 0, 0, 0.14%, 7, 0, 15, 0.00
1735088135, 3791592, 0, 40, 0, 0, 0.14%, 7, 0, 15, 0.00
1735088140, 3808305, 0, 40, 0, 0, 0.14%, 7, 0, 15, 0.00
1735088146, 3826249, 0, 40, 0, 0, 0.14%, 7, 0, 15, 0.00
1735088151, 3842870, 0, 40, 0, 0, 0.14%, 7, 0, 15, 0.00
1735088156, 3860121, 0, 40, 0, 0, 0.14%, 7, 0, 15, 0.00
1735088161, 3876202, 0, 40, 0, 0, 0.14%, 7, 0, 15, 0.00
1735088166, 3893544, 0, 40, 0, 0, 0.14%, 7, 0, 15, 0.00
1735088172, 3910176, 0, 40, 0, 0, 0.14%, 7, 0, 15, 0.00
1735088177, 3926823, 0, 40, 0, 0, 0.14%, 7, 0, 15, 0.00
1735088182, 3944201, 0, 40, 0, 0, 0.14%, 7, 0, 15, 0.00
1735088187, 3960979, 0, 40, 0, 0, 0.14%, 7, 0, 15, 0.00
1735088192, 3978905, 0, 40, 0, 0, 0.14%, 7, 0, 15, 0.00
1735088198, 3995542, 0, 40, 0, 0, 0.14%, 7, 0, 15, 0.00
1735088203, 4012226, 0, 40, 0, 0, 0.14%, 7, 0, 15, 0.00
1735088208, 4029524, 0, 40, 0, 0, 0.14%, 7, 0, 15, 0.00
1735088213, 4046213, 0, 40, 0, 0, 0.14%, 7, 0, 15, 0.00
1735088218, 4063545, 0, 40, 0, 0, 0.14%, 7, 0, 15, 0.00
1735088224, 4080224, 0, 40, 0, 0, 0.14%, 7, 0, 15, 0.00
1735088229, 4096888, 0, 40, 0, 0, 0.14%, 7, 0, 15, 0.00
1735088234, 4114180, 0, 40, 0, 0, 0.14%, 7, 0, 15, 0.00
1735088239, 4130918, 0, 40, 0, 0, 0.14%, 7, 0, 15, 0.00
1735088244, 4147482, 0, 40, 0, 0, 0.14%, 7, 0, 15, 0.00
1735088250, 4164816, 0, 40, 0, 0, 0.14%, 7, 0, 15, 0.00
1735088255, 4181460, 0, 40, 0, 0, 0.14%, 7, 0, 15, 0.00
1735088260, 4198771, 0, 40, 0, 0, 0.14%, 7, 0, 15, 0.00
1735088265, 4215455, 0, 40, 0, 0, 0.14%, 7, 0, 15, 0.00
1735088270, 4233389, 0, 40, 0, 0, 0.14%, 7, 0, 15, 0.00
1735088276, 4250058, 0, 40, 0, 0, 0.14%, 7, 0, 15, 0.00
1735088281, 4267375, 0, 40, 0, 0, 0.14%, 7, 0, 15, 0.00
1735088286, 4284115, 0, 40, 0, 0, 0.14%, 7, 0, 15, 0.00
1735088291, 4300689, 0, 40, 0, 0, 0.14%, 7, 0, 15, 0.00
1735088296, 4317975, 0, 40, 0, 0, 0.14%, 7, 0, 15, 0.00
1735088302, 4334530, 0, 40, 0, 0, 0.14%, 7, 0, 15, 0.00
1735088307, 4351181, 0, 40, 0, 0, 0.14%, 7, 0, 15, 0.00
1735088312, 4368389, 0, 40, 0, 0, 0.14%, 7, 0, 15, 0.00
1735088317, 4385147, 0, 40, 0, 0, 0.14%, 7, 0, 15, 0.00
1735088322, 4401822, 0, 40, 0, 0, 0.14%, 7, 0, 15, 0.00
1735088328, 4419253, 0, 40, 0, 0, 0.14%, 7, 0, 15, 0.00
1735088333, 4435923, 0, 40, 0, 0, 0.14%, 7, 0, 15, 0.00
1735088338, 4453283, 0, 40, 0, 0, 0.14%, 7, 0, 15, 0.00
1735088343, 4469941, 0, 40, 0, 0, 0.14%, 7, 0, 15, 0.00
1735088348, 4486636, 0, 40, 0, 0, 0.14%, 7, 0, 15, 0.00
1735088354, 4503936, 0, 40, 0, 0, 0.14%, 7, 0, 15, 0.00
1735088359, 4520594, 0, 40, 0, 0, 0.14%, 7, 0, 15, 0.00
1735088364, 4537306, 0, 40, 0, 0, 0.14%, 7, 0, 15, 0.00
1735088369, 4555268, 0, 40, 0, 0, 0.14%, 7, 0, 15, 0.00
1735088374, 4571989, 0, 40, 0, 0, 0.14%, 7, 0, 15, 0.00
1735088380, 4588662, 0, 40, 0, 0, 0.14%, 7, 0, 15, 0.00
1735088385, 4605327, 0, 40, 0, 0, 0.14%, 7, 0, 15, 0.00
1735088390, 4622605, 0, 40, 0, 0, 0.14%, 7, 0, 15, 0.00
1735088395, 4638742, 0, 40, 0, 0, 0.14%, 7, 0, 15, 0.00
1735088400, 4656724, 0, 40, 0, 0, 0.14%, 7, 0, 15, 0.00
1735088406, 4673359, 0, 40, 0, 0, 0.14%, 7, 0, 15, 0.00
1735088411, 4690055, 0, 40, 0, 0, 0.14%, 7, 0, 15, 0.00
1735088416, 4706784, 0, 40, 0, 0, 0.14%, 7, 0, 15, 0.00
1735088421, 4723463, 0, 40, 0, 0, 0.14%, 7, 0, 15, 0.00
1735088426, 4740809, 0, 40, 0, 0, 0.14%, 7, 0, 15, 0.00
1735088432, 4757550, 0, 40, 0, 0, 0.14%, 7, 0, 15, 0.00
1735088437, 4774943, 0, 40, 0, 0, 0.14%, 7, 0, 15, 0.00
1735088442, 4792318, 0, 40, 0, 0, 0.14%, 7, 0, 15, 0.00
1735088447, 4808409, 0, 40, 0, 0, 0.14%, 7, 0, 15, 0.00
1735088452, 4825748, 0, 40, 0, 0, 0.14%, 7, 0, 15, 0.00
1735088458, 4842477, 0, 40, 0, 0, 0.14%, 7, 0, 15, 0.00
1735088463, 4859239, 0, 40, 0, 0, 0.14%, 7, 0, 15, 0.00
1735088468, 4876562, 0, 40, 0, 0, 0.14%, 7, 0, 15, 0.00
1735088473, 4893259, 0, 40, 0, 0, 0.14%, 7, 0, 15, 0.00
1735088478, 4909956, 0, 40, 0, 0, 0.14%, 7, 0, 15, 0.00
1735088484, 4926537, 0, 40, 0, 0, 0.14%, 7, 0, 15, 0.00
1735088489, 4943214, 0, 40, 0, 0, 0.14%, 7, 0, 15, 0.00
1735088494, 4959943, 0, 40, 0, 0, 0.14%, 7, 0, 15, 0.00
1735088499, 4976643, 0, 40, 0, 0, 0.14%, 7, 0, 15, 0.00
1735088504, 4993317, 0, 40, 0, 0, 0.14%, 7, 0, 15, 0.00
1735088510, 5010057, 0, 40, 0, 0, 0.14%, 7, 0, 15, 0.00
1735088515, 5026802, 0, 40, 0, 0, 0.14%, 7, 0, 15, 0.00
1735088520, 5043440, 0, 40, 0, 0, 0.14%, 7, 0, 15, 0.00
1735088525, 5060758, 0, 40, 0, 0, 0.14%, 7, 0, 15, 0.00
1735088530, 5077459, 0, 40, 0, 0, 0.14%, 7, 0, 15, 0.00
1735088536, 5094149, 0, 40, 0, 0, 0.14%, 7, 0, 15, 0.00
1735088541, 5110882, 0, 40, 0, 0, 0.14%, 7, 0, 15, 0.00
1735088546, 5128227, 0, 40, 0, 0, 0.14%, 7, 0, 15, 0.00
1735088551, 5144993, 0, 40, 0, 0, 0.14%, 7, 0, 15, 0.00
1735088556, 5161739, 0, 40, 0, 0, 0.14%, 7, 0, 15, 0.00
1735088562, 5178432, 0, 40, 0, 0, 0.14%, 7, 0, 15, 0.00
1735088567, 5195841, 0, 40, 0, 0, 0.14%, 7, 0, 15, 0.00
1735088572, 5212529, 0, 40, 0, 0, 0.14%, 7, 0, 15, 0.00
1735088577, 5229296, 0, 40, 0, 0, 0.14%, 7, 0, 15, 0.00
1735088582, 5246616, 0, 40, 0, 0, 0.14%, 7, 0, 15, 0.00
1735088588, 5263321, 0, 40, 0, 0, 0.14%, 7, 0, 15, 0.00
1735088593, 5280613, 0, 40, 0, 0, 0.14%, 7, 0, 15, 0.00
1735088598, 5297262, 0, 40, 0, 0, 0.14%, 7, 0, 15, 0.00
1735088603, 5313977, 0, 40, 0, 0, 0.14%, 7, 0, 15, 0.00
1735088608, 5330764, 0, 40, 0, 0, 0.14%, 7, 0, 15, 0.00
1735088614, 5348121, 0, 40, 0, 0, 0.14%, 7, 0, 15, 0.00
1735088619, 5364738, 0, 40, 0, 0, 0.14%, 7, 0, 15, 0.00
1735088624, 5382110, 0, 40, 0, 0, 0.14%, 7, 0, 15, 0.00
1735088629, 5398774, 0, 40, 0, 0, 0.14%, 7, 0, 15, 0.00
1735088634, 5415388, 0, 40, 0, 0, 0.14%, 7, 0, 15, 0.00
1735088640, 5432145, 0, 40, 0, 0, 0.14%, 7, 0, 15, 0.00
1735088645, 5448832, 0, 40, 0, 0, 0.14%, 7, 0, 15, 0.00
1735088650, 5465577, 0, 40, 0, 0, 0.14%, 7, 0, 15, 0.00
1735088655, 5482294, 0, 40, 0, 0, 0.14%, 7, 0, 15, 0.00
1735088660, 5498974, 0, 40, 0, 0, 0.14%, 7, 0, 15, 0.00
1735088666, 5515709, 0, 40, 0, 0, 0.14%, 7, 0, 15, 0.00
1735088671, 5533720, 0, 40, 0, 0, 0.14%, 7, 0, 15, 0.00
1735088676, 5550443, 0, 40, 0, 0, 0.14%, 7, 0, 15, 0.00
1735088681, 5567771, 0, 40, 0, 0, 0.14%, 7, 0, 15, 0.00
1735088686, 5584416, 0, 40, 0, 0, 0.14%, 7, 0, 15, 0.00
1735088692, 5601153, 0, 40, 0, 0, 0.14%, 7, 0, 15, 0.00
1735088697, 5619083, 0, 40, 0, 0, 0.14%, 7, 0, 15, 0.00
1735088702, 5635761, 0, 40, 0, 0, 0.14%, 7, 0, 15, 0.00
1735088707, 5653175, 0, 40, 0, 0, 0.14%, 7, 0, 15, 0.00
1735088712, 5669916, 0, 40, 0, 0, 0.14%, 7, 0, 15, 0.00
1735088718, 5686528, 0, 40, 0, 0, 0.14%, 7, 0, 15, 0.00
1735088723, 5702570, 0, 40, 0, 0, 0.14%, 7, 0, 15, 0.00
1735088728, 5718656, 0, 40, 0, 0, 0.14%, 7, 0, 15, 0.00
1735088733, 5736567, 0, 40, 0, 0, 0.14%, 7, 0, 15, 0.00
1735088738, 5753254, 0, 40, 0, 0, 0.14%, 7, 0, 15, 0.00
1735088744, 5769933, 0, 40, 0, 0, 0.14%, 7, 0, 15, 0.00
1735088749, 5787966, 0, 40, 0, 0, 0.14%, 7, 0, 15, 0.00
1735088754, 5805281, 0, 40, 0, 0, 0.14%, 7, 0, 15, 0.00
1735088759, 5822649, 0, 40, 0, 0, 0.14%, 7, 0, 15, 0.00
1735088764, 5839362, 0, 40, 0, 0, 0.14%, 7, 0, 15, 0.00
1735088770, 5856742, 0, 40, 0, 0, 0.14%, 7, 0, 15, 0.00
1735088775, 5872823, 0, 40, 0, 0, 0.14%, 7, 0, 15, 0.00
1735088780, 5889480, 0, 40, 0, 0, 0.14%, 7, 0, 15, 0.00
1735088785, 5906150, 0, 40, 0, 0, 0.14%, 7, 0, 15, 0.00
1735088790, 5922885, 0, 40, 0, 0, 0.14%, 7, 0, 15, 0.00
1735088796, 5939575, 0, 40, 0, 0, 0.14%, 7, 0, 15, 0.00
1735088801, 5956913, 0, 40, 0, 0, 0.14%, 7, 0, 15, 0.00
1735088806, 5973554, 0, 40, 0, 0, 0.14%, 7, 0, 15, 0.00
1735088811, 5990270, 0, 40, 0, 0, 0.14%, 7, 0, 15, 0.00
1735088816, 6007003, 0, 40, 0, 0, 0.14%, 7, 0, 15, 0.00
1735088822, 6023742, 0, 40, 0, 0, 0.14%, 7, 0, 15, 0.00
1735088827, 6041081, 0, 40, 0, 0, 0.14%, 7, 0, 15, 0.00
1735088832, 6057776, 0, 40, 0, 0, 0.14%, 7, 0, 15, 0.00
1735088837, 6075109, 0, 40, 0, 0, 0.14%, 7, 0, 15, 0.00
1735088842, 6091935, 0, 40, 0, 0, 0.14%, 7, 0, 15, 0.00
1735088848, 6109044, 0, 40, 0, 0, 0.14%, 7, 0, 15, 0.00
1735088853, 6125954, 0, 40, 0, 0, 0.14%, 7, 0, 15, 0.00
1735088858, 6142649, 0, 40, 0, 0, 0.14%, 7, 0, 15, 0.00
1735088863, 6159324, 0, 40, 0, 0, 0.14%, 7, 0, 15, 0.00
1735088868, 6176652, 0, 40, 0, 0, 0.14%, 7, 0, 15, 0.00
1735088874, 6193224, 0, 40, 0, 0, 0.14%, 7, 0, 15, 0.00
1735088879, 6210556, 0, 40, 0, 0, 0.14%, 7, 0, 15, 0.00
1735088884, 6227203, 0, 40, 0, 0, 0.14%, 7, 0, 15, 0.00
1735088889, 6245180, 0, 40, 0, 0, 0.14%, 7, 0, 15, 0.00
1735088894, 6261814, 0, 40, 0, 0, 0.14%, 7, 0, 15, 0.00
1735088900, 6279116, 0, 40, 0, 0, 0.14%, 7, 0, 15, 0.00
1735088905, 6295786, 0, 40, 0, 0, 0.14%, 7, 0, 15, 0.00
1735088910, 6312507, 0, 40, 0, 0, 0.14%, 7, 0, 15, 0.00
1735088915, 6329710, 0, 40, 0, 0, 0.14%, 7, 0, 15, 0.00
