# unix_time, cycles_done, cur_path, paths_total, pending_total, pending_favs, map_size, unique_crashes, unique_hangs, max_depth, execs_per_sec
1733839384, 0, 0, 10, 10, 1, 0.01%, 0, 0, 1, 36.25
1733839389, 0, 2, 10, 10, 1, 0.01%, 0, 0, 1, 36.30
1733839404, 1, 0, 10, 2, 0, 0.01%, 0, 0, 1, 45.71
1733839409, 1, 1, 10, 1, 0, 0.01%, 0, 0, 1, 44.65
1733839419, 1, 2, 10, 0, 0, 0.01%, 0, 0, 1, 45.89
1733839425, 1, 3, 10, 0, 0, 0.01%, 0, 0, 1, 44.67
1733839430, 1, 4, 10, 0, 0, 0.01%, 0, 0, 1, 44.29
1733839435, 1, 5, 10, 0, 0, 0.01%, 0, 0, 1, 45.47
1733839440, 1, 6, 10, 0, 0, 0.01%, 0, 0, 1, 44.95
1733839445, 1, 7, 10, 0, 0, 0.01%, 0, 0, 1, 44.14
1733839450, 1, 8, 10, 0, 0, 0.01%, 0, 0, 1, 43.71
1733839460, 1, 9, 10, 0, 0, 0.01%, 0, 0, 1, 43.82
1733839465, 2, 0, 10, 0, 0, 0.01%, 0, 0, 1, 43.47
1733839470, 2, 1, 10, 0, 0, 0.01%, 0, 0, 1, 43.96
1733839475, 2, 2, 10, 0, 0, 0.01%, 0, 0, 1, 45.21
1733839480, 2, 3, 10, 0, 0, 0.01%, 0, 0, 1, 43.51
1733839486, 2, 4, 10, 0, 0, 0.01%, 0, 0, 1, 43.81
1733839491, 2, 5, 10, 0, 0, 0.01%, 0, 0, 1, 41.61
1733839501, 2, 6, 10, 0, 0, 0.01%, 0, 0, 1, 42.93
1733839506, 2, 7, 10, 0, 0, 0.01%, 0, 0, 1, 42.63
1733839511, 2, 8, 10, 0, 0, 0.01%, 0, 0, 1, 43.48
1733839516, 2, 9, 10, 0, 0, 0.01%, 0, 0, 1, 43.97
1733839521, 3, 0, 10, 0, 0, 0.01%, 0, 0, 1, 42.89
1733839526, 3, 1, 10, 0, 0, 0.01%, 0, 0, 1, 43.53
1733839531, 3, 2, 10, 0, 0, 0.01%, 0, 0, 1, 45.44
1733839542, 3, 3, 10, 0, 0, 0.01%, 0, 0, 1, 44.09
1733839547, 3, 4, 10, 0, 0, 0.01%, 0, 0, 1, 43.20
1733839552, 3, 5, 10, 0, 0, 0.01%, 0, 0, 1, 42.28
1733839557, 3, 6, 10, 0, 0, 0.01%, 0, 0, 1, 43.74
1733839562, 3, 7, 10, 0, 0, 0.01%, 0, 0, 1, 43.49
1733839567, 3, 8, 10, 0, 0, 0.01%, 0, 0, 1, 42.47
1733839577, 3, 9, 10, 0, 0, 0.01%, 0, 0, 1, 44.46
1733839582, 4, 0, 10, 0, 0, 0.01%, 0, 0, 1, 44.19
1733839587, 4, 1, 10, 0, 0, 0.01%, 0, 0, 1, 44.55
1733839592, 4, 2, 10, 0, 0, 0.01%, 0, 0, 1, 46.27
1733839597, 4, 3, 10, 0, 0, 0.01%, 0, 0, 1, 44.34
1733839602, 4, 4, 10, 0, 0, 0.01%, 0, 0, 1, 44.26
1733839607, 4, 5, 10, 0, 0, 0.01%, 0, 0, 1, 43.85
1733839618, 4, 6, 10, 0, 0, 0.01%, 0, 0, 1, 43.87
1733839623, 4, 7, 10, 0, 0, 0.01%, 0, 0, 1, 43.38
1733839628, 4, 8, 10, 0, 0, 0.01%, 0, 0, 1, 44.90
1733839633, 4, 9, 10, 0, 0, 0.01%, 0, 0, 1, 44.68
1733839638, 5, 0, 10, 0, 0, 0.01%, 0, 0, 1, 44.24
1733839643, 5, 1, 10, 0, 0, 0.01%, 0, 0, 1, 43.52
1733839648, 5, 2, 10, 0, 0, 0.01%, 0, 0, 1, 43.68
1733839658, 5, 3, 10, 0, 0, 0.01%, 0, 0, 1, 44.13
1733839663, 5, 4, 10, 0, 0, 0.01%, 0, 0, 1, 43.93
1733839668, 5, 5, 10, 0, 0, 0.01%, 0, 0, 1, 45.48
1733839673, 5, 6, 10, 0, 0, 0.01%, 0, 0, 1, 43.66
1733839678, 5, 7, 10, 0, 0, 0.01%, 0, 0, 1, 43.37
1733839684, 5, 8, 10, 0, 0, 0.01%, 0, 0, 1, 43.40
1733839694, 5, 9, 10, 0, 0, 0.01%, 0, 0, 1, 43.82
1733839699, 6, 0, 10, 0, 0, 0.01%, 0, 0, 1, 43.93
1733839704, 6, 1, 10, 0, 0, 0.01%, 0, 0, 1, 45.56
1733839709, 6, 2, 10, 0, 0, 0.01%, 0, 0, 1, 44.09
1733839714, 6, 3, 10, 0, 0, 0.01%, 0, 0, 1, 45.50
1733839719, 6, 4, 10, 0, 0, 0.01%, 0, 0, 1, 42.86
1733839724, 6, 5, 10, 0, 0, 0.01%, 0, 0, 1, 44.31
1733839734, 6, 6, 10, 0, 0, 0.01%, 0, 0, 1, 43.30
1733839739, 6, 7, 10, 0, 0, 0.01%, 0, 0, 1, 44.04
1733839744, 6, 8, 10, 0, 0, 0.01%, 0, 0, 1, 43.17
1733839749, 6, 9, 10, 0, 0, 0.01%, 0, 0, 1, 45.15
1733839754, 7, 0, 10, 0, 0, 0.01%, 0, 0, 1, 44.42
1733839759, 7, 1, 10, 0, 0, 0.01%, 0, 0, 1, 44.32
1733839764, 7, 2, 10, 0, 0, 0.01%, 0, 0, 1, 45.69
1733839775, 7, 3, 10, 0, 0, 0.01%, 0, 0, 1, 43.89
1733839780, 7, 4, 10, 0, 0, 0.01%, 0, 0, 1, 44.74
1733839785, 7, 5, 10, 0, 0, 0.01%, 0, 0, 1, 44.65
1733839790, 7, 6, 10, 0, 0, 0.01%, 0, 0, 1, 44.20
1733839795, 7, 7, 10, 0, 0, 0.01%, 0, 0, 1, 44.48
1733839800, 7, 8, 10, 0, 0, 0.01%, 0, 0, 1, 43.31
1733839805, 7, 9, 10, 0, 0, 0.01%, 0, 0, 1, 44.16
1733839815, 8, 0, 10, 0, 0, 0.01%, 0, 0, 1, 44.05
1733839820, 8, 1, 10, 0, 0, 0.01%, 0, 0, 1, 45.10
1733839825, 8, 2, 10, 0, 0, 0.01%, 0, 0, 1, 44.95
1733839830, 8, 3, 10, 0, 0, 0.01%, 0, 0, 1, 43.51
1733839835, 8, 4, 10, 0, 0, 0.01%, 0, 0, 1, 43.32
1733839840, 8, 5, 10, 0, 0, 0.01%, 0, 0, 1, 43.91
1733839845, 8, 6, 10, 0, 0, 0.01%, 0, 0, 1, 43.70
1733839856, 8, 7, 10, 0, 0, 0.01%, 0, 0, 1, 43.57
1733839861, 8, 8, 10, 0, 0, 0.01%, 0, 0, 1, 43.93
1733839866, 8, 9, 10, 0, 0, 0.01%, 0, 0, 1, 45.58
1733839871, 9, 0, 10, 0, 0, 0.01%, 0, 0, 1, 42.88
1733839876, 9, 1, 10, 0, 0, 0.01%, 0, 0, 1, 43.47
1733839881, 9, 2, 10, 0, 0, 0.01%, 0, 0, 1, 42.69
1733839886, 9, 3, 10, 0, 0, 0.01%, 0, 0, 1, 42.90
1733839896, 9, 4, 10, 0, 0, 0.01%, 0, 0, 1, 43.75
1733839901, 9, 5, 10, 0, 0, 0.01%, 0, 0, 1, 44.66
1733839906, 9, 6, 10, 0, 0, 0.01%, 0, 0, 1, 43.29
1733839911, 9, 7, 10, 0, 0, 0.01%, 0, 0, 1, 44.21
1733839916, 9, 8, 10, 0, 0, 0.01%, 0, 0, 1, 42.63
1733839922, 9, 9, 10, 0, 0, 0.01%, 0, 0, 1, 44.63
1733839932, 10, 0, 10, 0, 0, 0.01%, 0, 0, 1, 44.09
1733839937, 10, 1, 10, 0, 0, 0.01%, 0, 0, 1, 44.19
1733839942, 10, 2, 10, 0, 0, 0.01%, 0, 0, 1, 45.23
1733839947, 10, 3, 10, 0, 0, 0.01%, 0, 0, 1, 43.61
1733839952, 10, 4, 10, 0, 0, 0.01%, 0, 0, 1, 44.02
1733839957, 10, 5, 10, 0, 0, 0.01%, 0, 0, 1, 44.19
1733839962, 10, 6, 10, 0, 0, 0.01%, 0, 0, 1, 44.74
1733839967, 10, 7, 10, 0, 0, 0.01%, 0, 0, 1, 45.03
1733839973, 10, 8, 10, 0, 0, 0.01%, 0, 0, 1, 44.05
1733839983, 10, 9, 10, 0, 0, 0.01%, 0, 0, 1, 44.23
1733839988, 11, 0, 10, 0, 0, 0.01%, 0, 0, 1, 44.82
1733839993, 11, 1, 10, 0, 0, 0.01%, 0, 0, 1, 43.73
1733839998, 11, 2, 10, 0, 0, 0.01%, 0, 0, 1, 47.75
1733840003, 11, 3, 10, 0, 0, 0.01%, 0, 0, 1, 45.01
1733840008, 11, 4, 10, 0, 0, 0.01%, 0, 0, 1, 45.59
1733840013, 11, 5, 10, 0, 0, 0.01%, 0, 0, 1, 47.59
1733840018, 11, 6, 10, 0, 0, 0.01%, 0, 0, 1, 47.12
1733840023, 11, 7, 10, 0, 0, 0.01%, 0, 0, 1, 47.25
1733840028, 11, 8, 10, 0, 0, 0.01%, 0, 0, 1, 46.08
1733840039, 11, 9, 10, 0, 0, 0.01%, 0, 0, 1, 44.56
1733840044, 12, 0, 10, 0, 0, 0.01%, 0, 0, 1, 43.52
1733840049, 12, 1, 10, 0, 0, 0.01%, 0, 0, 1, 44.39
1733840054, 12, 2, 10, 0, 0, 0.01%, 0, 0, 1, 44.02
1733840059, 12, 3, 10, 0, 0, 0.01%, 0, 0, 1, 43.81
1733840064, 12, 4, 10, 0, 0, 0.01%, 0, 0, 1, 46.35
1733840069, 12, 10, 12, 2, 1, 0.14%, 2, 0, 3, 49.36
1733840074, 12, 10, 13, 3, 1, 0.14%, 3, 0, 3, 60.38
1733840145, 12, 12, 13, 1, 1, 0.14%, 3, 0, 3, 54.32
1733840227, 14, 12, 13, 0, 0, 0.14%, 3, 0, 3, 46.99
1733840263, 15, 11, 13, 0, 0, 0.14%, 3, 0, 3, 74.59
1733840288, 15, 12, 13, 0, 0, 0.14%, 3, 0, 3, 51.39
1733840303, 16, 11, 13, 0, 0, 0.14%, 3, 0, 3, 49.09
1733840314, 16, 12, 14, 1, 0, 0.14%, 4, 0, 4, 47.84
1733840344, 16, 13, 14, 1, 1, 0.14%, 4, 0, 4, 40.08
1733840360, 16, 13, 15, 2, 1, 0.14%, 5, 0, 5, 108.36
1733840675, 16, 13, 19, 6, 1, 0.14%, 5, 0, 5, 86.51
1733840706, 16, 13, 20, 7, 1, 0.14%, 5, 0, 5, 73.68
1733840732, 16, 13, 21, 8, 1, 0.14%, 5, 0, 5, 74.01
1733840787, 16, 20, 21, 6, 1, 0.14%, 5, 0, 5, 39.37
1733840925, 16, 20, 22, 7, 1, 0.14%, 5, 0, 6, 80.83
1733840945, 16, 20, 23, 8, 1, 0.14%, 5, 0, 6, 77.05
1733840981, 16, 20, 24, 9, 1, 0.14%, 6, 0, 6, 70.65
1733840991, 16, 20, 25, 10, 1, 0.14%, 6, 0, 6, 70.88
1733840996, 16, 20, 26, 11, 1, 0.14%, 6, 0, 6, 67.38
1733841001, 16, 22, 26, 10, 1, 0.14%, 6, 0, 6, 105.90
1733841138, 16, 22, 27, 11, 1, 0.14%, 6, 0, 7, 74.11
1733841144, 16, 22, 28, 12, 1, 0.14%, 6, 0, 7, 74.14
1733841210, 16, 26, 28, 11, 2, 0.14%, 6, 0, 7, 73.12
1733841215, 16, 26, 29, 12, 2, 0.14%, 6, 0, 8, 92.76
1733841327, 16, 27, 29, 11, 2, 0.14%, 6, 0, 8, 95.63
1733841367, 16, 27, 30, 12, 2, 0.14%, 6, 0, 8, 62.57
1733841443, 16, 29, 30, 10, 1, 0.14%, 6, 0, 8, 57.86
1733841448, 16, 29, 32, 12, 1, 0.14%, 6, 0, 9, 88.53
1733841525, 16, 29, 33, 13, 1, 0.14%, 6, 0, 9, 63.63
1733841586, 16, 29, 34, 14, 1, 0.14%, 6, 0, 9, 65.84
1733841621, 16, 33, 34, 13, 1, 0.14%, 6, 0, 9, 53.74
1733841692, 16, 33, 35, 14, 1, 0.14%, 6, 0, 10, 49.76
1733841769, 17, 23, 35, 12, 0, 0.14%, 6, 0, 10, 45.99
1733841968, 17, 23, 36, 13, 0, 0.14%, 6, 0, 10, 95.10
1733842318, 17, 35, 36, 12, 1, 0.14%, 6, 0, 10, 50.69
1733842323, 18, 19, 36, 10, 0, 0.14%, 6, 0, 10, 37.25
1733842843, 18, 19, 37, 11, 0, 0.14%, 7, 0, 10, 82.53
1733842909, 18, 36, 37, 10, 1, 0.14%, 7, 0, 10, 51.36
1733843414, 18, 36, 38, 11, 1, 0.14%, 7, 0, 10, 73.43
1733843465, 18, 37, 38, 10, 1, 0.14%, 7, 0, 10, 60.99
1733844102, 20, 12, 38, 8, 0, 0.14%, 7, 0, 10, 57.99
1733844107, 21, 21, 38, 7, 0, 0.14%, 7, 0, 10, 58.07
1733844112, 21, 32, 38, 5, 0, 0.14%, 7, 0, 10, 73.87
1733844346, 25, 37, 38, 3, 0, 0.14%, 7, 0, 10, 64.56
1733844357, 26, 37, 38, 1, 0, 0.14%, 7, 0, 10, 77.53
1733844367, 30, 32, 38, 0, 0, 0.14%, 7, 0, 10, 65.38
1733844377, 31, 32, 38, 0, 0, 0.14%, 7, 0, 10, 63.18
1733844397, 32, 32, 38, 0, 0, 0.14%, 7, 0, 10, 66.15
1733844428, 33, 32, 39, 1, 0, 0.14%, 7, 0, 10, 65.88
1733844468, 33, 38, 39, 1, 1, 0.14%, 7, 0, 10, 63.36
1733844810, 37, 12, 39, 0, 0, 0.14%, 7, 0, 10, 62.16
1733844825, 39, 11, 39, 0, 0, 0.14%, 7, 0, 10, 57.74
1733844830, 42, 21, 39, 0, 0, 0.14%, 7, 0, 10, 104.79
1733845110, 42, 32, 39, 0, 0, 0.14%, 7, 0, 10, 70.22
1733845145, 43, 38, 39, 0, 0, 0.14%, 7, 0, 10, 70.23
1733845156, 44, 37, 39, 0, 0, 0.14%, 7, 0, 10, 82.62
1733845187, 44, 38, 39, 0, 0, 0.14%, 7, 0, 10, 71.07
1733845207, 45, 38, 39, 0, 0, 0.14%, 7, 0, 10, 72.95
1733845238, 46, 38, 39, 0, 0, 0.14%, 7, 0, 10, 62.40
1733845273, 47, 18, 39, 0, 0, 0.14%, 7, 0, 10, 74.99
1733845329, 47, 38, 39, 0, 0, 0.14%, 7, 0, 10, 71.01
1733845364, 48, 38, 39, 0, 0, 0.14%, 7, 0, 10, 70.75
1733845395, 49, 25, 39, 0, 0, 0.14%, 7, 0, 10, 90.09
1733845573, 52, 15, 39, 0, 0, 0.14%, 7, 0, 10, 67.43
1733845598, 53, 37, 39, 0, 0, 0.14%, 7, 0, 10, 76.99
1733845634, 54, 11, 39, 0, 0, 0.14%, 7, 0, 10, 54.43
1733845639, 55, 32, 39, 0, 0, 0.14%, 7, 0, 10, 66.43
1733845675, 57, 18, 39, 0, 0, 0.14%, 7, 0, 10, 58.39
1733845680, 61, 15, 39, 0, 0, 0.14%, 7, 0, 10, 59.89
1733845690, 63, 18, 39, 0, 0, 0.14%, 7, 0, 10, 64.52
1733845711, 64, 18, 39, 0, 0, 0.14%, 7, 0, 10, 62.47
1733845746, 67, 32, 39, 0, 0, 0.14%, 7, 0, 10, 68.15
1733845782, 67, 36, 39, 0, 0, 0.14%, 7, 0, 10, 80.22
1733845802, 70, 36, 39, 0, 0, 0.14%, 7, 0, 10, 77.09
1733845817, 76, 12, 39, 0, 0, 0.14%, 7, 0, 10, 57.69
1733845833, 76, 18, 39, 0, 0, 0.14%, 7, 0, 10, 62.99
1733845873, 79, 25, 39, 0, 0, 0.14%, 7, 0, 10, 66.26
1733845878, 86, 37, 39, 0, 0, 0.14%, 7, 0, 10, 70.84
1733845909, 88, 12, 39, 0, 0, 0.14%, 7, 0, 10, 63.77
1733845944, 90, 25, 39, 0, 0, 0.14%, 7, 0, 10, 74.11
1733845960, 93, 37, 39, 0, 0, 0.14%, 7, 0, 10, 77.01
1733845995, 94, 28, 39, 0, 0, 0.14%, 7, 0, 10, 86.70
1733846077, 98, 34, 39, 0, 0, 0.14%, 7, 0, 10, 94.10
1733846169, 99, 11, 39, 0, 0, 0.14%, 7, 0, 10, 58.88
1733846184, 99, 15, 39, 0, 0, 0.14%, 7, 0, 10, 59.86
1733846199, 100, 28, 39, 0, 0, 0.14%, 7, 0, 10, 71.44
1733846209, 105, 10, 39, 0, 0, 0.14%, 7, 0, 10, 63.84
1733846215, 111, 28, 39, 0, 0, 0.14%, 7, 0, 10, 70.84
1733846235, 112, 12, 39, 0, 0, 0.14%, 7, 0, 10, 58.98
1733846270, 116, 36, 39, 0, 0, 0.14%, 7, 0, 10, 74.65
1733846296, 116, 37, 39, 0, 0, 0.14%, 7, 0, 10, 80.26
1733846332, 120, 15, 39, 0, 0, 0.14%, 7, 0, 10, 63.05
1733846357, 121, 10, 39, 0, 0, 0.14%, 7, 0, 10, 61.30
1733846362, 122, 18, 39, 0, 0, 0.14%, 7, 0, 10, 62.25
1733846398, 124, 10, 39, 0, 0, 0.14%, 7, 0, 10, 60.84
1733846408, 130, 36, 39, 0, 0, 0.14%, 7, 0, 10, 69.35
1733846439, 130, 37, 39, 0, 0, 0.14%, 7, 0, 10, 76.98
1733846469, 133, 28, 39, 0, 0, 0.14%, 7, 0, 10, 76.94
1733846509, 134, 10, 39, 0, 0, 0.14%, 7, 0, 10, 57.18
1733846530, 134, 11, 39, 0, 0, 0.14%, 7, 0, 10, 59.39
1733846555, 134, 16, 39, 0, 0, 0.14%, 7, 0, 10, 87.44
1733846606, 135, 10, 39, 0, 0, 0.14%, 7, 0, 10, 59.94
1733846642, 138, 21, 39, 0, 0, 0.14%, 7, 0, 10, 72.38
1733846647, 139, 10, 39, 0, 0, 0.14%, 7, 0, 10, 61.61
1733846683, 139, 25, 39, 0, 0, 0.14%, 7, 0, 10, 68.35
1733846713, 142, 19, 39, 0, 0, 0.14%, 7, 0, 10, 65.86
1733846723, 143, 11, 39, 0, 0, 0.14%, 7, 0, 10, 58.11
1733846764, 143, 28, 39, 0, 0, 0.14%, 7, 0, 10, 70.58
1733846794, 144, 16, 39, 0, 0, 0.14%, 7, 0, 10, 65.78
1733846810, 145, 36, 39, 0, 0, 0.14%, 7, 0, 10, 84.18
1733846845, 147, 21, 39, 0, 0, 0.14%, 7, 0, 10, 74.35
1733846850, 149, 12, 39, 0, 0, 0.14%, 7, 0, 10, 60.24
1733846891, 149, 25, 39, 0, 0, 0.14%, 7, 0, 10, 62.99
1733846927, 150, 17, 39, 0, 0, 0.14%, 7, 0, 10, 68.76
1733846998, 150, 35, 39, 0, 0, 0.14%, 7, 0, 10, 106.91
1733847532, 151, 15, 39, 0, 0, 0.14%, 7, 0, 10, 64.89
1733847568, 151, 16, 39, 0, 0, 0.14%, 7, 0, 10, 65.63
1733847594, 151, 26, 39, 0, 0, 0.14%, 7, 0, 10, 66.46
1733847599, 151, 37, 39, 0, 0, 0.14%, 7, 0, 10, 83.62
1733847629, 152, 27, 39, 0, 0, 0.14%, 7, 0, 10, 58.78
1733847640, 154, 16, 39, 0, 0, 0.14%, 7, 0, 10, 68.23
1733847675, 154, 34, 39, 0, 0, 0.14%, 7, 0, 10, 62.72
1733847685, 155, 20, 39, 0, 0, 0.14%, 7, 0, 10, 71.63
1733847690, 156, 25, 39, 0, 0, 0.14%, 7, 0, 10, 67.57
1733847726, 157, 18, 39, 0, 0, 0.14%, 7, 0, 10, 66.78
1733847762, 157, 34, 39, 0, 0, 0.14%, 7, 0, 10, 74.83
1733847782, 158, 36, 39, 0, 0, 0.14%, 7, 0, 10, 75.30
1733847818, 161, 36, 39, 0, 0, 0.14%, 7, 0, 10, 72.23
1733847849, 165, 27, 39, 0, 0, 0.14%, 7, 0, 10, 70.51
1733847869, 166, 19, 39, 0, 0, 0.14%, 7, 0, 10, 66.53
1733847879, 167, 18, 39, 0, 0, 0.14%, 7, 0, 10, 61.72
1733847915, 171, 13, 39, 0, 0, 0.14%, 7, 0, 10, 65.17
1733847920, 171, 26, 39, 0, 0, 0.14%, 7, 0, 10, 67.56
1733847935, 172, 25, 39, 0, 0, 0.14%, 7, 0, 10, 70.67
1733847966, 172, 27, 39, 0, 0, 0.14%, 7, 0, 10, 67.76
1733848006, 173, 11, 39, 0, 0, 0.14%, 7, 0, 10, 52.49
1733848042, 173, 12, 39, 0, 0, 0.14%, 7, 0, 10, 69.48
1733848082, 173, 17, 39, 0, 0, 0.14%, 7, 0, 10, 66.50
1733848093, 174, 15, 39, 0, 0, 0.14%, 7, 0, 10, 60.76
1733848128, 174, 16, 39, 0, 0, 0.14%, 7, 0, 10, 68.83
1733848159, 174, 17, 39, 0, 0, 0.14%, 7, 0, 10, 69.75
1733848179, 174, 18, 39, 0, 0, 0.14%, 7, 0, 10, 60.73
1733848214, 174, 34, 39, 0, 0, 0.14%, 7, 0, 10, 70.59
1733848250, 175, 34, 39, 0, 0, 0.14%, 7, 0, 10, 76.24
1733848286, 179, 36, 39, 0, 0, 0.14%, 7, 0, 10, 80.42
1733848316, 181, 11, 39, 0, 0, 0.14%, 7, 0, 10, 66.86
1733848357, 181, 15, 39, 0, 0, 0.14%, 7, 0, 10, 61.75
1733848392, 181, 16, 39, 0, 0, 0.14%, 7, 0, 10, 71.19
1733848433, 181, 27, 39, 0, 0, 0.14%, 7, 0, 10, 61.24
1733848468, 183, 12, 39, 0, 0, 0.14%, 7, 0, 10, 55.59
1733848504, 183, 26, 39, 0, 0, 0.14%, 7, 0, 10, 69.17
1733848529, 185, 15, 39, 0, 0, 0.14%, 7, 0, 10, 58.15
1733848565, 188, 34, 39, 0, 0, 0.14%, 7, 0, 10, 59.57
1733848600, 189, 36, 39, 0, 0, 0.14%, 7, 0, 10, 60.06
1733848636, 192, 11, 39, 0, 0, 0.14%, 7, 0, 10, 58.25
1733848676, 192, 28, 39, 0, 0, 0.14%, 7, 0, 10, 72.30
1733848706, 193, 10, 39, 0, 0, 0.14%, 7, 0, 10, 57.28
1733848747, 195, 18, 39, 0, 0, 0.14%, 7, 0, 10, 61.09
1733848782, 196, 14, 39, 0, 0, 0.14%, 7, 0, 10, 93.80
1733849159, 196, 28, 39, 0, 0, 0.14%, 7, 0, 10, 70.53
1733849195, 196, 34, 39, 0, 0, 0.14%, 7, 0, 10, 65.97
1733849230, 197, 28, 39, 0, 0, 0.14%, 7, 0, 10, 63.50
1733849261, 198, 26, 39, 0, 0, 0.14%, 7, 0, 10, 67.67
1733849297, 200, 16, 39, 0, 0, 0.14%, 7, 0, 10, 68.00
1733849332, 202, 11, 39, 0, 0, 0.14%, 7, 0, 10, 59.32
1733849368, 202, 14, 39, 0, 0, 0.14%, 7, 0, 10, 66.71
1733849383, 202, 16, 39, 0, 0, 0.14%, 7, 0, 10, 65.07
1733849418, 203, 12, 39, 0, 0, 0.14%, 7, 0, 10, 59.80
1733849458, 203, 34, 39, 0, 0, 0.14%, 7, 0, 10, 75.71
1733849494, 204, 10, 39, 0, 0, 0.14%, 7, 0, 10, 59.39
1733849530, 204, 18, 39, 0, 0, 0.14%, 7, 0, 10, 69.03
1733849571, 205, 11, 39, 0, 0, 0.14%, 7, 0, 10, 61.81
1733849601, 206, 19, 39, 0, 0, 0.14%, 7, 0, 10, 63.44
1733849622, 209, 11, 39, 0, 0, 0.14%, 7, 0, 10, 58.68
1733849657, 211, 14, 39, 0, 0, 0.14%, 7, 0, 10, 63.24
1733849688, 212, 23, 39, 0, 0, 0.14%, 7, 0, 10, 73.35
1733849693, 214, 28, 39, 0, 0, 0.14%, 7, 0, 10, 67.16
1733849729, 215, 15, 39, 0, 0, 0.14%, 7, 0, 10, 58.44
1733849764, 215, 28, 39, 0, 0, 0.14%, 7, 0, 10, 77.10
1733849800, 215, 31, 39, 0, 0, 0.14%, 7, 0, 10, 83.12
1733849856, 216, 14, 39, 0, 0, 0.14%, 7, 0, 10, 74.42
1733849891, 217, 13, 39, 0, 0, 0.14%, 7, 0, 10, 71.33
1733849896, 221, 17, 39, 0, 0, 0.14%, 7, 0, 10, 67.94
1733849917, 222, 15, 39, 0, 0, 0.14%, 7, 0, 10, 63.15
1733849957, 223, 14, 39, 0, 0, 0.14%, 7, 0, 10, 81.65
1733849988, 224, 33, 39, 0, 0, 0.14%, 7, 0, 10, 70.24
1733849998, 225, 18, 39, 0, 0, 0.14%, 7, 0, 10, 62.91
1733850039, 225, 26, 39, 0, 0, 0.14%, 7, 0, 10, 70.70
1733850070, 225, 31, 39, 0, 0, 0.14%, 7, 0, 10, 68.65
1733850090, 226, 31, 39, 0, 0, 0.14%, 7, 0, 10, 69.24
1733850125, 228, 27, 39, 0, 0, 0.14%, 7, 0, 10, 61.17
1733850161, 230, 36, 39, 0, 0, 0.14%, 7, 0, 10, 85.20
1733850192, 231, 13, 39, 0, 0, 0.14%, 7, 0, 10, 76.07
1733850202, 231, 15, 39, 0, 0, 0.14%, 7, 0, 10, 59.84
1733850237, 232, 13, 39, 0, 0, 0.14%, 7, 0, 10, 78.32
1733850263, 234, 12, 39, 0, 0, 0.14%, 7, 0, 10, 65.37
1733850298, 234, 17, 39, 0, 0, 0.14%, 7, 0, 10, 67.72
1733850334, 234, 34, 39, 0, 0, 0.14%, 7, 0, 10, 65.28
1733850369, 235, 33, 39, 0, 0, 0.14%, 7, 0, 10, 61.38
1733850400, 236, 36, 39, 0, 0, 0.14%, 7, 0, 10, 83.31
1733850430, 237, 17, 39, 0, 0, 0.14%, 7, 0, 10, 68.04
1733850466, 237, 20, 39, 0, 0, 0.14%, 7, 0, 10, 66.95
1733850481, 239, 20, 39, 0, 0, 0.14%, 7, 0, 10, 73.37
1733850502, 239, 23, 39, 0, 0, 0.14%, 7, 0, 10, 73.52
1733850512, 241, 31, 39, 0, 0, 0.14%, 7, 0, 10, 69.66
1733850548, 242, 17, 39, 0, 0, 0.14%, 7, 0, 10, 61.53
1733850583, 242, 20, 39, 0, 0, 0.14%, 7, 0, 10, 58.33
1733850618, 243, 23, 39, 0, 0, 0.14%, 7, 0, 10, 61.23
1733850639, 246, 31, 39, 0, 0, 0.14%, 7, 0, 10, 73.65
1733850679, 247, 36, 39, 0, 0, 0.14%, 7, 0, 10, 80.25
1733850710, 249, 26, 39, 0, 0, 0.14%, 7, 0, 10, 65.43
1733850745, 250, 26, 39, 0, 0, 0.14%, 7, 0, 10, 69.38
1733850781, 251, 31, 39, 0, 0, 0.14%, 7, 0, 10, 55.25
1733850817, 252, 14, 39, 0, 0, 0.14%, 7, 0, 10, 73.63
1733850852, 252, 18, 39, 0, 0, 0.14%, 7, 0, 10, 60.22
1733850883, 253, 15, 39, 0, 0, 0.14%, 7, 0, 10, 73.79
1733850924, 253, 27, 39, 0, 0, 0.14%, 7, 0, 10, 65.17
1733850959, 256, 33, 39, 0, 0, 0.14%, 7, 0, 10, 73.74
1733850995, 258, 27, 39, 0, 0, 0.14%, 7, 0, 10, 61.58
1733851035, 262, 27, 39, 0, 0, 0.14%, 7, 0, 10, 65.32
1733851071, 262, 33, 39, 0, 0, 0.14%, 7, 0, 10, 72.17
1733851106, 263, 33, 39, 0, 0, 0.14%, 7, 0, 10, 63.33
1733851142, 264, 36, 39, 0, 0, 0.14%, 7, 0, 10, 61.01
1733851173, 268, 19, 39, 0, 0, 0.14%, 7, 0, 10, 69.81
1733851209, 268, 21, 39, 0, 0, 0.14%, 7, 0, 10, 77.84
1733851224, 271, 13, 39, 0, 0, 0.14%, 7, 0, 10, 74.39
1733851259, 272, 20, 39, 0, 0, 0.14%, 7, 0, 10, 70.92
1733851295, 273, 30, 39, 0, 0, 0.14%, 7, 0, 10, 91.71
1733851340, 275, 26, 39, 0, 0, 0.14%, 7, 0, 10, 63.67
1733851376, 276, 20, 39, 0, 0, 0.14%, 7, 0, 10, 71.14
1733851412, 276, 21, 39, 0, 0, 0.14%, 7, 0, 10, 70.66
1733851447, 278, 33, 39, 0, 0, 0.14%, 7, 0, 10, 73.92
1733851478, 279, 23, 39, 0, 0, 0.14%, 7, 0, 10, 80.68
1733851513, 282, 20, 39, 0, 0, 0.14%, 7, 0, 10, 73.11
1733851544, 283, 19, 39, 0, 0, 0.14%, 7, 0, 10, 71.87
1733851579, 283, 26, 39, 0, 0, 0.14%, 7, 0, 10, 70.32
1733851614, 287, 36, 39, 0, 0, 0.14%, 7, 0, 10, 67.35
1733851619, 288, 12, 39, 0, 0, 0.14%, 7, 0, 10, 59.29
1733851655, 288, 17, 39, 0, 0, 0.14%, 7, 0, 10, 69.92
1733851691, 289, 33, 39, 0, 0, 0.14%, 7, 0, 10, 61.68
1733851731, 290, 31, 39, 0, 0, 0.14%, 7, 0, 10, 63.34
1733851767, 291, 36, 39, 0, 0, 0.14%, 7, 0, 10, 60.34
1733851772, 294, 17, 39, 0, 0, 0.14%, 7, 0, 10, 65.41
1733851808, 294, 22, 39, 0, 0, 0.14%, 7, 0, 10, 64.61
1733851813, 297, 13, 39, 0, 0, 0.14%, 7, 0, 10, 76.60
1733851843, 297, 23, 39, 0, 0, 0.14%, 7, 0, 10, 70.29
1733851879, 298, 36, 39, 0, 0, 0.14%, 7, 0, 10, 73.28
1733851884, 300, 17, 39, 0, 0, 0.14%, 7, 0, 10, 67.72
1733851925, 301, 21, 39, 0, 0, 0.14%, 7, 0, 10, 75.41
1733851956, 301, 24, 39, 0, 0, 0.14%, 7, 0, 10, 88.84
1733852154, 303, 29, 39, 0, 0, 0.14%, 7, 0, 10, 65.14
1733852164, 304, 26, 39, 0, 0, 0.14%, 7, 0, 10, 65.63
1733852195, 306, 30, 39, 0, 0, 0.14%, 7, 0, 10, 60.71
1733852215, 308, 30, 39, 0, 0, 0.14%, 7, 0, 10, 65.31
1733852251, 308, 31, 39, 0, 0, 0.14%, 7, 0, 10, 69.30
1733852281, 312, 30, 39, 0, 0, 0.14%, 7, 0, 10, 68.18
1733852317, 313, 29, 39, 0, 0, 0.14%, 7, 0, 10, 64.95
1733852337, 317, 36, 39, 0, 0, 0.14%, 7, 0, 10, 64.64
1733852342, 321, 30, 39, 0, 0, 0.14%, 7, 0, 10, 63.33
1733852383, 322, 29, 39, 0, 0, 0.14%, 7, 0, 10, 67.41
1733852418, 324, 19, 39, 0, 0, 0.14%, 7, 0, 10, 75.64
1733852449, 327, 19, 39, 0, 0, 0.14%, 7, 0, 10, 72.53
1733852479, 327, 36, 39, 0, 0, 0.14%, 7, 0, 10, 69.01
1733852484, 328, 19, 39, 0, 0, 0.14%, 7, 0, 10, 68.44
1733852520, 330, 21, 39, 0, 0, 0.14%, 7, 0, 10, 69.79
1733852555, 331, 31, 39, 0, 0, 0.14%, 7, 0, 10, 55.16
1733852591, 333, 17, 39, 0, 0, 0.14%, 7, 0, 10, 72.14
1733852627, 343, 36, 39, 0, 0, 0.14%, 7, 0, 10, 68.57
1733852632, 344, 33, 39, 0, 0, 0.14%, 7, 0, 10, 71.11
1733852667, 345, 36, 39, 0, 0, 0.14%, 7, 0, 10, 69.99
1733852672, 346, 17, 39, 0, 0, 0.14%, 7, 0, 10, 64.97
1733852708, 347, 19, 39, 0, 0, 0.14%, 7, 0, 10, 70.04
1733852743, 349, 22, 39, 0, 0, 0.14%, 7, 0, 10, 72.42
1733852753, 350, 13, 39, 0, 0, 0.14%, 7, 0, 10, 68.68
1733852789, 350, 22, 39, 0, 0, 0.14%, 7, 0, 10, 71.98
1733852814, 354, 36, 39, 0, 0, 0.14%, 7, 0, 10, 69.87
1733852819, 358, 29, 39, 0, 0, 0.14%, 7, 0, 10, 68.89
1733852850, 362, 13, 39, 0, 0, 0.14%, 7, 0, 10, 78.42
1733852881, 362, 24, 39, 0, 0, 0.14%, 7, 0, 10, 75.25
1733852891, 364, 21, 39, 0, 0, 0.14%, 7, 0, 10, 67.12
1733852927, 364, 22, 39, 0, 0, 0.14%, 7, 0, 10, 70.55
1733852962, 367, 19, 39, 0, 0, 0.14%, 7, 0, 10, 66.98
1733852998, 368, 17, 39, 0, 0, 0.14%, 7, 0, 10, 66.96
1733853033, 373, 21, 39, 0, 0, 0.14%, 7, 0, 10, 69.99
1733853069, 374, 36, 39, 0, 0, 0.14%, 7, 0, 10, 63.80
1733853074, 377, 13, 39, 0, 0, 0.14%, 7, 0, 10, 70.77
1733853110, 378, 19, 39, 0, 0, 0.14%, 7, 0, 10, 71.54
1733853146, 379, 17, 39, 0, 0, 0.14%, 7, 0, 10, 68.09
1733853151, 381, 29, 39, 0, 0, 0.14%, 7, 0, 10, 68.98
1733853186, 385, 35, 39, 0, 0, 0.14%, 7, 0, 10, 60.71
1733853191, 388, 30, 39, 0, 0, 0.14%, 7, 0, 10, 65.29
1733853227, 389, 30, 39, 0, 0, 0.14%, 7, 0, 10, 64.75
1733853262, 390, 17, 39, 0, 0, 0.14%, 7, 0, 10, 56.48
1733853268, 392, 17, 39, 0, 0, 0.14%, 7, 0, 10, 62.50
1733853273, 399, 24, 39, 0, 0, 0.14%, 7, 0, 10, 69.13
1733853308, 403, 17, 39, 0, 0, 0.14%, 7, 0, 10, 67.46
1733853318, 405, 36, 39, 0, 0, 0.14%, 7, 0, 10, 64.38
1733853323, 406, 21, 39, 0, 0, 0.14%, 7, 0, 10, 73.43
1733853354, 406, 35, 39, 0, 0, 0.14%, 7, 0, 10, 76.99
1733853369, 409, 22, 39, 0, 0, 0.14%, 7, 0, 10, 74.10
1733853399, 417, 24, 39, 0, 0, 0.14%, 7, 0, 10, 71.80
1733853435, 418, 22, 39, 0, 0, 0.14%, 7, 0, 10, 71.45
1733853470, 420, 22, 39, 0, 0, 0.14%, 7, 0, 10, 67.85
1733853506, 423, 24, 39, 0, 0, 0.14%, 7, 0, 10, 70.13
1733853542, 440, 36, 39, 0, 0, 0.14%, 7, 0, 10, 67.52
1733853547, 451, 17, 39, 0, 0, 0.14%, 7, 0, 10, 60.93
1733853557, 455, 36, 39, 0, 0, 0.14%, 7, 0, 10, 69.04
1733853562, 466, 36, 39, 0, 0, 0.14%, 7, 0, 10, 68.01
1733853567, 478, 17, 39, 0, 0, 0.14%, 7, 0, 10, 62.06
1733853572, 484, 36, 39, 0, 0, 0.14%, 7, 0, 10, 63.79
1733853577, 488, 35, 39, 0, 0, 0.14%, 7, 0, 10, 70.90
1733853608, 495, 17, 39, 0, 0, 0.14%, 7, 0, 10, 61.09
1733853613, 498, 36, 39, 0, 0, 0.14%, 7, 0, 10, 65.88
1733853618, 499, 17, 39, 0, 0, 0.14%, 7, 0, 10, 66.70
1733853623, 502, 17, 39, 0, 0, 0.14%, 7, 0, 10, 62.19
1733853633, 502, 36, 39, 0, 0, 0.14%, 7, 0, 10, 64.03
1733853638, 504, 17, 39, 0, 0, 0.14%, 7, 0, 10, 62.66
1733853643, 508, 36, 39, 0, 0, 0.14%, 7, 0, 10, 63.63
1733853648, 510, 17, 39, 0, 0, 0.14%, 7, 0, 10, 64.06
1733853653, 512, 36, 39, 0, 0, 0.14%, 7, 0, 10, 72.22
1733853658, 517, 17, 39, 0, 0, 0.14%, 7, 0, 10, 62.51
1733853664, 521, 36, 39, 0, 0, 0.14%, 7, 0, 10, 69.14
1733853669, 527, 36, 39, 0, 0, 0.14%, 7, 0, 10, 67.69
1733853674, 532, 35, 39, 0, 0, 0.14%, 7, 0, 10, 74.16
1733853704, 537, 36, 39, 0, 0, 0.14%, 7, 0, 10, 66.87
1733853709, 555, 17, 39, 0, 0, 0.14%, 7, 0, 10, 66.06
1733853714, 559, 17, 39, 0, 0, 0.14%, 7, 0, 10, 63.99
1733853719, 561, 17, 39, 0, 0, 0.14%, 7, 0, 10, 65.02
1733853724, 583, 36, 39, 0, 0, 0.14%, 7, 0, 10, 72.67
1733853729, 589, 17, 39, 0, 0, 0.14%, 7, 0, 10, 64.53
1733853734, 598, 36, 39, 0, 0, 0.14%, 7, 0, 10, 65.76
1733853739, 626, 36, 39, 0, 0, 0.14%, 7, 0, 10, 67.36
1733853744, 635, 17, 39, 0, 0, 0.14%, 7, 0, 10, 61.88
1733853750, 649, 36, 39, 0, 0, 0.14%, 7, 0, 10, 67.47
1733853755, 667, 36, 39, 0, 0, 0.14%, 7, 0, 10, 71.44
1733853760, 670, 17, 39, 0, 0, 0.14%, 7, 0, 10, 66.29
1733853765, 673, 17, 39, 0, 0, 0.14%, 7, 0, 10, 62.50
1733853770, 679, 36, 39, 0, 0, 0.14%, 7, 0, 10, 66.94
1733853775, 681, 17, 39, 0, 0, 0.14%, 7, 0, 10, 63.50
1733853780, 684, 17, 39, 0, 0, 0.14%, 7, 0, 10, 63.83
1733853785, 711, 36, 39, 0, 0, 0.14%, 7, 0, 10, 69.49
1733853790, 719, 17, 39, 0, 0, 0.14%, 7, 0, 10, 62.02
1733853795, 727, 36, 39, 0, 0, 0.14%, 7, 0, 10, 65.89
1733853800, 734, 17, 39, 0, 0, 0.14%, 7, 0, 10, 66.57
1733853805, 736, 36, 39, 0, 0, 0.14%, 7, 0, 10, 72.93
1733853810, 738, 36, 39, 0, 0, 0.14%, 7, 0, 10, 70.98
1733853815, 743, 36, 39, 0, 0, 0.14%, 7, 0, 10, 68.69
1733853820, 755, 36, 39, 0, 0, 0.14%, 7, 0, 10, 74.78
1733853825, 765, 17, 39, 0, 0, 0.14%, 7, 0, 10, 68.65
1733853830, 768, 17, 39, 0, 0, 0.14%, 7, 0, 10, 67.53
1733853835, 772, 36, 39, 0, 0, 0.14%, 7, 0, 10, 68.87
1733853841, 774, 17, 39, 0, 0, 0.14%, 7, 0, 10, 67.30
1733853846, 776, 36, 39, 0, 0, 0.14%, 7, 0, 10, 68.44
1733853851, 789, 36, 39, 0, 0, 0.14%, 7, 0, 10, 70.09
1733853856, 792, 36, 39, 0, 0, 0.14%, 7, 0, 10, 70.67
1733853861, 805, 17, 39, 0, 0, 0.14%, 7, 0, 10, 68.61
1733853866, 805, 36, 39, 0, 0, 0.14%, 7, 0, 10, 67.28
1733853871, 826, 36, 39, 0, 0, 0.14%, 7, 0, 10, 74.22
1733853876, 835, 17, 39, 0, 0, 0.14%, 7, 0, 10, 65.87
1733853881, 850, 17, 39, 0, 0, 0.14%, 7, 0, 10, 69.83
1733853886, 873, 36, 39, 0, 0, 0.14%, 7, 0, 10, 72.19
1733853891, 877, 17, 39, 0, 0, 0.14%, 7, 0, 10, 65.53
1733853896, 892, 17, 39, 0, 0, 0.14%, 7, 0, 10, 62.13
1733853901, 905, 17, 39, 0, 0, 0.14%, 7, 0, 10, 63.22
1733853911, 910, 17, 39, 0, 0, 0.14%, 7, 0, 10, 64.69
1733853916, 927, 17, 39, 0, 0, 0.14%, 7, 0, 10, 70.29
1733853921, 937, 17, 39, 0, 0, 0.14%, 7, 0, 10, 63.29
1733853932, 944, 17, 39, 0, 0, 0.14%, 7, 0, 10, 67.33
1733853937, 966, 17, 39, 0, 0, 0.14%, 7, 0, 10, 72.89
1733853942, 971, 36, 39, 0, 0, 0.14%, 7, 0, 10, 68.60
1733853947, 998, 17, 39, 0, 0, 0.14%, 7, 0, 10, 68.49
1733853952, 1019, 36, 39, 0, 0, 0.14%, 7, 0, 10, 70.01
1733853957, 1029, 17, 39, 0, 0, 0.14%, 7, 0, 10, 64.70
1733853962, 1037, 36, 39, 0, 0, 0.14%, 7, 0, 10, 73.04
1733853972, 1048, 17, 39, 0, 0, 0.14%, 7, 0, 10, 61.29
1733853977, 1052, 17, 39, 0, 0, 0.14%, 7, 0, 10, 59.57
1733853982, 1086, 36, 39, 0, 0, 0.14%, 7, 0, 10, 60.87
1733853987, 1096, 17, 39, 0, 0, 0.14%, 7, 0, 10, 63.37
1733853992, 1108, 36, 39, 0, 0, 0.14%, 7, 0, 10, 71.78
1733853997, 1113, 17, 39, 0, 0, 0.14%, 7, 0, 10, 63.90
1733854002, 1116, 17, 39, 0, 0, 0.14%, 7, 0, 10, 66.27
1733854008, 1119, 36, 39, 0, 0, 0.14%, 7, 0, 10, 62.17
1733854013, 1125, 17, 39, 0, 0, 0.14%, 7, 0, 10, 65.38
1733854018, 1128, 17, 39, 0, 0, 0.14%, 7, 0, 10, 62.91
1733854023, 1136, 36, 39, 0, 0, 0.14%, 7, 0, 10, 65.19
1733854028, 1144, 17, 39, 0, 0, 0.14%, 7, 0, 10, 68.11
1733854033, 1157, 36, 39, 0, 0, 0.14%, 7, 0, 10, 69.21
1733854038, 1164, 36, 39, 0, 0, 0.14%, 7, 0, 10, 71.95
1733854043, 1166, 36, 39, 0, 0, 0.14%, 7, 0, 10, 75.56
1733854048, 1168, 17, 39, 0, 0, 0.14%, 7, 0, 10, 67.95
1733854053, 1170, 36, 39, 0, 0, 0.14%, 7, 0, 10, 72.15
1733854058, 1208, 36, 39, 0, 0, 0.14%, 7, 0, 10, 66.09
1733854063, 1211, 36, 39, 0, 0, 0.14%, 7, 0, 10, 69.23
1733854068, 1218, 36, 39, 0, 0, 0.14%, 7, 0, 10, 62.93
1733854074, 1226, 36, 39, 0, 0, 0.14%, 7, 0, 10, 60.25
1733854079, 1229, 36, 39, 0, 0, 0.14%, 7, 0, 10, 70.60
1733854084, 1240, 17, 39, 0, 0, 0.14%, 7, 0, 10, 65.61
1733854089, 1246, 36, 39, 0, 0, 0.14%, 7, 0, 10, 67.98
1733854094, 1250, 36, 39, 0, 0, 0.14%, 7, 0, 10, 64.77
1733854099, 1260, 17, 39, 0, 0, 0.14%, 7, 0, 10, 62.33
1733854104, 1269, 36, 39, 0, 0, 0.14%, 7, 0, 10, 69.39
1733854109, 1298, 36, 39, 0, 0, 0.14%, 7, 0, 10, 63.55
1733854114, 1304, 36, 39, 0, 0, 0.14%, 7, 0, 10, 68.46
1733854119, 1307, 17, 39, 0, 0, 0.14%, 7, 0, 10, 65.18
1733854124, 1321, 17, 39, 0, 0, 0.14%, 7, 0, 10, 65.05
1733854129, 1326, 36, 39, 0, 0, 0.14%, 7, 0, 10, 66.51
1733854134, 1329, 17, 39, 0, 0, 0.14%, 7, 0, 10, 60.94
1733854139, 1330, 36, 39, 0, 0, 0.14%, 7, 0, 10, 72.03
1733854145, 1355, 36, 39, 0, 0, 0.14%, 7, 0, 10, 69.34
1733854150, 1362, 17, 39, 0, 0, 0.14%, 7, 0, 10, 67.19
1733854155, 1363, 36, 39, 0, 0, 0.14%, 7, 0, 10, 71.92
1733854160, 1373, 36, 39, 0, 0, 0.14%, 7, 0, 10, 65.56
1733854165, 1381, 17, 39, 0, 0, 0.14%, 7, 0, 10, 63.48
1733854170, 1382, 36, 39, 0, 0, 0.14%, 7, 0, 10, 68.28
1733854175, 1404, 36, 39, 0, 0, 0.14%, 7, 0, 10, 65.60
1733854180, 1444, 36, 39, 0, 0, 0.14%, 7, 0, 10, 64.02
1733854185, 1464, 36, 39, 0, 0, 0.14%, 7, 0, 10, 65.59
1733854190, 1470, 36, 39, 0, 0, 0.14%, 7, 0, 10, 66.61
1733854196, 1488, 36, 39, 0, 0, 0.14%, 7, 0, 10, 64.46
1733854201, 1505, 36, 39, 0, 0, 0.14%, 7, 0, 10, 71.94
1733854206, 1511, 36, 39, 0, 0, 0.14%, 7, 0, 10, 68.48
1733854216, 1588, 36, 39, 0, 0, 0.14%, 7, 0, 10, 67.96
1733854221, 1600, 36, 39, 0, 0, 0.14%, 7, 0, 10, 68.74
1733854226, 1624, 36, 39, 0, 0, 0.14%, 7, 0, 10, 64.92
1733854231, 1651, 36, 39, 0, 0, 0.14%, 7, 0, 10, 68.05
1733854236, 1663, 36, 39, 0, 0, 0.14%, 7, 0, 10, 67.72
1733854241, 1671, 36, 39, 0, 0, 0.14%, 7, 0, 10, 65.87
1733854252, 1717, 36, 39, 0, 0, 0.14%, 7, 0, 10, 66.44
1733854257, 1753, 36, 39, 0, 0, 0.14%, 7, 0, 10, 71.70
1733854262, 1778, 36, 39, 0, 0, 0.14%, 7, 0, 10, 65.18
1733854267, 1780, 36, 39, 0, 0, 0.14%, 7, 0, 10, 64.71
1733854272, 1825, 36, 39, 0, 0, 0.14%, 7, 0, 10, 63.60
1733854282, 1835, 36, 39, 0, 0, 0.14%, 7, 0, 10, 72.71
1733854287, 1839, 36, 39, 0, 0, 0.14%, 7, 0, 10, 68.24
1733854292, 1841, 36, 39, 0, 0, 0.14%, 7, 0, 10, 71.36
1733854297, 1877, 36, 39, 0, 0, 0.14%, 7, 0, 10, 71.96
1733854302, 1879, 36, 39, 0, 0, 0.14%, 7, 0, 10, 68.26
1733854307, 1891, 36, 39, 0, 0, 0.14%, 7, 0, 10, 70.84
1733854312, 1932, 36, 39, 0, 0, 0.14%, 7, 0, 10, 69.27
1733854318, 1971, 36, 39, 0, 0, 0.14%, 7, 0, 10, 71.45
1733854323, 2008, 36, 39, 0, 0, 0.14%, 7, 0, 10, 70.05
1733854328, 2032, 36, 39, 0, 0, 0.14%, 7, 0, 10, 71.37
1733854333, 2036, 36, 39, 0, 0, 0.14%, 7, 0, 10, 68.09
1733854338, 2042, 36, 39, 0, 0, 0.14%, 7, 0, 10, 74.10
1733854343, 2050, 36, 39, 0, 0, 0.14%, 7, 0, 10, 63.01
1733854348, 2054, 36, 39, 0, 0, 0.14%, 7, 0, 10, 71.90
1733854353, 2060, 36, 39, 0, 0, 0.14%, 7, 0, 10, 69.11
1733854358, 2118, 36, 39, 0, 0, 0.14%, 7, 0, 10, 69.41
1733854363, 2168, 36, 39, 0, 0, 0.14%, 7, 0, 10, 70.25
1733854368, 2179, 36, 39, 0, 0, 0.14%, 7, 0, 10, 71.09
1733854373, 2182, 36, 39, 0, 0, 0.14%, 7, 0, 10, 74.14
1733854379, 2205, 36, 39, 0, 0, 0.14%, 7, 0, 10, 69.03
1733854384, 2214, 36, 39, 0, 0, 0.14%, 7, 0, 10, 72.67
1733854389, 2220, 36, 39, 0, 0, 0.14%, 7, 0, 10, 73.44
1733854394, 2233, 36, 39, 0, 0, 0.14%, 7, 0, 10, 69.67
1733854399, 11094, 0, 39, 0, 0, 0.14%, 7, 0, 10, 0.00
1733854404, 32763, 0, 39, 0, 0, 0.14%, 7, 0, 10, 0.00
1733854409, 54417, 0, 39, 0, 0, 0.14%, 7, 0, 10, 0.00
1733854414, 76073, 0, 39, 0, 0, 0.14%, 7, 0, 10, 0.00
1733854420, 97696, 0, 39, 0, 0, 0.14%, 7, 0, 10, 0.00
1733854425, 119352, 0, 39, 0, 0, 0.14%, 7, 0, 10, 0.00
1733854430, 141051, 0, 39, 0, 0, 0.14%, 7, 0, 10, 0.00
1733854435, 162753, 0, 39, 0, 0, 0.14%, 7, 0, 10, 0.00
1733854440, 184530, 0, 39, 0, 0, 0.14%, 7, 0, 10, 0.00
1733854446, 206160, 0, 39, 0, 0, 0.14%, 7, 0, 10, 0.00
1733854451, 227764, 0, 39, 0, 0, 0.14%, 7, 0, 10, 0.00
1733854456, 249416, 0, 39, 0, 0, 0.14%, 7, 0, 10, 0.00
1733854461, 270981, 0, 39, 0, 0, 0.14%, 7, 0, 10, 0.00
1733854466, 292691, 0, 39, 0, 0, 0.14%, 7, 0, 10, 0.00
1733854472, 314366, 0, 39, 0, 0, 0.14%, 7, 0, 10, 0.00
1733854477, 335982, 0, 39, 0, 0, 0.14%, 7, 0, 10, 0.00
1733854482, 357729, 0, 39, 0, 0, 0.14%, 7, 0, 10, 0.00
1733854487, 379336, 0, 39, 0, 0, 0.14%, 7, 0, 10, 0.00
1733854492, 401075, 0, 39, 0, 0, 0.14%, 7, 0, 10, 0.00
1733854498, 422668, 0, 39, 0, 0, 0.14%, 7, 0, 10, 0.00
1733854503, 444363, 0, 39, 0, 0, 0.14%, 7, 0, 10, 0.00
1733854508, 466229, 0, 39, 0, 0, 0.14%, 7, 0, 10, 0.00
1733854513, 487888, 0, 39, 0, 0, 0.14%, 7, 0, 10, 0.00
1733854518, 509535, 0, 39, 0, 0, 0.14%, 7, 0, 10, 0.00
1733854524, 531329, 0, 39, 0, 0, 0.14%, 7, 0, 10, 0.00
1733854529, 552935, 0, 39, 0, 0, 0.14%, 7, 0, 10, 0.00
1733854534, 574666, 0, 39, 0, 0, 0.14%, 7, 0, 10, 0.00
1733854539, 596309, 0, 39, 0, 0, 0.14%, 7, 0, 10, 0.00
1733854544, 618025, 0, 39, 0, 0, 0.14%, 7, 0, 10, 0.00
1733854550, 639591, 0, 39, 0, 0, 0.14%, 7, 0, 10, 0.00
1733854555, 661210, 0, 39, 0, 0, 0.14%, 7, 0, 10, 0.00
1733854560, 682876, 0, 39, 0, 0, 0.14%, 7, 0, 10, 0.00
1733854565, 704535, 0, 39, 0, 0, 0.14%, 7, 0, 10, 0.00
1733854570, 726284, 0, 39, 0, 0, 0.14%, 7, 0, 10, 0.00
1733854576, 748125, 0, 39, 0, 0, 0.14%, 7, 0, 10, 0.00
1733854581, 769704, 0, 39, 0, 0, 0.14%, 7, 0, 10, 0.00
1733854586, 791481, 0, 39, 0, 0, 0.14%, 7, 0, 10, 0.00
1733854591, 813176, 0, 39, 0, 0, 0.14%, 7, 0, 10, 0.00
1733854596, 834909, 0, 39, 0, 0, 0.14%, 7, 0, 10, 0.00
1733854602, 856578, 0, 39, 0, 0, 0.14%, 7, 0, 10, 0.00
1733854607, 878157, 0, 39, 0, 0, 0.14%, 7, 0, 10, 0.00
1733854612, 899937, 0, 39, 0, 0, 0.14%, 7, 0, 10, 0.00
1733854617, 921616, 0, 39, 0, 0, 0.14%, 7, 0, 10, 0.00
1733854622, 943287, 0, 39, 0, 0, 0.14%, 7, 0, 10, 0.00
1733854628, 964973, 0, 39, 0, 0, 0.14%, 7, 0, 10, 0.00
1733854633, 986724, 0, 39, 0, 0, 0.14%, 7, 0, 10, 0.00
1733854638, 1008384, 0, 39, 0, 0, 0.14%, 7, 0, 10, 0.00
1733854643, 1030032, 0, 39, 0, 0, 0.14%, 7, 0, 10, 0.00
1733854648, 1051728, 0, 39, 0, 0, 0.14%, 7, 0, 10, 0.00
1733854654, 1073310, 0, 39, 0, 0, 0.14%, 7, 0, 10, 0.00
1733854659, 1094853, 0, 39, 0, 0, 0.14%, 7, 0, 10, 0.00
1733854664, 1116508, 0, 39, 0, 0, 0.14%, 7, 0, 10, 0.00
1733854669, 1138183, 0, 39, 0, 0, 0.14%, 7, 0, 10, 0.00
1733854674, 1159926, 0, 39, 0, 0, 0.14%, 7, 0, 10, 0.00
1733854680, 1181488, 0, 39, 0, 0, 0.14%, 7, 0, 10, 0.00
1733854685, 1203257, 0, 39, 0, 0, 0.14%, 7, 0, 10, 0.00
1733854690, 1224927, 0, 39, 0, 0, 0.14%, 7, 0, 10, 0.00
1733854695, 1246562, 0, 39, 0, 0, 0.14%, 7, 0, 10, 0.00
1733854700, 1268242, 0, 39, 0, 0, 0.14%, 7, 0, 10, 0.00
1733854706, 1289945, 0, 39, 0, 0, 0.14%, 7, 0, 10, 0.00
1733854711, 1311612, 0, 39, 0, 0, 0.14%, 7, 0, 10, 0.00
1733854716, 1333302, 0, 39, 0, 0, 0.14%, 7, 0, 10, 0.00
1733854721, 1355052, 0, 39, 0, 0, 0.14%, 7, 0, 10, 0.00
1733854726, 1376639, 0, 39, 0, 0, 0.14%, 7, 0, 10, 0.00
1733854732, 1398316, 0, 39, 0, 0, 0.14%, 7, 0, 10, 0.00
1733854737, 1420020, 0, 39, 0, 0, 0.14%, 7, 0, 10, 0.00
1733854742, 1441674, 0, 39, 0, 0, 0.14%, 7, 0, 10, 0.00
1733854747, 1463439, 0, 39, 0, 0, 0.14%, 7, 0, 10, 0.00
1733854752, 1484943, 0, 39, 0, 0, 0.14%, 7, 0, 10, 0.00
1733854758, 1506725, 0, 39, 0, 0, 0.14%, 7, 0, 10, 0.00
1733854763, 1528293, 0, 39, 0, 0, 0.14%, 7, 0, 10, 0.00
1733854768, 1550088, 0, 39, 0, 0, 0.14%, 7, 0, 10, 0.00
1733854773, 1571697, 0, 39, 0, 0, 0.14%, 7, 0, 10, 0.00
1733854778, 1593406, 0, 39, 0, 0, 0.14%, 7, 0, 10, 0.00
1733854784, 1614910, 0, 39, 0, 0, 0.14%, 7, 0, 10, 0.00
1733854789, 1636508, 0, 39, 0, 0, 0.14%, 7, 0, 10, 0.00
1733854794, 1658167, 0, 39, 0, 0, 0.14%, 7, 0, 10, 0.00
1733854799, 1679838, 0, 39, 0, 0, 0.14%, 7, 0, 10, 0.00
1733854804, 1701491, 0, 39, 0, 0, 0.14%, 7, 0, 10, 0.00
1733854810, 1723250, 0, 39, 0, 0, 0.14%, 7, 0, 10, 0.00
1733854815, 1744897, 0, 39, 0, 0, 0.14%, 7, 0, 10, 0.00
1733854820, 1766592, 0, 39, 0, 0, 0.14%, 7, 0, 10, 0.00
1733854825, 1788267, 0, 39, 0, 0, 0.14%, 7, 0, 10, 0.00
1733854830, 1809889, 0, 39, 0, 0, 0.14%, 7, 0, 10, 0.00
1733854836, 1831555, 0, 39, 0, 0, 0.14%, 7, 0, 10, 0.00
1733854841, 1853139, 0, 39, 0, 0, 0.14%, 7, 0, 10, 0.00
1733854846, 1874786, 0, 39, 0, 0, 0.14%, 7, 0, 10, 0.00
1733854851, 1896433, 0, 39, 0, 0, 0.14%, 7, 0, 10, 0.00
1733854856, 1918004, 0, 39, 0, 0, 0.14%, 7, 0, 10, 0.00
1733854862, 1939683, 0, 39, 0, 0, 0.14%, 7, 0, 10, 0.00
1733854867, 1961262, 0, 39, 0, 0, 0.14%, 7, 0, 10, 0.00
1733854872, 1982977, 0, 39, 0, 0, 0.14%, 7, 0, 10, 0.00
1733854877, 2004713, 0, 39, 0, 0, 0.14%, 7, 0, 10, 0.00
1733854882, 2026474, 0, 39, 0, 0, 0.14%, 7, 0, 10, 0.00
1733854888, 2048135, 0, 39, 0, 0, 0.14%, 7, 0, 10, 0.00
1733854893, 2069734, 0, 39, 0, 0, 0.14%, 7, 0, 10, 0.00
1733854898, 2091374, 0, 39, 0, 0, 0.14%, 7, 0, 10, 0.00
1733854903, 2113071, 0, 39, 0, 0, 0.14%, 7, 0, 10, 0.00
1733854908, 2134750, 0, 39, 0, 0, 0.14%, 7, 0, 10, 0.00
1733854914, 2156490, 0, 39, 0, 0, 0.14%, 7, 0, 10, 0.00
1733854919, 2178282, 0, 39, 0, 0, 0.14%, 7, 0, 10, 0.00
1733854924, 2200023, 0, 39, 0, 0, 0.14%, 7, 0, 10, 0.00
1733854929, 2221694, 0, 39, 0, 0, 0.14%, 7, 0, 10, 0.00
1733854934, 2243437, 0, 39, 0, 0, 0.14%, 7, 0, 10, 0.00
1733854940, 2265209, 0, 39, 0, 0, 0.14%, 7, 0, 10, 0.00
1733854945, 2286962, 0, 39, 0, 0, 0.14%, 7, 0, 10, 0.00
1733854950, 2308597, 0, 39, 0, 0, 0.14%, 7, 0, 10, 0.00
1733854955, 2330275, 0, 39, 0, 0, 0.14%, 7, 0, 10, 0.00
1733854960, 2351968, 0, 39, 0, 0, 0.14%, 7, 0, 10, 0.00
1733854966, 2373595, 0, 39, 0, 0, 0.14%, 7, 0, 10, 0.00
1733854971, 2395292, 0, 39, 0, 0, 0.14%, 7, 0, 10, 0.00
1733854976, 2417053, 0, 39, 0, 0, 0.14%, 7, 0, 10, 0.00
1733854981, 2438527, 0, 39, 0, 0, 0.14%, 7, 0, 10, 0.00
1733854986, 2460111, 0, 39, 0, 0, 0.14%, 7, 0, 10, 0.00
1733854992, 2481764, 0, 39, 0, 0, 0.14%, 7, 0, 10, 0.00
1733854997, 2503332, 0, 39, 0, 0, 0.14%, 7, 0, 10, 0.00
1733855002, 2524968, 0, 39, 0, 0, 0.14%, 7, 0, 10, 0.00
1733855007, 2546762, 0, 39, 0, 0, 0.14%, 7, 0, 10, 0.00
1733855012, 2568442, 0, 39, 0, 0, 0.14%, 7, 0, 10, 0.00
1733855018, 2590080, 0, 39, 0, 0, 0.14%, 7, 0, 10, 0.00
1733855023, 2611644, 0, 39, 0, 0, 0.14%, 7, 0, 10, 0.00
1733855028, 2633526, 0, 39, 0, 0, 0.14%, 7, 0, 10, 0.00
1733855033, 2655250, 0, 39, 0, 0, 0.14%, 7, 0, 10, 0.00
1733855038, 2676944, 0, 39, 0, 0, 0.14%, 7, 0, 10, 0.00
1733855044, 2698611, 0, 39, 0, 0, 0.14%, 7, 0, 10, 0.00
1733855049, 2720346, 0, 39, 0, 0, 0.14%, 7, 0, 10, 0.00
1733855054, 2742266, 0, 39, 0, 0, 0.14%, 7, 0, 10, 0.00
1733855059, 2763937, 0, 39, 0, 0, 0.14%, 7, 0, 10, 0.00
1733855064, 2785652, 0, 39, 0, 0, 0.14%, 7, 0, 10, 0.00
1733855070, 2807321, 0, 39, 0, 0, 0.14%, 7, 0, 10, 0.00
1733855075, 2828990, 0, 39, 0, 0, 0.14%, 7, 0, 10, 0.00
1733855080, 2850614, 0, 39, 0, 0, 0.14%, 7, 0, 10, 0.00
1733855085, 2872315, 0, 39, 0, 0, 0.14%, 7, 0, 10, 0.00
1733855090, 2893870, 0, 39, 0, 0, 0.14%, 7, 0, 10, 0.00
1733855096, 2915553, 0, 39, 0, 0, 0.14%, 7, 0, 10, 0.00
1733855101, 2937220, 0, 39, 0, 0, 0.14%, 7, 0, 10, 0.00
1733855106, 2958868, 0, 39, 0, 0, 0.14%, 7, 0, 10, 0.00
1733855111, 2980409, 0, 39, 0, 0, 0.14%, 7, 0, 10, 0.00
1733855116, 3002116, 0, 39, 0, 0, 0.14%, 7, 0, 10, 0.00
1733855122, 3023793, 0, 39, 0, 0, 0.14%, 7, 0, 10, 0.00
1733855127, 3045562, 0, 39, 0, 0, 0.14%, 7, 0, 10, 0.00
1733855132, 3067325, 0, 39, 0, 0, 0.14%, 7, 0, 10, 0.00
1733855137, 3089029, 0, 39, 0, 0, 0.14%, 7, 0, 10, 0.00
1733855142, 3110634, 0, 39, 0, 0, 0.14%, 7, 0, 10, 0.00
1733855148, 3132481, 0, 39, 0, 0, 0.14%, 7, 0, 10, 0.00
1733855153, 3154140, 0, 39, 0, 0, 0.14%, 7, 0, 10, 0.00
1733855158, 3175790, 0, 39, 0, 0, 0.14%, 7, 0, 10, 0.00
1733855163, 3197326, 0, 39, 0, 0, 0.14%, 7, 0, 10, 0.00
1733855168, 3219031, 0, 39, 0, 0, 0.14%, 7, 0, 10, 0.00
1733855174, 3240706, 0, 39, 0, 0, 0.14%, 7, 0, 10, 0.00
1733855179, 3262407, 0, 39, 0, 0, 0.14%, 7, 0, 10, 0.00
1733855184, 3284071, 0, 39, 0, 0, 0.14%, 7, 0, 10, 0.00
1733855189, 3305683, 0, 39, 0, 0, 0.14%, 7, 0, 10, 0.00
1733855194, 3327244, 0, 39, 0, 0, 0.14%, 7, 0, 10, 0.00
1733855200, 3348886, 0, 39, 0, 0, 0.14%, 7, 0, 10, 0.00
1733855205, 3370531, 0, 39, 0, 0, 0.14%, 7, 0, 10, 0.00
1733855210, 3392347, 0, 39, 0, 0, 0.14%, 7, 0, 10, 0.00
1733855215, 3414129, 0, 39, 0, 0, 0.14%, 7, 0, 10, 0.00
1733855220, 3435717, 0, 39, 0, 0, 0.14%, 7, 0, 10, 0.00
1733855226, 3457426, 0, 39, 0, 0, 0.14%, 7, 0, 10, 0.00
1733855231, 3479060, 0, 39, 0, 0, 0.14%, 7, 0, 10, 0.00
1733855236, 3500689, 0, 39, 0, 0, 0.14%, 7, 0, 10, 0.00
1733855241, 3522379, 0, 39, 0, 0, 0.14%, 7, 0, 10, 0.00
1733855246, 3544012, 0, 39, 0, 0, 0.14%, 7, 0, 10, 0.00
1733855252, 3565664, 0, 39, 0, 0, 0.14%, 7, 0, 10, 0.00
1733855257, 3587317, 0, 39, 0, 0, 0.14%, 7, 0, 10, 0.00
1733855262, 3608868, 0, 39, 0, 0, 0.14%, 7, 0, 10, 0.00
1733855267, 3630538, 0, 39, 0, 0, 0.14%, 7, 0, 10, 0.00
1733855272, 3652137, 0, 39, 0, 0, 0.14%, 7, 0, 10, 0.00
1733855278, 3673884, 0, 39, 0, 0, 0.14%, 7, 0, 10, 0.00
1733855283, 3695541, 0, 39, 0, 0, 0.14%, 7, 0, 10, 0.00
1733855288, 3717138, 0, 39, 0, 0, 0.14%, 7, 0, 10, 0.00
1733855293, 3738727, 0, 39, 0, 0, 0.14%, 7, 0, 10, 0.00
1733855298, 3760510, 0, 39, 0, 0, 0.14%, 7, 0, 10, 0.00
1733855304, 3782228, 0, 39, 0, 0, 0.14%, 7, 0, 10, 0.00
1733855309, 3803864, 0, 39, 0, 0, 0.14%, 7, 0, 10, 0.00
1733855314, 3825452, 0, 39, 0, 0, 0.14%, 7, 0, 10, 0.00
1733855319, 3847102, 0, 39, 0, 0, 0.14%, 7, 0, 10, 0.00
1733855324, 3868825, 0, 39, 0, 0, 0.14%, 7, 0, 10, 0.00
1733855330, 3890439, 0, 39, 0, 0, 0.14%, 7, 0, 10, 0.00
1733855335, 3912243, 0, 39, 0, 0, 0.14%, 7, 0, 10, 0.00
1733855340, 3933860, 0, 39, 0, 0, 0.14%, 7, 0, 10, 0.00
1733855345, 3955469, 0, 39, 0, 0, 0.14%, 7, 0, 10, 0.00
1733855350, 3977132, 0, 39, 0, 0, 0.14%, 7, 0, 10, 0.00
1733855356, 3998753, 0, 39, 0, 0, 0.14%, 7, 0, 10, 0.00
1733855361, 4020331, 0, 39, 0, 0, 0.14%, 7, 0, 10, 0.00
1733855366, 4041984, 0, 39, 0, 0, 0.14%, 7, 0, 10, 0.00
1733855371, 4063684, 0, 39, 0, 0, 0.14%, 7, 0, 10, 0.00
1733855376, 4085406, 0, 39, 0, 0, 0.14%, 7, 0, 10, 0.00
1733855382, 4107073, 0, 39, 0, 0, 0.14%, 7, 0, 10, 0.00
1733855387, 4128687, 0, 39, 0, 0, 0.14%, 7, 0, 10, 0.00
1733855392, 4150312, 0, 39, 0, 0, 0.14%, 7, 0, 10, 0.00
1733855397, 4172028, 0, 39, 0, 0, 0.14%, 7, 0, 10, 0.00
1733855402, 4193597, 0, 39, 0, 0, 0.14%, 7, 0, 10, 0.00
1733855408, 4215280, 0, 39, 0, 0, 0.14%, 7, 0, 10, 0.00
1733855413, 4236986, 0, 39, 0, 0, 0.14%, 7, 0, 10, 0.00
1733855418, 4258739, 0, 39, 0, 0, 0.14%, 7, 0, 10, 0.00
1733855423, 4280357, 0, 39, 0, 0, 0.14%, 7, 0, 10, 0.00
1733855428, 4302078, 0, 39, 0, 0, 0.14%, 7, 0, 10, 0.00
1733855434, 4323724, 0, 39, 0, 0, 0.14%, 7, 0, 10, 0.00
1733855439, 4345385, 0, 39, 0, 0, 0.14%, 7, 0, 10, 0.00
1733855444, 4367049, 0, 39, 0, 0, 0.14%, 7, 0, 10, 0.00
1733855449, 4388725, 0, 39, 0, 0, 0.14%, 7, 0, 10, 0.00
1733855454, 4410307, 0, 39, 0, 0, 0.14%, 7, 0, 10, 0.00
1733855460, 4431968, 0, 39, 0, 0, 0.14%, 7, 0, 10, 0.00
1733855465, 4453709, 0, 39, 0, 0, 0.14%, 7, 0, 10, 0.00
1733855470, 4475547, 0, 39, 0, 0, 0.14%, 7, 0, 10, 0.00
1733855475, 4497291, 0, 39, 0, 0, 0.14%, 7, 0, 10, 0.00
1733855480, 4518912, 0, 39, 0, 0, 0.14%, 7, 0, 10, 0.00
1733855486, 4540513, 0, 39, 0, 0, 0.14%, 7, 0, 10, 0.00
1733855491, 4562178, 0, 39, 0, 0, 0.14%, 7, 0, 10, 0.00
1733855496, 4583827, 0, 39, 0, 0, 0.14%, 7, 0, 10, 0.00
1733855501, 4605507, 0, 39, 0, 0, 0.14%, 7, 0, 10, 0.00
1733855506, 4627234, 0, 39, 0, 0, 0.14%, 7, 0, 10, 0.00
1733855512, 4648922, 0, 39, 0, 0, 0.14%, 7, 0, 10, 0.00
1733855517, 4670661, 0, 39, 0, 0, 0.14%, 7, 0, 10, 0.00
1733855522, 4692395, 0, 39, 0, 0, 0.14%, 7, 0, 10, 0.00
1733855527, 4714096, 0, 39, 0, 0, 0.14%, 7, 0, 10, 0.00
1733855532, 4735855, 0, 39, 0, 0, 0.14%, 7, 0, 10, 0.00
1733855538, 4757559, 0, 39, 0, 0, 0.14%, 7, 0, 10, 0.00
1733855543, 4779379, 0, 39, 0, 0, 0.14%, 7, 0, 10, 0.00
1733855548, 4801138, 0, 39, 0, 0, 0.14%, 7, 0, 10, 0.00
1733855553, 4822842, 0, 39, 0, 0, 0.14%, 7, 0, 10, 0.00
1733855558, 4844460, 0, 39, 0, 0, 0.14%, 7, 0, 10, 0.00
1733855564, 4866189, 0, 39, 0, 0, 0.14%, 7, 0, 10, 0.00
1733855569, 4887834, 0, 39, 0, 0, 0.14%, 7, 0, 10, 0.00
1733855574, 4909491, 0, 39, 0, 0, 0.14%, 7, 0, 10, 0.00
1733855579, 4931229, 0, 39, 0, 0, 0.14%, 7, 0, 10, 0.00
1733855584, 4952983, 0, 39, 0, 0, 0.14%, 7, 0, 10, 0.00
1733855590, 4974735, 0, 39, 0, 0, 0.14%, 7, 0, 10, 0.00
1733855595, 4996413, 0, 39, 0, 0, 0.14%, 7, 0, 10, 0.00
1733855600, 5017956, 0, 39, 0, 0, 0.14%, 7, 0, 10, 0.00
1733855605, 5039593, 0, 39, 0, 0, 0.14%, 7, 0, 10, 0.00
1733855610, 5061283, 0, 39, 0, 0, 0.14%, 7, 0, 10, 0.00
1733855616, 5082966, 0, 39, 0, 0, 0.14%, 7, 0, 10, 0.00
1733855621, 5104736, 0, 39, 0, 0, 0.14%, 7, 0, 10, 0.00
1733855626, 5126528, 0, 39, 0, 0, 0.14%, 7, 0, 10, 0.00
1733855631, 5148175, 0, 39, 0, 0, 0.14%, 7, 0, 10, 0.00
1733855636, 5169887, 0, 39, 0, 0, 0.14%, 7, 0, 10, 0.00
1733855642, 5191598, 0, 39, 0, 0, 0.14%, 7, 0, 10, 0.00
1733855647, 5213262, 0, 39, 0, 0, 0.14%, 7, 0, 10, 0.00
1733855652, 5234988, 0, 39, 0, 0, 0.14%, 7, 0, 10, 0.00
1733855657, 5256678, 0, 39, 0, 0, 0.14%, 7, 0, 10, 0.00
1733855662, 5278392, 0, 39, 0, 0, 0.14%, 7, 0, 10, 0.00
1733855668, 5299992, 0, 39, 0, 0, 0.14%, 7, 0, 10, 0.00
1733855673, 5321706, 0, 39, 0, 0, 0.14%, 7, 0, 10, 0.00
1733855678, 5343405, 0, 39, 0, 0, 0.14%, 7, 0, 10, 0.00
1733855683, 5365097, 0, 39, 0, 0, 0.14%, 7, 0, 10, 0.00
1733855688, 5386667, 0, 39, 0, 0, 0.14%, 7, 0, 10, 0.00
1733855694, 5408435, 0, 39, 0, 0, 0.14%, 7, 0, 10, 0.00
1733855699, 5430118, 0, 39, 0, 0, 0.14%, 7, 0, 10, 0.00
1733855704, 5451746, 0, 39, 0, 0, 0.14%, 7, 0, 10, 0.00
1733855709, 5473475, 0, 39, 0, 0, 0.14%, 7, 0, 10, 0.00
1733855714, 5495168, 0, 39, 0, 0, 0.14%, 7, 0, 10, 0.00
1733855720, 5516890, 0, 39, 0, 0, 0.14%, 7, 0, 10, 0.00
1733855725, 5538589, 0, 39, 0, 0, 0.14%, 7, 0, 10, 0.00
1733855730, 5560187, 0, 39, 0, 0, 0.14%, 7, 0, 10, 0.00
1733855735, 5581779, 0, 39, 0, 0, 0.14%, 7, 0, 10, 0.00
1733855740, 5603427, 0, 39, 0, 0, 0.14%, 7, 0, 10, 0.00
1733855746, 5625124, 0, 39, 0, 0, 0.14%, 7, 0, 10, 0.00
1733855751, 5646939, 0, 39, 0, 0, 0.14%, 7, 0, 10, 0.00
1733855756, 5668641, 0, 39, 0, 0, 0.14%, 7, 0, 10, 0.00
1733855761, 5690246, 0, 39, 0, 0, 0.14%, 7, 0, 10, 0.00
1733855766, 5711905, 0, 39, 0, 0, 0.14%, 7, 0, 10, 0.00
1733855772, 5733657, 0, 39, 0, 0, 0.14%, 7, 0, 10, 0.00
1733855777, 5755366, 0, 39, 0, 0, 0.14%, 7, 0, 10, 0.00
1733855782, 5777098, 0, 39, 0, 0, 0.14%, 7, 0, 10, 0.00
1733855787, 5798773, 0, 39, 0, 0, 0.14%, 7, 0, 10, 0.00
1733855792, 5820386, 0, 39, 0, 0, 0.14%, 7, 0, 10, 0.00
1733855798, 5842086, 0, 39, 0, 0, 0.14%, 7, 0, 10, 0.00
1733855803, 5863816, 0, 39, 0, 0, 0.14%, 7, 0, 10, 0.00
1733855808, 5885480, 0, 39, 0, 0, 0.14%, 7, 0, 10, 0.00
1733855813, 5907143, 0, 39, 0, 0, 0.14%, 7, 0, 10, 0.00
1733855818, 5928836, 0, 39, 0, 0, 0.14%, 7, 0, 10, 0.00
1733855824, 5950544, 0, 39, 0, 0, 0.14%, 7, 0, 10, 0.00
1733855829, 5972250, 0, 39, 0, 0, 0.14%, 7, 0, 10, 0.00
1733855834, 5993995, 0, 39, 0, 0, 0.14%, 7, 0, 10, 0.00
1733855839, 6015709, 0, 39, 0, 0, 0.14%, 7, 0, 10, 0.00
1733855844, 6037248, 0, 39, 0, 0, 0.14%, 7, 0, 10, 0.00
1733855850, 6058910, 0, 39, 0, 0, 0.14%, 7, 0, 10, 0.00
1733855855, 6080634, 0, 39, 0, 0, 0.14%, 7, 0, 10, 0.00
1733855860, 6102389, 0, 39, 0, 0, 0.14%, 7, 0, 10, 0.00
1733855865, 6123968, 0, 39, 0, 0, 0.14%, 7, 0, 10, 0.00
1733855870, 6145736, 0, 39, 0, 0, 0.14%, 7, 0, 10, 0.00
1733855876, 6167505, 0, 39, 0, 0, 0.14%, 7, 0, 10, 0.00
1733855881, 6189227, 0, 39, 0, 0, 0.14%, 7, 0, 10, 0.00
1733855886, 6210863, 0, 39, 0, 0, 0.14%, 7, 0, 10, 0.00
1733855891, 6232502, 0, 39, 0, 0, 0.14%, 7, 0, 10, 0.00
1733855896, 6254110, 0, 39, 0, 0, 0.14%, 7, 0, 10, 0.00
1733855902, 6275818, 0, 39, 0, 0, 0.14%, 7, 0, 10, 0.00
1733855907, 6297555, 0, 39, 0, 0, 0.14%, 7, 0, 10, 0.00
1733855912, 6319230, 0, 39, 0, 0, 0.14%, 7, 0, 10, 0.00
1733855917, 6340908, 0, 39, 0, 0, 0.14%, 7, 0, 10, 0.00
1733855922, 6362551, 0, 39, 0, 0, 0.14%, 7, 0, 10, 0.00
1733855928, 6384132, 0, 39, 0, 0, 0.14%, 7, 0, 10, 0.00
1733855933, 6405690, 0, 39, 0, 0, 0.14%, 7, 0, 10, 0.00
1733855938, 6427343, 0, 39, 0, 0, 0.14%, 7, 0, 10, 0.00
1733855943, 6449055, 0, 39, 0, 0, 0.14%, 7, 0, 10, 0.00
1733855948, 6470787, 0, 39, 0, 0, 0.14%, 7, 0, 10, 0.00
1733855954, 6492413, 0, 39, 0, 0, 0.14%, 7, 0, 10, 0.00
1733855959, 6514108, 0, 39, 0, 0, 0.14%, 7, 0, 10, 0.00
1733855964, 6535910, 0, 39, 0, 0, 0.14%, 7, 0, 10, 0.00
1733855969, 6557555, 0, 39, 0, 0, 0.14%, 7, 0, 10, 0.00
1733855974, 6579238, 0, 39, 0, 0, 0.14%, 7, 0, 10, 0.00
1733855980, 6601016, 0, 39, 0, 0, 0.14%, 7, 0, 10, 0.00
1733855985, 6622637, 0, 39, 0, 0, 0.14%, 7, 0, 10, 0.00
1733855990, 6644310, 0, 39, 0, 0, 0.14%, 7, 0, 10, 0.00
1733855995, 6665940, 0, 39, 0, 0, 0.14%, 7, 0, 10, 0.00
1733856000, 6687540, 0, 39, 0, 0, 0.14%, 7, 0, 10, 0.00
1733856006, 6709259, 0, 39, 0, 0, 0.14%, 7, 0, 10, 0.00
1733856011, 6730858, 0, 39, 0, 0, 0.14%, 7, 0, 10, 0.00
1733856016, 6752534, 0, 39, 0, 0, 0.14%, 7, 0, 10, 0.00
1733856021, 6774278, 0, 39, 0, 0, 0.14%, 7, 0, 10, 0.00
1733856026, 6795846, 0, 39, 0, 0, 0.14%, 7, 0, 10, 0.00
1733856032, 6817600, 0, 39, 0, 0, 0.14%, 7, 0, 10, 0.00
1733856037, 6839244, 0, 39, 0, 0, 0.14%, 7, 0, 10, 0.00
1733856042, 6860960, 0, 39, 0, 0, 0.14%, 7, 0, 10, 0.00
1733856047, 6882666, 0, 39, 0, 0, 0.14%, 7, 0, 10, 0.00
1733856052, 6904179, 0, 39, 0, 0, 0.14%, 7, 0, 10, 0.00
1733856058, 6925874, 0, 39, 0, 0, 0.14%, 7, 0, 10, 0.00
1733856063, 6947503, 0, 39, 0, 0, 0.14%, 7, 0, 10, 0.00
1733856068, 6969143, 0, 39, 0, 0, 0.14%, 7, 0, 10, 0.00
1733856073, 6990941, 0, 39, 0, 0, 0.14%, 7, 0, 10, 0.00
1733856078, 7012639, 0, 39, 0, 0, 0.14%, 7, 0, 10, 0.00
1733856084, 7034270, 0, 39, 0, 0, 0.14%, 7, 0, 10, 0.00
1733856089, 7055905, 0, 39, 0, 0, 0.14%, 7, 0, 10, 0.00
1733856094, 7077702, 0, 39, 0, 0, 0.14%, 7, 0, 10, 0.00
1733856099, 7099338, 0, 39, 0, 0, 0.14%, 7, 0, 10, 0.00
1733856104, 7121087, 0, 39, 0, 0, 0.14%, 7, 0, 10, 0.00
1733856110, 7142825, 0, 39, 0, 0, 0.14%, 7, 0, 10, 0.00
1733856115, 7164422, 0, 39, 0, 0, 0.14%, 7, 0, 10, 0.00
1733856120, 7186106, 0, 39, 0, 0, 0.14%, 7, 0, 10, 0.00
1733856125, 7207819, 0, 39, 0, 0, 0.14%, 7, 0, 10, 0.00
1733856130, 7229491, 0, 39, 0, 0, 0.14%, 7, 0, 10, 0.00
1733856136, 7251189, 0, 39, 0, 0, 0.14%, 7, 0, 10, 0.00
1733856141, 7272899, 0, 39, 0, 0, 0.14%, 7, 0, 10, 0.00
1733856146, 7294531, 0, 39, 0, 0, 0.14%, 7, 0, 10, 0.00
1733856151, 7316213, 0, 39, 0, 0, 0.14%, 7, 0, 10, 0.00
1733856156, 7337824, 0, 39, 0, 0, 0.14%, 7, 0, 10, 0.00
1733856162, 7359457, 0, 39, 0, 0, 0.14%, 7, 0, 10, 0.00
1733856167, 7381095, 0, 39, 0, 0, 0.14%, 7, 0, 10, 0.00
1733856172, 7402761, 0, 39, 0, 0, 0.14%, 7, 0, 10, 0.00
1733856177, 7424439, 0, 39, 0, 0, 0.14%, 7, 0, 10, 0.00
1733856182, 7446103, 0, 39, 0, 0, 0.14%, 7, 0, 10, 0.00
1733856188, 7467822, 0, 39, 0, 0, 0.14%, 7, 0, 10, 0.00
1733856193, 7489369, 0, 39, 0, 0, 0.14%, 7, 0, 10, 0.00
1733856198, 7511019, 0, 39, 0, 0, 0.14%, 7, 0, 10, 0.00
1733856203, 7532743, 0, 39, 0, 0, 0.14%, 7, 0, 10, 0.00
1733856208, 7554311, 0, 39, 0, 0, 0.14%, 7, 0, 10, 0.00
1733856214, 7576041, 0, 39, 0, 0, 0.14%, 7, 0, 10, 0.00
1733856219, 7597647, 0, 39, 0, 0, 0.14%, 7, 0, 10, 0.00
1733856224, 7619485, 0, 39, 0, 0, 0.14%, 7, 0, 10, 0.00
1733856229, 7641239, 0, 39, 0, 0, 0.14%, 7, 0, 10, 0.00
1733856234, 7662848, 0, 39, 0, 0, 0.14%, 7, 0, 10, 0.00
1733856240, 7684506, 0, 39, 0, 0, 0.14%, 7, 0, 10, 0.00
1733856245, 7706323, 0, 39, 0, 0, 0.14%, 7, 0, 10, 0.00
1733856250, 7727986, 0, 39, 0, 0, 0.14%, 7, 0, 10, 0.00
1733856255, 7749712, 0, 39, 0, 0, 0.14%, 7, 0, 10, 0.00
1733856260, 7771385, 0, 39, 0, 0, 0.14%, 7, 0, 10, 0.00
1733856266, 7793061, 0, 39, 0, 0, 0.14%, 7, 0, 10, 0.00
1733856271, 7814677, 0, 39, 0, 0, 0.14%, 7, 0, 10, 0.00
1733856276, 7836282, 0, 39, 0, 0, 0.14%, 7, 0, 10, 0.00
1733856281, 7857937, 0, 39, 0, 0, 0.14%, 7, 0, 10, 0.00
1733856286, 7879615, 0, 39, 0, 0, 0.14%, 7, 0, 10, 0.00
1733856292, 7901221, 0, 39, 0, 0, 0.14%, 7, 0, 10, 0.00
1733856297, 7922877, 0, 39, 0, 0, 0.14%, 7, 0, 10, 0.00
1733856302, 7944548, 0, 39, 0, 0, 0.14%, 7, 0, 10, 0.00
1733856307, 7966231, 0, 39, 0, 0, 0.14%, 7, 0, 10, 0.00
1733856312, 7987922, 0, 39, 0, 0, 0.14%, 7, 0, 10, 0.00
1733856318, 8009572, 0, 39, 0, 0, 0.14%, 7, 0, 10, 0.00
1733856323, 8031278, 0, 39, 0, 0, 0.14%, 7, 0, 10, 0.00
1733856328, 8052902, 0, 39, 0, 0, 0.14%, 7, 0, 10, 0.00
1733856333, 8074589, 0, 39, 0, 0, 0.14%, 7, 0, 10, 0.00
1733856338, 8096209, 0, 39, 0, 0, 0.14%, 7, 0, 10, 0.00
1733856344, 8117949, 0, 39, 0, 0, 0.14%, 7, 0, 10, 0.00
1733856349, 8139493, 0, 39, 0, 0, 0.14%, 7, 0, 10, 0.00
1733856354, 8161234, 0, 39, 0, 0, 0.14%, 7, 0, 10, 0.00
1733856359, 8182934, 0, 39, 0, 0, 0.14%, 7, 0, 10, 0.00
1733856364, 8204680, 0, 39, 0, 0, 0.14%, 7, 0, 10, 0.00
1733856370, 8226338, 0, 39, 0, 0, 0.14%, 7, 0, 10, 0.00
1733856375, 8247915, 0, 39, 0, 0, 0.14%, 7, 0, 10, 0.00
1733856380, 8269681, 0, 39, 0, 0, 0.14%, 7, 0, 10, 0.00
1733856385, 8291369, 0, 39, 0, 0, 0.14%, 7, 0, 10, 0.00
1733856390, 8313065, 0, 39, 0, 0, 0.14%, 7, 0, 10, 0.00
1733856396, 8334767, 0, 39, 0, 0, 0.14%, 7, 0, 10, 0.00
1733856401, 8356381, 0, 39, 0, 0, 0.14%, 7, 0, 10, 0.00
1733856406, 8377967, 0, 39, 0, 0, 0.14%, 7, 0, 10, 0.00
1733856411, 8399594, 0, 39, 0, 0, 0.14%, 7, 0, 10, 0.00
1733856416, 8421339, 0, 39, 0, 0, 0.14%, 7, 0, 10, 0.00
1733856422, 8443000, 0, 39, 0, 0, 0.14%, 7, 0, 10, 0.00
1733856427, 8464569, 0, 39, 0, 0, 0.14%, 7, 0, 10, 0.00
1733856432, 8486209, 0, 39, 0, 0, 0.14%, 7, 0, 10, 0.00
1733856437, 8507942, 0, 39, 0, 0, 0.14%, 7, 0, 10, 0.00
1733856442, 8529636, 0, 39, 0, 0, 0.14%, 7, 0, 10, 0.00
1733856448, 8551275, 0, 39, 0, 0, 0.14%, 7, 0, 10, 0.00
1733856453, 8573046, 0, 39, 0, 0, 0.14%, 7, 0, 10, 0.00
1733856458, 8594809, 0, 39, 0, 0, 0.14%, 7, 0, 10, 0.00
1733856463, 8616473, 0, 39, 0, 0, 0.14%, 7, 0, 10, 0.00
1733856468, 8638021, 0, 39, 0, 0, 0.14%, 7, 0, 10, 0.00
1733856474, 8659705, 0, 39, 0, 0, 0.14%, 7, 0, 10, 0.00
1733856479, 8681437, 0, 39, 0, 0, 0.14%, 7, 0, 10, 0.00
1733856484, 8703103, 0, 39, 0, 0, 0.14%, 7, 0, 10, 0.00
1733856489, 8724741, 0, 39, 0, 0, 0.14%, 7, 0, 10, 0.00
1733856494, 8746457, 0, 39, 0, 0, 0.14%, 7, 0, 10, 0.00
1733856500, 8768221, 0, 39, 0, 0, 0.14%, 7, 0, 10, 0.00
1733856505, 8789913, 0, 39, 0, 0, 0.14%, 7, 0, 10, 0.00
1733856510, 8811562, 0, 39, 0, 0, 0.14%, 7, 0, 10, 0.00
1733856515, 8833214, 0, 39, 0, 0, 0.14%, 7, 0, 10, 0.00
1733856520, 8854857, 0, 39, 0, 0, 0.14%, 7, 0, 10, 0.00
1733856526, 8876573, 0, 39, 0, 0, 0.14%, 7, 0, 10, 0.00
1733856531, 8898230, 0, 39, 0, 0, 0.14%, 7, 0, 10, 0.00
1733856536, 8919921, 0, 39, 0, 0, 0.14%, 7, 0, 10, 0.00
1733856541, 8941646, 0, 39, 0, 0, 0.14%, 7, 0, 10, 0.00
1733856546, 8963322, 0, 39, 0, 0, 0.14%, 7, 0, 10, 0.00
1733856552, 8984962, 0, 39, 0, 0, 0.14%, 7, 0, 10, 0.00
1733856557, 9006716, 0, 39, 0, 0, 0.14%, 7, 0, 10, 0.00
1733856562, 9028468, 0, 39, 0, 0, 0.14%, 7, 0, 10, 0.00
1733856567, 9050087, 0, 39, 0, 0, 0.14%, 7, 0, 10, 0.00
1733856572, 9071685, 0, 39, 0, 0, 0.14%, 7, 0, 10, 0.00
1733856578, 9093336, 0, 39, 0, 0, 0.14%, 7, 0, 10, 0.00
1733856583, 9115027, 0, 39, 0, 0, 0.14%, 7, 0, 10, 0.00
1733856588, 9136741, 0, 39, 0, 0, 0.14%, 7, 0, 10, 0.00
1733856593, 9158408, 0, 39, 0, 0, 0.14%, 7, 0, 10, 0.00
1733856598, 9180106, 0, 39, 0, 0, 0.14%, 7, 0, 10, 0.00
1733856604, 9201809, 0, 39, 0, 0, 0.14%, 7, 0, 10, 0.00
1733856609, 9223509, 0, 39, 0, 0, 0.14%, 7, 0, 10, 0.00
1733856614, 9245329, 0, 39, 0, 0, 0.14%, 7, 0, 10, 0.00
1733856619, 9266948, 0, 39, 0, 0, 0.14%, 7, 0, 10, 0.00
1733856624, 9288687, 0, 39, 0, 0, 0.14%, 7, 0, 10, 0.00
1733856630, 9310437, 0, 39, 0, 0, 0.14%, 7, 0, 10, 0.00
1733856635, 9332001, 0, 39, 0, 0, 0.14%, 7, 0, 10, 0.00
1733856640, 9353670, 0, 39, 0, 0, 0.14%, 7, 0, 10, 0.00
1733856645, 9375308, 0, 39, 0, 0, 0.14%, 7, 0, 10, 0.00
1733856650, 9396968, 0, 39, 0, 0, 0.14%, 7, 0, 10, 0.00
1733856656, 9418672, 0, 39, 0, 0, 0.14%, 7, 0, 10, 0.00
1733856661, 9440307, 0, 39, 0, 0, 0.14%, 7, 0, 10, 0.00
1733856666, 9462001, 0, 39, 0, 0, 0.14%, 7, 0, 10, 0.00
1733856671, 9483511, 0, 39, 0, 0, 0.14%, 7, 0, 10, 0.00
1733856676, 9505215, 0, 39, 0, 0, 0.14%, 7, 0, 10, 0.00
1733856682, 9527059, 0, 39, 0, 0, 0.14%, 7, 0, 10, 0.00
1733856687, 9548763, 0, 39, 0, 0, 0.14%, 7, 0, 10, 0.00
1733856692, 9570425, 0, 39, 0, 0, 0.14%, 7, 0, 10, 0.00
1733856697, 9592117, 0, 39, 0, 0, 0.14%, 7, 0, 10, 0.00
1733856702, 9613701, 0, 39, 0, 0, 0.14%, 7, 0, 10, 0.00
1733856708, 9635259, 0, 39, 0, 0, 0.14%, 7, 0, 10, 0.00
1733856713, 9656878, 0, 39, 0, 0, 0.14%, 7, 0, 10, 0.00
1733856718, 9678520, 0, 39, 0, 0, 0.14%, 7, 0, 10, 0.00
1733856723, 9700254, 0, 39, 0, 0, 0.14%, 7, 0, 10, 0.00
1733856728, 9721828, 0, 39, 0, 0, 0.14%, 7, 0, 10, 0.00
1733856734, 9743495, 0, 39, 0, 0, 0.14%, 7, 0, 10, 0.00
1733856739, 9765189, 0, 39, 0, 0, 0.14%, 7, 0, 10, 0.00
1733856744, 9786912, 0, 39, 0, 0, 0.14%, 7, 0, 10, 0.00
1733856749, 9808534, 0, 39, 0, 0, 0.14%, 7, 0, 10, 0.00
1733856754, 9830234, 0, 39, 0, 0, 0.14%, 7, 0, 10, 0.00
1733856760, 9851985, 0, 39, 0, 0, 0.14%, 7, 0, 10, 0.00
1733856765, 9873537, 0, 39, 0, 0, 0.14%, 7, 0, 10, 0.00
1733856770, 9895289, 0, 39, 0, 0, 0.14%, 7, 0, 10, 0.00
1733856775, 9917039, 0, 39, 0, 0, 0.14%, 7, 0, 10, 0.00
1733856780, 9938715, 0, 39, 0, 0, 0.14%, 7, 0, 10, 0.00
1733856786, 9960440, 0, 39, 0, 0, 0.14%, 7, 0, 10, 0.00
1733856791, 9982183, 0, 39, 0, 0, 0.14%, 7, 0, 10, 0.00
1733856796, 10003881, 0, 39, 0, 0, 0.14%, 7, 0, 10, 0.00
1733856801, 10025535, 0, 39, 0, 0, 0.14%, 7, 0, 10, 0.00
1733856806, 10047172, 0, 39, 0, 0, 0.14%, 7, 0, 10, 0.00
1733856812, 10068860, 0, 39, 0, 0, 0.14%, 7, 0, 10, 0.00
1733856817, 10090521, 0, 39, 0, 0, 0.14%, 7, 0, 10, 0.00
1733856822, 10112231, 0, 39, 0, 0, 0.14%, 7, 0, 10, 0.00
1733856827, 10133855, 0, 39, 0, 0, 0.14%, 7, 0, 10, 0.00
1733856832, 10155491, 0, 39, 0, 0, 0.14%, 7, 0, 10, 0.00
1733856838, 10177188, 0, 39, 0, 0, 0.14%, 7, 0, 10, 0.00
1733856843, 10198892, 0, 39, 0, 0, 0.14%, 7, 0, 10, 0.00
1733856848, 10220572, 0, 39, 0, 0, 0.14%, 7, 0, 10, 0.00
1733856853, 10242221, 0, 39, 0, 0, 0.14%, 7, 0, 10, 0.00
1733856858, 10263822, 0, 39, 0, 0, 0.14%, 7, 0, 10, 0.00
1733856864, 10285404, 0, 39, 0, 0, 0.14%, 7, 0, 10, 0.00
1733856869, 10307061, 0, 39, 0, 0, 0.14%, 7, 0, 10, 0.00
1733856874, 10328756, 0, 39, 0, 0, 0.14%, 7, 0, 10, 0.00
1733856879, 10350431, 0, 39, 0, 0, 0.14%, 7, 0, 10, 0.00
1733856884, 10372065, 0, 39, 0, 0, 0.14%, 7, 0, 10, 0.00
1733856890, 10393762, 0, 39, 0, 0, 0.14%, 7, 0, 10, 0.00
1733856895, 10415402, 0, 39, 0, 0, 0.14%, 7, 0, 10, 0.00
1733856900, 10437080, 0, 39, 0, 0, 0.14%, 7, 0, 10, 0.00
1733856905, 10458813, 0, 39, 0, 0, 0.14%, 7, 0, 10, 0.00
1733856910, 10480485, 0, 39, 0, 0, 0.14%, 7, 0, 10, 0.00
1733856916, 10502126, 0, 39, 0, 0, 0.14%, 7, 0, 10, 0.00
1733856921, 10523719, 0, 39, 0, 0, 0.14%, 7, 0, 10, 0.00
1733856926, 10545599, 0, 39, 0, 0, 0.14%, 7, 0, 10, 0.00
1733856931, 10567211, 0, 39, 0, 0, 0.14%, 7, 0, 10, 0.00
1733856936, 10588926, 0, 39, 0, 0, 0.14%, 7, 0, 10, 0.00
1733856942, 10610603, 0, 39, 0, 0, 0.14%, 7, 0, 10, 0.00
1733856947, 10632276, 0, 39, 0, 0, 0.14%, 7, 0, 10, 0.00
1733856952, 10653942, 0, 39, 0, 0, 0.14%, 7, 0, 10, 0.00
1733856957, 10675541, 0, 39, 0, 0, 0.14%, 7, 0, 10, 0.00
1733856962, 10697236, 0, 39, 0, 0, 0.14%, 7, 0, 10, 0.00
1733856968, 10718960, 0, 39, 0, 0, 0.14%, 7, 0, 10, 0.00
1733856973, 10740706, 0, 39, 0, 0, 0.14%, 7, 0, 10, 0.00
1733856978, 10762320, 0, 39, 0, 0, 0.14%, 7, 0, 10, 0.00
1733856983, 10784017, 0, 39, 0, 0, 0.14%, 7, 0, 10, 0.00
1733856988, 10805729, 0, 39, 0, 0, 0.14%, 7, 0, 10, 0.00
1733856994, 10827418, 0, 39, 0, 0, 0.14%, 7, 0, 10, 0.00
1733856999, 10849123, 0, 39, 0, 0, 0.14%, 7, 0, 10, 0.00
1733857004, 10870852, 0, 39, 0, 0, 0.14%, 7, 0, 10, 0.00
1733857009, 10892447, 0, 39, 0, 0, 0.14%, 7, 0, 10, 0.00
1733857014, 10914263, 0, 39, 0, 0, 0.14%, 7, 0, 10, 0.00
1733857020, 10935946, 0, 39, 0, 0, 0.14%, 7, 0, 10, 0.00
1733857025, 10957621, 0, 39, 0, 0, 0.14%, 7, 0, 10, 0.00
1733857030, 10979440, 0, 39, 0, 0, 0.14%, 7, 0, 10, 0.00
1733857035, 11001047, 0, 39, 0, 0, 0.14%, 7, 0, 10, 0.00
1733857040, 11022739, 0, 39, 0, 0, 0.14%, 7, 0, 10, 0.00
1733857046, 11044347, 0, 39, 0, 0, 0.14%, 7, 0, 10, 0.00
1733857051, 11065913, 0, 39, 0, 0, 0.14%, 7, 0, 10, 0.00
1733857056, 11087570, 0, 39, 0, 0, 0.14%, 7, 0, 10, 0.00
1733857061, 11109067, 0, 39, 0, 0, 0.14%, 7, 0, 10, 0.00
1733857066, 11130617, 0, 39, 0, 0, 0.14%, 7, 0, 10, 0.00
1733857072, 11152284, 0, 39, 0, 0, 0.14%, 7, 0, 10, 0.00
1733857077, 11173879, 0, 39, 0, 0, 0.14%, 7, 0, 10, 0.00
1733857082, 11195604, 0, 39, 0, 0, 0.14%, 7, 0, 10, 0.00
1733857087, 11217279, 0, 39, 0, 0, 0.14%, 7, 0, 10, 0.00
1733857092, 11239035, 0, 39, 0, 0, 0.14%, 7, 0, 10, 0.00
1733857098, 11260755, 0, 39, 0, 0, 0.14%, 7, 0, 10, 0.00
1733857103, 11282294, 0, 39, 0, 0, 0.14%, 7, 0, 10, 0.00
1733857108, 11303885, 0, 39, 0, 0, 0.14%, 7, 0, 10, 0.00
1733857113, 11325587, 0, 39, 0, 0, 0.14%, 7, 0, 10, 0.00
1733857118, 11347258, 0, 39, 0, 0, 0.14%, 7, 0, 10, 0.00
1733857124, 11368954, 0, 39, 0, 0, 0.14%, 7, 0, 10, 0.00
1733857129, 11390594, 0, 39, 0, 0, 0.14%, 7, 0, 10, 0.00
1733857134, 11412371, 0, 39, 0, 0, 0.14%, 7, 0, 10, 0.00
1733857139, 11434088, 0, 39, 0, 0, 0.14%, 7, 0, 10, 0.00
1733857144, 11455702, 0, 39, 0, 0, 0.14%, 7, 0, 10, 0.00
1733857150, 11477335, 0, 39, 0, 0, 0.14%, 7, 0, 10, 0.00
1733857155, 11498964, 0, 39, 0, 0, 0.14%, 7, 0, 10, 0.00
1733857160, 11520725, 0, 39, 0, 0, 0.14%, 7, 0, 10, 0.00
1733857165, 11542312, 0, 39, 0, 0, 0.14%, 7, 0, 10, 0.00
1733857170, 11563988, 0, 39, 0, 0, 0.14%, 7, 0, 10, 0.00
1733857176, 11585573, 0, 39, 0, 0, 0.14%, 7, 0, 10, 0.00
1733857181, 11607256, 0, 39, 0, 0, 0.14%, 7, 0, 10, 0.00
1733857186, 11628868, 0, 39, 0, 0, 0.14%, 7, 0, 10, 0.00
1733857191, 11650462, 0, 39, 0, 0, 0.14%, 7, 0, 10, 0.00
1733857196, 11672154, 0, 39, 0, 0, 0.14%, 7, 0, 10, 0.00
1733857202, 11693880, 0, 39, 0, 0, 0.14%, 7, 0, 10, 0.00
1733857207, 11715689, 0, 39, 0, 0, 0.14%, 7, 0, 10, 0.00
1733857212, 11737492, 0, 39, 0, 0, 0.14%, 7, 0, 10, 0.00
1733857217, 11759239, 0, 39, 0, 0, 0.14%, 7, 0, 10, 0.00
1733857222, 11780900, 0, 39, 0, 0, 0.14%, 7, 0, 10, 0.00
1733857228, 11802455, 0, 39, 0, 0, 0.14%, 7, 0, 10, 0.00
1733857233, 11824251, 0, 39, 0, 0, 0.14%, 7, 0, 10, 0.00
1733857238, 11845890, 0, 39, 0, 0, 0.14%, 7, 0, 10, 0.00
1733857243, 11867500, 0, 39, 0, 0, 0.14%, 7, 0, 10, 0.00
1733857248, 11889149, 0, 39, 0, 0, 0.14%, 7, 0, 10, 0.00
1733857254, 11910829, 0, 39, 0, 0, 0.14%, 7, 0, 10, 0.00
1733857259, 11932506, 0, 39, 0, 0, 0.14%, 7, 0, 10, 0.00
1733857264, 11954217, 0, 39, 0, 0, 0.14%, 7, 0, 10, 0.00
1733857269, 11975918, 0, 39, 0, 0, 0.14%, 7, 0, 10, 0.00
1733857274, 11997589, 0, 39, 0, 0, 0.14%, 7, 0, 10, 0.00
1733857280, 12019280, 0, 39, 0, 0, 0.14%, 7, 0, 10, 0.00
1733857285, 12040926, 0, 39, 0, 0, 0.14%, 7, 0, 10, 0.00
1733857290, 12062608, 0, 39, 0, 0, 0.14%, 7, 0, 10, 0.00
1733857295, 12084366, 0, 39, 0, 0, 0.14%, 7, 0, 10, 0.00
1733857300, 12106082, 0, 39, 0, 0, 0.14%, 7, 0, 10, 0.00
1733857306, 12127701, 0, 39, 0, 0, 0.14%, 7, 0, 10, 0.00
1733857311, 12149355, 0, 39, 0, 0, 0.14%, 7, 0, 10, 0.00
1733857316, 12171140, 0, 39, 0, 0, 0.14%, 7, 0, 10, 0.00
1733857321, 12192765, 0, 39, 0, 0, 0.14%, 7, 0, 10, 0.00
1733857326, 12214380, 0, 39, 0, 0, 0.14%, 7, 0, 10, 0.00
1733857332, 12235987, 0, 39, 0, 0, 0.14%, 7, 0, 10, 0.00
1733857337, 12257560, 0, 39, 0, 0, 0.14%, 7, 0, 10, 0.00
1733857342, 12279231, 0, 39, 0, 0, 0.14%, 7, 0, 10, 0.00
1733857347, 12300876, 0, 39, 0, 0, 0.14%, 7, 0, 10, 0.00
1733857352, 12322498, 0, 39, 0, 0, 0.14%, 7, 0, 10, 0.00
1733857358, 12344119, 0, 39, 0, 0, 0.14%, 7, 0, 10, 0.00
1733857363, 12365826, 0, 39, 0, 0, 0.14%, 7, 0, 10, 0.00
1733857368, 12387523, 0, 39, 0, 0, 0.14%, 7, 0, 10, 0.00
1733857373, 12409218, 0, 39, 0, 0, 0.14%, 7, 0, 10, 0.00
