# unix_time, cycles_done, cur_path, paths_total, pending_total, pending_favs, map_size, unique_crashes, unique_hangs, max_depth, execs_per_sec
1735396077, 0, 0, 10, 10, 1, 0.01%, 0, 0, 1, 37.16
1735396082, 0, 3, 10, 10, 1, 0.01%, 0, 0, 1, 37.15
1735396097, 1, 0, 10, 3, 0, 0.01%, 0, 0, 1, 43.49
1735396102, 1, 1, 10, 2, 0, 0.01%, 0, 0, 1, 45.37
1735396107, 1, 2, 10, 1, 0, 0.01%, 0, 0, 1, 44.55
1735396113, 1, 3, 10, 0, 0, 0.01%, 0, 0, 1, 45.85
1735396123, 1, 4, 10, 0, 0, 0.01%, 0, 0, 1, 45.37
1735396128, 1, 5, 10, 0, 0, 0.01%, 0, 0, 1, 45.03
1735396133, 1, 6, 10, 0, 0, 0.01%, 0, 0, 1, 47.39
1735396138, 1, 7, 10, 0, 0, 0.01%, 0, 0, 1, 45.07
1735396143, 1, 8, 10, 0, 0, 0.01%, 0, 0, 1, 45.41
1735396148, 1, 9, 10, 0, 0, 0.01%, 0, 0, 1, 47.24
1735396153, 2, 0, 10, 0, 0, 0.01%, 0, 0, 1, 46.32
1735396158, 2, 1, 10, 0, 0, 0.01%, 0, 0, 1, 45.39
1735396163, 2, 2, 10, 0, 0, 0.01%, 0, 0, 1, 48.06
1735396168, 2, 3, 10, 0, 0, 0.01%, 0, 0, 1, 46.28
1735396179, 2, 4, 10, 0, 0, 0.01%, 0, 0, 1, 44.35
1735396184, 2, 5, 10, 0, 0, 0.01%, 0, 0, 1, 47.09
1735396189, 2, 6, 10, 0, 0, 0.01%, 0, 0, 1, 45.52
1735396194, 2, 7, 10, 0, 0, 0.01%, 0, 0, 1, 46.23
1735396199, 2, 8, 10, 0, 0, 0.01%, 0, 0, 1, 48.27
1735396204, 2, 9, 10, 0, 0, 0.01%, 0, 0, 1, 47.59
1735396209, 3, 0, 10, 0, 0, 0.01%, 0, 0, 1, 45.26
1735396214, 3, 1, 10, 0, 0, 0.01%, 0, 0, 1, 45.04
1735396219, 3, 2, 10, 0, 0, 0.01%, 0, 0, 1, 45.67
1735396224, 3, 3, 10, 0, 0, 0.01%, 0, 0, 1, 45.00
1735396235, 3, 4, 10, 0, 0, 0.01%, 0, 0, 1, 46.06
1735396240, 3, 5, 10, 0, 0, 0.01%, 0, 0, 1, 44.68
1735396245, 3, 6, 10, 0, 0, 0.01%, 0, 0, 1, 44.51
1735396250, 3, 7, 10, 0, 0, 0.01%, 0, 0, 1, 44.83
1735396255, 3, 8, 10, 0, 0, 0.01%, 0, 0, 1, 45.84
1735396260, 3, 9, 10, 0, 0, 0.01%, 0, 0, 1, 45.93
1735396265, 4, 0, 10, 0, 0, 0.01%, 0, 0, 1, 46.66
1735396270, 4, 1, 10, 0, 0, 0.01%, 0, 0, 1, 45.90
1735396275, 4, 2, 10, 0, 0, 0.01%, 0, 0, 1, 49.79
1735396280, 4, 3, 10, 0, 0, 0.01%, 0, 0, 1, 45.77
1735396291, 4, 4, 10, 0, 0, 0.01%, 0, 0, 1, 45.34
1735396296, 4, 5, 10, 0, 0, 0.01%, 0, 0, 1, 46.07
1735396301, 4, 6, 10, 0, 0, 0.01%, 0, 0, 1, 42.97
1735396306, 4, 7, 10, 0, 0, 0.01%, 0, 0, 1, 48.59
1735396311, 4, 8, 10, 0, 0, 0.01%, 0, 0, 1, 44.46
1735396316, 4, 9, 10, 0, 0, 0.01%, 0, 0, 1, 45.14
1735396321, 5, 0, 10, 0, 0, 0.01%, 0, 0, 1, 42.69
1735396326, 5, 1, 10, 0, 0, 0.01%, 0, 0, 1, 45.91
1735396336, 5, 2, 10, 0, 0, 0.01%, 0, 0, 1, 47.98
1735396341, 5, 3, 10, 0, 0, 0.01%, 0, 0, 1, 46.15
1735396346, 5, 4, 10, 0, 0, 0.01%, 0, 0, 1, 47.54
1735396351, 5, 5, 10, 0, 0, 0.01%, 0, 0, 1, 44.71
1735396357, 5, 6, 10, 0, 0, 0.01%, 0, 0, 1, 48.06
1735396362, 5, 7, 10, 0, 0, 0.01%, 0, 0, 1, 46.06
1735396367, 5, 8, 10, 0, 0, 0.01%, 0, 0, 1, 45.72
1735396372, 5, 9, 10, 0, 0, 0.01%, 0, 0, 1, 47.91
1735396377, 6, 0, 10, 0, 0, 0.01%, 0, 0, 1, 45.01
1735396382, 6, 1, 10, 0, 0, 0.01%, 0, 0, 1, 47.79
1735396387, 6, 2, 10, 0, 0, 0.01%, 0, 0, 1, 45.14
1735396397, 6, 3, 10, 0, 0, 0.01%, 0, 0, 1, 45.12
1735396402, 6, 4, 10, 0, 0, 0.01%, 0, 0, 1, 46.07
1735396407, 6, 5, 10, 0, 0, 0.01%, 0, 0, 1, 44.75
1735396412, 6, 6, 10, 0, 0, 0.01%, 0, 0, 1, 46.98
1735396417, 6, 7, 10, 0, 0, 0.01%, 0, 0, 1, 45.10
1735396423, 6, 8, 10, 0, 0, 0.01%, 0, 0, 1, 47.54
1735396428, 6, 9, 10, 0, 0, 0.01%, 0, 0, 1, 45.49
1735396433, 7, 0, 10, 0, 0, 0.01%, 0, 0, 1, 46.30
1735396438, 7, 1, 10, 0, 0, 0.01%, 0, 0, 1, 44.02
1735396443, 7, 2, 10, 0, 0, 0.01%, 0, 0, 1, 45.89
1735396453, 7, 3, 10, 0, 0, 0.01%, 0, 0, 1, 44.13
1735396458, 7, 4, 10, 0, 0, 0.01%, 0, 0, 1, 45.58
1735396463, 7, 5, 10, 0, 0, 0.01%, 0, 0, 1, 46.95
1735396468, 7, 6, 10, 0, 0, 0.01%, 0, 0, 1, 45.82
1735396473, 7, 7, 10, 0, 0, 0.01%, 0, 0, 1, 46.95
1735396478, 7, 8, 10, 0, 0, 0.01%, 0, 0, 1, 44.23
1735396484, 7, 9, 10, 0, 0, 0.01%, 0, 0, 1, 46.92
1735396489, 8, 0, 10, 0, 0, 0.01%, 0, 0, 1, 45.20
1735396494, 8, 1, 10, 0, 0, 0.01%, 0, 0, 1, 47.23
1735396504, 8, 2, 10, 0, 0, 0.01%, 0, 0, 1, 43.23
1735396509, 8, 3, 10, 0, 0, 0.01%, 0, 0, 1, 44.00
1735396514, 8, 4, 10, 0, 0, 0.01%, 0, 0, 1, 45.31
1735396519, 8, 5, 10, 0, 0, 0.01%, 0, 0, 1, 45.86
1735396524, 8, 6, 10, 0, 0, 0.01%, 0, 0, 1, 44.37
1735396529, 8, 7, 10, 0, 0, 0.01%, 0, 0, 1, 43.79
1735396534, 8, 8, 10, 0, 0, 0.01%, 0, 0, 1, 45.96
1735396539, 8, 9, 10, 0, 0, 0.01%, 0, 0, 1, 46.46
1735396549, 9, 0, 10, 0, 0, 0.01%, 0, 0, 1, 45.73
1735396555, 9, 1, 10, 0, 0, 0.01%, 0, 0, 1, 46.05
1735396560, 9, 2, 10, 0, 0, 0.01%, 0, 0, 1, 45.26
1735396565, 9, 3, 10, 0, 0, 0.01%, 0, 0, 1, 44.13
1735396570, 9, 4, 10, 0, 0, 0.01%, 0, 0, 1, 46.03
1735396575, 9, 5, 10, 0, 0, 0.01%, 0, 0, 1, 43.56
1735396580, 9, 6, 10, 0, 0, 0.01%, 0, 0, 1, 45.00
1735396585, 9, 7, 10, 0, 0, 0.01%, 0, 0, 1, 43.88
1735396595, 9, 8, 10, 0, 0, 0.01%, 0, 0, 1, 45.09
1735396600, 9, 9, 10, 0, 0, 0.01%, 0, 0, 1, 44.85
1735396605, 10, 0, 10, 0, 0, 0.01%, 0, 0, 1, 43.49
1735396610, 10, 1, 10, 0, 0, 0.01%, 0, 0, 1, 45.09
1735396616, 10, 2, 10, 0, 0, 0.01%, 0, 0, 1, 43.87
1735396621, 10, 3, 10, 0, 0, 0.01%, 0, 0, 1, 45.04
1735396626, 10, 4, 10, 0, 0, 0.01%, 0, 0, 1, 45.32
1735396631, 10, 5, 10, 0, 0, 0.01%, 0, 0, 1, 44.89
1735396636, 10, 6, 10, 0, 0, 0.01%, 0, 0, 1, 43.42
1735396646, 10, 7, 10, 0, 0, 0.01%, 0, 0, 1, 43.47
1735396651, 10, 8, 10, 0, 0, 0.01%, 0, 0, 1, 46.40
1735396656, 10, 9, 10, 0, 0, 0.01%, 0, 0, 1, 42.47
1735396661, 11, 0, 10, 0, 0, 0.01%, 0, 0, 1, 44.21
1735396666, 11, 1, 10, 0, 0, 0.01%, 0, 0, 1, 44.83
1735396671, 11, 2, 10, 0, 0, 0.01%, 0, 0, 1, 45.98
1735396676, 11, 3, 10, 0, 0, 0.01%, 0, 0, 1, 45.69
1735396682, 11, 4, 10, 0, 0, 0.01%, 0, 0, 1, 49.03
1735396687, 11, 5, 10, 0, 0, 0.01%, 0, 0, 1, 47.34
1735396692, 11, 6, 10, 0, 0, 0.01%, 0, 0, 1, 49.04
1735396697, 11, 7, 10, 0, 0, 0.01%, 0, 0, 1, 45.26
1735396702, 11, 8, 10, 0, 0, 0.01%, 0, 0, 1, 48.92
1735396712, 11, 9, 10, 0, 0, 0.01%, 0, 0, 1, 48.57
1735396717, 12, 0, 10, 0, 0, 0.01%, 0, 0, 1, 47.23
1735396722, 12, 1, 10, 0, 0, 0.01%, 0, 0, 1, 47.09
1735396727, 12, 2, 10, 0, 0, 0.01%, 0, 0, 1, 48.21
1735396732, 12, 3, 10, 0, 0, 0.01%, 0, 0, 1, 46.37
1735396737, 12, 4, 10, 0, 0, 0.01%, 0, 0, 1, 45.49
1735396743, 12, 5, 10, 0, 0, 0.01%, 0, 0, 1, 46.63
1735396748, 12, 6, 10, 0, 0, 0.01%, 0, 0, 1, 44.68
1735396753, 12, 7, 10, 0, 0, 0.01%, 0, 0, 1, 51.49
1735396758, 12, 8, 10, 0, 0, 0.01%, 0, 0, 1, 47.95
1735396763, 12, 9, 10, 0, 0, 0.01%, 0, 0, 1, 46.13
1735396768, 13, 0, 10, 0, 0, 0.01%, 0, 0, 1, 47.71
1735396773, 13, 1, 10, 0, 0, 0.01%, 0, 0, 1, 49.87
1735396778, 13, 2, 10, 0, 0, 0.01%, 0, 0, 1, 46.64
1735396783, 13, 3, 10, 0, 0, 0.01%, 0, 0, 1, 48.47
1735396788, 13, 4, 10, 0, 0, 0.01%, 0, 0, 1, 47.63
1735396793, 13, 5, 10, 0, 0, 0.01%, 0, 0, 1, 49.30
1735396803, 13, 6, 10, 0, 0, 0.01%, 0, 0, 1, 46.38
1735396808, 13, 7, 10, 0, 0, 0.01%, 0, 0, 1, 47.17
1735396813, 13, 8, 10, 0, 0, 0.01%, 0, 0, 1, 46.70
1735396819, 13, 9, 10, 0, 0, 0.01%, 0, 0, 1, 46.38
1735396824, 14, 0, 10, 0, 0, 0.01%, 0, 0, 1, 48.35
1735396829, 14, 1, 10, 0, 0, 0.01%, 0, 0, 1, 47.52
1735396834, 14, 2, 10, 0, 0, 0.01%, 0, 0, 1, 45.18
1735396839, 14, 3, 10, 0, 0, 0.01%, 0, 0, 1, 46.47
1735396844, 14, 4, 10, 0, 0, 0.01%, 0, 0, 1, 47.29
1735396849, 14, 5, 10, 0, 0, 0.01%, 0, 0, 1, 45.97
1735396854, 14, 6, 10, 0, 0, 0.01%, 0, 0, 1, 47.40
1735396859, 14, 7, 10, 0, 0, 0.01%, 0, 0, 1, 47.94
1735396864, 14, 8, 10, 0, 0, 0.01%, 0, 0, 1, 45.46
1735396870, 14, 9, 10, 0, 0, 0.01%, 0, 0, 1, 47.16
1735396875, 15, 0, 10, 0, 0, 0.01%, 0, 0, 1, 48.77
1735396880, 15, 1, 10, 0, 0, 0.01%, 0, 0, 1, 50.41
1735396885, 15, 2, 10, 0, 0, 0.01%, 0, 0, 1, 49.75
1735396895, 15, 3, 10, 0, 0, 0.01%, 0, 0, 1, 47.27
1735396900, 15, 4, 10, 0, 0, 0.01%, 0, 0, 1, 42.93
1735396920, 15, 5, 10, 0, 0, 0.01%, 0, 0, 1, 41.68
1735396941, 15, 6, 10, 0, 0, 0.01%, 0, 0, 1, 42.13
1735396961, 15, 7, 10, 0, 0, 0.01%, 0, 0, 1, 41.90
1735396981, 15, 8, 10, 0, 0, 0.01%, 0, 0, 1, 39.86
1735396996, 15, 9, 10, 0, 0, 0.01%, 0, 0, 1, 49.23
1735397017, 16, 0, 10, 0, 0, 0.01%, 0, 0, 1, 47.18
1735397037, 16, 1, 10, 0, 0, 0.01%, 0, 0, 1, 49.03
1735397058, 16, 2, 10, 0, 0, 0.01%, 0, 0, 1, 50.87
1735397063, 16, 3, 10, 0, 0, 0.01%, 0, 0, 1, 49.75
1735397073, 16, 4, 10, 0, 0, 0.01%, 0, 0, 1, 49.09
1735397078, 16, 5, 10, 0, 0, 0.01%, 0, 0, 1, 48.23
1735397083, 16, 6, 10, 0, 0, 0.01%, 0, 0, 1, 46.07
1735397088, 16, 7, 10, 0, 0, 0.01%, 0, 0, 1, 47.56
1735397093, 16, 8, 10, 0, 0, 0.01%, 0, 0, 1, 47.04
1735397098, 16, 9, 10, 0, 0, 0.01%, 0, 0, 1, 47.65
1735397103, 17, 0, 10, 0, 0, 0.01%, 0, 0, 1, 49.41
1735397108, 17, 1, 10, 0, 0, 0.01%, 0, 0, 1, 47.84
1735397113, 17, 2, 10, 0, 0, 0.01%, 0, 0, 1, 48.09
1735397119, 17, 3, 10, 0, 0, 0.01%, 0, 0, 1, 47.44
1735397124, 17, 4, 10, 0, 0, 0.01%, 0, 0, 1, 47.69
1735397129, 17, 5, 10, 0, 0, 0.01%, 0, 0, 1, 47.56
1735397134, 17, 6, 10, 0, 0, 0.01%, 0, 0, 1, 47.29
1735397139, 17, 7, 10, 0, 0, 0.01%, 0, 0, 1, 47.56
1735397144, 17, 8, 10, 0, 0, 0.01%, 0, 0, 1, 48.57
1735397149, 17, 9, 10, 0, 0, 0.01%, 0, 0, 1, 46.57
1735397159, 18, 0, 10, 0, 0, 0.01%, 0, 0, 1, 45.94
1735397164, 18, 1, 10, 0, 0, 0.01%, 0, 0, 1, 48.48
1735397169, 18, 2, 10, 0, 0, 0.01%, 0, 0, 1, 46.72
1735397174, 18, 3, 10, 0, 0, 0.01%, 0, 0, 1, 47.63
1735397179, 18, 4, 10, 0, 0, 0.01%, 0, 0, 1, 49.19
1735397185, 18, 5, 10, 0, 0, 0.01%, 0, 0, 1, 50.05
1735397190, 18, 6, 10, 0, 0, 0.01%, 0, 0, 1, 46.42
1735397195, 18, 7, 10, 0, 0, 0.01%, 0, 0, 1, 49.85
1735397200, 18, 8, 10, 0, 0, 0.01%, 0, 0, 1, 44.57
1735397205, 18, 9, 10, 0, 0, 0.01%, 0, 0, 1, 48.16
1735397210, 19, 0, 10, 0, 0, 0.01%, 0, 0, 1, 46.06
1735397215, 19, 1, 10, 0, 0, 0.01%, 0, 0, 1, 44.94
1735397220, 19, 2, 10, 0, 0, 0.01%, 0, 0, 1, 46.55
1735397225, 19, 3, 10, 0, 0, 0.01%, 0, 0, 1, 43.51
1735397230, 19, 4, 10, 0, 0, 0.01%, 0, 0, 1, 48.00
1735397236, 19, 5, 10, 0, 0, 0.01%, 0, 0, 1, 47.60
1735397241, 19, 6, 10, 0, 0, 0.01%, 0, 0, 1, 47.77
1735397251, 19, 7, 10, 0, 0, 0.01%, 0, 0, 1, 48.44
1735397256, 19, 8, 10, 0, 0, 0.01%, 0, 0, 1, 47.95
1735397261, 19, 9, 10, 0, 0, 0.01%, 0, 0, 1, 48.62
1735397266, 20, 0, 10, 0, 0, 0.01%, 0, 0, 1, 47.84
1735397271, 20, 1, 10, 0, 0, 0.01%, 0, 0, 1, 48.52
1735397276, 20, 2, 10, 0, 0, 0.01%, 0, 0, 1, 47.91
1735397281, 20, 3, 10, 0, 0, 0.01%, 0, 0, 1, 47.73
1735397286, 20, 4, 10, 0, 0, 0.01%, 0, 0, 1, 50.12
1735397291, 20, 5, 10, 0, 0, 0.01%, 0, 0, 1, 47.20
1735397296, 20, 6, 10, 0, 0, 0.01%, 0, 0, 1, 46.55
1735397301, 20, 7, 10, 0, 0, 0.01%, 0, 0, 1, 47.56
1735397307, 20, 8, 10, 0, 0, 0.01%, 0, 0, 1, 45.38
1735397312, 20, 9, 10, 0, 0, 0.01%, 0, 0, 1, 47.65
1735397317, 21, 0, 10, 0, 0, 0.01%, 0, 0, 1, 46.69
1735397322, 21, 1, 10, 0, 0, 0.01%, 0, 0, 1, 47.38
1735397327, 21, 2, 10, 0, 0, 0.01%, 0, 0, 1, 46.08
1735397332, 21, 3, 10, 0, 0, 0.01%, 0, 0, 1, 47.61
1735397342, 21, 4, 10, 0, 0, 0.01%, 0, 0, 1, 48.19
1735397347, 21, 5, 10, 0, 0, 0.01%, 0, 0, 1, 48.43
1735397352, 21, 6, 10, 0, 0, 0.01%, 0, 0, 1, 47.64
1735397357, 21, 7, 10, 0, 0, 0.01%, 0, 0, 1, 46.72
1735397362, 21, 8, 10, 0, 0, 0.01%, 0, 0, 1, 49.63
1735397367, 21, 9, 10, 0, 0, 0.01%, 0, 0, 1, 47.66
1735397372, 22, 0, 10, 0, 0, 0.01%, 0, 0, 1, 48.09
1735397378, 22, 1, 10, 0, 0, 0.01%, 0, 0, 1, 46.60
1735397383, 22, 2, 10, 0, 0, 0.01%, 0, 0, 1, 49.46
1735397388, 22, 3, 10, 0, 0, 0.01%, 0, 0, 1, 47.59
1735397393, 22, 4, 10, 0, 0, 0.01%, 0, 0, 1, 49.73
1735397398, 22, 5, 10, 0, 0, 0.01%, 0, 0, 1, 47.66
1735397403, 22, 6, 10, 0, 0, 0.01%, 0, 0, 1, 45.91
1735397408, 22, 7, 10, 0, 0, 0.01%, 0, 0, 1, 47.50
1735397413, 22, 8, 10, 0, 0, 0.01%, 0, 0, 1, 45.74
1735397423, 22, 9, 10, 0, 0, 0.01%, 0, 0, 1, 45.87
1735397428, 23, 0, 10, 0, 0, 0.01%, 0, 0, 1, 47.21
1735397433, 23, 1, 10, 0, 0, 0.01%, 0, 0, 1, 49.90
1735397438, 23, 2, 10, 0, 0, 0.01%, 0, 0, 1, 47.32
1735397443, 23, 3, 10, 0, 0, 0.01%, 0, 0, 1, 45.29
1735397449, 23, 4, 10, 0, 0, 0.01%, 0, 0, 1, 45.73
1735397454, 23, 5, 10, 0, 0, 0.01%, 0, 0, 1, 49.09
1735397459, 23, 6, 10, 0, 0, 0.01%, 0, 0, 1, 48.89
1735397464, 23, 7, 10, 0, 0, 0.01%, 0, 0, 1, 49.65
1735397469, 23, 8, 10, 0, 0, 0.01%, 0, 0, 1, 46.92
1735397474, 23, 9, 10, 0, 0, 0.01%, 0, 0, 1, 46.60
1735397479, 24, 0, 10, 0, 0, 0.01%, 0, 0, 1, 44.73
1735397484, 24, 1, 10, 0, 0, 0.01%, 0, 0, 1, 48.36
1735397489, 24, 2, 10, 0, 0, 0.01%, 0, 0, 1, 45.37
1735397494, 24, 3, 10, 0, 0, 0.01%, 0, 0, 1, 48.54
1735397499, 24, 4, 10, 0, 0, 0.01%, 0, 0, 1, 46.05
1735397510, 24, 5, 10, 0, 0, 0.01%, 0, 0, 1, 47.41
1735397515, 24, 6, 10, 0, 0, 0.01%, 0, 0, 1, 47.39
1735397520, 24, 7, 10, 0, 0, 0.01%, 0, 0, 1, 46.98
1735397525, 24, 8, 10, 0, 0, 0.01%, 0, 0, 1, 46.44
1735397530, 24, 9, 10, 0, 0, 0.01%, 0, 0, 1, 45.98
1735397535, 25, 0, 10, 0, 0, 0.01%, 0, 0, 1, 44.71
1735397540, 25, 1, 10, 0, 0, 0.01%, 0, 0, 1, 47.91
1735397545, 25, 2, 10, 0, 0, 0.01%, 0, 0, 1, 45.14
1735397550, 25, 3, 10, 0, 0, 0.01%, 0, 0, 1, 48.25
1735397555, 25, 4, 10, 0, 0, 0.01%, 0, 0, 1, 47.19
1735397560, 25, 5, 10, 0, 0, 0.01%, 0, 0, 1, 48.37
1735397565, 25, 6, 10, 0, 0, 0.01%, 0, 0, 1, 45.95
1735397571, 25, 7, 10, 0, 0, 0.01%, 0, 0, 1, 49.07
1735397581, 25, 8, 10, 0, 0, 0.01%, 0, 0, 1, 47.66
1735397586, 25, 9, 10, 0, 0, 0.01%, 0, 0, 1, 45.00
1735397591, 26, 0, 10, 0, 0, 0.01%, 0, 0, 1, 47.82
1735397596, 26, 1, 10, 0, 0, 0.01%, 0, 0, 1, 45.34
1735397601, 26, 2, 10, 0, 0, 0.01%, 0, 0, 1, 46.20
1735397606, 26, 3, 10, 0, 0, 0.01%, 0, 0, 1, 47.69
1735397611, 26, 4, 10, 0, 0, 0.01%, 0, 0, 1, 45.84
1735397616, 26, 5, 10, 0, 0, 0.01%, 0, 0, 1, 46.49
1735397621, 26, 6, 10, 0, 0, 0.01%, 0, 0, 1, 45.81
1735397626, 26, 7, 10, 0, 0, 0.01%, 0, 0, 1, 45.52
1735397632, 26, 8, 10, 0, 0, 0.01%, 0, 0, 1, 47.10
1735397637, 26, 9, 10, 0, 0, 0.01%, 0, 0, 1, 48.11
1735397642, 27, 0, 10, 0, 0, 0.01%, 0, 0, 1, 46.61
1735397652, 27, 1, 10, 0, 0, 0.01%, 0, 0, 1, 46.21
1735397657, 27, 2, 10, 0, 0, 0.01%, 0, 0, 1, 48.78
1735397662, 27, 3, 10, 0, 0, 0.01%, 0, 0, 1, 46.97
1735397667, 27, 4, 10, 0, 0, 0.01%, 0, 0, 1, 47.55
1735397673, 27, 5, 10, 0, 0, 0.01%, 0, 0, 1, 47.29
1735397678, 27, 6, 10, 0, 0, 0.01%, 0, 0, 1, 49.78
1735397683, 27, 7, 10, 0, 0, 0.01%, 0, 0, 1, 45.31
1735397688, 27, 8, 10, 0, 0, 0.01%, 0, 0, 1, 48.18
1735397693, 27, 9, 10, 0, 0, 0.01%, 0, 0, 1, 48.22
1735397698, 28, 0, 10, 0, 0, 0.01%, 0, 0, 1, 49.05
1735397703, 28, 1, 10, 0, 0, 0.01%, 0, 0, 1, 47.83
1735397708, 28, 2, 10, 0, 0, 0.01%, 0, 0, 1, 51.36
1735397713, 28, 3, 10, 0, 0, 0.01%, 0, 0, 1, 48.14
1735397718, 28, 4, 10, 0, 0, 0.01%, 0, 0, 1, 48.87
1735397723, 28, 5, 10, 0, 0, 0.01%, 0, 0, 1, 47.85
1735397728, 28, 6, 10, 0, 0, 0.01%, 0, 0, 1, 47.75
1735397733, 28, 7, 10, 0, 0, 0.01%, 0, 0, 1, 49.17
1735397739, 28, 8, 10, 0, 0, 0.01%, 0, 0, 1, 48.66
1735397744, 28, 9, 10, 0, 0, 0.01%, 0, 0, 1, 46.04
1735397749, 29, 0, 10, 0, 0, 0.01%, 0, 0, 1, 49.12
1735397759, 29, 1, 10, 0, 0, 0.01%, 0, 0, 1, 48.00
1735397764, 29, 2, 10, 0, 0, 0.01%, 0, 0, 1, 48.36
1735397769, 29, 3, 10, 0, 0, 0.01%, 0, 0, 1, 46.37
1735397774, 29, 4, 10, 0, 0, 0.01%, 0, 0, 1, 48.97
1735397779, 29, 5, 10, 0, 0, 0.01%, 0, 0, 1, 48.56
1735397784, 29, 6, 10, 0, 0, 0.01%, 0, 0, 1, 49.17
1735397789, 29, 7, 10, 0, 0, 0.01%, 0, 0, 1, 47.69
1735397794, 29, 8, 10, 0, 0, 0.01%, 0, 0, 1, 49.44
1735397799, 29, 9, 10, 0, 0, 0.01%, 0, 0, 1, 46.95
1735397804, 30, 0, 10, 0, 0, 0.01%, 0, 0, 1, 47.48
1735397810, 30, 1, 10, 0, 0, 0.01%, 0, 0, 1, 48.10
1735397815, 30, 2, 10, 0, 0, 0.01%, 0, 0, 1, 47.12
1735397820, 30, 3, 10, 0, 0, 0.01%, 0, 0, 1, 50.74
1735397825, 30, 4, 10, 0, 0, 0.01%, 0, 0, 1, 48.55
1735397830, 30, 5, 10, 0, 0, 0.01%, 0, 0, 1, 47.35
1735397835, 30, 6, 10, 0, 0, 0.01%, 0, 0, 1, 47.57
1735397840, 30, 7, 10, 0, 0, 0.01%, 0, 0, 1, 47.61
1735397850, 30, 8, 10, 0, 0, 0.01%, 0, 0, 1, 50.18
1735397855, 30, 9, 10, 0, 0, 0.01%, 0, 0, 1, 49.46
1735397860, 31, 0, 10, 0, 0, 0.01%, 0, 0, 1, 46.82
1735397865, 31, 1, 10, 0, 0, 0.01%, 0, 0, 1, 47.48
1735397870, 31, 2, 10, 0, 0, 0.01%, 0, 0, 1, 47.29
1735397875, 31, 3, 10, 0, 0, 0.01%, 0, 0, 1, 49.23
1735397880, 31, 4, 10, 0, 0, 0.01%, 0, 0, 1, 49.34
1735397885, 31, 5, 10, 0, 0, 0.01%, 0, 0, 1, 47.82
1735397891, 31, 6, 10, 0, 0, 0.01%, 0, 0, 1, 46.13
1735397896, 31, 7, 10, 0, 0, 0.01%, 0, 0, 1, 48.59
1735397901, 31, 8, 10, 0, 0, 0.01%, 0, 0, 1, 46.30
1735397906, 31, 9, 10, 0, 0, 0.01%, 0, 0, 1, 48.52
1735397911, 32, 0, 10, 0, 0, 0.01%, 0, 0, 1, 48.39
1735397916, 32, 1, 10, 0, 0, 0.01%, 0, 0, 1, 47.74
1735397921, 32, 2, 10, 0, 0, 0.01%, 0, 0, 1, 47.65
1735397926, 32, 3, 10, 0, 0, 0.01%, 0, 0, 1, 46.82
1735397931, 32, 4, 10, 0, 0, 0.01%, 0, 0, 1, 46.78
1735397936, 32, 5, 10, 0, 0, 0.01%, 0, 0, 1, 46.98
1735397942, 32, 6, 10, 0, 0, 0.01%, 0, 0, 1, 47.23
1735397952, 32, 7, 10, 0, 0, 0.01%, 0, 0, 1, 49.47
1735397957, 32, 8, 10, 0, 0, 0.01%, 0, 0, 1, 47.54
1735397962, 32, 9, 10, 0, 0, 0.01%, 0, 0, 1, 47.64
1735397967, 33, 0, 10, 0, 0, 0.01%, 0, 0, 1, 46.85
1735397972, 33, 1, 10, 0, 0, 0.01%, 0, 0, 1, 48.90
1735397977, 33, 2, 10, 0, 0, 0.01%, 0, 0, 1, 47.04
1735397982, 33, 3, 10, 0, 0, 0.01%, 0, 0, 1, 46.25
1735397987, 33, 4, 10, 0, 0, 0.01%, 0, 0, 1, 46.69
1735397992, 33, 5, 10, 0, 0, 0.01%, 0, 0, 1, 44.37
1735397997, 33, 6, 10, 0, 0, 0.01%, 0, 0, 1, 46.31
1735398002, 33, 7, 10, 0, 0, 0.01%, 0, 0, 1, 46.70
1735398007, 33, 8, 10, 0, 0, 0.01%, 0, 0, 1, 46.42
1735398017, 33, 9, 10, 0, 0, 0.01%, 0, 0, 1, 49.83
1735398023, 34, 0, 10, 0, 0, 0.01%, 0, 0, 1, 44.87
1735398028, 34, 10, 11, 1, 1, 0.14%, 1, 0, 2, 64.75
1735398038, 34, 10, 12, 2, 1, 0.14%, 2, 0, 3, 51.84
1735398053, 34, 10, 13, 3, 1, 0.14%, 3, 0, 3, 48.09
1735398159, 35, 11, 14, 1, 0, 0.14%, 4, 0, 4, 62.36
1735398175, 35, 11, 15, 2, 0, 0.14%, 4, 0, 4, 52.55
1735398185, 35, 11, 17, 4, 0, 0.14%, 4, 0, 4, 52.57
1735398266, 35, 11, 18, 5, 0, 0.14%, 4, 0, 4, 52.18
1735398271, 35, 11, 19, 6, 0, 0.14%, 4, 0, 4, 56.01
1735398276, 35, 11, 20, 7, 0, 0.14%, 4, 0, 4, 55.95
1735398286, 35, 13, 20, 7, 2, 0.14%, 4, 0, 4, 65.51
1735398362, 35, 15, 21, 7, 1, 0.14%, 5, 0, 5, 71.17
1735398434, 36, 20, 21, 3, 0, 0.14%, 5, 0, 5, 65.06
1735398439, 36, 20, 22, 4, 0, 0.14%, 5, 0, 6, 75.77
1735398509, 36, 21, 22, 4, 1, 0.14%, 5, 0, 6, 74.56
1735398581, 36, 21, 23, 5, 1, 0.14%, 5, 0, 7, 53.06
1735398586, 36, 22, 23, 4, 1, 0.14%, 5, 0, 7, 96.06
1735398667, 37, 13, 23, 3, 0, 0.14%, 5, 0, 7, 56.20
1735398697, 38, 13, 23, 3, 0, 0.14%, 5, 0, 7, 57.59
1735398727, 38, 13, 26, 6, 0, 0.14%, 5, 0, 7, 61.92
1735398738, 38, 23, 26, 6, 1, 0.14%, 5, 0, 7, 68.98
1735398824, 39, 13, 26, 5, 0, 0.14%, 5, 0, 7, 55.99
1735398859, 40, 13, 26, 3, 0, 0.14%, 5, 0, 7, 55.93
1735398905, 41, 13, 26, 3, 0, 0.14%, 5, 0, 7, 53.86
1735398945, 42, 13, 26, 2, 0, 0.14%, 5, 0, 7, 56.54
1735398980, 42, 22, 26, 2, 0, 0.14%, 5, 0, 7, 60.20
1735399011, 43, 13, 26, 2, 0, 0.14%, 5, 0, 7, 54.17
1735399051, 43, 22, 26, 2, 0, 0.14%, 5, 0, 7, 61.42
1735399087, 44, 13, 26, 2, 0, 0.14%, 5, 0, 7, 56.43
1735399127, 44, 16, 26, 2, 0, 0.14%, 5, 0, 7, 66.22
1735399270, 44, 22, 26, 1, 0, 0.14%, 5, 0, 7, 62.39
1735399275, 44, 22, 27, 2, 0, 0.14%, 5, 0, 8, 67.06
1735399306, 44, 22, 28, 3, 0, 0.14%, 6, 0, 8, 60.13
1735399321, 44, 26, 28, 3, 1, 0.14%, 6, 0, 8, 68.44
1735399453, 44, 26, 30, 5, 1, 0.14%, 6, 0, 9, 84.64
1735399464, 44, 26, 31, 6, 1, 0.14%, 6, 0, 9, 81.75
1735399489, 44, 26, 32, 7, 1, 0.14%, 6, 0, 9, 76.98
1735399561, 44, 31, 32, 6, 1, 0.14%, 6, 0, 9, 81.34
1735399576, 44, 31, 33, 7, 1, 0.14%, 6, 0, 10, 107.50
1735399683, 46, 28, 33, 4, 0, 0.14%, 6, 0, 10, 85.82
1735399739, 46, 28, 34, 5, 0, 0.14%, 6, 0, 10, 69.13
1735399800, 46, 28, 35, 6, 0, 0.14%, 6, 0, 10, 67.35
1735399840, 46, 33, 35, 6, 2, 0.14%, 6, 0, 10, 50.19
1735399855, 46, 33, 36, 7, 2, 0.14%, 6, 0, 11, 109.23
1735399947, 46, 33, 37, 8, 2, 0.14%, 7, 0, 11, 114.17
1735400374, 46, 34, 37, 7, 2, 0.14%, 7, 0, 11, 94.94
1735400511, 46, 35, 37, 6, 1, 0.14%, 7, 0, 11, 48.11
1735400517, 49, 27, 37, 2, 0, 0.14%, 7, 0, 11, 92.88
1735400751, 54, 24, 37, 0, 0, 0.14%, 7, 0, 11, 69.50
1735400832, 54, 24, 38, 1, 0, 0.14%, 7, 0, 11, 70.85
1735400837, 56, 34, 38, 0, 0, 0.14%, 7, 0, 11, 64.82
1735400873, 56, 36, 38, 0, 0, 0.14%, 7, 0, 11, 118.54
1735401249, 56, 37, 38, 0, 0, 0.14%, 7, 0, 11, 90.03
1735401431, 57, 34, 38, 0, 0, 0.14%, 7, 0, 11, 68.99
1735401467, 58, 34, 38, 0, 0, 0.14%, 7, 0, 11, 72.02
1735401497, 59, 34, 38, 0, 0, 0.14%, 7, 0, 11, 60.87
1735401533, 59, 36, 38, 0, 0, 0.14%, 7, 0, 11, 65.17
1735401558, 60, 34, 38, 0, 0, 0.14%, 7, 0, 11, 67.39
1735401594, 60, 36, 38, 0, 0, 0.14%, 7, 0, 11, 72.99
1735401630, 61, 34, 38, 0, 0, 0.14%, 7, 0, 11, 68.79
1735401660, 61, 36, 38, 0, 0, 0.14%, 7, 0, 11, 71.33
1735401696, 62, 34, 38, 0, 0, 0.14%, 7, 0, 11, 58.57
1735401732, 62, 36, 38, 0, 0, 0.14%, 7, 0, 11, 72.10
1735401762, 63, 21, 38, 0, 0, 0.14%, 7, 0, 11, 65.14
1735401777, 63, 36, 38, 0, 0, 0.14%, 7, 0, 11, 65.35
1735401812, 63, 37, 38, 0, 0, 0.14%, 7, 0, 11, 65.27
1735401833, 64, 21, 38, 0, 0, 0.14%, 7, 0, 11, 65.23
1735401868, 64, 36, 38, 0, 0, 0.14%, 7, 0, 11, 66.77
1735401904, 64, 37, 38, 0, 0, 0.14%, 7, 0, 11, 65.77
1735401934, 65, 36, 38, 0, 0, 0.14%, 7, 0, 11, 67.90
1735401970, 65, 37, 38, 0, 0, 0.14%, 7, 0, 11, 71.35
1735402000, 66, 37, 38, 0, 0, 0.14%, 7, 0, 11, 69.03
1735402036, 67, 37, 38, 0, 0, 0.14%, 7, 0, 11, 68.35
1735402066, 68, 37, 38, 0, 0, 0.14%, 7, 0, 11, 68.51
1735402101, 69, 37, 38, 0, 0, 0.14%, 7, 0, 11, 68.65
1735402137, 70, 18, 38, 0, 0, 0.14%, 7, 0, 11, 103.44
1735402198, 73, 21, 38, 0, 0, 0.14%, 7, 0, 11, 63.98
1735402228, 84, 13, 38, 0, 0, 0.14%, 7, 0, 11, 65.65
1735402264, 88, 21, 38, 0, 0, 0.14%, 7, 0, 11, 68.06
1735402300, 89, 30, 38, 0, 0, 0.14%, 7, 0, 11, 93.84
1735402392, 94, 17, 38, 0, 0, 0.14%, 7, 0, 11, 95.97
1735402437, 95, 13, 38, 0, 0, 0.14%, 7, 0, 11, 63.92
1735402473, 101, 23, 38, 0, 0, 0.14%, 7, 0, 11, 55.15
1735402483, 105, 11, 38, 0, 0, 0.14%, 7, 0, 11, 60.97
1735402488, 112, 22, 38, 0, 0, 0.14%, 7, 0, 11, 70.00
1735402519, 115, 20, 38, 0, 0, 0.14%, 7, 0, 11, 69.62
1735402544, 115, 30, 38, 0, 0, 0.14%, 7, 0, 11, 74.08
1735402580, 119, 13, 38, 0, 0, 0.14%, 7, 0, 11, 64.78
1735402615, 120, 12, 38, 0, 0, 0.14%, 7, 0, 11, 79.08
1735402641, 121, 15, 38, 0, 0, 0.14%, 7, 0, 11, 63.31
1735402656, 122, 20, 38, 0, 0, 0.14%, 7, 0, 11, 72.38
1735402691, 123, 13, 38, 0, 0, 0.14%, 7, 0, 11, 61.43
1735402727, 126, 13, 38, 0, 0, 0.14%, 7, 0, 11, 63.04
1735402762, 126, 15, 38, 0, 0, 0.14%, 7, 0, 11, 63.34
1735402798, 127, 31, 38, 0, 0, 0.14%, 7, 0, 11, 63.16
1735402833, 128, 13, 38, 0, 0, 0.14%, 7, 0, 11, 69.84
1735402869, 128, 16, 38, 0, 0, 0.14%, 7, 0, 11, 74.06
1735402874, 128, 22, 38, 0, 0, 0.14%, 7, 0, 11, 67.21
1735402914, 129, 12, 38, 0, 0, 0.14%, 7, 0, 11, 66.28
1735402919, 129, 16, 38, 0, 0, 0.14%, 7, 0, 11, 67.58
1735402945, 129, 20, 38, 0, 0, 0.14%, 7, 0, 11, 66.11
1735402980, 135, 23, 38, 0, 0, 0.14%, 7, 0, 11, 62.99
1735403005, 137, 11, 38, 0, 0, 0.14%, 7, 0, 11, 61.45
1735403010, 137, 30, 38, 0, 0, 0.14%, 7, 0, 11, 71.29
1735403046, 138, 21, 38, 0, 0, 0.14%, 7, 0, 11, 66.49
1735403081, 139, 30, 38, 0, 0, 0.14%, 7, 0, 11, 70.77
1735403112, 141, 18, 38, 0, 0, 0.14%, 7, 0, 11, 72.91
1735403127, 142, 12, 38, 0, 0, 0.14%, 7, 0, 11, 67.22
1735403152, 142, 16, 38, 0, 0, 0.14%, 7, 0, 11, 70.09
1735403188, 142, 21, 38, 0, 0, 0.14%, 7, 0, 11, 69.87
1735403224, 144, 22, 38, 0, 0, 0.14%, 7, 0, 11, 72.11
1735403254, 145, 10, 38, 0, 0, 0.14%, 7, 0, 11, 64.64
1735403260, 146, 15, 38, 0, 0, 0.14%, 7, 0, 11, 69.25
1735403295, 147, 17, 38, 0, 0, 0.14%, 7, 0, 11, 67.28
1735403310, 147, 23, 38, 0, 0, 0.14%, 7, 0, 11, 66.81
1735403331, 148, 18, 38, 0, 0, 0.14%, 7, 0, 11, 68.38
1735403366, 148, 20, 38, 0, 0, 0.14%, 7, 0, 11, 65.54
1735403402, 148, 30, 38, 0, 0, 0.14%, 7, 0, 11, 69.98
1735403437, 149, 17, 38, 0, 0, 0.14%, 7, 0, 11, 67.91
1735403473, 152, 10, 38, 0, 0, 0.14%, 7, 0, 11, 67.04
1735403478, 152, 12, 38, 0, 0, 0.14%, 7, 0, 11, 66.74
1735403513, 153, 11, 38, 0, 0, 0.14%, 7, 0, 11, 67.16
1735403518, 154, 22, 38, 0, 0, 0.14%, 7, 0, 11, 74.69
1735403554, 156, 14, 38, 0, 0, 0.14%, 7, 0, 11, 61.32
1735403605, 156, 31, 38, 0, 0, 0.14%, 7, 0, 11, 70.34
1735403640, 161, 22, 38, 0, 0, 0.14%, 7, 0, 11, 70.09
1735403675, 162, 23, 38, 0, 0, 0.14%, 7, 0, 11, 63.45
1735403711, 163, 16, 38, 0, 0, 0.14%, 7, 0, 11, 75.12
1735403746, 163, 20, 38, 0, 0, 0.14%, 7, 0, 11, 68.99
1735403777, 164, 27, 38, 0, 0, 0.14%, 7, 0, 11, 77.74
1735403802, 164, 29, 38, 0, 0, 0.14%, 7, 0, 11, 97.98
1735403904, 168, 31, 38, 0, 0, 0.14%, 7, 0, 11, 64.74
1735403940, 169, 14, 38, 0, 0, 0.14%, 7, 0, 11, 60.42
1735403945, 169, 32, 38, 0, 0, 0.14%, 7, 0, 11, 66.65
1735404051, 170, 10, 38, 0, 0, 0.14%, 7, 0, 11, 59.33
1735404062, 170, 14, 38, 0, 0, 0.14%, 7, 0, 11, 69.52
1735404077, 171, 22, 38, 0, 0, 0.14%, 7, 0, 11, 71.39
1735404108, 173, 17, 38, 0, 0, 0.14%, 7, 0, 11, 64.85
1735404148, 174, 17, 38, 0, 0, 0.14%, 7, 0, 11, 63.72
1735404184, 174, 28, 38, 0, 0, 0.14%, 7, 0, 11, 70.87
1735404220, 175, 24, 38, 0, 0, 0.14%, 7, 0, 11, 68.87
1735404225, 175, 28, 38, 0, 0, 0.14%, 7, 0, 11, 72.59
1735404260, 175, 32, 38, 0, 0, 0.14%, 7, 0, 11, 63.86
1735404296, 176, 11, 38, 0, 0, 0.14%, 7, 0, 11, 60.33
1735404306, 176, 15, 38, 0, 0, 0.14%, 7, 0, 11, 65.78
1735404341, 177, 18, 38, 0, 0, 0.14%, 7, 0, 11, 72.21
1735404367, 177, 30, 38, 0, 0, 0.14%, 7, 0, 11, 69.96
1735404402, 180, 32, 38, 0, 0, 0.14%, 7, 0, 11, 68.98
1735404438, 182, 23, 38, 0, 0, 0.14%, 7, 0, 11, 60.83
1735404473, 184, 23, 38, 0, 0, 0.14%, 7, 0, 11, 64.19
1735404504, 184, 28, 38, 0, 0, 0.14%, 7, 0, 11, 62.73
1735404545, 185, 15, 38, 0, 0, 0.14%, 7, 0, 11, 61.89
1735404580, 186, 14, 38, 0, 0, 0.14%, 7, 0, 11, 64.51
1735404606, 186, 28, 38, 0, 0, 0.14%, 7, 0, 11, 74.89
1735404636, 187, 22, 38, 0, 0, 0.14%, 7, 0, 11, 69.01
1735404672, 187, 24, 38, 0, 0, 0.14%, 7, 0, 11, 73.96
1735404682, 187, 30, 38, 0, 0, 0.14%, 7, 0, 11, 69.66
1735404718, 188, 27, 38, 0, 0, 0.14%, 7, 0, 11, 72.04
1735404753, 189, 30, 38, 0, 0, 0.14%, 7, 0, 11, 74.29
1735404783, 192, 18, 38, 0, 0, 0.14%, 7, 0, 11, 65.38
1735404819, 192, 21, 38, 0, 0, 0.14%, 7, 0, 11, 68.25
1735404855, 193, 28, 38, 0, 0, 0.14%, 7, 0, 11, 68.96
1735404890, 194, 28, 38, 0, 0, 0.14%, 7, 0, 11, 76.91
1735404926, 195, 11, 38, 0, 0, 0.14%, 7, 0, 11, 59.71
1735404951, 195, 23, 38, 0, 0, 0.14%, 7, 0, 11, 62.25
1735404981, 198, 10, 38, 0, 0, 0.14%, 7, 0, 11, 59.82
1735405012, 200, 22, 38, 0, 0, 0.14%, 7, 0, 11, 69.05
1735405047, 200, 30, 38, 0, 0, 0.14%, 7, 0, 11, 66.42
1735405083, 201, 11, 38, 0, 0, 0.14%, 7, 0, 11, 60.43
1735405118, 202, 18, 38, 0, 0, 0.14%, 7, 0, 11, 67.62
1735405149, 202, 20, 38, 0, 0, 0.14%, 7, 0, 11, 59.88
1735405185, 202, 27, 38, 0, 0, 0.14%, 7, 0, 11, 68.79
1735405221, 205, 16, 38, 0, 0, 0.14%, 7, 0, 11, 72.09
1735405251, 205, 22, 38, 0, 0, 0.14%, 7, 0, 11, 66.03
1735405261, 205, 27, 38, 0, 0, 0.14%, 7, 0, 11, 77.33
1735405292, 206, 18, 38, 0, 0, 0.14%, 7, 0, 11, 72.36
1735405327, 206, 27, 38, 0, 0, 0.14%, 7, 0, 11, 60.52
1735405363, 208, 11, 38, 0, 0, 0.14%, 7, 0, 11, 62.04
1735405398, 208, 21, 38, 0, 0, 0.14%, 7, 0, 11, 63.83
1735405433, 208, 27, 38, 0, 0, 0.14%, 7, 0, 11, 64.98
1735405469, 209, 20, 38, 0, 0, 0.14%, 7, 0, 11, 66.70
1735405504, 212, 24, 38, 0, 0, 0.14%, 7, 0, 11, 64.24
1735405535, 212, 29, 38, 0, 0, 0.14%, 7, 0, 11, 62.81
1735405570, 213, 26, 38, 0, 0, 0.14%, 7, 0, 11, 79.72
1735405600, 213, 28, 38, 0, 0, 0.14%, 7, 0, 11, 67.06
1735405636, 213, 35, 38, 0, 0, 0.14%, 7, 0, 11, 61.25
1735406180, 214, 11, 38, 0, 0, 0.14%, 7, 0, 11, 65.18
1735406215, 216, 17, 38, 0, 0, 0.14%, 7, 0, 11, 62.20
1735406251, 217, 17, 38, 0, 0, 0.14%, 7, 0, 11, 68.48
1735406281, 218, 14, 38, 0, 0, 0.14%, 7, 0, 11, 72.43
1735406322, 218, 15, 38, 0, 0, 0.14%, 7, 0, 11, 60.76
1735406358, 218, 32, 38, 0, 0, 0.14%, 7, 0, 11, 68.16
1735406393, 219, 35, 38, 0, 0, 0.14%, 7, 0, 11, 80.58
1735406418, 220, 26, 38, 0, 0, 0.14%, 7, 0, 11, 76.17
1735406454, 221, 18, 38, 0, 0, 0.14%, 7, 0, 11, 62.09
1735406489, 222, 22, 38, 0, 0, 0.14%, 7, 0, 11, 64.26
1735406494, 223, 28, 38, 0, 0, 0.14%, 7, 0, 11, 68.16
1735406530, 224, 35, 38, 0, 0, 0.14%, 7, 0, 11, 76.12
1735406561, 227, 31, 38, 0, 0, 0.14%, 7, 0, 11, 63.30
1735406596, 229, 27, 38, 0, 0, 0.14%, 7, 0, 11, 72.66
1735406601, 229, 27, 39, 1, 0, 0.14%, 8, 0, 11, 80.81
1735406642, 229, 38, 39, 1, 1, 0.14%, 8, 0, 11, 59.05
