# unix_time, cycles_done, cur_path, paths_total, pending_total, pending_favs, map_size, unique_crashes, unique_hangs, max_depth, execs_per_sec
1735136432, 0, 0, 10, 10, 1, 0.01%, 0, 0, 1, 35.94
1735136437, 0, 4, 10, 10, 1, 0.01%, 0, 0, 1, 37.96
1735136452, 1, 0, 10, 4, 0, 0.01%, 0, 0, 1, 47.02
1735136457, 1, 1, 10, 3, 0, 0.01%, 0, 0, 1, 48.10
1735136462, 1, 2, 10, 2, 0, 0.01%, 0, 0, 1, 45.42
1735136467, 1, 3, 10, 1, 0, 0.01%, 0, 0, 1, 45.86
1735136472, 1, 4, 10, 0, 0, 0.01%, 0, 0, 1, 44.59
1735136477, 1, 5, 10, 0, 0, 0.01%, 0, 0, 1, 45.38
1735136487, 1, 6, 10, 0, 0, 0.01%, 0, 0, 1, 48.26
1735136492, 1, 7, 10, 0, 0, 0.01%, 0, 0, 1, 44.72
1735136497, 1, 8, 10, 0, 0, 0.01%, 0, 0, 1, 44.06
1735136503, 1, 9, 10, 0, 0, 0.01%, 0, 0, 1, 49.58
1735136508, 2, 0, 10, 0, 0, 0.01%, 0, 0, 1, 45.94
1735136513, 2, 1, 10, 0, 0, 0.01%, 0, 0, 1, 48.34
1735136518, 2, 2, 10, 0, 0, 0.01%, 0, 0, 1, 49.56
1735136523, 2, 3, 10, 0, 0, 0.01%, 0, 0, 1, 47.66
1735136528, 2, 4, 10, 0, 0, 0.01%, 0, 0, 1, 45.02
1735136533, 2, 5, 10, 0, 0, 0.01%, 0, 0, 1, 49.49
1735136538, 2, 6, 10, 0, 0, 0.01%, 0, 0, 1, 46.82
1735136543, 2, 7, 10, 0, 0, 0.01%, 0, 0, 1, 45.97
1735136553, 2, 8, 10, 0, 0, 0.01%, 0, 0, 1, 46.54
1735136558, 2, 9, 10, 0, 0, 0.01%, 0, 0, 1, 45.51
1735136563, 3, 0, 10, 0, 0, 0.01%, 0, 0, 1, 47.66
1735136568, 3, 1, 10, 0, 0, 0.01%, 0, 0, 1, 46.25
1735136574, 3, 2, 10, 0, 0, 0.01%, 0, 0, 1, 46.02
1735136579, 3, 3, 10, 0, 0, 0.01%, 0, 0, 1, 45.35
1735136584, 3, 4, 10, 0, 0, 0.01%, 0, 0, 1, 45.86
1735136589, 3, 5, 10, 0, 0, 0.01%, 0, 0, 1, 44.41
1735136594, 3, 6, 10, 0, 0, 0.01%, 0, 0, 1, 46.32
1735136599, 3, 7, 10, 0, 0, 0.01%, 0, 0, 1, 45.48
1735136609, 3, 8, 10, 0, 0, 0.01%, 0, 0, 1, 43.66
1735136614, 3, 9, 10, 0, 0, 0.01%, 0, 0, 1, 45.26
1735136619, 4, 0, 10, 0, 0, 0.01%, 0, 0, 1, 44.79
1735136624, 4, 1, 10, 0, 0, 0.01%, 0, 0, 1, 48.77
1735136629, 4, 2, 10, 0, 0, 0.01%, 0, 0, 1, 45.62
1735136634, 4, 3, 10, 0, 0, 0.01%, 0, 0, 1, 46.94
1735136639, 4, 4, 10, 0, 0, 0.01%, 0, 0, 1, 45.23
1735136644, 4, 5, 10, 0, 0, 0.01%, 0, 0, 1, 46.91
1735136649, 4, 6, 10, 0, 0, 0.01%, 0, 0, 1, 46.25
1735136655, 4, 7, 10, 0, 0, 0.01%, 0, 0, 1, 45.24
1735136665, 4, 8, 10, 0, 0, 0.01%, 0, 0, 1, 43.08
1735136670, 4, 9, 10, 0, 0, 0.01%, 0, 0, 1, 46.82
1735136675, 5, 0, 10, 0, 0, 0.01%, 0, 0, 1, 46.30
1735136680, 5, 1, 10, 0, 0, 0.01%, 0, 0, 1, 45.94
1735136685, 5, 2, 10, 0, 0, 0.01%, 0, 0, 1, 44.41
1735136690, 5, 3, 10, 0, 0, 0.01%, 0, 0, 1, 45.84
1735136695, 5, 4, 10, 0, 0, 0.01%, 0, 0, 1, 45.82
1735136700, 5, 5, 10, 0, 0, 0.01%, 0, 0, 1, 45.33
1735136705, 5, 6, 10, 0, 0, 0.01%, 0, 0, 1, 44.95
1735136715, 5, 7, 10, 0, 0, 0.01%, 0, 0, 1, 45.96
1735136720, 5, 8, 10, 0, 0, 0.01%, 0, 0, 1, 45.28
1735136726, 5, 9, 10, 0, 0, 0.01%, 0, 0, 1, 46.14
1735136731, 6, 0, 10, 0, 0, 0.01%, 0, 0, 1, 48.36
1735136736, 6, 1, 10, 0, 0, 0.01%, 0, 0, 1, 47.71
1735136741, 6, 2, 10, 0, 0, 0.01%, 0, 0, 1, 48.82
1735136746, 6, 3, 10, 0, 0, 0.01%, 0, 0, 1, 46.34
1735136751, 6, 4, 10, 0, 0, 0.01%, 0, 0, 1, 46.50
1735136756, 6, 5, 10, 0, 0, 0.01%, 0, 0, 1, 46.55
1735136761, 6, 6, 10, 0, 0, 0.01%, 0, 0, 1, 46.76
1735136766, 6, 7, 10, 0, 0, 0.01%, 0, 0, 1, 45.14
1735136771, 6, 8, 10, 0, 0, 0.01%, 0, 0, 1, 46.72
1735136781, 6, 9, 10, 0, 0, 0.01%, 0, 0, 1, 43.91
1735136786, 7, 0, 10, 0, 0, 0.01%, 0, 0, 1, 47.81
1735136792, 7, 1, 10, 0, 0, 0.01%, 0, 0, 1, 45.77
1735136797, 7, 2, 10, 0, 0, 0.01%, 0, 0, 1, 45.64
1735136802, 7, 3, 10, 0, 0, 0.01%, 0, 0, 1, 46.26
1735136807, 7, 4, 10, 0, 0, 0.01%, 0, 0, 1, 45.02
1735136812, 7, 5, 10, 0, 0, 0.01%, 0, 0, 1, 44.76
1735136817, 7, 6, 10, 0, 0, 0.01%, 0, 0, 1, 47.78
1735136822, 7, 7, 10, 0, 0, 0.01%, 0, 0, 1, 44.15
1735136832, 7, 8, 10, 0, 0, 0.01%, 0, 0, 1, 44.82
1735136837, 7, 9, 10, 0, 0, 0.01%, 0, 0, 1, 47.60
1735136842, 8, 0, 10, 0, 0, 0.01%, 0, 0, 1, 44.99
1735136847, 8, 1, 10, 0, 0, 0.01%, 0, 0, 1, 47.50
1735136852, 8, 2, 10, 0, 0, 0.01%, 0, 0, 1, 44.20
1735136857, 8, 3, 10, 0, 0, 0.01%, 0, 0, 1, 46.06
1735136862, 8, 4, 10, 0, 0, 0.01%, 0, 0, 1, 44.36
1735136867, 8, 5, 10, 0, 0, 0.01%, 0, 0, 1, 44.81
1735136873, 8, 6, 10, 0, 0, 0.01%, 0, 0, 1, 45.18
1735136883, 8, 7, 10, 0, 0, 0.01%, 0, 0, 1, 47.40
1735136888, 8, 8, 10, 0, 0, 0.01%, 0, 0, 1, 45.30
1735136893, 8, 9, 10, 0, 0, 0.01%, 0, 0, 1, 46.21
1735136898, 9, 0, 10, 0, 0, 0.01%, 0, 0, 1, 45.53
1735136903, 9, 1, 10, 0, 0, 0.01%, 0, 0, 1, 45.42
1735136908, 9, 2, 10, 0, 0, 0.01%, 0, 0, 1, 44.89
1735136913, 9, 3, 10, 0, 0, 0.01%, 0, 0, 1, 44.81
1735136918, 9, 4, 10, 0, 0, 0.01%, 0, 0, 1, 45.76
1735136923, 9, 5, 10, 0, 0, 0.01%, 0, 0, 1, 44.60
1735136933, 9, 6, 10, 0, 0, 0.01%, 0, 0, 1, 45.33
1735136939, 9, 7, 10, 0, 0, 0.01%, 0, 0, 1, 47.06
1735136944, 9, 8, 10, 0, 0, 0.01%, 0, 0, 1, 45.66
1735136949, 9, 9, 10, 0, 0, 0.01%, 0, 0, 1, 44.17
1735136954, 10, 0, 10, 0, 0, 0.01%, 0, 0, 1, 44.34
1735136959, 10, 1, 10, 0, 0, 0.01%, 0, 0, 1, 43.64
1735136964, 10, 2, 10, 0, 0, 0.01%, 0, 0, 1, 45.89
1735136969, 10, 3, 10, 0, 0, 0.01%, 0, 0, 1, 47.56
1735136974, 10, 4, 10, 0, 0, 0.01%, 0, 0, 1, 46.97
1735136984, 10, 5, 10, 0, 0, 0.01%, 0, 0, 1, 46.82
1735136989, 10, 6, 10, 0, 0, 0.01%, 0, 0, 1, 44.38
1735136994, 10, 7, 10, 0, 0, 0.01%, 0, 0, 1, 45.51
1735136999, 10, 8, 10, 0, 0, 0.01%, 0, 0, 1, 44.70
1735137004, 10, 9, 10, 0, 0, 0.01%, 0, 0, 1, 45.98
1735137010, 11, 0, 10, 0, 0, 0.01%, 0, 0, 1, 44.99
1735137015, 11, 1, 10, 0, 0, 0.01%, 0, 0, 1, 43.45
1735137020, 11, 2, 10, 0, 0, 0.01%, 0, 0, 1, 43.30
1735137025, 11, 3, 10, 0, 0, 0.01%, 0, 0, 1, 47.86
1735137035, 11, 4, 10, 0, 0, 0.01%, 0, 0, 1, 45.80
1735137040, 11, 5, 10, 0, 0, 0.01%, 0, 0, 1, 45.23
1735137045, 11, 6, 10, 0, 0, 0.01%, 0, 0, 1, 46.78
1735137050, 11, 7, 10, 0, 0, 0.01%, 0, 0, 1, 46.06
1735137055, 11, 8, 10, 0, 0, 0.01%, 0, 0, 1, 48.56
1735137060, 11, 9, 10, 0, 0, 0.01%, 0, 0, 1, 47.06
1735137065, 12, 0, 10, 0, 0, 0.01%, 0, 0, 1, 49.50
1735137070, 12, 1, 10, 0, 0, 0.01%, 0, 0, 1, 48.20
1735137075, 12, 2, 10, 0, 0, 0.01%, 0, 0, 1, 49.07
1735137080, 12, 3, 10, 0, 0, 0.01%, 0, 0, 1, 46.01
1735137085, 12, 4, 10, 0, 0, 0.01%, 0, 0, 1, 47.91
1735137091, 12, 5, 10, 0, 0, 0.01%, 0, 0, 1, 46.69
1735137096, 12, 6, 10, 0, 0, 0.01%, 0, 0, 1, 47.72
1735137106, 12, 7, 10, 0, 0, 0.01%, 0, 0, 1, 49.89
1735137111, 12, 8, 10, 0, 0, 0.01%, 0, 0, 1, 46.11
1735137116, 12, 9, 10, 0, 0, 0.01%, 0, 0, 1, 48.55
1735137121, 13, 0, 10, 0, 0, 0.01%, 0, 0, 1, 48.67
1735137126, 13, 1, 10, 0, 0, 0.01%, 0, 0, 1, 47.34
1735137131, 13, 2, 10, 0, 0, 0.01%, 0, 0, 1, 48.93
1735137136, 13, 3, 10, 0, 0, 0.01%, 0, 0, 1, 49.26
1735137141, 13, 4, 10, 0, 0, 0.01%, 0, 0, 1, 47.70
1735137146, 13, 5, 10, 0, 0, 0.01%, 0, 0, 1, 45.09
1735137151, 13, 6, 10, 0, 0, 0.01%, 0, 0, 1, 48.84
1735137156, 13, 7, 10, 0, 0, 0.01%, 0, 0, 1, 46.51
1735137162, 13, 8, 10, 0, 0, 0.01%, 0, 0, 1, 47.42
1735137167, 13, 9, 10, 0, 0, 0.01%, 0, 0, 1, 46.75
1735137172, 14, 0, 10, 0, 0, 0.01%, 0, 0, 1, 48.63
1735137177, 14, 1, 10, 0, 0, 0.01%, 0, 0, 1, 47.51
1735137182, 14, 2, 10, 0, 0, 0.01%, 0, 0, 1, 48.30
1735137187, 14, 3, 10, 0, 0, 0.01%, 0, 0, 1, 47.94
1735137192, 14, 4, 10, 0, 0, 0.01%, 0, 0, 1, 50.35
1735137202, 14, 5, 10, 0, 0, 0.01%, 0, 0, 1, 47.69
1735137207, 14, 6, 10, 0, 0, 0.01%, 0, 0, 1, 45.15
1735137212, 14, 7, 10, 0, 0, 0.01%, 0, 0, 1, 47.79
1735137217, 14, 8, 10, 0, 0, 0.01%, 0, 0, 1, 48.10
1735137222, 14, 9, 10, 0, 0, 0.01%, 0, 0, 1, 45.65
1735137227, 15, 0, 10, 0, 0, 0.01%, 0, 0, 1, 49.22
1735137233, 15, 1, 10, 0, 0, 0.01%, 0, 0, 1, 46.75
1735137238, 15, 2, 10, 0, 0, 0.01%, 0, 0, 1, 48.41
1735137243, 15, 3, 10, 0, 0, 0.01%, 0, 0, 1, 47.67
1735137248, 15, 4, 10, 0, 0, 0.01%, 0, 0, 1, 46.64
1735137253, 15, 5, 10, 0, 0, 0.01%, 0, 0, 1, 44.81
1735137273, 15, 6, 10, 0, 0, 0.01%, 0, 0, 1, 45.63
1735137294, 15, 7, 10, 0, 0, 0.01%, 0, 0, 1, 43.41
1735137314, 15, 8, 10, 0, 0, 0.01%, 0, 0, 1, 45.69
1735137335, 15, 9, 10, 0, 0, 0.01%, 0, 0, 1, 45.00
1735137355, 16, 0, 10, 0, 0, 0.01%, 0, 0, 1, 43.53
1735137375, 16, 1, 10, 0, 0, 0.01%, 0, 0, 1, 44.51
1735137396, 16, 2, 10, 0, 0, 0.01%, 0, 0, 1, 41.19
1735137416, 16, 3, 10, 0, 0, 0.01%, 0, 0, 1, 46.83
1735137421, 16, 4, 10, 0, 0, 0.01%, 0, 0, 1, 50.40
1735137426, 16, 5, 10, 0, 0, 0.01%, 0, 0, 1, 49.25
1735137431, 16, 6, 10, 0, 0, 0.01%, 0, 0, 1, 52.63
1735137436, 16, 7, 10, 0, 0, 0.01%, 0, 0, 1, 48.66
1735137441, 16, 8, 10, 0, 0, 0.01%, 0, 0, 1, 46.43
1735137446, 16, 9, 10, 0, 0, 0.01%, 0, 0, 1, 46.82
1735137451, 17, 0, 10, 0, 0, 0.01%, 0, 0, 1, 46.76
1735137456, 17, 1, 10, 0, 0, 0.01%, 0, 0, 1, 48.94
1735137466, 17, 2, 10, 0, 0, 0.01%, 0, 0, 1, 49.44
1735137471, 17, 3, 10, 0, 0, 0.01%, 0, 0, 1, 46.78
1735137476, 17, 4, 10, 0, 0, 0.01%, 0, 0, 1, 47.26
1735137481, 17, 5, 10, 0, 0, 0.01%, 0, 0, 1, 45.66
1735137486, 17, 6, 10, 0, 0, 0.01%, 0, 0, 1, 49.23
1735137492, 17, 7, 10, 0, 0, 0.01%, 0, 0, 1, 48.23
1735137497, 17, 8, 10, 0, 0, 0.01%, 0, 0, 1, 48.54
1735137502, 17, 9, 10, 0, 0, 0.01%, 0, 0, 1, 48.82
1735137507, 18, 0, 10, 0, 0, 0.01%, 0, 0, 1, 49.26
1735137512, 18, 1, 10, 0, 0, 0.01%, 0, 0, 1, 47.74
1735137517, 18, 2, 10, 0, 0, 0.01%, 0, 0, 1, 49.06
1735137522, 18, 3, 10, 0, 0, 0.01%, 0, 0, 1, 47.07
1735137527, 18, 4, 10, 0, 0, 0.01%, 0, 0, 1, 48.50
1735137532, 18, 5, 10, 0, 0, 0.01%, 0, 0, 1, 47.66
1735137537, 18, 6, 10, 0, 0, 0.01%, 0, 0, 1, 47.23
1735137542, 18, 7, 10, 0, 0, 0.01%, 0, 0, 1, 48.18
1735137547, 18, 8, 10, 0, 0, 0.01%, 0, 0, 1, 48.92
1735137552, 18, 9, 10, 0, 0, 0.01%, 0, 0, 1, 48.67
1735137557, 19, 0, 10, 0, 0, 0.01%, 0, 0, 1, 47.75
1735137568, 19, 1, 10, 0, 0, 0.01%, 0, 0, 1, 47.57
1735137573, 19, 2, 10, 0, 0, 0.01%, 0, 0, 1, 48.51
1735137578, 19, 3, 10, 0, 0, 0.01%, 0, 0, 1, 47.61
1735137583, 19, 4, 10, 0, 0, 0.01%, 0, 0, 1, 46.54
1735137588, 19, 5, 10, 0, 0, 0.01%, 0, 0, 1, 48.99
1735137593, 19, 6, 10, 0, 0, 0.01%, 0, 0, 1, 45.09
1735137598, 19, 7, 10, 0, 0, 0.01%, 0, 0, 1, 46.98
1735137603, 19, 8, 10, 0, 0, 0.01%, 0, 0, 1, 47.40
1735137608, 19, 9, 10, 0, 0, 0.01%, 0, 0, 1, 48.61
1735137613, 20, 0, 10, 0, 0, 0.01%, 0, 0, 1, 46.25
1735137618, 20, 1, 10, 0, 0, 0.01%, 0, 0, 1, 45.98
1735137624, 20, 2, 10, 0, 0, 0.01%, 0, 0, 1, 45.67
1735137629, 20, 3, 10, 0, 0, 0.01%, 0, 0, 1, 49.16
1735137634, 20, 4, 10, 0, 0, 0.01%, 0, 0, 1, 50.34
1735137639, 20, 4, 11, 1, 0, 0.14%, 1, 0, 2, 48.27
1735137644, 20, 10, 13, 3, 1, 0.14%, 3, 0, 3, 67.79
1735137695, 20, 10, 14, 4, 1, 0.14%, 4, 0, 3, 51.98
1735137760, 20, 12, 14, 2, 2, 0.14%, 4, 0, 3, 61.05
1735137816, 20, 13, 15, 2, 1, 0.14%, 5, 0, 4, 58.78
1735137867, 20, 14, 15, 1, 1, 0.14%, 5, 0, 4, 67.78
1735137877, 20, 14, 16, 2, 1, 0.14%, 5, 0, 5, 51.78
1735137913, 20, 14, 17, 3, 1, 0.14%, 5, 0, 5, 53.46
1735138019, 20, 16, 17, 2, 1, 0.14%, 5, 0, 5, 49.86
1735138039, 20, 16, 19, 4, 1, 0.14%, 5, 0, 6, 59.20
1735138111, 20, 16, 20, 5, 1, 0.14%, 5, 0, 6, 56.96
1735138136, 20, 16, 21, 6, 1, 0.14%, 5, 0, 6, 58.29
1735138172, 20, 17, 21, 5, 0, 0.14%, 5, 0, 6, 85.12
1735138203, 20, 17, 22, 6, 0, 0.14%, 5, 0, 7, 59.58
1735138213, 20, 17, 23, 7, 0, 0.14%, 5, 0, 7, 54.04
1735138243, 20, 17, 24, 8, 0, 0.14%, 5, 0, 7, 59.61
1735138299, 20, 21, 24, 7, 2, 0.14%, 5, 0, 7, 90.52
1735138335, 20, 21, 26, 9, 2, 0.14%, 5, 0, 8, 59.98
1735138416, 21, 16, 26, 6, 0, 0.14%, 5, 0, 8, 56.34
1735138446, 21, 19, 27, 6, 0, 0.14%, 5, 0, 8, 78.95
1735138528, 21, 19, 28, 7, 0, 0.14%, 5, 0, 8, 61.88
1735138558, 21, 19, 29, 8, 0, 0.14%, 5, 0, 8, 63.49
1735138614, 22, 28, 29, 5, 0, 0.14%, 5, 0, 8, 78.95
1735138741, 25, 23, 29, 4, 0, 0.14%, 5, 0, 8, 81.25
1735138777, 25, 23, 30, 5, 0, 0.14%, 5, 0, 8, 66.93
1735138792, 25, 23, 31, 6, 0, 0.14%, 5, 0, 8, 66.99
1735138812, 25, 23, 32, 7, 0, 0.14%, 5, 0, 8, 59.27
1735138868, 25, 29, 32, 6, 1, 0.14%, 5, 0, 8, 67.08
1735138986, 25, 31, 32, 5, 0, 0.14%, 5, 0, 8, 92.60
1735139169, 26, 24, 32, 4, 0, 0.14%, 5, 0, 8, 42.00
1735140143, 26, 24, 34, 6, 0, 0.14%, 5, 0, 9, 106.75
1735140158, 26, 24, 35, 7, 0, 0.14%, 6, 0, 9, 97.08
1735140235, 26, 34, 35, 5, 0, 0.14%, 6, 0, 9, 48.07
1735140449, 27, 27, 35, 4, 0, 0.14%, 6, 0, 9, 55.63
1735140454, 27, 32, 35, 3, 0, 0.14%, 6, 0, 9, 39.99
1735141454, 27, 32, 36, 4, 0, 0.14%, 7, 0, 10, 96.93
1735141485, 27, 32, 37, 5, 0, 0.14%, 7, 0, 10, 97.18
1735141515, 27, 36, 37, 4, 1, 0.14%, 7, 0, 10, 75.32
1735141612, 29, 27, 37, 3, 0, 0.14%, 7, 0, 10, 94.96
1735142140, 30, 35, 37, 2, 0, 0.14%, 7, 0, 10, 50.24
1735142151, 32, 36, 37, 1, 0, 0.14%, 7, 0, 10, 46.70
1735142191, 33, 39, 40, 2, 0, 0.14%, 7, 0, 11, 74.49
1735142282, 34, 35, 40, 1, 0, 0.14%, 7, 0, 11, 113.54
1735143368, 39, 27, 40, 1, 0, 0.14%, 7, 0, 11, 66.97
1735143373, 39, 39, 40, 1, 0, 0.14%, 7, 0, 11, 68.26
1735143399, 40, 27, 40, 1, 0, 0.14%, 7, 0, 11, 74.13
1735143414, 40, 39, 40, 1, 0, 0.14%, 7, 0, 11, 68.57
1735143439, 41, 27, 40, 1, 0, 0.14%, 7, 0, 11, 67.34
1735143465, 41, 39, 40, 1, 0, 0.14%, 7, 0, 11, 70.94
1735143490, 42, 27, 40, 1, 0, 0.14%, 7, 0, 11, 73.10
1735143520, 42, 39, 40, 1, 0, 0.14%, 7, 0, 11, 60.63
1735143556, 43, 39, 40, 1, 0, 0.14%, 7, 0, 11, 64.49
1735143591, 44, 39, 40, 1, 0, 0.14%, 7, 0, 11, 66.64
1735143627, 45, 39, 40, 1, 0, 0.14%, 7, 0, 11, 66.47
1735143658, 46, 39, 40, 1, 0, 0.14%, 7, 0, 11, 64.87
1735143693, 47, 39, 40, 1, 0, 0.14%, 7, 0, 11, 63.17
1735143734, 48, 39, 40, 1, 0, 0.14%, 7, 0, 11, 61.17
1735143764, 56, 38, 40, 1, 0, 0.14%, 7, 0, 11, 48.82
1735143769, 59, 38, 40, 0, 0, 0.14%, 7, 0, 11, 66.49
1735144678, 60, 25, 40, 0, 0, 0.14%, 7, 0, 11, 68.92
1735144713, 69, 38, 40, 0, 0, 0.14%, 7, 0, 11, 67.42
1735144724, 70, 38, 40, 0, 0, 0.14%, 7, 0, 11, 75.64
1735144734, 71, 38, 40, 0, 0, 0.14%, 7, 0, 11, 81.77
1735144759, 80, 33, 40, 0, 0, 0.14%, 7, 0, 11, 92.18
1735144841, 82, 31, 40, 0, 0, 0.14%, 7, 0, 11, 71.95
1735144861, 96, 22, 40, 0, 0, 0.14%, 7, 0, 11, 66.69
1735144866, 101, 12, 40, 0, 0, 0.14%, 7, 0, 11, 63.33
1735144876, 101, 20, 40, 0, 0, 0.14%, 7, 0, 11, 77.88
1735144912, 106, 22, 40, 0, 0, 0.14%, 7, 0, 11, 66.85
1735144948, 109, 20, 40, 0, 0, 0.14%, 7, 0, 11, 64.73
1735144958, 111, 22, 40, 0, 0, 0.14%, 7, 0, 11, 62.02
1735144963, 116, 12, 40, 0, 0, 0.14%, 7, 0, 11, 55.89
1735144983, 118, 22, 40, 0, 0, 0.14%, 7, 0, 11, 57.19
1735144993, 118, 33, 40, 0, 0, 0.14%, 7, 0, 11, 64.98
1735145008, 121, 12, 40, 0, 0, 0.14%, 7, 0, 11, 58.09
1735145019, 121, 15, 40, 0, 0, 0.14%, 7, 0, 11, 87.36
1735145044, 121, 28, 40, 0, 0, 0.14%, 7, 0, 11, 60.91
1735145049, 122, 13, 40, 0, 0, 0.14%, 7, 0, 11, 56.17
1735145059, 125, 12, 40, 0, 0, 0.14%, 7, 0, 11, 55.87
1735145079, 127, 30, 40, 0, 0, 0.14%, 7, 0, 11, 78.53
1735145156, 129, 31, 40, 0, 0, 0.14%, 7, 0, 11, 71.30
1735145186, 129, 33, 40, 0, 0, 0.14%, 7, 0, 11, 73.53
1735145216, 130, 10, 40, 0, 0, 0.14%, 7, 0, 11, 62.41
1735145222, 132, 22, 40, 0, 0, 0.14%, 7, 0, 11, 59.12
1735145237, 134, 13, 40, 0, 0, 0.14%, 7, 0, 11, 65.42
1735145242, 134, 15, 40, 0, 0, 0.14%, 7, 0, 11, 64.12
1735145247, 136, 22, 40, 0, 0, 0.14%, 7, 0, 11, 58.88
1735145288, 138, 31, 40, 0, 0, 0.14%, 7, 0, 11, 74.60
1735145323, 139, 18, 40, 0, 0, 0.14%, 7, 0, 11, 71.82
1735145369, 139, 25, 40, 0, 0, 0.14%, 7, 0, 11, 61.67
1735145374, 140, 18, 40, 0, 0, 0.14%, 7, 0, 11, 61.94
1735145379, 141, 33, 40, 0, 0, 0.14%, 7, 0, 11, 66.36
1735145404, 143, 36, 40, 0, 0, 0.14%, 7, 0, 11, 59.70
1735145414, 145, 11, 40, 0, 0, 0.14%, 7, 0, 11, 72.61
1735145440, 146, 13, 40, 0, 0, 0.14%, 7, 0, 11, 55.01
1735145450, 146, 25, 40, 0, 0, 0.14%, 7, 0, 11, 64.95
1735145470, 146, 33, 40, 0, 0, 0.14%, 7, 0, 11, 67.77
1735145505, 147, 10, 40, 0, 0, 0.14%, 7, 0, 11, 67.69
1735145511, 147, 22, 40, 0, 0, 0.14%, 7, 0, 11, 59.97
1735145546, 148, 22, 40, 0, 0, 0.14%, 7, 0, 11, 59.98
1735145587, 149, 12, 40, 0, 0, 0.14%, 7, 0, 11, 54.07
1735145607, 149, 20, 40, 0, 0, 0.14%, 7, 0, 11, 67.59
1735145622, 151, 36, 40, 0, 0, 0.14%, 7, 0, 11, 60.56
1735145637, 152, 22, 40, 0, 0, 0.14%, 7, 0, 11, 56.82
1735145673, 152, 36, 40, 0, 0, 0.14%, 7, 0, 11, 63.15
1735145708, 153, 25, 40, 0, 0, 0.14%, 7, 0, 11, 63.90
1735145744, 153, 31, 40, 0, 0, 0.14%, 7, 0, 11, 76.73
1735145780, 155, 22, 40, 0, 0, 0.14%, 7, 0, 11, 59.69
1735145815, 158, 28, 40, 0, 0, 0.14%, 7, 0, 11, 65.98
1735145830, 159, 18, 40, 0, 0, 0.14%, 7, 0, 11, 58.54
1735145840, 159, 28, 40, 0, 0, 0.14%, 7, 0, 11, 62.33
1735145866, 161, 15, 40, 0, 0, 0.14%, 7, 0, 11, 63.63
1735145876, 163, 16, 40, 0, 0, 0.14%, 7, 0, 11, 56.64
1735145881, 163, 25, 40, 0, 0, 0.14%, 7, 0, 11, 62.93
1735145922, 166, 11, 40, 0, 0, 0.14%, 7, 0, 11, 63.72
1735145932, 167, 25, 40, 0, 0, 0.14%, 7, 0, 11, 67.01
1735145972, 168, 10, 40, 0, 0, 0.14%, 7, 0, 11, 63.11
1735145977, 171, 13, 40, 0, 0, 0.14%, 7, 0, 11, 61.36
1735145987, 171, 16, 40, 0, 0, 0.14%, 7, 0, 11, 61.82
1735145998, 172, 17, 40, 0, 0, 0.14%, 7, 0, 11, 54.80
1735146003, 172, 36, 40, 0, 0, 0.14%, 7, 0, 11, 61.33
1735146038, 174, 10, 40, 0, 0, 0.14%, 7, 0, 11, 53.56
1735146058, 174, 15, 40, 0, 0, 0.14%, 7, 0, 11, 62.01
1735146079, 175, 11, 40, 0, 0, 0.14%, 7, 0, 11, 63.93
1735146094, 175, 13, 40, 0, 0, 0.14%, 7, 0, 11, 62.18
1735146120, 175, 31, 40, 0, 0, 0.14%, 7, 0, 11, 68.48
1735146155, 177, 22, 40, 0, 0, 0.14%, 7, 0, 11, 62.10
1735146196, 182, 14, 40, 0, 0, 0.14%, 7, 0, 11, 60.66
1735146201, 183, 10, 40, 0, 0, 0.14%, 7, 0, 11, 56.93
1735146231, 184, 31, 40, 0, 0, 0.14%, 7, 0, 11, 71.40
1735146267, 188, 15, 40, 0, 0, 0.14%, 7, 0, 11, 64.49
1735146307, 188, 32, 40, 0, 0, 0.14%, 7, 0, 11, 76.03
1735146313, 194, 28, 40, 0, 0, 0.14%, 7, 0, 11, 65.01
1735146353, 195, 13, 40, 0, 0, 0.14%, 7, 0, 11, 56.87
1735146388, 197, 21, 40, 0, 0, 0.14%, 7, 0, 11, 63.90
1735146393, 199, 28, 40, 0, 0, 0.14%, 7, 0, 11, 63.96
1735146434, 201, 17, 40, 0, 0, 0.14%, 7, 0, 11, 57.40
1735146444, 204, 35, 40, 0, 0, 0.14%, 7, 0, 11, 65.65
1735146454, 204, 36, 40, 0, 0, 0.14%, 7, 0, 11, 67.18
1735146485, 205, 36, 40, 0, 0, 0.14%, 7, 0, 11, 63.44
1735146521, 206, 10, 40, 0, 0, 0.14%, 7, 0, 11, 60.77
1735146561, 207, 11, 40, 0, 0, 0.14%, 7, 0, 11, 61.49
1735146581, 207, 32, 40, 0, 0, 0.14%, 7, 0, 11, 85.05
1735146597, 208, 32, 40, 0, 0, 0.14%, 7, 0, 11, 61.78
1735146632, 209, 12, 40, 0, 0, 0.14%, 7, 0, 11, 55.01
1735146663, 209, 21, 40, 0, 0, 0.14%, 7, 0, 11, 64.43
1735146673, 209, 28, 40, 0, 0, 0.14%, 7, 0, 11, 65.48
1735146709, 211, 18, 40, 0, 0, 0.14%, 7, 0, 11, 64.88
1735146729, 212, 14, 40, 0, 0, 0.14%, 7, 0, 11, 58.25
1735146739, 213, 15, 40, 0, 0, 0.14%, 7, 0, 11, 64.92
1735146779, 213, 21, 40, 0, 0, 0.14%, 7, 0, 11, 62.12
1735146795, 213, 26, 40, 0, 0, 0.14%, 7, 0, 11, 81.10
1735146876, 215, 10, 40, 0, 0, 0.14%, 7, 0, 11, 57.26
1735146911, 215, 11, 40, 0, 0, 0.14%, 7, 0, 11, 64.73
1735146951, 215, 20, 40, 0, 0, 0.14%, 7, 0, 11, 59.92
1735146982, 216, 14, 40, 0, 0, 0.14%, 7, 0, 11, 63.33
1735147007, 217, 15, 40, 0, 0, 0.14%, 7, 0, 11, 64.92
1735147043, 218, 11, 40, 0, 0, 0.14%, 7, 0, 11, 54.31
1735147078, 220, 12, 40, 0, 0, 0.14%, 7, 0, 11, 67.34
1735147119, 221, 12, 40, 0, 0, 0.14%, 7, 0, 11, 61.46
1735147154, 222, 23, 40, 0, 0, 0.14%, 7, 0, 11, 65.58
1735147159, 223, 31, 40, 0, 0, 0.14%, 7, 0, 11, 72.81
1735147195, 224, 28, 40, 0, 0, 0.14%, 7, 0, 11, 59.96
