# unix_time, cycles_done, cur_path, paths_total, pending_total, pending_favs, map_size, unique_crashes, unique_hangs, max_depth, execs_per_sec
1733603709, 0, 0, 10, 10, 1, 0.01%, 0, 0, 1, 35.97
1733603714, 0, 3, 10, 10, 1, 0.01%, 0, 0, 1, 35.88
1733603730, 1, 0, 10, 3, 0, 0.01%, 0, 0, 1, 44.33
1733603735, 1, 1, 10, 2, 0, 0.01%, 0, 0, 1, 42.90
1733603745, 1, 2, 10, 1, 0, 0.01%, 0, 0, 1, 43.76
1733603750, 1, 3, 10, 0, 0, 0.01%, 0, 0, 1, 42.91
1733603755, 1, 4, 10, 0, 0, 0.01%, 0, 0, 1, 44.22
1733603760, 1, 5, 10, 0, 0, 0.01%, 0, 0, 1, 44.45
1733603765, 1, 6, 10, 0, 0, 0.01%, 0, 0, 1, 44.25
1733603770, 1, 7, 10, 0, 0, 0.01%, 0, 0, 1, 42.60
1733603780, 1, 8, 10, 0, 0, 0.01%, 0, 0, 1, 44.37
1733603785, 1, 9, 10, 0, 0, 0.01%, 0, 0, 1, 45.21
1733603791, 2, 0, 10, 0, 0, 0.01%, 0, 0, 1, 42.75
1733603796, 2, 1, 10, 0, 0, 0.01%, 0, 0, 1, 41.34
1733603801, 2, 2, 10, 0, 0, 0.01%, 0, 0, 1, 43.54
1733603806, 2, 3, 10, 0, 0, 0.01%, 0, 0, 1, 42.52
1733603811, 2, 4, 10, 0, 0, 0.01%, 0, 0, 1, 44.44
1733603821, 2, 5, 10, 0, 0, 0.01%, 0, 0, 1, 42.87
1733603826, 2, 6, 10, 0, 0, 0.01%, 0, 0, 1, 42.35
1733603831, 2, 7, 10, 0, 0, 0.01%, 0, 0, 1, 42.42
1733603836, 2, 8, 10, 0, 0, 0.01%, 0, 0, 1, 42.72
1733603842, 2, 9, 10, 0, 0, 0.01%, 0, 0, 1, 43.35
1733603847, 3, 0, 10, 0, 0, 0.01%, 0, 0, 1, 44.23
1733603857, 3, 1, 10, 0, 0, 0.01%, 0, 0, 1, 43.73
1733603862, 3, 2, 10, 0, 0, 0.01%, 0, 0, 1, 43.30
1733603867, 3, 3, 10, 0, 0, 0.01%, 0, 0, 1, 42.93
1733603872, 3, 4, 10, 0, 0, 0.01%, 0, 0, 1, 44.13
1733603877, 3, 5, 10, 0, 0, 0.01%, 0, 0, 1, 44.86
1733603882, 3, 6, 10, 0, 0, 0.01%, 0, 0, 1, 43.36
1733603887, 3, 7, 10, 0, 0, 0.01%, 0, 0, 1, 44.47
1733603897, 3, 8, 10, 0, 0, 0.01%, 0, 0, 1, 42.32
1733603902, 3, 9, 10, 0, 0, 0.01%, 0, 0, 1, 44.05
1733603908, 4, 0, 10, 0, 0, 0.01%, 0, 0, 1, 43.03
1733603913, 4, 1, 10, 0, 0, 0.01%, 0, 0, 1, 44.29
1733603918, 4, 2, 10, 0, 0, 0.01%, 0, 0, 1, 44.11
1733603923, 4, 3, 10, 0, 0, 0.01%, 0, 0, 1, 44.02
1733603933, 4, 4, 10, 0, 0, 0.01%, 0, 0, 1, 42.19
1733603938, 4, 5, 10, 0, 0, 0.01%, 0, 0, 1, 43.23
1733603943, 4, 6, 10, 0, 0, 0.01%, 0, 0, 1, 41.79
1733603948, 4, 7, 10, 0, 0, 0.01%, 0, 0, 1, 44.35
1733603953, 4, 8, 10, 0, 0, 0.01%, 0, 0, 1, 43.52
1733603958, 4, 9, 10, 0, 0, 0.01%, 0, 0, 1, 43.85
1733603968, 5, 0, 10, 0, 0, 0.01%, 0, 0, 1, 41.90
1733603974, 5, 1, 10, 0, 0, 0.01%, 0, 0, 1, 42.30
1733603979, 5, 2, 10, 0, 0, 0.01%, 0, 0, 1, 44.22
1733603984, 5, 3, 10, 0, 0, 0.01%, 0, 0, 1, 44.56
1733603989, 5, 4, 10, 0, 0, 0.01%, 0, 0, 1, 42.23
1733603994, 5, 5, 10, 0, 0, 0.01%, 0, 0, 1, 43.33
1733604004, 5, 6, 10, 0, 0, 0.01%, 0, 0, 1, 43.19
1733604009, 5, 7, 10, 0, 0, 0.01%, 0, 0, 1, 45.47
1733604014, 5, 8, 10, 0, 0, 0.01%, 0, 0, 1, 43.19
1733604019, 5, 9, 10, 0, 0, 0.01%, 0, 0, 1, 42.78
1733604024, 6, 0, 10, 0, 0, 0.01%, 0, 0, 1, 44.52
1733604029, 6, 1, 10, 0, 0, 0.01%, 0, 0, 1, 43.96
1733604034, 6, 2, 10, 0, 0, 0.01%, 0, 0, 1, 43.87
1733604044, 6, 3, 10, 0, 0, 0.01%, 0, 0, 1, 43.60
1733604050, 6, 4, 10, 0, 0, 0.01%, 0, 0, 1, 44.55
1733604055, 6, 5, 10, 0, 0, 0.01%, 0, 0, 1, 43.16
1733604060, 6, 6, 10, 0, 0, 0.01%, 0, 0, 1, 43.62
1733604065, 6, 7, 10, 0, 0, 0.01%, 0, 0, 1, 43.70
1733604070, 6, 8, 10, 0, 0, 0.01%, 0, 0, 1, 44.51
1733604080, 6, 9, 10, 0, 0, 0.01%, 0, 0, 1, 43.31
1733604085, 7, 0, 10, 0, 0, 0.01%, 0, 0, 1, 44.29
1733604090, 7, 1, 10, 0, 0, 0.01%, 0, 0, 1, 43.77
1733604095, 7, 2, 10, 0, 0, 0.01%, 0, 0, 1, 44.14
1733604100, 7, 3, 10, 0, 0, 0.01%, 0, 0, 1, 44.47
1733604105, 7, 4, 10, 0, 0, 0.01%, 0, 0, 1, 43.45
1733604110, 7, 5, 10, 0, 0, 0.01%, 0, 0, 1, 42.84
1733604121, 7, 6, 11, 1, 0, 0.14%, 1, 0, 2, 43.67
1733604126, 7, 10, 11, 1, 1, 0.14%, 1, 0, 2, 61.95
1733604136, 7, 10, 12, 2, 1, 0.14%, 2, 0, 3, 48.19
1733604177, 7, 10, 13, 3, 1, 0.14%, 3, 0, 3, 46.07
1733604268, 7, 12, 13, 1, 1, 0.14%, 3, 0, 3, 63.95
1733604314, 7, 12, 14, 2, 1, 0.14%, 4, 0, 4, 48.40
1733604339, 7, 12, 15, 3, 1, 0.14%, 4, 0, 4, 48.72
1733604400, 7, 13, 16, 3, 1, 0.14%, 5, 0, 5, 56.50
1733604501, 9, 13, 16, 1, 0, 0.14%, 5, 0, 5, 49.02
1733604522, 9, 13, 17, 2, 0, 0.14%, 5, 0, 5, 51.46
1733604527, 9, 16, 18, 3, 1, 0.14%, 5, 0, 6, 61.02
1733604532, 9, 16, 19, 4, 1, 0.14%, 5, 0, 6, 89.94
1733604562, 9, 16, 20, 5, 1, 0.14%, 5, 0, 6, 52.89
1733604567, 9, 16, 21, 6, 1, 0.14%, 5, 0, 6, 51.69
1733604608, 9, 16, 22, 7, 1, 0.14%, 5, 0, 6, 52.99
1733604618, 9, 16, 23, 8, 1, 0.14%, 5, 0, 6, 53.62
1733604638, 9, 16, 24, 9, 1, 0.14%, 5, 0, 6, 52.31
1733604709, 9, 22, 24, 8, 2, 0.14%, 5, 0, 6, 71.93
1733604751, 9, 22, 26, 10, 2, 0.14%, 5, 0, 7, 58.28
1733604771, 9, 22, 27, 11, 2, 0.14%, 5, 0, 7, 56.40
1733604857, 9, 23, 27, 10, 3, 0.14%, 5, 0, 7, 78.78
1733604949, 9, 24, 27, 9, 2, 0.14%, 5, 0, 7, 61.13
1733605051, 9, 25, 27, 8, 1, 0.14%, 5, 0, 7, 74.59
1733605117, 9, 25, 28, 9, 1, 0.14%, 5, 0, 8, 53.59
1733605193, 9, 27, 28, 8, 1, 0.14%, 5, 0, 8, 52.45
1733605255, 9, 27, 29, 9, 1, 0.14%, 5, 0, 9, 61.78
1733605270, 9, 27, 30, 10, 1, 0.14%, 5, 0, 9, 59.23
1733605285, 9, 27, 31, 11, 1, 0.14%, 5, 0, 9, 59.56
1733605316, 9, 27, 32, 12, 1, 0.14%, 5, 0, 9, 61.20
1733605376, 9, 30, 32, 11, 1, 0.14%, 5, 0, 9, 52.61
1733605432, 9, 30, 33, 12, 1, 0.14%, 5, 0, 10, 58.64
1733605457, 9, 30, 34, 13, 1, 0.14%, 5, 0, 10, 62.93
1733605508, 9, 30, 35, 14, 1, 0.14%, 5, 0, 10, 59.90
1733605554, 10, 21, 35, 11, 0, 0.14%, 5, 0, 10, 76.50
1733605656, 10, 21, 36, 12, 0, 0.14%, 5, 0, 10, 63.05
1733605661, 10, 21, 37, 13, 0, 0.14%, 5, 0, 10, 65.70
1733605666, 10, 35, 37, 12, 1, 0.14%, 5, 0, 10, 66.09
1733605799, 11, 26, 37, 9, 0, 0.14%, 5, 0, 10, 70.10
1733605900, 11, 32, 37, 8, 0, 0.14%, 5, 0, 10, 89.28
1733606002, 11, 32, 38, 9, 0, 0.14%, 5, 0, 11, 74.92
1733606074, 11, 37, 38, 9, 1, 0.14%, 5, 0, 11, 96.53
1733606166, 11, 37, 39, 10, 1, 0.14%, 6, 0, 12, 67.53
1733606277, 11, 38, 39, 9, 1, 0.14%, 6, 0, 12, 45.48
1733606781, 12, 20, 39, 8, 0, 0.14%, 6, 0, 12, 77.17
1733606862, 12, 34, 39, 7, 0, 0.14%, 6, 0, 12, 45.95
1733606981, 12, 34, 41, 9, 0, 0.14%, 7, 0, 12, 115.21
1733607452, 12, 40, 41, 8, 1, 0.14%, 7, 0, 12, 58.69
1733607457, 14, 33, 41, 4, 0, 0.14%, 7, 0, 12, 40.01
1733607462, 15, 15, 41, 2, 0, 0.14%, 7, 0, 12, 77.84
1733607493, 16, 28, 41, 2, 0, 0.14%, 7, 0, 12, 79.98
1733607600, 16, 33, 41, 2, 0, 0.14%, 7, 0, 12, 92.14
1733607697, 17, 29, 41, 2, 0, 0.14%, 7, 0, 12, 94.45
1733607814, 19, 31, 41, 1, 0, 0.14%, 7, 0, 12, 52.47
1733607819, 20, 31, 41, 0, 0, 0.14%, 7, 0, 12, 95.14
1733608251, 21, 33, 41, 0, 0, 0.14%, 7, 0, 12, 58.31
1733608261, 22, 33, 41, 0, 0, 0.14%, 7, 0, 12, 64.26
1733608286, 23, 33, 41, 0, 0, 0.14%, 7, 0, 12, 64.01
1733608322, 24, 33, 41, 0, 0, 0.14%, 7, 0, 12, 67.78
1733608357, 25, 33, 41, 0, 0, 0.14%, 7, 0, 12, 56.39
1733608398, 26, 33, 41, 0, 0, 0.14%, 7, 0, 12, 73.46
1733608434, 27, 33, 41, 0, 0, 0.14%, 7, 0, 12, 69.28
1733608469, 28, 33, 41, 0, 0, 0.14%, 7, 0, 12, 63.40
1733608509, 29, 33, 41, 0, 0, 0.14%, 7, 0, 12, 65.19
1733608545, 30, 31, 41, 0, 0, 0.14%, 7, 0, 12, 64.60
1733608550, 31, 31, 41, 0, 0, 0.14%, 7, 0, 12, 69.12
1733608571, 32, 31, 41, 0, 0, 0.14%, 7, 0, 12, 80.82
1733608607, 33, 31, 41, 0, 0, 0.14%, 7, 0, 12, 68.51
1733608642, 34, 31, 41, 0, 0, 0.14%, 7, 0, 12, 71.23
1733608678, 35, 15, 41, 0, 0, 0.14%, 7, 0, 12, 57.27
1733608688, 50, 13, 41, 0, 0, 0.14%, 7, 0, 12, 59.00
1733608698, 59, 13, 41, 0, 0, 0.14%, 7, 0, 12, 58.22
1733608708, 60, 15, 41, 0, 0, 0.14%, 7, 0, 12, 60.48
1733608719, 79, 11, 41, 0, 0, 0.14%, 7, 0, 12, 63.16
1733608734, 83, 11, 41, 0, 0, 0.14%, 7, 0, 12, 56.82
1733608739, 85, 11, 41, 0, 0, 0.14%, 7, 0, 12, 54.11
1733608749, 86, 17, 41, 0, 0, 0.14%, 7, 0, 12, 67.50
1733608795, 86, 32, 41, 0, 0, 0.14%, 7, 0, 12, 63.30
1733608805, 87, 32, 41, 0, 0, 0.14%, 7, 0, 12, 67.02
1733608825, 90, 15, 41, 0, 0, 0.14%, 7, 0, 12, 57.01
1733608851, 94, 13, 41, 0, 0, 0.14%, 7, 0, 12, 57.23
1733608876, 95, 25, 41, 0, 0, 0.14%, 7, 0, 12, 59.46
1733608881, 97, 22, 41, 0, 0, 0.14%, 7, 0, 12, 56.66
1733608886, 98, 32, 41, 0, 0, 0.14%, 7, 0, 12, 65.01
1733608922, 99, 17, 41, 0, 0, 0.14%, 7, 0, 12, 56.34
1733608927, 99, 22, 41, 0, 0, 0.14%, 7, 0, 12, 60.81
1733608937, 100, 13, 41, 0, 0, 0.14%, 7, 0, 12, 57.25
1733608967, 100, 17, 41, 0, 0, 0.14%, 7, 0, 12, 59.82
1733608977, 102, 25, 41, 0, 0, 0.14%, 7, 0, 12, 57.72
1733608988, 103, 21, 41, 0, 0, 0.14%, 7, 0, 12, 64.08
1733608993, 103, 25, 41, 0, 0, 0.14%, 7, 0, 12, 62.81
1733609018, 107, 21, 41, 0, 0, 0.14%, 7, 0, 12, 65.66
1733609028, 107, 25, 41, 0, 0, 0.14%, 7, 0, 12, 62.58
1733609063, 110, 21, 41, 0, 0, 0.14%, 7, 0, 12, 61.66
1733609089, 111, 20, 41, 0, 0, 0.14%, 7, 0, 12, 57.90
1733609094, 113, 15, 41, 0, 0, 0.14%, 7, 0, 12, 55.53
1733609135, 115, 20, 41, 0, 0, 0.14%, 7, 0, 12, 64.77
1733609145, 116, 15, 41, 0, 0, 0.14%, 7, 0, 12, 57.49
1733609180, 121, 40, 41, 0, 0, 0.14%, 7, 0, 12, 58.83
1733609549, 123, 20, 41, 0, 0, 0.14%, 7, 0, 12, 53.01
1733609574, 123, 22, 41, 0, 0, 0.14%, 7, 0, 12, 62.53
1733609599, 124, 22, 41, 0, 0, 0.14%, 7, 0, 12, 56.48
1733609640, 124, 25, 41, 0, 0, 0.14%, 7, 0, 12, 58.65
1733609680, 130, 32, 41, 0, 0, 0.14%, 7, 0, 12, 69.57
1733609716, 131, 17, 41, 0, 0, 0.14%, 7, 0, 12, 59.09
1733609746, 132, 19, 41, 0, 0, 0.14%, 7, 0, 12, 87.02
1733609797, 133, 28, 41, 0, 0, 0.14%, 7, 0, 12, 61.82
1733609807, 135, 15, 41, 0, 0, 0.14%, 7, 0, 12, 57.72
1733609848, 136, 22, 41, 0, 0, 0.14%, 7, 0, 12, 61.32
1733609884, 137, 15, 41, 0, 0, 0.14%, 7, 0, 12, 64.34
1733609924, 138, 21, 41, 0, 0, 0.14%, 7, 0, 12, 65.65
1733609960, 140, 19, 41, 0, 0, 0.14%, 7, 0, 12, 65.09
1733609970, 143, 21, 41, 0, 0, 0.14%, 7, 0, 12, 63.97
1733610005, 144, 11, 41, 0, 0, 0.14%, 7, 0, 12, 59.32
1733610011, 145, 11, 41, 0, 0, 0.14%, 7, 0, 12, 56.45
1733610031, 145, 29, 41, 0, 0, 0.14%, 7, 0, 12, 62.67
1733610036, 146, 11, 41, 0, 0, 0.14%, 7, 0, 12, 63.18
1733610071, 147, 15, 41, 0, 0, 0.14%, 7, 0, 12, 63.64
1733610112, 149, 19, 41, 0, 0, 0.14%, 7, 0, 12, 59.53
1733610132, 149, 22, 41, 0, 0, 0.14%, 7, 0, 12, 60.42
1733610168, 149, 35, 41, 0, 0, 0.14%, 7, 0, 12, 67.47
1733610173, 153, 28, 41, 0, 0, 0.14%, 7, 0, 12, 64.34
1733610193, 153, 29, 41, 0, 0, 0.14%, 7, 0, 12, 62.63
1733610208, 154, 25, 41, 0, 0, 0.14%, 7, 0, 12, 59.71
1733610244, 154, 29, 41, 0, 0, 0.14%, 7, 0, 12, 62.66
1733610274, 156, 32, 41, 0, 0, 0.14%, 7, 0, 12, 65.12
1733610314, 160, 21, 41, 0, 0, 0.14%, 7, 0, 12, 63.47
1733610350, 161, 40, 41, 0, 0, 0.14%, 7, 0, 12, 60.51
1733610360, 162, 22, 41, 0, 0, 0.14%, 7, 0, 12, 62.02
1733610401, 162, 29, 41, 0, 0, 0.14%, 7, 0, 12, 65.60
1733610436, 163, 32, 41, 0, 0, 0.14%, 7, 0, 12, 67.23
1733610477, 164, 13, 41, 0, 0, 0.14%, 7, 0, 12, 58.42
1733610512, 165, 19, 41, 0, 0, 0.14%, 7, 0, 12, 61.72
1733610547, 165, 28, 41, 0, 0, 0.14%, 7, 0, 12, 61.87
1733610583, 166, 10, 41, 0, 0, 0.14%, 7, 0, 12, 58.82
1733610588, 167, 19, 41, 0, 0, 0.14%, 7, 0, 12, 63.04
1733610623, 167, 28, 41, 0, 0, 0.14%, 7, 0, 12, 62.48
1733610659, 168, 11, 41, 0, 0, 0.14%, 7, 0, 12, 62.20
1733610700, 169, 25, 41, 0, 0, 0.14%, 7, 0, 12, 69.70
1733610740, 169, 32, 41, 0, 0, 0.14%, 7, 0, 12, 68.15
1733610771, 170, 29, 41, 0, 0, 0.14%, 7, 0, 12, 63.38
1733610811, 170, 35, 41, 0, 0, 0.14%, 7, 0, 12, 54.47
1733610826, 170, 39, 41, 0, 0, 0.14%, 7, 0, 12, 61.74
1733610831, 171, 20, 41, 0, 0, 0.14%, 7, 0, 12, 63.21
1733610872, 172, 22, 41, 0, 0, 0.14%, 7, 0, 12, 63.59
1733610913, 172, 28, 41, 0, 0, 0.14%, 7, 0, 12, 58.38
1733610953, 173, 21, 41, 0, 0, 0.14%, 7, 0, 12, 65.04
1733610989, 174, 25, 41, 0, 0, 0.14%, 7, 0, 12, 55.94
1733611030, 175, 20, 41, 0, 0, 0.14%, 7, 0, 12, 62.99
1733611065, 176, 25, 41, 0, 0, 0.14%, 7, 0, 12, 69.48
1733611106, 177, 35, 41, 0, 0, 0.14%, 7, 0, 12, 61.96
1733611131, 178, 19, 41, 0, 0, 0.14%, 7, 0, 12, 60.61
1733611167, 178, 27, 41, 0, 0, 0.14%, 7, 0, 12, 59.86
1733611177, 181, 32, 41, 0, 0, 0.14%, 7, 0, 12, 69.07
1733611212, 182, 40, 41, 0, 0, 0.14%, 7, 0, 12, 63.53
1733611243, 183, 15, 41, 0, 0, 0.14%, 7, 0, 12, 55.04
1733611283, 183, 22, 41, 0, 0, 0.14%, 7, 0, 12, 63.99
1733611319, 184, 10, 41, 0, 0, 0.14%, 7, 0, 12, 62.49
1733611329, 184, 20, 41, 0, 0, 0.14%, 7, 0, 12, 63.82
1733611365, 184, 35, 41, 0, 0, 0.14%, 7, 0, 12, 61.59
1733611405, 184, 37, 41, 0, 0, 0.14%, 7, 0, 12, 62.49
1733611415, 186, 17, 41, 0, 0, 0.14%, 7, 0, 12, 55.79
1733611455, 187, 34, 41, 0, 0, 0.14%, 7, 0, 12, 69.67
1733611466, 188, 40, 41, 0, 0, 0.14%, 7, 0, 12, 66.58
1733611501, 191, 35, 41, 0, 0, 0.14%, 7, 0, 12, 58.71
1733611537, 193, 34, 41, 0, 0, 0.14%, 7, 0, 12, 68.68
1733611567, 193, 35, 41, 0, 0, 0.14%, 7, 0, 12, 58.25
1733611603, 194, 19, 41, 0, 0, 0.14%, 7, 0, 12, 65.85
1733611644, 196, 15, 41, 0, 0, 0.14%, 7, 0, 12, 55.47
1733611684, 198, 34, 41, 0, 0, 0.14%, 7, 0, 12, 76.18
1733611715, 198, 39, 41, 0, 0, 0.14%, 7, 0, 12, 80.74
1733612109, 198, 40, 41, 0, 0, 0.14%, 7, 0, 12, 66.44
1733612144, 199, 10, 41, 0, 0, 0.14%, 7, 0, 12, 52.37
1733612154, 199, 24, 42, 1, 0, 0.14%, 8, 0, 12, 61.89
1733612160, 201, 24, 42, 1, 0, 0.14%, 8, 0, 12, 59.15
1733612170, 201, 28, 42, 1, 0, 0.14%, 8, 0, 12, 59.18
1733612210, 202, 34, 42, 1, 0, 0.14%, 8, 0, 12, 64.18
1733612246, 202, 41, 42, 1, 0, 0.14%, 8, 0, 12, 49.63
1733612797, 203, 24, 42, 0, 0, 0.14%, 8, 0, 12, 58.79
1733612823, 205, 28, 42, 0, 0, 0.14%, 8, 0, 12, 64.26
1733612858, 206, 17, 42, 0, 0, 0.14%, 8, 0, 12, 63.79
1733612899, 206, 27, 42, 0, 0, 0.14%, 8, 0, 12, 64.28
1733612914, 208, 17, 42, 0, 0, 0.14%, 8, 0, 12, 57.54
1733612949, 209, 11, 42, 0, 0, 0.14%, 8, 0, 12, 57.80
1733612985, 210, 27, 42, 0, 0, 0.14%, 8, 0, 12, 61.83
1733613016, 211, 15, 42, 0, 0, 0.14%, 8, 0, 12, 61.96
1733613051, 212, 30, 42, 0, 0, 0.14%, 8, 0, 12, 63.91
1733613056, 214, 11, 42, 0, 0, 0.14%, 8, 0, 12, 62.01
1733613097, 215, 18, 42, 0, 0, 0.14%, 8, 0, 12, 60.48
1733613137, 215, 30, 42, 0, 0, 0.14%, 8, 0, 12, 65.88
1733613157, 216, 13, 42, 0, 0, 0.14%, 8, 0, 12, 54.26
1733613198, 217, 11, 42, 0, 0, 0.14%, 8, 0, 12, 54.97
1733613239, 217, 12, 42, 0, 0, 0.14%, 8, 0, 12, 56.79
1733613244, 218, 10, 42, 0, 0, 0.14%, 8, 0, 12, 57.11
1733613269, 220, 17, 42, 0, 0, 0.14%, 8, 0, 12, 58.18
1733613305, 221, 36, 42, 0, 0, 0.14%, 8, 0, 12, 54.24
1733613310, 225, 24, 42, 0, 0, 0.14%, 8, 0, 12, 60.35
1733613350, 226, 29, 42, 0, 0, 0.14%, 8, 0, 12, 60.51
1733613391, 226, 37, 42, 0, 0, 0.14%, 8, 0, 12, 70.56
1733613411, 227, 24, 42, 0, 0, 0.14%, 8, 0, 12, 59.73
1733613452, 227, 29, 42, 0, 0, 0.14%, 8, 0, 12, 63.60
1733613488, 228, 23, 42, 0, 0, 0.14%, 8, 0, 12, 56.45
1733613493, 229, 15, 42, 0, 0, 0.14%, 8, 0, 12, 60.53
1733613533, 230, 13, 42, 0, 0, 0.14%, 8, 0, 12, 54.22
1733613574, 232, 11, 42, 0, 0, 0.14%, 8, 0, 12, 57.12
1733613609, 234, 36, 42, 0, 0, 0.14%, 8, 0, 12, 65.93
1733614172, 234, 39, 42, 0, 0, 0.14%, 8, 0, 12, 65.50
1733614182, 236, 34, 42, 0, 0, 0.14%, 8, 0, 12, 75.27
1733614217, 238, 18, 42, 0, 0, 0.14%, 8, 0, 12, 58.22
1733614222, 238, 38, 42, 0, 0, 0.14%, 8, 0, 12, 63.32
1733614227, 242, 17, 42, 0, 0, 0.14%, 8, 0, 12, 62.00
1733614263, 245, 19, 42, 0, 0, 0.14%, 8, 0, 12, 60.07
1733614293, 245, 27, 42, 0, 0, 0.14%, 8, 0, 12, 62.25
1733614334, 245, 40, 42, 0, 0, 0.14%, 8, 0, 12, 62.98
1733614370, 246, 37, 42, 0, 0, 0.14%, 8, 0, 12, 64.51
1733614405, 247, 29, 42, 0, 0, 0.14%, 8, 0, 12, 63.76
1733614440, 248, 18, 42, 0, 0, 0.14%, 8, 0, 12, 67.96
1733614451, 248, 19, 42, 0, 0, 0.14%, 8, 0, 12, 60.88
1733614492, 248, 40, 42, 0, 0, 0.14%, 8, 0, 12, 62.38
1733614527, 249, 38, 42, 0, 0, 0.14%, 8, 0, 12, 78.45
1733614548, 250, 38, 42, 0, 0, 0.14%, 8, 0, 12, 80.75
1733614578, 252, 34, 42, 0, 0, 0.14%, 8, 0, 12, 77.13
1733614609, 253, 18, 42, 0, 0, 0.14%, 8, 0, 12, 59.38
1733614629, 254, 13, 42, 0, 0, 0.14%, 8, 0, 12, 58.62
1733614670, 255, 13, 42, 0, 0, 0.14%, 8, 0, 12, 58.36
1733614711, 257, 10, 42, 0, 0, 0.14%, 8, 0, 12, 57.06
1733614752, 258, 18, 42, 0, 0, 0.14%, 8, 0, 12, 52.65
1733614787, 258, 37, 42, 0, 0, 0.14%, 8, 0, 12, 61.96
1733614822, 259, 39, 42, 0, 0, 0.14%, 8, 0, 12, 61.73
1733614838, 260, 38, 42, 0, 0, 0.14%, 8, 0, 12, 77.30
1733614873, 262, 18, 42, 0, 0, 0.14%, 8, 0, 12, 52.94
1733614909, 262, 39, 42, 0, 0, 0.14%, 8, 0, 12, 56.94
1733614944, 265, 24, 42, 0, 0, 0.14%, 8, 0, 12, 58.35
1733614985, 266, 38, 42, 0, 0, 0.14%, 8, 0, 12, 83.71
1733615015, 267, 12, 42, 0, 0, 0.14%, 8, 0, 12, 55.63
1733615025, 269, 10, 42, 0, 0, 0.14%, 8, 0, 12, 58.67
1733615066, 270, 14, 42, 0, 0, 0.14%, 8, 0, 12, 59.59
1733615102, 270, 30, 42, 0, 0, 0.14%, 8, 0, 12, 62.75
1733615137, 271, 26, 42, 0, 0, 0.14%, 8, 0, 12, 63.19
1733615142, 272, 15, 42, 0, 0, 0.14%, 8, 0, 12, 60.11
1733615183, 273, 39, 42, 0, 0, 0.14%, 8, 0, 12, 56.80
1733615223, 276, 18, 42, 0, 0, 0.14%, 8, 0, 12, 54.52
1733615254, 278, 20, 42, 0, 0, 0.14%, 8, 0, 12, 59.73
1733615294, 280, 20, 42, 0, 0, 0.14%, 8, 0, 12, 62.86
1733615335, 284, 20, 42, 0, 0, 0.14%, 8, 0, 12, 61.07
1733615370, 286, 13, 42, 0, 0, 0.14%, 8, 0, 12, 61.32
1733615411, 286, 27, 42, 0, 0, 0.14%, 8, 0, 12, 64.32
1733615447, 286, 39, 42, 0, 0, 0.14%, 8, 0, 12, 63.61
1733615477, 288, 12, 42, 0, 0, 0.14%, 8, 0, 12, 63.02
1733615497, 289, 37, 42, 0, 0, 0.14%, 8, 0, 12, 64.32
1733615533, 290, 16, 42, 0, 0, 0.14%, 8, 0, 12, 64.06
1733615538, 290, 37, 42, 0, 0, 0.14%, 8, 0, 12, 68.48
1733615573, 291, 15, 42, 0, 0, 0.14%, 8, 0, 12, 57.59
1733615578, 292, 16, 42, 0, 0, 0.14%, 8, 0, 12, 61.02
1733615594, 293, 23, 42, 0, 0, 0.14%, 8, 0, 12, 62.11
1733615604, 293, 27, 42, 0, 0, 0.14%, 8, 0, 12, 60.36
1733615639, 294, 37, 42, 0, 0, 0.14%, 8, 0, 12, 68.49
1733615680, 296, 15, 42, 0, 0, 0.14%, 8, 0, 12, 58.97
1733615685, 301, 15, 42, 0, 0, 0.14%, 8, 0, 12, 61.23
1733615690, 301, 39, 42, 0, 0, 0.14%, 8, 0, 12, 65.29
1733615725, 304, 13, 42, 0, 0, 0.14%, 8, 0, 12, 59.34
1733615766, 304, 16, 42, 0, 0, 0.14%, 8, 0, 12, 60.43
1733615796, 306, 16, 42, 0, 0, 0.14%, 8, 0, 12, 58.55
1733615832, 308, 13, 42, 0, 0, 0.14%, 8, 0, 12, 62.34
1733615872, 308, 26, 42, 0, 0, 0.14%, 8, 0, 12, 60.96
1733615882, 309, 15, 42, 0, 0, 0.14%, 8, 0, 12, 57.36
1733615887, 309, 26, 42, 0, 0, 0.14%, 8, 0, 12, 64.15
1733615907, 310, 24, 42, 0, 0, 0.14%, 8, 0, 12, 63.66
1733615943, 313, 23, 42, 0, 0, 0.14%, 8, 0, 12, 57.75
1733615963, 313, 24, 42, 0, 0, 0.14%, 8, 0, 12, 62.47
1733616003, 315, 24, 42, 0, 0, 0.14%, 8, 0, 12, 55.43
1733616039, 321, 27, 42, 0, 0, 0.14%, 8, 0, 12, 63.61
1733616079, 322, 13, 42, 0, 0, 0.14%, 8, 0, 12, 57.38
1733616115, 326, 12, 42, 0, 0, 0.14%, 8, 0, 12, 71.53
1733616145, 326, 15, 42, 0, 0, 0.14%, 8, 0, 12, 59.97
1733616150, 331, 30, 42, 0, 0, 0.14%, 8, 0, 12, 64.85
1733616191, 333, 16, 42, 0, 0, 0.14%, 8, 0, 12, 58.21
1733616226, 337, 15, 42, 0, 0, 0.14%, 8, 0, 12, 59.75
1733616236, 342, 14, 42, 0, 0, 0.14%, 8, 0, 12, 55.73
1733616246, 343, 15, 42, 0, 0, 0.14%, 8, 0, 12, 63.23
1733616251, 345, 36, 42, 0, 0, 0.14%, 8, 0, 12, 62.07
1733616257, 346, 36, 42, 0, 0, 0.14%, 8, 0, 12, 70.46
1733616267, 348, 12, 42, 0, 0, 0.14%, 8, 0, 12, 56.84
1733616303, 349, 36, 42, 0, 0, 0.14%, 8, 0, 12, 71.48
1733616328, 350, 36, 42, 0, 0, 0.14%, 8, 0, 12, 64.46
1733616368, 353, 14, 42, 0, 0, 0.14%, 8, 0, 12, 56.04
1733616389, 367, 27, 42, 0, 0, 0.14%, 8, 0, 12, 62.99
1733616424, 369, 26, 42, 0, 0, 0.14%, 8, 0, 12, 69.93
1733616465, 371, 12, 42, 0, 0, 0.14%, 8, 0, 12, 53.72
1733616495, 371, 23, 42, 0, 0, 0.14%, 8, 0, 12, 62.52
1733616536, 389, 30, 42, 0, 0, 0.14%, 8, 0, 12, 67.22
1733616571, 392, 26, 42, 0, 0, 0.14%, 8, 0, 12, 62.22
1733616612, 398, 26, 42, 0, 0, 0.14%, 8, 0, 12, 63.68
1733616652, 403, 23, 42, 0, 0, 0.14%, 8, 0, 12, 57.45
1733616693, 419, 26, 42, 0, 0, 0.14%, 8, 0, 12, 61.00
1733616728, 419, 27, 42, 0, 0, 0.14%, 8, 0, 12, 61.47
1733616769, 424, 14, 42, 0, 0, 0.14%, 8, 0, 12, 57.96
1733616804, 425, 14, 42, 0, 0, 0.14%, 8, 0, 12, 55.55
1733616845, 436, 14, 42, 0, 0, 0.14%, 8, 0, 12, 53.69
1733616890, 450, 23, 42, 0, 0, 0.14%, 8, 0, 12, 58.41
1733616926, 482, 23, 42, 0, 0, 0.14%, 8, 0, 12, 59.78
1733616966, 485, 41, 42, 0, 0, 0.14%, 8, 0, 12, 68.30
1733616971, 488, 23, 42, 0, 0, 0.14%, 8, 0, 12, 60.13
1733617012, 490, 30, 42, 0, 0, 0.14%, 8, 0, 12, 63.55
1733617048, 497, 30, 42, 0, 0, 0.14%, 8, 0, 12, 63.28
1733617089, 548, 41, 42, 0, 0, 0.14%, 8, 0, 12, 78.83
1733617104, 606, 41, 42, 0, 0, 0.14%, 8, 0, 12, 69.32
1733617139, 748, 41, 42, 0, 0, 0.14%, 8, 0, 12, 73.52
1733617174, 805, 41, 42, 0, 0, 0.14%, 8, 0, 12, 59.80
1733617210, 5023, 0, 42, 0, 0, 0.14%, 8, 0, 12, 0.00
1733617215, 20730, 0, 42, 0, 0, 0.14%, 8, 0, 12, 0.00
1733617221, 36453, 0, 42, 0, 0, 0.14%, 8, 0, 12, 0.00
1733617226, 52233, 0, 42, 0, 0, 0.14%, 8, 0, 12, 0.00
1733617231, 67956, 0, 42, 0, 0, 0.14%, 8, 0, 12, 0.00
1733617236, 83613, 0, 42, 0, 0, 0.14%, 8, 0, 12, 0.00
1733617241, 99248, 0, 42, 0, 0, 0.14%, 8, 0, 12, 0.00
1733617247, 114916, 0, 42, 0, 0, 0.14%, 8, 0, 12, 0.00
1733617252, 130602, 0, 42, 0, 0, 0.14%, 8, 0, 12, 0.00
1733617257, 146273, 0, 42, 0, 0, 0.14%, 8, 0, 12, 0.00
1733617262, 162005, 0, 42, 0, 0, 0.14%, 8, 0, 12, 0.00
1733617267, 177716, 0, 42, 0, 0, 0.14%, 8, 0, 12, 0.00
1733617273, 193406, 0, 42, 0, 0, 0.14%, 8, 0, 12, 0.00
1733617278, 209125, 0, 42, 0, 0, 0.14%, 8, 0, 12, 0.00
1733617283, 224884, 0, 42, 0, 0, 0.14%, 8, 0, 12, 0.00
1733617288, 240607, 0, 42, 0, 0, 0.14%, 8, 0, 12, 0.00
1733617293, 256353, 0, 42, 0, 0, 0.14%, 8, 0, 12, 0.00
1733617299, 272058, 0, 42, 0, 0, 0.14%, 8, 0, 12, 0.00
1733617304, 287718, 0, 42, 0, 0, 0.14%, 8, 0, 12, 0.00
1733617309, 303445, 0, 42, 0, 0, 0.14%, 8, 0, 12, 0.00
1733617314, 319178, 0, 42, 0, 0, 0.14%, 8, 0, 12, 0.00
1733617319, 334868, 0, 42, 0, 0, 0.14%, 8, 0, 12, 0.00
1733617325, 350585, 0, 42, 0, 0, 0.14%, 8, 0, 12, 0.00
1733617330, 366295, 0, 42, 0, 0, 0.14%, 8, 0, 12, 0.00
1733617335, 381964, 0, 42, 0, 0, 0.14%, 8, 0, 12, 0.00
1733617340, 397707, 0, 42, 0, 0, 0.14%, 8, 0, 12, 0.00
1733617345, 413351, 0, 42, 0, 0, 0.14%, 8, 0, 12, 0.00
1733617351, 429082, 0, 42, 0, 0, 0.14%, 8, 0, 12, 0.00
1733617356, 444785, 0, 42, 0, 0, 0.14%, 8, 0, 12, 0.00
1733617361, 460495, 0, 42, 0, 0, 0.14%, 8, 0, 12, 0.00
1733617366, 476244, 0, 42, 0, 0, 0.14%, 8, 0, 12, 0.00
1733617371, 491950, 0, 42, 0, 0, 0.14%, 8, 0, 12, 0.00
1733617377, 507664, 0, 42, 0, 0, 0.14%, 8, 0, 12, 0.00
1733617382, 523370, 0, 42, 0, 0, 0.14%, 8, 0, 12, 0.00
1733617387, 539106, 0, 42, 0, 0, 0.14%, 8, 0, 12, 0.00
1733617392, 554788, 0, 42, 0, 0, 0.14%, 8, 0, 12, 0.00
1733617397, 570494, 0, 42, 0, 0, 0.14%, 8, 0, 12, 0.00
1733617403, 586227, 0, 42, 0, 0, 0.14%, 8, 0, 12, 0.00
1733617408, 601885, 0, 42, 0, 0, 0.14%, 8, 0, 12, 0.00
1733617413, 617521, 0, 42, 0, 0, 0.14%, 8, 0, 12, 0.00
1733617418, 633193, 0, 42, 0, 0, 0.14%, 8, 0, 12, 0.00
1733617423, 648970, 0, 42, 0, 0, 0.14%, 8, 0, 12, 0.00
1733617429, 664672, 0, 42, 0, 0, 0.14%, 8, 0, 12, 0.00
1733617434, 680367, 0, 42, 0, 0, 0.14%, 8, 0, 12, 0.00
1733617439, 696078, 0, 42, 0, 0, 0.14%, 8, 0, 12, 0.00
1733617444, 711788, 0, 42, 0, 0, 0.14%, 8, 0, 12, 0.00
1733617449, 727486, 0, 42, 0, 0, 0.14%, 8, 0, 12, 0.00
1733617455, 743185, 0, 42, 0, 0, 0.14%, 8, 0, 12, 0.00
1733617460, 758888, 0, 42, 0, 0, 0.14%, 8, 0, 12, 0.00
1733617465, 774660, 0, 42, 0, 0, 0.14%, 8, 0, 12, 0.00
1733617470, 790352, 0, 42, 0, 0, 0.14%, 8, 0, 12, 0.00
1733617475, 805937, 0, 42, 0, 0, 0.14%, 8, 0, 12, 0.00
1733617481, 821641, 0, 42, 0, 0, 0.14%, 8, 0, 12, 0.00
1733617486, 837351, 0, 42, 0, 0, 0.14%, 8, 0, 12, 0.00
1733617491, 853038, 0, 42, 0, 0, 0.14%, 8, 0, 12, 0.00
1733617496, 868727, 0, 42, 0, 0, 0.14%, 8, 0, 12, 0.00
1733617501, 884432, 0, 42, 0, 0, 0.14%, 8, 0, 12, 0.00
1733617507, 900093, 0, 42, 0, 0, 0.14%, 8, 0, 12, 0.00
1733617512, 915739, 0, 42, 0, 0, 0.14%, 8, 0, 12, 0.00
1733617517, 931466, 0, 42, 0, 0, 0.14%, 8, 0, 12, 0.00
1733617522, 947181, 0, 42, 0, 0, 0.14%, 8, 0, 12, 0.00
1733617527, 962923, 0, 42, 0, 0, 0.14%, 8, 0, 12, 0.00
1733617533, 978643, 0, 42, 0, 0, 0.14%, 8, 0, 12, 0.00
1733617538, 994355, 0, 42, 0, 0, 0.14%, 8, 0, 12, 0.00
1733617543, 1010019, 0, 42, 0, 0, 0.14%, 8, 0, 12, 0.00
1733617548, 1025763, 0, 42, 0, 0, 0.14%, 8, 0, 12, 0.00
1733617553, 1041473, 0, 42, 0, 0, 0.14%, 8, 0, 12, 0.00
1733617559, 1057221, 0, 42, 0, 0, 0.14%, 8, 0, 12, 0.00
1733617564, 1072905, 0, 42, 0, 0, 0.14%, 8, 0, 12, 0.00
1733617569, 1088609, 0, 42, 0, 0, 0.14%, 8, 0, 12, 0.00
1733617574, 1104294, 0, 42, 0, 0, 0.14%, 8, 0, 12, 0.00
1733617579, 1120004, 0, 42, 0, 0, 0.14%, 8, 0, 12, 0.00
1733617585, 1135634, 0, 42, 0, 0, 0.14%, 8, 0, 12, 0.00
1733617590, 1151333, 0, 42, 0, 0, 0.14%, 8, 0, 12, 0.00
1733617595, 1167090, 0, 42, 0, 0, 0.14%, 8, 0, 12, 0.00
1733617600, 1182811, 0, 42, 0, 0, 0.14%, 8, 0, 12, 0.00
1733617605, 1198470, 0, 42, 0, 0, 0.14%, 8, 0, 12, 0.00
1733617611, 1214200, 0, 42, 0, 0, 0.14%, 8, 0, 12, 0.00
1733617616, 1229903, 0, 42, 0, 0, 0.14%, 8, 0, 12, 0.00
1733617621, 1245597, 0, 42, 0, 0, 0.14%, 8, 0, 12, 0.00
1733617626, 1261296, 0, 42, 0, 0, 0.14%, 8, 0, 12, 0.00
1733617631, 1277038, 0, 42, 0, 0, 0.14%, 8, 0, 12, 0.00
1733617637, 1292781, 0, 42, 0, 0, 0.14%, 8, 0, 12, 0.00
1733617642, 1308509, 0, 42, 0, 0, 0.14%, 8, 0, 12, 0.00
1733617647, 1324201, 0, 42, 0, 0, 0.14%, 8, 0, 12, 0.00
1733617652, 1339970, 0, 42, 0, 0, 0.14%, 8, 0, 12, 0.00
1733617657, 1355680, 0, 42, 0, 0, 0.14%, 8, 0, 12, 0.00
1733617663, 1371404, 0, 42, 0, 0, 0.14%, 8, 0, 12, 0.00
1733617668, 1387170, 0, 42, 0, 0, 0.14%, 8, 0, 12, 0.00
1733617673, 1402945, 0, 42, 0, 0, 0.14%, 8, 0, 12, 0.00
1733617678, 1418657, 0, 42, 0, 0, 0.14%, 8, 0, 12, 0.00
1733617683, 1434328, 0, 42, 0, 0, 0.14%, 8, 0, 12, 0.00
1733617689, 1450025, 0, 42, 0, 0, 0.14%, 8, 0, 12, 0.00
1733617694, 1465667, 0, 42, 0, 0, 0.14%, 8, 0, 12, 0.00
1733617699, 1481323, 0, 42, 0, 0, 0.14%, 8, 0, 12, 0.00
1733617704, 1497050, 0, 42, 0, 0, 0.14%, 8, 0, 12, 0.00
1733617709, 1512777, 0, 42, 0, 0, 0.14%, 8, 0, 12, 0.00
1733617715, 1528451, 0, 42, 0, 0, 0.14%, 8, 0, 12, 0.00
1733617720, 1544178, 0, 42, 0, 0, 0.14%, 8, 0, 12, 0.00
1733617725, 1559880, 0, 42, 0, 0, 0.14%, 8, 0, 12, 0.00
1733617730, 1575554, 0, 42, 0, 0, 0.14%, 8, 0, 12, 0.00
1733617735, 1591304, 0, 42, 0, 0, 0.14%, 8, 0, 12, 0.00
1733617741, 1606944, 0, 42, 0, 0, 0.14%, 8, 0, 12, 0.00
1733617746, 1622654, 0, 42, 0, 0, 0.14%, 8, 0, 12, 0.00
1733617751, 1638369, 0, 42, 0, 0, 0.14%, 8, 0, 12, 0.00
1733617756, 1654013, 0, 42, 0, 0, 0.14%, 8, 0, 12, 0.00
1733617761, 1669733, 0, 42, 0, 0, 0.14%, 8, 0, 12, 0.00
1733617767, 1685427, 0, 42, 0, 0, 0.14%, 8, 0, 12, 0.00
1733617772, 1701110, 0, 42, 0, 0, 0.14%, 8, 0, 12, 0.00
1733617777, 1716793, 0, 42, 0, 0, 0.14%, 8, 0, 12, 0.00
1733617782, 1732547, 0, 42, 0, 0, 0.14%, 8, 0, 12, 0.00
1733617787, 1748229, 0, 42, 0, 0, 0.14%, 8, 0, 12, 0.00
1733617793, 1763972, 0, 42, 0, 0, 0.14%, 8, 0, 12, 0.00
1733617798, 1779623, 0, 42, 0, 0, 0.14%, 8, 0, 12, 0.00
1733617803, 1795282, 0, 42, 0, 0, 0.14%, 8, 0, 12, 0.00
1733617808, 1810962, 0, 42, 0, 0, 0.14%, 8, 0, 12, 0.00
1733617813, 1826684, 0, 42, 0, 0, 0.14%, 8, 0, 12, 0.00
1733617819, 1842502, 0, 42, 0, 0, 0.14%, 8, 0, 12, 0.00
1733617824, 1858249, 0, 42, 0, 0, 0.14%, 8, 0, 12, 0.00
1733617829, 1873903, 0, 42, 0, 0, 0.14%, 8, 0, 12, 0.00
1733617834, 1889557, 0, 42, 0, 0, 0.14%, 8, 0, 12, 0.00
1733617839, 1905278, 0, 42, 0, 0, 0.14%, 8, 0, 12, 0.00
1733617845, 1921009, 0, 42, 0, 0, 0.14%, 8, 0, 12, 0.00
1733617850, 1936652, 0, 42, 0, 0, 0.14%, 8, 0, 12, 0.00
1733617855, 1952244, 0, 42, 0, 0, 0.14%, 8, 0, 12, 0.00
1733617860, 1967943, 0, 42, 0, 0, 0.14%, 8, 0, 12, 0.00
1733617865, 1983640, 0, 42, 0, 0, 0.14%, 8, 0, 12, 0.00
1733617871, 1999383, 0, 42, 0, 0, 0.14%, 8, 0, 12, 0.00
1733617876, 2015038, 0, 42, 0, 0, 0.14%, 8, 0, 12, 0.00
1733617881, 2030701, 0, 42, 0, 0, 0.14%, 8, 0, 12, 0.00
1733617886, 2046428, 0, 42, 0, 0, 0.14%, 8, 0, 12, 0.00
1733617891, 2062170, 0, 42, 0, 0, 0.14%, 8, 0, 12, 0.00
1733617897, 2077875, 0, 42, 0, 0, 0.14%, 8, 0, 12, 0.00
1733617902, 2093573, 0, 42, 0, 0, 0.14%, 8, 0, 12, 0.00
1733617907, 2109315, 0, 42, 0, 0, 0.14%, 8, 0, 12, 0.00
1733617912, 2124994, 0, 42, 0, 0, 0.14%, 8, 0, 12, 0.00
1733617917, 2140720, 0, 42, 0, 0, 0.14%, 8, 0, 12, 0.00
1733617923, 2156417, 0, 42, 0, 0, 0.14%, 8, 0, 12, 0.00
1733617928, 2172170, 0, 42, 0, 0, 0.14%, 8, 0, 12, 0.00
1733617933, 2187923, 0, 42, 0, 0, 0.14%, 8, 0, 12, 0.00
1733617938, 2203538, 0, 42, 0, 0, 0.14%, 8, 0, 12, 0.00
1733617943, 2219224, 0, 42, 0, 0, 0.14%, 8, 0, 12, 0.00
1733617949, 2234849, 0, 42, 0, 0, 0.14%, 8, 0, 12, 0.00
1733617954, 2250576, 0, 42, 0, 0, 0.14%, 8, 0, 12, 0.00
1733617959, 2266254, 0, 42, 0, 0, 0.14%, 8, 0, 12, 0.00
1733617964, 2281968, 0, 42, 0, 0, 0.14%, 8, 0, 12, 0.00
1733617969, 2297618, 0, 42, 0, 0, 0.14%, 8, 0, 12, 0.00
1733617975, 2313333, 0, 42, 0, 0, 0.14%, 8, 0, 12, 0.00
1733617980, 2329118, 0, 42, 0, 0, 0.14%, 8, 0, 12, 0.00
1733617985, 2344847, 0, 42, 0, 0, 0.14%, 8, 0, 12, 0.00
1733617990, 2360536, 0, 42, 0, 0, 0.14%, 8, 0, 12, 0.00
1733617995, 2376212, 0, 42, 0, 0, 0.14%, 8, 0, 12, 0.00
1733618001, 2391831, 0, 42, 0, 0, 0.14%, 8, 0, 12, 0.00
1733618006, 2407533, 0, 42, 0, 0, 0.14%, 8, 0, 12, 0.00
1733618011, 2423202, 0, 42, 0, 0, 0.14%, 8, 0, 12, 0.00
1733618016, 2438923, 0, 42, 0, 0, 0.14%, 8, 0, 12, 0.00
1733618021, 2454654, 0, 42, 0, 0, 0.14%, 8, 0, 12, 0.00
1733618027, 2470412, 0, 42, 0, 0, 0.14%, 8, 0, 12, 0.00
1733618032, 2486080, 0, 42, 0, 0, 0.14%, 8, 0, 12, 0.00
1733618037, 2501762, 0, 42, 0, 0, 0.14%, 8, 0, 12, 0.00
1733618042, 2517471, 0, 42, 0, 0, 0.14%, 8, 0, 12, 0.00
1733618047, 2533107, 0, 42, 0, 0, 0.14%, 8, 0, 12, 0.00
1733618053, 2548786, 0, 42, 0, 0, 0.14%, 8, 0, 12, 0.00
1733618058, 2564526, 0, 42, 0, 0, 0.14%, 8, 0, 12, 0.00
1733618063, 2580226, 0, 42, 0, 0, 0.14%, 8, 0, 12, 0.00
1733618068, 2595949, 0, 42, 0, 0, 0.14%, 8, 0, 12, 0.00
1733618073, 2611646, 0, 42, 0, 0, 0.14%, 8, 0, 12, 0.00
1733618079, 2627256, 0, 42, 0, 0, 0.14%, 8, 0, 12, 0.00
1733618084, 2642894, 0, 42, 0, 0, 0.14%, 8, 0, 12, 0.00
1733618089, 2658619, 0, 42, 0, 0, 0.14%, 8, 0, 12, 0.00
1733618094, 2674244, 0, 42, 0, 0, 0.14%, 8, 0, 12, 0.00
1733618099, 2689951, 0, 42, 0, 0, 0.14%, 8, 0, 12, 0.00
1733618105, 2705611, 0, 42, 0, 0, 0.14%, 8, 0, 12, 0.00
1733618110, 2721357, 0, 42, 0, 0, 0.14%, 8, 0, 12, 0.00
1733618115, 2737101, 0, 42, 0, 0, 0.14%, 8, 0, 12, 0.00
1733618120, 2752766, 0, 42, 0, 0, 0.14%, 8, 0, 12, 0.00
1733618125, 2768541, 0, 42, 0, 0, 0.14%, 8, 0, 12, 0.00
1733618131, 2784308, 0, 42, 0, 0, 0.14%, 8, 0, 12, 0.00
1733618136, 2800022, 0, 42, 0, 0, 0.14%, 8, 0, 12, 0.00
1733618141, 2815746, 0, 42, 0, 0, 0.14%, 8, 0, 12, 0.00
1733618146, 2831465, 0, 42, 0, 0, 0.14%, 8, 0, 12, 0.00
1733618151, 2847199, 0, 42, 0, 0, 0.14%, 8, 0, 12, 0.00
1733618157, 2862851, 0, 42, 0, 0, 0.14%, 8, 0, 12, 0.00
1733618162, 2878536, 0, 42, 0, 0, 0.14%, 8, 0, 12, 0.00
1733618167, 2894230, 0, 42, 0, 0, 0.14%, 8, 0, 12, 0.00
1733618172, 2909954, 0, 42, 0, 0, 0.14%, 8, 0, 12, 0.00
1733618177, 2925680, 0, 42, 0, 0, 0.14%, 8, 0, 12, 0.00
1733618183, 2941348, 0, 42, 0, 0, 0.14%, 8, 0, 12, 0.00
1733618188, 2957023, 0, 42, 0, 0, 0.14%, 8, 0, 12, 0.00
1733618193, 2972682, 0, 42, 0, 0, 0.14%, 8, 0, 12, 0.00
1733618198, 2988366, 0, 42, 0, 0, 0.14%, 8, 0, 12, 0.00
1733618203, 3004081, 0, 42, 0, 0, 0.14%, 8, 0, 12, 0.00
1733618209, 3019775, 0, 42, 0, 0, 0.14%, 8, 0, 12, 0.00
1733618214, 3035464, 0, 42, 0, 0, 0.14%, 8, 0, 12, 0.00
1733618219, 3051180, 0, 42, 0, 0, 0.14%, 8, 0, 12, 0.00
1733618224, 3066890, 0, 42, 0, 0, 0.14%, 8, 0, 12, 0.00
1733618229, 3082589, 0, 42, 0, 0, 0.14%, 8, 0, 12, 0.00
1733618235, 3098265, 0, 42, 0, 0, 0.14%, 8, 0, 12, 0.00
1733618240, 3113971, 0, 42, 0, 0, 0.14%, 8, 0, 12, 0.00
1733618245, 3129655, 0, 42, 0, 0, 0.14%, 8, 0, 12, 0.00
1733618250, 3145364, 0, 42, 0, 0, 0.14%, 8, 0, 12, 0.00
1733618255, 3161026, 0, 42, 0, 0, 0.14%, 8, 0, 12, 0.00
1733618261, 3176749, 0, 42, 0, 0, 0.14%, 8, 0, 12, 0.00
1733618266, 3192433, 0, 42, 0, 0, 0.14%, 8, 0, 12, 0.00
1733618271, 3208204, 0, 42, 0, 0, 0.14%, 8, 0, 12, 0.00
1733618276, 3223905, 0, 42, 0, 0, 0.14%, 8, 0, 12, 0.00
1733618281, 3239640, 0, 42, 0, 0, 0.14%, 8, 0, 12, 0.00
1733618287, 3255365, 0, 42, 0, 0, 0.14%, 8, 0, 12, 0.00
1733618292, 3271118, 0, 42, 0, 0, 0.14%, 8, 0, 12, 0.00
1733618297, 3286792, 0, 42, 0, 0, 0.14%, 8, 0, 12, 0.00
1733618302, 3302422, 0, 42, 0, 0, 0.14%, 8, 0, 12, 0.00
1733618307, 3318170, 0, 42, 0, 0, 0.14%, 8, 0, 12, 0.00
1733618313, 3333856, 0, 42, 0, 0, 0.14%, 8, 0, 12, 0.00
1733618318, 3349528, 0, 42, 0, 0, 0.14%, 8, 0, 12, 0.00
1733618323, 3365182, 0, 42, 0, 0, 0.14%, 8, 0, 12, 0.00
1733618328, 3380853, 0, 42, 0, 0, 0.14%, 8, 0, 12, 0.00
1733618333, 3396558, 0, 42, 0, 0, 0.14%, 8, 0, 12, 0.00
1733618339, 3412240, 0, 42, 0, 0, 0.14%, 8, 0, 12, 0.00
1733618344, 3427932, 0, 42, 0, 0, 0.14%, 8, 0, 12, 0.00
1733618349, 3443587, 0, 42, 0, 0, 0.14%, 8, 0, 12, 0.00
1733618354, 3459274, 0, 42, 0, 0, 0.14%, 8, 0, 12, 0.00
1733618359, 3474987, 0, 42, 0, 0, 0.14%, 8, 0, 12, 0.00
1733618365, 3490599, 0, 42, 0, 0, 0.14%, 8, 0, 12, 0.00
1733618370, 3506308, 0, 42, 0, 0, 0.14%, 8, 0, 12, 0.00
1733618375, 3522006, 0, 42, 0, 0, 0.14%, 8, 0, 12, 0.00
1733618380, 3537662, 0, 42, 0, 0, 0.14%, 8, 0, 12, 0.00
1733618385, 3553312, 0, 42, 0, 0, 0.14%, 8, 0, 12, 0.00
1733618391, 3569003, 0, 42, 0, 0, 0.14%, 8, 0, 12, 0.00
1733618396, 3584776, 0, 42, 0, 0, 0.14%, 8, 0, 12, 0.00
1733618401, 3600472, 0, 42, 0, 0, 0.14%, 8, 0, 12, 0.00
1733618406, 3616152, 0, 42, 0, 0, 0.14%, 8, 0, 12, 0.00
1733618411, 3631820, 0, 42, 0, 0, 0.14%, 8, 0, 12, 0.00
1733618417, 3647563, 0, 42, 0, 0, 0.14%, 8, 0, 12, 0.00
1733618422, 3663205, 0, 42, 0, 0, 0.14%, 8, 0, 12, 0.00
1733618427, 3679011, 0, 42, 0, 0, 0.14%, 8, 0, 12, 0.00
1733618432, 3694672, 0, 42, 0, 0, 0.14%, 8, 0, 12, 0.00
1733618437, 3710439, 0, 42, 0, 0, 0.14%, 8, 0, 12, 0.00
1733618443, 3726164, 0, 42, 0, 0, 0.14%, 8, 0, 12, 0.00
1733618448, 3741865, 0, 42, 0, 0, 0.14%, 8, 0, 12, 0.00
1733618453, 3757529, 0, 42, 0, 0, 0.14%, 8, 0, 12, 0.00
1733618458, 3773211, 0, 42, 0, 0, 0.14%, 8, 0, 12, 0.00
1733618463, 3788860, 0, 42, 0, 0, 0.14%, 8, 0, 12, 0.00
1733618469, 3804510, 0, 42, 0, 0, 0.14%, 8, 0, 12, 0.00
1733618474, 3820232, 0, 42, 0, 0, 0.14%, 8, 0, 12, 0.00
1733618479, 3835972, 0, 42, 0, 0, 0.14%, 8, 0, 12, 0.00
1733618484, 3851678, 0, 42, 0, 0, 0.14%, 8, 0, 12, 0.00
1733618489, 3867383, 0, 42, 0, 0, 0.14%, 8, 0, 12, 0.00
1733618495, 3883097, 0, 42, 0, 0, 0.14%, 8, 0, 12, 0.00
1733618500, 3898766, 0, 42, 0, 0, 0.14%, 8, 0, 12, 0.00
1733618505, 3914481, 0, 42, 0, 0, 0.14%, 8, 0, 12, 0.00
1733618510, 3930196, 0, 42, 0, 0, 0.14%, 8, 0, 12, 0.00
1733618515, 3945883, 0, 42, 0, 0, 0.14%, 8, 0, 12, 0.00
1733618521, 3961609, 0, 42, 0, 0, 0.14%, 8, 0, 12, 0.00
1733618526, 3977278, 0, 42, 0, 0, 0.14%, 8, 0, 12, 0.00
1733618531, 3992936, 0, 42, 0, 0, 0.14%, 8, 0, 12, 0.00
1733618536, 4008641, 0, 42, 0, 0, 0.14%, 8, 0, 12, 0.00
1733618541, 4024352, 0, 42, 0, 0, 0.14%, 8, 0, 12, 0.00
1733618547, 4039980, 0, 42, 0, 0, 0.14%, 8, 0, 12, 0.00
1733618552, 4055664, 0, 42, 0, 0, 0.14%, 8, 0, 12, 0.00
1733618557, 4071328, 0, 42, 0, 0, 0.14%, 8, 0, 12, 0.00
1733618562, 4086987, 0, 42, 0, 0, 0.14%, 8, 0, 12, 0.00
1733618567, 4102768, 0, 42, 0, 0, 0.14%, 8, 0, 12, 0.00
1733618573, 4118498, 0, 42, 0, 0, 0.14%, 8, 0, 12, 0.00
1733618578, 4134222, 0, 42, 0, 0, 0.14%, 8, 0, 12, 0.00
1733618583, 4149957, 0, 42, 0, 0, 0.14%, 8, 0, 12, 0.00
1733618588, 4165636, 0, 42, 0, 0, 0.14%, 8, 0, 12, 0.00
1733618593, 4181339, 0, 42, 0, 0, 0.14%, 8, 0, 12, 0.00
1733618599, 4196992, 0, 42, 0, 0, 0.14%, 8, 0, 12, 0.00
1733618604, 4212639, 0, 42, 0, 0, 0.14%, 8, 0, 12, 0.00
1733618609, 4228284, 0, 42, 0, 0, 0.14%, 8, 0, 12, 0.00
1733618614, 4243948, 0, 42, 0, 0, 0.14%, 8, 0, 12, 0.00
1733618619, 4259652, 0, 42, 0, 0, 0.14%, 8, 0, 12, 0.00
1733618625, 4275340, 0, 42, 0, 0, 0.14%, 8, 0, 12, 0.00
1733618630, 4291027, 0, 42, 0, 0, 0.14%, 8, 0, 12, 0.00
1733618635, 4306834, 0, 42, 0, 0, 0.14%, 8, 0, 12, 0.00
1733618640, 4322493, 0, 42, 0, 0, 0.14%, 8, 0, 12, 0.00
1733618645, 4338210, 0, 42, 0, 0, 0.14%, 8, 0, 12, 0.00
1733618651, 4353894, 0, 42, 0, 0, 0.14%, 8, 0, 12, 0.00
1733618656, 4369597, 0, 42, 0, 0, 0.14%, 8, 0, 12, 0.00
1733618661, 4385291, 0, 42, 0, 0, 0.14%, 8, 0, 12, 0.00
1733618666, 4401020, 0, 42, 0, 0, 0.14%, 8, 0, 12, 0.00
1733618671, 4416728, 0, 42, 0, 0, 0.14%, 8, 0, 12, 0.00
1733618677, 4432467, 0, 42, 0, 0, 0.14%, 8, 0, 12, 0.00
1733618682, 4448174, 0, 42, 0, 0, 0.14%, 8, 0, 12, 0.00
1733618687, 4463880, 0, 42, 0, 0, 0.14%, 8, 0, 12, 0.00
1733618692, 4479564, 0, 42, 0, 0, 0.14%, 8, 0, 12, 0.00
1733618697, 4495255, 0, 42, 0, 0, 0.14%, 8, 0, 12, 0.00
1733618703, 4510983, 0, 42, 0, 0, 0.14%, 8, 0, 12, 0.00
1733618708, 4526642, 0, 42, 0, 0, 0.14%, 8, 0, 12, 0.00
1733618713, 4542330, 0, 42, 0, 0, 0.14%, 8, 0, 12, 0.00
1733618718, 4558025, 0, 42, 0, 0, 0.14%, 8, 0, 12, 0.00
1733618723, 4573709, 0, 42, 0, 0, 0.14%, 8, 0, 12, 0.00
1733618729, 4589418, 0, 42, 0, 0, 0.14%, 8, 0, 12, 0.00
1733618734, 4605175, 0, 42, 0, 0, 0.14%, 8, 0, 12, 0.00
1733618739, 4620894, 0, 42, 0, 0, 0.14%, 8, 0, 12, 0.00
1733618744, 4636606, 0, 42, 0, 0, 0.14%, 8, 0, 12, 0.00
1733618749, 4652276, 0, 42, 0, 0, 0.14%, 8, 0, 12, 0.00
1733618755, 4668019, 0, 42, 0, 0, 0.14%, 8, 0, 12, 0.00
1733618760, 4683746, 0, 42, 0, 0, 0.14%, 8, 0, 12, 0.00
1733618765, 4699406, 0, 42, 0, 0, 0.14%, 8, 0, 12, 0.00
1733618770, 4715051, 0, 42, 0, 0, 0.14%, 8, 0, 12, 0.00
1733618775, 4730729, 0, 42, 0, 0, 0.14%, 8, 0, 12, 0.00
1733618781, 4746342, 0, 42, 0, 0, 0.14%, 8, 0, 12, 0.00
1733618786, 4762202, 0, 42, 0, 0, 0.14%, 8, 0, 12, 0.00
1733618791, 4777895, 0, 42, 0, 0, 0.14%, 8, 0, 12, 0.00
1733618796, 4793542, 0, 42, 0, 0, 0.14%, 8, 0, 12, 0.00
1733618801, 4809242, 0, 42, 0, 0, 0.14%, 8, 0, 12, 0.00
1733618807, 4824958, 0, 42, 0, 0, 0.14%, 8, 0, 12, 0.00
1733618812, 4840668, 0, 42, 0, 0, 0.14%, 8, 0, 12, 0.00
1733618817, 4856436, 0, 42, 0, 0, 0.14%, 8, 0, 12, 0.00
1733618822, 4872093, 0, 42, 0, 0, 0.14%, 8, 0, 12, 0.00
1733618827, 4887768, 0, 42, 0, 0, 0.14%, 8, 0, 12, 0.00
1733618833, 4903475, 0, 42, 0, 0, 0.14%, 8, 0, 12, 0.00
1733618838, 4919178, 0, 42, 0, 0, 0.14%, 8, 0, 12, 0.00
1733618843, 4934876, 0, 42, 0, 0, 0.14%, 8, 0, 12, 0.00
1733618848, 4950497, 0, 42, 0, 0, 0.14%, 8, 0, 12, 0.00
1733618853, 4966195, 0, 42, 0, 0, 0.14%, 8, 0, 12, 0.00
1733618859, 4981950, 0, 42, 0, 0, 0.14%, 8, 0, 12, 0.00
1733618864, 4997660, 0, 42, 0, 0, 0.14%, 8, 0, 12, 0.00
1733618869, 5013308, 0, 42, 0, 0, 0.14%, 8, 0, 12, 0.00
1733618874, 5029006, 0, 42, 0, 0, 0.14%, 8, 0, 12, 0.00
1733618879, 5044708, 0, 42, 0, 0, 0.14%, 8, 0, 12, 0.00
1733618885, 5060366, 0, 42, 0, 0, 0.14%, 8, 0, 12, 0.00
1733618890, 5076021, 0, 42, 0, 0, 0.14%, 8, 0, 12, 0.00
1733618895, 5091778, 0, 42, 0, 0, 0.14%, 8, 0, 12, 0.00
1733618900, 5107456, 0, 42, 0, 0, 0.14%, 8, 0, 12, 0.00
1733618905, 5123080, 0, 42, 0, 0, 0.14%, 8, 0, 12, 0.00
1733618911, 5138744, 0, 42, 0, 0, 0.14%, 8, 0, 12, 0.00
1733618916, 5154420, 0, 42, 0, 0, 0.14%, 8, 0, 12, 0.00
1733618921, 5170155, 0, 42, 0, 0, 0.14%, 8, 0, 12, 0.00
1733618926, 5185821, 0, 42, 0, 0, 0.14%, 8, 0, 12, 0.00
1733618931, 5201525, 0, 42, 0, 0, 0.14%, 8, 0, 12, 0.00
1733618937, 5217235, 0, 42, 0, 0, 0.14%, 8, 0, 12, 0.00
1733618942, 5232855, 0, 42, 0, 0, 0.14%, 8, 0, 12, 0.00
1733618947, 5248617, 0, 42, 0, 0, 0.14%, 8, 0, 12, 0.00
1733618952, 5264329, 0, 42, 0, 0, 0.14%, 8, 0, 12, 0.00
1733618957, 5280080, 0, 42, 0, 0, 0.14%, 8, 0, 12, 0.00
1733618963, 5295732, 0, 42, 0, 0, 0.14%, 8, 0, 12, 0.00
1733618968, 5311428, 0, 42, 0, 0, 0.14%, 8, 0, 12, 0.00
1733618973, 5327202, 0, 42, 0, 0, 0.14%, 8, 0, 12, 0.00
1733618978, 5342914, 0, 42, 0, 0, 0.14%, 8, 0, 12, 0.00
1733618983, 5358618, 0, 42, 0, 0, 0.14%, 8, 0, 12, 0.00
1733618989, 5374262, 0, 42, 0, 0, 0.14%, 8, 0, 12, 0.00
1733618994, 5389963, 0, 42, 0, 0, 0.14%, 8, 0, 12, 0.00
1733618999, 5405679, 0, 42, 0, 0, 0.14%, 8, 0, 12, 0.00
1733619004, 5421405, 0, 42, 0, 0, 0.14%, 8, 0, 12, 0.00
1733619009, 5437147, 0, 42, 0, 0, 0.14%, 8, 0, 12, 0.00
1733619015, 5452828, 0, 42, 0, 0, 0.14%, 8, 0, 12, 0.00
1733619020, 5468534, 0, 42, 0, 0, 0.14%, 8, 0, 12, 0.00
1733619025, 5484144, 0, 42, 0, 0, 0.14%, 8, 0, 12, 0.00
1733619030, 5499792, 0, 42, 0, 0, 0.14%, 8, 0, 12, 0.00
1733619035, 5515456, 0, 42, 0, 0, 0.14%, 8, 0, 12, 0.00
1733619041, 5531144, 0, 42, 0, 0, 0.14%, 8, 0, 12, 0.00
1733619046, 5546877, 0, 42, 0, 0, 0.14%, 8, 0, 12, 0.00
1733619051, 5562556, 0, 42, 0, 0, 0.14%, 8, 0, 12, 0.00
1733619056, 5578261, 0, 42, 0, 0, 0.14%, 8, 0, 12, 0.00
1733619061, 5594001, 0, 42, 0, 0, 0.14%, 8, 0, 12, 0.00
1733619067, 5609633, 0, 42, 0, 0, 0.14%, 8, 0, 12, 0.00
1733619072, 5625311, 0, 42, 0, 0, 0.14%, 8, 0, 12, 0.00
1733619077, 5641017, 0, 42, 0, 0, 0.14%, 8, 0, 12, 0.00
1733619082, 5656680, 0, 42, 0, 0, 0.14%, 8, 0, 12, 0.00
1733619087, 5672401, 0, 42, 0, 0, 0.14%, 8, 0, 12, 0.00
1733619093, 5688197, 0, 42, 0, 0, 0.14%, 8, 0, 12, 0.00
1733619098, 5703882, 0, 42, 0, 0, 0.14%, 8, 0, 12, 0.00
1733619103, 5719654, 0, 42, 0, 0, 0.14%, 8, 0, 12, 0.00
1733619108, 5735387, 0, 42, 0, 0, 0.14%, 8, 0, 12, 0.00
1733619113, 5751059, 0, 42, 0, 0, 0.14%, 8, 0, 12, 0.00
1733619119, 5766810, 0, 42, 0, 0, 0.14%, 8, 0, 12, 0.00
1733619124, 5782567, 0, 42, 0, 0, 0.14%, 8, 0, 12, 0.00
1733619129, 5798251, 0, 42, 0, 0, 0.14%, 8, 0, 12, 0.00
1733619134, 5813963, 0, 42, 0, 0, 0.14%, 8, 0, 12, 0.00
1733619139, 5829629, 0, 42, 0, 0, 0.14%, 8, 0, 12, 0.00
1733619145, 5845345, 0, 42, 0, 0, 0.14%, 8, 0, 12, 0.00
1733619150, 5861042, 0, 42, 0, 0, 0.14%, 8, 0, 12, 0.00
1733619155, 5876715, 0, 42, 0, 0, 0.14%, 8, 0, 12, 0.00
1733619160, 5892464, 0, 42, 0, 0, 0.14%, 8, 0, 12, 0.00
1733619165, 5908171, 0, 42, 0, 0, 0.14%, 8, 0, 12, 0.00
1733619171, 5923898, 0, 42, 0, 0, 0.14%, 8, 0, 12, 0.00
1733619176, 5939691, 0, 42, 0, 0, 0.14%, 8, 0, 12, 0.00
1733619181, 5955372, 0, 42, 0, 0, 0.14%, 8, 0, 12, 0.00
1733619186, 5971121, 0, 42, 0, 0, 0.14%, 8, 0, 12, 0.00
1733619191, 5986842, 0, 42, 0, 0, 0.14%, 8, 0, 12, 0.00
1733619197, 6002601, 0, 42, 0, 0, 0.14%, 8, 0, 12, 0.00
1733619202, 6018345, 0, 42, 0, 0, 0.14%, 8, 0, 12, 0.00
1733619207, 6034086, 0, 42, 0, 0, 0.14%, 8, 0, 12, 0.00
1733619212, 6049783, 0, 42, 0, 0, 0.14%, 8, 0, 12, 0.00
1733619217, 6065448, 0, 42, 0, 0, 0.14%, 8, 0, 12, 0.00
1733619223, 6081173, 0, 42, 0, 0, 0.14%, 8, 0, 12, 0.00
1733619228, 6096888, 0, 42, 0, 0, 0.14%, 8, 0, 12, 0.00
1733619233, 6112595, 0, 42, 0, 0, 0.14%, 8, 0, 12, 0.00
1733619238, 6128282, 0, 42, 0, 0, 0.14%, 8, 0, 12, 0.00
1733619243, 6144000, 0, 42, 0, 0, 0.14%, 8, 0, 12, 0.00
1733619249, 6159680, 0, 42, 0, 0, 0.14%, 8, 0, 12, 0.00
1733619254, 6175360, 0, 42, 0, 0, 0.14%, 8, 0, 12, 0.00
1733619259, 6191066, 0, 42, 0, 0, 0.14%, 8, 0, 12, 0.00
1733619264, 6206773, 0, 42, 0, 0, 0.14%, 8, 0, 12, 0.00
1733619269, 6222522, 0, 42, 0, 0, 0.14%, 8, 0, 12, 0.00
1733619275, 6238250, 0, 42, 0, 0, 0.14%, 8, 0, 12, 0.00
1733619280, 6253881, 0, 42, 0, 0, 0.14%, 8, 0, 12, 0.00
1733619285, 6269605, 0, 42, 0, 0, 0.14%, 8, 0, 12, 0.00
1733619290, 6285262, 0, 42, 0, 0, 0.14%, 8, 0, 12, 0.00
1733619295, 6300969, 0, 42, 0, 0, 0.14%, 8, 0, 12, 0.00
1733619301, 6316667, 0, 42, 0, 0, 0.14%, 8, 0, 12, 0.00
1733619306, 6332360, 0, 42, 0, 0, 0.14%, 8, 0, 12, 0.00
1733619311, 6348047, 0, 42, 0, 0, 0.14%, 8, 0, 12, 0.00
1733619316, 6363725, 0, 42, 0, 0, 0.14%, 8, 0, 12, 0.00
1733619321, 6379456, 0, 42, 0, 0, 0.14%, 8, 0, 12, 0.00
1733619327, 6395129, 0, 42, 0, 0, 0.14%, 8, 0, 12, 0.00
1733619332, 6410737, 0, 42, 0, 0, 0.14%, 8, 0, 12, 0.00
1733619337, 6426444, 0, 42, 0, 0, 0.14%, 8, 0, 12, 0.00
1733619342, 6442168, 0, 42, 0, 0, 0.14%, 8, 0, 12, 0.00
1733619347, 6457766, 0, 42, 0, 0, 0.14%, 8, 0, 12, 0.00
1733619353, 6473442, 0, 42, 0, 0, 0.14%, 8, 0, 12, 0.00
1733619358, 6489144, 0, 42, 0, 0, 0.14%, 8, 0, 12, 0.00
1733619363, 6504860, 0, 42, 0, 0, 0.14%, 8, 0, 12, 0.00
1733619368, 6520512, 0, 42, 0, 0, 0.14%, 8, 0, 12, 0.00
1733619373, 6536291, 0, 42, 0, 0, 0.14%, 8, 0, 12, 0.00
1733619379, 6552051, 0, 42, 0, 0, 0.14%, 8, 0, 12, 0.00
1733619384, 6567813, 0, 42, 0, 0, 0.14%, 8, 0, 12, 0.00
1733619389, 6583460, 0, 42, 0, 0, 0.14%, 8, 0, 12, 0.00
1733619394, 6599186, 0, 42, 0, 0, 0.14%, 8, 0, 12, 0.00
1733619399, 6614804, 0, 42, 0, 0, 0.14%, 8, 0, 12, 0.00
1733619405, 6630477, 0, 42, 0, 0, 0.14%, 8, 0, 12, 0.00
1733619410, 6646175, 0, 42, 0, 0, 0.14%, 8, 0, 12, 0.00
1733619415, 6661932, 0, 42, 0, 0, 0.14%, 8, 0, 12, 0.00
1733619420, 6677607, 0, 42, 0, 0, 0.14%, 8, 0, 12, 0.00
1733619425, 6693144, 0, 42, 0, 0, 0.14%, 8, 0, 12, 0.00
1733619431, 6708800, 0, 42, 0, 0, 0.14%, 8, 0, 12, 0.00
1733619436, 6724468, 0, 42, 0, 0, 0.14%, 8, 0, 12, 0.00
1733619441, 6740094, 0, 42, 0, 0, 0.14%, 8, 0, 12, 0.00
1733619446, 6755813, 0, 42, 0, 0, 0.14%, 8, 0, 12, 0.00
1733619451, 6771535, 0, 42, 0, 0, 0.14%, 8, 0, 12, 0.00
1733619457, 6787209, 0, 42, 0, 0, 0.14%, 8, 0, 12, 0.00
1733619462, 6802955, 0, 42, 0, 0, 0.14%, 8, 0, 12, 0.00
1733619467, 6818659, 0, 42, 0, 0, 0.14%, 8, 0, 12, 0.00
1733619472, 6834377, 0, 42, 0, 0, 0.14%, 8, 0, 12, 0.00
1733619477, 6850022, 0, 42, 0, 0, 0.14%, 8, 0, 12, 0.00
1733619483, 6865739, 0, 42, 0, 0, 0.14%, 8, 0, 12, 0.00
1733619488, 6881397, 0, 42, 0, 0, 0.14%, 8, 0, 12, 0.00
1733619493, 6897131, 0, 42, 0, 0, 0.14%, 8, 0, 12, 0.00
1733619498, 6912834, 0, 42, 0, 0, 0.14%, 8, 0, 12, 0.00
1733619503, 6928574, 0, 42, 0, 0, 0.14%, 8, 0, 12, 0.00
1733619509, 6944284, 0, 42, 0, 0, 0.14%, 8, 0, 12, 0.00
1733619514, 6959996, 0, 42, 0, 0, 0.14%, 8, 0, 12, 0.00
1733619519, 6975663, 0, 42, 0, 0, 0.14%, 8, 0, 12, 0.00
1733619524, 6991398, 0, 42, 0, 0, 0.14%, 8, 0, 12, 0.00
1733619529, 7007175, 0, 42, 0, 0, 0.14%, 8, 0, 12, 0.00
1733619535, 7022800, 0, 42, 0, 0, 0.14%, 8, 0, 12, 0.00
1733619540, 7038512, 0, 42, 0, 0, 0.14%, 8, 0, 12, 0.00
1733619545, 7054201, 0, 42, 0, 0, 0.14%, 8, 0, 12, 0.00
1733619550, 7069929, 0, 42, 0, 0, 0.14%, 8, 0, 12, 0.00
1733619555, 7085650, 0, 42, 0, 0, 0.14%, 8, 0, 12, 0.00
1733619561, 7101284, 0, 42, 0, 0, 0.14%, 8, 0, 12, 0.00
1733619566, 7117015, 0, 42, 0, 0, 0.14%, 8, 0, 12, 0.00
1733619571, 7132796, 0, 42, 0, 0, 0.14%, 8, 0, 12, 0.00
1733619576, 7148550, 0, 42, 0, 0, 0.14%, 8, 0, 12, 0.00
1733619581, 7164247, 0, 42, 0, 0, 0.14%, 8, 0, 12, 0.00
1733619587, 7179958, 0, 42, 0, 0, 0.14%, 8, 0, 12, 0.00
1733619592, 7195712, 0, 42, 0, 0, 0.14%, 8, 0, 12, 0.00
1733619597, 7211455, 0, 42, 0, 0, 0.14%, 8, 0, 12, 0.00
1733619602, 7227161, 0, 42, 0, 0, 0.14%, 8, 0, 12, 0.00
1733619607, 7242872, 0, 42, 0, 0, 0.14%, 8, 0, 12, 0.00
1733619613, 7258511, 0, 42, 0, 0, 0.14%, 8, 0, 12, 0.00
1733619618, 7274239, 0, 42, 0, 0, 0.14%, 8, 0, 12, 0.00
1733619623, 7290033, 0, 42, 0, 0, 0.14%, 8, 0, 12, 0.00
1733619628, 7305737, 0, 42, 0, 0, 0.14%, 8, 0, 12, 0.00
1733619633, 7321480, 0, 42, 0, 0, 0.14%, 8, 0, 12, 0.00
1733619639, 7337227, 0, 42, 0, 0, 0.14%, 8, 0, 12, 0.00
1733619644, 7352902, 0, 42, 0, 0, 0.14%, 8, 0, 12, 0.00
1733619649, 7368559, 0, 42, 0, 0, 0.14%, 8, 0, 12, 0.00
1733619654, 7384248, 0, 42, 0, 0, 0.14%, 8, 0, 12, 0.00
1733619659, 7400035, 0, 42, 0, 0, 0.14%, 8, 0, 12, 0.00
1733619665, 7415733, 0, 42, 0, 0, 0.14%, 8, 0, 12, 0.00
1733619670, 7431398, 0, 42, 0, 0, 0.14%, 8, 0, 12, 0.00
1733619675, 7447028, 0, 42, 0, 0, 0.14%, 8, 0, 12, 0.00
1733619680, 7462756, 0, 42, 0, 0, 0.14%, 8, 0, 12, 0.00
1733619685, 7478446, 0, 42, 0, 0, 0.14%, 8, 0, 12, 0.00
1733619691, 7494104, 0, 42, 0, 0, 0.14%, 8, 0, 12, 0.00
1733619696, 7509768, 0, 42, 0, 0, 0.14%, 8, 0, 12, 0.00
1733619701, 7525395, 0, 42, 0, 0, 0.14%, 8, 0, 12, 0.00
1733619706, 7541176, 0, 42, 0, 0, 0.14%, 8, 0, 12, 0.00
1733619711, 7556930, 0, 42, 0, 0, 0.14%, 8, 0, 12, 0.00
1733619717, 7572632, 0, 42, 0, 0, 0.14%, 8, 0, 12, 0.00
1733619722, 7588357, 0, 42, 0, 0, 0.14%, 8, 0, 12, 0.00
1733619727, 7604066, 0, 42, 0, 0, 0.14%, 8, 0, 12, 0.00
1733619732, 7619838, 0, 42, 0, 0, 0.14%, 8, 0, 12, 0.00
1733619737, 7635534, 0, 42, 0, 0, 0.14%, 8, 0, 12, 0.00
1733619743, 7651247, 0, 42, 0, 0, 0.14%, 8, 0, 12, 0.00
1733619748, 7667006, 0, 42, 0, 0, 0.14%, 8, 0, 12, 0.00
1733619753, 7682665, 0, 42, 0, 0, 0.14%, 8, 0, 12, 0.00
1733619758, 7698363, 0, 42, 0, 0, 0.14%, 8, 0, 12, 0.00
1733619763, 7714068, 0, 42, 0, 0, 0.14%, 8, 0, 12, 0.00
1733619769, 7729790, 0, 42, 0, 0, 0.14%, 8, 0, 12, 0.00
1733619774, 7745511, 0, 42, 0, 0, 0.14%, 8, 0, 12, 0.00
1733619779, 7761194, 0, 42, 0, 0, 0.14%, 8, 0, 12, 0.00
1733619784, 7776855, 0, 42, 0, 0, 0.14%, 8, 0, 12, 0.00
1733619789, 7792545, 0, 42, 0, 0, 0.14%, 8, 0, 12, 0.00
1733619795, 7808234, 0, 42, 0, 0, 0.14%, 8, 0, 12, 0.00
1733619800, 7823985, 0, 42, 0, 0, 0.14%, 8, 0, 12, 0.00
1733619805, 7839631, 0, 42, 0, 0, 0.14%, 8, 0, 12, 0.00
1733619810, 7855352, 0, 42, 0, 0, 0.14%, 8, 0, 12, 0.00
1733619815, 7871041, 0, 42, 0, 0, 0.14%, 8, 0, 12, 0.00
1733619821, 7886784, 0, 42, 0, 0, 0.14%, 8, 0, 12, 0.00
1733619826, 7902617, 0, 42, 0, 0, 0.14%, 8, 0, 12, 0.00
1733619831, 7918288, 0, 42, 0, 0, 0.14%, 8, 0, 12, 0.00
1733619836, 7933990, 0, 42, 0, 0, 0.14%, 8, 0, 12, 0.00
1733619841, 7949697, 0, 42, 0, 0, 0.14%, 8, 0, 12, 0.00
1733619847, 7965331, 0, 42, 0, 0, 0.14%, 8, 0, 12, 0.00
1733619852, 7981046, 0, 42, 0, 0, 0.14%, 8, 0, 12, 0.00
1733619857, 7996810, 0, 42, 0, 0, 0.14%, 8, 0, 12, 0.00
1733619862, 8012507, 0, 42, 0, 0, 0.14%, 8, 0, 12, 0.00
1733619867, 8028196, 0, 42, 0, 0, 0.14%, 8, 0, 12, 0.00
1733619873, 8043963, 0, 42, 0, 0, 0.14%, 8, 0, 12, 0.00
1733619878, 8059660, 0, 42, 0, 0, 0.14%, 8, 0, 12, 0.00
1733619883, 8075376, 0, 42, 0, 0, 0.14%, 8, 0, 12, 0.00
1733619888, 8091095, 0, 42, 0, 0, 0.14%, 8, 0, 12, 0.00
1733619893, 8106819, 0, 42, 0, 0, 0.14%, 8, 0, 12, 0.00
1733619899, 8122505, 0, 42, 0, 0, 0.14%, 8, 0, 12, 0.00
1733619904, 8138138, 0, 42, 0, 0, 0.14%, 8, 0, 12, 0.00
1733619909, 8153811, 0, 42, 0, 0, 0.14%, 8, 0, 12, 0.00
1733619914, 8169498, 0, 42, 0, 0, 0.14%, 8, 0, 12, 0.00
1733619919, 8185216, 0, 42, 0, 0, 0.14%, 8, 0, 12, 0.00
1733619925, 8200921, 0, 42, 0, 0, 0.14%, 8, 0, 12, 0.00
1733619930, 8216650, 0, 42, 0, 0, 0.14%, 8, 0, 12, 0.00
1733619935, 8232314, 0, 42, 0, 0, 0.14%, 8, 0, 12, 0.00
1733619940, 8247995, 0, 42, 0, 0, 0.14%, 8, 0, 12, 0.00
1733619945, 8263697, 0, 42, 0, 0, 0.14%, 8, 0, 12, 0.00
1733619951, 8279388, 0, 42, 0, 0, 0.14%, 8, 0, 12, 0.00
1733619956, 8295149, 0, 42, 0, 0, 0.14%, 8, 0, 12, 0.00
1733619961, 8310811, 0, 42, 0, 0, 0.14%, 8, 0, 12, 0.00
1733619966, 8326390, 0, 42, 0, 0, 0.14%, 8, 0, 12, 0.00
1733619971, 8342113, 0, 42, 0, 0, 0.14%, 8, 0, 12, 0.00
1733619977, 8357829, 0, 42, 0, 0, 0.14%, 8, 0, 12, 0.00
1733619982, 8373526, 0, 42, 0, 0, 0.14%, 8, 0, 12, 0.00
1733619987, 8389147, 0, 42, 0, 0, 0.14%, 8, 0, 12, 0.00
1733619992, 8404891, 0, 42, 0, 0, 0.14%, 8, 0, 12, 0.00
1733619997, 8420590, 0, 42, 0, 0, 0.14%, 8, 0, 12, 0.00
1733620003, 8436344, 0, 42, 0, 0, 0.14%, 8, 0, 12, 0.00
1733620008, 8452104, 0, 42, 0, 0, 0.14%, 8, 0, 12, 0.00
1733620013, 8467778, 0, 42, 0, 0, 0.14%, 8, 0, 12, 0.00
1733620018, 8483436, 0, 42, 0, 0, 0.14%, 8, 0, 12, 0.00
1733620023, 8499119, 0, 42, 0, 0, 0.14%, 8, 0, 12, 0.00
1733620029, 8514848, 0, 42, 0, 0, 0.14%, 8, 0, 12, 0.00
1733620034, 8530580, 0, 42, 0, 0, 0.14%, 8, 0, 12, 0.00
1733620039, 8546271, 0, 42, 0, 0, 0.14%, 8, 0, 12, 0.00
1733620044, 8561991, 0, 42, 0, 0, 0.14%, 8, 0, 12, 0.00
1733620049, 8577739, 0, 42, 0, 0, 0.14%, 8, 0, 12, 0.00
1733620055, 8593465, 0, 42, 0, 0, 0.14%, 8, 0, 12, 0.00
1733620060, 8609136, 0, 42, 0, 0, 0.14%, 8, 0, 12, 0.00
1733620065, 8624893, 0, 42, 0, 0, 0.14%, 8, 0, 12, 0.00
1733620070, 8640532, 0, 42, 0, 0, 0.14%, 8, 0, 12, 0.00
1733620075, 8656287, 0, 42, 0, 0, 0.14%, 8, 0, 12, 0.00
1733620081, 8671939, 0, 42, 0, 0, 0.14%, 8, 0, 12, 0.00
1733620086, 8687715, 0, 42, 0, 0, 0.14%, 8, 0, 12, 0.00
1733620091, 8703473, 0, 42, 0, 0, 0.14%, 8, 0, 12, 0.00
1733620096, 8719131, 0, 42, 0, 0, 0.14%, 8, 0, 12, 0.00
1733620101, 8734821, 0, 42, 0, 0, 0.14%, 8, 0, 12, 0.00
1733620107, 8750502, 0, 42, 0, 0, 0.14%, 8, 0, 12, 0.00
1733620112, 8766217, 0, 42, 0, 0, 0.14%, 8, 0, 12, 0.00
1733620117, 8781900, 0, 42, 0, 0, 0.14%, 8, 0, 12, 0.00
1733620122, 8797667, 0, 42, 0, 0, 0.14%, 8, 0, 12, 0.00
1733620127, 8813339, 0, 42, 0, 0, 0.14%, 8, 0, 12, 0.00
1733620133, 8828979, 0, 42, 0, 0, 0.14%, 8, 0, 12, 0.00
1733620138, 8844773, 0, 42, 0, 0, 0.14%, 8, 0, 12, 0.00
1733620143, 8860484, 0, 42, 0, 0, 0.14%, 8, 0, 12, 0.00
1733620148, 8876170, 0, 42, 0, 0, 0.14%, 8, 0, 12, 0.00
1733620153, 8891899, 0, 42, 0, 0, 0.14%, 8, 0, 12, 0.00
1733620159, 8907603, 0, 42, 0, 0, 0.14%, 8, 0, 12, 0.00
1733620164, 8923215, 0, 42, 0, 0, 0.14%, 8, 0, 12, 0.00
1733620169, 8938982, 0, 42, 0, 0, 0.14%, 8, 0, 12, 0.00
1733620174, 8954689, 0, 42, 0, 0, 0.14%, 8, 0, 12, 0.00
1733620179, 8970447, 0, 42, 0, 0, 0.14%, 8, 0, 12, 0.00
1733620185, 8986144, 0, 42, 0, 0, 0.14%, 8, 0, 12, 0.00
1733620190, 9001862, 0, 42, 0, 0, 0.14%, 8, 0, 12, 0.00
1733620195, 9017528, 0, 42, 0, 0, 0.14%, 8, 0, 12, 0.00
1733620200, 9033303, 0, 42, 0, 0, 0.14%, 8, 0, 12, 0.00
1733620205, 9048999, 0, 42, 0, 0, 0.14%, 8, 0, 12, 0.00
1733620211, 9064727, 0, 42, 0, 0, 0.14%, 8, 0, 12, 0.00
1733620216, 9080403, 0, 42, 0, 0, 0.14%, 8, 0, 12, 0.00
1733620221, 9096120, 0, 42, 0, 0, 0.14%, 8, 0, 12, 0.00
1733620226, 9111826, 0, 42, 0, 0, 0.14%, 8, 0, 12, 0.00
1733620231, 9127522, 0, 42, 0, 0, 0.14%, 8, 0, 12, 0.00
1733620237, 9143146, 0, 42, 0, 0, 0.14%, 8, 0, 12, 0.00
1733620242, 9158864, 0, 42, 0, 0, 0.14%, 8, 0, 12, 0.00
1733620247, 9174577, 0, 42, 0, 0, 0.14%, 8, 0, 12, 0.00
1733620252, 9190227, 0, 42, 0, 0, 0.14%, 8, 0, 12, 0.00
1733620257, 9205873, 0, 42, 0, 0, 0.14%, 8, 0, 12, 0.00
1733620263, 9221566, 0, 42, 0, 0, 0.14%, 8, 0, 12, 0.00
1733620268, 9237274, 0, 42, 0, 0, 0.14%, 8, 0, 12, 0.00
1733620273, 9252971, 0, 42, 0, 0, 0.14%, 8, 0, 12, 0.00
1733620278, 9268753, 0, 42, 0, 0, 0.14%, 8, 0, 12, 0.00
1733620283, 9284475, 0, 42, 0, 0, 0.14%, 8, 0, 12, 0.00
1733620289, 9300078, 0, 42, 0, 0, 0.14%, 8, 0, 12, 0.00
1733620294, 9315680, 0, 42, 0, 0, 0.14%, 8, 0, 12, 0.00
1733620299, 9331390, 0, 42, 0, 0, 0.14%, 8, 0, 12, 0.00
1733620304, 9347204, 0, 42, 0, 0, 0.14%, 8, 0, 12, 0.00
1733620309, 9362876, 0, 42, 0, 0, 0.14%, 8, 0, 12, 0.00
1733620315, 9378610, 0, 42, 0, 0, 0.14%, 8, 0, 12, 0.00
1733620320, 9394377, 0, 42, 0, 0, 0.14%, 8, 0, 12, 0.00
1733620325, 9410050, 0, 42, 0, 0, 0.14%, 8, 0, 12, 0.00
1733620330, 9425846, 0, 42, 0, 0, 0.14%, 8, 0, 12, 0.00
1733620335, 9441580, 0, 42, 0, 0, 0.14%, 8, 0, 12, 0.00
1733620341, 9457262, 0, 42, 0, 0, 0.14%, 8, 0, 12, 0.00
1733620346, 9472939, 0, 42, 0, 0, 0.14%, 8, 0, 12, 0.00
1733620351, 9488603, 0, 42, 0, 0, 0.14%, 8, 0, 12, 0.00
1733620356, 9504348, 0, 42, 0, 0, 0.14%, 8, 0, 12, 0.00
1733620361, 9520048, 0, 42, 0, 0, 0.14%, 8, 0, 12, 0.00
1733620367, 9535800, 0, 42, 0, 0, 0.14%, 8, 0, 12, 0.00
1733620372, 9551457, 0, 42, 0, 0, 0.14%, 8, 0, 12, 0.00
1733620377, 9567159, 0, 42, 0, 0, 0.14%, 8, 0, 12, 0.00
1733620382, 9582789, 0, 42, 0, 0, 0.14%, 8, 0, 12, 0.00
1733620387, 9598498, 0, 42, 0, 0, 0.14%, 8, 0, 12, 0.00
1733620393, 9614170, 0, 42, 0, 0, 0.14%, 8, 0, 12, 0.00
1733620398, 9629819, 0, 42, 0, 0, 0.14%, 8, 0, 12, 0.00
1733620403, 9645527, 0, 42, 0, 0, 0.14%, 8, 0, 12, 0.00
1733620408, 9661239, 0, 42, 0, 0, 0.14%, 8, 0, 12, 0.00
1733620413, 9676990, 0, 42, 0, 0, 0.14%, 8, 0, 12, 0.00
1733620419, 9692746, 0, 42, 0, 0, 0.14%, 8, 0, 12, 0.00
1733620424, 9708381, 0, 42, 0, 0, 0.14%, 8, 0, 12, 0.00
1733620429, 9724110, 0, 42, 0, 0, 0.14%, 8, 0, 12, 0.00
1733620434, 9739856, 0, 42, 0, 0, 0.14%, 8, 0, 12, 0.00
1733620439, 9755537, 0, 42, 0, 0, 0.14%, 8, 0, 12, 0.00
1733620445, 9771179, 0, 42, 0, 0, 0.14%, 8, 0, 12, 0.00
1733620450, 9786852, 0, 42, 0, 0, 0.14%, 8, 0, 12, 0.00
1733620455, 9802590, 0, 42, 0, 0, 0.14%, 8, 0, 12, 0.00
1733620460, 9818373, 0, 42, 0, 0, 0.14%, 8, 0, 12, 0.00
1733620465, 9834137, 0, 42, 0, 0, 0.14%, 8, 0, 12, 0.00
1733620471, 9849866, 0, 42, 0, 0, 0.14%, 8, 0, 12, 0.00
1733620476, 9865620, 0, 42, 0, 0, 0.14%, 8, 0, 12, 0.00
1733620481, 9881372, 0, 42, 0, 0, 0.14%, 8, 0, 12, 0.00
1733620486, 9897075, 0, 42, 0, 0, 0.14%, 8, 0, 12, 0.00
1733620491, 9912879, 0, 42, 0, 0, 0.14%, 8, 0, 12, 0.00
1733620497, 9928581, 0, 42, 0, 0, 0.14%, 8, 0, 12, 0.00
1733620502, 9944284, 0, 42, 0, 0, 0.14%, 8, 0, 12, 0.00
1733620507, 9959996, 0, 42, 0, 0, 0.14%, 8, 0, 12, 0.00
1733620512, 9975719, 0, 42, 0, 0, 0.14%, 8, 0, 12, 0.00
1733620517, 9991472, 0, 42, 0, 0, 0.14%, 8, 0, 12, 0.00
1733620523, 10007164, 0, 42, 0, 0, 0.14%, 8, 0, 12, 0.00
1733620528, 10022890, 0, 42, 0, 0, 0.14%, 8, 0, 12, 0.00
1733620533, 10038611, 0, 42, 0, 0, 0.14%, 8, 0, 12, 0.00
1733620538, 10054310, 0, 42, 0, 0, 0.14%, 8, 0, 12, 0.00
1733620543, 10069901, 0, 42, 0, 0, 0.14%, 8, 0, 12, 0.00
1733620549, 10085572, 0, 42, 0, 0, 0.14%, 8, 0, 12, 0.00
1733620554, 10101242, 0, 42, 0, 0, 0.14%, 8, 0, 12, 0.00
1733620559, 10116892, 0, 42, 0, 0, 0.14%, 8, 0, 12, 0.00
1733620564, 10132599, 0, 42, 0, 0, 0.14%, 8, 0, 12, 0.00
1733620569, 10148309, 0, 42, 0, 0, 0.14%, 8, 0, 12, 0.00
1733620575, 10164057, 0, 42, 0, 0, 0.14%, 8, 0, 12, 0.00
1733620580, 10179772, 0, 42, 0, 0, 0.14%, 8, 0, 12, 0.00
1733620585, 10195512, 0, 42, 0, 0, 0.14%, 8, 0, 12, 0.00
1733620590, 10211200, 0, 42, 0, 0, 0.14%, 8, 0, 12, 0.00
1733620595, 10226947, 0, 42, 0, 0, 0.14%, 8, 0, 12, 0.00
1733620601, 10242715, 0, 42, 0, 0, 0.14%, 8, 0, 12, 0.00
1733620606, 10258414, 0, 42, 0, 0, 0.14%, 8, 0, 12, 0.00
1733620611, 10274133, 0, 42, 0, 0, 0.14%, 8, 0, 12, 0.00
1733620616, 10289830, 0, 42, 0, 0, 0.14%, 8, 0, 12, 0.00
1733620621, 10305465, 0, 42, 0, 0, 0.14%, 8, 0, 12, 0.00
1733620627, 10321084, 0, 42, 0, 0, 0.14%, 8, 0, 12, 0.00
1733620632, 10336821, 0, 42, 0, 0, 0.14%, 8, 0, 12, 0.00
1733620637, 10352561, 0, 42, 0, 0, 0.14%, 8, 0, 12, 0.00
1733620642, 10368294, 0, 42, 0, 0, 0.14%, 8, 0, 12, 0.00
1733620647, 10384044, 0, 42, 0, 0, 0.14%, 8, 0, 12, 0.00
1733620653, 10399768, 0, 42, 0, 0, 0.14%, 8, 0, 12, 0.00
1733620658, 10415450, 0, 42, 0, 0, 0.14%, 8, 0, 12, 0.00
1733620663, 10431125, 0, 42, 0, 0, 0.14%, 8, 0, 12, 0.00
1733620668, 10446835, 0, 42, 0, 0, 0.14%, 8, 0, 12, 0.00
1733620673, 10462645, 0, 42, 0, 0, 0.14%, 8, 0, 12, 0.00
1733620679, 10478319, 0, 42, 0, 0, 0.14%, 8, 0, 12, 0.00
1733620684, 10494015, 0, 42, 0, 0, 0.14%, 8, 0, 12, 0.00
1733620689, 10509671, 0, 42, 0, 0, 0.14%, 8, 0, 12, 0.00
1733620694, 10525308, 0, 42, 0, 0, 0.14%, 8, 0, 12, 0.00
1733620699, 10540983, 0, 42, 0, 0, 0.14%, 8, 0, 12, 0.00
1733620705, 10556655, 0, 42, 0, 0, 0.14%, 8, 0, 12, 0.00
1733620710, 10572390, 0, 42, 0, 0, 0.14%, 8, 0, 12, 0.00
1733620715, 10588091, 0, 42, 0, 0, 0.14%, 8, 0, 12, 0.00
1733620720, 10603804, 0, 42, 0, 0, 0.14%, 8, 0, 12, 0.00
1733620725, 10619493, 0, 42, 0, 0, 0.14%, 8, 0, 12, 0.00
1733620731, 10635197, 0, 42, 0, 0, 0.14%, 8, 0, 12, 0.00
1733620736, 10650887, 0, 42, 0, 0, 0.14%, 8, 0, 12, 0.00
1733620741, 10666603, 0, 42, 0, 0, 0.14%, 8, 0, 12, 0.00
1733620746, 10682244, 0, 42, 0, 0, 0.14%, 8, 0, 12, 0.00
1733620751, 10697961, 0, 42, 0, 0, 0.14%, 8, 0, 12, 0.00
1733620757, 10713625, 0, 42, 0, 0, 0.14%, 8, 0, 12, 0.00
1733620762, 10729417, 0, 42, 0, 0, 0.14%, 8, 0, 12, 0.00
1733620767, 10745111, 0, 42, 0, 0, 0.14%, 8, 0, 12, 0.00
1733620772, 10760802, 0, 42, 0, 0, 0.14%, 8, 0, 12, 0.00
1733620777, 10776580, 0, 42, 0, 0, 0.14%, 8, 0, 12, 0.00
1733620783, 10792272, 0, 42, 0, 0, 0.14%, 8, 0, 12, 0.00
1733620788, 10808037, 0, 42, 0, 0, 0.14%, 8, 0, 12, 0.00
1733620793, 10823703, 0, 42, 0, 0, 0.14%, 8, 0, 12, 0.00
1733620798, 10839414, 0, 42, 0, 0, 0.14%, 8, 0, 12, 0.00
1733620803, 10855123, 0, 42, 0, 0, 0.14%, 8, 0, 12, 0.00
1733620809, 10870732, 0, 42, 0, 0, 0.14%, 8, 0, 12, 0.00
1733620814, 10886454, 0, 42, 0, 0, 0.14%, 8, 0, 12, 0.00
1733620819, 10902149, 0, 42, 0, 0, 0.14%, 8, 0, 12, 0.00
1733620824, 10917862, 0, 42, 0, 0, 0.14%, 8, 0, 12, 0.00
1733620829, 10933533, 0, 42, 0, 0, 0.14%, 8, 0, 12, 0.00
1733620835, 10949261, 0, 42, 0, 0, 0.14%, 8, 0, 12, 0.00
1733620840, 10964985, 0, 42, 0, 0, 0.14%, 8, 0, 12, 0.00
1733620845, 10980598, 0, 42, 0, 0, 0.14%, 8, 0, 12, 0.00
1733620850, 10996339, 0, 42, 0, 0, 0.14%, 8, 0, 12, 0.00
1733620855, 11012051, 0, 42, 0, 0, 0.14%, 8, 0, 12, 0.00
1733620861, 11027764, 0, 42, 0, 0, 0.14%, 8, 0, 12, 0.00
1733620866, 11043388, 0, 42, 0, 0, 0.14%, 8, 0, 12, 0.00
1733620871, 11059086, 0, 42, 0, 0, 0.14%, 8, 0, 12, 0.00
1733620876, 11074817, 0, 42, 0, 0, 0.14%, 8, 0, 12, 0.00
1733620881, 11090509, 0, 42, 0, 0, 0.14%, 8, 0, 12, 0.00
1733620887, 11106228, 0, 42, 0, 0, 0.14%, 8, 0, 12, 0.00
1733620892, 11121974, 0, 42, 0, 0, 0.14%, 8, 0, 12, 0.00
1733620897, 11137613, 0, 42, 0, 0, 0.14%, 8, 0, 12, 0.00
1733620902, 11153334, 0, 42, 0, 0, 0.14%, 8, 0, 12, 0.00
1733620907, 11169047, 0, 42, 0, 0, 0.14%, 8, 0, 12, 0.00
1733620913, 11184756, 0, 42, 0, 0, 0.14%, 8, 0, 12, 0.00
1733620918, 11200421, 0, 42, 0, 0, 0.14%, 8, 0, 12, 0.00
1733620923, 11216107, 0, 42, 0, 0, 0.14%, 8, 0, 12, 0.00
1733620928, 11231781, 0, 42, 0, 0, 0.14%, 8, 0, 12, 0.00
1733620933, 11247407, 0, 42, 0, 0, 0.14%, 8, 0, 12, 0.00
1733620939, 11263115, 0, 42, 0, 0, 0.14%, 8, 0, 12, 0.00
1733620944, 11278794, 0, 42, 0, 0, 0.14%, 8, 0, 12, 0.00
1733620949, 11294497, 0, 42, 0, 0, 0.14%, 8, 0, 12, 0.00
1733620954, 11310246, 0, 42, 0, 0, 0.14%, 8, 0, 12, 0.00
1733620959, 11325845, 0, 42, 0, 0, 0.14%, 8, 0, 12, 0.00
1733620965, 11341566, 0, 42, 0, 0, 0.14%, 8, 0, 12, 0.00
1733620970, 11357274, 0, 42, 0, 0, 0.14%, 8, 0, 12, 0.00
1733620975, 11372927, 0, 42, 0, 0, 0.14%, 8, 0, 12, 0.00
1733620980, 11388635, 0, 42, 0, 0, 0.14%, 8, 0, 12, 0.00
1733620985, 11404266, 0, 42, 0, 0, 0.14%, 8, 0, 12, 0.00
1733620991, 11420011, 0, 42, 0, 0, 0.14%, 8, 0, 12, 0.00
1733620996, 11435676, 0, 42, 0, 0, 0.14%, 8, 0, 12, 0.00
1733621001, 11451408, 0, 42, 0, 0, 0.14%, 8, 0, 12, 0.00
1733621006, 11467148, 0, 42, 0, 0, 0.14%, 8, 0, 12, 0.00
1733621011, 11482802, 0, 42, 0, 0, 0.14%, 8, 0, 12, 0.00
1733621017, 11498465, 0, 42, 0, 0, 0.14%, 8, 0, 12, 0.00
1733621022, 11514169, 0, 42, 0, 0, 0.14%, 8, 0, 12, 0.00
1733621027, 11529915, 0, 42, 0, 0, 0.14%, 8, 0, 12, 0.00
1733621032, 11545601, 0, 42, 0, 0, 0.14%, 8, 0, 12, 0.00
1733621037, 11561309, 0, 42, 0, 0, 0.14%, 8, 0, 12, 0.00
1733621043, 11577092, 0, 42, 0, 0, 0.14%, 8, 0, 12, 0.00
1733621048, 11592747, 0, 42, 0, 0, 0.14%, 8, 0, 12, 0.00
1733621053, 11608382, 0, 42, 0, 0, 0.14%, 8, 0, 12, 0.00
1733621058, 11624097, 0, 42, 0, 0, 0.14%, 8, 0, 12, 0.00
1733621063, 11639782, 0, 42, 0, 0, 0.14%, 8, 0, 12, 0.00
1733621069, 11655418, 0, 42, 0, 0, 0.14%, 8, 0, 12, 0.00
1733621074, 11671074, 0, 42, 0, 0, 0.14%, 8, 0, 12, 0.00
1733621079, 11686778, 0, 42, 0, 0, 0.14%, 8, 0, 12, 0.00
1733621084, 11702480, 0, 42, 0, 0, 0.14%, 8, 0, 12, 0.00
1733621089, 11718175, 0, 42, 0, 0, 0.14%, 8, 0, 12, 0.00
1733621095, 11733848, 0, 42, 0, 0, 0.14%, 8, 0, 12, 0.00
1733621100, 11749529, 0, 42, 0, 0, 0.14%, 8, 0, 12, 0.00
1733621105, 11765205, 0, 42, 0, 0, 0.14%, 8, 0, 12, 0.00
1733621110, 11780917, 0, 42, 0, 0, 0.14%, 8, 0, 12, 0.00
1733621115, 11796587, 0, 42, 0, 0, 0.14%, 8, 0, 12, 0.00
1733621121, 11812362, 0, 42, 0, 0, 0.14%, 8, 0, 12, 0.00
1733621126, 11828102, 0, 42, 0, 0, 0.14%, 8, 0, 12, 0.00
1733621131, 11843765, 0, 42, 0, 0, 0.14%, 8, 0, 12, 0.00
1733621136, 11859490, 0, 42, 0, 0, 0.14%, 8, 0, 12, 0.00
1733621141, 11875224, 0, 42, 0, 0, 0.14%, 8, 0, 12, 0.00
1733621147, 11890986, 0, 42, 0, 0, 0.14%, 8, 0, 12, 0.00
1733621152, 11906735, 0, 42, 0, 0, 0.14%, 8, 0, 12, 0.00
1733621157, 11922481, 0, 42, 0, 0, 0.14%, 8, 0, 12, 0.00
1733621162, 11938174, 0, 42, 0, 0, 0.14%, 8, 0, 12, 0.00
1733621167, 11953837, 0, 42, 0, 0, 0.14%, 8, 0, 12, 0.00
1733621173, 11969558, 0, 42, 0, 0, 0.14%, 8, 0, 12, 0.00
1733621178, 11985172, 0, 42, 0, 0, 0.14%, 8, 0, 12, 0.00
1733621183, 12000935, 0, 42, 0, 0, 0.14%, 8, 0, 12, 0.00
1733621188, 12016578, 0, 42, 0, 0, 0.14%, 8, 0, 12, 0.00
1733621193, 12032282, 0, 42, 0, 0, 0.14%, 8, 0, 12, 0.00
1733621199, 12048028, 0, 42, 0, 0, 0.14%, 8, 0, 12, 0.00
1733621204, 12063823, 0, 42, 0, 0, 0.14%, 8, 0, 12, 0.00
1733621209, 12079523, 0, 42, 0, 0, 0.14%, 8, 0, 12, 0.00
1733621214, 12095194, 0, 42, 0, 0, 0.14%, 8, 0, 12, 0.00
1733621219, 12110858, 0, 42, 0, 0, 0.14%, 8, 0, 12, 0.00
1733621225, 12126576, 0, 42, 0, 0, 0.14%, 8, 0, 12, 0.00
1733621230, 12142226, 0, 42, 0, 0, 0.14%, 8, 0, 12, 0.00
1733621235, 12157944, 0, 42, 0, 0, 0.14%, 8, 0, 12, 0.00
1733621240, 12173627, 0, 42, 0, 0, 0.14%, 8, 0, 12, 0.00
1733621245, 12189327, 0, 42, 0, 0, 0.14%, 8, 0, 12, 0.00
1733621251, 12204995, 0, 42, 0, 0, 0.14%, 8, 0, 12, 0.00
1733621256, 12220705, 0, 42, 0, 0, 0.14%, 8, 0, 12, 0.00
1733621261, 12236431, 0, 42, 0, 0, 0.14%, 8, 0, 12, 0.00
1733621266, 12252117, 0, 42, 0, 0, 0.14%, 8, 0, 12, 0.00
1733621271, 12267885, 0, 42, 0, 0, 0.14%, 8, 0, 12, 0.00
1733621277, 12283542, 0, 42, 0, 0, 0.14%, 8, 0, 12, 0.00
1733621282, 12299260, 0, 42, 0, 0, 0.14%, 8, 0, 12, 0.00
1733621287, 12314923, 0, 42, 0, 0, 0.14%, 8, 0, 12, 0.00
1733621292, 12330656, 0, 42, 0, 0, 0.14%, 8, 0, 12, 0.00
1733621297, 12346373, 0, 42, 0, 0, 0.14%, 8, 0, 12, 0.00
1733621303, 12362060, 0, 42, 0, 0, 0.14%, 8, 0, 12, 0.00
1733621308, 12377787, 0, 42, 0, 0, 0.14%, 8, 0, 12, 0.00
1733621313, 12393472, 0, 42, 0, 0, 0.14%, 8, 0, 12, 0.00
1733621318, 12409154, 0, 42, 0, 0, 0.14%, 8, 0, 12, 0.00
1733621323, 12424899, 0, 42, 0, 0, 0.14%, 8, 0, 12, 0.00
1733621329, 12440560, 0, 42, 0, 0, 0.14%, 8, 0, 12, 0.00
1733621334, 12456331, 0, 42, 0, 0, 0.14%, 8, 0, 12, 0.00
1733621339, 12471987, 0, 42, 0, 0, 0.14%, 8, 0, 12, 0.00
1733621344, 12487676, 0, 42, 0, 0, 0.14%, 8, 0, 12, 0.00
1733621349, 12503279, 0, 42, 0, 0, 0.14%, 8, 0, 12, 0.00
1733621355, 12518957, 0, 42, 0, 0, 0.14%, 8, 0, 12, 0.00
1733621360, 12534619, 0, 42, 0, 0, 0.14%, 8, 0, 12, 0.00
1733621365, 12550338, 0, 42, 0, 0, 0.14%, 8, 0, 12, 0.00
1733621370, 12566052, 0, 42, 0, 0, 0.14%, 8, 0, 12, 0.00
1733621375, 12581706, 0, 42, 0, 0, 0.14%, 8, 0, 12, 0.00
1733621381, 12597342, 0, 42, 0, 0, 0.14%, 8, 0, 12, 0.00
1733621386, 12613019, 0, 42, 0, 0, 0.14%, 8, 0, 12, 0.00
1733621391, 12628719, 0, 42, 0, 0, 0.14%, 8, 0, 12, 0.00
1733621396, 12644420, 0, 42, 0, 0, 0.14%, 8, 0, 12, 0.00
1733621401, 12660153, 0, 42, 0, 0, 0.14%, 8, 0, 12, 0.00
1733621407, 12675881, 0, 42, 0, 0, 0.14%, 8, 0, 12, 0.00
1733621412, 12691599, 0, 42, 0, 0, 0.14%, 8, 0, 12, 0.00
1733621417, 12707258, 0, 42, 0, 0, 0.14%, 8, 0, 12, 0.00
1733621422, 12723034, 0, 42, 0, 0, 0.14%, 8, 0, 12, 0.00
1733621427, 12738714, 0, 42, 0, 0, 0.14%, 8, 0, 12, 0.00
1733621433, 12754431, 0, 42, 0, 0, 0.14%, 8, 0, 12, 0.00
1733621438, 12770123, 0, 42, 0, 0, 0.14%, 8, 0, 12, 0.00
1733621443, 12785899, 0, 42, 0, 0, 0.14%, 8, 0, 12, 0.00
1733621448, 12801549, 0, 42, 0, 0, 0.14%, 8, 0, 12, 0.00
1733621453, 12817181, 0, 42, 0, 0, 0.14%, 8, 0, 12, 0.00
1733621459, 12832917, 0, 42, 0, 0, 0.14%, 8, 0, 12, 0.00
1733621464, 12848578, 0, 42, 0, 0, 0.14%, 8, 0, 12, 0.00
1733621469, 12864255, 0, 42, 0, 0, 0.14%, 8, 0, 12, 0.00
1733621474, 12879899, 0, 42, 0, 0, 0.14%, 8, 0, 12, 0.00
1733621479, 12895622, 0, 42, 0, 0, 0.14%, 8, 0, 12, 0.00
1733621485, 12911217, 0, 42, 0, 0, 0.14%, 8, 0, 12, 0.00
1733621490, 12926925, 0, 42, 0, 0, 0.14%, 8, 0, 12, 0.00
1733621495, 12942624, 0, 42, 0, 0, 0.14%, 8, 0, 12, 0.00
1733621500, 12958349, 0, 42, 0, 0, 0.14%, 8, 0, 12, 0.00
1733621505, 12974042, 0, 42, 0, 0, 0.14%, 8, 0, 12, 0.00
1733621511, 12989785, 0, 42, 0, 0, 0.14%, 8, 0, 12, 0.00
1733621516, 13005468, 0, 42, 0, 0, 0.14%, 8, 0, 12, 0.00
1733621521, 13021153, 0, 42, 0, 0, 0.14%, 8, 0, 12, 0.00
1733621526, 13036822, 0, 42, 0, 0, 0.14%, 8, 0, 12, 0.00
1733621531, 13052491, 0, 42, 0, 0, 0.14%, 8, 0, 12, 0.00
1733621537, 13068281, 0, 42, 0, 0, 0.14%, 8, 0, 12, 0.00
1733621542, 13083988, 0, 42, 0, 0, 0.14%, 8, 0, 12, 0.00
1733621547, 13099704, 0, 42, 0, 0, 0.14%, 8, 0, 12, 0.00
1733621552, 13115422, 0, 42, 0, 0, 0.14%, 8, 0, 12, 0.00
1733621557, 13131135, 0, 42, 0, 0, 0.14%, 8, 0, 12, 0.00
1733621563, 13146849, 0, 42, 0, 0, 0.14%, 8, 0, 12, 0.00
1733621568, 13162600, 0, 42, 0, 0, 0.14%, 8, 0, 12, 0.00
1733621573, 13178278, 0, 42, 0, 0, 0.14%, 8, 0, 12, 0.00
1733621578, 13194024, 0, 42, 0, 0, 0.14%, 8, 0, 12, 0.00
1733621583, 13209683, 0, 42, 0, 0, 0.14%, 8, 0, 12, 0.00
1733621589, 13225390, 0, 42, 0, 0, 0.14%, 8, 0, 12, 0.00
1733621594, 13241138, 0, 42, 0, 0, 0.14%, 8, 0, 12, 0.00
1733621599, 13256888, 0, 42, 0, 0, 0.14%, 8, 0, 12, 0.00
1733621604, 13272599, 0, 42, 0, 0, 0.14%, 8, 0, 12, 0.00
1733621609, 13288299, 0, 42, 0, 0, 0.14%, 8, 0, 12, 0.00
1733621615, 13303956, 0, 42, 0, 0, 0.14%, 8, 0, 12, 0.00
1733621620, 13319682, 0, 42, 0, 0, 0.14%, 8, 0, 12, 0.00
1733621625, 13335297, 0, 42, 0, 0, 0.14%, 8, 0, 12, 0.00
1733621630, 13351036, 0, 42, 0, 0, 0.14%, 8, 0, 12, 0.00
1733621635, 13366759, 0, 42, 0, 0, 0.14%, 8, 0, 12, 0.00
1733621641, 13382402, 0, 42, 0, 0, 0.14%, 8, 0, 12, 0.00
1733621646, 13398140, 0, 42, 0, 0, 0.14%, 8, 0, 12, 0.00
1733621651, 13413955, 0, 42, 0, 0, 0.14%, 8, 0, 12, 0.00
1733621656, 13429662, 0, 42, 0, 0, 0.14%, 8, 0, 12, 0.00
1733621661, 13445463, 0, 42, 0, 0, 0.14%, 8, 0, 12, 0.00
1733621667, 13461167, 0, 42, 0, 0, 0.14%, 8, 0, 12, 0.00
1733621672, 13476829, 0, 42, 0, 0, 0.14%, 8, 0, 12, 0.00
1733621677, 13492537, 0, 42, 0, 0, 0.14%, 8, 0, 12, 0.00
1733621682, 13508240, 0, 42, 0, 0, 0.14%, 8, 0, 12, 0.00
1733621687, 13523960, 0, 42, 0, 0, 0.14%, 8, 0, 12, 0.00
1733621693, 13539657, 0, 42, 0, 0, 0.14%, 8, 0, 12, 0.00
1733621698, 13555422, 0, 42, 0, 0, 0.14%, 8, 0, 12, 0.00
1733621703, 13571146, 0, 42, 0, 0, 0.14%, 8, 0, 12, 0.00
