# unix_time, cycles_done, cur_path, paths_total, pending_total, pending_favs, map_size, unique_crashes, unique_hangs, max_depth, execs_per_sec
1735428477, 0, 0, 10, 10, 1, 0.01%, 0, 0, 1, 35.87
1735428482, 0, 3, 10, 10, 1, 0.01%, 0, 0, 1, 37.92
1735428497, 1, 0, 10, 3, 0, 0.01%, 0, 0, 1, 43.71
1735428502, 1, 1, 10, 2, 0, 0.01%, 0, 0, 1, 46.40
1735428508, 1, 2, 10, 1, 0, 0.01%, 0, 0, 1, 46.58
1735428513, 1, 3, 10, 0, 0, 0.01%, 0, 0, 1, 44.72
1735428523, 1, 4, 10, 0, 0, 0.01%, 0, 0, 1, 45.25
1735428528, 1, 5, 10, 0, 0, 0.01%, 0, 0, 1, 46.98
1735428533, 1, 6, 10, 0, 0, 0.01%, 0, 0, 1, 46.62
1735428538, 1, 7, 10, 0, 0, 0.01%, 0, 0, 1, 45.99
1735428543, 1, 8, 10, 0, 0, 0.01%, 0, 0, 1, 46.55
1735428548, 1, 9, 11, 1, 0, 0.14%, 0, 0, 2, 44.78
1735428553, 1, 10, 11, 1, 1, 0.14%, 1, 0, 2, 47.76
1735428564, 1, 10, 12, 2, 1, 0.14%, 2, 0, 3, 54.38
1735428604, 1, 11, 13, 2, 1, 0.14%, 3, 0, 4, 70.03
1735428645, 1, 12, 13, 1, 1, 0.14%, 3, 0, 4, 54.83
1735428655, 1, 12, 14, 2, 1, 0.14%, 4, 0, 5, 51.58
1735428777, 4, 12, 14, 0, 0, 0.14%, 4, 0, 5, 47.89
1735428787, 5, 11, 14, 0, 0, 0.14%, 4, 0, 5, 48.33
1735428792, 5, 12, 14, 0, 0, 0.14%, 4, 0, 5, 47.79
1735428818, 5, 13, 15, 1, 0, 0.14%, 5, 0, 6, 61.21
1735428848, 5, 14, 15, 1, 1, 0.14%, 5, 0, 6, 66.72
1735428889, 5, 14, 16, 2, 1, 0.14%, 5, 0, 7, 48.75
1735428945, 5, 14, 17, 3, 1, 0.14%, 5, 0, 7, 46.88
1735428985, 5, 14, 18, 4, 1, 0.14%, 5, 0, 7, 48.68
1735429011, 5, 15, 18, 3, 1, 0.14%, 5, 0, 7, 79.67
1735429031, 5, 15, 19, 4, 1, 0.14%, 5, 0, 8, 50.36
1735429077, 5, 15, 20, 5, 1, 0.14%, 5, 0, 8, 52.55
1735429097, 5, 15, 21, 6, 1, 0.14%, 5, 0, 8, 54.24
1735429127, 5, 15, 22, 7, 1, 0.14%, 5, 0, 8, 54.69
1735429153, 5, 15, 25, 10, 1, 0.14%, 5, 0, 8, 51.09
1735429173, 5, 18, 25, 9, 2, 0.14%, 5, 0, 8, 67.00
1735429274, 6, 13, 25, 7, 0, 0.14%, 5, 0, 8, 53.77
1735429279, 6, 18, 25, 7, 0, 0.14%, 5, 0, 8, 55.25
1735429305, 6, 22, 26, 8, 0, 0.14%, 5, 0, 9, 70.52
1735429345, 6, 22, 27, 9, 0, 0.14%, 5, 0, 9, 55.48
1735429401, 6, 26, 27, 8, 1, 0.14%, 5, 0, 9, 79.37
1735429447, 6, 26, 28, 9, 1, 0.14%, 5, 0, 10, 57.55
1735429457, 6, 26, 29, 10, 1, 0.14%, 5, 0, 10, 55.43
1735429477, 6, 26, 30, 11, 1, 0.14%, 5, 0, 10, 59.61
1735429559, 6, 27, 30, 10, 1, 0.14%, 5, 0, 10, 77.94
1735429594, 6, 27, 31, 11, 1, 0.14%, 5, 0, 11, 59.97
1735429716, 6, 30, 31, 10, 1, 0.14%, 5, 0, 11, 91.30
1735429756, 6, 30, 32, 11, 1, 0.14%, 5, 0, 12, 61.17
1735429873, 6, 31, 32, 10, 1, 0.14%, 5, 0, 12, 71.50
1735429999, 8, 17, 32, 7, 0, 0.14%, 5, 0, 12, 86.31
1735430070, 9, 20, 32, 6, 0, 0.14%, 5, 0, 12, 83.68
1735430284, 12, 29, 32, 4, 0, 0.14%, 5, 0, 12, 51.32
1735430319, 12, 29, 33, 5, 0, 0.14%, 5, 0, 12, 61.70
1735430365, 12, 29, 34, 6, 0, 0.14%, 5, 0, 12, 58.68
1735430446, 12, 32, 34, 5, 2, 0.14%, 5, 0, 12, 42.81
1735431047, 12, 32, 35, 6, 2, 0.14%, 5, 0, 12, 84.94
1735431114, 12, 32, 36, 7, 2, 0.14%, 6, 0, 12, 84.80
1735431124, 12, 32, 37, 8, 2, 0.14%, 6, 0, 12, 60.61
1735431139, 12, 35, 37, 7, 2, 0.14%, 6, 0, 12, 63.93
1735431226, 12, 35, 38, 8, 2, 0.14%, 7, 0, 13, 108.62
1735431395, 12, 37, 38, 6, 1, 0.14%, 7, 0, 13, 59.35
1735431400, 13, 36, 38, 4, 0, 0.14%, 7, 0, 13, 87.09
1735431405, 13, 36, 39, 5, 0, 0.14%, 7, 0, 13, 103.76
1735431471, 13, 36, 40, 6, 0, 0.14%, 7, 0, 13, 73.40
1735431563, 13, 39, 40, 6, 1, 0.14%, 7, 0, 13, 72.97
1735431568, 14, 34, 40, 5, 0, 0.14%, 7, 0, 13, 68.41
1735431573, 15, 13, 40, 4, 0, 0.14%, 7, 0, 13, 45.24
1735431583, 15, 39, 40, 2, 0, 0.14%, 7, 0, 13, 67.40
1735431873, 16, 33, 40, 2, 0, 0.14%, 7, 0, 13, 110.70
1735432036, 17, 37, 40, 2, 0, 0.14%, 7, 0, 13, 73.16
1735432041, 18, 37, 40, 1, 0, 0.14%, 7, 0, 13, 67.44
1735432272, 18, 37, 41, 2, 0, 0.14%, 8, 0, 14, 77.39
1735432298, 18, 40, 41, 2, 1, 0.14%, 8, 0, 14, 75.34
1735432585, 20, 18, 41, 1, 0, 0.14%, 8, 0, 14, 68.34
1735432590, 20, 27, 41, 1, 0, 0.14%, 8, 0, 14, 66.06
1735432595, 22, 24, 41, 1, 0, 0.14%, 8, 0, 14, 71.14
1735432636, 22, 27, 41, 1, 0, 0.14%, 8, 0, 14, 63.47
1735432651, 25, 24, 41, 1, 0, 0.14%, 8, 0, 14, 67.02
1735432656, 26, 24, 41, 1, 0, 0.14%, 8, 0, 14, 65.15
1735432671, 27, 24, 41, 1, 0, 0.14%, 8, 0, 14, 67.38
1735432707, 28, 24, 41, 1, 0, 0.14%, 8, 0, 14, 57.06
1735432742, 28, 27, 41, 1, 0, 0.14%, 8, 0, 14, 63.87
1735432763, 29, 24, 41, 1, 0, 0.14%, 8, 0, 14, 70.12
1735432798, 29, 40, 41, 0, 0, 0.14%, 8, 0, 14, 70.80
1735432803, 30, 40, 41, 0, 0, 0.14%, 8, 0, 14, 62.66
1735432829, 31, 40, 41, 0, 0, 0.14%, 8, 0, 14, 67.49
1735432864, 32, 19, 41, 0, 0, 0.14%, 8, 0, 14, 84.68
1735432926, 32, 40, 41, 0, 0, 0.14%, 8, 0, 14, 70.85
1735432956, 33, 40, 41, 0, 0, 0.14%, 8, 0, 14, 74.20
1735432992, 34, 28, 41, 0, 0, 0.14%, 8, 0, 14, 84.07
1735433042, 34, 38, 41, 0, 0, 0.14%, 8, 0, 14, 72.77
1735433047, 35, 38, 41, 0, 0, 0.14%, 8, 0, 14, 71.16
1735433119, 36, 12, 41, 0, 0, 0.14%, 8, 0, 14, 59.82
1735433124, 36, 38, 41, 0, 0, 0.14%, 8, 0, 14, 61.24
1735433134, 37, 38, 41, 0, 0, 0.14%, 8, 0, 14, 71.54
1735433144, 38, 38, 41, 0, 0, 0.14%, 8, 0, 14, 70.86
1735433174, 39, 38, 41, 0, 0, 0.14%, 8, 0, 14, 73.84
1735433215, 40, 11, 41, 0, 0, 0.14%, 8, 0, 14, 67.98
1735433220, 40, 38, 41, 0, 0, 0.14%, 8, 0, 14, 71.53
1735433255, 41, 11, 41, 0, 0, 0.14%, 8, 0, 14, 66.28
1735433260, 41, 18, 41, 0, 0, 0.14%, 8, 0, 14, 60.84
1735433275, 41, 38, 41, 0, 0, 0.14%, 8, 0, 14, 71.12
1735433306, 42, 11, 41, 0, 0, 0.14%, 8, 0, 14, 71.30
1735433321, 42, 18, 41, 0, 0, 0.14%, 8, 0, 14, 59.62
1735433352, 42, 38, 41, 0, 0, 0.14%, 8, 0, 14, 68.93
1735433387, 43, 38, 41, 0, 0, 0.14%, 8, 0, 14, 68.08
1735433418, 44, 38, 41, 0, 0, 0.14%, 8, 0, 14, 64.11
1735433453, 46, 33, 41, 0, 0, 0.14%, 8, 0, 14, 77.68
1735433458, 49, 11, 41, 0, 0, 0.14%, 8, 0, 14, 65.63
1735433493, 50, 11, 41, 0, 0, 0.14%, 8, 0, 14, 61.52
1735433529, 54, 12, 41, 0, 0, 0.14%, 8, 0, 14, 66.10
1735433534, 54, 27, 41, 0, 0, 0.14%, 8, 0, 14, 68.03
1735433569, 55, 33, 41, 0, 0, 0.14%, 8, 0, 14, 74.02
1735433579, 59, 25, 41, 0, 0, 0.14%, 8, 0, 14, 67.41
1735433610, 60, 33, 41, 0, 0, 0.14%, 8, 0, 14, 74.94
1735433635, 61, 31, 41, 0, 0, 0.14%, 8, 0, 14, 62.71
1735433645, 62, 19, 41, 0, 0, 0.14%, 8, 0, 14, 64.56
1735433651, 62, 21, 41, 0, 0, 0.14%, 8, 0, 14, 88.86
1735433717, 65, 13, 41, 0, 0, 0.14%, 8, 0, 14, 64.42
1735433732, 65, 21, 41, 0, 0, 0.14%, 8, 0, 14, 64.90
1735433747, 67, 25, 41, 0, 0, 0.14%, 8, 0, 14, 63.89
1735433752, 68, 13, 41, 0, 0, 0.14%, 8, 0, 14, 61.06
1735433778, 69, 18, 41, 0, 0, 0.14%, 8, 0, 14, 65.96
1735433813, 70, 11, 41, 0, 0, 0.14%, 8, 0, 14, 63.64
1735433849, 70, 25, 41, 0, 0, 0.14%, 8, 0, 14, 66.42
1735433859, 71, 16, 41, 0, 0, 0.14%, 8, 0, 14, 70.15
1735433864, 73, 13, 41, 0, 0, 0.14%, 8, 0, 14, 67.42
1735433904, 73, 37, 41, 0, 0, 0.14%, 8, 0, 14, 62.82
1735433909, 74, 11, 41, 0, 0, 0.14%, 8, 0, 14, 63.10
1735433945, 74, 33, 41, 0, 0, 0.14%, 8, 0, 14, 77.19
1735433975, 75, 29, 41, 0, 0, 0.14%, 8, 0, 14, 69.82
1735433980, 76, 11, 41, 0, 0, 0.14%, 8, 0, 14, 62.96
1735434016, 78, 24, 41, 0, 0, 0.14%, 8, 0, 14, 70.68
1735434057, 81, 16, 41, 0, 0, 0.14%, 8, 0, 14, 64.94
1735434062, 81, 18, 41, 0, 0, 0.14%, 8, 0, 14, 59.79
1735434097, 81, 25, 41, 0, 0, 0.14%, 8, 0, 14, 69.61
1735434123, 82, 20, 41, 0, 0, 0.14%, 8, 0, 14, 65.50
1735434128, 83, 13, 41, 0, 0, 0.14%, 8, 0, 14, 59.13
1735434168, 87, 11, 41, 0, 0, 0.14%, 8, 0, 14, 59.26
1735434204, 87, 21, 41, 0, 0, 0.14%, 8, 0, 14, 72.00
1735434229, 87, 25, 41, 0, 0, 0.14%, 8, 0, 14, 63.92
1735434265, 87, 29, 41, 0, 0, 0.14%, 8, 0, 14, 72.35
1735434280, 88, 27, 41, 0, 0, 0.14%, 8, 0, 14, 66.86
1735434315, 89, 25, 41, 0, 0, 0.14%, 8, 0, 14, 67.49
1735434351, 89, 29, 41, 0, 0, 0.14%, 8, 0, 14, 69.41
1735434387, 90, 13, 41, 0, 0, 0.14%, 8, 0, 14, 58.52
1735434422, 91, 15, 41, 0, 0, 0.14%, 8, 0, 14, 72.41
1735434427, 91, 27, 41, 0, 0, 0.14%, 8, 0, 14, 69.27
1735434462, 92, 19, 41, 0, 0, 0.14%, 8, 0, 14, 73.73
1735434472, 92, 37, 41, 0, 0, 0.14%, 8, 0, 14, 66.18
1735434488, 93, 11, 41, 0, 0, 0.14%, 8, 0, 14, 66.24
1735434524, 94, 15, 41, 0, 0, 0.14%, 8, 0, 14, 59.60
1735434539, 95, 24, 41, 0, 0, 0.14%, 8, 0, 14, 65.86
1735434569, 96, 25, 41, 0, 0, 0.14%, 8, 0, 14, 65.79
1735434604, 99, 19, 41, 0, 0, 0.14%, 8, 0, 14, 68.66
1735434625, 100, 13, 41, 0, 0, 0.14%, 8, 0, 14, 67.65
1735434655, 100, 25, 41, 0, 0, 0.14%, 8, 0, 14, 77.72
1735434691, 102, 13, 41, 0, 0, 0.14%, 8, 0, 14, 64.28
1735434726, 102, 21, 41, 0, 0, 0.14%, 8, 0, 14, 72.07
1735434762, 103, 12, 41, 0, 0, 0.14%, 8, 0, 14, 65.75
1735434772, 103, 16, 41, 0, 0, 0.14%, 8, 0, 14, 91.09
1735434807, 103, 33, 41, 0, 0, 0.14%, 8, 0, 14, 71.97
1735434843, 104, 37, 41, 0, 0, 0.14%, 8, 0, 14, 82.66
1735434864, 105, 21, 41, 0, 0, 0.14%, 8, 0, 14, 66.26
1735434899, 105, 22, 41, 0, 0, 0.14%, 8, 0, 14, 63.80
1735434910, 106, 15, 41, 0, 0, 0.14%, 8, 0, 14, 64.45
1735434935, 108, 12, 41, 0, 0, 0.14%, 8, 0, 14, 61.72
1735434955, 108, 34, 41, 0, 0, 0.14%, 8, 0, 14, 68.72
1735434960, 113, 39, 41, 0, 0, 0.14%, 8, 0, 14, 70.79
1735434965, 114, 24, 41, 0, 0, 0.14%, 8, 0, 14, 62.71
1735435001, 117, 30, 41, 0, 0, 0.14%, 8, 0, 14, 73.32
1735435011, 118, 13, 41, 0, 0, 0.14%, 8, 0, 14, 61.94
1735435047, 118, 21, 41, 0, 0, 0.14%, 8, 0, 14, 68.04
1735435077, 119, 20, 41, 0, 0, 0.14%, 8, 0, 14, 65.81
1735435092, 119, 30, 41, 0, 0, 0.14%, 8, 0, 14, 65.78
1735435103, 121, 34, 41, 0, 0, 0.14%, 8, 0, 14, 77.81
1735435745, 122, 20, 41, 0, 0, 0.14%, 8, 0, 14, 71.90
1735435780, 126, 16, 41, 0, 0, 0.14%, 8, 0, 14, 63.69
1735435785, 126, 25, 41, 0, 0, 0.14%, 8, 0, 14, 67.68
1735435821, 127, 16, 41, 0, 0, 0.14%, 8, 0, 14, 61.66
1735435836, 127, 17, 41, 0, 0, 0.14%, 8, 0, 14, 63.33
1735435841, 128, 28, 41, 0, 0, 0.14%, 8, 0, 14, 71.51
1735435846, 131, 17, 41, 0, 0, 0.14%, 8, 0, 14, 67.23
1735435856, 131, 20, 41, 0, 0, 0.14%, 8, 0, 14, 69.36
1735435886, 131, 39, 41, 0, 0, 0.14%, 8, 0, 14, 72.58
1735435907, 132, 30, 41, 0, 0, 0.14%, 8, 0, 14, 72.65
1735435932, 133, 33, 41, 0, 0, 0.14%, 8, 0, 14, 69.18
1735435968, 134, 25, 41, 0, 0, 0.14%, 8, 0, 14, 64.09
1735436003, 135, 21, 41, 0, 0, 0.14%, 8, 0, 14, 68.21
1735436038, 137, 16, 41, 0, 0, 0.14%, 8, 0, 14, 64.84
1735436059, 138, 17, 41, 0, 0, 0.14%, 8, 0, 14, 66.50
1735436084, 138, 26, 41, 0, 0, 0.14%, 8, 0, 14, 66.16
1735436089, 139, 28, 41, 0, 0, 0.14%, 8, 0, 14, 67.99
1735436110, 139, 31, 41, 0, 0, 0.14%, 8, 0, 14, 68.72
1735436120, 141, 13, 41, 0, 0, 0.14%, 8, 0, 14, 66.28
1735436155, 141, 24, 41, 0, 0, 0.14%, 8, 0, 14, 64.47
1735436196, 141, 39, 41, 0, 0, 0.14%, 8, 0, 14, 67.74
1735436227, 142, 25, 41, 0, 0, 0.14%, 8, 0, 14, 65.04
1735436262, 144, 33, 41, 0, 0, 0.14%, 8, 0, 14, 72.86
1735436292, 145, 31, 41, 0, 0, 0.14%, 8, 0, 14, 66.90
1735436318, 148, 10, 41, 0, 0, 0.14%, 8, 0, 14, 66.66
1735436323, 150, 12, 41, 0, 0, 0.14%, 8, 0, 14, 61.18
1735436358, 150, 25, 41, 0, 0, 0.14%, 8, 0, 14, 69.43
1735436388, 151, 18, 41, 0, 0, 0.14%, 8, 0, 14, 67.24
1735436429, 151, 37, 41, 0, 0, 0.14%, 8, 0, 14, 72.61
1735436459, 151, 39, 41, 0, 0, 0.14%, 8, 0, 14, 71.70
1735436490, 154, 19, 41, 0, 0, 0.14%, 8, 0, 14, 72.28
1735436526, 156, 21, 41, 0, 0, 0.14%, 8, 0, 14, 69.70
1735436562, 157, 10, 41, 0, 0, 0.14%, 8, 0, 14, 61.73
1735436567, 157, 28, 41, 0, 0, 0.14%, 8, 0, 14, 67.99
1735436597, 158, 20, 41, 0, 0, 0.14%, 8, 0, 14, 73.12
1735436633, 159, 10, 41, 0, 0, 0.14%, 8, 0, 14, 63.70
1735436638, 159, 29, 41, 0, 0, 0.14%, 8, 0, 14, 69.61
1735436673, 161, 31, 41, 0, 0, 0.14%, 8, 0, 14, 59.22
1735436709, 161, 33, 41, 0, 0, 0.14%, 8, 0, 14, 67.57
1735436744, 162, 18, 41, 0, 0, 0.14%, 8, 0, 14, 63.64
1735436779, 162, 29, 41, 0, 0, 0.14%, 8, 0, 14, 67.44
1735436815, 163, 26, 41, 0, 0, 0.14%, 8, 0, 14, 59.43
1735436836, 164, 16, 41, 0, 0, 0.14%, 8, 0, 14, 58.77
1735436871, 164, 28, 41, 0, 0, 0.14%, 8, 0, 14, 60.44
1735436906, 164, 29, 41, 0, 0, 0.14%, 8, 0, 14, 71.58
1735436942, 164, 34, 41, 0, 0, 0.14%, 8, 0, 14, 64.67
1735436952, 165, 16, 41, 0, 0, 0.14%, 8, 0, 14, 68.39
1735436988, 167, 27, 41, 0, 0, 0.14%, 8, 0, 14, 61.81
1735437023, 169, 17, 41, 0, 0, 0.14%, 8, 0, 14, 71.90
1735437049, 170, 18, 41, 0, 0, 0.14%, 8, 0, 14, 66.07
1735437090, 170, 26, 41, 0, 0, 0.14%, 8, 0, 14, 64.87
1735437125, 172, 22, 41, 0, 0, 0.14%, 8, 0, 14, 63.91
1735437135, 172, 31, 41, 0, 0, 0.14%, 8, 0, 14, 62.94
1735437170, 174, 10, 41, 0, 0, 0.14%, 8, 0, 14, 64.40
1735437191, 174, 33, 41, 0, 0, 0.14%, 8, 0, 14, 74.08
1735437221, 176, 18, 41, 0, 0, 0.14%, 8, 0, 14, 70.40
1735437262, 179, 37, 41, 0, 0, 0.14%, 8, 0, 14, 77.02
1735437292, 182, 16, 41, 0, 0, 0.14%, 8, 0, 14, 66.21
1735437333, 183, 10, 41, 0, 0, 0.14%, 8, 0, 14, 61.57
1735437369, 183, 31, 41, 0, 0, 0.14%, 8, 0, 14, 66.19
1735437399, 184, 29, 41, 0, 0, 0.14%, 8, 0, 14, 65.86
1735437435, 185, 10, 41, 0, 0, 0.14%, 8, 0, 14, 61.53
1735437471, 185, 26, 41, 0, 0, 0.14%, 8, 0, 14, 64.15
1735437506, 185, 39, 41, 0, 0, 0.14%, 8, 0, 14, 69.10
1735437541, 187, 26, 41, 0, 0, 0.14%, 8, 0, 14, 66.22
1735437572, 187, 29, 41, 0, 0, 0.14%, 8, 0, 14, 73.76
1735437607, 187, 39, 41, 0, 0, 0.14%, 8, 0, 14, 73.49
1735437638, 188, 26, 41, 0, 0, 0.14%, 8, 0, 14, 76.36
1735437674, 189, 22, 41, 0, 0, 0.14%, 8, 0, 14, 66.81
1735437699, 190, 16, 41, 0, 0, 0.14%, 8, 0, 14, 65.48
1735437735, 190, 30, 41, 0, 0, 0.14%, 8, 0, 14, 70.62
1735437770, 190, 37, 41, 0, 0, 0.14%, 8, 0, 14, 74.88
1735437806, 192, 28, 41, 0, 0, 0.14%, 8, 0, 14, 69.57
1735437841, 193, 29, 41, 0, 0, 0.14%, 8, 0, 14, 62.37
1735437877, 195, 27, 41, 0, 0, 0.14%, 8, 0, 14, 69.36
1735437913, 196, 33, 41, 0, 0, 0.14%, 8, 0, 14, 71.94
1735437943, 197, 10, 41, 0, 0, 0.14%, 8, 0, 14, 63.13
1735437984, 197, 18, 41, 0, 0, 0.14%, 8, 0, 14, 62.32
1735438019, 198, 31, 41, 0, 0, 0.14%, 8, 0, 14, 67.94
1735438055, 199, 17, 41, 0, 0, 0.14%, 8, 0, 14, 71.44
1735438085, 199, 28, 41, 0, 0, 0.14%, 8, 0, 14, 67.78
1735438121, 201, 14, 41, 0, 0, 0.14%, 8, 0, 14, 64.95
1735438126, 203, 26, 41, 0, 0, 0.14%, 8, 0, 14, 65.61
1735438162, 207, 29, 41, 0, 0, 0.14%, 8, 0, 14, 69.23
1735438198, 208, 18, 41, 0, 0, 0.14%, 8, 0, 14, 59.45
1735438233, 209, 18, 41, 0, 0, 0.14%, 8, 0, 14, 63.57
1735438268, 209, 26, 41, 0, 0, 0.14%, 8, 0, 14, 63.76
1735438304, 209, 34, 41, 0, 0, 0.14%, 8, 0, 14, 74.63
1735438324, 211, 26, 41, 0, 0, 0.14%, 8, 0, 14, 66.84
1735438359, 214, 22, 41, 0, 0, 0.14%, 8, 0, 14, 66.28
1735438395, 216, 33, 41, 0, 0, 0.14%, 8, 0, 14, 78.31
1735438426, 219, 22, 41, 0, 0, 0.14%, 8, 0, 14, 69.08
1735438461, 219, 30, 41, 0, 0, 0.14%, 8, 0, 14, 61.12
1735438497, 219, 32, 41, 0, 0, 0.14%, 8, 0, 14, 74.21
1735438502, 220, 36, 41, 0, 0, 0.14%, 8, 0, 14, 67.52
1735438512, 224, 32, 41, 0, 0, 0.14%, 8, 0, 14, 81.37
1735438522, 225, 17, 41, 0, 0, 0.14%, 8, 0, 14, 71.26
1735438552, 225, 22, 41, 0, 0, 0.14%, 8, 0, 14, 76.90
1735438583, 226, 28, 41, 0, 0, 0.14%, 8, 0, 14, 70.34
1735438618, 227, 17, 41, 0, 0, 0.14%, 8, 0, 14, 69.72
1735438649, 227, 33, 41, 0, 0, 0.14%, 8, 0, 14, 65.77
1735438684, 229, 17, 41, 0, 0, 0.14%, 8, 0, 14, 68.44
1735438720, 231, 20, 41, 0, 0, 0.14%, 8, 0, 14, 68.94
1735438750, 231, 36, 41, 0, 0, 0.14%, 8, 0, 14, 67.25
1735438765, 232, 32, 41, 0, 0, 0.14%, 8, 0, 14, 74.55
1735438791, 233, 29, 41, 0, 0, 0.14%, 8, 0, 14, 71.41
1735438826, 234, 12, 41, 0, 0, 0.14%, 8, 0, 14, 63.66
1735438851, 234, 32, 41, 0, 0, 0.14%, 8, 0, 14, 67.77
1735438882, 236, 17, 41, 0, 0, 0.14%, 8, 0, 14, 74.17
1735438918, 236, 32, 41, 0, 0, 0.14%, 8, 0, 14, 80.57
1735438953, 237, 14, 41, 0, 0, 0.14%, 8, 0, 14, 66.47
1735438958, 241, 22, 41, 0, 0, 0.14%, 8, 0, 14, 65.22
1735438989, 245, 17, 41, 0, 0, 0.14%, 8, 0, 14, 51.94
1735439025, 245, 32, 41, 0, 0, 0.14%, 8, 0, 14, 73.43
1735439055, 247, 36, 41, 0, 0, 0.14%, 8, 0, 14, 66.52
1735439080, 251, 14, 41, 0, 0, 0.14%, 8, 0, 14, 64.33
1735439095, 252, 34, 41, 0, 0, 0.14%, 8, 0, 14, 70.53
1735439131, 257, 36, 41, 0, 0, 0.14%, 8, 0, 14, 66.53
1735439167, 258, 22, 41, 0, 0, 0.14%, 8, 0, 14, 68.87
1735439203, 261, 27, 41, 0, 0, 0.14%, 8, 0, 14, 68.43
1735439238, 262, 14, 41, 0, 0, 0.14%, 8, 0, 14, 64.62
1735439269, 265, 28, 41, 0, 0, 0.14%, 8, 0, 14, 66.62
