# unix_time, cycles_done, cur_path, paths_total, pending_total, pending_favs, map_size, unique_crashes, unique_hangs, max_depth, execs_per_sec
1734389827, 0, 0, 10, 10, 1, 0.01%, 0, 0, 1, 35.89
1734389832, 0, 4, 10, 10, 1, 0.01%, 0, 0, 1, 36.86
1734389847, 1, 0, 10, 4, 0, 0.01%, 0, 0, 1, 43.47
1734389852, 1, 1, 10, 3, 0, 0.01%, 0, 0, 1, 43.36
1734389857, 1, 2, 10, 2, 0, 0.01%, 0, 0, 1, 44.47
1734389862, 1, 3, 10, 1, 0, 0.01%, 0, 0, 1, 43.84
1734389872, 1, 4, 10, 0, 0, 0.01%, 0, 0, 1, 42.92
1734389878, 1, 5, 10, 0, 0, 0.01%, 0, 0, 1, 45.29
1734389883, 1, 6, 10, 0, 0, 0.01%, 0, 0, 1, 47.87
1734389888, 1, 7, 10, 0, 0, 0.01%, 0, 0, 1, 45.65
1734389893, 1, 8, 10, 0, 0, 0.01%, 0, 0, 1, 44.63
1734389898, 1, 9, 10, 0, 0, 0.01%, 0, 0, 1, 44.82
1734389903, 2, 0, 10, 0, 0, 0.01%, 0, 0, 1, 44.97
1734389908, 2, 1, 10, 0, 0, 0.01%, 0, 0, 1, 44.17
1734389913, 2, 2, 10, 0, 0, 0.01%, 0, 0, 1, 45.49
1734389923, 2, 3, 10, 0, 0, 0.01%, 0, 0, 1, 47.23
1734389928, 2, 4, 10, 0, 0, 0.01%, 0, 0, 1, 45.70
1734389934, 2, 5, 10, 0, 0, 0.01%, 0, 0, 1, 45.36
1734389939, 2, 6, 10, 0, 0, 0.01%, 0, 0, 1, 46.32
1734389944, 2, 7, 10, 0, 0, 0.01%, 0, 0, 1, 46.72
1734389949, 2, 8, 10, 0, 0, 0.01%, 0, 0, 1, 45.61
1734389954, 2, 9, 10, 0, 0, 0.01%, 0, 0, 1, 42.31
1734389959, 3, 0, 10, 0, 0, 0.01%, 0, 0, 1, 45.39
1734389964, 3, 1, 10, 0, 0, 0.01%, 0, 0, 1, 44.66
1734389974, 3, 2, 10, 0, 0, 0.01%, 0, 0, 1, 44.46
1734389979, 3, 3, 10, 0, 0, 0.01%, 0, 0, 1, 45.93
1734389984, 3, 4, 10, 0, 0, 0.01%, 0, 0, 1, 44.33
1734389989, 3, 5, 10, 0, 0, 0.01%, 0, 0, 1, 44.00
1734389994, 3, 6, 10, 0, 0, 0.01%, 0, 0, 1, 44.03
1734390000, 3, 7, 10, 0, 0, 0.01%, 0, 0, 1, 46.75
1734390005, 3, 8, 10, 0, 0, 0.01%, 0, 0, 1, 46.23
1734390010, 3, 9, 10, 0, 0, 0.01%, 0, 0, 1, 46.21
1734390015, 4, 0, 10, 0, 0, 0.01%, 0, 0, 1, 45.79
1734390020, 4, 1, 10, 0, 0, 0.01%, 0, 0, 1, 45.62
1734390030, 4, 2, 10, 0, 0, 0.01%, 0, 0, 1, 45.69
1734390035, 4, 3, 10, 0, 0, 0.01%, 0, 0, 1, 44.34
1734390040, 4, 4, 10, 0, 0, 0.01%, 0, 0, 1, 43.43
1734390045, 4, 5, 10, 0, 0, 0.01%, 0, 0, 1, 44.57
1734390050, 4, 6, 10, 0, 0, 0.01%, 0, 0, 1, 44.50
1734390055, 4, 7, 10, 0, 0, 0.01%, 0, 0, 1, 43.29
1734390060, 4, 8, 10, 0, 0, 0.01%, 0, 0, 1, 46.26
1734390065, 4, 9, 10, 0, 0, 0.01%, 0, 0, 1, 45.44
1734390075, 5, 0, 10, 0, 0, 0.01%, 0, 0, 1, 46.53
1734390080, 5, 1, 10, 0, 0, 0.01%, 0, 0, 1, 45.02
1734390085, 5, 2, 10, 0, 0, 0.01%, 0, 0, 1, 44.94
1734390090, 5, 3, 10, 0, 0, 0.01%, 0, 0, 1, 45.53
1734390095, 5, 4, 10, 0, 0, 0.01%, 0, 0, 1, 45.03
1734390101, 5, 5, 10, 0, 0, 0.01%, 0, 0, 1, 45.16
1734390106, 5, 6, 10, 0, 0, 0.01%, 0, 0, 1, 44.31
1734390111, 5, 7, 10, 0, 0, 0.01%, 0, 0, 1, 44.53
1734390116, 5, 8, 10, 0, 0, 0.01%, 0, 0, 1, 45.19
1734390126, 5, 9, 10, 0, 0, 0.01%, 0, 0, 1, 44.66
1734390131, 6, 0, 10, 0, 0, 0.01%, 0, 0, 1, 43.19
1734390136, 6, 1, 10, 0, 0, 0.01%, 0, 0, 1, 44.32
1734390141, 6, 2, 10, 0, 0, 0.01%, 0, 0, 1, 44.67
1734390146, 6, 3, 10, 0, 0, 0.01%, 0, 0, 1, 43.58
1734390152, 6, 4, 10, 0, 0, 0.01%, 0, 0, 1, 43.74
1734390157, 6, 5, 10, 0, 0, 0.01%, 0, 0, 1, 44.34
1734390162, 6, 6, 10, 0, 0, 0.01%, 0, 0, 1, 44.99
1734390172, 6, 7, 10, 0, 0, 0.01%, 0, 0, 1, 43.80
1734390177, 6, 8, 10, 0, 0, 0.01%, 0, 0, 1, 45.75
1734390182, 6, 9, 10, 0, 0, 0.01%, 0, 0, 1, 44.37
1734390187, 7, 0, 10, 0, 0, 0.01%, 0, 0, 1, 44.64
1734390192, 7, 1, 10, 0, 0, 0.01%, 0, 0, 1, 45.58
1734390197, 7, 2, 10, 0, 0, 0.01%, 0, 0, 1, 44.62
1734390202, 7, 3, 10, 0, 0, 0.01%, 0, 0, 1, 45.55
1734390207, 7, 4, 10, 0, 0, 0.01%, 0, 0, 1, 43.98
1734390218, 7, 5, 10, 0, 0, 0.01%, 0, 0, 1, 46.03
1734390223, 7, 6, 10, 0, 0, 0.01%, 0, 0, 1, 43.37
1734390228, 7, 7, 10, 0, 0, 0.01%, 0, 0, 1, 43.41
1734390233, 7, 8, 10, 0, 0, 0.01%, 0, 0, 1, 45.15
1734390238, 7, 9, 10, 0, 0, 0.01%, 0, 0, 1, 45.37
1734390243, 8, 0, 10, 0, 0, 0.01%, 0, 0, 1, 45.69
1734390248, 8, 1, 10, 0, 0, 0.01%, 0, 0, 1, 46.24
1734390253, 8, 2, 10, 0, 0, 0.01%, 0, 0, 1, 46.90
1734390258, 8, 3, 10, 0, 0, 0.01%, 0, 0, 1, 45.62
1734390263, 8, 4, 10, 0, 0, 0.01%, 0, 0, 1, 48.22
1734390273, 8, 5, 10, 0, 0, 0.01%, 0, 0, 1, 43.38
1734390279, 8, 6, 10, 0, 0, 0.01%, 0, 0, 1, 44.70
1734390284, 8, 7, 10, 0, 0, 0.01%, 0, 0, 1, 46.31
1734390289, 8, 8, 10, 0, 0, 0.01%, 0, 0, 1, 46.00
1734390294, 8, 9, 10, 0, 0, 0.01%, 0, 0, 1, 45.75
1734390299, 9, 0, 10, 0, 0, 0.01%, 0, 0, 1, 46.18
1734390304, 9, 1, 10, 0, 0, 0.01%, 0, 0, 1, 45.44
1734390309, 9, 2, 10, 0, 0, 0.01%, 0, 0, 1, 44.74
1734390314, 9, 3, 10, 0, 0, 0.01%, 0, 0, 1, 43.99
1734390324, 9, 4, 10, 0, 0, 0.01%, 0, 0, 1, 46.04
1734390329, 9, 5, 10, 0, 0, 0.01%, 0, 0, 1, 47.26
1734390334, 9, 6, 10, 0, 0, 0.01%, 0, 0, 1, 44.68
1734390339, 9, 7, 10, 0, 0, 0.01%, 0, 0, 1, 45.79
1734390344, 9, 8, 10, 0, 0, 0.01%, 0, 0, 1, 46.00
1734390349, 9, 9, 10, 0, 0, 0.01%, 0, 0, 1, 45.38
1734390354, 10, 0, 10, 0, 0, 0.01%, 0, 0, 1, 45.45
1734390360, 10, 1, 10, 0, 0, 0.01%, 0, 0, 1, 43.58
1734390365, 10, 2, 10, 0, 0, 0.01%, 0, 0, 1, 45.49
1734390375, 10, 3, 10, 0, 0, 0.01%, 0, 0, 1, 43.58
1734390380, 10, 4, 10, 0, 0, 0.01%, 0, 0, 1, 44.97
1734390385, 10, 5, 10, 0, 0, 0.01%, 0, 0, 1, 44.91
1734390390, 10, 6, 10, 0, 0, 0.01%, 0, 0, 1, 46.53
1734390395, 10, 7, 10, 0, 0, 0.01%, 0, 0, 1, 47.15
1734390400, 10, 8, 10, 0, 0, 0.01%, 0, 0, 1, 46.42
1734390405, 10, 9, 10, 0, 0, 0.01%, 0, 0, 1, 45.68
1734390410, 11, 0, 10, 0, 0, 0.01%, 0, 0, 1, 47.65
1734390416, 11, 1, 10, 0, 0, 0.01%, 0, 0, 1, 45.46
1734390426, 11, 2, 10, 0, 0, 0.01%, 0, 0, 1, 45.75
1734390431, 11, 3, 10, 0, 0, 0.01%, 0, 0, 1, 45.20
1734390436, 11, 4, 10, 0, 0, 0.01%, 0, 0, 1, 47.93
1734390441, 11, 5, 10, 0, 0, 0.01%, 0, 0, 1, 46.45
1734390446, 11, 6, 10, 0, 0, 0.01%, 0, 0, 1, 49.44
1734390451, 11, 7, 10, 0, 0, 0.01%, 0, 0, 1, 46.31
1734390456, 11, 8, 10, 0, 0, 0.01%, 0, 0, 1, 47.80
1734390461, 11, 9, 10, 0, 0, 0.01%, 0, 0, 1, 48.15
1734390466, 12, 0, 10, 0, 0, 0.01%, 0, 0, 1, 46.51
1734390471, 12, 1, 10, 0, 0, 0.01%, 0, 0, 1, 47.30
1734390476, 12, 2, 10, 0, 0, 0.01%, 0, 0, 1, 45.69
1734390481, 12, 3, 10, 0, 0, 0.01%, 0, 0, 1, 48.79
1734390487, 12, 4, 10, 0, 0, 0.01%, 0, 0, 1, 46.39
1734390492, 12, 5, 10, 0, 0, 0.01%, 0, 0, 1, 46.97
1734390497, 12, 6, 10, 0, 0, 0.01%, 0, 0, 1, 47.38
1734390507, 12, 7, 10, 0, 0, 0.01%, 0, 0, 1, 45.65
1734390512, 12, 8, 10, 0, 0, 0.01%, 0, 0, 1, 46.56
1734390517, 12, 9, 10, 0, 0, 0.01%, 0, 0, 1, 48.31
1734390522, 13, 0, 10, 0, 0, 0.01%, 0, 0, 1, 48.72
1734390527, 13, 1, 10, 0, 0, 0.01%, 0, 0, 1, 49.25
1734390532, 13, 2, 10, 0, 0, 0.01%, 0, 0, 1, 47.53
1734390537, 13, 3, 10, 0, 0, 0.01%, 0, 0, 1, 47.21
1734390543, 13, 4, 10, 0, 0, 0.01%, 0, 0, 1, 46.37
1734390548, 13, 5, 10, 0, 0, 0.01%, 0, 0, 1, 49.22
1734390553, 13, 6, 10, 0, 0, 0.01%, 0, 0, 1, 47.37
1734390558, 13, 7, 10, 0, 0, 0.01%, 0, 0, 1, 46.88
1734390563, 13, 8, 10, 0, 0, 0.01%, 0, 0, 1, 46.84
1734390568, 13, 9, 10, 0, 0, 0.01%, 0, 0, 1, 48.27
1734390573, 14, 0, 10, 0, 0, 0.01%, 0, 0, 1, 47.55
1734390583, 14, 1, 10, 0, 0, 0.01%, 0, 0, 1, 46.33
1734390588, 14, 2, 10, 0, 0, 0.01%, 0, 0, 1, 47.34
1734390593, 14, 3, 10, 0, 0, 0.01%, 0, 0, 1, 45.49
1734390598, 14, 4, 10, 0, 0, 0.01%, 0, 0, 1, 47.07
1734390603, 14, 5, 10, 0, 0, 0.01%, 0, 0, 1, 45.88
1734390609, 14, 6, 10, 0, 0, 0.01%, 0, 0, 1, 47.52
1734390614, 14, 7, 10, 0, 0, 0.01%, 0, 0, 1, 47.27
1734390619, 14, 8, 10, 0, 0, 0.01%, 0, 0, 1, 48.40
1734390624, 14, 9, 10, 0, 0, 0.01%, 0, 0, 1, 48.62
1734390629, 15, 0, 10, 0, 0, 0.01%, 0, 0, 1, 47.95
1734390634, 15, 1, 10, 0, 0, 0.01%, 0, 0, 1, 45.09
1734390639, 15, 2, 10, 0, 0, 0.01%, 0, 0, 1, 47.39
1734390644, 15, 3, 10, 0, 0, 0.01%, 0, 0, 1, 48.71
1734390649, 15, 4, 10, 0, 0, 0.01%, 0, 0, 1, 48.19
1734390659, 15, 5, 10, 0, 0, 0.01%, 0, 0, 1, 40.38
1734390680, 15, 6, 10, 0, 0, 0.01%, 0, 0, 1, 40.60
1734390700, 15, 7, 10, 0, 0, 0.01%, 0, 0, 1, 40.48
1734390720, 15, 8, 10, 0, 0, 0.01%, 0, 0, 1, 40.78
1734390741, 15, 9, 10, 0, 0, 0.01%, 0, 0, 1, 39.89
1734390761, 16, 0, 10, 0, 0, 0.01%, 0, 0, 1, 40.80
1734390781, 16, 1, 10, 0, 0, 0.01%, 0, 0, 1, 40.76
1734390802, 16, 2, 10, 0, 0, 0.01%, 0, 0, 1, 46.60
1734390807, 16, 3, 10, 0, 0, 0.01%, 0, 0, 1, 47.13
1734390812, 16, 4, 10, 0, 0, 0.01%, 0, 0, 1, 47.10
1734390817, 16, 5, 10, 0, 0, 0.01%, 0, 0, 1, 46.91
1734390822, 16, 6, 10, 0, 0, 0.01%, 0, 0, 1, 50.13
1734390827, 16, 7, 10, 0, 0, 0.01%, 0, 0, 1, 45.71
1734390832, 16, 8, 10, 0, 0, 0.01%, 0, 0, 1, 45.09
1734390837, 16, 9, 10, 0, 0, 0.01%, 0, 0, 1, 47.38
1734390842, 17, 0, 10, 0, 0, 0.01%, 0, 0, 1, 45.69
1734390847, 17, 1, 10, 0, 0, 0.01%, 0, 0, 1, 47.90
1734390852, 17, 2, 10, 0, 0, 0.01%, 0, 0, 1, 47.21
1734390863, 17, 3, 10, 0, 0, 0.01%, 0, 0, 1, 47.53
1734390868, 17, 4, 10, 0, 0, 0.01%, 0, 0, 1, 47.53
1734390873, 17, 5, 10, 0, 0, 0.01%, 0, 0, 1, 46.78
1734390878, 17, 6, 10, 0, 0, 0.01%, 0, 0, 1, 46.09
1734390883, 17, 7, 10, 0, 0, 0.01%, 0, 0, 1, 47.03
1734390888, 17, 8, 10, 0, 0, 0.01%, 0, 0, 1, 46.82
1734390893, 17, 9, 10, 0, 0, 0.01%, 0, 0, 1, 47.01
1734390898, 18, 0, 10, 0, 0, 0.01%, 0, 0, 1, 48.61
1734390903, 18, 1, 10, 0, 0, 0.01%, 0, 0, 1, 47.27
1734390908, 18, 2, 10, 0, 0, 0.01%, 0, 0, 1, 47.31
1734390913, 18, 3, 10, 0, 0, 0.01%, 0, 0, 1, 45.92
1734390919, 18, 4, 10, 0, 0, 0.01%, 0, 0, 1, 48.32
1734390924, 18, 5, 10, 0, 0, 0.01%, 0, 0, 1, 47.09
1734390929, 18, 6, 10, 0, 0, 0.01%, 0, 0, 1, 49.53
1734390934, 18, 7, 10, 0, 0, 0.01%, 0, 0, 1, 48.09
1734390939, 18, 8, 10, 0, 0, 0.01%, 0, 0, 1, 48.84
1734390944, 18, 9, 10, 0, 0, 0.01%, 0, 0, 1, 46.63
1734390949, 19, 0, 10, 0, 0, 0.01%, 0, 0, 1, 50.52
1734390959, 19, 1, 10, 0, 0, 0.01%, 0, 0, 1, 49.49
1734390965, 19, 2, 10, 0, 0, 0.01%, 0, 0, 1, 47.83
1734390970, 19, 3, 10, 0, 0, 0.01%, 0, 0, 1, 47.22
1734390975, 19, 4, 10, 0, 0, 0.01%, 0, 0, 1, 47.73
1734390980, 19, 5, 10, 0, 0, 0.01%, 0, 0, 1, 46.46
1734390985, 19, 6, 10, 0, 0, 0.01%, 0, 0, 1, 46.26
1734390990, 19, 7, 10, 0, 0, 0.01%, 0, 0, 1, 46.97
1734390995, 19, 8, 10, 0, 0, 0.01%, 0, 0, 1, 47.10
1734391000, 19, 9, 10, 0, 0, 0.01%, 0, 0, 1, 45.40
1734391005, 20, 0, 10, 0, 0, 0.01%, 0, 0, 1, 46.72
1734391010, 20, 1, 10, 0, 0, 0.01%, 0, 0, 1, 46.03
1734391015, 20, 2, 10, 0, 0, 0.01%, 0, 0, 1, 46.99
1734391021, 20, 3, 10, 0, 0, 0.01%, 0, 0, 1, 47.67
1734391026, 20, 4, 10, 0, 0, 0.01%, 0, 0, 1, 48.50
1734391031, 20, 5, 10, 0, 0, 0.01%, 0, 0, 1, 46.88
1734391041, 20, 6, 10, 0, 0, 0.01%, 0, 0, 1, 46.24
1734391046, 20, 7, 10, 0, 0, 0.01%, 0, 0, 1, 49.32
1734391051, 20, 8, 10, 0, 0, 0.01%, 0, 0, 1, 48.39
1734391056, 20, 9, 10, 0, 0, 0.01%, 0, 0, 1, 49.47
1734391061, 21, 0, 10, 0, 0, 0.01%, 0, 0, 1, 48.42
1734391066, 21, 1, 10, 0, 0, 0.01%, 0, 0, 1, 49.62
1734391071, 21, 2, 10, 0, 0, 0.01%, 0, 0, 1, 46.81
1734391077, 21, 3, 10, 0, 0, 0.01%, 0, 0, 1, 47.43
1734391082, 21, 4, 10, 0, 0, 0.01%, 0, 0, 1, 48.26
1734391087, 21, 5, 10, 0, 0, 0.01%, 0, 0, 1, 49.38
1734391092, 21, 6, 10, 0, 0, 0.01%, 0, 0, 1, 49.12
1734391097, 21, 7, 10, 0, 0, 0.01%, 0, 0, 1, 47.28
1734391102, 21, 8, 10, 0, 0, 0.01%, 0, 0, 1, 46.60
1734391107, 21, 9, 10, 0, 0, 0.01%, 0, 0, 1, 46.52
1734391112, 22, 0, 10, 0, 0, 0.01%, 0, 0, 1, 47.51
1734391117, 22, 1, 10, 0, 0, 0.01%, 0, 0, 1, 46.53
1734391122, 22, 2, 10, 0, 0, 0.01%, 0, 0, 1, 44.82
1734391127, 22, 3, 10, 0, 0, 0.01%, 0, 0, 1, 46.65
1734391132, 22, 4, 10, 0, 0, 0.01%, 0, 0, 1, 46.72
1734391143, 22, 5, 10, 0, 0, 0.01%, 0, 0, 1, 44.95
1734391148, 22, 6, 10, 0, 0, 0.01%, 0, 0, 1, 45.59
1734391153, 22, 7, 10, 0, 0, 0.01%, 0, 0, 1, 47.59
1734391158, 22, 8, 10, 0, 0, 0.01%, 0, 0, 1, 48.34
1734391163, 22, 9, 10, 0, 0, 0.01%, 0, 0, 1, 49.60
1734391168, 23, 0, 10, 0, 0, 0.01%, 0, 0, 1, 48.00
1734391173, 23, 1, 10, 0, 0, 0.01%, 0, 0, 1, 48.47
1734391178, 23, 2, 10, 0, 0, 0.01%, 0, 0, 1, 46.74
1734391183, 23, 3, 10, 0, 0, 0.01%, 0, 0, 1, 46.88
1734391188, 23, 4, 10, 0, 0, 0.01%, 0, 0, 1, 46.02
1734391194, 23, 5, 10, 0, 0, 0.01%, 0, 0, 1, 45.19
1734391199, 23, 6, 10, 0, 0, 0.01%, 0, 0, 1, 47.63
1734391204, 23, 7, 10, 0, 0, 0.01%, 0, 0, 1, 46.83
1734391209, 23, 8, 10, 0, 0, 0.01%, 0, 0, 1, 46.82
1734391214, 23, 9, 10, 0, 0, 0.01%, 0, 0, 1, 48.05
1734391219, 24, 0, 10, 0, 0, 0.01%, 0, 0, 1, 48.42
1734391224, 24, 1, 10, 0, 0, 0.01%, 0, 0, 1, 47.59
1734391229, 24, 2, 10, 0, 0, 0.01%, 0, 0, 1, 50.20
1734391240, 24, 3, 10, 0, 0, 0.01%, 0, 0, 1, 50.04
1734391245, 24, 4, 10, 0, 0, 0.01%, 0, 0, 1, 48.99
1734391250, 24, 5, 10, 0, 0, 0.01%, 0, 0, 1, 49.29
1734391255, 24, 6, 10, 0, 0, 0.01%, 0, 0, 1, 49.87
1734391260, 24, 7, 10, 0, 0, 0.01%, 0, 0, 1, 46.83
1734391265, 24, 8, 10, 0, 0, 0.01%, 0, 0, 1, 47.40
1734391270, 24, 9, 10, 0, 0, 0.01%, 0, 0, 1, 48.54
1734391275, 25, 0, 10, 0, 0, 0.01%, 0, 0, 1, 49.06
1734391280, 25, 1, 10, 0, 0, 0.01%, 0, 0, 1, 46.73
1734391285, 25, 2, 10, 0, 0, 0.01%, 0, 0, 1, 46.17
1734391290, 25, 3, 10, 0, 0, 0.01%, 0, 0, 1, 47.60
1734391295, 25, 4, 10, 0, 0, 0.01%, 0, 0, 1, 49.71
1734391301, 25, 5, 10, 0, 0, 0.01%, 0, 0, 1, 46.82
1734391306, 25, 6, 10, 0, 0, 0.01%, 0, 0, 1, 47.77
1734391311, 25, 7, 10, 0, 0, 0.01%, 0, 0, 1, 48.30
1734391316, 25, 8, 10, 0, 0, 0.01%, 0, 0, 1, 46.95
1734391321, 25, 9, 10, 0, 0, 0.01%, 0, 0, 1, 47.68
1734391326, 26, 0, 10, 0, 0, 0.01%, 0, 0, 1, 50.73
1734391331, 26, 1, 10, 0, 0, 0.01%, 0, 0, 1, 48.78
1734391336, 26, 2, 10, 0, 0, 0.01%, 0, 0, 1, 48.68
1734391341, 26, 3, 10, 0, 0, 0.01%, 0, 0, 1, 46.73
1734391346, 26, 3, 11, 1, 0, 0.14%, 1, 0, 2, 46.05
1734391351, 26, 10, 13, 3, 1, 0.14%, 3, 0, 3, 66.55
1734391428, 26, 12, 13, 1, 1, 0.14%, 3, 0, 3, 65.16
1734391453, 26, 12, 14, 2, 1, 0.14%, 3, 0, 4, 53.59
1734391520, 26, 12, 15, 3, 1, 0.14%, 3, 0, 4, 50.24
1734391545, 26, 13, 16, 3, 2, 0.14%, 3, 0, 5, 78.80
1734391550, 26, 13, 18, 5, 2, 0.14%, 3, 0, 5, 99.47
1734391556, 26, 13, 22, 9, 2, 0.14%, 3, 0, 5, 97.27
1734391612, 26, 13, 23, 10, 2, 0.14%, 3, 0, 5, 62.45
1734391637, 26, 13, 24, 11, 2, 0.14%, 3, 0, 5, 64.48
1734391652, 26, 13, 26, 13, 2, 0.14%, 4, 0, 5, 65.89
1734391713, 26, 22, 26, 12, 2, 0.14%, 4, 0, 5, 77.55
1734391790, 26, 22, 27, 13, 2, 0.14%, 4, 0, 6, 63.59
1734391845, 26, 22, 28, 14, 2, 0.14%, 4, 0, 6, 60.37
1734391871, 26, 24, 29, 14, 2, 0.14%, 4, 0, 6, 65.72
1734391901, 26, 24, 31, 16, 2, 0.14%, 4, 0, 6, 61.45
1734391987, 26, 26, 31, 15, 3, 0.14%, 4, 0, 6, 64.28
1734392226, 26, 30, 31, 14, 1, 0.14%, 4, 0, 6, 67.47
1734392257, 26, 30, 32, 15, 1, 0.14%, 4, 0, 7, 68.81
1734392262, 26, 30, 34, 17, 1, 0.14%, 4, 0, 7, 67.38
1734392272, 26, 30, 35, 18, 1, 0.14%, 4, 0, 7, 68.69
1734392338, 26, 33, 35, 17, 2, 0.14%, 4, 0, 7, 66.84
1734392430, 26, 33, 36, 18, 2, 0.14%, 5, 0, 8, 111.35
1734392435, 26, 33, 37, 19, 2, 0.14%, 5, 0, 8, 113.42
1734392644, 26, 33, 38, 20, 2, 0.14%, 5, 0, 8, 74.32
1734392710, 26, 37, 38, 19, 1, 0.14%, 5, 0, 8, 69.33
1734392878, 26, 37, 39, 20, 1, 0.14%, 5, 0, 9, 75.02
1734392974, 26, 38, 39, 19, 1, 0.14%, 5, 0, 9, 98.51
1734393259, 26, 38, 40, 20, 1, 0.14%, 6, 0, 10, 80.24
1734393346, 27, 32, 40, 14, 0, 0.14%, 6, 0, 10, 54.21
1734393738, 27, 39, 40, 13, 0, 0.14%, 6, 0, 10, 80.39
1734394064, 28, 29, 40, 12, 0, 0.14%, 6, 0, 10, 74.06
1734394248, 28, 35, 40, 11, 0, 0.14%, 6, 0, 10, 55.89
1734394253, 33, 23, 40, 3, 0, 0.14%, 6, 0, 10, 51.75
1734394441, 33, 23, 41, 4, 0, 0.14%, 6, 0, 10, 68.95
1734394492, 36, 40, 41, 1, 0, 0.14%, 6, 0, 10, 70.19
1734394736, 37, 27, 41, 1, 0, 0.14%, 6, 0, 10, 67.56
1734394787, 38, 27, 41, 1, 0, 0.14%, 6, 0, 10, 65.50
1734394807, 38, 29, 41, 1, 0, 0.14%, 6, 0, 10, 64.17
1734394823, 39, 27, 41, 1, 0, 0.14%, 6, 0, 10, 59.14
1734394858, 39, 29, 41, 1, 0, 0.14%, 6, 0, 10, 62.05
1734394889, 40, 27, 41, 1, 0, 0.14%, 6, 0, 10, 65.42
1734394919, 40, 29, 41, 0, 0, 0.14%, 6, 0, 10, 73.45
1734394950, 41, 27, 41, 0, 0, 0.14%, 6, 0, 10, 56.63
1734394991, 41, 29, 41, 0, 0, 0.14%, 6, 0, 10, 78.82
1734395026, 42, 27, 41, 0, 0, 0.14%, 6, 0, 10, 55.36
1734395062, 42, 29, 41, 0, 0, 0.14%, 6, 0, 10, 69.71
1734395097, 42, 40, 41, 0, 0, 0.14%, 6, 0, 10, 61.57
1734395102, 43, 27, 41, 0, 0, 0.14%, 6, 0, 10, 58.13
1734395137, 43, 29, 41, 0, 0, 0.14%, 6, 0, 10, 62.18
1734395173, 43, 40, 41, 0, 0, 0.14%, 6, 0, 10, 71.73
1734395189, 44, 27, 41, 0, 0, 0.14%, 6, 0, 10, 60.00
1734395229, 44, 29, 41, 0, 0, 0.14%, 6, 0, 10, 68.58
1734395259, 44, 40, 41, 0, 0, 0.14%, 6, 0, 10, 65.19
1734395290, 45, 27, 41, 0, 0, 0.14%, 6, 0, 10, 59.64
1734395330, 45, 40, 41, 0, 0, 0.14%, 6, 0, 10, 68.82
1734395361, 46, 27, 41, 0, 0, 0.14%, 6, 0, 10, 68.33
1734395401, 46, 40, 41, 0, 0, 0.14%, 6, 0, 10, 71.62
1734395437, 47, 27, 41, 0, 0, 0.14%, 6, 0, 10, 55.36
1734395473, 47, 40, 41, 0, 0, 0.14%, 6, 0, 10, 68.70
1734395508, 48, 27, 41, 0, 0, 0.14%, 6, 0, 10, 58.79
1734395544, 48, 40, 41, 0, 0, 0.14%, 6, 0, 10, 66.94
1734395579, 49, 27, 41, 0, 0, 0.14%, 6, 0, 10, 57.14
1734395620, 68, 31, 41, 0, 0, 0.14%, 6, 0, 10, 89.03
1734395676, 76, 24, 41, 0, 0, 0.14%, 6, 0, 10, 63.38
1734395697, 77, 25, 41, 0, 0, 0.14%, 6, 0, 10, 108.61
1734395910, 81, 31, 41, 0, 0, 0.14%, 6, 0, 10, 69.89
1734395915, 83, 24, 41, 0, 0, 0.14%, 6, 0, 10, 69.40
1734395951, 84, 23, 41, 0, 0, 0.14%, 6, 0, 10, 61.57
1734395956, 93, 23, 41, 0, 0, 0.14%, 6, 0, 10, 67.48
1734395966, 96, 28, 41, 0, 0, 0.14%, 6, 0, 10, 99.72
1734396022, 101, 31, 41, 0, 0, 0.14%, 6, 0, 10, 64.94
1734396037, 103, 33, 41, 0, 0, 0.14%, 6, 0, 10, 70.53
1734396042, 104, 33, 41, 0, 0, 0.14%, 6, 0, 10, 74.86
1734396052, 105, 24, 41, 0, 0, 0.14%, 6, 0, 10, 63.43
1734396093, 108, 24, 41, 0, 0, 0.14%, 6, 0, 10, 63.14
1734396128, 110, 31, 41, 0, 0, 0.14%, 6, 0, 10, 56.19
1734396148, 115, 34, 41, 0, 0, 0.14%, 6, 0, 10, 76.46
1734396230, 116, 21, 41, 0, 0, 0.14%, 6, 0, 10, 80.16
1734396271, 117, 31, 41, 0, 0, 0.14%, 6, 0, 10, 66.07
1734396302, 122, 31, 41, 0, 0, 0.14%, 6, 0, 10, 70.77
1734396337, 124, 23, 41, 0, 0, 0.14%, 6, 0, 10, 59.44
1734396357, 125, 21, 41, 0, 0, 0.14%, 6, 0, 10, 61.12
1734396368, 126, 28, 41, 0, 0, 0.14%, 6, 0, 10, 62.13
1734396383, 127, 17, 41, 0, 0, 0.14%, 6, 0, 10, 66.55
1734396419, 128, 28, 41, 0, 0, 0.14%, 6, 0, 10, 62.62
1734396454, 134, 20, 41, 0, 0, 0.14%, 6, 0, 10, 75.88
1734396506, 136, 24, 41, 0, 0, 0.14%, 6, 0, 10, 65.00
1734396541, 136, 33, 41, 0, 0, 0.14%, 6, 0, 10, 73.49
1734396567, 139, 17, 41, 0, 0, 0.14%, 6, 0, 10, 62.75
1734396572, 144, 33, 41, 0, 0, 0.14%, 6, 0, 10, 70.39
1734396607, 144, 36, 41, 0, 0, 0.14%, 6, 0, 10, 103.10
1734396979, 152, 17, 41, 0, 0, 0.14%, 6, 0, 10, 60.25
1734396989, 153, 33, 41, 0, 0, 0.14%, 6, 0, 10, 63.76
1734397024, 155, 28, 41, 0, 0, 0.14%, 6, 0, 10, 66.39
1734397060, 156, 24, 41, 0, 0, 0.14%, 6, 0, 10, 65.18
1734397100, 158, 19, 41, 0, 0, 0.14%, 6, 0, 10, 63.73
1734397146, 159, 11, 41, 0, 0, 0.14%, 6, 0, 10, 58.83
1734397166, 159, 23, 41, 0, 0, 0.14%, 6, 0, 10, 67.02
1734397202, 163, 26, 41, 0, 0, 0.14%, 6, 0, 10, 60.87
1734397207, 167, 24, 41, 0, 0, 0.14%, 6, 0, 10, 68.89
1734397242, 171, 20, 41, 0, 0, 0.14%, 6, 0, 10, 58.29
1734397248, 173, 14, 41, 0, 0, 0.14%, 6, 0, 10, 66.64
1734397278, 173, 17, 41, 0, 0, 0.14%, 6, 0, 10, 60.91
1734397308, 179, 23, 41, 0, 0, 0.14%, 6, 0, 10, 65.52
1734397344, 180, 14, 41, 0, 0, 0.14%, 6, 0, 10, 62.08
1734397349, 180, 28, 41, 0, 0, 0.14%, 6, 0, 10, 62.09
1734397390, 181, 13, 41, 0, 0, 0.14%, 6, 0, 10, 64.47
1734397395, 183, 11, 41, 0, 0, 0.14%, 6, 0, 10, 59.66
1734397400, 184, 24, 41, 0, 0, 0.14%, 6, 0, 10, 62.56
1734397441, 184, 26, 41, 0, 0, 0.14%, 6, 0, 10, 65.48
1734397446, 184, 35, 41, 0, 0, 0.14%, 6, 0, 10, 67.60
1734397818, 186, 24, 41, 0, 0, 0.14%, 6, 0, 10, 61.25
1734397854, 186, 30, 41, 0, 0, 0.14%, 6, 0, 10, 63.74
1734397859, 187, 21, 41, 0, 0, 0.14%, 6, 0, 10, 67.29
1734397879, 187, 24, 41, 0, 0, 0.14%, 6, 0, 10, 62.66
1734397915, 188, 33, 41, 0, 0, 0.14%, 6, 0, 10, 81.15
1734397945, 189, 16, 41, 0, 0, 0.14%, 6, 0, 10, 66.07
1734397980, 190, 13, 41, 0, 0, 0.14%, 6, 0, 10, 63.82
1734397996, 191, 25, 41, 0, 0, 0.14%, 6, 0, 10, 73.27
1734398011, 192, 23, 41, 0, 0, 0.14%, 6, 0, 10, 65.07
1734398046, 193, 10, 41, 0, 0, 0.14%, 6, 0, 10, 67.48
1734398051, 194, 14, 41, 0, 0, 0.14%, 6, 0, 10, 62.69
1734398061, 194, 23, 41, 0, 0, 0.14%, 6, 0, 10, 62.17
1734398097, 194, 28, 41, 0, 0, 0.14%, 6, 0, 10, 61.07
1734398132, 195, 14, 41, 0, 0, 0.14%, 6, 0, 10, 59.80
1734398152, 196, 28, 41, 0, 0, 0.14%, 6, 0, 10, 65.80
1734398188, 198, 10, 41, 0, 0, 0.14%, 6, 0, 10, 69.79
1734398198, 199, 10, 41, 0, 0, 0.14%, 6, 0, 10, 57.53
1734398203, 199, 30, 41, 0, 0, 0.14%, 6, 0, 10, 59.93
1734398213, 200, 21, 41, 0, 0, 0.14%, 6, 0, 10, 59.29
1734398249, 204, 23, 41, 0, 0, 0.14%, 6, 0, 10, 73.26
1734398284, 204, 26, 41, 0, 0, 0.14%, 6, 0, 10, 66.33
1734398305, 210, 25, 41, 0, 0, 0.14%, 6, 0, 10, 60.95
1734398320, 212, 28, 41, 0, 0, 0.14%, 6, 0, 10, 63.47
1734398360, 213, 10, 41, 0, 0, 0.14%, 6, 0, 10, 61.02
1734398381, 213, 18, 41, 0, 0, 0.14%, 6, 0, 10, 91.52
1734398406, 213, 25, 41, 0, 0, 0.14%, 6, 0, 10, 65.35
1734398437, 215, 14, 41, 0, 0, 0.14%, 6, 0, 10, 65.23
1734398467, 215, 33, 41, 0, 0, 0.14%, 6, 0, 10, 67.56
1734398502, 219, 21, 41, 0, 0, 0.14%, 6, 0, 10, 61.96
1734398533, 220, 31, 41, 0, 0, 0.14%, 6, 0, 10, 61.65
1734398569, 221, 25, 41, 0, 0, 0.14%, 6, 0, 10, 71.52
1734398600, 222, 14, 41, 0, 0, 0.14%, 6, 0, 10, 64.95
1734398635, 222, 21, 41, 0, 0, 0.14%, 6, 0, 10, 62.66
1734398671, 222, 31, 41, 0, 0, 0.14%, 6, 0, 10, 60.07
1734398712, 223, 11, 41, 0, 0, 0.14%, 6, 0, 10, 59.05
1734398717, 223, 37, 41, 0, 0, 0.14%, 6, 0, 10, 65.82
1734398722, 224, 30, 41, 0, 0, 0.14%, 6, 0, 10, 65.04
1734398742, 225, 11, 41, 0, 0, 0.14%, 6, 0, 10, 59.15
1734398757, 227, 15, 41, 0, 0, 0.14%, 6, 0, 10, 90.37
1734398823, 228, 20, 41, 0, 0, 0.14%, 6, 0, 10, 58.33
1734398828, 230, 11, 41, 0, 0, 0.14%, 6, 0, 10, 62.67
1734398848, 230, 13, 41, 0, 0, 0.14%, 6, 0, 10, 68.41
1734398864, 231, 18, 41, 0, 0, 0.14%, 6, 0, 10, 62.91
1734398874, 232, 28, 41, 0, 0, 0.14%, 6, 0, 10, 56.78
1734398909, 234, 15, 41, 0, 0, 0.14%, 6, 0, 10, 67.91
1734398914, 234, 18, 41, 0, 0, 0.14%, 6, 0, 10, 66.70
1734398935, 234, 33, 41, 0, 0, 0.14%, 6, 0, 10, 70.94
1734398965, 235, 19, 41, 0, 0, 0.14%, 6, 0, 10, 61.92
1734398970, 235, 35, 41, 0, 0, 0.14%, 6, 0, 10, 56.38
1734398980, 236, 14, 41, 0, 0, 0.14%, 6, 0, 10, 67.53
1734399016, 236, 30, 41, 0, 0, 0.14%, 6, 0, 10, 61.18
1734399046, 237, 15, 41, 0, 0, 0.14%, 6, 0, 10, 69.10
1734399061, 241, 30, 41, 0, 0, 0.14%, 6, 0, 10, 63.90
1734399096, 244, 16, 41, 0, 0, 0.14%, 6, 0, 10, 57.01
1734399102, 247, 11, 41, 0, 0, 0.14%, 6, 0, 10, 55.84
1734399137, 247, 31, 41, 0, 0, 0.14%, 6, 0, 10, 71.74
1734399172, 248, 17, 41, 0, 0, 0.14%, 6, 0, 10, 61.04
1734399208, 249, 25, 41, 0, 0, 0.14%, 6, 0, 10, 63.80
1734399243, 250, 22, 41, 0, 0, 0.14%, 6, 0, 10, 58.55
1734399248, 253, 12, 41, 0, 0, 0.14%, 6, 0, 10, 63.05
1734399253, 258, 35, 41, 0, 0, 0.14%, 6, 0, 10, 75.58
1734399274, 259, 11, 41, 0, 0, 0.14%, 6, 0, 10, 61.58
1734399309, 260, 19, 41, 0, 0, 0.14%, 6, 0, 10, 59.88
1734399319, 261, 18, 41, 0, 0, 0.14%, 6, 0, 10, 64.21
1734399350, 261, 19, 41, 0, 0, 0.14%, 6, 0, 10, 59.18
1734399375, 261, 28, 41, 0, 0, 0.14%, 6, 0, 10, 66.70
1734399411, 262, 21, 41, 0, 0, 0.14%, 6, 0, 10, 59.43
1734399442, 262, 36, 41, 0, 0, 0.14%, 6, 0, 10, 65.71
1734399447, 263, 34, 41, 0, 0, 0.14%, 6, 0, 10, 69.43
1734399452, 265, 12, 41, 0, 0, 0.14%, 6, 0, 10, 66.44
1734399457, 265, 19, 41, 0, 0, 0.14%, 6, 0, 10, 58.85
1734399492, 267, 13, 41, 0, 0, 0.14%, 6, 0, 10, 70.57
1734399528, 267, 17, 41, 0, 0, 0.14%, 6, 0, 10, 60.70
1734399563, 270, 17, 41, 0, 0, 0.14%, 6, 0, 10, 58.73
1734399599, 274, 16, 41, 0, 0, 0.14%, 6, 0, 10, 59.92
1734399609, 275, 25, 41, 0, 0, 0.14%, 6, 0, 10, 74.59
1734399640, 275, 28, 41, 0, 0, 0.14%, 6, 0, 10, 62.62
1734399675, 275, 32, 41, 0, 0, 0.14%, 6, 0, 10, 67.72
1734399680, 277, 37, 41, 0, 0, 0.14%, 6, 0, 10, 72.37
1734399690, 279, 10, 41, 0, 0, 0.14%, 6, 0, 10, 64.53
1734399716, 279, 11, 41, 0, 0, 0.14%, 6, 0, 10, 59.88
1734399757, 280, 13, 41, 0, 0, 0.14%, 6, 0, 10, 69.98
1734399788, 280, 17, 41, 0, 0, 0.14%, 6, 0, 10, 57.38
1734399818, 280, 24, 41, 0, 0, 0.14%, 6, 0, 10, 67.58
1734399854, 280, 28, 41, 0, 0, 0.14%, 6, 0, 10, 67.20
1734399895, 281, 36, 41, 0, 0, 0.14%, 6, 0, 10, 66.32
1734399905, 281, 38, 41, 0, 0, 0.14%, 6, 0, 10, 74.46
1734399910, 282, 13, 41, 0, 0, 0.14%, 6, 0, 10, 69.07
1734399940, 282, 35, 41, 0, 0, 0.14%, 6, 0, 10, 83.09
1734399971, 283, 19, 41, 0, 0, 0.14%, 6, 0, 10, 62.65
1734400006, 283, 37, 41, 0, 0, 0.14%, 6, 0, 10, 72.97
1734400042, 284, 18, 41, 0, 0, 0.14%, 6, 0, 10, 64.03
1734400072, 288, 24, 41, 0, 0, 0.14%, 6, 0, 10, 70.80
1734400108, 289, 37, 41, 0, 0, 0.14%, 6, 0, 10, 81.06
1734400143, 290, 28, 41, 0, 0, 0.14%, 6, 0, 10, 62.89
1734400179, 291, 11, 41, 0, 0, 0.14%, 6, 0, 10, 62.77
1734400215, 292, 15, 41, 0, 0, 0.14%, 6, 0, 10, 69.34
1734400235, 292, 22, 41, 0, 0, 0.14%, 6, 0, 10, 68.71
1734400245, 292, 38, 41, 0, 0, 0.14%, 6, 0, 10, 72.31
1734400265, 293, 16, 41, 0, 0, 0.14%, 6, 0, 10, 55.69
1734400286, 293, 19, 41, 0, 0, 0.14%, 6, 0, 10, 66.67
1734400316, 293, 28, 41, 0, 0, 0.14%, 6, 0, 10, 71.25
1734400321, 294, 28, 41, 0, 0, 0.14%, 6, 0, 10, 66.07
1734400326, 295, 20, 41, 0, 0, 0.14%, 6, 0, 10, 67.27
1734400346, 295, 24, 41, 0, 0, 0.14%, 6, 0, 10, 63.64
1734400382, 295, 30, 41, 0, 0, 0.14%, 6, 0, 10, 68.48
1734400422, 295, 32, 41, 0, 0, 0.14%, 6, 0, 10, 68.31
1734400427, 297, 10, 41, 0, 0, 0.14%, 6, 0, 10, 63.15
1734400468, 299, 13, 41, 0, 0, 0.14%, 6, 0, 10, 63.40
1734400493, 299, 15, 41, 0, 0, 0.14%, 6, 0, 10, 73.10
1734400529, 300, 38, 41, 0, 0, 0.14%, 6, 0, 10, 82.79
1734400559, 301, 15, 41, 0, 0, 0.14%, 6, 0, 10, 61.87
1734400600, 301, 22, 41, 0, 0, 0.14%, 6, 0, 10, 59.85
1734400620, 301, 36, 41, 0, 0, 0.14%, 6, 0, 10, 72.27
1734400651, 302, 12, 41, 0, 0, 0.14%, 6, 0, 10, 56.51
1734400661, 302, 16, 41, 0, 0, 0.14%, 6, 0, 10, 56.05
1734400697, 302, 31, 41, 0, 0, 0.14%, 6, 0, 10, 60.99
1734400732, 303, 18, 41, 0, 0, 0.14%, 6, 0, 10, 69.08
1734400768, 304, 11, 41, 0, 0, 0.14%, 6, 0, 10, 57.08
1734400808, 304, 39, 41, 0, 0, 0.14%, 6, 0, 10, 70.12
1734400813, 305, 20, 41, 0, 0, 0.14%, 6, 0, 10, 61.67
1734400854, 305, 32, 41, 0, 0, 0.14%, 6, 0, 10, 80.79
1734400869, 306, 36, 41, 0, 0, 0.14%, 6, 0, 10, 69.31
1734400905, 308, 32, 41, 0, 0, 0.14%, 6, 0, 10, 74.37
1734400940, 314, 36, 41, 0, 0, 0.14%, 6, 0, 10, 78.01
1734400970, 316, 28, 41, 0, 0, 0.14%, 6, 0, 10, 68.59
1734400976, 317, 25, 41, 0, 0, 0.14%, 6, 0, 10, 72.27
1734401001, 318, 12, 41, 0, 0, 0.14%, 6, 0, 10, 65.08
1734401021, 321, 20, 41, 0, 0, 0.14%, 6, 0, 10, 55.27
1734401057, 321, 25, 41, 0, 0, 0.14%, 6, 0, 10, 68.63
1734401082, 323, 30, 41, 0, 0, 0.14%, 6, 0, 10, 65.99
1734401122, 323, 39, 41, 0, 0, 0.14%, 6, 0, 10, 75.94
1734401143, 324, 22, 41, 0, 0, 0.14%, 6, 0, 10, 63.79
1734401178, 324, 25, 41, 0, 0, 0.14%, 6, 0, 10, 66.94
1734401208, 325, 15, 41, 0, 0, 0.14%, 6, 0, 10, 60.49
1734401244, 325, 16, 41, 0, 0, 0.14%, 6, 0, 10, 62.96
1734401285, 327, 12, 41, 0, 0, 0.14%, 6, 0, 10, 59.47
1734401315, 327, 26, 41, 0, 0, 0.14%, 6, 0, 10, 62.11
1734401351, 329, 37, 41, 0, 0, 0.14%, 6, 0, 10, 65.74
1734401387, 330, 16, 41, 0, 0, 0.14%, 6, 0, 10, 55.40
1734401417, 330, 35, 41, 0, 0, 0.14%, 6, 0, 10, 72.48
1734401453, 331, 20, 41, 0, 0, 0.14%, 6, 0, 10, 62.87
1734401488, 331, 25, 41, 0, 0, 0.14%, 6, 0, 10, 69.80
1734401519, 331, 36, 41, 0, 0, 0.14%, 6, 0, 10, 75.21
1734401549, 332, 15, 41, 0, 0, 0.14%, 6, 0, 10, 65.27
1734401585, 332, 26, 41, 0, 0, 0.14%, 6, 0, 10, 66.35
1734401621, 332, 31, 41, 0, 0, 0.14%, 6, 0, 10, 64.14
1734401656, 333, 12, 41, 0, 0, 0.14%, 6, 0, 10, 59.46
1734401687, 334, 22, 41, 0, 0, 0.14%, 6, 0, 10, 53.68
1734401727, 335, 37, 41, 0, 0, 0.14%, 6, 0, 10, 65.91
1734401763, 336, 32, 41, 0, 0, 0.14%, 6, 0, 10, 83.83
1734401799, 341, 35, 41, 0, 0, 0.14%, 6, 0, 10, 76.31
1734401829, 344, 35, 41, 0, 0, 0.14%, 6, 0, 10, 67.17
1734401865, 344, 37, 41, 0, 0, 0.14%, 6, 0, 10, 66.57
1734401900, 346, 32, 41, 0, 0, 0.14%, 6, 0, 10, 63.46
1734401931, 348, 28, 41, 0, 0, 0.14%, 6, 0, 10, 67.54
1734401936, 348, 36, 41, 0, 0, 0.14%, 6, 0, 10, 65.55
1734401971, 350, 24, 41, 0, 0, 0.14%, 6, 0, 10, 60.51
1734401977, 351, 24, 41, 0, 0, 0.14%, 6, 0, 10, 62.95
1734401982, 351, 28, 41, 0, 0, 0.14%, 6, 0, 10, 65.37
1734401987, 353, 38, 41, 0, 0, 0.14%, 6, 0, 10, 71.83
1734402022, 354, 24, 41, 0, 0, 0.14%, 6, 0, 10, 63.92
1734402027, 354, 26, 41, 0, 0, 0.14%, 6, 0, 10, 64.49
1734402063, 355, 32, 41, 0, 0, 0.14%, 6, 0, 10, 65.61
1734402098, 360, 39, 41, 0, 0, 0.14%, 6, 0, 10, 75.63
1734402134, 361, 25, 41, 0, 0, 0.14%, 6, 0, 10, 64.68
1734402169, 363, 39, 41, 0, 0, 0.14%, 6, 0, 10, 76.68
1734402205, 365, 18, 41, 0, 0, 0.14%, 6, 0, 10, 65.29
1734402236, 365, 20, 41, 0, 0, 0.14%, 6, 0, 10, 59.60
1734402271, 368, 39, 41, 0, 0, 0.14%, 6, 0, 10, 68.64
1734402307, 374, 18, 41, 0, 0, 0.14%, 6, 0, 10, 63.33
1734402337, 380, 34, 41, 0, 0, 0.14%, 6, 0, 10, 58.98
1734402347, 385, 22, 41, 0, 0, 0.14%, 6, 0, 10, 62.24
1734402383, 385, 24, 41, 0, 0, 0.14%, 6, 0, 10, 64.67
1734402388, 391, 28, 41, 0, 0, 0.14%, 6, 0, 10, 60.22
1734402393, 394, 13, 41, 0, 0, 0.14%, 6, 0, 10, 66.00
1734402423, 400, 24, 41, 0, 0, 0.14%, 6, 0, 10, 69.55
1734402428, 403, 24, 41, 0, 0, 0.14%, 6, 0, 10, 64.06
1734402433, 404, 38, 41, 0, 0, 0.14%, 6, 0, 10, 63.20
1734402469, 407, 34, 41, 0, 0, 0.14%, 6, 0, 10, 70.37
1734402489, 415, 34, 41, 0, 0, 0.14%, 6, 0, 10, 67.91
1734402524, 420, 24, 41, 0, 0, 0.14%, 6, 0, 10, 63.56
1734402530, 436, 28, 41, 0, 0, 0.14%, 6, 0, 10, 59.31
1734402535, 436, 34, 41, 0, 0, 0.14%, 6, 0, 10, 63.83
1734402570, 458, 24, 41, 0, 0, 0.14%, 6, 0, 10, 59.68
1734402575, 458, 28, 41, 0, 0, 0.14%, 6, 0, 10, 63.61
1734402580, 461, 24, 41, 0, 0, 0.14%, 6, 0, 10, 60.11
1734402585, 464, 34, 41, 0, 0, 0.14%, 6, 0, 10, 69.96
1734402626, 467, 24, 41, 0, 0, 0.14%, 6, 0, 10, 63.34
1734402631, 478, 24, 41, 0, 0, 0.14%, 6, 0, 10, 66.08
1734402636, 482, 24, 41, 0, 0, 0.14%, 6, 0, 10, 68.28
1734402641, 483, 34, 41, 0, 0, 0.14%, 6, 0, 10, 64.87
1734402676, 489, 24, 41, 0, 0, 0.14%, 6, 0, 10, 63.73
1734402682, 576, 24, 41, 0, 0, 0.14%, 6, 0, 10, 62.22
1734402687, 577, 24, 41, 0, 0, 0.14%, 6, 0, 10, 65.59
1734402697, 614, 24, 41, 0, 0, 0.14%, 6, 0, 10, 59.88
1734402702, 632, 24, 41, 0, 0, 0.14%, 6, 0, 10, 62.39
1734402707, 652, 24, 41, 0, 0, 0.14%, 6, 0, 10, 61.56
1734402712, 658, 24, 41, 0, 0, 0.14%, 6, 0, 10, 64.38
1734402717, 671, 24, 41, 0, 0, 0.14%, 6, 0, 10, 63.88
1734402722, 715, 24, 41, 0, 0, 0.14%, 6, 0, 10, 65.20
1734402728, 721, 24, 41, 0, 0, 0.14%, 6, 0, 10, 69.05
1734402733, 722, 24, 41, 0, 0, 0.14%, 6, 0, 10, 65.17
1734402738, 744, 24, 41, 0, 0, 0.14%, 6, 0, 10, 62.14
1734402743, 11668, 0, 41, 0, 0, 0.14%, 6, 0, 10, 0.00
1734402748, 25772, 0, 41, 0, 0, 0.14%, 6, 0, 10, 0.00
1734402753, 39303, 0, 41, 0, 0, 0.14%, 6, 0, 10, 0.00
1734402758, 52856, 0, 41, 0, 0, 0.14%, 6, 0, 10, 0.00
1734402764, 66430, 0, 41, 0, 0, 0.14%, 6, 0, 10, 0.00
1734402769, 80481, 0, 41, 0, 0, 0.14%, 6, 0, 10, 0.00
1734402774, 93992, 0, 41, 0, 0, 0.14%, 6, 0, 10, 0.00
1734402779, 107470, 0, 41, 0, 0, 0.14%, 6, 0, 10, 0.00
1734402784, 120939, 0, 41, 0, 0, 0.14%, 6, 0, 10, 0.00
1734402790, 134928, 0, 41, 0, 0, 0.14%, 6, 0, 10, 0.00
1734402795, 149495, 0, 41, 0, 0, 0.14%, 6, 0, 10, 0.00
1734402800, 163006, 0, 41, 0, 0, 0.14%, 6, 0, 10, 0.00
1734402805, 176513, 0, 41, 0, 0, 0.14%, 6, 0, 10, 0.00
1734402810, 190023, 0, 41, 0, 0, 0.14%, 6, 0, 10, 0.00
1734402816, 203805, 0, 41, 0, 0, 0.14%, 6, 0, 10, 0.00
1734402821, 217678, 0, 41, 0, 0, 0.14%, 6, 0, 10, 0.00
1734402826, 231198, 0, 41, 0, 0, 0.14%, 6, 0, 10, 0.00
1734402831, 244704, 0, 41, 0, 0, 0.14%, 6, 0, 10, 0.00
1734402836, 258207, 0, 41, 0, 0, 0.14%, 6, 0, 10, 0.00
1734402842, 272308, 0, 41, 0, 0, 0.14%, 6, 0, 10, 0.00
1734402847, 286356, 0, 41, 0, 0, 0.14%, 6, 0, 10, 0.00
1734402852, 299890, 0, 41, 0, 0, 0.14%, 6, 0, 10, 0.00
1734402857, 313426, 0, 41, 0, 0, 0.14%, 6, 0, 10, 0.00
1734402862, 327011, 0, 41, 0, 0, 0.14%, 6, 0, 10, 0.00
1734402868, 341048, 0, 41, 0, 0, 0.14%, 6, 0, 10, 0.00
1734402873, 354618, 0, 41, 0, 0, 0.14%, 6, 0, 10, 0.00
1734402878, 368141, 0, 41, 0, 0, 0.14%, 6, 0, 10, 0.00
1734402883, 382722, 0, 41, 0, 0, 0.14%, 6, 0, 10, 0.00
1734402888, 396242, 0, 41, 0, 0, 0.14%, 6, 0, 10, 0.00
1734402894, 409782, 0, 41, 0, 0, 0.14%, 6, 0, 10, 0.00
1734402899, 423290, 0, 41, 0, 0, 0.14%, 6, 0, 10, 0.00
1734402904, 436831, 0, 41, 0, 0, 0.14%, 6, 0, 10, 0.00
1734402909, 450907, 0, 41, 0, 0, 0.14%, 6, 0, 10, 0.00
1734402914, 464401, 0, 41, 0, 0, 0.14%, 6, 0, 10, 0.00
1734402920, 477907, 0, 41, 0, 0, 0.14%, 6, 0, 10, 0.00
1734402925, 491447, 0, 41, 0, 0, 0.14%, 6, 0, 10, 0.00
1734402930, 505671, 0, 41, 0, 0, 0.14%, 6, 0, 10, 0.00
1734402935, 519603, 0, 41, 0, 0, 0.14%, 6, 0, 10, 0.00
1734402940, 533149, 0, 41, 0, 0, 0.14%, 6, 0, 10, 0.00
1734402946, 546713, 0, 41, 0, 0, 0.14%, 6, 0, 10, 0.00
1734402951, 560274, 0, 41, 0, 0, 0.14%, 6, 0, 10, 0.00
1734402956, 573814, 0, 41, 0, 0, 0.14%, 6, 0, 10, 0.00
1734402961, 587822, 0, 41, 0, 0, 0.14%, 6, 0, 10, 0.00
1734402966, 601355, 0, 41, 0, 0, 0.14%, 6, 0, 10, 0.00
1734402972, 614937, 0, 41, 0, 0, 0.14%, 6, 0, 10, 0.00
1734402977, 628417, 0, 41, 0, 0, 0.14%, 6, 0, 10, 0.00
1734402982, 642387, 0, 41, 0, 0, 0.14%, 6, 0, 10, 0.00
1734402987, 656453, 0, 41, 0, 0, 0.14%, 6, 0, 10, 0.00
1734402992, 670034, 0, 41, 0, 0, 0.14%, 6, 0, 10, 0.00
1734402998, 683559, 0, 41, 0, 0, 0.14%, 6, 0, 10, 0.00
1734403003, 697108, 0, 41, 0, 0, 0.14%, 6, 0, 10, 0.00
1734403008, 711121, 0, 41, 0, 0, 0.14%, 6, 0, 10, 0.00
1734403013, 724632, 0, 41, 0, 0, 0.14%, 6, 0, 10, 0.00
1734403018, 738174, 0, 41, 0, 0, 0.14%, 6, 0, 10, 0.00
1734403024, 751658, 0, 41, 0, 0, 0.14%, 6, 0, 10, 0.00
1734403029, 765732, 0, 41, 0, 0, 0.14%, 6, 0, 10, 0.00
1734403034, 779876, 0, 41, 0, 0, 0.14%, 6, 0, 10, 0.00
1734403039, 793436, 0, 41, 0, 0, 0.14%, 6, 0, 10, 0.00
1734403044, 806945, 0, 41, 0, 0, 0.14%, 6, 0, 10, 0.00
1734403050, 821028, 0, 41, 0, 0, 0.14%, 6, 0, 10, 0.00
1734403055, 834550, 0, 41, 0, 0, 0.14%, 6, 0, 10, 0.00
1734403060, 848115, 0, 41, 0, 0, 0.14%, 6, 0, 10, 0.00
1734403065, 861579, 0, 41, 0, 0, 0.14%, 6, 0, 10, 0.00
1734403070, 875070, 0, 41, 0, 0, 0.14%, 6, 0, 10, 0.00
1734403076, 889621, 0, 41, 0, 0, 0.14%, 6, 0, 10, 0.00
1734403081, 903162, 0, 41, 0, 0, 0.14%, 6, 0, 10, 0.00
1734403086, 916680, 0, 41, 0, 0, 0.14%, 6, 0, 10, 0.00
1734403091, 930209, 0, 41, 0, 0, 0.14%, 6, 0, 10, 0.00
1734403096, 943703, 0, 41, 0, 0, 0.14%, 6, 0, 10, 0.00
1734403102, 957814, 0, 41, 0, 0, 0.14%, 6, 0, 10, 0.00
1734403107, 971326, 0, 41, 0, 0, 0.14%, 6, 0, 10, 0.00
1734403112, 984881, 0, 41, 0, 0, 0.14%, 6, 0, 10, 0.00
1734403117, 998508, 0, 41, 0, 0, 0.14%, 6, 0, 10, 0.00
1734403122, 1012517, 0, 41, 0, 0, 0.14%, 6, 0, 10, 0.00
1734403128, 1026480, 0, 41, 0, 0, 0.14%, 6, 0, 10, 0.00
1734403133, 1039468, 0, 41, 0, 0, 0.14%, 6, 0, 10, 0.00
1734403138, 1053009, 0, 41, 0, 0, 0.14%, 6, 0, 10, 0.00
1734403143, 1066486, 0, 41, 0, 0, 0.14%, 6, 0, 10, 0.00
1734403148, 1080264, 0, 41, 0, 0, 0.14%, 6, 0, 10, 0.00
1734403154, 1094069, 0, 41, 0, 0, 0.14%, 6, 0, 10, 0.00
1734403159, 1107600, 0, 41, 0, 0, 0.14%, 6, 0, 10, 0.00
1734403164, 1121155, 0, 41, 0, 0, 0.14%, 6, 0, 10, 0.00
1734403169, 1135765, 0, 41, 0, 0, 0.14%, 6, 0, 10, 0.00
1734403174, 1149260, 0, 41, 0, 0, 0.14%, 6, 0, 10, 0.00
1734403180, 1162753, 0, 41, 0, 0, 0.14%, 6, 0, 10, 0.00
1734403185, 1176302, 0, 41, 0, 0, 0.14%, 6, 0, 10, 0.00
1734403190, 1189808, 0, 41, 0, 0, 0.14%, 6, 0, 10, 0.00
1734403195, 1203328, 0, 41, 0, 0, 0.14%, 6, 0, 10, 0.00
1734403200, 1217377, 0, 41, 0, 0, 0.14%, 6, 0, 10, 0.00
1734403206, 1230924, 0, 41, 0, 0, 0.14%, 6, 0, 10, 0.00
1734403211, 1244442, 0, 41, 0, 0, 0.14%, 6, 0, 10, 0.00
1734403216, 1258477, 0, 41, 0, 0, 0.14%, 6, 0, 10, 0.00
1734403221, 1272497, 0, 41, 0, 0, 0.14%, 6, 0, 10, 0.00
1734403226, 1286015, 0, 41, 0, 0, 0.14%, 6, 0, 10, 0.00
1734403232, 1299554, 0, 41, 0, 0, 0.14%, 6, 0, 10, 0.00
1734403237, 1313049, 0, 41, 0, 0, 0.14%, 6, 0, 10, 0.00
1734403242, 1326550, 0, 41, 0, 0, 0.14%, 6, 0, 10, 0.00
1734403247, 1340573, 0, 41, 0, 0, 0.14%, 6, 0, 10, 0.00
1734403252, 1354161, 0, 41, 0, 0, 0.14%, 6, 0, 10, 0.00
1734403258, 1367712, 0, 41, 0, 0, 0.14%, 6, 0, 10, 0.00
1734403263, 1381771, 0, 41, 0, 0, 0.14%, 6, 0, 10, 0.00
1734403268, 1395835, 0, 41, 0, 0, 0.14%, 6, 0, 10, 0.00
1734403273, 1409380, 0, 41, 0, 0, 0.14%, 6, 0, 10, 0.00
1734403278, 1422905, 0, 41, 0, 0, 0.14%, 6, 0, 10, 0.00
1734403284, 1436449, 0, 41, 0, 0, 0.14%, 6, 0, 10, 0.00
1734403289, 1449958, 0, 41, 0, 0, 0.14%, 6, 0, 10, 0.00
1734403294, 1463998, 0, 41, 0, 0, 0.14%, 6, 0, 10, 0.00
1734403299, 1477572, 0, 41, 0, 0, 0.14%, 6, 0, 10, 0.00
1734403304, 1491159, 0, 41, 0, 0, 0.14%, 6, 0, 10, 0.00
1734403310, 1505225, 0, 41, 0, 0, 0.14%, 6, 0, 10, 0.00
1734403315, 1519236, 0, 41, 0, 0, 0.14%, 6, 0, 10, 0.00
1734403320, 1532815, 0, 41, 0, 0, 0.14%, 6, 0, 10, 0.00
1734403325, 1546381, 0, 41, 0, 0, 0.14%, 6, 0, 10, 0.00
1734403330, 1559981, 0, 41, 0, 0, 0.14%, 6, 0, 10, 0.00
1734403336, 1574029, 0, 41, 0, 0, 0.14%, 6, 0, 10, 0.00
1734403341, 1587549, 0, 41, 0, 0, 0.14%, 6, 0, 10, 0.00
1734403346, 1601098, 0, 41, 0, 0, 0.14%, 6, 0, 10, 0.00
1734403351, 1614598, 0, 41, 0, 0, 0.14%, 6, 0, 10, 0.00
1734403356, 1628629, 0, 41, 0, 0, 0.14%, 6, 0, 10, 0.00
1734403362, 1643175, 0, 41, 0, 0, 0.14%, 6, 0, 10, 0.00
1734403367, 1656668, 0, 41, 0, 0, 0.14%, 6, 0, 10, 0.00
1734403372, 1670197, 0, 41, 0, 0, 0.14%, 6, 0, 10, 0.00
1734403377, 1683726, 0, 41, 0, 0, 0.14%, 6, 0, 10, 0.00
1734403382, 1697222, 0, 41, 0, 0, 0.14%, 6, 0, 10, 0.00
1734403388, 1711226, 0, 41, 0, 0, 0.14%, 6, 0, 10, 0.00
1734403393, 1724754, 0, 41, 0, 0, 0.14%, 6, 0, 10, 0.00
1734403398, 1738277, 0, 41, 0, 0, 0.14%, 6, 0, 10, 0.00
1734403403, 1752348, 0, 41, 0, 0, 0.14%, 6, 0, 10, 0.00
1734403408, 1766407, 0, 41, 0, 0, 0.14%, 6, 0, 10, 0.00
1734403414, 1780434, 0, 41, 0, 0, 0.14%, 6, 0, 10, 0.00
1734403419, 1793960, 0, 41, 0, 0, 0.14%, 6, 0, 10, 0.00
1734403424, 1807498, 0, 41, 0, 0, 0.14%, 6, 0, 10, 0.00
1734403429, 1821041, 0, 41, 0, 0, 0.14%, 6, 0, 10, 0.00
1734403434, 1834706, 0, 41, 0, 0, 0.14%, 6, 0, 10, 0.00
1734403440, 1848585, 0, 41, 0, 0, 0.14%, 6, 0, 10, 0.00
1734403445, 1862158, 0, 41, 0, 0, 0.14%, 6, 0, 10, 0.00
1734403450, 1875708, 0, 41, 0, 0, 0.14%, 6, 0, 10, 0.00
1734403455, 1889698, 0, 41, 0, 0, 0.14%, 6, 0, 10, 0.00
1734403460, 1903709, 0, 41, 0, 0, 0.14%, 6, 0, 10, 0.00
1734403466, 1917239, 0, 41, 0, 0, 0.14%, 6, 0, 10, 0.00
1734403471, 1930779, 0, 41, 0, 0, 0.14%, 6, 0, 10, 0.00
1734403476, 1944267, 0, 41, 0, 0, 0.14%, 6, 0, 10, 0.00
1734403481, 1957801, 0, 41, 0, 0, 0.14%, 6, 0, 10, 0.00
1734403486, 1971832, 0, 41, 0, 0, 0.14%, 6, 0, 10, 0.00
1734403492, 1985363, 0, 41, 0, 0, 0.14%, 6, 0, 10, 0.00
1734403497, 1999459, 0, 41, 0, 0, 0.14%, 6, 0, 10, 0.00
1734403502, 2013492, 0, 41, 0, 0, 0.14%, 6, 0, 10, 0.00
1734403507, 2027503, 0, 41, 0, 0, 0.14%, 6, 0, 10, 0.00
1734403512, 2041054, 0, 41, 0, 0, 0.14%, 6, 0, 10, 0.00
1734403518, 2054583, 0, 41, 0, 0, 0.14%, 6, 0, 10, 0.00
1734403523, 2068121, 0, 41, 0, 0, 0.14%, 6, 0, 10, 0.00
1734403528, 2081679, 0, 41, 0, 0, 0.14%, 6, 0, 10, 0.00
1734403533, 2095664, 0, 41, 0, 0, 0.14%, 6, 0, 10, 0.00
1734403538, 2109224, 0, 41, 0, 0, 0.14%, 6, 0, 10, 0.00
1734403544, 2122753, 0, 41, 0, 0, 0.14%, 6, 0, 10, 0.00
1734403549, 2136827, 0, 41, 0, 0, 0.14%, 6, 0, 10, 0.00
1734403554, 2151445, 0, 41, 0, 0, 0.14%, 6, 0, 10, 0.00
1734403559, 2165023, 0, 41, 0, 0, 0.14%, 6, 0, 10, 0.00
1734403564, 2178586, 0, 41, 0, 0, 0.14%, 6, 0, 10, 0.00
1734403570, 2192149, 0, 41, 0, 0, 0.14%, 6, 0, 10, 0.00
1734403575, 2205674, 0, 41, 0, 0, 0.14%, 6, 0, 10, 0.00
1734403580, 2219746, 0, 41, 0, 0, 0.14%, 6, 0, 10, 0.00
1734403585, 2233276, 0, 41, 0, 0, 0.14%, 6, 0, 10, 0.00
1734403590, 2246830, 0, 41, 0, 0, 0.14%, 6, 0, 10, 0.00
1734403596, 2260356, 0, 41, 0, 0, 0.14%, 6, 0, 10, 0.00
1734403601, 2274398, 0, 41, 0, 0, 0.14%, 6, 0, 10, 0.00
1734403606, 2287966, 0, 41, 0, 0, 0.14%, 6, 0, 10, 0.00
1734403611, 2301582, 0, 41, 0, 0, 0.14%, 6, 0, 10, 0.00
1734403616, 2315130, 0, 41, 0, 0, 0.14%, 6, 0, 10, 0.00
1734403622, 2328689, 0, 41, 0, 0, 0.14%, 6, 0, 10, 0.00
1734403627, 2342728, 0, 41, 0, 0, 0.14%, 6, 0, 10, 0.00
1734403632, 2356323, 0, 41, 0, 0, 0.14%, 6, 0, 10, 0.00
1734403637, 2369883, 0, 41, 0, 0, 0.14%, 6, 0, 10, 0.00
1734403642, 2383943, 0, 41, 0, 0, 0.14%, 6, 0, 10, 0.00
1734403648, 2397903, 0, 41, 0, 0, 0.14%, 6, 0, 10, 0.00
1734403653, 2411505, 0, 41, 0, 0, 0.14%, 6, 0, 10, 0.00
1734403658, 2425067, 0, 41, 0, 0, 0.14%, 6, 0, 10, 0.00
1734403663, 2438609, 0, 41, 0, 0, 0.14%, 6, 0, 10, 0.00
1734403668, 2452105, 0, 41, 0, 0, 0.14%, 6, 0, 10, 0.00
1734403674, 2466149, 0, 41, 0, 0, 0.14%, 6, 0, 10, 0.00
1734403679, 2479666, 0, 41, 0, 0, 0.14%, 6, 0, 10, 0.00
1734403684, 2493692, 0, 41, 0, 0, 0.14%, 6, 0, 10, 0.00
1734403689, 2507734, 0, 41, 0, 0, 0.14%, 6, 0, 10, 0.00
1734403694, 2521312, 0, 41, 0, 0, 0.14%, 6, 0, 10, 0.00
1734403700, 2535384, 0, 41, 0, 0, 0.14%, 6, 0, 10, 0.00
1734403705, 2548894, 0, 41, 0, 0, 0.14%, 6, 0, 10, 0.00
1734403710, 2562404, 0, 41, 0, 0, 0.14%, 6, 0, 10, 0.00
1734403715, 2575907, 0, 41, 0, 0, 0.14%, 6, 0, 10, 0.00
1734403720, 2589591, 0, 41, 0, 0, 0.14%, 6, 0, 10, 0.00
1734403726, 2603535, 0, 41, 0, 0, 0.14%, 6, 0, 10, 0.00
1734403731, 2617121, 0, 41, 0, 0, 0.14%, 6, 0, 10, 0.00
1734403736, 2631159, 0, 41, 0, 0, 0.14%, 6, 0, 10, 0.00
1734403741, 2645200, 0, 41, 0, 0, 0.14%, 6, 0, 10, 0.00
1734403746, 2659239, 0, 41, 0, 0, 0.14%, 6, 0, 10, 0.00
1734403752, 2672736, 0, 41, 0, 0, 0.14%, 6, 0, 10, 0.00
1734403757, 2686290, 0, 41, 0, 0, 0.14%, 6, 0, 10, 0.00
1734403762, 2699807, 0, 41, 0, 0, 0.14%, 6, 0, 10, 0.00
1734403767, 2713342, 0, 41, 0, 0, 0.14%, 6, 0, 10, 0.00
1734403772, 2727404, 0, 41, 0, 0, 0.14%, 6, 0, 10, 0.00
1734403778, 2740923, 0, 41, 0, 0, 0.14%, 6, 0, 10, 0.00
1734403783, 2754990, 0, 41, 0, 0, 0.14%, 6, 0, 10, 0.00
1734403788, 2768571, 0, 41, 0, 0, 0.14%, 6, 0, 10, 0.00
1734403793, 2783198, 0, 41, 0, 0, 0.14%, 6, 0, 10, 0.00
1734403798, 2796683, 0, 41, 0, 0, 0.14%, 6, 0, 10, 0.00
1734403804, 2810197, 0, 41, 0, 0, 0.14%, 6, 0, 10, 0.00
1734403809, 2823710, 0, 41, 0, 0, 0.14%, 6, 0, 10, 0.00
1734403814, 2837479, 0, 41, 0, 0, 0.14%, 6, 0, 10, 0.00
1734403819, 2851304, 0, 41, 0, 0, 0.14%, 6, 0, 10, 0.00
1734403824, 2864846, 0, 41, 0, 0, 0.14%, 6, 0, 10, 0.00
1734403830, 2878361, 0, 41, 0, 0, 0.14%, 6, 0, 10, 0.00
1734403835, 2892487, 0, 41, 0, 0, 0.14%, 6, 0, 10, 0.00
1734403840, 2906540, 0, 41, 0, 0, 0.14%, 6, 0, 10, 0.00
1734403845, 2920092, 0, 41, 0, 0, 0.14%, 6, 0, 10, 0.00
1734403850, 2933685, 0, 41, 0, 0, 0.14%, 6, 0, 10, 0.00
1734403856, 2947213, 0, 41, 0, 0, 0.14%, 6, 0, 10, 0.00
1734403861, 2960720, 0, 41, 0, 0, 0.14%, 6, 0, 10, 0.00
1734403866, 2974762, 0, 41, 0, 0, 0.14%, 6, 0, 10, 0.00
1734403871, 2988259, 0, 41, 0, 0, 0.14%, 6, 0, 10, 0.00
1734403876, 3001799, 0, 41, 0, 0, 0.14%, 6, 0, 10, 0.00
1734403882, 3015880, 0, 41, 0, 0, 0.14%, 6, 0, 10, 0.00
1734403887, 3029912, 0, 41, 0, 0, 0.14%, 6, 0, 10, 0.00
1734403892, 3043412, 0, 41, 0, 0, 0.14%, 6, 0, 10, 0.00
1734403897, 3056964, 0, 41, 0, 0, 0.14%, 6, 0, 10, 0.00
1734403902, 3070466, 0, 41, 0, 0, 0.14%, 6, 0, 10, 0.00
1734403908, 3084019, 0, 41, 0, 0, 0.14%, 6, 0, 10, 0.00
1734403913, 3098015, 0, 41, 0, 0, 0.14%, 6, 0, 10, 0.00
1734403918, 3111569, 0, 41, 0, 0, 0.14%, 6, 0, 10, 0.00
1734403923, 3125139, 0, 41, 0, 0, 0.14%, 6, 0, 10, 0.00
1734403928, 3139179, 0, 41, 0, 0, 0.14%, 6, 0, 10, 0.00
1734403934, 3152246, 0, 41, 0, 0, 0.14%, 6, 0, 10, 0.00
1734403939, 3166301, 0, 41, 0, 0, 0.14%, 6, 0, 10, 0.00
1734403944, 3179800, 0, 41, 0, 0, 0.14%, 6, 0, 10, 0.00
1734403949, 3193301, 0, 41, 0, 0, 0.14%, 6, 0, 10, 0.00
1734403954, 3207357, 0, 41, 0, 0, 0.14%, 6, 0, 10, 0.00
1734403960, 3220901, 0, 41, 0, 0, 0.14%, 6, 0, 10, 0.00
1734403965, 3235492, 0, 41, 0, 0, 0.14%, 6, 0, 10, 0.00
1734403970, 3249047, 0, 41, 0, 0, 0.14%, 6, 0, 10, 0.00
1734403975, 3263104, 0, 41, 0, 0, 0.14%, 6, 0, 10, 0.00
1734403980, 3277706, 0, 41, 0, 0, 0.14%, 6, 0, 10, 0.00
1734403986, 3291241, 0, 41, 0, 0, 0.14%, 6, 0, 10, 0.00
1734403991, 3304794, 0, 41, 0, 0, 0.14%, 6, 0, 10, 0.00
1734403996, 3318868, 0, 41, 0, 0, 0.14%, 6, 0, 10, 0.00
1734404001, 3332963, 0, 41, 0, 0, 0.14%, 6, 0, 10, 0.00
1734404006, 3346658, 0, 41, 0, 0, 0.14%, 6, 0, 10, 0.00
1734404012, 3360561, 0, 41, 0, 0, 0.14%, 6, 0, 10, 0.00
1734404017, 3374137, 0, 41, 0, 0, 0.14%, 6, 0, 10, 0.00
1734404022, 3387647, 0, 41, 0, 0, 0.14%, 6, 0, 10, 0.00
1734404027, 3402236, 0, 41, 0, 0, 0.14%, 6, 0, 10, 0.00
1734404032, 3415815, 0, 41, 0, 0, 0.14%, 6, 0, 10, 0.00
1734404038, 3429340, 0, 41, 0, 0, 0.14%, 6, 0, 10, 0.00
1734404043, 3442951, 0, 41, 0, 0, 0.14%, 6, 0, 10, 0.00
1734404048, 3456490, 0, 41, 0, 0, 0.14%, 6, 0, 10, 0.00
1734404053, 3470543, 0, 41, 0, 0, 0.14%, 6, 0, 10, 0.00
1734404058, 3484091, 0, 41, 0, 0, 0.14%, 6, 0, 10, 0.00
1734404064, 3497615, 0, 41, 0, 0, 0.14%, 6, 0, 10, 0.00
1734404069, 3511713, 0, 41, 0, 0, 0.14%, 6, 0, 10, 0.00
1734404074, 3524716, 0, 41, 0, 0, 0.14%, 6, 0, 10, 0.00
1734404079, 3538740, 0, 41, 0, 0, 0.14%, 6, 0, 10, 0.00
1734404084, 3552258, 0, 41, 0, 0, 0.14%, 6, 0, 10, 0.00
1734404090, 3565781, 0, 41, 0, 0, 0.14%, 6, 0, 10, 0.00
1734404095, 3579654, 0, 41, 0, 0, 0.14%, 6, 0, 10, 0.00
1734404100, 3592881, 0, 41, 0, 0, 0.14%, 6, 0, 10, 0.00
1734404105, 3606921, 0, 41, 0, 0, 0.14%, 6, 0, 10, 0.00
1734404110, 3620996, 0, 41, 0, 0, 0.14%, 6, 0, 10, 0.00
1734404116, 3634497, 0, 41, 0, 0, 0.14%, 6, 0, 10, 0.00
1734404121, 3648066, 0, 41, 0, 0, 0.14%, 6, 0, 10, 0.00
1734404126, 3662156, 0, 41, 0, 0, 0.14%, 6, 0, 10, 0.00
1734404131, 3675700, 0, 41, 0, 0, 0.14%, 6, 0, 10, 0.00
1734404136, 3689232, 0, 41, 0, 0, 0.14%, 6, 0, 10, 0.00
1734404142, 3703324, 0, 41, 0, 0, 0.14%, 6, 0, 10, 0.00
1734404147, 3716881, 0, 41, 0, 0, 0.14%, 6, 0, 10, 0.00
1734404152, 3731431, 0, 41, 0, 0, 0.14%, 6, 0, 10, 0.00
1734404157, 3744956, 0, 41, 0, 0, 0.14%, 6, 0, 10, 0.00
1734404162, 3758990, 0, 41, 0, 0, 0.14%, 6, 0, 10, 0.00
1734404168, 3772545, 0, 41, 0, 0, 0.14%, 6, 0, 10, 0.00
1734404173, 3787031, 0, 41, 0, 0, 0.14%, 6, 0, 10, 0.00
1734404178, 3800590, 0, 41, 0, 0, 0.14%, 6, 0, 10, 0.00
1734404183, 3814136, 0, 41, 0, 0, 0.14%, 6, 0, 10, 0.00
1734404188, 3827648, 0, 41, 0, 0, 0.14%, 6, 0, 10, 0.00
1734404194, 3841657, 0, 41, 0, 0, 0.14%, 6, 0, 10, 0.00
1734404199, 3855171, 0, 41, 0, 0, 0.14%, 6, 0, 10, 0.00
1734404204, 3868751, 0, 41, 0, 0, 0.14%, 6, 0, 10, 0.00
1734404209, 3882294, 0, 41, 0, 0, 0.14%, 6, 0, 10, 0.00
1734404214, 3895817, 0, 41, 0, 0, 0.14%, 6, 0, 10, 0.00
1734404220, 3910353, 0, 41, 0, 0, 0.14%, 6, 0, 10, 0.00
1734404225, 3924105, 0, 41, 0, 0, 0.14%, 6, 0, 10, 0.00
1734404230, 3937917, 0, 41, 0, 0, 0.14%, 6, 0, 10, 0.00
1734404235, 3951464, 0, 41, 0, 0, 0.14%, 6, 0, 10, 0.00
1734404240, 3965015, 0, 41, 0, 0, 0.14%, 6, 0, 10, 0.00
1734404246, 3979067, 0, 41, 0, 0, 0.14%, 6, 0, 10, 0.00
1734404251, 3992581, 0, 41, 0, 0, 0.14%, 6, 0, 10, 0.00
1734404256, 4006602, 0, 41, 0, 0, 0.14%, 6, 0, 10, 0.00
1734404261, 4020691, 0, 41, 0, 0, 0.14%, 6, 0, 10, 0.00
1734404266, 4034693, 0, 41, 0, 0, 0.14%, 6, 0, 10, 0.00
1734404272, 4048762, 0, 41, 0, 0, 0.14%, 6, 0, 10, 0.00
1734404277, 4062302, 0, 41, 0, 0, 0.14%, 6, 0, 10, 0.00
1734404282, 4075831, 0, 41, 0, 0, 0.14%, 6, 0, 10, 0.00
1734404287, 4089353, 0, 41, 0, 0, 0.14%, 6, 0, 10, 0.00
1734404292, 4103402, 0, 41, 0, 0, 0.14%, 6, 0, 10, 0.00
1734404298, 4116980, 0, 41, 0, 0, 0.14%, 6, 0, 10, 0.00
1734404303, 4131005, 0, 41, 0, 0, 0.14%, 6, 0, 10, 0.00
1734404308, 4144501, 0, 41, 0, 0, 0.14%, 6, 0, 10, 0.00
1734404313, 4158551, 0, 41, 0, 0, 0.14%, 6, 0, 10, 0.00
1734404318, 4172652, 0, 41, 0, 0, 0.14%, 6, 0, 10, 0.00
1734404324, 4186627, 0, 41, 0, 0, 0.14%, 6, 0, 10, 0.00
1734404329, 4200190, 0, 41, 0, 0, 0.14%, 6, 0, 10, 0.00
1734404334, 4214157, 0, 41, 0, 0, 0.14%, 6, 0, 10, 0.00
1734404339, 4227588, 0, 41, 0, 0, 0.14%, 6, 0, 10, 0.00
1734404344, 4241158, 0, 41, 0, 0, 0.14%, 6, 0, 10, 0.00
1734404350, 4254710, 0, 41, 0, 0, 0.14%, 6, 0, 10, 0.00
1734404355, 4268776, 0, 41, 0, 0, 0.14%, 6, 0, 10, 0.00
1734404360, 4283327, 0, 41, 0, 0, 0.14%, 6, 0, 10, 0.00
1734404365, 4296867, 0, 41, 0, 0, 0.14%, 6, 0, 10, 0.00
1734404370, 4310409, 0, 41, 0, 0, 0.14%, 6, 0, 10, 0.00
1734404376, 4323952, 0, 41, 0, 0, 0.14%, 6, 0, 10, 0.00
1734404381, 4337480, 0, 41, 0, 0, 0.14%, 6, 0, 10, 0.00
1734404386, 4351440, 0, 41, 0, 0, 0.14%, 6, 0, 10, 0.00
1734404391, 4365031, 0, 41, 0, 0, 0.14%, 6, 0, 10, 0.00
1734404396, 4378529, 0, 41, 0, 0, 0.14%, 6, 0, 10, 0.00
1734404402, 4392568, 0, 41, 0, 0, 0.14%, 6, 0, 10, 0.00
1734404407, 4405574, 0, 41, 0, 0, 0.14%, 6, 0, 10, 0.00
1734404412, 4419580, 0, 41, 0, 0, 0.14%, 6, 0, 10, 0.00
1734404417, 4433147, 0, 41, 0, 0, 0.14%, 6, 0, 10, 0.00
1734404422, 4446718, 0, 41, 0, 0, 0.14%, 6, 0, 10, 0.00
1734404428, 4460243, 0, 41, 0, 0, 0.14%, 6, 0, 10, 0.00
1734404433, 4473935, 0, 41, 0, 0, 0.14%, 6, 0, 10, 0.00
1734404438, 4487815, 0, 41, 0, 0, 0.14%, 6, 0, 10, 0.00
1734404443, 4501343, 0, 41, 0, 0, 0.14%, 6, 0, 10, 0.00
1734404448, 4515363, 0, 41, 0, 0, 0.14%, 6, 0, 10, 0.00
1734404454, 4528946, 0, 41, 0, 0, 0.14%, 6, 0, 10, 0.00
1734404459, 4542959, 0, 41, 0, 0, 0.14%, 6, 0, 10, 0.00
1734404464, 4556424, 0, 41, 0, 0, 0.14%, 6, 0, 10, 0.00
1734404469, 4569966, 0, 41, 0, 0, 0.14%, 6, 0, 10, 0.00
1734404474, 4583538, 0, 41, 0, 0, 0.14%, 6, 0, 10, 0.00
1734404480, 4597063, 0, 41, 0, 0, 0.14%, 6, 0, 10, 0.00
1734404485, 4611060, 0, 41, 0, 0, 0.14%, 6, 0, 10, 0.00
1734404490, 4624659, 0, 41, 0, 0, 0.14%, 6, 0, 10, 0.00
1734404495, 4638719, 0, 41, 0, 0, 0.14%, 6, 0, 10, 0.00
1734404500, 4653333, 0, 41, 0, 0, 0.14%, 6, 0, 10, 0.00
1734404506, 4666901, 0, 41, 0, 0, 0.14%, 6, 0, 10, 0.00
1734404511, 4680470, 0, 41, 0, 0, 0.14%, 6, 0, 10, 0.00
1734404516, 4693972, 0, 41, 0, 0, 0.14%, 6, 0, 10, 0.00
1734404521, 4707481, 0, 41, 0, 0, 0.14%, 6, 0, 10, 0.00
1734404526, 4721531, 0, 41, 0, 0, 0.14%, 6, 0, 10, 0.00
1734404532, 4735081, 0, 41, 0, 0, 0.14%, 6, 0, 10, 0.00
1734404537, 4748583, 0, 41, 0, 0, 0.14%, 6, 0, 10, 0.00
1734404542, 4762118, 0, 41, 0, 0, 0.14%, 6, 0, 10, 0.00
1734404547, 4775682, 0, 41, 0, 0, 0.14%, 6, 0, 10, 0.00
1734404552, 4790251, 0, 41, 0, 0, 0.14%, 6, 0, 10, 0.00
1734404558, 4803824, 0, 41, 0, 0, 0.14%, 6, 0, 10, 0.00
1734404563, 4817376, 0, 41, 0, 0, 0.14%, 6, 0, 10, 0.00
1734404568, 4830909, 0, 41, 0, 0, 0.14%, 6, 0, 10, 0.00
1734404573, 4844922, 0, 41, 0, 0, 0.14%, 6, 0, 10, 0.00
1734404578, 4858469, 0, 41, 0, 0, 0.14%, 6, 0, 10, 0.00
1734404584, 4871962, 0, 41, 0, 0, 0.14%, 6, 0, 10, 0.00
1734404589, 4885430, 0, 41, 0, 0, 0.14%, 6, 0, 10, 0.00
1734404594, 4899483, 0, 41, 0, 0, 0.14%, 6, 0, 10, 0.00
1734404599, 4913510, 0, 41, 0, 0, 0.14%, 6, 0, 10, 0.00
1734404604, 4927095, 0, 41, 0, 0, 0.14%, 6, 0, 10, 0.00
1734404610, 4940639, 0, 41, 0, 0, 0.14%, 6, 0, 10, 0.00
1734404615, 4954202, 0, 41, 0, 0, 0.14%, 6, 0, 10, 0.00
1734404620, 4967743, 0, 41, 0, 0, 0.14%, 6, 0, 10, 0.00
1734404625, 4981803, 0, 41, 0, 0, 0.14%, 6, 0, 10, 0.00
1734404630, 4995335, 0, 41, 0, 0, 0.14%, 6, 0, 10, 0.00
1734404636, 5009421, 0, 41, 0, 0, 0.14%, 6, 0, 10, 0.00
1734404641, 5023419, 0, 41, 0, 0, 0.14%, 6, 0, 10, 0.00
1734404646, 5036978, 0, 41, 0, 0, 0.14%, 6, 0, 10, 0.00
1734404651, 5051088, 0, 41, 0, 0, 0.14%, 6, 0, 10, 0.00
1734404656, 5064644, 0, 41, 0, 0, 0.14%, 6, 0, 10, 0.00
1734404662, 5078160, 0, 41, 0, 0, 0.14%, 6, 0, 10, 0.00
1734404667, 5092193, 0, 41, 0, 0, 0.14%, 6, 0, 10, 0.00
1734404672, 5105721, 0, 41, 0, 0, 0.14%, 6, 0, 10, 0.00
1734404677, 5119237, 0, 41, 0, 0, 0.14%, 6, 0, 10, 0.00
1734404682, 5132724, 0, 41, 0, 0, 0.14%, 6, 0, 10, 0.00
1734404688, 5146788, 0, 41, 0, 0, 0.14%, 6, 0, 10, 0.00
1734404693, 5161312, 0, 41, 0, 0, 0.14%, 6, 0, 10, 0.00
1734404698, 5174874, 0, 41, 0, 0, 0.14%, 6, 0, 10, 0.00
1734404703, 5188469, 0, 41, 0, 0, 0.14%, 6, 0, 10, 0.00
1734404708, 5202016, 0, 41, 0, 0, 0.14%, 6, 0, 10, 0.00
1734404714, 5215562, 0, 41, 0, 0, 0.14%, 6, 0, 10, 0.00
1734404719, 5229640, 0, 41, 0, 0, 0.14%, 6, 0, 10, 0.00
1734404724, 5243139, 0, 41, 0, 0, 0.14%, 6, 0, 10, 0.00
1734404729, 5256653, 0, 41, 0, 0, 0.14%, 6, 0, 10, 0.00
1734404734, 5270154, 0, 41, 0, 0, 0.14%, 6, 0, 10, 0.00
1734404740, 5283716, 0, 41, 0, 0, 0.14%, 6, 0, 10, 0.00
1734404745, 5298221, 0, 41, 0, 0, 0.14%, 6, 0, 10, 0.00
1734404750, 5311749, 0, 41, 0, 0, 0.14%, 6, 0, 10, 0.00
1734404755, 5325270, 0, 41, 0, 0, 0.14%, 6, 0, 10, 0.00
1734404760, 5338818, 0, 41, 0, 0, 0.14%, 6, 0, 10, 0.00
1734404766, 5352539, 0, 41, 0, 0, 0.14%, 6, 0, 10, 0.00
1734404771, 5366418, 0, 41, 0, 0, 0.14%, 6, 0, 10, 0.00
1734404776, 5379987, 0, 41, 0, 0, 0.14%, 6, 0, 10, 0.00
1734404781, 5394036, 0, 41, 0, 0, 0.14%, 6, 0, 10, 0.00
1734404786, 5407030, 0, 41, 0, 0, 0.14%, 6, 0, 10, 0.00
1734404792, 5421049, 0, 41, 0, 0, 0.14%, 6, 0, 10, 0.00
1734404797, 5434534, 0, 41, 0, 0, 0.14%, 6, 0, 10, 0.00
1734404802, 5448013, 0, 41, 0, 0, 0.14%, 6, 0, 10, 0.00
1734404807, 5461502, 0, 41, 0, 0, 0.14%, 6, 0, 10, 0.00
1734404812, 5475033, 0, 41, 0, 0, 0.14%, 6, 0, 10, 0.00
1734404818, 5489109, 0, 41, 0, 0, 0.14%, 6, 0, 10, 0.00
1734404823, 5502595, 0, 41, 0, 0, 0.14%, 6, 0, 10, 0.00
1734404828, 5516612, 0, 41, 0, 0, 0.14%, 6, 0, 10, 0.00
1734404833, 5530123, 0, 41, 0, 0, 0.14%, 6, 0, 10, 0.00
1734404838, 5544198, 0, 41, 0, 0, 0.14%, 6, 0, 10, 0.00
1734404844, 5557754, 0, 41, 0, 0, 0.14%, 6, 0, 10, 0.00
1734404849, 5571312, 0, 41, 0, 0, 0.14%, 6, 0, 10, 0.00
1734404854, 5584818, 0, 41, 0, 0, 0.14%, 6, 0, 10, 0.00
1734404859, 5597826, 0, 41, 0, 0, 0.14%, 6, 0, 10, 0.00
1734404864, 5611864, 0, 41, 0, 0, 0.14%, 6, 0, 10, 0.00
1734404870, 5625381, 0, 41, 0, 0, 0.14%, 6, 0, 10, 0.00
1734404875, 5638874, 0, 41, 0, 0, 0.14%, 6, 0, 10, 0.00
1734404880, 5652959, 0, 41, 0, 0, 0.14%, 6, 0, 10, 0.00
1734404885, 5666514, 0, 41, 0, 0, 0.14%, 6, 0, 10, 0.00
1734404890, 5680014, 0, 41, 0, 0, 0.14%, 6, 0, 10, 0.00
1734404896, 5693521, 0, 41, 0, 0, 0.14%, 6, 0, 10, 0.00
1734404901, 5707069, 0, 41, 0, 0, 0.14%, 6, 0, 10, 0.00
1734404906, 5720581, 0, 41, 0, 0, 0.14%, 6, 0, 10, 0.00
1734404911, 5734651, 0, 41, 0, 0, 0.14%, 6, 0, 10, 0.00
1734404916, 5748165, 0, 41, 0, 0, 0.14%, 6, 0, 10, 0.00
1734404922, 5761667, 0, 41, 0, 0, 0.14%, 6, 0, 10, 0.00
1734404927, 5775197, 0, 41, 0, 0, 0.14%, 6, 0, 10, 0.00
1734404932, 5789188, 0, 41, 0, 0, 0.14%, 6, 0, 10, 0.00
1734404937, 5802782, 0, 41, 0, 0, 0.14%, 6, 0, 10, 0.00
1734404942, 5816297, 0, 41, 0, 0, 0.14%, 6, 0, 10, 0.00
1734404948, 5829782, 0, 41, 0, 0, 0.14%, 6, 0, 10, 0.00
1734404953, 5843823, 0, 41, 0, 0, 0.14%, 6, 0, 10, 0.00
1734404958, 5857357, 0, 41, 0, 0, 0.14%, 6, 0, 10, 0.00
1734404963, 5870871, 0, 41, 0, 0, 0.14%, 6, 0, 10, 0.00
1734404968, 5884418, 0, 41, 0, 0, 0.14%, 6, 0, 10, 0.00
1734404974, 5898488, 0, 41, 0, 0, 0.14%, 6, 0, 10, 0.00
1734404979, 5913072, 0, 41, 0, 0, 0.14%, 6, 0, 10, 0.00
1734404984, 5926622, 0, 41, 0, 0, 0.14%, 6, 0, 10, 0.00
1734404989, 5940112, 0, 41, 0, 0, 0.14%, 6, 0, 10, 0.00
1734404994, 5954139, 0, 41, 0, 0, 0.14%, 6, 0, 10, 0.00
1734405000, 5967702, 0, 41, 0, 0, 0.14%, 6, 0, 10, 0.00
1734405005, 5981760, 0, 41, 0, 0, 0.14%, 6, 0, 10, 0.00
1734405010, 5995287, 0, 41, 0, 0, 0.14%, 6, 0, 10, 0.00
1734405015, 6008909, 0, 41, 0, 0, 0.14%, 6, 0, 10, 0.00
1734405020, 6022459, 0, 41, 0, 0, 0.14%, 6, 0, 10, 0.00
1734405026, 6036011, 0, 41, 0, 0, 0.14%, 6, 0, 10, 0.00
1734405031, 6050564, 0, 41, 0, 0, 0.14%, 6, 0, 10, 0.00
1734405036, 6064049, 0, 41, 0, 0, 0.14%, 6, 0, 10, 0.00
1734405041, 6078086, 0, 41, 0, 0, 0.14%, 6, 0, 10, 0.00
1734405046, 6091112, 0, 41, 0, 0, 0.14%, 6, 0, 10, 0.00
1734405052, 6105125, 0, 41, 0, 0, 0.14%, 6, 0, 10, 0.00
1734405057, 6118745, 0, 41, 0, 0, 0.14%, 6, 0, 10, 0.00
1734405062, 6132251, 0, 41, 0, 0, 0.14%, 6, 0, 10, 0.00
1734405067, 6145779, 0, 41, 0, 0, 0.14%, 6, 0, 10, 0.00
1734405072, 6159342, 0, 41, 0, 0, 0.14%, 6, 0, 10, 0.00
1734405078, 6173369, 0, 41, 0, 0, 0.14%, 6, 0, 10, 0.00
1734405083, 6186920, 0, 41, 0, 0, 0.14%, 6, 0, 10, 0.00
1734405088, 6200984, 0, 41, 0, 0, 0.14%, 6, 0, 10, 0.00
1734405093, 6214853, 0, 41, 0, 0, 0.14%, 6, 0, 10, 0.00
1734405098, 6228495, 0, 41, 0, 0, 0.14%, 6, 0, 10, 0.00
1734405104, 6241969, 0, 41, 0, 0, 0.14%, 6, 0, 10, 0.00
1734405109, 6255564, 0, 41, 0, 0, 0.14%, 6, 0, 10, 0.00
1734405114, 6269072, 0, 41, 0, 0, 0.14%, 6, 0, 10, 0.00
1734405119, 6283654, 0, 41, 0, 0, 0.14%, 6, 0, 10, 0.00
1734405124, 6297169, 0, 41, 0, 0, 0.14%, 6, 0, 10, 0.00
1734405130, 6310750, 0, 41, 0, 0, 0.14%, 6, 0, 10, 0.00
1734405135, 6324259, 0, 41, 0, 0, 0.14%, 6, 0, 10, 0.00
1734405140, 6338764, 0, 41, 0, 0, 0.14%, 6, 0, 10, 0.00
1734405145, 6352480, 0, 41, 0, 0, 0.14%, 6, 0, 10, 0.00
1734405150, 6366304, 0, 41, 0, 0, 0.14%, 6, 0, 10, 0.00
1734405156, 6379818, 0, 41, 0, 0, 0.14%, 6, 0, 10, 0.00
1734405161, 6393297, 0, 41, 0, 0, 0.14%, 6, 0, 10, 0.00
1734405166, 6407292, 0, 41, 0, 0, 0.14%, 6, 0, 10, 0.00
1734405171, 6421900, 0, 41, 0, 0, 0.14%, 6, 0, 10, 0.00
1734405176, 6435461, 0, 41, 0, 0, 0.14%, 6, 0, 10, 0.00
1734405182, 6449038, 0, 41, 0, 0, 0.14%, 6, 0, 10, 0.00
1734405187, 6462607, 0, 41, 0, 0, 0.14%, 6, 0, 10, 0.00
1734405192, 6476665, 0, 41, 0, 0, 0.14%, 6, 0, 10, 0.00
1734405197, 6490240, 0, 41, 0, 0, 0.14%, 6, 0, 10, 0.00
1734405202, 6503780, 0, 41, 0, 0, 0.14%, 6, 0, 10, 0.00
1734405208, 6517302, 0, 41, 0, 0, 0.14%, 6, 0, 10, 0.00
1734405213, 6531360, 0, 41, 0, 0, 0.14%, 6, 0, 10, 0.00
1734405218, 6545414, 0, 41, 0, 0, 0.14%, 6, 0, 10, 0.00
1734405223, 6559472, 0, 41, 0, 0, 0.14%, 6, 0, 10, 0.00
1734405228, 6573044, 0, 41, 0, 0, 0.14%, 6, 0, 10, 0.00
1734405234, 6586584, 0, 41, 0, 0, 0.14%, 6, 0, 10, 0.00
1734405239, 6600116, 0, 41, 0, 0, 0.14%, 6, 0, 10, 0.00
1734405244, 6614168, 0, 41, 0, 0, 0.14%, 6, 0, 10, 0.00
1734405249, 6627701, 0, 41, 0, 0, 0.14%, 6, 0, 10, 0.00
1734405254, 6641266, 0, 41, 0, 0, 0.14%, 6, 0, 10, 0.00
1734405260, 6655307, 0, 41, 0, 0, 0.14%, 6, 0, 10, 0.00
1734405265, 6668797, 0, 41, 0, 0, 0.14%, 6, 0, 10, 0.00
1734405270, 6682370, 0, 41, 0, 0, 0.14%, 6, 0, 10, 0.00
1734405275, 6695904, 0, 41, 0, 0, 0.14%, 6, 0, 10, 0.00
1734405280, 6709395, 0, 41, 0, 0, 0.14%, 6, 0, 10, 0.00
1734405286, 6723479, 0, 41, 0, 0, 0.14%, 6, 0, 10, 0.00
1734405291, 6737043, 0, 41, 0, 0, 0.14%, 6, 0, 10, 0.00
1734405296, 6750588, 0, 41, 0, 0, 0.14%, 6, 0, 10, 0.00
1734405301, 6764137, 0, 41, 0, 0, 0.14%, 6, 0, 10, 0.00
1734405306, 6777672, 0, 41, 0, 0, 0.14%, 6, 0, 10, 0.00
1734405312, 6792245, 0, 41, 0, 0, 0.14%, 6, 0, 10, 0.00
1734405317, 6805769, 0, 41, 0, 0, 0.14%, 6, 0, 10, 0.00
1734405322, 6819257, 0, 41, 0, 0, 0.14%, 6, 0, 10, 0.00
1734405327, 6832764, 0, 41, 0, 0, 0.14%, 6, 0, 10, 0.00
1734405332, 6846302, 0, 41, 0, 0, 0.14%, 6, 0, 10, 0.00
1734405338, 6860409, 0, 41, 0, 0, 0.14%, 6, 0, 10, 0.00
1734405343, 6873944, 0, 41, 0, 0, 0.14%, 6, 0, 10, 0.00
1734405348, 6887504, 0, 41, 0, 0, 0.14%, 6, 0, 10, 0.00
1734405353, 6901033, 0, 41, 0, 0, 0.14%, 6, 0, 10, 0.00
1734405358, 6915081, 0, 41, 0, 0, 0.14%, 6, 0, 10, 0.00
1734405364, 6929613, 0, 41, 0, 0, 0.14%, 6, 0, 10, 0.00
1734405369, 6943139, 0, 41, 0, 0, 0.14%, 6, 0, 10, 0.00
1734405374, 6956639, 0, 41, 0, 0, 0.14%, 6, 0, 10, 0.00
1734405379, 6970165, 0, 41, 0, 0, 0.14%, 6, 0, 10, 0.00
1734405384, 6984222, 0, 41, 0, 0, 0.14%, 6, 0, 10, 0.00
1734405390, 6997815, 0, 41, 0, 0, 0.14%, 6, 0, 10, 0.00
1734405395, 7011341, 0, 41, 0, 0, 0.14%, 6, 0, 10, 0.00
1734405400, 7024842, 0, 41, 0, 0, 0.14%, 6, 0, 10, 0.00
1734405405, 7038388, 0, 41, 0, 0, 0.14%, 6, 0, 10, 0.00
1734405410, 7052456, 0, 41, 0, 0, 0.14%, 6, 0, 10, 0.00
1734405416, 7066478, 0, 41, 0, 0, 0.14%, 6, 0, 10, 0.00
1734405421, 7080060, 0, 41, 0, 0, 0.14%, 6, 0, 10, 0.00
1734405426, 7093915, 0, 41, 0, 0, 0.14%, 6, 0, 10, 0.00
1734405431, 7107274, 0, 41, 0, 0, 0.14%, 6, 0, 10, 0.00
1734405436, 7121052, 0, 41, 0, 0, 0.14%, 6, 0, 10, 0.00
1734405442, 7134656, 0, 41, 0, 0, 0.14%, 6, 0, 10, 0.00
1734405447, 7148192, 0, 41, 0, 0, 0.14%, 6, 0, 10, 0.00
1734405452, 7162182, 0, 41, 0, 0, 0.14%, 6, 0, 10, 0.00
1734405457, 7175704, 0, 41, 0, 0, 0.14%, 6, 0, 10, 0.00
1734405462, 7189258, 0, 41, 0, 0, 0.14%, 6, 0, 10, 0.00
1734405468, 7202725, 0, 41, 0, 0, 0.14%, 6, 0, 10, 0.00
1734405473, 7216282, 0, 41, 0, 0, 0.14%, 6, 0, 10, 0.00
1734405478, 7230306, 0, 41, 0, 0, 0.14%, 6, 0, 10, 0.00
1734405483, 7243848, 0, 41, 0, 0, 0.14%, 6, 0, 10, 0.00
1734405488, 7257388, 0, 41, 0, 0, 0.14%, 6, 0, 10, 0.00
1734405494, 7270908, 0, 41, 0, 0, 0.14%, 6, 0, 10, 0.00
1734405499, 7284945, 0, 41, 0, 0, 0.14%, 6, 0, 10, 0.00
1734405504, 7299496, 0, 41, 0, 0, 0.14%, 6, 0, 10, 0.00
1734405509, 7312997, 0, 41, 0, 0, 0.14%, 6, 0, 10, 0.00
1734405514, 7326556, 0, 41, 0, 0, 0.14%, 6, 0, 10, 0.00
1734405520, 7340583, 0, 41, 0, 0, 0.14%, 6, 0, 10, 0.00
1734405525, 7353642, 0, 41, 0, 0, 0.14%, 6, 0, 10, 0.00
1734405530, 7367665, 0, 41, 0, 0, 0.14%, 6, 0, 10, 0.00
1734405535, 7381180, 0, 41, 0, 0, 0.14%, 6, 0, 10, 0.00
1734405540, 7394694, 0, 41, 0, 0, 0.14%, 6, 0, 10, 0.00
1734405546, 7408190, 0, 41, 0, 0, 0.14%, 6, 0, 10, 0.00
1734405551, 7422682, 0, 41, 0, 0, 0.14%, 6, 0, 10, 0.00
1734405556, 7436154, 0, 41, 0, 0, 0.14%, 6, 0, 10, 0.00
1734405561, 7449676, 0, 41, 0, 0, 0.14%, 6, 0, 10, 0.00
1734405566, 7463181, 0, 41, 0, 0, 0.14%, 6, 0, 10, 0.00
1734405572, 7476689, 0, 41, 0, 0, 0.14%, 6, 0, 10, 0.00
1734405577, 7490740, 0, 41, 0, 0, 0.14%, 6, 0, 10, 0.00
1734405582, 7504307, 0, 41, 0, 0, 0.14%, 6, 0, 10, 0.00
1734405587, 7517858, 0, 41, 0, 0, 0.14%, 6, 0, 10, 0.00
1734405592, 7531326, 0, 41, 0, 0, 0.14%, 6, 0, 10, 0.00
1734405598, 7545874, 0, 41, 0, 0, 0.14%, 6, 0, 10, 0.00
1734405603, 7559420, 0, 41, 0, 0, 0.14%, 6, 0, 10, 0.00
1734405608, 7573464, 0, 41, 0, 0, 0.14%, 6, 0, 10, 0.00
1734405613, 7587010, 0, 41, 0, 0, 0.14%, 6, 0, 10, 0.00
1734405618, 7601029, 0, 41, 0, 0, 0.14%, 6, 0, 10, 0.00
1734405624, 7614567, 0, 41, 0, 0, 0.14%, 6, 0, 10, 0.00
1734405629, 7628054, 0, 41, 0, 0, 0.14%, 6, 0, 10, 0.00
1734405634, 7641575, 0, 41, 0, 0, 0.14%, 6, 0, 10, 0.00
1734405639, 7655103, 0, 41, 0, 0, 0.14%, 6, 0, 10, 0.00
1734405644, 7669604, 0, 41, 0, 0, 0.14%, 6, 0, 10, 0.00
1734405650, 7683618, 0, 41, 0, 0, 0.14%, 6, 0, 10, 0.00
1734405655, 7697169, 0, 41, 0, 0, 0.14%, 6, 0, 10, 0.00
1734405660, 7710696, 0, 41, 0, 0, 0.14%, 6, 0, 10, 0.00
1734405665, 7724221, 0, 41, 0, 0, 0.14%, 6, 0, 10, 0.00
1734405670, 7738259, 0, 41, 0, 0, 0.14%, 6, 0, 10, 0.00
1734405676, 7751811, 0, 41, 0, 0, 0.14%, 6, 0, 10, 0.00
1734405681, 7765269, 0, 41, 0, 0, 0.14%, 6, 0, 10, 0.00
1734405686, 7778818, 0, 41, 0, 0, 0.14%, 6, 0, 10, 0.00
1734405691, 7792323, 0, 41, 0, 0, 0.14%, 6, 0, 10, 0.00
1734405696, 7806858, 0, 41, 0, 0, 0.14%, 6, 0, 10, 0.00
1734405702, 7820369, 0, 41, 0, 0, 0.14%, 6, 0, 10, 0.00
1734405707, 7833893, 0, 41, 0, 0, 0.14%, 6, 0, 10, 0.00
1734405712, 7847404, 0, 41, 0, 0, 0.14%, 6, 0, 10, 0.00
1734405717, 7861460, 0, 41, 0, 0, 0.14%, 6, 0, 10, 0.00
1734405722, 7875000, 0, 41, 0, 0, 0.14%, 6, 0, 10, 0.00
1734405728, 7888512, 0, 41, 0, 0, 0.14%, 6, 0, 10, 0.00
1734405733, 7902080, 0, 41, 0, 0, 0.14%, 6, 0, 10, 0.00
1734405738, 7916142, 0, 41, 0, 0, 0.14%, 6, 0, 10, 0.00
1734405743, 7929681, 0, 41, 0, 0, 0.14%, 6, 0, 10, 0.00
1734405748, 7943212, 0, 41, 0, 0, 0.14%, 6, 0, 10, 0.00
1734405754, 7956728, 0, 41, 0, 0, 0.14%, 6, 0, 10, 0.00
1734405759, 7970232, 0, 41, 0, 0, 0.14%, 6, 0, 10, 0.00
1734405764, 7984029, 0, 41, 0, 0, 0.14%, 6, 0, 10, 0.00
1734405769, 7997872, 0, 41, 0, 0, 0.14%, 6, 0, 10, 0.00
1734405774, 8011375, 0, 41, 0, 0, 0.14%, 6, 0, 10, 0.00
1734405780, 8024846, 0, 41, 0, 0, 0.14%, 6, 0, 10, 0.00
1734405785, 8038374, 0, 41, 0, 0, 0.14%, 6, 0, 10, 0.00
1734405790, 8052966, 0, 41, 0, 0, 0.14%, 6, 0, 10, 0.00
1734405795, 8066464, 0, 41, 0, 0, 0.14%, 6, 0, 10, 0.00
1734405800, 8080038, 0, 41, 0, 0, 0.14%, 6, 0, 10, 0.00
1734405806, 8093595, 0, 41, 0, 0, 0.14%, 6, 0, 10, 0.00
1734405811, 8107113, 0, 41, 0, 0, 0.14%, 6, 0, 10, 0.00
1734405816, 8121156, 0, 41, 0, 0, 0.14%, 6, 0, 10, 0.00
1734405821, 8134653, 0, 41, 0, 0, 0.14%, 6, 0, 10, 0.00
1734405826, 8148698, 0, 41, 0, 0, 0.14%, 6, 0, 10, 0.00
1734405832, 8161715, 0, 41, 0, 0, 0.14%, 6, 0, 10, 0.00
1734405837, 8176257, 0, 41, 0, 0, 0.14%, 6, 0, 10, 0.00
1734405842, 8190392, 0, 41, 0, 0, 0.14%, 6, 0, 10, 0.00
1734405847, 8203949, 0, 41, 0, 0, 0.14%, 6, 0, 10, 0.00
1734405852, 8218584, 0, 41, 0, 0, 0.14%, 6, 0, 10, 0.00
1734405858, 8231586, 0, 41, 0, 0, 0.14%, 6, 0, 10, 0.00
1734405863, 8245682, 0, 41, 0, 0, 0.14%, 6, 0, 10, 0.00
1734405868, 8259213, 0, 41, 0, 0, 0.14%, 6, 0, 10, 0.00
1734405873, 8272758, 0, 41, 0, 0, 0.14%, 6, 0, 10, 0.00
1734405878, 8286423, 0, 41, 0, 0, 0.14%, 6, 0, 10, 0.00
1734405884, 8300377, 0, 41, 0, 0, 0.14%, 6, 0, 10, 0.00
1734405889, 8313901, 0, 41, 0, 0, 0.14%, 6, 0, 10, 0.00
1734405894, 8327905, 0, 41, 0, 0, 0.14%, 6, 0, 10, 0.00
1734405899, 8341405, 0, 41, 0, 0, 0.14%, 6, 0, 10, 0.00
1734405904, 8355367, 0, 41, 0, 0, 0.14%, 6, 0, 10, 0.00
1734405910, 8368861, 0, 41, 0, 0, 0.14%, 6, 0, 10, 0.00
1734405915, 8382362, 0, 41, 0, 0, 0.14%, 6, 0, 10, 0.00
1734405920, 8395924, 0, 41, 0, 0, 0.14%, 6, 0, 10, 0.00
1734405925, 8409608, 0, 41, 0, 0, 0.14%, 6, 0, 10, 0.00
1734405930, 8423452, 0, 41, 0, 0, 0.14%, 6, 0, 10, 0.00
1734405936, 8436956, 0, 41, 0, 0, 0.14%, 6, 0, 10, 0.00
1734405941, 8450488, 0, 41, 0, 0, 0.14%, 6, 0, 10, 0.00
1734405946, 8464019, 0, 41, 0, 0, 0.14%, 6, 0, 10, 0.00
1734405951, 8477533, 0, 41, 0, 0, 0.14%, 6, 0, 10, 0.00
1734405956, 8491567, 0, 41, 0, 0, 0.14%, 6, 0, 10, 0.00
1734405962, 8505169, 0, 41, 0, 0, 0.14%, 6, 0, 10, 0.00
1734405967, 8518676, 0, 41, 0, 0, 0.14%, 6, 0, 10, 0.00
1734405972, 8532206, 0, 41, 0, 0, 0.14%, 6, 0, 10, 0.00
1734405977, 8546732, 0, 41, 0, 0, 0.14%, 6, 0, 10, 0.00
1734405982, 8560247, 0, 41, 0, 0, 0.14%, 6, 0, 10, 0.00
1734405988, 8573785, 0, 41, 0, 0, 0.14%, 6, 0, 10, 0.00
1734405993, 8588333, 0, 41, 0, 0, 0.14%, 6, 0, 10, 0.00
1734405998, 8601366, 0, 41, 0, 0, 0.14%, 6, 0, 10, 0.00
1734406003, 8615383, 0, 41, 0, 0, 0.14%, 6, 0, 10, 0.00
1734406008, 8628922, 0, 41, 0, 0, 0.14%, 6, 0, 10, 0.00
1734406014, 8642447, 0, 41, 0, 0, 0.14%, 6, 0, 10, 0.00
1734406019, 8656013, 0, 41, 0, 0, 0.14%, 6, 0, 10, 0.00
1734406024, 8669541, 0, 41, 0, 0, 0.14%, 6, 0, 10, 0.00
1734406029, 8684140, 0, 41, 0, 0, 0.14%, 6, 0, 10, 0.00
1734406034, 8698138, 0, 41, 0, 0, 0.14%, 6, 0, 10, 0.00
1734406040, 8711717, 0, 41, 0, 0, 0.14%, 6, 0, 10, 0.00
1734406045, 8726322, 0, 41, 0, 0, 0.14%, 6, 0, 10, 0.00
1734406050, 8739877, 0, 41, 0, 0, 0.14%, 6, 0, 10, 0.00
1734406055, 8753420, 0, 41, 0, 0, 0.14%, 6, 0, 10, 0.00
1734406060, 8766986, 0, 41, 0, 0, 0.14%, 6, 0, 10, 0.00
1734406066, 8780529, 0, 41, 0, 0, 0.14%, 6, 0, 10, 0.00
1734406071, 8794570, 0, 41, 0, 0, 0.14%, 6, 0, 10, 0.00
1734406076, 8808147, 0, 41, 0, 0, 0.14%, 6, 0, 10, 0.00
1734406081, 8821685, 0, 41, 0, 0, 0.14%, 6, 0, 10, 0.00
1734406086, 8835648, 0, 41, 0, 0, 0.14%, 6, 0, 10, 0.00
1734406092, 8849612, 0, 41, 0, 0, 0.14%, 6, 0, 10, 0.00
1734406097, 8863177, 0, 41, 0, 0, 0.14%, 6, 0, 10, 0.00
1734406102, 8876731, 0, 41, 0, 0, 0.14%, 6, 0, 10, 0.00
1734406107, 8890258, 0, 41, 0, 0, 0.14%, 6, 0, 10, 0.00
1734406112, 8903784, 0, 41, 0, 0, 0.14%, 6, 0, 10, 0.00
1734406118, 8917318, 0, 41, 0, 0, 0.14%, 6, 0, 10, 0.00
1734406123, 8931881, 0, 41, 0, 0, 0.14%, 6, 0, 10, 0.00
1734406128, 8945435, 0, 41, 0, 0, 0.14%, 6, 0, 10, 0.00
1734406133, 8958986, 0, 41, 0, 0, 0.14%, 6, 0, 10, 0.00
1734406138, 8972556, 0, 41, 0, 0, 0.14%, 6, 0, 10, 0.00
1734406144, 8986095, 0, 41, 0, 0, 0.14%, 6, 0, 10, 0.00
1734406149, 8999636, 0, 41, 0, 0, 0.14%, 6, 0, 10, 0.00
1734406154, 9013248, 0, 41, 0, 0, 0.14%, 6, 0, 10, 0.00
1734406159, 9026818, 0, 41, 0, 0, 0.14%, 6, 0, 10, 0.00
1734406164, 9040319, 0, 41, 0, 0, 0.14%, 6, 0, 10, 0.00
1734406170, 9054398, 0, 41, 0, 0, 0.14%, 6, 0, 10, 0.00
1734406175, 9067953, 0, 41, 0, 0, 0.14%, 6, 0, 10, 0.00
1734406180, 9081465, 0, 41, 0, 0, 0.14%, 6, 0, 10, 0.00
1734406185, 9094992, 0, 41, 0, 0, 0.14%, 6, 0, 10, 0.00
1734406190, 9108484, 0, 41, 0, 0, 0.14%, 6, 0, 10, 0.00
1734406196, 9122557, 0, 41, 0, 0, 0.14%, 6, 0, 10, 0.00
1734406201, 9136116, 0, 41, 0, 0, 0.14%, 6, 0, 10, 0.00
1734406206, 9149648, 0, 41, 0, 0, 0.14%, 6, 0, 10, 0.00
1734406211, 9163724, 0, 41, 0, 0, 0.14%, 6, 0, 10, 0.00
1734406216, 9177264, 0, 41, 0, 0, 0.14%, 6, 0, 10, 0.00
1734406222, 9190821, 0, 41, 0, 0, 0.14%, 6, 0, 10, 0.00
1734406227, 9204888, 0, 41, 0, 0, 0.14%, 6, 0, 10, 0.00
1734406232, 9218442, 0, 41, 0, 0, 0.14%, 6, 0, 10, 0.00
1734406237, 9231925, 0, 41, 0, 0, 0.14%, 6, 0, 10, 0.00
1734406242, 9245929, 0, 41, 0, 0, 0.14%, 6, 0, 10, 0.00
1734406248, 9259392, 0, 41, 0, 0, 0.14%, 6, 0, 10, 0.00
1734406253, 9272854, 0, 41, 0, 0, 0.14%, 6, 0, 10, 0.00
1734406258, 9286373, 0, 41, 0, 0, 0.14%, 6, 0, 10, 0.00
1734406263, 9300986, 0, 41, 0, 0, 0.14%, 6, 0, 10, 0.00
1734406268, 9314581, 0, 41, 0, 0, 0.14%, 6, 0, 10, 0.00
1734406274, 9328096, 0, 41, 0, 0, 0.14%, 6, 0, 10, 0.00
1734406279, 9341618, 0, 41, 0, 0, 0.14%, 6, 0, 10, 0.00
1734406284, 9355133, 0, 41, 0, 0, 0.14%, 6, 0, 10, 0.00
1734406289, 9369228, 0, 41, 0, 0, 0.14%, 6, 0, 10, 0.00
1734406294, 9382769, 0, 41, 0, 0, 0.14%, 6, 0, 10, 0.00
1734406300, 9396296, 0, 41, 0, 0, 0.14%, 6, 0, 10, 0.00
1734406305, 9410021, 0, 41, 0, 0, 0.14%, 6, 0, 10, 0.00
1734406310, 9423948, 0, 41, 0, 0, 0.14%, 6, 0, 10, 0.00
1734406315, 9438464, 0, 41, 0, 0, 0.14%, 6, 0, 10, 0.00
1734406320, 9451966, 0, 41, 0, 0, 0.14%, 6, 0, 10, 0.00
1734406326, 9465467, 0, 41, 0, 0, 0.14%, 6, 0, 10, 0.00
1734406331, 9479483, 0, 41, 0, 0, 0.14%, 6, 0, 10, 0.00
1734406336, 9493512, 0, 41, 0, 0, 0.14%, 6, 0, 10, 0.00
1734406341, 9507050, 0, 41, 0, 0, 0.14%, 6, 0, 10, 0.00
1734406346, 9520568, 0, 41, 0, 0, 0.14%, 6, 0, 10, 0.00
1734406352, 9534087, 0, 41, 0, 0, 0.14%, 6, 0, 10, 0.00
1734406357, 9548080, 0, 41, 0, 0, 0.14%, 6, 0, 10, 0.00
1734406362, 9562150, 0, 41, 0, 0, 0.14%, 6, 0, 10, 0.00
1734406367, 9575692, 0, 41, 0, 0, 0.14%, 6, 0, 10, 0.00
1734406372, 9589765, 0, 41, 0, 0, 0.14%, 6, 0, 10, 0.00
1734406378, 9603262, 0, 41, 0, 0, 0.14%, 6, 0, 10, 0.00
1734406383, 9617292, 0, 41, 0, 0, 0.14%, 6, 0, 10, 0.00
1734406388, 9630773, 0, 41, 0, 0, 0.14%, 6, 0, 10, 0.00
1734406393, 9644287, 0, 41, 0, 0, 0.14%, 6, 0, 10, 0.00
1734406398, 9657765, 0, 41, 0, 0, 0.14%, 6, 0, 10, 0.00
1734406404, 9671359, 0, 41, 0, 0, 0.14%, 6, 0, 10, 0.00
1734406409, 9685380, 0, 41, 0, 0, 0.14%, 6, 0, 10, 0.00
1734406414, 9698917, 0, 41, 0, 0, 0.14%, 6, 0, 10, 0.00
1734406419, 9712492, 0, 41, 0, 0, 0.14%, 6, 0, 10, 0.00
1734406424, 9726566, 0, 41, 0, 0, 0.14%, 6, 0, 10, 0.00
1734406430, 9740551, 0, 41, 0, 0, 0.14%, 6, 0, 10, 0.00
1734406435, 9754049, 0, 41, 0, 0, 0.14%, 6, 0, 10, 0.00
1734406440, 9767574, 0, 41, 0, 0, 0.14%, 6, 0, 10, 0.00
1734406445, 9781616, 0, 41, 0, 0, 0.14%, 6, 0, 10, 0.00
1734406450, 9795140, 0, 41, 0, 0, 0.14%, 6, 0, 10, 0.00
1734406456, 9809718, 0, 41, 0, 0, 0.14%, 6, 0, 10, 0.00
1734406461, 9823222, 0, 41, 0, 0, 0.14%, 6, 0, 10, 0.00
1734406466, 9836738, 0, 41, 0, 0, 0.14%, 6, 0, 10, 0.00
1734406471, 9850790, 0, 41, 0, 0, 0.14%, 6, 0, 10, 0.00
1734406476, 9864105, 0, 41, 0, 0, 0.14%, 6, 0, 10, 0.00
1734406482, 9877838, 0, 41, 0, 0, 0.14%, 6, 0, 10, 0.00
1734406487, 9891342, 0, 41, 0, 0, 0.14%, 6, 0, 10, 0.00
1734406492, 9904851, 0, 41, 0, 0, 0.14%, 6, 0, 10, 0.00
1734406497, 9918934, 0, 41, 0, 0, 0.14%, 6, 0, 10, 0.00
1734406502, 9932968, 0, 41, 0, 0, 0.14%, 6, 0, 10, 0.00
1734406508, 9946975, 0, 41, 0, 0, 0.14%, 6, 0, 10, 0.00
1734406513, 9960517, 0, 41, 0, 0, 0.14%, 6, 0, 10, 0.00
1734406518, 9974082, 0, 41, 0, 0, 0.14%, 6, 0, 10, 0.00
1734406523, 9988130, 0, 41, 0, 0, 0.14%, 6, 0, 10, 0.00
1734406528, 10001647, 0, 41, 0, 0, 0.14%, 6, 0, 10, 0.00
1734406534, 10015123, 0, 41, 0, 0, 0.14%, 6, 0, 10, 0.00
1734406539, 10028685, 0, 41, 0, 0, 0.14%, 6, 0, 10, 0.00
1734406544, 10041633, 0, 41, 0, 0, 0.14%, 6, 0, 10, 0.00
1734406549, 10055699, 0, 41, 0, 0, 0.14%, 6, 0, 10, 0.00
1734406554, 10069755, 0, 41, 0, 0, 0.14%, 6, 0, 10, 0.00
1734406560, 10083325, 0, 41, 0, 0, 0.14%, 6, 0, 10, 0.00
1734406565, 10097308, 0, 41, 0, 0, 0.14%, 6, 0, 10, 0.00
1734406570, 10110873, 0, 41, 0, 0, 0.14%, 6, 0, 10, 0.00
1734406575, 10124931, 0, 41, 0, 0, 0.14%, 6, 0, 10, 0.00
1734406580, 10138454, 0, 41, 0, 0, 0.14%, 6, 0, 10, 0.00
1734406586, 10152015, 0, 41, 0, 0, 0.14%, 6, 0, 10, 0.00
1734406591, 10165495, 0, 41, 0, 0, 0.14%, 6, 0, 10, 0.00
1734406596, 10179602, 0, 41, 0, 0, 0.14%, 6, 0, 10, 0.00
1734406601, 10193174, 0, 41, 0, 0, 0.14%, 6, 0, 10, 0.00
1734406606, 10206724, 0, 41, 0, 0, 0.14%, 6, 0, 10, 0.00
1734406612, 10220241, 0, 41, 0, 0, 0.14%, 6, 0, 10, 0.00
1734406617, 10233823, 0, 41, 0, 0, 0.14%, 6, 0, 10, 0.00
1734406622, 10247916, 0, 41, 0, 0, 0.14%, 6, 0, 10, 0.00
1734406627, 10261507, 0, 41, 0, 0, 0.14%, 6, 0, 10, 0.00
1734406632, 10275022, 0, 41, 0, 0, 0.14%, 6, 0, 10, 0.00
1734406638, 10288574, 0, 41, 0, 0, 0.14%, 6, 0, 10, 0.00
1734406643, 10302588, 0, 41, 0, 0, 0.14%, 6, 0, 10, 0.00
1734406648, 10316623, 0, 41, 0, 0, 0.14%, 6, 0, 10, 0.00
1734406653, 10330178, 0, 41, 0, 0, 0.14%, 6, 0, 10, 0.00
1734406658, 10343802, 0, 41, 0, 0, 0.14%, 6, 0, 10, 0.00
1734406664, 10357818, 0, 41, 0, 0, 0.14%, 6, 0, 10, 0.00
1734406669, 10371320, 0, 41, 0, 0, 0.14%, 6, 0, 10, 0.00
1734406674, 10384905, 0, 41, 0, 0, 0.14%, 6, 0, 10, 0.00
1734406679, 10398474, 0, 41, 0, 0, 0.14%, 6, 0, 10, 0.00
1734406684, 10412074, 0, 41, 0, 0, 0.14%, 6, 0, 10, 0.00
1734406690, 10426073, 0, 41, 0, 0, 0.14%, 6, 0, 10, 0.00
1734406695, 10440083, 0, 41, 0, 0, 0.14%, 6, 0, 10, 0.00
1734406700, 10454188, 0, 41, 0, 0, 0.14%, 6, 0, 10, 0.00
1734406705, 10467692, 0, 41, 0, 0, 0.14%, 6, 0, 10, 0.00
1734406710, 10481292, 0, 41, 0, 0, 0.14%, 6, 0, 10, 0.00
1734406716, 10495354, 0, 41, 0, 0, 0.14%, 6, 0, 10, 0.00
1734406721, 10508908, 0, 41, 0, 0, 0.14%, 6, 0, 10, 0.00
1734406726, 10522425, 0, 41, 0, 0, 0.14%, 6, 0, 10, 0.00
1734406731, 10536001, 0, 41, 0, 0, 0.14%, 6, 0, 10, 0.00
1734406736, 10549511, 0, 41, 0, 0, 0.14%, 6, 0, 10, 0.00
1734406742, 10563582, 0, 41, 0, 0, 0.14%, 6, 0, 10, 0.00
1734406747, 10577629, 0, 41, 0, 0, 0.14%, 6, 0, 10, 0.00
1734406752, 10591180, 0, 41, 0, 0, 0.14%, 6, 0, 10, 0.00
1734406757, 10605245, 0, 41, 0, 0, 0.14%, 6, 0, 10, 0.00
1734406762, 10619257, 0, 41, 0, 0, 0.14%, 6, 0, 10, 0.00
1734406768, 10632777, 0, 41, 0, 0, 0.14%, 6, 0, 10, 0.00
1734406773, 10646351, 0, 41, 0, 0, 0.14%, 6, 0, 10, 0.00
1734406778, 10659876, 0, 41, 0, 0, 0.14%, 6, 0, 10, 0.00
1734406783, 10673389, 0, 41, 0, 0, 0.14%, 6, 0, 10, 0.00
1734406788, 10687445, 0, 41, 0, 0, 0.14%, 6, 0, 10, 0.00
1734406794, 10700995, 0, 41, 0, 0, 0.14%, 6, 0, 10, 0.00
1734406799, 10714540, 0, 41, 0, 0, 0.14%, 6, 0, 10, 0.00
1734406804, 10728564, 0, 41, 0, 0, 0.14%, 6, 0, 10, 0.00
1734406809, 10741855, 0, 41, 0, 0, 0.14%, 6, 0, 10, 0.00
1734406814, 10755604, 0, 41, 0, 0, 0.14%, 6, 0, 10, 0.00
1734406820, 10769133, 0, 41, 0, 0, 0.14%, 6, 0, 10, 0.00
1734406825, 10782676, 0, 41, 0, 0, 0.14%, 6, 0, 10, 0.00
1734406830, 10796732, 0, 41, 0, 0, 0.14%, 6, 0, 10, 0.00
1734406835, 10810253, 0, 41, 0, 0, 0.14%, 6, 0, 10, 0.00
1734406840, 10823746, 0, 41, 0, 0, 0.14%, 6, 0, 10, 0.00
1734406846, 10837291, 0, 41, 0, 0, 0.14%, 6, 0, 10, 0.00
1734406851, 10850803, 0, 41, 0, 0, 0.14%, 6, 0, 10, 0.00
1734406856, 10864681, 0, 41, 0, 0, 0.14%, 6, 0, 10, 0.00
1734406861, 10878401, 0, 41, 0, 0, 0.14%, 6, 0, 10, 0.00
1734406866, 10891938, 0, 41, 0, 0, 0.14%, 6, 0, 10, 0.00
1734406872, 10905426, 0, 41, 0, 0, 0.14%, 6, 0, 10, 0.00
1734406877, 10918874, 0, 41, 0, 0, 0.14%, 6, 0, 10, 0.00
1734406882, 10932906, 0, 41, 0, 0, 0.14%, 6, 0, 10, 0.00
1734406887, 10946943, 0, 41, 0, 0, 0.14%, 6, 0, 10, 0.00
1734406892, 10960452, 0, 41, 0, 0, 0.14%, 6, 0, 10, 0.00
1734406898, 10974476, 0, 41, 0, 0, 0.14%, 6, 0, 10, 0.00
1734406903, 10987962, 0, 41, 0, 0, 0.14%, 6, 0, 10, 0.00
1734406908, 11002034, 0, 41, 0, 0, 0.14%, 6, 0, 10, 0.00
1734406913, 11015601, 0, 41, 0, 0, 0.14%, 6, 0, 10, 0.00
1734406918, 11029148, 0, 41, 0, 0, 0.14%, 6, 0, 10, 0.00
1734406924, 11043196, 0, 41, 0, 0, 0.14%, 6, 0, 10, 0.00
1734406929, 11056716, 0, 41, 0, 0, 0.14%, 6, 0, 10, 0.00
1734406934, 11070289, 0, 41, 0, 0, 0.14%, 6, 0, 10, 0.00
1734406939, 11083805, 0, 41, 0, 0, 0.14%, 6, 0, 10, 0.00
1734406944, 11097260, 0, 41, 0, 0, 0.14%, 6, 0, 10, 0.00
1734406950, 11110812, 0, 41, 0, 0, 0.14%, 6, 0, 10, 0.00
1734406955, 11124836, 0, 41, 0, 0, 0.14%, 6, 0, 10, 0.00
1734406960, 11138327, 0, 41, 0, 0, 0.14%, 6, 0, 10, 0.00
1734406965, 11151820, 0, 41, 0, 0, 0.14%, 6, 0, 10, 0.00
1734406970, 11165587, 0, 41, 0, 0, 0.14%, 6, 0, 10, 0.00
1734406976, 11179435, 0, 41, 0, 0, 0.14%, 6, 0, 10, 0.00
1734406981, 11193433, 0, 41, 0, 0, 0.14%, 6, 0, 10, 0.00
1734406986, 11206972, 0, 41, 0, 0, 0.14%, 6, 0, 10, 0.00
1734406991, 11220498, 0, 41, 0, 0, 0.14%, 6, 0, 10, 0.00
1734406996, 11234004, 0, 41, 0, 0, 0.14%, 6, 0, 10, 0.00
1734407002, 11248087, 0, 41, 0, 0, 0.14%, 6, 0, 10, 0.00
1734407007, 11261570, 0, 41, 0, 0, 0.14%, 6, 0, 10, 0.00
1734407012, 11275069, 0, 41, 0, 0, 0.14%, 6, 0, 10, 0.00
1734407017, 11288575, 0, 41, 0, 0, 0.14%, 6, 0, 10, 0.00
1734407022, 11302642, 0, 41, 0, 0, 0.14%, 6, 0, 10, 0.00
1734407028, 11316206, 0, 41, 0, 0, 0.14%, 6, 0, 10, 0.00
1734407033, 11330238, 0, 41, 0, 0, 0.14%, 6, 0, 10, 0.00
1734407038, 11343749, 0, 41, 0, 0, 0.14%, 6, 0, 10, 0.00
1734407043, 11357750, 0, 41, 0, 0, 0.14%, 6, 0, 10, 0.00
1734407048, 11371824, 0, 41, 0, 0, 0.14%, 6, 0, 10, 0.00
1734407054, 11385340, 0, 41, 0, 0, 0.14%, 6, 0, 10, 0.00
1734407059, 11398899, 0, 41, 0, 0, 0.14%, 6, 0, 10, 0.00
1734407064, 11412371, 0, 41, 0, 0, 0.14%, 6, 0, 10, 0.00
1734407069, 11425873, 0, 41, 0, 0, 0.14%, 6, 0, 10, 0.00
1734407074, 11439906, 0, 41, 0, 0, 0.14%, 6, 0, 10, 0.00
1734407080, 11453407, 0, 41, 0, 0, 0.14%, 6, 0, 10, 0.00
1734407085, 11466956, 0, 41, 0, 0, 0.14%, 6, 0, 10, 0.00
1734407090, 11481543, 0, 41, 0, 0, 0.14%, 6, 0, 10, 0.00
1734407095, 11495080, 0, 41, 0, 0, 0.14%, 6, 0, 10, 0.00
1734407100, 11508589, 0, 41, 0, 0, 0.14%, 6, 0, 10, 0.00
1734407106, 11522153, 0, 41, 0, 0, 0.14%, 6, 0, 10, 0.00
1734407111, 11535676, 0, 41, 0, 0, 0.14%, 6, 0, 10, 0.00
1734407116, 11549695, 0, 41, 0, 0, 0.14%, 6, 0, 10, 0.00
1734407121, 11563265, 0, 41, 0, 0, 0.14%, 6, 0, 10, 0.00
1734407126, 11576822, 0, 41, 0, 0, 0.14%, 6, 0, 10, 0.00
1734407132, 11590358, 0, 41, 0, 0, 0.14%, 6, 0, 10, 0.00
1734407137, 11603958, 0, 41, 0, 0, 0.14%, 6, 0, 10, 0.00
1734407142, 11617978, 0, 41, 0, 0, 0.14%, 6, 0, 10, 0.00
1734407147, 11631546, 0, 41, 0, 0, 0.14%, 6, 0, 10, 0.00
1734407152, 11645062, 0, 41, 0, 0, 0.14%, 6, 0, 10, 0.00
1734407158, 11658606, 0, 41, 0, 0, 0.14%, 6, 0, 10, 0.00
1734407163, 11672167, 0, 41, 0, 0, 0.14%, 6, 0, 10, 0.00
1734407168, 11686192, 0, 41, 0, 0, 0.14%, 6, 0, 10, 0.00
1734407173, 11700187, 0, 41, 0, 0, 0.14%, 6, 0, 10, 0.00
1734407178, 11714221, 0, 41, 0, 0, 0.14%, 6, 0, 10, 0.00
1734407184, 11727786, 0, 41, 0, 0, 0.14%, 6, 0, 10, 0.00
1734407189, 11741703, 0, 41, 0, 0, 0.14%, 6, 0, 10, 0.00
1734407194, 11755369, 0, 41, 0, 0, 0.14%, 6, 0, 10, 0.00
1734407199, 11768873, 0, 41, 0, 0, 0.14%, 6, 0, 10, 0.00
1734407204, 11782384, 0, 41, 0, 0, 0.14%, 6, 0, 10, 0.00
1734407210, 11796396, 0, 41, 0, 0, 0.14%, 6, 0, 10, 0.00
1734407215, 11809885, 0, 41, 0, 0, 0.14%, 6, 0, 10, 0.00
1734407220, 11824439, 0, 41, 0, 0, 0.14%, 6, 0, 10, 0.00
1734407225, 11837992, 0, 41, 0, 0, 0.14%, 6, 0, 10, 0.00
1734407230, 11851493, 0, 41, 0, 0, 0.14%, 6, 0, 10, 0.00
1734407236, 11865525, 0, 41, 0, 0, 0.14%, 6, 0, 10, 0.00
1734407241, 11879565, 0, 41, 0, 0, 0.14%, 6, 0, 10, 0.00
1734407246, 11893093, 0, 41, 0, 0, 0.14%, 6, 0, 10, 0.00
1734407251, 11906679, 0, 41, 0, 0, 0.14%, 6, 0, 10, 0.00
1734407256, 11920758, 0, 41, 0, 0, 0.14%, 6, 0, 10, 0.00
1734407262, 11934247, 0, 41, 0, 0, 0.14%, 6, 0, 10, 0.00
1734407267, 11947707, 0, 41, 0, 0, 0.14%, 6, 0, 10, 0.00
1734407272, 11961248, 0, 41, 0, 0, 0.14%, 6, 0, 10, 0.00
1734407277, 11975290, 0, 41, 0, 0, 0.14%, 6, 0, 10, 0.00
1734407282, 11988795, 0, 41, 0, 0, 0.14%, 6, 0, 10, 0.00
1734407288, 12002805, 0, 41, 0, 0, 0.14%, 6, 0, 10, 0.00
1734407293, 12016308, 0, 41, 0, 0, 0.14%, 6, 0, 10, 0.00
1734407298, 12029801, 0, 41, 0, 0, 0.14%, 6, 0, 10, 0.00
1734407303, 12043315, 0, 41, 0, 0, 0.14%, 6, 0, 10, 0.00
1734407308, 12057358, 0, 41, 0, 0, 0.14%, 6, 0, 10, 0.00
1734407314, 12070902, 0, 41, 0, 0, 0.14%, 6, 0, 10, 0.00
1734407319, 12084923, 0, 41, 0, 0, 0.14%, 6, 0, 10, 0.00
1734407324, 12098383, 0, 41, 0, 0, 0.14%, 6, 0, 10, 0.00
1734407329, 12112389, 0, 41, 0, 0, 0.14%, 6, 0, 10, 0.00
1734407334, 12126451, 0, 41, 0, 0, 0.14%, 6, 0, 10, 0.00
1734407340, 12139989, 0, 41, 0, 0, 0.14%, 6, 0, 10, 0.00
1734407345, 12153529, 0, 41, 0, 0, 0.14%, 6, 0, 10, 0.00
1734407350, 12167043, 0, 41, 0, 0, 0.14%, 6, 0, 10, 0.00
1734407355, 12180671, 0, 41, 0, 0, 0.14%, 6, 0, 10, 0.00
1734407360, 12194492, 0, 41, 0, 0, 0.14%, 6, 0, 10, 0.00
1734407366, 12208517, 0, 41, 0, 0, 0.14%, 6, 0, 10, 0.00
1734407371, 12221999, 0, 41, 0, 0, 0.14%, 6, 0, 10, 0.00
1734407376, 12236042, 0, 41, 0, 0, 0.14%, 6, 0, 10, 0.00
1734407381, 12250117, 0, 41, 0, 0, 0.14%, 6, 0, 10, 0.00
1734407386, 12263666, 0, 41, 0, 0, 0.14%, 6, 0, 10, 0.00
1734407392, 12277236, 0, 41, 0, 0, 0.14%, 6, 0, 10, 0.00
1734407397, 12290753, 0, 41, 0, 0, 0.14%, 6, 0, 10, 0.00
1734407402, 12304265, 0, 41, 0, 0, 0.14%, 6, 0, 10, 0.00
1734407407, 12318278, 0, 41, 0, 0, 0.14%, 6, 0, 10, 0.00
1734407412, 12331795, 0, 41, 0, 0, 0.14%, 6, 0, 10, 0.00
1734407418, 12345344, 0, 41, 0, 0, 0.14%, 6, 0, 10, 0.00
1734407423, 12359347, 0, 41, 0, 0, 0.14%, 6, 0, 10, 0.00
1734407428, 12373393, 0, 41, 0, 0, 0.14%, 6, 0, 10, 0.00
1734407433, 12386877, 0, 41, 0, 0, 0.14%, 6, 0, 10, 0.00
1734407438, 12400401, 0, 41, 0, 0, 0.14%, 6, 0, 10, 0.00
1734407444, 12413889, 0, 41, 0, 0, 0.14%, 6, 0, 10, 0.00
1734407449, 12427969, 0, 41, 0, 0, 0.14%, 6, 0, 10, 0.00
1734407454, 12441463, 0, 41, 0, 0, 0.14%, 6, 0, 10, 0.00
1734407459, 12454947, 0, 41, 0, 0, 0.14%, 6, 0, 10, 0.00
1734407464, 12468998, 0, 41, 0, 0, 0.14%, 6, 0, 10, 0.00
1734407470, 12483042, 0, 41, 0, 0, 0.14%, 6, 0, 10, 0.00
1734407475, 12496603, 0, 41, 0, 0, 0.14%, 6, 0, 10, 0.00
1734407480, 12510132, 0, 41, 0, 0, 0.14%, 6, 0, 10, 0.00
1734407485, 12524172, 0, 41, 0, 0, 0.14%, 6, 0, 10, 0.00
1734407490, 12537652, 0, 41, 0, 0, 0.14%, 6, 0, 10, 0.00
1734407496, 12551712, 0, 41, 0, 0, 0.14%, 6, 0, 10, 0.00
1734407501, 12565284, 0, 41, 0, 0, 0.14%, 6, 0, 10, 0.00
1734407506, 12578805, 0, 41, 0, 0, 0.14%, 6, 0, 10, 0.00
1734407511, 12592343, 0, 41, 0, 0, 0.14%, 6, 0, 10, 0.00
1734407516, 12605846, 0, 41, 0, 0, 0.14%, 6, 0, 10, 0.00
1734407522, 12619935, 0, 41, 0, 0, 0.14%, 6, 0, 10, 0.00
1734407527, 12634044, 0, 41, 0, 0, 0.14%, 6, 0, 10, 0.00
1734407532, 12647588, 0, 41, 0, 0, 0.14%, 6, 0, 10, 0.00
1734407537, 12661119, 0, 41, 0, 0, 0.14%, 6, 0, 10, 0.00
1734407542, 12674665, 0, 41, 0, 0, 0.14%, 6, 0, 10, 0.00
1734407548, 12688701, 0, 41, 0, 0, 0.14%, 6, 0, 10, 0.00
1734407553, 12702176, 0, 41, 0, 0, 0.14%, 6, 0, 10, 0.00
1734407558, 12716241, 0, 41, 0, 0, 0.14%, 6, 0, 10, 0.00
1734407563, 12729767, 0, 41, 0, 0, 0.14%, 6, 0, 10, 0.00
1734407568, 12744321, 0, 41, 0, 0, 0.14%, 6, 0, 10, 0.00
1734407574, 12757803, 0, 41, 0, 0, 0.14%, 6, 0, 10, 0.00
1734407579, 12771310, 0, 41, 0, 0, 0.14%, 6, 0, 10, 0.00
1734407584, 12784803, 0, 41, 0, 0, 0.14%, 6, 0, 10, 0.00
1734407589, 12798299, 0, 41, 0, 0, 0.14%, 6, 0, 10, 0.00
1734407594, 12812333, 0, 41, 0, 0, 0.14%, 6, 0, 10, 0.00
1734407600, 12825871, 0, 41, 0, 0, 0.14%, 6, 0, 10, 0.00
1734407605, 12839435, 0, 41, 0, 0, 0.14%, 6, 0, 10, 0.00
1734407610, 12853468, 0, 41, 0, 0, 0.14%, 6, 0, 10, 0.00
1734407615, 12866880, 0, 41, 0, 0, 0.14%, 6, 0, 10, 0.00
1734407620, 12880517, 0, 41, 0, 0, 0.14%, 6, 0, 10, 0.00
1734407626, 12894073, 0, 41, 0, 0, 0.14%, 6, 0, 10, 0.00
1734407631, 12907639, 0, 41, 0, 0, 0.14%, 6, 0, 10, 0.00
1734407636, 12921726, 0, 41, 0, 0, 0.14%, 6, 0, 10, 0.00
1734407641, 12935228, 0, 41, 0, 0, 0.14%, 6, 0, 10, 0.00
1734407646, 12948834, 0, 41, 0, 0, 0.14%, 6, 0, 10, 0.00
1734407652, 12962348, 0, 41, 0, 0, 0.14%, 6, 0, 10, 0.00
1734407657, 12975825, 0, 41, 0, 0, 0.14%, 6, 0, 10, 0.00
1734407662, 12990335, 0, 41, 0, 0, 0.14%, 6, 0, 10, 0.00
1734407667, 13003902, 0, 41, 0, 0, 0.14%, 6, 0, 10, 0.00
1734407672, 13017456, 0, 41, 0, 0, 0.14%, 6, 0, 10, 0.00
1734407678, 13030976, 0, 41, 0, 0, 0.14%, 6, 0, 10, 0.00
1734407683, 13044490, 0, 41, 0, 0, 0.14%, 6, 0, 10, 0.00
1734407688, 13058509, 0, 41, 0, 0, 0.14%, 6, 0, 10, 0.00
1734407693, 13071997, 0, 41, 0, 0, 0.14%, 6, 0, 10, 0.00
1734407698, 13085552, 0, 41, 0, 0, 0.14%, 6, 0, 10, 0.00
1734407704, 13099583, 0, 41, 0, 0, 0.14%, 6, 0, 10, 0.00
1734407709, 13113132, 0, 41, 0, 0, 0.14%, 6, 0, 10, 0.00
1734407714, 13127203, 0, 41, 0, 0, 0.14%, 6, 0, 10, 0.00
1734407719, 13140712, 0, 41, 0, 0, 0.14%, 6, 0, 10, 0.00
1734407724, 13154262, 0, 41, 0, 0, 0.14%, 6, 0, 10, 0.00
1734407730, 13168356, 0, 41, 0, 0, 0.14%, 6, 0, 10, 0.00
1734407735, 13181884, 0, 41, 0, 0, 0.14%, 6, 0, 10, 0.00
1734407740, 13196401, 0, 41, 0, 0, 0.14%, 6, 0, 10, 0.00
1734407745, 13209928, 0, 41, 0, 0, 0.14%, 6, 0, 10, 0.00
1734407750, 13223959, 0, 41, 0, 0, 0.14%, 6, 0, 10, 0.00
1734407756, 13236936, 0, 41, 0, 0, 0.14%, 6, 0, 10, 0.00
1734407761, 13251040, 0, 41, 0, 0, 0.14%, 6, 0, 10, 0.00
1734407766, 13264631, 0, 41, 0, 0, 0.14%, 6, 0, 10, 0.00
1734407771, 13278100, 0, 41, 0, 0, 0.14%, 6, 0, 10, 0.00
1734407776, 13292153, 0, 41, 0, 0, 0.14%, 6, 0, 10, 0.00
1734407782, 13305655, 0, 41, 0, 0, 0.14%, 6, 0, 10, 0.00
1734407787, 13319155, 0, 41, 0, 0, 0.14%, 6, 0, 10, 0.00
1734407792, 13332671, 0, 41, 0, 0, 0.14%, 6, 0, 10, 0.00
1734407797, 13346738, 0, 41, 0, 0, 0.14%, 6, 0, 10, 0.00
1734407802, 13360252, 0, 41, 0, 0, 0.14%, 6, 0, 10, 0.00
1734407808, 13374300, 0, 41, 0, 0, 0.14%, 6, 0, 10, 0.00
1734407813, 13387874, 0, 41, 0, 0, 0.14%, 6, 0, 10, 0.00
1734407818, 13401365, 0, 41, 0, 0, 0.14%, 6, 0, 10, 0.00
