# unix_time, cycles_done, cur_path, paths_total, pending_total, pending_favs, map_size, unique_crashes, unique_hangs, max_depth, execs_per_sec
1735687317, 0, 0, 10, 10, 1, 0.01%, 0, 0, 1, 38.11
1735687322, 0, 7, 10, 10, 1, 0.01%, 0, 0, 1, 39.14
1735687337, 1, 0, 10, 7, 0, 0.01%, 0, 0, 1, 44.17
1735687343, 1, 1, 10, 6, 0, 0.01%, 0, 0, 1, 45.58
1735687348, 1, 2, 10, 5, 0, 0.01%, 0, 0, 1, 44.89
1735687353, 1, 3, 10, 4, 0, 0.01%, 0, 0, 1, 49.72
1735687358, 1, 4, 10, 3, 0, 0.01%, 0, 0, 1, 47.96
1735687363, 1, 5, 10, 2, 0, 0.01%, 0, 0, 1, 50.80
1735687373, 1, 6, 10, 1, 0, 0.01%, 0, 0, 1, 46.85
1735687378, 1, 7, 10, 0, 0, 0.01%, 0, 0, 1, 45.83
1735687383, 1, 8, 10, 0, 0, 0.01%, 0, 0, 1, 46.88
1735687388, 1, 9, 10, 0, 0, 0.01%, 0, 0, 1, 49.39
1735687394, 2, 0, 10, 0, 0, 0.01%, 0, 0, 1, 49.49
1735687399, 2, 1, 10, 0, 0, 0.01%, 0, 0, 1, 47.57
1735687404, 2, 2, 10, 0, 0, 0.01%, 0, 0, 1, 45.09
1735687409, 2, 3, 10, 0, 0, 0.01%, 0, 0, 1, 45.24
1735687414, 2, 4, 10, 0, 0, 0.01%, 0, 0, 1, 45.94
1735687419, 2, 5, 10, 0, 0, 0.01%, 0, 0, 1, 46.51
1735687429, 2, 6, 10, 0, 0, 0.01%, 0, 0, 1, 50.66
1735687434, 2, 7, 10, 0, 0, 0.01%, 0, 0, 1, 44.05
1735687439, 2, 8, 10, 0, 0, 0.01%, 0, 0, 1, 44.02
1735687444, 2, 9, 10, 0, 0, 0.01%, 0, 0, 1, 44.26
1735687449, 3, 0, 10, 0, 0, 0.01%, 0, 0, 1, 44.42
1735687454, 3, 1, 10, 0, 0, 0.01%, 0, 0, 1, 46.73
1735687459, 3, 2, 10, 0, 0, 0.01%, 0, 0, 1, 45.71
1735687464, 3, 3, 10, 0, 0, 0.01%, 0, 0, 1, 45.02
1735687475, 3, 4, 10, 0, 0, 0.01%, 0, 0, 1, 46.09
1735687480, 3, 5, 10, 0, 0, 0.01%, 0, 0, 1, 45.57
1735687485, 3, 6, 10, 0, 0, 0.01%, 0, 0, 1, 46.82
1735687490, 3, 7, 10, 0, 0, 0.01%, 0, 0, 1, 47.70
1735687495, 3, 8, 10, 0, 0, 0.01%, 0, 0, 1, 45.20
1735687500, 3, 9, 10, 0, 0, 0.01%, 0, 0, 1, 43.02
1735687505, 4, 0, 10, 0, 0, 0.01%, 0, 0, 1, 45.32
1735687510, 4, 1, 10, 0, 0, 0.01%, 0, 0, 1, 44.57
1735687515, 4, 2, 10, 0, 0, 0.01%, 0, 0, 1, 46.21
1735687525, 4, 3, 10, 0, 0, 0.01%, 0, 0, 1, 49.60
1735687530, 4, 4, 10, 0, 0, 0.01%, 0, 0, 1, 45.47
1735687536, 4, 5, 10, 0, 0, 0.01%, 0, 0, 1, 47.42
1735687541, 4, 6, 10, 0, 0, 0.01%, 0, 0, 1, 46.13
1735687546, 4, 7, 10, 0, 0, 0.01%, 0, 0, 1, 46.93
1735687551, 4, 8, 10, 0, 0, 0.01%, 0, 0, 1, 44.11
1735687556, 4, 9, 10, 0, 0, 0.01%, 0, 0, 1, 45.56
1735687561, 5, 0, 10, 0, 0, 0.01%, 0, 0, 1, 44.28
1735687566, 5, 1, 10, 0, 0, 0.01%, 0, 0, 1, 42.74
1735687576, 5, 2, 10, 0, 0, 0.01%, 0, 0, 1, 45.57
1735687581, 5, 3, 10, 0, 0, 0.01%, 0, 0, 1, 45.57
1735687586, 5, 4, 10, 0, 0, 0.01%, 0, 0, 1, 47.57
1735687592, 5, 5, 10, 0, 0, 0.01%, 0, 0, 1, 45.97
1735687597, 5, 6, 10, 0, 0, 0.01%, 0, 0, 1, 47.57
1735687602, 5, 7, 10, 0, 0, 0.01%, 0, 0, 1, 44.63
1735687607, 5, 8, 10, 0, 0, 0.01%, 0, 0, 1, 46.80
1735687612, 5, 9, 10, 0, 0, 0.01%, 0, 0, 1, 44.95
1735687617, 6, 0, 10, 0, 0, 0.01%, 0, 0, 1, 45.13
1735687627, 6, 1, 10, 0, 0, 0.01%, 0, 0, 1, 44.43
1735687632, 6, 2, 10, 0, 0, 0.01%, 0, 0, 1, 47.53
1735687637, 6, 3, 10, 0, 0, 0.01%, 0, 0, 1, 43.40
1735687642, 6, 4, 10, 0, 0, 0.01%, 0, 0, 1, 45.35
1735687647, 6, 5, 10, 0, 0, 0.01%, 0, 0, 1, 44.86
1735687652, 6, 6, 10, 0, 0, 0.01%, 0, 0, 1, 46.89
1735687657, 6, 7, 10, 0, 0, 0.01%, 0, 0, 1, 46.36
1735687663, 6, 8, 10, 0, 0, 0.01%, 0, 0, 1, 46.86
1735687668, 6, 9, 10, 0, 0, 0.01%, 0, 0, 1, 44.86
1735687673, 7, 0, 10, 0, 0, 0.01%, 0, 0, 1, 44.72
1735687683, 7, 1, 10, 0, 0, 0.01%, 0, 0, 1, 42.34
1735687688, 7, 2, 10, 0, 0, 0.01%, 0, 0, 1, 45.34
1735687693, 7, 3, 10, 0, 0, 0.01%, 0, 0, 1, 44.99
1735687698, 7, 4, 10, 0, 0, 0.01%, 0, 0, 1, 45.87
1735687703, 7, 5, 10, 0, 0, 0.01%, 0, 0, 1, 46.38
1735687708, 7, 6, 10, 0, 0, 0.01%, 0, 0, 1, 47.38
1735687714, 7, 7, 10, 0, 0, 0.01%, 0, 0, 1, 44.52
1735687719, 7, 8, 10, 0, 0, 0.01%, 0, 0, 1, 44.18
1735687729, 7, 9, 10, 0, 0, 0.01%, 0, 0, 1, 45.57
1735687734, 8, 0, 10, 0, 0, 0.01%, 0, 0, 1, 44.41
1735687739, 8, 1, 10, 0, 0, 0.01%, 0, 0, 1, 43.36
1735687744, 8, 2, 10, 0, 0, 0.01%, 0, 0, 1, 45.69
1735687749, 8, 3, 10, 0, 0, 0.01%, 0, 0, 1, 43.69
1735687754, 8, 4, 10, 0, 0, 0.01%, 0, 0, 1, 45.67
1735687759, 8, 5, 10, 0, 0, 0.01%, 0, 0, 1, 47.18
1735687764, 8, 6, 10, 0, 0, 0.01%, 0, 0, 1, 44.32
1735687770, 8, 7, 10, 0, 0, 0.01%, 0, 0, 1, 45.64
1735687780, 8, 8, 10, 0, 0, 0.01%, 0, 0, 1, 46.26
1735687785, 8, 9, 10, 0, 0, 0.01%, 0, 0, 1, 45.38
1735687790, 9, 0, 10, 0, 0, 0.01%, 0, 0, 1, 45.87
1735687795, 9, 1, 10, 0, 0, 0.01%, 0, 0, 1, 45.66
1735687800, 9, 2, 10, 0, 0, 0.01%, 0, 0, 1, 44.81
1735687805, 9, 3, 10, 0, 0, 0.01%, 0, 0, 1, 44.69
1735687810, 9, 4, 10, 0, 0, 0.01%, 0, 0, 1, 45.98
1735687815, 9, 5, 10, 0, 0, 0.01%, 0, 0, 1, 44.19
1735687820, 9, 6, 10, 0, 0, 0.01%, 0, 0, 1, 43.68
1735687830, 9, 7, 10, 0, 0, 0.01%, 0, 0, 1, 45.25
1735687835, 9, 8, 10, 0, 0, 0.01%, 0, 0, 1, 45.18
1735687841, 9, 9, 10, 0, 0, 0.01%, 0, 0, 1, 44.37
1735687846, 10, 0, 10, 0, 0, 0.01%, 0, 0, 1, 44.58
1735687851, 10, 1, 10, 0, 0, 0.01%, 0, 0, 1, 48.30
1735687856, 10, 2, 10, 0, 0, 0.01%, 0, 0, 1, 45.65
1735687861, 10, 3, 10, 0, 0, 0.01%, 0, 0, 1, 43.74
1735687866, 10, 4, 10, 0, 0, 0.01%, 0, 0, 1, 45.81
1735687871, 10, 5, 10, 0, 0, 0.01%, 0, 0, 1, 46.18
1735687881, 10, 6, 10, 0, 0, 0.01%, 0, 0, 1, 43.30
1735687886, 10, 7, 10, 0, 0, 0.01%, 0, 0, 1, 46.58
1735687891, 10, 8, 10, 0, 0, 0.01%, 0, 0, 1, 44.41
1735687896, 10, 9, 10, 0, 0, 0.01%, 0, 0, 1, 45.84
1735687901, 11, 0, 10, 0, 0, 0.01%, 0, 0, 1, 45.81
1735687906, 11, 1, 10, 0, 0, 0.01%, 0, 0, 1, 46.75
1735687912, 11, 2, 10, 0, 0, 0.01%, 0, 0, 1, 43.90
1735687917, 11, 3, 10, 0, 0, 0.01%, 0, 0, 1, 47.71
1735687922, 11, 4, 10, 0, 0, 0.01%, 0, 0, 1, 46.12
1735687932, 11, 5, 10, 0, 0, 0.01%, 0, 0, 1, 49.70
1735687937, 11, 6, 10, 0, 0, 0.01%, 0, 0, 1, 49.07
1735687942, 11, 7, 10, 0, 0, 0.01%, 0, 0, 1, 47.16
1735687947, 11, 8, 10, 0, 0, 0.01%, 0, 0, 1, 47.45
1735687952, 11, 9, 10, 0, 0, 0.01%, 0, 0, 1, 49.13
1735687957, 12, 0, 10, 0, 0, 0.01%, 0, 0, 1, 48.39
1735687962, 12, 1, 10, 0, 0, 0.01%, 0, 0, 1, 48.02
1735687967, 12, 2, 10, 0, 0, 0.01%, 0, 0, 1, 45.70
1735687972, 12, 3, 10, 0, 0, 0.01%, 0, 0, 1, 46.96
1735687977, 12, 4, 10, 0, 0, 0.01%, 0, 0, 1, 48.66
1735687982, 12, 5, 10, 0, 0, 0.01%, 0, 0, 1, 51.48
1735687988, 12, 6, 10, 0, 0, 0.01%, 0, 0, 1, 46.84
1735687993, 12, 7, 10, 0, 0, 0.01%, 0, 0, 1, 49.13
1735687998, 12, 8, 10, 0, 0, 0.01%, 0, 0, 1, 48.62
1735688003, 12, 9, 10, 0, 0, 0.01%, 0, 0, 1, 49.90
1735688008, 13, 0, 10, 0, 0, 0.01%, 0, 0, 1, 47.65
1735688013, 13, 1, 10, 0, 0, 0.01%, 0, 0, 1, 51.05
1735688018, 13, 2, 10, 0, 0, 0.01%, 0, 0, 1, 48.31
1735688023, 13, 3, 10, 0, 0, 0.01%, 0, 0, 1, 49.44
1735688033, 13, 4, 10, 0, 0, 0.01%, 0, 0, 1, 48.09
1735688038, 13, 5, 10, 0, 0, 0.01%, 0, 0, 1, 44.98
1735688044, 13, 6, 10, 0, 0, 0.01%, 0, 0, 1, 45.68
1735688049, 13, 7, 10, 0, 0, 0.01%, 0, 0, 1, 46.13
1735688054, 13, 8, 10, 0, 0, 0.01%, 0, 0, 1, 46.55
1735688059, 13, 9, 10, 0, 0, 0.01%, 0, 0, 1, 50.93
1735688064, 14, 0, 10, 0, 0, 0.01%, 0, 0, 1, 48.78
1735688069, 14, 1, 10, 0, 0, 0.01%, 0, 0, 1, 48.43
1735688074, 14, 2, 10, 0, 0, 0.01%, 0, 0, 1, 46.56
1735688079, 14, 3, 10, 0, 0, 0.01%, 0, 0, 1, 45.21
1735688084, 14, 4, 10, 0, 0, 0.01%, 0, 0, 1, 47.49
1735688089, 14, 5, 10, 0, 0, 0.01%, 0, 0, 1, 46.73
1735688094, 14, 6, 10, 0, 0, 0.01%, 0, 0, 1, 49.11
1735688100, 14, 7, 10, 0, 0, 0.01%, 0, 0, 1, 46.20
1735688105, 14, 8, 10, 0, 0, 0.01%, 0, 0, 1, 48.25
1735688110, 14, 9, 10, 0, 0, 0.01%, 0, 0, 1, 48.75
1735688115, 15, 0, 10, 0, 0, 0.01%, 0, 0, 1, 46.89
1735688125, 15, 1, 10, 0, 0, 0.01%, 0, 0, 1, 45.69
1735688130, 15, 2, 10, 0, 0, 0.01%, 0, 0, 1, 45.27
1735688135, 15, 3, 10, 0, 0, 0.01%, 0, 0, 1, 45.14
1735688140, 15, 4, 10, 0, 0, 0.01%, 0, 0, 1, 47.00
1735688145, 15, 5, 10, 0, 0, 0.01%, 0, 0, 1, 46.08
1735688150, 15, 6, 10, 0, 0, 0.01%, 0, 0, 1, 48.81
1735688155, 15, 7, 10, 0, 0, 0.01%, 0, 0, 1, 46.88
1735688161, 15, 8, 10, 0, 0, 0.01%, 0, 0, 1, 45.81
1735688181, 15, 9, 10, 0, 0, 0.01%, 0, 0, 1, 43.76
1735688201, 16, 0, 10, 0, 0, 0.01%, 0, 0, 1, 45.85
1735688222, 16, 1, 10, 0, 0, 0.01%, 0, 0, 1, 45.50
1735688242, 16, 2, 10, 0, 0, 0.01%, 0, 0, 1, 47.48
1735688262, 16, 3, 10, 0, 0, 0.01%, 0, 0, 1, 45.22
1735688283, 16, 4, 10, 0, 0, 0.01%, 0, 0, 1, 45.09
1735688303, 16, 5, 10, 0, 0, 0.01%, 0, 0, 1, 50.79
1735688308, 16, 6, 10, 0, 0, 0.01%, 0, 0, 1, 47.21
1735688318, 16, 7, 10, 0, 0, 0.01%, 0, 0, 1, 45.78
1735688323, 16, 8, 10, 0, 0, 0.01%, 0, 0, 1, 46.85
1735688328, 16, 9, 10, 0, 0, 0.01%, 0, 0, 1, 47.09
1735688333, 17, 0, 10, 0, 0, 0.01%, 0, 0, 1, 46.17
1735688338, 17, 1, 10, 0, 0, 0.01%, 0, 0, 1, 47.30
1735688344, 17, 2, 10, 0, 0, 0.01%, 0, 0, 1, 47.92
1735688349, 17, 3, 10, 0, 0, 0.01%, 0, 0, 1, 47.19
1735688354, 17, 4, 10, 0, 0, 0.01%, 0, 0, 1, 49.36
1735688359, 17, 5, 10, 0, 0, 0.01%, 0, 0, 1, 47.22
1735688364, 17, 6, 10, 0, 0, 0.01%, 0, 0, 1, 48.27
1735688369, 17, 7, 10, 0, 0, 0.01%, 0, 0, 1, 45.64
1735688374, 17, 8, 10, 0, 0, 0.01%, 0, 0, 1, 49.04
1735688379, 17, 9, 10, 0, 0, 0.01%, 0, 0, 1, 48.16
1735688384, 18, 0, 10, 0, 0, 0.01%, 0, 0, 1, 48.64
1735688389, 18, 1, 10, 0, 0, 0.01%, 0, 0, 1, 45.34
1735688395, 18, 2, 10, 0, 0, 0.01%, 0, 0, 1, 47.37
1735688400, 18, 3, 10, 0, 0, 0.01%, 0, 0, 1, 45.73
1735688410, 18, 4, 10, 0, 0, 0.01%, 0, 0, 1, 47.54
1735688415, 18, 5, 10, 0, 0, 0.01%, 0, 0, 1, 46.96
1735688420, 18, 6, 10, 0, 0, 0.01%, 0, 0, 1, 48.74
1735688425, 18, 7, 10, 0, 0, 0.01%, 0, 0, 1, 48.72
1735688430, 18, 8, 10, 0, 0, 0.01%, 0, 0, 1, 51.64
1735688435, 18, 9, 10, 0, 0, 0.01%, 0, 0, 1, 45.95
1735688440, 19, 0, 10, 0, 0, 0.01%, 0, 0, 1, 47.91
1735688445, 19, 1, 10, 0, 0, 0.01%, 0, 0, 1, 46.37
1735688450, 19, 2, 10, 0, 0, 0.01%, 0, 0, 1, 49.64
1735688455, 19, 3, 10, 0, 0, 0.01%, 0, 0, 1, 49.00
1735688460, 19, 4, 10, 0, 0, 0.01%, 0, 0, 1, 47.54
1735688465, 19, 5, 10, 0, 0, 0.01%, 0, 0, 1, 46.64
1735688471, 19, 6, 10, 0, 0, 0.01%, 0, 0, 1, 50.37
1735688476, 19, 7, 10, 0, 0, 0.01%, 0, 0, 1, 47.61
1735688481, 19, 8, 10, 0, 0, 0.01%, 0, 0, 1, 45.53
1735688486, 19, 9, 10, 0, 0, 0.01%, 0, 0, 1, 47.11
1735688491, 20, 0, 10, 0, 0, 0.01%, 0, 0, 1, 47.23
1735688501, 20, 1, 10, 0, 0, 0.01%, 0, 0, 1, 47.02
1735688506, 20, 2, 10, 0, 0, 0.01%, 0, 0, 1, 48.09
1735688511, 20, 3, 10, 0, 0, 0.01%, 0, 0, 1, 46.08
1735688516, 20, 4, 10, 0, 0, 0.01%, 0, 0, 1, 49.08
1735688521, 20, 5, 10, 0, 0, 0.01%, 0, 0, 1, 44.76
1735688526, 20, 6, 10, 0, 0, 0.01%, 0, 0, 1, 46.61
1735688531, 20, 7, 10, 0, 0, 0.01%, 0, 0, 1, 46.88
1735688536, 20, 8, 10, 0, 0, 0.01%, 0, 0, 1, 48.47
1735688542, 20, 9, 10, 0, 0, 0.01%, 0, 0, 1, 47.23
1735688547, 21, 0, 10, 0, 0, 0.01%, 0, 0, 1, 49.75
1735688552, 21, 1, 10, 0, 0, 0.01%, 0, 0, 1, 47.57
1735688557, 21, 2, 10, 0, 0, 0.01%, 0, 0, 1, 49.24
1735688562, 21, 3, 10, 0, 0, 0.01%, 0, 0, 1, 47.60
1735688567, 21, 4, 10, 0, 0, 0.01%, 0, 0, 1, 48.88
1735688572, 21, 5, 10, 0, 0, 0.01%, 0, 0, 1, 46.84
1735688577, 21, 6, 10, 0, 0, 0.01%, 0, 0, 1, 47.51
1735688587, 21, 7, 10, 0, 0, 0.01%, 0, 0, 1, 47.85
1735688592, 21, 8, 10, 0, 0, 0.01%, 0, 0, 1, 46.49
1735688597, 21, 9, 10, 0, 0, 0.01%, 0, 0, 1, 48.04
1735688603, 22, 0, 10, 0, 0, 0.01%, 0, 0, 1, 48.57
1735688608, 22, 1, 10, 0, 0, 0.01%, 0, 0, 1, 48.98
1735688613, 22, 2, 11, 1, 0, 0.14%, 1, 0, 2, 46.78
1735688618, 23, 10, 11, 0, 0, 0.14%, 1, 0, 2, 66.91
1735688628, 23, 10, 12, 1, 0, 0.14%, 2, 0, 3, 54.47
1735688699, 23, 11, 12, 1, 1, 0.14%, 2, 0, 3, 57.71
1735688704, 23, 11, 13, 2, 1, 0.14%, 3, 0, 4, 67.97
1735688775, 23, 12, 13, 1, 1, 0.14%, 3, 0, 4, 70.66
1735688872, 26, 12, 13, 0, 0, 0.14%, 3, 0, 4, 50.35
1735688912, 27, 11, 13, 0, 0, 0.14%, 3, 0, 4, 47.64
1735688943, 27, 12, 13, 0, 0, 0.14%, 3, 0, 4, 46.53
1735688993, 28, 11, 13, 0, 0, 0.14%, 3, 0, 4, 53.01
1735689029, 28, 12, 13, 0, 0, 0.14%, 3, 0, 4, 52.67
1735689075, 29, 11, 13, 0, 0, 0.14%, 3, 0, 4, 49.77
1735689125, 29, 12, 13, 0, 0, 0.14%, 3, 0, 4, 50.92
1735689171, 30, 11, 13, 0, 0, 0.14%, 3, 0, 4, 49.25
1735689181, 30, 11, 14, 1, 0, 0.14%, 3, 0, 4, 49.92
1735689217, 30, 11, 15, 2, 0, 0.14%, 4, 0, 4, 47.46
1735689237, 30, 13, 26, 13, 2, 0.14%, 4, 0, 5, 52.58
1735689431, 30, 14, 27, 13, 2, 0.14%, 4, 0, 5, 52.26
1735689436, 30, 14, 27, 13, 2, 0.14%, 5, 0, 5, 64.63
1735689487, 30, 14, 28, 14, 2, 0.14%, 5, 0, 5, 49.54
1735689543, 30, 14, 29, 15, 2, 0.14%, 5, 0, 5, 53.73
1735689553, 30, 19, 29, 14, 4, 0.14%, 5, 0, 5, 61.95
1735689558, 30, 28, 30, 12, 1, 0.14%, 5, 0, 6, 84.91
1735689584, 30, 28, 31, 13, 1, 0.14%, 5, 0, 6, 52.47
1735689604, 30, 28, 32, 14, 1, 0.14%, 5, 0, 6, 54.84
1735689690, 30, 31, 32, 12, 1, 0.14%, 5, 0, 6, 75.94
1735689741, 30, 31, 33, 13, 1, 0.14%, 5, 0, 7, 57.06
1735689822, 30, 32, 33, 12, 1, 0.14%, 5, 0, 7, 50.57
1735689827, 31, 27, 33, 8, 0, 0.14%, 5, 0, 7, 43.62
1735689883, 31, 27, 34, 9, 0, 0.14%, 5, 0, 7, 51.33
1735689959, 32, 21, 34, 7, 0, 0.14%, 5, 0, 7, 62.24
1735689964, 32, 32, 34, 6, 0, 0.14%, 5, 0, 7, 115.93
1735690066, 32, 32, 35, 7, 0, 0.14%, 5, 0, 8, 112.65
1735690071, 32, 32, 36, 8, 0, 0.14%, 7, 0, 8, 116.05
1735690488, 32, 34, 36, 8, 2, 0.14%, 7, 0, 8, 45.96
1735690494, 33, 26, 36, 5, 0, 0.14%, 7, 0, 8, 74.68
1735690504, 33, 26, 37, 6, 0, 0.14%, 7, 0, 8, 53.35
1735690615, 34, 33, 37, 4, 0, 0.14%, 7, 0, 8, 55.00
1735690697, 35, 36, 37, 3, 0, 0.14%, 7, 0, 8, 58.07
1735690717, 35, 36, 38, 4, 0, 0.14%, 7, 0, 8, 63.44
1735690819, 37, 37, 38, 1, 0, 0.14%, 7, 0, 8, 80.39
1735690875, 38, 29, 38, 1, 0, 0.14%, 7, 0, 8, 56.11
1735690961, 39, 34, 38, 1, 0, 0.14%, 7, 0, 8, 56.12
1735691343, 40, 11, 38, 1, 0, 0.14%, 7, 0, 8, 52.33
1735691348, 40, 29, 38, 1, 0, 0.14%, 7, 0, 8, 52.37
1735691363, 40, 33, 38, 1, 0, 0.14%, 7, 0, 8, 54.31
1735691384, 41, 29, 38, 1, 0, 0.14%, 7, 0, 8, 54.48
1735691404, 41, 33, 38, 1, 0, 0.14%, 7, 0, 8, 55.73
1735691414, 41, 33, 39, 2, 0, 0.14%, 7, 0, 8, 53.20
1735691419, 41, 33, 40, 3, 0, 0.14%, 7, 0, 8, 53.99
1735691449, 41, 39, 40, 2, 0, 0.14%, 7, 0, 8, 41.83
1735692121, 41, 39, 41, 3, 0, 0.14%, 7, 0, 8, 98.23
1735692172, 42, 29, 41, 1, 0, 0.14%, 7, 0, 8, 43.96
1735692208, 42, 40, 41, 1, 0, 0.14%, 7, 0, 8, 70.95
1735692721, 43, 29, 41, 1, 0, 0.14%, 7, 0, 8, 59.67
1735692756, 43, 34, 41, 1, 0, 0.14%, 7, 0, 8, 57.83
1735692766, 43, 37, 41, 1, 0, 0.14%, 7, 0, 8, 54.34
1735692786, 44, 34, 41, 0, 0, 0.14%, 7, 0, 8, 59.48
1735692802, 44, 37, 41, 0, 0, 0.14%, 7, 0, 8, 53.77
1735692822, 45, 34, 41, 0, 0, 0.14%, 7, 0, 8, 61.28
1735692852, 45, 37, 41, 0, 0, 0.14%, 7, 0, 8, 59.10
1735692893, 46, 34, 41, 0, 0, 0.14%, 7, 0, 8, 54.79
1735692933, 46, 37, 41, 0, 0, 0.14%, 7, 0, 8, 57.08
1735692938, 46, 37, 42, 1, 0, 0.14%, 7, 0, 8, 54.48
1735692989, 46, 41, 42, 1, 1, 0.14%, 7, 0, 8, 83.75
1735693051, 46, 41, 43, 2, 1, 0.14%, 7, 0, 9, 63.35
1735693106, 47, 34, 43, 0, 0, 0.14%, 7, 0, 9, 60.90
1735693147, 48, 34, 43, 0, 0, 0.14%, 7, 0, 9, 65.76
1735693182, 48, 42, 43, 0, 0, 0.14%, 7, 0, 9, 76.87
1735693273, 49, 34, 43, 0, 0, 0.14%, 7, 0, 9, 62.58
1735693309, 49, 40, 43, 0, 0, 0.14%, 7, 0, 9, 62.23
1735693339, 50, 40, 43, 0, 0, 0.14%, 7, 0, 9, 74.56
1735693375, 51, 17, 43, 0, 0, 0.14%, 7, 0, 9, 66.12
1735693410, 51, 40, 43, 0, 0, 0.14%, 7, 0, 9, 52.90
1735693451, 52, 17, 43, 0, 0, 0.14%, 7, 0, 9, 57.34
1735693461, 52, 40, 43, 0, 0, 0.14%, 7, 0, 9, 73.47
1735693467, 52, 40, 44, 1, 0, 0.14%, 7, 0, 9, 80.40
1735693507, 52, 43, 44, 1, 1, 0.14%, 7, 0, 9, 66.54
1735694015, 53, 17, 44, 0, 0, 0.14%, 7, 0, 9, 58.68
1735694025, 54, 17, 44, 0, 0, 0.14%, 7, 0, 9, 54.51
1735694051, 55, 17, 44, 0, 0, 0.14%, 7, 0, 9, 51.60
1735694091, 56, 17, 44, 0, 0, 0.14%, 7, 0, 9, 60.40
1735694122, 57, 17, 44, 0, 0, 0.14%, 7, 0, 9, 55.72
1735694162, 57, 37, 44, 0, 0, 0.14%, 7, 0, 9, 57.19
1735694203, 58, 17, 44, 0, 0, 0.14%, 7, 0, 9, 55.55
1735694238, 58, 29, 44, 0, 0, 0.14%, 7, 0, 9, 53.82
1735694279, 59, 17, 44, 0, 0, 0.14%, 7, 0, 9, 59.66
1735694320, 60, 37, 44, 0, 0, 0.14%, 7, 0, 9, 57.80
1735694355, 63, 43, 44, 0, 0, 0.14%, 7, 0, 9, 69.92
1735694380, 64, 43, 44, 0, 0, 0.14%, 7, 0, 9, 81.21
1735694416, 65, 12, 44, 0, 0, 0.14%, 7, 0, 9, 63.08
1735694421, 65, 43, 44, 0, 0, 0.14%, 7, 0, 9, 84.32
1735694457, 66, 29, 44, 0, 0, 0.14%, 7, 0, 9, 59.62
1735694492, 66, 43, 44, 0, 0, 0.14%, 7, 0, 9, 70.81
1735694528, 67, 43, 44, 0, 0, 0.14%, 7, 0, 9, 72.48
1735694564, 69, 29, 44, 0, 0, 0.14%, 7, 0, 9, 58.77
1735694604, 71, 33, 44, 0, 0, 0.14%, 7, 0, 9, 57.50
1735694645, 72, 42, 44, 0, 0, 0.14%, 7, 0, 9, 65.05
1735694670, 73, 29, 44, 0, 0, 0.14%, 7, 0, 9, 62.16
1735694711, 77, 40, 45, 1, 0, 0.14%, 8, 0, 9, 80.87
1735694752, 77, 44, 45, 1, 1, 0.14%, 8, 0, 9, 52.91
1735695023, 84, 44, 45, 0, 0, 0.14%, 8, 0, 9, 72.00
1735695048, 85, 18, 45, 0, 0, 0.14%, 8, 0, 9, 84.14
1735695084, 85, 44, 45, 0, 0, 0.14%, 8, 0, 9, 66.83
1735695119, 86, 44, 45, 0, 0, 0.14%, 8, 0, 9, 68.31
1735695155, 87, 44, 45, 0, 0, 0.14%, 8, 0, 9, 68.42
1735695196, 88, 44, 45, 0, 0, 0.14%, 8, 0, 9, 70.76
1735695231, 89, 44, 45, 0, 0, 0.14%, 8, 0, 9, 72.99
1735695267, 90, 44, 45, 0, 0, 0.14%, 8, 0, 9, 69.03
1735695303, 91, 44, 45, 0, 0, 0.14%, 8, 0, 9, 66.16
1735695339, 92, 33, 45, 0, 0, 0.14%, 8, 0, 9, 56.58
1735695380, 92, 44, 45, 0, 0, 0.14%, 8, 0, 9, 80.54
1735695415, 93, 40, 45, 0, 0, 0.14%, 8, 0, 9, 81.98
1735695446, 94, 18, 45, 0, 0, 0.14%, 8, 0, 9, 62.54
1735695466, 94, 26, 45, 0, 0, 0.14%, 8, 0, 9, 57.60
1735695482, 95, 40, 45, 0, 0, 0.14%, 8, 0, 9, 77.85
1735695517, 103, 40, 45, 0, 0, 0.14%, 8, 0, 9, 77.65
1735695553, 104, 37, 45, 0, 0, 0.14%, 8, 0, 9, 57.35
1735695593, 105, 20, 45, 0, 0, 0.14%, 8, 0, 9, 67.91
1735695654, 105, 33, 45, 0, 0, 0.14%, 8, 0, 9, 61.02
1735695695, 106, 12, 45, 0, 0, 0.14%, 8, 0, 9, 55.31
1735695710, 108, 18, 45, 0, 0, 0.14%, 8, 0, 9, 55.52
1735695725, 108, 37, 45, 0, 0, 0.14%, 8, 0, 9, 59.56
1735695761, 110, 18, 45, 0, 0, 0.14%, 8, 0, 9, 63.30
1735695796, 110, 42, 45, 0, 0, 0.14%, 8, 0, 9, 60.03
1735695837, 113, 23, 45, 0, 0, 0.14%, 8, 0, 9, 67.55
1735695923, 117, 40, 45, 0, 0, 0.14%, 8, 0, 9, 76.72
1735695954, 118, 12, 45, 0, 0, 0.14%, 8, 0, 9, 59.97
1735695984, 119, 12, 45, 0, 0, 0.14%, 8, 0, 9, 59.72
1735696020, 119, 42, 45, 0, 0, 0.14%, 8, 0, 9, 62.43
1735696061, 121, 28, 45, 0, 0, 0.14%, 8, 0, 9, 58.22
1735696066, 122, 24, 45, 0, 0, 0.14%, 8, 0, 9, 64.25
1735696147, 122, 28, 45, 0, 0, 0.14%, 8, 0, 9, 56.20
1735696162, 122, 37, 45, 0, 0, 0.14%, 8, 0, 9, 58.50
1735696203, 123, 12, 45, 0, 0, 0.14%, 8, 0, 9, 55.01
1735696243, 123, 42, 45, 0, 0, 0.14%, 8, 0, 9, 58.93
1735696284, 127, 33, 45, 0, 0, 0.14%, 8, 0, 9, 55.33
1735696325, 131, 26, 45, 0, 0, 0.14%, 8, 0, 9, 61.97
1735696345, 133, 33, 45, 0, 0, 0.14%, 8, 0, 9, 56.33
1735696386, 135, 33, 45, 0, 0, 0.14%, 8, 0, 9, 59.39
1735696421, 135, 42, 45, 0, 0, 0.14%, 8, 0, 9, 61.63
1735696461, 139, 18, 45, 0, 0, 0.14%, 8, 0, 9, 68.46
1735696492, 140, 11, 45, 0, 0, 0.14%, 8, 0, 9, 55.27
1735696502, 141, 26, 45, 0, 0, 0.14%, 8, 0, 9, 58.32
1735696537, 142, 39, 45, 0, 0, 0.14%, 8, 0, 9, 77.10
1735696552, 149, 11, 45, 0, 0, 0.14%, 8, 0, 9, 69.07
1735696573, 149, 28, 45, 0, 0, 0.14%, 8, 0, 9, 58.49
1735696608, 150, 33, 45, 0, 0, 0.14%, 8, 0, 9, 58.39
1735696648, 154, 12, 45, 0, 0, 0.14%, 8, 0, 9, 54.14
1735696684, 155, 28, 45, 0, 0, 0.14%, 8, 0, 9, 56.60
1735696719, 157, 42, 45, 0, 0, 0.14%, 8, 0, 9, 63.68
1735696760, 160, 23, 45, 0, 0, 0.14%, 8, 0, 9, 57.37
1735696765, 160, 42, 45, 0, 0, 0.14%, 8, 0, 9, 61.81
1735696806, 161, 14, 45, 0, 0, 0.14%, 8, 0, 9, 54.38
1735696821, 163, 39, 45, 0, 0, 0.14%, 8, 0, 9, 66.06
1735696857, 164, 35, 45, 0, 0, 0.14%, 8, 0, 9, 103.12
1735697233, 164, 39, 45, 0, 0, 0.14%, 8, 0, 9, 74.19
1735697269, 166, 24, 45, 0, 0, 0.14%, 8, 0, 9, 61.38
1735697274, 168, 14, 45, 0, 0, 0.14%, 8, 0, 9, 58.50
1735697294, 168, 20, 45, 0, 0, 0.14%, 8, 0, 9, 57.78
1735697299, 173, 11, 45, 0, 0, 0.14%, 8, 0, 9, 59.34
1735697340, 174, 10, 45, 0, 0, 0.14%, 8, 0, 9, 54.07
1735697345, 174, 18, 45, 0, 0, 0.14%, 8, 0, 9, 53.68
1735697375, 174, 39, 45, 0, 0, 0.14%, 8, 0, 9, 72.15
1735697411, 176, 39, 45, 0, 0, 0.14%, 8, 0, 9, 78.03
1735697441, 177, 42, 45, 0, 0, 0.14%, 8, 0, 9, 58.97
1735697482, 178, 24, 45, 0, 0, 0.14%, 8, 0, 9, 58.56
1735697497, 183, 42, 45, 0, 0, 0.14%, 8, 0, 9, 65.40
1735697532, 184, 28, 45, 0, 0, 0.14%, 8, 0, 9, 56.61
1735697573, 184, 38, 45, 0, 0, 0.14%, 8, 0, 9, 85.62
1735697649, 185, 23, 45, 0, 0, 0.14%, 8, 0, 9, 54.99
1735697654, 188, 23, 45, 0, 0, 0.14%, 8, 0, 9, 56.47
1735697674, 191, 11, 45, 0, 0, 0.14%, 8, 0, 9, 56.80
1735697704, 191, 12, 45, 0, 0, 0.14%, 8, 0, 9, 59.99
1735697740, 196, 38, 45, 0, 0, 0.14%, 8, 0, 9, 58.07
1735697760, 198, 19, 45, 0, 0, 0.14%, 8, 0, 9, 61.10
1735697811, 198, 38, 45, 0, 0, 0.14%, 8, 0, 9, 61.16
1735697842, 200, 18, 45, 0, 0, 0.14%, 8, 0, 9, 62.39
1735697878, 200, 38, 45, 0, 0, 0.14%, 8, 0, 9, 59.60
1735697908, 205, 38, 45, 0, 0, 0.14%, 8, 0, 9, 66.17
1735697943, 207, 14, 45, 0, 0, 0.14%, 8, 0, 9, 62.76
1735697984, 207, 39, 45, 0, 0, 0.14%, 8, 0, 9, 75.05
1735698020, 208, 11, 45, 0, 0, 0.14%, 8, 0, 9, 60.20
1735698055, 210, 18, 45, 0, 0, 0.14%, 8, 0, 9, 66.97
1735698091, 211, 26, 45, 0, 0, 0.14%, 8, 0, 9, 59.50
