# unix_time, cycles_done, cur_path, paths_total, pending_total, pending_favs, map_size, unique_crashes, unique_hangs, max_depth, execs_per_sec
1733803384, 0, 0, 10, 10, 1, 0.01%, 0, 0, 1, 36.22
1733803389, 0, 3, 10, 10, 1, 0.01%, 0, 0, 1, 36.63
1733803404, 1, 0, 10, 3, 0, 0.01%, 0, 0, 1, 45.01
1733803409, 1, 1, 10, 2, 0, 0.01%, 0, 0, 1, 44.37
1733803414, 1, 2, 10, 1, 0, 0.01%, 0, 0, 1, 43.59
1733803425, 1, 3, 10, 0, 0, 0.01%, 0, 0, 1, 42.75
1733803430, 1, 4, 10, 0, 0, 0.01%, 0, 0, 1, 44.13
1733803435, 1, 5, 10, 0, 0, 0.01%, 0, 0, 1, 44.08
1733803440, 1, 6, 10, 0, 0, 0.01%, 0, 0, 1, 43.84
1733803445, 1, 7, 10, 0, 0, 0.01%, 0, 0, 1, 43.11
1733803450, 1, 8, 10, 0, 0, 0.01%, 0, 0, 1, 44.02
1733803460, 1, 9, 10, 0, 0, 0.01%, 0, 0, 1, 44.03
1733803465, 2, 0, 10, 0, 0, 0.01%, 0, 0, 1, 43.27
1733803470, 2, 1, 10, 0, 0, 0.01%, 0, 0, 1, 44.28
1733803475, 2, 2, 10, 0, 0, 0.01%, 0, 0, 1, 44.67
1733803480, 2, 3, 10, 0, 0, 0.01%, 0, 0, 1, 43.89
1733803486, 2, 4, 10, 0, 0, 0.01%, 0, 0, 1, 45.27
1733803491, 2, 5, 10, 0, 0, 0.01%, 0, 0, 1, 43.96
1733803496, 2, 6, 10, 0, 0, 0.01%, 0, 0, 1, 43.57
1733803506, 2, 7, 10, 0, 0, 0.01%, 0, 0, 1, 42.19
1733803511, 2, 8, 10, 0, 0, 0.01%, 0, 0, 1, 43.42
1733803516, 2, 9, 10, 0, 0, 0.01%, 0, 0, 1, 43.25
1733803521, 3, 0, 10, 0, 0, 0.01%, 0, 0, 1, 43.56
1733803526, 3, 1, 10, 0, 0, 0.01%, 0, 0, 1, 43.14
1733803531, 3, 2, 10, 0, 0, 0.01%, 0, 0, 1, 44.17
1733803542, 3, 3, 10, 0, 0, 0.01%, 0, 0, 1, 42.55
1733803547, 3, 4, 10, 0, 0, 0.01%, 0, 0, 1, 45.14
1733803552, 3, 5, 10, 0, 0, 0.01%, 0, 0, 1, 44.69
1733803557, 3, 6, 10, 0, 0, 0.01%, 0, 0, 1, 44.97
1733803562, 3, 7, 10, 0, 0, 0.01%, 0, 0, 1, 43.72
1733803567, 3, 8, 10, 0, 0, 0.01%, 0, 0, 1, 44.49
1733803572, 3, 9, 10, 0, 0, 0.01%, 0, 0, 1, 43.64
1733803582, 4, 0, 10, 0, 0, 0.01%, 0, 0, 1, 45.28
1733803587, 4, 1, 10, 0, 0, 0.01%, 0, 0, 1, 45.06
1733803592, 4, 2, 10, 0, 0, 0.01%, 0, 0, 1, 43.76
1733803597, 4, 3, 10, 0, 0, 0.01%, 0, 0, 1, 43.14
1733803602, 4, 4, 10, 0, 0, 0.01%, 0, 0, 1, 44.32
1733803607, 4, 5, 10, 0, 0, 0.01%, 0, 0, 1, 42.98
1733803618, 4, 6, 10, 0, 0, 0.01%, 0, 0, 1, 44.94
1733803623, 4, 7, 10, 0, 0, 0.01%, 0, 0, 1, 43.22
1733803628, 4, 8, 10, 0, 0, 0.01%, 0, 0, 1, 44.58
1733803633, 4, 9, 10, 0, 0, 0.01%, 0, 0, 1, 44.53
1733803638, 5, 0, 10, 0, 0, 0.01%, 0, 0, 1, 44.30
1733803643, 5, 1, 10, 0, 0, 0.01%, 0, 0, 1, 44.68
1733803648, 5, 2, 10, 0, 0, 0.01%, 0, 0, 1, 44.84
1733803653, 5, 3, 10, 0, 0, 0.01%, 0, 0, 1, 43.09
1733803663, 5, 4, 10, 0, 0, 0.01%, 0, 0, 1, 43.60
1733803668, 5, 5, 10, 0, 0, 0.01%, 0, 0, 1, 44.07
1733803673, 5, 6, 10, 0, 0, 0.01%, 0, 0, 1, 44.97
1733803679, 5, 7, 10, 0, 0, 0.01%, 0, 0, 1, 42.93
1733803684, 5, 8, 10, 0, 0, 0.01%, 0, 0, 1, 44.54
1733803689, 5, 9, 10, 0, 0, 0.01%, 0, 0, 1, 44.98
1733803694, 6, 0, 10, 0, 0, 0.01%, 0, 0, 1, 43.97
1733803704, 6, 1, 10, 0, 0, 0.01%, 0, 0, 1, 45.48
1733803709, 6, 2, 10, 0, 0, 0.01%, 0, 0, 1, 44.29
1733803714, 6, 3, 10, 0, 0, 0.01%, 0, 0, 1, 43.82
1733803719, 6, 4, 10, 0, 0, 0.01%, 0, 0, 1, 43.67
1733803724, 6, 5, 10, 0, 0, 0.01%, 0, 0, 1, 44.96
1733803729, 6, 6, 10, 0, 0, 0.01%, 0, 0, 1, 45.51
1733803734, 6, 7, 10, 0, 0, 0.01%, 0, 0, 1, 43.56
1733803744, 6, 8, 10, 0, 0, 0.01%, 0, 0, 1, 43.98
1733803749, 6, 9, 10, 0, 0, 0.01%, 0, 0, 1, 43.86
1733803754, 7, 0, 10, 0, 0, 0.01%, 0, 0, 1, 43.87
1733803760, 7, 1, 10, 0, 0, 0.01%, 0, 0, 1, 41.63
1733803765, 7, 2, 10, 0, 0, 0.01%, 0, 0, 1, 44.27
1733803770, 7, 3, 10, 0, 0, 0.01%, 0, 0, 1, 43.57
1733803780, 7, 4, 10, 0, 0, 0.01%, 0, 0, 1, 43.10
1733803785, 7, 5, 10, 0, 0, 0.01%, 0, 0, 1, 44.79
1733803790, 7, 6, 10, 0, 0, 0.01%, 0, 0, 1, 44.18
1733803795, 7, 7, 10, 0, 0, 0.01%, 0, 0, 1, 46.09
1733803800, 7, 8, 10, 0, 0, 0.01%, 0, 0, 1, 43.55
1733803805, 7, 9, 10, 0, 0, 0.01%, 0, 0, 1, 42.65
1733803810, 8, 0, 10, 0, 0, 0.01%, 0, 0, 1, 43.28
1733803820, 8, 1, 10, 0, 0, 0.01%, 0, 0, 1, 43.05
1733803825, 8, 2, 10, 0, 0, 0.01%, 0, 0, 1, 41.82
1733803830, 8, 3, 10, 0, 0, 0.01%, 0, 0, 1, 43.99
1733803835, 8, 4, 10, 0, 0, 0.01%, 0, 0, 1, 42.58
1733803840, 8, 5, 10, 0, 0, 0.01%, 0, 0, 1, 45.29
1733803846, 8, 6, 10, 0, 0, 0.01%, 0, 0, 1, 43.92
1733803856, 8, 7, 10, 0, 0, 0.01%, 0, 0, 1, 43.50
1733803861, 8, 8, 10, 0, 0, 0.01%, 0, 0, 1, 44.49
1733803866, 8, 9, 10, 0, 0, 0.01%, 0, 0, 1, 42.64
1733803871, 9, 0, 10, 0, 0, 0.01%, 0, 0, 1, 44.57
1733803876, 9, 1, 10, 0, 0, 0.01%, 0, 0, 1, 43.30
1733803881, 9, 2, 10, 0, 0, 0.01%, 0, 0, 1, 42.72
1733803886, 9, 3, 10, 0, 0, 0.01%, 0, 0, 1, 43.77
1733803896, 9, 4, 10, 0, 0, 0.01%, 0, 0, 1, 43.38
1733803901, 9, 5, 10, 0, 0, 0.01%, 0, 0, 1, 43.28
1733803906, 9, 6, 10, 0, 0, 0.01%, 0, 0, 1, 42.96
1733803912, 9, 7, 10, 0, 0, 0.01%, 0, 0, 1, 45.80
1733803917, 9, 8, 10, 0, 0, 0.01%, 0, 0, 1, 45.22
1733803922, 9, 9, 10, 0, 0, 0.01%, 0, 0, 1, 45.21
1733803927, 10, 0, 10, 0, 0, 0.01%, 0, 0, 1, 44.02
1733803937, 10, 1, 10, 0, 0, 0.01%, 0, 0, 1, 43.85
1733803942, 10, 2, 10, 0, 0, 0.01%, 0, 0, 1, 42.73
1733803947, 10, 3, 10, 0, 0, 0.01%, 0, 0, 1, 44.02
1733803952, 10, 4, 10, 0, 0, 0.01%, 0, 0, 1, 43.48
1733803957, 10, 5, 10, 0, 0, 0.01%, 0, 0, 1, 43.43
1733803962, 10, 6, 10, 0, 0, 0.01%, 0, 0, 1, 44.08
1733803967, 10, 7, 10, 0, 0, 0.01%, 0, 0, 1, 43.57
1733803977, 10, 8, 10, 0, 0, 0.01%, 0, 0, 1, 45.04
1733803982, 10, 9, 10, 0, 0, 0.01%, 0, 0, 1, 43.30
1733803988, 11, 0, 10, 0, 0, 0.01%, 0, 0, 1, 46.15
1733803993, 11, 1, 10, 0, 0, 0.01%, 0, 0, 1, 46.97
1733803998, 11, 2, 10, 0, 0, 0.01%, 0, 0, 1, 46.35
1733804003, 11, 3, 10, 0, 0, 0.01%, 0, 0, 1, 46.58
1733804008, 11, 4, 10, 0, 0, 0.01%, 0, 0, 1, 44.37
1733804013, 11, 5, 10, 0, 0, 0.01%, 0, 0, 1, 47.08
1733804018, 11, 6, 10, 0, 0, 0.01%, 0, 0, 1, 46.75
1733804028, 11, 7, 10, 0, 0, 0.01%, 0, 0, 1, 46.28
1733804033, 11, 8, 10, 0, 0, 0.01%, 0, 0, 1, 44.95
1733804038, 11, 9, 10, 0, 0, 0.01%, 0, 0, 1, 45.90
1733804043, 12, 0, 10, 0, 0, 0.01%, 0, 0, 1, 45.37
1733804048, 12, 1, 10, 0, 0, 0.01%, 0, 0, 1, 46.29
1733804054, 12, 2, 10, 0, 0, 0.01%, 0, 0, 1, 46.03
1733804059, 12, 3, 10, 0, 0, 0.01%, 0, 0, 1, 46.55
1733804064, 12, 4, 10, 0, 0, 0.01%, 0, 0, 1, 45.34
1733804069, 12, 5, 10, 0, 0, 0.01%, 0, 0, 1, 45.21
1733804074, 12, 6, 10, 0, 0, 0.01%, 0, 0, 1, 44.58
1733804084, 12, 7, 10, 0, 0, 0.01%, 0, 0, 1, 45.84
1733804089, 12, 8, 10, 0, 0, 0.01%, 0, 0, 1, 46.41
1733804094, 12, 9, 10, 0, 0, 0.01%, 0, 0, 1, 45.15
1733804099, 13, 0, 10, 0, 0, 0.01%, 0, 0, 1, 45.87
1733804104, 13, 1, 10, 0, 0, 0.01%, 0, 0, 1, 46.40
1733804109, 13, 2, 10, 0, 0, 0.01%, 0, 0, 1, 43.67
1733804114, 13, 3, 10, 0, 0, 0.01%, 0, 0, 1, 43.62
1733804119, 13, 4, 10, 0, 0, 0.01%, 0, 0, 1, 45.77
1733804124, 13, 5, 10, 0, 0, 0.01%, 0, 0, 1, 46.17
1733804135, 13, 6, 10, 0, 0, 0.01%, 0, 0, 1, 45.47
1733804140, 13, 7, 10, 0, 0, 0.01%, 0, 0, 1, 46.34
1733804145, 13, 8, 10, 0, 0, 0.01%, 0, 0, 1, 47.16
1733804150, 13, 9, 10, 0, 0, 0.01%, 0, 0, 1, 45.16
1733804155, 14, 0, 10, 0, 0, 0.01%, 0, 0, 1, 45.64
1733804160, 14, 1, 10, 0, 0, 0.01%, 0, 0, 1, 46.64
1733804165, 14, 2, 10, 0, 0, 0.01%, 0, 0, 1, 48.67
1733804170, 14, 3, 10, 0, 0, 0.01%, 0, 0, 1, 45.01
1733804175, 14, 4, 10, 0, 0, 0.01%, 0, 0, 1, 47.12
1733804180, 14, 5, 10, 0, 0, 0.01%, 0, 0, 1, 46.28
1733804185, 14, 6, 10, 0, 0, 0.01%, 0, 0, 1, 46.18
1733804191, 14, 7, 10, 0, 0, 0.01%, 0, 0, 1, 46.92
1733804201, 14, 8, 10, 0, 0, 0.01%, 0, 0, 1, 44.97
1733804206, 14, 9, 10, 0, 0, 0.01%, 0, 0, 1, 44.62
1733804211, 15, 0, 10, 0, 0, 0.01%, 0, 0, 1, 45.74
1733804216, 15, 1, 10, 0, 0, 0.01%, 0, 0, 1, 47.92
1733804221, 15, 2, 10, 0, 0, 0.01%, 0, 0, 1, 48.12
1733804226, 15, 3, 10, 0, 0, 0.01%, 0, 0, 1, 46.17
1733804231, 15, 4, 10, 0, 0, 0.01%, 0, 0, 1, 43.15
1733804252, 15, 5, 10, 0, 0, 0.01%, 0, 0, 1, 45.08
1733804277, 15, 6, 10, 0, 0, 0.01%, 0, 0, 1, 38.96
1733804297, 15, 7, 10, 0, 0, 0.01%, 0, 0, 1, 39.05
1733804318, 15, 8, 10, 0, 0, 0.01%, 0, 0, 1, 39.11
1733804338, 15, 9, 10, 0, 0, 0.01%, 0, 0, 1, 40.14
1733804359, 16, 0, 10, 0, 0, 0.01%, 0, 0, 1, 39.85
1733804379, 16, 1, 10, 0, 0, 0.01%, 0, 0, 1, 42.07
1733804399, 16, 2, 10, 0, 0, 0.01%, 0, 0, 1, 46.63
1733804404, 16, 3, 10, 0, 0, 0.01%, 0, 0, 1, 45.39
1733804409, 16, 4, 10, 0, 0, 0.01%, 0, 0, 1, 45.10
1733804414, 16, 5, 10, 0, 0, 0.01%, 0, 0, 1, 46.27
1733804425, 16, 6, 10, 0, 0, 0.01%, 0, 0, 1, 44.61
1733804430, 16, 7, 10, 0, 0, 0.01%, 0, 0, 1, 48.55
1733804435, 16, 8, 10, 0, 0, 0.01%, 0, 0, 1, 46.03
1733804440, 16, 9, 10, 0, 0, 0.01%, 0, 0, 1, 45.30
1733804445, 17, 0, 10, 0, 0, 0.01%, 0, 0, 1, 48.60
1733804450, 17, 1, 10, 0, 0, 0.01%, 0, 0, 1, 46.38
1733804455, 17, 2, 10, 0, 0, 0.01%, 0, 0, 1, 44.99
1733804460, 17, 3, 10, 0, 0, 0.01%, 0, 0, 1, 46.01
1733804465, 17, 4, 10, 0, 0, 0.01%, 0, 0, 1, 46.62
1733804470, 17, 5, 10, 0, 0, 0.01%, 0, 0, 1, 45.15
1733804475, 17, 6, 10, 0, 0, 0.01%, 0, 0, 1, 47.83
1733804481, 17, 7, 10, 0, 0, 0.01%, 0, 0, 1, 46.96
1733804491, 17, 8, 10, 0, 0, 0.01%, 0, 0, 1, 44.47
1733804496, 17, 9, 10, 0, 0, 0.01%, 0, 0, 1, 45.41
1733804501, 18, 0, 10, 0, 0, 0.01%, 0, 0, 1, 47.08
1733804506, 18, 1, 10, 0, 0, 0.01%, 0, 0, 1, 44.56
1733804511, 18, 2, 10, 0, 0, 0.01%, 0, 0, 1, 45.50
1733804516, 18, 3, 10, 0, 0, 0.01%, 0, 0, 1, 45.80
1733804521, 18, 4, 10, 0, 0, 0.01%, 0, 0, 1, 44.90
1733804526, 18, 5, 10, 0, 0, 0.01%, 0, 0, 1, 45.24
1733804532, 18, 6, 10, 0, 0, 0.01%, 0, 0, 1, 46.70
1733804542, 18, 7, 10, 0, 0, 0.01%, 0, 0, 1, 46.11
1733804547, 18, 8, 10, 0, 0, 0.01%, 0, 0, 1, 46.91
1733804552, 18, 9, 10, 0, 0, 0.01%, 0, 0, 1, 47.77
1733804557, 19, 0, 10, 0, 0, 0.01%, 0, 0, 1, 45.34
1733804562, 19, 1, 10, 0, 0, 0.01%, 0, 0, 1, 46.22
1733804567, 19, 2, 10, 0, 0, 0.01%, 0, 0, 1, 45.56
1733804572, 19, 3, 10, 0, 0, 0.01%, 0, 0, 1, 45.17
1733804577, 19, 4, 10, 0, 0, 0.01%, 0, 0, 1, 46.61
1733804582, 19, 5, 10, 0, 0, 0.01%, 0, 0, 1, 47.25
1733804587, 19, 6, 10, 0, 0, 0.01%, 0, 0, 1, 46.12
1733804592, 19, 7, 10, 0, 0, 0.01%, 0, 0, 1, 43.63
1733804603, 19, 8, 10, 0, 0, 0.01%, 0, 0, 1, 46.42
1733804608, 19, 9, 10, 0, 0, 0.01%, 0, 0, 1, 44.26
1733804613, 20, 0, 10, 0, 0, 0.01%, 0, 0, 1, 46.24
1733804618, 20, 1, 10, 0, 0, 0.01%, 0, 0, 1, 45.44
1733804623, 20, 2, 10, 0, 0, 0.01%, 0, 0, 1, 46.60
1733804628, 20, 3, 10, 0, 0, 0.01%, 0, 0, 1, 44.83
1733804633, 20, 4, 10, 0, 0, 0.01%, 0, 0, 1, 44.08
1733804638, 20, 5, 10, 0, 0, 0.01%, 0, 0, 1, 45.85
1733804643, 20, 6, 10, 0, 0, 0.01%, 0, 0, 1, 46.94
1733804648, 20, 7, 10, 0, 0, 0.01%, 0, 0, 1, 47.70
1733804658, 20, 8, 10, 0, 0, 0.01%, 0, 0, 1, 45.69
1733804663, 20, 9, 10, 0, 0, 0.01%, 0, 0, 1, 44.58
1733804668, 21, 0, 10, 0, 0, 0.01%, 0, 0, 1, 45.28
1733804673, 21, 1, 10, 0, 0, 0.01%, 0, 0, 1, 45.93
1733804679, 21, 2, 10, 0, 0, 0.01%, 0, 0, 1, 44.32
1733804684, 21, 3, 10, 0, 0, 0.01%, 0, 0, 1, 44.72
1733804689, 21, 4, 10, 0, 0, 0.01%, 0, 0, 1, 45.66
1733804694, 21, 5, 10, 0, 0, 0.01%, 0, 0, 1, 47.48
1733804704, 21, 6, 10, 0, 0, 0.01%, 0, 0, 1, 45.52
1733804709, 21, 7, 10, 0, 0, 0.01%, 0, 0, 1, 45.22
1733804714, 21, 8, 10, 0, 0, 0.01%, 0, 0, 1, 46.14
1733804719, 21, 9, 10, 0, 0, 0.01%, 0, 0, 1, 44.44
1733804724, 22, 0, 10, 0, 0, 0.01%, 0, 0, 1, 42.88
1733804729, 22, 1, 10, 0, 0, 0.01%, 0, 0, 1, 46.49
1733804735, 22, 2, 10, 0, 0, 0.01%, 0, 0, 1, 45.25
1733804740, 22, 3, 10, 0, 0, 0.01%, 0, 0, 1, 44.25
1733804745, 22, 4, 10, 0, 0, 0.01%, 0, 0, 1, 46.09
1733804755, 22, 5, 10, 0, 0, 0.01%, 0, 0, 1, 47.24
1733804760, 22, 6, 10, 0, 0, 0.01%, 0, 0, 1, 46.85
1733804765, 22, 7, 10, 0, 0, 0.01%, 0, 0, 1, 46.17
1733804770, 22, 8, 10, 0, 0, 0.01%, 0, 0, 1, 45.41
1733804775, 22, 9, 10, 0, 0, 0.01%, 0, 0, 1, 47.57
1733804780, 23, 0, 10, 0, 0, 0.01%, 0, 0, 1, 46.45
1733804785, 23, 1, 10, 0, 0, 0.01%, 0, 0, 1, 45.17
1733804790, 23, 2, 10, 0, 0, 0.01%, 0, 0, 1, 46.24
1733804795, 23, 3, 10, 0, 0, 0.01%, 0, 0, 1, 45.42
1733804801, 23, 4, 10, 0, 0, 0.01%, 0, 0, 1, 47.08
1733804806, 23, 5, 10, 0, 0, 0.01%, 0, 0, 1, 45.01
1733804811, 23, 6, 10, 0, 0, 0.01%, 0, 0, 1, 44.60
1733804821, 23, 7, 10, 0, 0, 0.01%, 0, 0, 1, 46.77
1733804826, 23, 8, 10, 0, 0, 0.01%, 0, 0, 1, 46.10
1733804831, 23, 9, 10, 0, 0, 0.01%, 0, 0, 1, 44.36
1733804836, 24, 0, 11, 1, 0, 0.14%, 1, 0, 2, 42.71
1733804841, 24, 10, 11, 1, 1, 0.14%, 1, 0, 2, 46.63
1733804851, 24, 10, 12, 2, 1, 0.14%, 2, 0, 3, 56.56
1733804928, 24, 11, 13, 2, 1, 0.14%, 3, 0, 4, 68.40
1733804953, 24, 11, 14, 3, 1, 0.14%, 4, 0, 4, 49.79
1733805055, 24, 12, 14, 2, 2, 0.14%, 4, 0, 4, 50.72
1733805080, 24, 12, 15, 3, 2, 0.14%, 4, 0, 5, 51.18
1733805106, 24, 12, 16, 4, 2, 0.14%, 5, 0, 5, 48.02
1733805167, 24, 12, 17, 5, 2, 0.14%, 5, 0, 5, 51.25
1733805223, 24, 13, 17, 4, 4, 0.14%, 5, 0, 5, 56.48
1733805228, 24, 13, 18, 5, 4, 0.14%, 5, 0, 5, 90.58
1733805259, 24, 13, 19, 6, 4, 0.14%, 5, 0, 5, 67.69
1733805264, 24, 13, 21, 8, 4, 0.14%, 5, 0, 5, 61.08
1733805355, 24, 13, 22, 9, 4, 0.14%, 5, 0, 5, 63.00
1733805386, 24, 14, 22, 8, 4, 0.14%, 5, 0, 5, 57.99
1733805442, 24, 14, 23, 9, 4, 0.14%, 5, 0, 6, 49.36
1733805477, 24, 14, 24, 10, 4, 0.14%, 5, 0, 6, 50.51
1733805493, 24, 14, 25, 11, 4, 0.14%, 5, 0, 6, 47.74
1733805508, 24, 14, 28, 14, 4, 0.14%, 5, 0, 6, 56.71
1733805518, 24, 15, 28, 13, 4, 0.14%, 5, 0, 6, 68.64
1733805554, 24, 15, 29, 14, 4, 0.14%, 5, 0, 6, 48.86
1733805655, 24, 16, 29, 13, 4, 0.14%, 5, 0, 6, 58.65
1733805716, 24, 16, 31, 15, 4, 0.14%, 5, 0, 6, 52.56
1733805732, 24, 28, 31, 13, 2, 0.14%, 5, 0, 6, 51.27
1733805737, 24, 30, 31, 12, 1, 0.14%, 5, 0, 6, 75.91
1733805823, 24, 30, 32, 13, 1, 0.14%, 5, 0, 7, 52.15
1733805844, 24, 31, 32, 12, 2, 0.14%, 5, 0, 7, 89.38
1733805900, 24, 31, 33, 13, 2, 0.14%, 5, 0, 8, 59.19
1733805920, 24, 32, 33, 12, 2, 0.14%, 5, 0, 8, 53.42
1733805935, 24, 32, 35, 14, 2, 0.14%, 6, 0, 9, 90.77
1733806400, 24, 34, 35, 13, 2, 0.14%, 6, 0, 9, 47.64
1733806405, 25, 23, 35, 12, 1, 0.14%, 6, 0, 9, 83.57
1733806487, 26, 28, 35, 9, 0, 0.14%, 6, 0, 9, 89.52
1733806593, 27, 24, 35, 6, 0, 0.14%, 6, 0, 9, 41.56
1733806781, 27, 24, 36, 7, 0, 0.14%, 6, 0, 9, 65.97
1733806827, 27, 24, 37, 8, 0, 0.14%, 6, 0, 9, 66.67
1733806857, 27, 35, 38, 8, 2, 0.14%, 6, 0, 9, 52.37
1733808328, 27, 35, 39, 9, 2, 0.14%, 6, 0, 9, 79.60
1733808405, 27, 37, 39, 8, 2, 0.14%, 6, 0, 9, 88.50
1733808481, 27, 38, 39, 7, 1, 0.14%, 6, 0, 9, 44.45
1733808491, 28, 27, 39, 6, 0, 0.14%, 6, 0, 9, 64.43
1733808568, 28, 37, 39, 5, 0, 0.14%, 6, 0, 9, 58.92
1733808593, 29, 21, 39, 5, 0, 0.14%, 6, 0, 9, 52.06
1733808726, 29, 22, 39, 4, 0, 0.14%, 6, 0, 9, 76.45
1733808803, 29, 37, 39, 3, 0, 0.14%, 6, 0, 9, 60.07
1733808843, 30, 36, 39, 2, 0, 0.14%, 6, 0, 9, 75.36
1733809195, 32, 18, 39, 1, 0, 0.14%, 6, 0, 9, 89.08
1733809250, 32, 22, 39, 0, 0, 0.14%, 6, 0, 9, 58.17
1733809281, 33, 22, 39, 0, 0, 0.14%, 6, 0, 9, 55.21
1733809321, 34, 22, 39, 0, 0, 0.14%, 6, 0, 9, 61.05
1733809357, 34, 36, 39, 0, 0, 0.14%, 6, 0, 9, 63.89
1733809387, 35, 22, 39, 0, 0, 0.14%, 6, 0, 9, 54.22
1733809428, 35, 39, 40, 1, 1, 0.14%, 7, 0, 9, 53.63
1733810685, 36, 22, 40, 0, 0, 0.14%, 7, 0, 9, 56.76
1733810725, 37, 22, 40, 0, 0, 0.14%, 7, 0, 9, 51.15
1733810766, 38, 22, 40, 0, 0, 0.14%, 7, 0, 9, 54.62
1733810806, 39, 22, 40, 0, 0, 0.14%, 7, 0, 9, 56.43
1733810847, 40, 22, 40, 0, 0, 0.14%, 7, 0, 9, 59.30
1733810888, 41, 22, 40, 0, 0, 0.14%, 7, 0, 9, 57.53
1733810928, 42, 22, 40, 0, 0, 0.14%, 7, 0, 9, 60.82
1733810964, 42, 39, 40, 0, 0, 0.14%, 7, 0, 9, 78.83
1733810984, 43, 22, 40, 0, 0, 0.14%, 7, 0, 9, 57.88
1733811025, 43, 39, 40, 0, 0, 0.14%, 7, 0, 9, 83.14
1733811050, 44, 22, 40, 0, 0, 0.14%, 7, 0, 9, 61.75
1733811065, 44, 28, 40, 0, 0, 0.14%, 7, 0, 9, 63.81
1733811085, 44, 39, 40, 0, 0, 0.14%, 7, 0, 9, 78.65
1733811121, 45, 22, 40, 0, 0, 0.14%, 7, 0, 9, 56.67
1733811136, 45, 39, 40, 0, 0, 0.14%, 7, 0, 9, 82.57
1733811167, 46, 22, 40, 0, 0, 0.14%, 7, 0, 9, 67.04
1733811182, 46, 39, 40, 0, 0, 0.14%, 7, 0, 9, 62.09
1733811218, 47, 22, 40, 0, 0, 0.14%, 7, 0, 9, 59.99
1733811233, 47, 27, 40, 0, 0, 0.14%, 7, 0, 9, 53.99
1733811238, 47, 39, 40, 0, 0, 0.14%, 7, 0, 9, 81.98
1733811274, 48, 22, 40, 0, 0, 0.14%, 7, 0, 9, 58.00
1733811289, 48, 39, 40, 0, 0, 0.14%, 7, 0, 9, 82.42
1733811325, 49, 22, 40, 0, 0, 0.14%, 7, 0, 9, 59.15
1733811340, 49, 39, 40, 0, 0, 0.14%, 7, 0, 9, 82.08
1733811375, 50, 22, 40, 0, 0, 0.14%, 7, 0, 9, 57.31
1733811391, 50, 39, 40, 0, 0, 0.14%, 7, 0, 9, 79.11
1733811426, 51, 22, 40, 0, 0, 0.14%, 7, 0, 9, 57.75
1733811442, 52, 19, 40, 0, 0, 0.14%, 7, 0, 9, 80.60
1733811493, 52, 22, 40, 0, 0, 0.14%, 7, 0, 9, 60.89
1733811503, 53, 22, 40, 0, 0, 0.14%, 7, 0, 9, 54.30
1733811508, 54, 22, 40, 0, 0, 0.14%, 7, 0, 9, 58.72
1733811513, 55, 22, 40, 0, 0, 0.14%, 7, 0, 9, 60.93
1733811523, 56, 22, 40, 0, 0, 0.14%, 7, 0, 9, 62.57
1733811528, 56, 36, 40, 0, 0, 0.14%, 7, 0, 9, 73.48
1733811563, 57, 22, 40, 0, 0, 0.14%, 7, 0, 9, 60.87
1733811574, 58, 22, 40, 0, 0, 0.14%, 7, 0, 9, 59.80
1733811579, 58, 28, 40, 0, 0, 0.14%, 7, 0, 9, 59.91
1733811619, 59, 22, 40, 0, 0, 0.14%, 7, 0, 9, 55.52
1733811629, 59, 37, 40, 0, 0, 0.14%, 7, 0, 9, 56.91
1733811650, 60, 22, 40, 0, 0, 0.14%, 7, 0, 9, 55.44
1733811655, 61, 22, 40, 0, 0, 0.14%, 7, 0, 9, 58.51
1733811665, 62, 22, 40, 0, 0, 0.14%, 7, 0, 9, 55.47
1733811670, 63, 22, 40, 0, 0, 0.14%, 7, 0, 9, 62.26
1733811680, 64, 22, 40, 0, 0, 0.14%, 7, 0, 9, 58.95
1733811685, 65, 22, 40, 0, 0, 0.14%, 7, 0, 9, 61.32
1733811691, 65, 27, 40, 0, 0, 0.14%, 7, 0, 9, 63.91
1733811701, 66, 22, 40, 0, 0, 0.14%, 7, 0, 9, 60.20
1733811711, 66, 34, 40, 0, 0, 0.14%, 7, 0, 9, 85.02
1733812007, 67, 22, 40, 0, 0, 0.14%, 7, 0, 9, 55.21
1733812012, 67, 28, 40, 0, 0, 0.14%, 7, 0, 9, 56.10
1733812052, 68, 22, 40, 0, 0, 0.14%, 7, 0, 9, 59.09
1733812057, 69, 22, 40, 0, 0, 0.14%, 7, 0, 9, 59.47
1733812068, 70, 22, 40, 0, 0, 0.14%, 7, 0, 9, 59.37
1733812073, 70, 37, 40, 0, 0, 0.14%, 7, 0, 9, 56.58
1733812113, 71, 22, 40, 0, 0, 0.14%, 7, 0, 9, 62.03
1733812123, 72, 22, 40, 0, 0, 0.14%, 7, 0, 9, 55.84
1733812128, 73, 22, 40, 0, 0, 0.14%, 7, 0, 9, 57.39
1733812139, 74, 22, 40, 0, 0, 0.14%, 7, 0, 9, 62.21
1733812144, 75, 22, 40, 0, 0, 0.14%, 7, 0, 9, 57.61
1733812154, 76, 22, 40, 0, 0, 0.14%, 7, 0, 9, 57.40
1733812159, 76, 23, 40, 0, 0, 0.14%, 7, 0, 9, 58.35
1733812164, 76, 26, 40, 0, 0, 0.14%, 7, 0, 9, 80.61
1733812251, 77, 22, 40, 0, 0, 0.14%, 7, 0, 9, 60.33
1733812261, 78, 22, 40, 0, 0, 0.14%, 7, 0, 9, 59.91
1733812266, 79, 22, 40, 0, 0, 0.14%, 7, 0, 9, 59.46
1733812276, 80, 22, 40, 0, 0, 0.14%, 7, 0, 9, 56.53
1733812281, 81, 22, 40, 0, 0, 0.14%, 7, 0, 9, 57.78
1733812286, 81, 23, 40, 0, 0, 0.14%, 7, 0, 9, 64.52
1733812297, 82, 22, 40, 0, 0, 0.14%, 7, 0, 9, 58.48
1733812307, 83, 22, 40, 0, 0, 0.14%, 7, 0, 9, 56.37
1733812312, 84, 22, 40, 0, 0, 0.14%, 7, 0, 9, 58.17
1733812322, 85, 22, 40, 0, 0, 0.14%, 7, 0, 9, 53.99
1733812327, 86, 22, 40, 0, 0, 0.14%, 7, 0, 9, 54.96
1733812337, 87, 22, 40, 0, 0, 0.14%, 7, 0, 9, 58.95
1733812342, 88, 22, 40, 0, 0, 0.14%, 7, 0, 9, 57.77
1733812347, 89, 22, 40, 0, 0, 0.14%, 7, 0, 9, 64.76
1733812357, 89, 33, 40, 0, 0, 0.14%, 7, 0, 9, 81.72
1733812654, 90, 18, 40, 0, 0, 0.14%, 7, 0, 9, 60.76
1733812674, 90, 22, 40, 0, 0, 0.14%, 7, 0, 9, 51.26
1733812685, 91, 22, 40, 0, 0, 0.14%, 7, 0, 9, 61.02
1733812690, 92, 22, 40, 0, 0, 0.14%, 7, 0, 9, 60.39
1733812700, 93, 22, 40, 0, 0, 0.14%, 7, 0, 9, 56.73
1733812705, 94, 22, 40, 0, 0, 0.14%, 7, 0, 9, 53.49
1733812715, 94, 30, 40, 0, 0, 0.14%, 7, 0, 9, 62.81
1733812720, 95, 22, 40, 0, 0, 0.14%, 7, 0, 9, 61.08
1733812725, 96, 22, 40, 0, 0, 0.14%, 7, 0, 9, 57.61
1733812736, 97, 22, 40, 0, 0, 0.14%, 7, 0, 9, 57.98
1733812741, 98, 22, 40, 0, 0, 0.14%, 7, 0, 9, 60.23
1733812746, 99, 22, 40, 0, 0, 0.14%, 7, 0, 9, 61.21
1733812756, 100, 22, 40, 0, 0, 0.14%, 7, 0, 9, 61.34
1733812761, 101, 22, 40, 0, 0, 0.14%, 7, 0, 9, 61.87
1733812771, 101, 36, 40, 0, 0, 0.14%, 7, 0, 9, 72.45
1733812807, 102, 11, 40, 0, 0, 0.14%, 7, 0, 9, 61.85
1733812812, 102, 22, 40, 0, 0, 0.14%, 7, 0, 9, 58.55
1733812822, 103, 18, 40, 0, 0, 0.14%, 7, 0, 9, 63.99
1733812837, 103, 22, 40, 0, 0, 0.14%, 7, 0, 9, 61.67
1733812842, 104, 19, 40, 0, 0, 0.14%, 7, 0, 9, 58.18
1733812862, 104, 22, 40, 0, 0, 0.14%, 7, 0, 9, 60.06
1733812868, 104, 28, 40, 0, 0, 0.14%, 7, 0, 9, 57.93
1733812883, 105, 22, 40, 0, 0, 0.14%, 7, 0, 9, 59.02
1733812893, 106, 22, 40, 0, 0, 0.14%, 7, 0, 9, 57.46
1733812898, 107, 22, 40, 0, 0, 0.14%, 7, 0, 9, 60.86
1733812908, 107, 23, 40, 0, 0, 0.14%, 7, 0, 9, 55.04
1733812923, 108, 22, 40, 0, 0, 0.14%, 7, 0, 9, 58.86
1733812933, 108, 30, 40, 0, 0, 0.14%, 7, 0, 9, 60.16
1733812944, 109, 22, 40, 0, 0, 0.14%, 7, 0, 9, 57.04
1733812949, 110, 22, 40, 0, 0, 0.14%, 7, 0, 9, 59.81
1733812959, 111, 22, 40, 0, 0, 0.14%, 7, 0, 9, 62.69
1733812964, 112, 22, 40, 0, 0, 0.14%, 7, 0, 9, 56.70
1733812974, 112, 36, 40, 0, 0, 0.14%, 7, 0, 9, 74.28
1733813009, 113, 22, 40, 0, 0, 0.14%, 7, 0, 9, 60.66
1733813015, 114, 22, 40, 0, 0, 0.14%, 7, 0, 9, 60.51
1733813025, 115, 22, 40, 0, 0, 0.14%, 7, 0, 9, 60.63
1733813030, 115, 37, 40, 0, 0, 0.14%, 7, 0, 9, 55.73
1733813071, 115, 38, 40, 0, 0, 0.14%, 7, 0, 9, 108.16
1733814364, 116, 22, 40, 0, 0, 0.14%, 7, 0, 9, 59.98
1733814374, 117, 22, 40, 0, 0, 0.14%, 7, 0, 9, 63.96
1733814380, 117, 34, 40, 0, 0, 0.14%, 7, 0, 9, 64.27
1733814385, 118, 22, 40, 0, 0, 0.14%, 7, 0, 9, 61.14
1733814395, 118, 27, 40, 0, 0, 0.14%, 7, 0, 9, 62.55
1733814410, 119, 22, 40, 0, 0, 0.14%, 7, 0, 9, 62.56
1733814420, 119, 34, 40, 0, 0, 0.14%, 7, 0, 9, 65.88
1733814435, 120, 22, 40, 0, 0, 0.14%, 7, 0, 9, 57.82
1733814440, 121, 22, 40, 0, 0, 0.14%, 7, 0, 9, 61.72
1733814450, 121, 29, 40, 0, 0, 0.14%, 7, 0, 9, 67.96
1733814491, 122, 22, 40, 0, 0, 0.14%, 7, 0, 9, 60.90
1733814502, 123, 22, 40, 0, 0, 0.14%, 7, 0, 9, 59.68
1733814507, 124, 11, 40, 0, 0, 0.14%, 7, 0, 9, 59.72
1733814512, 124, 22, 40, 0, 0, 0.14%, 7, 0, 9, 62.38
1733814522, 124, 37, 40, 0, 0, 0.14%, 7, 0, 9, 58.47
1733814562, 125, 22, 40, 0, 0, 0.14%, 7, 0, 9, 64.84
1733814567, 125, 36, 40, 0, 0, 0.14%, 7, 0, 9, 67.56
1733814603, 126, 22, 40, 0, 0, 0.14%, 7, 0, 9, 59.99
1733814613, 127, 22, 40, 0, 0, 0.14%, 7, 0, 9, 56.66
1733814618, 128, 22, 40, 0, 0, 0.14%, 7, 0, 9, 60.87
1733814623, 129, 11, 40, 0, 0, 0.14%, 7, 0, 9, 59.97
1733814633, 129, 22, 40, 0, 0, 0.14%, 7, 0, 9, 57.92
1733814644, 130, 18, 40, 0, 0, 0.14%, 7, 0, 9, 64.02
1733814669, 130, 22, 40, 0, 0, 0.14%, 7, 0, 9, 57.26
1733814679, 131, 22, 40, 0, 0, 0.14%, 7, 0, 9, 64.09
1733814684, 132, 22, 40, 0, 0, 0.14%, 7, 0, 9, 61.63
1733814694, 133, 22, 40, 0, 0, 0.14%, 7, 0, 9, 58.32
1733814699, 133, 27, 40, 0, 0, 0.14%, 7, 0, 9, 60.81
1733814730, 134, 11, 40, 0, 0, 0.14%, 7, 0, 9, 55.70
1733814750, 134, 19, 40, 0, 0, 0.14%, 7, 0, 9, 57.66
1733814760, 134, 22, 40, 0, 0, 0.14%, 7, 0, 9, 59.72
1733814765, 134, 25, 40, 0, 0, 0.14%, 7, 0, 9, 69.86
1733814801, 135, 22, 40, 0, 0, 0.14%, 7, 0, 9, 59.81
1733814806, 135, 33, 40, 0, 0, 0.14%, 7, 0, 9, 60.14
1733814816, 136, 22, 40, 0, 0, 0.14%, 7, 0, 9, 59.64
1733814821, 137, 22, 40, 0, 0, 0.14%, 7, 0, 9, 57.89
1733814831, 138, 11, 40, 0, 0, 0.14%, 7, 0, 9, 56.03
1733814866, 138, 22, 40, 0, 0, 0.14%, 7, 0, 9, 66.06
1733814877, 139, 22, 40, 0, 0, 0.14%, 7, 0, 9, 66.30
1733814882, 140, 10, 40, 0, 0, 0.14%, 7, 0, 9, 59.97
1733814887, 140, 12, 40, 0, 0, 0.14%, 7, 0, 9, 57.31
1733814892, 140, 22, 40, 0, 0, 0.14%, 7, 0, 9, 61.96
1733814897, 141, 22, 40, 0, 0, 0.14%, 7, 0, 9, 61.68
1733814907, 142, 22, 40, 0, 0, 0.14%, 7, 0, 9, 61.09
1733814912, 143, 18, 40, 0, 0, 0.14%, 7, 0, 9, 57.98
1733814948, 143, 22, 40, 0, 0, 0.14%, 7, 0, 9, 69.29
1733814958, 144, 22, 40, 0, 0, 0.14%, 7, 0, 9, 62.80
1733814963, 144, 25, 40, 0, 0, 0.14%, 7, 0, 9, 61.85
1733814973, 144, 38, 40, 0, 0, 0.14%, 7, 0, 9, 72.81
1733814983, 145, 22, 40, 0, 0, 0.14%, 7, 0, 9, 65.77
1733814988, 145, 28, 40, 0, 0, 0.14%, 7, 0, 9, 63.64
1733815014, 146, 10, 40, 0, 0, 0.14%, 7, 0, 9, 57.64
1733815019, 146, 22, 40, 0, 0, 0.14%, 7, 0, 9, 59.63
1733815024, 146, 27, 40, 0, 0, 0.14%, 7, 0, 9, 63.68
1733815064, 147, 16, 40, 0, 0, 0.14%, 7, 0, 9, 58.53
1733815069, 147, 22, 40, 0, 0, 0.14%, 7, 0, 9, 60.00
1733815074, 148, 22, 40, 0, 0, 0.14%, 7, 0, 9, 58.33
1733815084, 149, 22, 40, 0, 0, 0.14%, 7, 0, 9, 61.14
1733815089, 150, 22, 40, 0, 0, 0.14%, 7, 0, 9, 59.31
1733815100, 151, 22, 40, 0, 0, 0.14%, 7, 0, 9, 59.94
1733815105, 152, 22, 40, 0, 0, 0.14%, 7, 0, 9, 58.65
1733815110, 152, 37, 40, 0, 0, 0.14%, 7, 0, 9, 66.23
1733815151, 153, 11, 40, 0, 0, 0.14%, 7, 0, 9, 58.87
1733815191, 153, 18, 40, 0, 0, 0.14%, 7, 0, 9, 57.94
1733815232, 153, 22, 40, 0, 0, 0.14%, 7, 0, 9, 64.79
1733815237, 154, 22, 40, 0, 0, 0.14%, 7, 0, 9, 60.64
1733815247, 155, 22, 40, 0, 0, 0.14%, 7, 0, 9, 59.45
1733815252, 156, 10, 40, 0, 0, 0.14%, 7, 0, 9, 58.76
1733815262, 156, 22, 40, 0, 0, 0.14%, 7, 0, 9, 62.07
1733815267, 157, 17, 40, 0, 0, 0.14%, 7, 0, 9, 81.23
1733815334, 157, 22, 40, 0, 0, 0.14%, 7, 0, 9, 55.04
1733815344, 158, 22, 40, 0, 0, 0.14%, 7, 0, 9, 58.60
1733815349, 158, 25, 40, 0, 0, 0.14%, 7, 0, 9, 60.12
1733815374, 158, 37, 40, 0, 0, 0.14%, 7, 0, 9, 57.24
1733815415, 159, 22, 40, 0, 0, 0.14%, 7, 0, 9, 63.13
1733815420, 159, 26, 40, 0, 0, 0.14%, 7, 0, 9, 59.01
1733815425, 160, 12, 40, 0, 0, 0.14%, 7, 0, 9, 55.90
1733815430, 160, 19, 40, 0, 0, 0.14%, 7, 0, 9, 57.15
1733815451, 160, 22, 40, 0, 0, 0.14%, 7, 0, 9, 63.00
1733815456, 160, 33, 40, 0, 0, 0.14%, 7, 0, 9, 60.75
1733815481, 161, 22, 40, 0, 0, 0.14%, 7, 0, 9, 61.89
1733815486, 161, 26, 40, 0, 0, 0.14%, 7, 0, 9, 62.20
1733815496, 162, 22, 40, 0, 0, 0.14%, 7, 0, 9, 58.21
1733815502, 162, 33, 40, 0, 0, 0.14%, 7, 0, 9, 60.20
1733815537, 163, 22, 40, 0, 0, 0.14%, 7, 0, 9, 62.22
1733815547, 163, 30, 40, 0, 0, 0.14%, 7, 0, 9, 61.90
1733815573, 164, 20, 40, 0, 0, 0.14%, 7, 0, 9, 86.48
1733815628, 164, 22, 40, 0, 0, 0.14%, 7, 0, 9, 58.27
1733815638, 164, 29, 40, 0, 0, 0.14%, 7, 0, 9, 64.42
1733815643, 165, 10, 40, 0, 0, 0.14%, 7, 0, 9, 58.44
1733815659, 165, 22, 40, 0, 0, 0.14%, 7, 0, 9, 55.49
1733815669, 165, 23, 40, 0, 0, 0.14%, 7, 0, 9, 56.91
1733815704, 165, 26, 40, 0, 0, 0.14%, 7, 0, 9, 66.37
1733815719, 166, 22, 40, 0, 0, 0.14%, 7, 0, 9, 60.08
1733815730, 167, 12, 40, 0, 0, 0.14%, 7, 0, 9, 57.35
1733815740, 167, 16, 40, 0, 0, 0.14%, 7, 0, 9, 59.14
1733815755, 167, 21, 40, 0, 0, 0.14%, 7, 0, 9, 59.14
1733815760, 167, 22, 40, 0, 0, 0.14%, 7, 0, 9, 60.41
1733815765, 168, 22, 40, 0, 0, 0.14%, 7, 0, 9, 61.50
1733815775, 168, 27, 40, 0, 0, 0.14%, 7, 0, 9, 64.00
1733815811, 168, 30, 40, 0, 0, 0.14%, 7, 0, 9, 56.20
1733815852, 168, 37, 40, 0, 0, 0.14%, 7, 0, 9, 60.89
1733815887, 169, 22, 40, 0, 0, 0.14%, 7, 0, 9, 62.12
1733815892, 170, 22, 40, 0, 0, 0.14%, 7, 0, 9, 58.58
1733815903, 171, 22, 40, 0, 0, 0.14%, 7, 0, 9, 61.40
1733815908, 171, 29, 40, 0, 0, 0.14%, 7, 0, 9, 60.61
1733815918, 172, 22, 40, 0, 0, 0.14%, 7, 0, 9, 60.73
1733815923, 172, 36, 40, 0, 0, 0.14%, 7, 0, 9, 61.31
1733815963, 173, 16, 40, 0, 0, 0.14%, 7, 0, 9, 57.98
1733815993, 173, 22, 40, 0, 0, 0.14%, 7, 0, 9, 63.64
1733815999, 174, 11, 40, 0, 0, 0.14%, 7, 0, 9, 59.54
1733816039, 174, 22, 40, 0, 0, 0.14%, 7, 0, 9, 57.05
1733816044, 175, 22, 40, 0, 0, 0.14%, 7, 0, 9, 64.96
1733816054, 176, 11, 40, 0, 0, 0.14%, 7, 0, 9, 55.09
1733816090, 176, 20, 40, 0, 0, 0.14%, 7, 0, 9, 60.01
1733816095, 176, 22, 40, 0, 0, 0.14%, 7, 0, 9, 62.56
1733816105, 177, 22, 40, 0, 0, 0.14%, 7, 0, 9, 61.88
1733816110, 178, 11, 40, 0, 0, 0.14%, 7, 0, 9, 57.90
1733816150, 178, 22, 40, 0, 0, 0.14%, 7, 0, 9, 60.98
1733816161, 178, 23, 40, 0, 0, 0.14%, 7, 0, 9, 57.80
1733816191, 179, 22, 40, 0, 0, 0.14%, 7, 0, 9, 57.36
1733816201, 179, 33, 40, 0, 0, 0.14%, 7, 0, 9, 64.16
1733816236, 179, 34, 40, 0, 0, 0.14%, 7, 0, 9, 63.24
1733816262, 180, 16, 40, 0, 0, 0.14%, 7, 0, 9, 52.29
1733816302, 180, 19, 40, 0, 0, 0.14%, 7, 0, 9, 54.48
1733816343, 180, 22, 40, 0, 0, 0.14%, 7, 0, 9, 60.25
1733816348, 184, 17, 40, 0, 0, 0.14%, 7, 0, 9, 62.67
1733816353, 184, 37, 40, 0, 0, 0.14%, 7, 0, 9, 64.59
1733816394, 185, 24, 40, 0, 0, 0.14%, 7, 0, 9, 60.34
1733816399, 187, 23, 40, 0, 0, 0.14%, 7, 0, 9, 59.08
1733816434, 188, 19, 40, 0, 0, 0.14%, 7, 0, 9, 59.88
1733816475, 189, 21, 40, 0, 0, 0.14%, 7, 0, 9, 71.83
1733816490, 189, 28, 40, 0, 0, 0.14%, 7, 0, 9, 62.95
1733816525, 192, 17, 40, 0, 0, 0.14%, 7, 0, 9, 61.28
1733816536, 192, 18, 40, 0, 0, 0.14%, 7, 0, 9, 61.66
1733816576, 193, 36, 40, 0, 0, 0.14%, 7, 0, 9, 68.91
1733816612, 194, 26, 40, 0, 0, 0.14%, 7, 0, 9, 60.60
1733816647, 194, 37, 40, 0, 0, 0.14%, 7, 0, 9, 58.95
1733816683, 195, 29, 40, 0, 0, 0.14%, 7, 0, 9, 60.88
1733816703, 197, 36, 40, 0, 0, 0.14%, 7, 0, 9, 70.49
1733816744, 198, 20, 40, 0, 0, 0.14%, 7, 0, 9, 64.26
1733816754, 198, 37, 40, 0, 0, 0.14%, 7, 0, 9, 62.64
1733816790, 199, 16, 40, 0, 0, 0.14%, 7, 0, 9, 52.43
1733816830, 200, 37, 40, 0, 0, 0.14%, 7, 0, 9, 58.07
1733816866, 201, 15, 40, 0, 0, 0.14%, 7, 0, 9, 60.84
1733816871, 203, 13, 40, 0, 0, 0.14%, 7, 0, 9, 63.44
1733816876, 203, 25, 40, 0, 0, 0.14%, 7, 0, 9, 59.76
1733816916, 204, 29, 40, 0, 0, 0.14%, 7, 0, 9, 59.79
1733816957, 204, 30, 40, 0, 0, 0.14%, 7, 0, 9, 61.91
1733816997, 205, 18, 40, 0, 0, 0.14%, 7, 0, 9, 57.00
1733817033, 206, 33, 40, 0, 0, 0.14%, 7, 0, 9, 62.69
1733817068, 206, 34, 40, 0, 0, 0.14%, 7, 0, 9, 72.09
1733817104, 206, 36, 40, 0, 0, 0.14%, 7, 0, 9, 76.07
1733817139, 207, 10, 40, 0, 0, 0.14%, 7, 0, 9, 56.84
1733817175, 209, 23, 40, 0, 0, 0.14%, 7, 0, 9, 59.02
1733817210, 211, 19, 40, 0, 0, 0.14%, 7, 0, 9, 52.06
1733817251, 212, 24, 40, 0, 0, 0.14%, 7, 0, 9, 72.31
1733817261, 213, 16, 40, 0, 0, 0.14%, 7, 0, 9, 59.94
1733817302, 215, 27, 40, 0, 0, 0.14%, 7, 0, 9, 62.89
1733817338, 215, 33, 40, 0, 0, 0.14%, 7, 0, 9, 63.22
1733817374, 216, 18, 40, 0, 0, 0.14%, 7, 0, 9, 59.66
1733817409, 218, 20, 40, 0, 0, 0.14%, 7, 0, 9, 63.80
1733817429, 219, 16, 40, 0, 0, 0.14%, 7, 0, 9, 57.70
1733817470, 220, 25, 40, 0, 0, 0.14%, 7, 0, 9, 58.29
1733817511, 221, 30, 40, 0, 0, 0.14%, 7, 0, 9, 55.81
1733817551, 221, 36, 40, 0, 0, 0.14%, 7, 0, 9, 56.74
1733817587, 223, 36, 40, 0, 0, 0.14%, 7, 0, 9, 68.68
1733817622, 224, 15, 40, 0, 0, 0.14%, 7, 0, 9, 56.52
1733817632, 224, 28, 40, 0, 0, 0.14%, 7, 0, 9, 56.40
1733817673, 225, 37, 40, 0, 0, 0.14%, 7, 0, 9, 58.77
1733817709, 226, 10, 40, 0, 0, 0.14%, 7, 0, 9, 55.65
1733817749, 226, 21, 40, 0, 0, 0.14%, 7, 0, 9, 65.18
1733817784, 226, 24, 40, 0, 0, 0.14%, 7, 0, 9, 71.63
1733817805, 227, 20, 40, 0, 0, 0.14%, 7, 0, 9, 63.02
1733817840, 227, 38, 40, 0, 0, 0.14%, 7, 0, 9, 89.88
1733817866, 230, 27, 40, 0, 0, 0.14%, 7, 0, 9, 60.80
1733817906, 232, 26, 40, 0, 0, 0.14%, 7, 0, 9, 60.14
1733817947, 232, 31, 40, 0, 0, 0.14%, 7, 0, 9, 63.09
1733817952, 233, 27, 40, 0, 0, 0.14%, 7, 0, 9, 65.59
1733817982, 234, 13, 40, 0, 0, 0.14%, 7, 0, 9, 70.56
1733817992, 234, 20, 40, 0, 0, 0.14%, 7, 0, 9, 63.52
1733818033, 235, 13, 40, 0, 0, 0.14%, 7, 0, 9, 67.20
1733818053, 236, 13, 40, 0, 0, 0.14%, 7, 0, 9, 62.50
1733818089, 237, 13, 40, 0, 0, 0.14%, 7, 0, 9, 53.62
1733818129, 237, 25, 40, 0, 0, 0.14%, 7, 0, 9, 64.38
1733818170, 238, 29, 40, 0, 0, 0.14%, 7, 0, 9, 62.02
1733818206, 238, 34, 40, 0, 0, 0.14%, 7, 0, 9, 60.74
1733818241, 239, 23, 40, 0, 0, 0.14%, 7, 0, 9, 60.79
1733818282, 240, 17, 40, 0, 0, 0.14%, 7, 0, 9, 63.57
1733818302, 240, 31, 40, 0, 0, 0.14%, 7, 0, 9, 61.90
1733818307, 241, 26, 40, 0, 0, 0.14%, 7, 0, 9, 64.26
1733818348, 242, 30, 40, 0, 0, 0.14%, 7, 0, 9, 52.56
1733818389, 243, 13, 40, 0, 0, 0.14%, 7, 0, 9, 66.42
1733818424, 243, 17, 40, 0, 0, 0.14%, 7, 0, 9, 63.55
1733818455, 244, 18, 40, 0, 0, 0.14%, 7, 0, 9, 65.58
1733818495, 244, 23, 40, 0, 0, 0.14%, 7, 0, 9, 59.89
1733818536, 244, 36, 40, 0, 0, 0.14%, 7, 0, 9, 71.44
1733818571, 246, 15, 40, 0, 0, 0.14%, 7, 0, 9, 57.79
1733818592, 246, 34, 40, 0, 0, 0.14%, 7, 0, 9, 63.92
1733818632, 247, 26, 40, 0, 0, 0.14%, 7, 0, 9, 64.14
1733818668, 247, 34, 40, 0, 0, 0.14%, 7, 0, 9, 58.87
1733818708, 247, 36, 40, 0, 0, 0.14%, 7, 0, 9, 66.88
1733818713, 252, 11, 40, 0, 0, 0.14%, 7, 0, 9, 57.37
1733818754, 252, 12, 40, 0, 0, 0.14%, 7, 0, 9, 56.34
1733818774, 252, 14, 40, 0, 0, 0.14%, 7, 0, 9, 51.66
1733818779, 252, 17, 40, 0, 0, 0.14%, 7, 0, 9, 55.90
1733818815, 252, 26, 40, 0, 0, 0.14%, 7, 0, 9, 71.95
1733818850, 252, 36, 40, 0, 0, 0.14%, 7, 0, 9, 64.12
1733818855, 253, 37, 40, 0, 0, 0.14%, 7, 0, 9, 60.56
1733818896, 255, 31, 40, 0, 0, 0.14%, 7, 0, 9, 56.08
1733818921, 257, 12, 40, 0, 0, 0.14%, 7, 0, 9, 53.57
1733818957, 258, 21, 40, 0, 0, 0.14%, 7, 0, 9, 68.78
1733818992, 259, 17, 40, 0, 0, 0.14%, 7, 0, 9, 64.40
1733819033, 259, 19, 40, 0, 0, 0.14%, 7, 0, 9, 56.45
1733819068, 259, 29, 40, 0, 0, 0.14%, 7, 0, 9, 57.73
1733819109, 261, 19, 40, 0, 0, 0.14%, 7, 0, 9, 59.26
1733819150, 262, 20, 40, 0, 0, 0.14%, 7, 0, 9, 68.67
1733819190, 264, 14, 40, 0, 0, 0.14%, 7, 0, 9, 61.02
1733819200, 266, 20, 40, 0, 0, 0.14%, 7, 0, 9, 62.70
1733819235, 266, 25, 40, 0, 0, 0.14%, 7, 0, 9, 51.88
1733819276, 267, 28, 40, 0, 0, 0.14%, 7, 0, 9, 58.07
1733819317, 268, 31, 40, 0, 0, 0.14%, 7, 0, 9, 57.79
1733819358, 269, 24, 40, 0, 0, 0.14%, 7, 0, 9, 64.91
1733819388, 270, 25, 40, 0, 0, 0.14%, 7, 0, 9, 62.62
1733819424, 272, 10, 40, 0, 0, 0.14%, 7, 0, 9, 61.51
1733819464, 272, 17, 40, 0, 0, 0.14%, 7, 0, 9, 70.40
1733819500, 272, 21, 40, 0, 0, 0.14%, 7, 0, 9, 70.21
1733819536, 272, 37, 40, 0, 0, 0.14%, 7, 0, 9, 64.50
1733819541, 273, 12, 40, 0, 0, 0.14%, 7, 0, 9, 59.23
1733819576, 274, 18, 40, 0, 0, 0.14%, 7, 0, 9, 65.41
1733819612, 274, 21, 40, 0, 0, 0.14%, 7, 0, 9, 68.80
1733819647, 275, 29, 40, 0, 0, 0.14%, 7, 0, 9, 64.28
1733819688, 276, 21, 40, 0, 0, 0.14%, 7, 0, 9, 71.53
1733819724, 277, 30, 40, 0, 0, 0.14%, 7, 0, 9, 58.72
1733819764, 280, 20, 40, 0, 0, 0.14%, 7, 0, 9, 62.71
1733819800, 281, 13, 40, 0, 0, 0.14%, 7, 0, 9, 58.79
1733819835, 282, 19, 40, 0, 0, 0.14%, 7, 0, 9, 65.91
1733819876, 284, 38, 40, 0, 0, 0.14%, 7, 0, 9, 65.16
1733819911, 285, 17, 40, 0, 0, 0.14%, 7, 0, 9, 63.64
1733819947, 286, 19, 40, 0, 0, 0.14%, 7, 0, 9, 56.22
1733819987, 286, 21, 40, 0, 0, 0.14%, 7, 0, 9, 73.10
1733820023, 286, 28, 40, 0, 0, 0.14%, 7, 0, 9, 61.92
1733820058, 287, 24, 40, 0, 0, 0.14%, 7, 0, 9, 59.48
1733820093, 288, 23, 40, 0, 0, 0.14%, 7, 0, 9, 54.84
1733820134, 288, 26, 40, 0, 0, 0.14%, 7, 0, 9, 58.08
1733820174, 289, 17, 40, 0, 0, 0.14%, 7, 0, 9, 59.81
1733820215, 289, 18, 40, 0, 0, 0.14%, 7, 0, 9, 58.77
1733820250, 289, 37, 40, 0, 0, 0.14%, 7, 0, 9, 64.11
1733820260, 290, 20, 40, 0, 0, 0.14%, 7, 0, 9, 62.24
1733820301, 292, 14, 40, 0, 0, 0.14%, 7, 0, 9, 54.88
1733820316, 297, 13, 40, 0, 0, 0.14%, 7, 0, 9, 61.65
1733820356, 298, 28, 40, 0, 0, 0.14%, 7, 0, 9, 62.02
1733820392, 301, 35, 40, 0, 0, 0.14%, 7, 0, 9, 70.10
1733820397, 301, 37, 40, 0, 0, 0.14%, 7, 0, 9, 59.77
1733820402, 304, 36, 40, 0, 0, 0.14%, 7, 0, 9, 68.54
1733820407, 306, 15, 40, 0, 0, 0.14%, 7, 0, 9, 59.08
1733820452, 306, 35, 40, 0, 0, 0.14%, 7, 0, 9, 66.50
1733820463, 307, 38, 40, 0, 0, 0.14%, 7, 0, 9, 71.77
1733820498, 309, 38, 40, 0, 0, 0.14%, 7, 0, 9, 56.29
1733820534, 310, 36, 40, 0, 0, 0.14%, 7, 0, 9, 56.03
1733820539, 311, 14, 40, 0, 0, 0.14%, 7, 0, 9, 59.46
1733820579, 311, 24, 40, 0, 0, 0.14%, 7, 0, 9, 63.79
1733820615, 312, 14, 40, 0, 0, 0.14%, 7, 0, 9, 60.58
1733820651, 312, 20, 40, 0, 0, 0.14%, 7, 0, 9, 61.87
1733820691, 312, 31, 40, 0, 0, 0.14%, 7, 0, 9, 59.89
1733820727, 312, 36, 40, 0, 0, 0.14%, 7, 0, 9, 65.69
1733820732, 313, 19, 40, 0, 0, 0.14%, 7, 0, 9, 58.60
1733820767, 316, 28, 40, 0, 0, 0.14%, 7, 0, 9, 63.93
1733820808, 319, 12, 40, 0, 0, 0.14%, 7, 0, 9, 56.51
1733820838, 320, 37, 40, 0, 0, 0.14%, 7, 0, 9, 56.56
1733820848, 321, 37, 40, 0, 0, 0.14%, 7, 0, 9, 55.68
1733820853, 323, 17, 40, 0, 0, 0.14%, 7, 0, 9, 64.10
1733820889, 325, 31, 40, 0, 0, 0.14%, 7, 0, 9, 61.47
1733820930, 325, 35, 40, 0, 0, 0.14%, 7, 0, 9, 76.23
1733820955, 326, 31, 40, 0, 0, 0.14%, 7, 0, 9, 62.72
1733820991, 331, 38, 40, 0, 0, 0.14%, 7, 0, 9, 67.45
1733821026, 334, 15, 40, 0, 0, 0.14%, 7, 0, 9, 61.67
1733821067, 335, 28, 40, 0, 0, 0.14%, 7, 0, 9, 62.69
1733821102, 338, 15, 40, 0, 0, 0.14%, 7, 0, 9, 68.16
1733821143, 339, 24, 40, 0, 0, 0.14%, 7, 0, 9, 59.71
1733821184, 339, 31, 40, 0, 0, 0.14%, 7, 0, 9, 59.27
1733821219, 340, 24, 40, 0, 0, 0.14%, 7, 0, 9, 70.40
1733821260, 347, 13, 40, 0, 0, 0.14%, 7, 0, 9, 62.90
1733821295, 348, 32, 40, 0, 0, 0.14%, 7, 0, 9, 64.59
1733821300, 353, 12, 40, 0, 0, 0.14%, 7, 0, 9, 59.69
1733821341, 353, 14, 40, 0, 0, 0.14%, 7, 0, 9, 55.83
1733821376, 353, 28, 40, 0, 0, 0.14%, 7, 0, 9, 56.73
