# unix_time, cycles_done, cur_path, paths_total, pending_total, pending_favs, map_size, unique_crashes, unique_hangs, max_depth, execs_per_sec
1733731384, 0, 0, 10, 10, 1, 0.01%, 0, 0, 1, 36.25
1733731404, 1, 0, 10, 1, 0, 0.01%, 0, 0, 1, 43.40
1733731409, 1, 1, 10, 1, 0, 0.01%, 0, 0, 1, 46.05
1733731420, 1, 2, 10, 0, 0, 0.01%, 0, 0, 1, 43.84
1733731425, 1, 3, 10, 0, 0, 0.01%, 0, 0, 1, 44.74
1733731430, 1, 4, 10, 0, 0, 0.01%, 0, 0, 1, 44.66
1733731435, 1, 5, 10, 0, 0, 0.01%, 0, 0, 1, 44.24
1733731440, 1, 6, 10, 0, 0, 0.01%, 0, 0, 1, 42.10
1733731445, 1, 7, 10, 0, 0, 0.01%, 0, 0, 1, 44.36
1733731450, 1, 8, 10, 0, 0, 0.01%, 0, 0, 1, 44.07
1733731460, 1, 9, 10, 0, 0, 0.01%, 0, 0, 1, 44.04
1733731465, 2, 0, 10, 0, 0, 0.01%, 0, 0, 1, 43.39
1733731471, 2, 1, 10, 0, 0, 0.01%, 0, 0, 1, 42.36
1733731476, 2, 2, 10, 0, 0, 0.01%, 0, 0, 1, 44.13
1733731481, 2, 3, 10, 0, 0, 0.01%, 0, 0, 1, 44.77
1733731486, 2, 4, 10, 0, 0, 0.01%, 0, 0, 1, 44.58
1733731496, 2, 5, 10, 0, 0, 0.01%, 0, 0, 1, 44.63
1733731501, 2, 6, 10, 0, 0, 0.01%, 0, 0, 1, 43.02
1733731506, 2, 7, 10, 0, 0, 0.01%, 0, 0, 1, 44.19
1733731511, 2, 8, 10, 0, 0, 0.01%, 0, 0, 1, 43.90
1733731516, 2, 9, 10, 0, 0, 0.01%, 0, 0, 1, 43.88
1733731521, 3, 0, 10, 0, 0, 0.01%, 0, 0, 1, 43.31
1733731526, 3, 1, 10, 0, 0, 0.01%, 0, 0, 1, 42.86
1733731536, 3, 2, 10, 0, 0, 0.01%, 0, 0, 1, 42.82
1733731542, 3, 3, 10, 0, 0, 0.01%, 0, 0, 1, 45.10
1733731547, 3, 4, 10, 0, 0, 0.01%, 0, 0, 1, 44.95
1733731552, 3, 5, 10, 0, 0, 0.01%, 0, 0, 1, 43.72
1733731557, 3, 6, 10, 0, 0, 0.01%, 0, 0, 1, 43.66
1733731562, 3, 7, 10, 0, 0, 0.01%, 0, 0, 1, 43.86
1733731567, 3, 8, 10, 0, 0, 0.01%, 0, 0, 1, 45.27
1733731577, 3, 9, 10, 0, 0, 0.01%, 0, 0, 1, 43.60
1733731582, 4, 0, 10, 0, 0, 0.01%, 0, 0, 1, 45.16
1733731587, 4, 1, 10, 0, 0, 0.01%, 0, 0, 1, 42.85
1733731593, 4, 2, 10, 0, 0, 0.01%, 0, 0, 1, 44.29
1733731598, 4, 3, 10, 0, 0, 0.01%, 0, 0, 1, 44.56
1733731603, 4, 4, 10, 0, 0, 0.01%, 0, 0, 1, 44.46
1733731608, 4, 5, 10, 0, 0, 0.01%, 0, 0, 1, 45.81
1733731613, 4, 6, 10, 0, 0, 0.01%, 0, 0, 1, 45.18
1733731623, 4, 7, 10, 0, 0, 0.01%, 0, 0, 1, 43.78
1733731628, 4, 8, 10, 0, 0, 0.01%, 0, 0, 1, 42.59
1733731633, 4, 9, 10, 0, 0, 0.01%, 0, 0, 1, 43.75
1733731638, 5, 0, 10, 0, 0, 0.01%, 0, 0, 1, 42.27
1733731643, 5, 1, 10, 0, 0, 0.01%, 0, 0, 1, 41.94
1733731648, 5, 2, 10, 0, 0, 0.01%, 0, 0, 1, 42.12
1733731659, 5, 3, 10, 0, 0, 0.01%, 0, 0, 1, 43.85
1733731664, 5, 4, 10, 0, 0, 0.01%, 0, 0, 1, 43.52
1733731669, 5, 5, 10, 0, 0, 0.01%, 0, 0, 1, 43.56
1733731674, 5, 6, 10, 0, 0, 0.01%, 0, 0, 1, 42.66
1733731679, 5, 7, 10, 0, 0, 0.01%, 0, 0, 1, 43.45
1733731684, 5, 8, 10, 0, 0, 0.01%, 0, 0, 1, 43.87
1733731694, 5, 9, 10, 0, 0, 0.01%, 0, 0, 1, 44.30
1733731699, 6, 0, 10, 0, 0, 0.01%, 0, 0, 1, 45.19
1733731704, 6, 1, 10, 0, 0, 0.01%, 0, 0, 1, 42.78
1733731709, 6, 2, 10, 0, 0, 0.01%, 0, 0, 1, 42.01
1733731714, 6, 3, 10, 0, 0, 0.01%, 0, 0, 1, 43.67
1733731719, 6, 4, 10, 0, 0, 0.01%, 0, 0, 1, 44.74
1733731725, 6, 5, 10, 0, 0, 0.01%, 0, 0, 1, 43.14
1733731735, 6, 6, 10, 0, 0, 0.01%, 0, 0, 1, 45.46
1733731740, 6, 7, 10, 0, 0, 0.01%, 0, 0, 1, 45.21
1733731745, 6, 8, 10, 0, 0, 0.01%, 0, 0, 1, 44.29
1733731750, 6, 9, 10, 0, 0, 0.01%, 0, 0, 1, 44.42
1733731755, 7, 0, 10, 0, 0, 0.01%, 0, 0, 1, 43.78
1733731760, 7, 1, 10, 0, 0, 0.01%, 0, 0, 1, 42.91
1733731765, 7, 2, 10, 0, 0, 0.01%, 0, 0, 1, 43.94
1733731775, 7, 3, 10, 0, 0, 0.01%, 0, 0, 1, 43.29
1733731780, 7, 4, 10, 0, 0, 0.01%, 0, 0, 1, 43.97
1733731785, 7, 5, 10, 0, 0, 0.01%, 0, 0, 1, 43.13
1733731791, 7, 6, 10, 0, 0, 0.01%, 0, 0, 1, 43.46
1733731796, 7, 7, 10, 0, 0, 0.01%, 0, 0, 1, 44.90
1733731801, 7, 8, 10, 0, 0, 0.01%, 0, 0, 1, 44.36
1733731811, 7, 9, 10, 0, 0, 0.01%, 0, 0, 1, 43.27
1733731816, 8, 0, 10, 0, 0, 0.01%, 0, 0, 1, 42.91
1733731821, 8, 1, 10, 0, 0, 0.01%, 0, 0, 1, 46.05
1733731826, 8, 2, 10, 0, 0, 0.01%, 0, 0, 1, 45.04
1733731831, 8, 3, 10, 0, 0, 0.01%, 0, 0, 1, 44.25
1733731836, 8, 4, 10, 0, 0, 0.01%, 0, 0, 1, 43.53
1733731841, 8, 5, 10, 0, 0, 0.01%, 0, 0, 1, 44.28
1733731847, 8, 6, 10, 0, 0, 0.01%, 0, 0, 1, 44.30
1733731857, 8, 7, 10, 0, 0, 0.01%, 0, 0, 1, 43.70
1733731862, 8, 8, 10, 0, 0, 0.01%, 0, 0, 1, 43.92
1733731867, 8, 9, 10, 0, 0, 0.01%, 0, 0, 1, 42.70
1733731872, 9, 0, 10, 0, 0, 0.01%, 0, 0, 1, 43.69
1733731877, 9, 1, 10, 0, 0, 0.01%, 0, 0, 1, 44.48
1733731882, 9, 2, 10, 0, 0, 0.01%, 0, 0, 1, 43.73
1733731887, 9, 3, 10, 0, 0, 0.01%, 0, 0, 1, 43.49
1733731897, 9, 4, 10, 0, 0, 0.01%, 0, 0, 1, 42.01
1733731902, 9, 5, 10, 0, 0, 0.01%, 0, 0, 1, 40.97
1733731907, 9, 6, 10, 0, 0, 0.01%, 0, 0, 1, 44.11
1733731913, 9, 7, 10, 0, 0, 0.01%, 0, 0, 1, 43.14
1733731918, 9, 8, 10, 0, 0, 0.01%, 0, 0, 1, 45.03
1733731923, 9, 9, 10, 0, 0, 0.01%, 0, 0, 1, 44.62
1733731933, 10, 0, 10, 0, 0, 0.01%, 0, 0, 1, 44.55
1733731938, 10, 1, 10, 0, 0, 0.01%, 0, 0, 1, 44.79
1733731943, 10, 2, 10, 0, 0, 0.01%, 0, 0, 1, 46.21
1733731948, 10, 3, 10, 0, 0, 0.01%, 0, 0, 1, 45.61
1733731953, 10, 4, 10, 0, 0, 0.01%, 0, 0, 1, 46.13
1733731958, 10, 5, 10, 0, 0, 0.01%, 0, 0, 1, 45.83
1733731963, 10, 6, 10, 0, 0, 0.01%, 0, 0, 1, 45.78
1733731968, 10, 7, 10, 0, 0, 0.01%, 0, 0, 1, 43.80
1733731974, 10, 8, 10, 0, 0, 0.01%, 0, 0, 1, 45.74
1733731984, 10, 9, 10, 0, 0, 0.01%, 0, 0, 1, 46.07
1733731989, 11, 0, 10, 0, 0, 0.01%, 0, 0, 1, 45.28
1733731994, 11, 1, 10, 0, 0, 0.01%, 0, 0, 1, 45.69
1733731999, 11, 2, 10, 0, 0, 0.01%, 0, 0, 1, 45.04
1733732004, 11, 3, 10, 0, 0, 0.01%, 0, 0, 1, 46.35
1733732009, 11, 4, 10, 0, 0, 0.01%, 0, 0, 1, 45.91
1733732014, 11, 5, 10, 0, 0, 0.01%, 0, 0, 1, 46.37
1733732019, 11, 6, 10, 0, 0, 0.01%, 0, 0, 1, 46.99
1733732025, 11, 7, 10, 0, 0, 0.01%, 0, 0, 1, 45.22
1733732035, 11, 8, 10, 0, 0, 0.01%, 0, 0, 1, 46.05
1733732040, 11, 9, 10, 0, 0, 0.01%, 0, 0, 1, 44.83
1733732045, 12, 0, 10, 0, 0, 0.01%, 0, 0, 1, 45.00
1733732050, 12, 1, 10, 0, 0, 0.01%, 0, 0, 1, 44.57
1733732055, 12, 2, 10, 0, 0, 0.01%, 0, 0, 1, 45.54
1733732060, 12, 3, 10, 0, 0, 0.01%, 0, 0, 1, 45.52
1733732065, 12, 4, 10, 0, 0, 0.01%, 0, 0, 1, 45.56
1733732070, 12, 5, 10, 0, 0, 0.01%, 0, 0, 1, 45.93
1733732075, 12, 6, 10, 0, 0, 0.01%, 0, 0, 1, 47.56
1733732080, 12, 7, 10, 0, 0, 0.01%, 0, 0, 1, 46.15
1733732085, 12, 8, 10, 0, 0, 0.01%, 0, 0, 1, 46.83
1733732096, 12, 9, 10, 0, 0, 0.01%, 0, 0, 1, 44.85
1733732101, 13, 0, 10, 0, 0, 0.01%, 0, 0, 1, 46.79
1733732106, 13, 1, 10, 0, 0, 0.01%, 0, 0, 1, 44.77
1733732111, 13, 2, 10, 0, 0, 0.01%, 0, 0, 1, 46.61
1733732116, 13, 3, 10, 0, 0, 0.01%, 0, 0, 1, 44.50
1733732121, 13, 4, 10, 0, 0, 0.01%, 0, 0, 1, 45.76
1733732126, 13, 5, 10, 0, 0, 0.01%, 0, 0, 1, 45.56
1733732131, 13, 6, 10, 0, 0, 0.01%, 0, 0, 1, 44.62
1733732141, 13, 7, 10, 0, 0, 0.01%, 0, 0, 1, 46.16
1733732146, 13, 8, 10, 0, 0, 0.01%, 0, 0, 1, 46.37
1733732151, 13, 9, 10, 0, 0, 0.01%, 0, 0, 1, 46.96
1733732156, 14, 0, 10, 0, 0, 0.01%, 0, 0, 1, 46.13
1733732161, 14, 1, 10, 0, 0, 0.01%, 0, 0, 1, 46.52
1733732166, 14, 2, 10, 0, 0, 0.01%, 0, 0, 1, 45.36
1733732171, 14, 3, 10, 0, 0, 0.01%, 0, 0, 1, 46.32
1733732177, 14, 4, 10, 0, 0, 0.01%, 0, 0, 1, 47.99
1733732182, 14, 5, 10, 0, 0, 0.01%, 0, 0, 1, 46.49
1733732187, 14, 6, 10, 0, 0, 0.01%, 0, 0, 1, 46.73
1733732192, 14, 7, 10, 0, 0, 0.01%, 0, 0, 1, 45.50
1733732202, 14, 8, 10, 0, 0, 0.01%, 0, 0, 1, 45.14
1733732207, 14, 9, 10, 0, 0, 0.01%, 0, 0, 1, 46.41
1733732212, 15, 0, 10, 0, 0, 0.01%, 0, 0, 1, 46.58
1733732217, 15, 1, 10, 0, 0, 0.01%, 0, 0, 1, 45.62
1733732222, 15, 2, 10, 0, 0, 0.01%, 0, 0, 1, 41.21
1733732243, 15, 3, 10, 0, 0, 0.01%, 0, 0, 1, 43.79
1733732268, 15, 4, 10, 0, 0, 0.01%, 0, 0, 1, 38.79
1733732289, 15, 5, 10, 0, 0, 0.01%, 0, 0, 1, 39.55
1733732309, 15, 6, 10, 0, 0, 0.01%, 0, 0, 1, 40.89
1733732329, 15, 7, 10, 0, 0, 0.01%, 0, 0, 1, 41.25
1733732350, 15, 8, 10, 0, 0, 0.01%, 0, 0, 1, 42.54
1733732370, 15, 9, 10, 0, 0, 0.01%, 0, 0, 1, 43.45
1733732390, 16, 0, 10, 0, 0, 0.01%, 0, 0, 1, 45.70
1733732401, 16, 1, 10, 0, 0, 0.01%, 0, 0, 1, 45.55
1733732406, 16, 2, 10, 0, 0, 0.01%, 0, 0, 1, 44.55
1733732411, 16, 3, 10, 0, 0, 0.01%, 0, 0, 1, 46.77
1733732416, 16, 4, 10, 0, 0, 0.01%, 0, 0, 1, 46.93
1733732421, 16, 5, 10, 0, 0, 0.01%, 0, 0, 1, 48.12
1733732426, 16, 6, 10, 0, 0, 0.01%, 0, 0, 1, 44.87
1733732431, 16, 7, 10, 0, 0, 0.01%, 0, 0, 1, 46.26
1733732436, 16, 8, 10, 0, 0, 0.01%, 0, 0, 1, 45.77
1733732441, 16, 9, 10, 0, 0, 0.01%, 0, 0, 1, 45.73
1733732446, 17, 0, 10, 0, 0, 0.01%, 0, 0, 1, 46.65
1733732456, 17, 1, 10, 0, 0, 0.01%, 0, 0, 1, 46.10
1733732462, 17, 2, 10, 0, 0, 0.01%, 0, 0, 1, 46.89
1733732467, 17, 3, 10, 0, 0, 0.01%, 0, 0, 1, 47.91
1733732472, 17, 4, 10, 0, 0, 0.01%, 0, 0, 1, 47.47
1733732477, 17, 5, 10, 0, 0, 0.01%, 0, 0, 1, 45.43
1733732482, 17, 6, 10, 0, 0, 0.01%, 0, 0, 1, 45.94
1733732487, 17, 7, 10, 0, 0, 0.01%, 0, 0, 1, 48.16
1733732492, 17, 8, 10, 0, 0, 0.01%, 0, 0, 1, 46.56
1733732497, 17, 9, 10, 0, 0, 0.01%, 0, 0, 1, 46.53
1733732502, 17, 10, 11, 1, 1, 0.14%, 1, 0, 2, 48.26
1733732512, 17, 10, 12, 2, 1, 0.14%, 2, 0, 3, 53.17
1733732588, 17, 11, 12, 1, 1, 0.14%, 2, 0, 3, 71.69
1733732594, 17, 11, 13, 2, 1, 0.14%, 3, 0, 4, 62.07
1733732609, 17, 11, 14, 3, 1, 0.14%, 3, 0, 4, 48.07
1733732716, 17, 12, 14, 2, 2, 0.14%, 3, 0, 4, 62.76
1733732726, 17, 12, 15, 3, 2, 0.14%, 3, 0, 5, 49.65
1733732838, 17, 12, 16, 4, 2, 0.14%, 3, 0, 5, 50.66
1733732879, 17, 14, 16, 3, 2, 0.14%, 3, 0, 5, 52.68
1733732904, 17, 14, 17, 4, 2, 0.14%, 4, 0, 6, 52.42
1733732914, 17, 14, 18, 5, 2, 0.14%, 4, 0, 6, 51.48
1733732991, 17, 14, 19, 6, 2, 0.14%, 4, 0, 6, 51.72
1733733021, 17, 14, 20, 7, 2, 0.14%, 4, 0, 6, 53.28
1733733031, 17, 14, 22, 9, 2, 0.14%, 4, 0, 6, 57.17
1733733036, 17, 14, 23, 10, 2, 0.14%, 4, 0, 6, 50.84
1733733047, 17, 20, 24, 10, 1, 0.14%, 5, 0, 7, 76.69
1733733107, 17, 20, 25, 11, 1, 0.14%, 5, 0, 7, 61.13
1733733128, 17, 24, 25, 9, 1, 0.14%, 5, 0, 7, 68.83
1733733219, 17, 24, 26, 10, 1, 0.14%, 5, 0, 8, 47.29
1733733224, 17, 24, 28, 12, 1, 0.14%, 5, 0, 8, 61.54
1733733230, 17, 25, 28, 11, 1, 0.14%, 5, 0, 8, 79.12
1733733235, 17, 25, 29, 12, 1, 0.14%, 5, 0, 9, 95.96
1733733275, 17, 25, 30, 13, 1, 0.14%, 5, 0, 9, 59.97
1733733311, 17, 25, 31, 14, 1, 0.14%, 5, 0, 9, 62.22
1733733397, 17, 29, 31, 13, 1, 0.14%, 5, 0, 9, 69.94
1733733479, 17, 29, 32, 14, 1, 0.14%, 5, 0, 10, 60.42
1733733499, 17, 29, 33, 15, 1, 0.14%, 5, 0, 10, 59.83
1733733555, 17, 29, 34, 16, 1, 0.14%, 5, 0, 10, 56.98
1733733580, 17, 32, 34, 15, 2, 0.14%, 5, 0, 10, 78.70
1733733667, 17, 32, 35, 16, 2, 0.14%, 5, 0, 11, 67.05
1733733758, 17, 33, 35, 15, 1, 0.14%, 5, 0, 11, 83.29
1733733809, 17, 33, 36, 16, 1, 0.14%, 6, 0, 11, 61.33
1733733921, 17, 35, 36, 15, 1, 0.14%, 6, 0, 11, 53.76
1733734120, 17, 35, 37, 16, 1, 0.14%, 7, 0, 12, 70.56
1733734180, 17, 35, 38, 17, 1, 0.14%, 7, 0, 12, 72.26
1733734216, 17, 36, 38, 16, 1, 0.14%, 7, 0, 12, 53.57
1733734221, 18, 21, 38, 15, 0, 0.14%, 7, 0, 12, 83.53
1733734374, 18, 36, 38, 12, 0, 0.14%, 7, 0, 12, 71.85
1733734814, 18, 37, 38, 12, 0, 0.14%, 7, 0, 12, 39.83
1733737396, 19, 31, 38, 9, 0, 0.14%, 7, 0, 12, 76.33
1733737524, 19, 34, 38, 8, 0, 0.14%, 7, 0, 12, 76.54
1733737702, 22, 26, 38, 3, 0, 0.14%, 7, 0, 12, 77.55
1733737844, 23, 15, 38, 3, 0, 0.14%, 7, 0, 12, 69.92
1733737916, 26, 19, 38, 1, 0, 0.14%, 7, 0, 12, 82.75
1733737966, 27, 22, 38, 1, 0, 0.14%, 7, 0, 12, 69.39
1733738048, 27, 34, 38, 1, 0, 0.14%, 7, 0, 12, 62.31
1733738053, 28, 17, 38, 1, 0, 0.14%, 7, 0, 12, 64.06
1733738134, 28, 34, 38, 0, 0, 0.14%, 7, 0, 12, 59.91
1733738150, 29, 34, 38, 0, 0, 0.14%, 7, 0, 12, 58.33
1733738180, 30, 34, 38, 0, 0, 0.14%, 7, 0, 12, 72.16
1733738216, 31, 34, 38, 0, 0, 0.14%, 7, 0, 12, 63.91
1733738251, 32, 34, 38, 0, 0, 0.14%, 7, 0, 12, 68.67
1733738292, 33, 34, 38, 0, 0, 0.14%, 7, 0, 12, 68.19
1733738328, 34, 17, 38, 0, 0, 0.14%, 7, 0, 12, 61.16
1733738333, 34, 34, 38, 0, 0, 0.14%, 7, 0, 12, 67.95
1733738368, 35, 17, 38, 0, 0, 0.14%, 7, 0, 12, 59.58
1733738383, 36, 17, 38, 0, 0, 0.14%, 7, 0, 12, 57.26
1733738419, 37, 17, 38, 0, 0, 0.14%, 7, 0, 12, 60.07
1733738454, 38, 17, 38, 0, 0, 0.14%, 7, 0, 12, 55.72
1733738495, 39, 17, 38, 0, 0, 0.14%, 7, 0, 12, 59.03
1733738530, 40, 17, 38, 0, 0, 0.14%, 7, 0, 12, 57.49
1733738571, 41, 17, 38, 0, 0, 0.14%, 7, 0, 12, 60.43
1733738606, 42, 17, 38, 0, 0, 0.14%, 7, 0, 12, 60.95
1733738646, 43, 17, 38, 0, 0, 0.14%, 7, 0, 12, 64.82
1733738687, 47, 23, 38, 0, 0, 0.14%, 7, 0, 12, 91.82
1733738758, 50, 15, 38, 0, 0, 0.14%, 7, 0, 12, 56.22
1733738763, 55, 15, 38, 0, 0, 0.14%, 7, 0, 12, 59.59
1733738779, 68, 15, 38, 0, 0, 0.14%, 7, 0, 12, 56.00
1733738809, 68, 27, 38, 0, 0, 0.14%, 7, 0, 12, 72.65
1733739070, 77, 16, 38, 0, 0, 0.14%, 7, 0, 12, 65.72
1733739141, 82, 15, 38, 0, 0, 0.14%, 7, 0, 12, 56.73
1733739181, 85, 20, 38, 0, 0, 0.14%, 7, 0, 12, 58.49
1733739186, 97, 18, 38, 0, 0, 0.14%, 7, 0, 12, 61.97
1733739217, 98, 20, 38, 0, 0, 0.14%, 7, 0, 12, 54.09
1733739242, 99, 18, 38, 0, 0, 0.14%, 7, 0, 12, 60.09
1733739247, 100, 28, 38, 0, 0, 0.14%, 7, 0, 12, 81.24
1733739308, 107, 28, 38, 0, 0, 0.14%, 7, 0, 12, 66.58
1733739339, 108, 28, 38, 0, 0, 0.14%, 7, 0, 12, 64.96
1733739374, 109, 20, 38, 0, 0, 0.14%, 7, 0, 12, 63.89
1733739389, 113, 23, 38, 0, 0, 0.14%, 7, 0, 12, 56.60
1733739405, 113, 29, 38, 0, 0, 0.14%, 7, 0, 12, 59.64
1733739415, 124, 19, 38, 0, 0, 0.14%, 7, 0, 12, 61.27
1733739420, 126, 28, 38, 0, 0, 0.14%, 7, 0, 12, 62.46
1733739461, 128, 18, 38, 0, 0, 0.14%, 7, 0, 12, 54.16
1733739471, 129, 31, 38, 0, 0, 0.14%, 7, 0, 12, 62.31
1733739481, 130, 15, 38, 0, 0, 0.14%, 7, 0, 12, 56.87
1733739522, 132, 14, 38, 0, 0, 0.14%, 7, 0, 12, 64.38
1733739527, 132, 15, 38, 0, 0, 0.14%, 7, 0, 12, 57.82
1733739567, 133, 18, 38, 0, 0, 0.14%, 7, 0, 12, 59.25
1733739588, 133, 20, 38, 0, 0, 0.14%, 7, 0, 12, 60.79
1733739623, 133, 23, 38, 0, 0, 0.14%, 7, 0, 12, 58.69
1733739634, 134, 29, 38, 0, 0, 0.14%, 7, 0, 12, 68.80
1733739654, 140, 30, 38, 0, 0, 0.14%, 7, 0, 12, 64.14
1733739745, 141, 19, 38, 0, 0, 0.14%, 7, 0, 12, 58.48
1733739760, 141, 29, 38, 0, 0, 0.14%, 7, 0, 12, 63.70
1733739801, 142, 13, 38, 0, 0, 0.14%, 7, 0, 12, 86.09
1733739821, 144, 20, 38, 0, 0, 0.14%, 7, 0, 12, 58.91
1733739862, 148, 15, 38, 0, 0, 0.14%, 7, 0, 12, 59.56
1733739902, 148, 28, 38, 0, 0, 0.14%, 7, 0, 12, 61.15
1733739937, 154, 19, 38, 0, 0, 0.14%, 7, 0, 12, 55.49
1733739963, 154, 20, 38, 0, 0, 0.14%, 7, 0, 12, 57.38
1733740008, 156, 29, 38, 0, 0, 0.14%, 7, 0, 12, 63.63
1733740049, 158, 24, 38, 0, 0, 0.14%, 7, 0, 12, 58.81
1733740054, 162, 28, 38, 0, 0, 0.14%, 7, 0, 12, 69.62
1733740089, 166, 12, 38, 0, 0, 0.14%, 7, 0, 12, 56.95
1733740094, 167, 18, 38, 0, 0, 0.14%, 7, 0, 12, 55.30
1733740135, 169, 16, 38, 0, 0, 0.14%, 7, 0, 12, 63.61
1733740140, 170, 14, 38, 0, 0, 0.14%, 7, 0, 12, 57.69
1733740150, 170, 24, 38, 0, 0, 0.14%, 7, 0, 12, 62.48
1733740165, 172, 36, 38, 0, 0, 0.14%, 7, 0, 12, 60.93
1733740175, 173, 25, 38, 0, 0, 0.14%, 7, 0, 12, 60.33
1733740185, 173, 29, 38, 0, 0, 0.14%, 7, 0, 12, 64.17
1733740221, 174, 28, 38, 0, 0, 0.14%, 7, 0, 12, 62.52
1733740261, 174, 29, 38, 0, 0, 0.14%, 7, 0, 12, 64.54
1733740297, 176, 12, 38, 0, 0, 0.14%, 7, 0, 12, 57.75
1733740307, 176, 20, 38, 0, 0, 0.14%, 7, 0, 12, 59.70
1733740343, 176, 36, 38, 0, 0, 0.14%, 7, 0, 12, 68.06
1733740358, 178, 22, 38, 0, 0, 0.14%, 7, 0, 12, 59.68
1733740363, 181, 31, 38, 0, 0, 0.14%, 7, 0, 12, 58.58
1733740388, 181, 32, 38, 0, 0, 0.14%, 7, 0, 12, 62.77
1733740398, 185, 14, 38, 0, 0, 0.14%, 7, 0, 12, 56.70
1733740418, 185, 31, 38, 0, 0, 0.14%, 7, 0, 12, 57.81
1733740459, 185, 32, 38, 0, 0, 0.14%, 7, 0, 12, 62.43
1733740469, 186, 22, 38, 0, 0, 0.14%, 7, 0, 12, 61.34
1733740489, 187, 22, 38, 0, 0, 0.14%, 7, 0, 12, 60.18
1733740530, 187, 32, 38, 0, 0, 0.14%, 7, 0, 12, 68.78
1733740560, 187, 33, 38, 0, 0, 0.14%, 7, 0, 12, 59.39
1733740565, 189, 11, 38, 0, 0, 0.14%, 7, 0, 12, 56.34
1733740570, 189, 22, 38, 0, 0, 0.14%, 7, 0, 12, 60.80
1733740611, 190, 19, 38, 0, 0, 0.14%, 7, 0, 12, 59.35
1733740646, 190, 29, 38, 0, 0, 0.14%, 7, 0, 12, 62.68
1733740687, 191, 14, 38, 0, 0, 0.14%, 7, 0, 12, 59.21
1733740727, 191, 33, 38, 0, 0, 0.14%, 7, 0, 12, 61.56
1733740742, 192, 27, 38, 0, 0, 0.14%, 7, 0, 12, 61.78
1733740753, 194, 23, 38, 0, 0, 0.14%, 7, 0, 12, 58.61
1733740778, 194, 29, 38, 0, 0, 0.14%, 7, 0, 12, 62.97
1733740819, 195, 14, 38, 0, 0, 0.14%, 7, 0, 12, 55.28
1733740854, 195, 32, 38, 0, 0, 0.14%, 7, 0, 12, 68.60
1733740889, 198, 24, 38, 0, 0, 0.14%, 7, 0, 12, 66.49
1733740925, 199, 27, 38, 0, 0, 0.14%, 7, 0, 12, 65.48
1733740960, 200, 22, 38, 0, 0, 0.14%, 7, 0, 12, 63.96
1733740996, 203, 22, 38, 0, 0, 0.14%, 7, 0, 12, 66.24
1733741031, 204, 29, 38, 0, 0, 0.14%, 7, 0, 12, 68.23
1733741072, 205, 11, 38, 0, 0, 0.14%, 7, 0, 12, 53.16
1733741077, 205, 22, 38, 0, 0, 0.14%, 7, 0, 12, 58.86
1733741118, 208, 12, 38, 0, 0, 0.14%, 7, 0, 12, 54.73
1733741138, 208, 19, 38, 0, 0, 0.14%, 7, 0, 12, 65.41
1733741174, 208, 32, 38, 0, 0, 0.14%, 7, 0, 12, 57.35
1733741215, 209, 21, 38, 0, 0, 0.14%, 7, 0, 12, 64.56
1733741220, 210, 11, 38, 0, 0, 0.14%, 7, 0, 12, 59.51
1733741235, 210, 27, 38, 0, 0, 0.14%, 7, 0, 12, 53.54
1733741275, 212, 28, 38, 0, 0, 0.14%, 7, 0, 12, 61.87
1733741311, 214, 13, 38, 0, 0, 0.14%, 7, 0, 12, 53.65
1733741316, 215, 18, 38, 0, 0, 0.14%, 7, 0, 12, 59.67
1733741356, 216, 11, 38, 0, 0, 0.14%, 7, 0, 12, 61.79
1733741387, 217, 21, 38, 0, 0, 0.14%, 7, 0, 12, 71.61
1733741408, 218, 14, 38, 0, 0, 0.14%, 7, 0, 12, 58.79
1733741443, 220, 22, 38, 0, 0, 0.14%, 7, 0, 12, 57.34
1733741483, 221, 13, 38, 0, 0, 0.14%, 7, 0, 12, 57.89
1733741499, 221, 14, 38, 0, 0, 0.14%, 7, 0, 12, 61.03
1733741534, 225, 20, 38, 0, 0, 0.14%, 7, 0, 12, 59.52
1733741570, 226, 21, 38, 0, 0, 0.14%, 7, 0, 12, 55.02
1733741611, 227, 20, 38, 0, 0, 0.14%, 7, 0, 12, 54.99
1733741647, 228, 10, 38, 0, 0, 0.14%, 7, 0, 12, 59.04
1733741652, 228, 14, 38, 0, 0, 0.14%, 7, 0, 12, 57.08
1733741692, 229, 19, 38, 0, 0, 0.14%, 7, 0, 12, 55.61
1733741733, 230, 21, 38, 0, 0, 0.14%, 7, 0, 12, 69.54
1733741769, 230, 31, 38, 0, 0, 0.14%, 7, 0, 12, 64.10
1733741809, 231, 13, 38, 0, 0, 0.14%, 7, 0, 12, 59.94
1733741840, 231, 27, 38, 0, 0, 0.14%, 7, 0, 12, 71.47
1733741875, 233, 35, 38, 0, 0, 0.14%, 7, 0, 12, 67.54
1733741880, 236, 10, 38, 0, 0, 0.14%, 7, 0, 12, 61.63
1733741885, 236, 35, 38, 0, 0, 0.14%, 7, 0, 12, 58.43
1733741911, 237, 12, 38, 0, 0, 0.14%, 7, 0, 12, 50.63
1733741951, 237, 22, 38, 0, 0, 0.14%, 7, 0, 12, 62.30
1733741992, 237, 36, 38, 0, 0, 0.14%, 7, 0, 12, 68.08
1733742017, 238, 18, 38, 0, 0, 0.14%, 7, 0, 12, 56.19
1733742058, 239, 16, 38, 0, 0, 0.14%, 7, 0, 12, 61.09
1733742078, 240, 11, 38, 0, 0, 0.14%, 7, 0, 12, 59.60
1733742113, 240, 22, 38, 0, 0, 0.14%, 7, 0, 12, 61.31
1733742154, 243, 12, 38, 0, 0, 0.14%, 7, 0, 12, 57.39
1733742189, 243, 20, 38, 0, 0, 0.14%, 7, 0, 12, 62.35
1733742235, 243, 24, 38, 0, 0, 0.14%, 7, 0, 12, 57.11
1733742270, 244, 14, 38, 0, 0, 0.14%, 7, 0, 12, 59.10
1733742306, 245, 10, 38, 0, 0, 0.14%, 7, 0, 12, 54.38
1733742317, 245, 18, 38, 0, 0, 0.14%, 7, 0, 12, 58.12
1733742357, 245, 35, 38, 0, 0, 0.14%, 7, 0, 12, 68.46
1733742393, 247, 18, 38, 0, 0, 0.14%, 7, 0, 12, 60.48
1733742434, 249, 11, 38, 0, 0, 0.14%, 7, 0, 12, 55.74
1733742474, 249, 27, 38, 0, 0, 0.14%, 7, 0, 12, 70.46
1733742510, 250, 24, 38, 0, 0, 0.14%, 7, 0, 12, 53.14
1733742551, 250, 33, 38, 0, 0, 0.14%, 7, 0, 12, 63.18
1733742586, 251, 14, 38, 0, 0, 0.14%, 7, 0, 12, 57.89
1733742617, 251, 33, 38, 0, 0, 0.14%, 7, 0, 12, 61.95
1733742657, 252, 33, 38, 0, 0, 0.14%, 7, 0, 12, 59.83
1733742693, 253, 16, 38, 0, 0, 0.14%, 7, 0, 12, 61.50
1733742734, 257, 19, 38, 0, 0, 0.14%, 7, 0, 12, 59.44
1733742769, 257, 30, 38, 0, 0, 0.14%, 7, 0, 12, 53.54
1733742779, 258, 10, 38, 0, 0, 0.14%, 7, 0, 12, 58.32
1733742805, 261, 32, 38, 0, 0, 0.14%, 7, 0, 12, 68.09
1733742840, 261, 35, 38, 0, 0, 0.14%, 7, 0, 12, 70.19
1733742881, 262, 21, 38, 0, 0, 0.14%, 7, 0, 12, 70.74
1733742916, 263, 33, 38, 0, 0, 0.14%, 7, 0, 12, 58.77
1733742952, 264, 13, 38, 0, 0, 0.14%, 7, 0, 12, 61.42
1733742992, 264, 31, 38, 0, 0, 0.14%, 7, 0, 12, 60.77
1733743028, 265, 21, 38, 0, 0, 0.14%, 7, 0, 12, 73.53
1733743063, 265, 23, 38, 0, 0, 0.14%, 7, 0, 12, 59.85
1733743104, 268, 35, 38, 0, 0, 0.14%, 7, 0, 12, 65.87
1733743139, 269, 24, 38, 0, 0, 0.14%, 7, 0, 12, 58.66
1733743180, 271, 36, 38, 0, 0, 0.14%, 7, 0, 12, 68.49
1733743216, 272, 25, 38, 0, 0, 0.14%, 7, 0, 12, 64.51
1733743246, 272, 32, 38, 0, 0, 0.14%, 7, 0, 12, 62.93
1733743282, 274, 36, 38, 0, 0, 0.14%, 7, 0, 12, 58.44
1733743323, 275, 13, 38, 0, 0, 0.14%, 7, 0, 12, 58.80
1733743358, 275, 22, 38, 0, 0, 0.14%, 7, 0, 12, 64.48
1733743399, 276, 21, 38, 0, 0, 0.14%, 7, 0, 12, 72.58
1733743434, 277, 11, 38, 0, 0, 0.14%, 7, 0, 12, 53.76
1733743470, 280, 27, 38, 0, 0, 0.14%, 7, 0, 12, 59.87
1733743505, 283, 20, 38, 0, 0, 0.14%, 7, 0, 12, 61.14
1733743546, 286, 24, 38, 0, 0, 0.14%, 7, 0, 12, 63.54
1733743587, 286, 33, 38, 0, 0, 0.14%, 7, 0, 12, 65.18
1733743622, 287, 16, 38, 0, 0, 0.14%, 7, 0, 12, 57.75
1733743663, 289, 21, 38, 0, 0, 0.14%, 7, 0, 12, 73.68
1733743699, 290, 22, 38, 0, 0, 0.14%, 7, 0, 12, 59.38
1733743704, 291, 13, 38, 0, 0, 0.14%, 7, 0, 12, 60.96
1733743740, 291, 33, 38, 0, 0, 0.14%, 7, 0, 12, 60.21
1733743780, 294, 33, 38, 0, 0, 0.14%, 7, 0, 12, 67.29
1733743821, 295, 31, 38, 0, 0, 0.14%, 7, 0, 12, 68.64
1733743857, 297, 25, 38, 0, 0, 0.14%, 7, 0, 12, 66.51
1733743893, 297, 36, 38, 0, 0, 0.14%, 7, 0, 12, 74.63
1733743928, 299, 30, 38, 0, 0, 0.14%, 7, 0, 12, 60.13
1733743964, 300, 12, 38, 0, 0, 0.14%, 7, 0, 12, 51.69
1733743999, 301, 25, 38, 0, 0, 0.14%, 7, 0, 12, 62.86
1733744035, 307, 12, 38, 0, 0, 0.14%, 7, 0, 12, 57.73
1733744075, 308, 22, 38, 0, 0, 0.14%, 7, 0, 12, 60.15
1733744080, 310, 10, 38, 0, 0, 0.14%, 7, 0, 12, 60.92
1733744111, 311, 27, 38, 0, 0, 0.14%, 7, 0, 12, 58.84
1733744146, 313, 37, 38, 0, 0, 0.14%, 7, 0, 12, 72.11
1733744152, 314, 23, 38, 0, 0, 0.14%, 7, 0, 12, 61.93
1733744192, 316, 31, 38, 0, 0, 0.14%, 7, 0, 12, 67.77
1733744227, 319, 31, 38, 0, 0, 0.14%, 7, 0, 12, 66.14
1733744263, 320, 22, 38, 0, 0, 0.14%, 7, 0, 12, 58.73
1733744273, 322, 31, 38, 0, 0, 0.14%, 7, 0, 12, 65.39
1733744309, 323, 31, 38, 0, 0, 0.14%, 7, 0, 12, 61.41
1733744349, 324, 10, 38, 0, 0, 0.14%, 7, 0, 12, 52.40
1733744390, 324, 12, 38, 0, 0, 0.14%, 7, 0, 12, 53.68
1733744430, 326, 12, 38, 0, 0, 0.14%, 7, 0, 12, 55.31
1733744466, 329, 35, 38, 0, 0, 0.14%, 7, 0, 12, 53.69
1733744506, 335, 23, 38, 0, 0, 0.14%, 7, 0, 12, 57.72
1733744547, 335, 35, 38, 0, 0, 0.14%, 7, 0, 12, 68.15
1733744582, 337, 23, 38, 0, 0, 0.14%, 7, 0, 12, 61.53
1733744623, 340, 23, 38, 0, 0, 0.14%, 7, 0, 12, 60.85
1733744659, 344, 19, 38, 0, 0, 0.14%, 7, 0, 12, 53.81
1733744699, 344, 30, 38, 0, 0, 0.14%, 7, 0, 12, 66.58
1733744740, 350, 30, 38, 0, 0, 0.14%, 7, 0, 12, 65.33
1733744775, 351, 22, 38, 0, 0, 0.14%, 7, 0, 12, 58.30
1733744786, 352, 13, 38, 0, 0, 0.14%, 7, 0, 12, 56.91
1733744826, 352, 16, 38, 0, 0, 0.14%, 7, 0, 12, 64.37
1733744862, 352, 30, 38, 0, 0, 0.14%, 7, 0, 12, 55.56
1733744903, 356, 16, 38, 0, 0, 0.14%, 7, 0, 12, 62.80
1733744938, 367, 23, 38, 0, 0, 0.14%, 7, 0, 12, 66.74
1733744979, 370, 25, 38, 0, 0, 0.14%, 7, 0, 12, 55.22
1733745019, 370, 30, 38, 0, 0, 0.14%, 7, 0, 12, 65.13
1733745055, 371, 23, 38, 0, 0, 0.14%, 7, 0, 12, 60.22
1733745095, 372, 22, 38, 0, 0, 0.14%, 7, 0, 12, 63.89
1733745106, 372, 33, 38, 0, 0, 0.14%, 7, 0, 12, 65.17
1733745141, 375, 22, 38, 0, 0, 0.14%, 7, 0, 12, 53.11
1733745151, 385, 16, 38, 0, 0, 0.14%, 7, 0, 12, 60.14
1733745187, 389, 30, 38, 0, 0, 0.14%, 7, 0, 12, 61.21
1733745222, 395, 23, 38, 0, 0, 0.14%, 7, 0, 12, 58.88
1733745263, 398, 19, 38, 0, 0, 0.14%, 7, 0, 12, 62.90
1733745303, 401, 26, 38, 0, 0, 0.14%, 7, 0, 12, 62.83
1733745314, 404, 22, 38, 0, 0, 0.14%, 7, 0, 12, 62.94
1733745319, 410, 25, 38, 0, 0, 0.14%, 7, 0, 12, 60.67
1733745359, 412, 16, 38, 0, 0, 0.14%, 7, 0, 12, 59.46
1733745400, 415, 22, 38, 0, 0, 0.14%, 7, 0, 12, 60.44
1733745405, 416, 30, 38, 0, 0, 0.14%, 7, 0, 12, 62.53
1733745440, 425, 25, 38, 0, 0, 0.14%, 7, 0, 12, 62.70
1733745481, 430, 22, 38, 0, 0, 0.14%, 7, 0, 12, 58.35
1733745486, 432, 23, 38, 0, 0, 0.14%, 7, 0, 12, 57.32
1733745526, 436, 25, 38, 0, 0, 0.14%, 7, 0, 12, 60.63
1733745567, 451, 22, 38, 0, 0, 0.14%, 7, 0, 12, 68.73
1733745572, 455, 26, 38, 0, 0, 0.14%, 7, 0, 12, 65.16
1733745597, 457, 26, 38, 0, 0, 0.14%, 7, 0, 12, 63.61
1733745638, 477, 23, 38, 0, 0, 0.14%, 7, 0, 12, 57.60
1733745643, 488, 23, 38, 0, 0, 0.14%, 7, 0, 12, 55.17
1733745653, 494, 16, 38, 0, 0, 0.14%, 7, 0, 12, 63.48
1733745688, 497, 26, 38, 0, 0, 0.14%, 7, 0, 12, 62.19
1733745729, 503, 23, 38, 0, 0, 0.14%, 7, 0, 12, 58.15
1733745734, 508, 23, 38, 0, 0, 0.14%, 7, 0, 12, 59.60
1733745739, 511, 23, 38, 0, 0, 0.14%, 7, 0, 12, 58.39
1733745750, 512, 23, 38, 0, 0, 0.14%, 7, 0, 12, 58.56
1733745755, 519, 26, 38, 0, 0, 0.14%, 7, 0, 12, 53.74
1733745795, 520, 23, 38, 0, 0, 0.14%, 7, 0, 12, 54.26
1733745806, 525, 23, 38, 0, 0, 0.14%, 7, 0, 12, 59.21
1733745811, 549, 22, 38, 0, 0, 0.14%, 7, 0, 12, 59.82
1733745821, 581, 23, 38, 0, 0, 0.14%, 7, 0, 12, 59.59
1733745826, 585, 22, 38, 0, 0, 0.14%, 7, 0, 12, 59.83
1733745836, 591, 23, 38, 0, 0, 0.14%, 7, 0, 12, 58.46
1733745841, 595, 23, 38, 0, 0, 0.14%, 7, 0, 12, 61.27
1733745851, 605, 23, 38, 0, 0, 0.14%, 7, 0, 12, 62.81
1733745856, 608, 22, 38, 0, 0, 0.14%, 7, 0, 12, 63.80
1733745861, 618, 23, 38, 0, 0, 0.14%, 7, 0, 12, 56.33
1733745871, 621, 23, 38, 0, 0, 0.14%, 7, 0, 12, 57.46
1733745876, 628, 22, 38, 0, 0, 0.14%, 7, 0, 12, 61.58
1733745887, 661, 23, 38, 0, 0, 0.14%, 7, 0, 12, 58.49
1733745892, 664, 22, 38, 0, 0, 0.14%, 7, 0, 12, 54.84
1733745902, 673, 23, 38, 0, 0, 0.14%, 7, 0, 12, 57.16
1733745907, 685, 23, 38, 0, 0, 0.14%, 7, 0, 12, 61.08
1733745917, 698, 22, 38, 0, 0, 0.14%, 7, 0, 12, 63.53
1733745922, 715, 22, 38, 0, 0, 0.14%, 7, 0, 12, 59.23
1733745932, 729, 22, 38, 0, 0, 0.14%, 7, 0, 12, 59.84
1733745937, 742, 22, 38, 0, 0, 0.14%, 7, 0, 12, 62.16
1733745942, 745, 22, 38, 0, 0, 0.14%, 7, 0, 12, 62.92
1733745952, 745, 23, 38, 0, 0, 0.14%, 7, 0, 12, 56.08
1733745958, 797, 23, 38, 0, 0, 0.14%, 7, 0, 12, 57.65
1733745968, 811, 22, 38, 0, 0, 0.14%, 7, 0, 12, 63.73
1733745973, 819, 23, 38, 0, 0, 0.14%, 7, 0, 12, 60.43
1733745978, 821, 23, 38, 0, 0, 0.14%, 7, 0, 12, 59.73
1733745988, 837, 23, 38, 0, 0, 0.14%, 7, 0, 12, 57.99
1733745993, 873, 23, 38, 0, 0, 0.14%, 7, 0, 12, 55.44
1733746003, 900, 23, 38, 0, 0, 0.14%, 7, 0, 12, 56.14
1733746013, 905, 23, 38, 0, 0, 0.14%, 7, 0, 12, 61.45
1733746018, 913, 23, 38, 0, 0, 0.14%, 7, 0, 12, 59.27
1733746023, 923, 23, 38, 0, 0, 0.14%, 7, 0, 12, 60.17
1733746033, 926, 23, 38, 0, 0, 0.14%, 7, 0, 12, 55.66
1733746038, 928, 23, 38, 0, 0, 0.14%, 7, 0, 12, 58.13
1733746049, 952, 23, 38, 0, 0, 0.14%, 7, 0, 12, 60.49
1733746054, 968, 23, 38, 0, 0, 0.14%, 7, 0, 12, 55.54
1733746064, 970, 23, 38, 0, 0, 0.14%, 7, 0, 12, 59.55
1733746069, 973, 23, 38, 0, 0, 0.14%, 7, 0, 12, 59.27
1733746079, 984, 23, 38, 0, 0, 0.14%, 7, 0, 12, 55.64
1733746084, 1046, 23, 38, 0, 0, 0.14%, 7, 0, 12, 60.12
1733746094, 1072, 23, 38, 0, 0, 0.14%, 7, 0, 12, 57.80
1733746099, 1173, 23, 38, 0, 0, 0.14%, 7, 0, 12, 56.11
1733746105, 1175, 23, 38, 0, 0, 0.14%, 7, 0, 12, 59.02
1733746115, 1227, 23, 38, 0, 0, 0.14%, 7, 0, 12, 61.46
1733746120, 1268, 23, 38, 0, 0, 0.14%, 7, 0, 12, 60.47
1733746130, 1270, 23, 38, 0, 0, 0.14%, 7, 0, 12, 59.74
1733746135, 1271, 23, 38, 0, 0, 0.14%, 7, 0, 12, 60.05
1733746140, 1291, 23, 38, 0, 0, 0.14%, 7, 0, 12, 62.58
1733746150, 1292, 23, 38, 0, 0, 0.14%, 7, 0, 12, 57.11
1733746156, 1324, 23, 38, 0, 0, 0.14%, 7, 0, 12, 53.32
1733746166, 1326, 23, 38, 0, 0, 0.14%, 7, 0, 12, 55.64
1733746171, 1367, 23, 38, 0, 0, 0.14%, 7, 0, 12, 59.22
1733746181, 1400, 23, 38, 0, 0, 0.14%, 7, 0, 12, 58.52
1733746186, 1417, 23, 38, 0, 0, 0.14%, 7, 0, 12, 58.34
1733746196, 1495, 23, 38, 0, 0, 0.14%, 7, 0, 12, 56.11
1733746201, 1531, 23, 38, 0, 0, 0.14%, 7, 0, 12, 58.89
1733746211, 1536, 23, 38, 0, 0, 0.14%, 7, 0, 12, 60.22
1733746216, 1548, 23, 38, 0, 0, 0.14%, 7, 0, 12, 56.29
1733746226, 15817, 0, 38, 0, 0, 0.14%, 7, 0, 12, 0.00
1733746232, 32458, 0, 38, 0, 0, 0.14%, 7, 0, 12, 0.00
1733746237, 49125, 0, 38, 0, 0, 0.14%, 7, 0, 12, 0.00
1733746242, 65752, 0, 38, 0, 0, 0.14%, 7, 0, 12, 0.00
1733746247, 82394, 0, 38, 0, 0, 0.14%, 7, 0, 12, 0.00
1733746252, 99037, 0, 38, 0, 0, 0.14%, 7, 0, 12, 0.00
1733746258, 115653, 0, 38, 0, 0, 0.14%, 7, 0, 12, 0.00
1733746263, 132218, 0, 38, 0, 0, 0.14%, 7, 0, 12, 0.00
1733746268, 148804, 0, 38, 0, 0, 0.14%, 7, 0, 12, 0.00
1733746273, 165425, 0, 38, 0, 0, 0.14%, 7, 0, 12, 0.00
1733746278, 182077, 0, 38, 0, 0, 0.14%, 7, 0, 12, 0.00
1733746284, 198715, 0, 38, 0, 0, 0.14%, 7, 0, 12, 0.00
1733746289, 215348, 0, 38, 0, 0, 0.14%, 7, 0, 12, 0.00
1733746294, 232004, 0, 38, 0, 0, 0.14%, 7, 0, 12, 0.00
1733746299, 248571, 0, 38, 0, 0, 0.14%, 7, 0, 12, 0.00
1733746304, 265217, 0, 38, 0, 0, 0.14%, 7, 0, 12, 0.00
1733746310, 281780, 0, 38, 0, 0, 0.14%, 7, 0, 12, 0.00
1733746315, 298361, 0, 38, 0, 0, 0.14%, 7, 0, 12, 0.00
1733746320, 314991, 0, 38, 0, 0, 0.14%, 7, 0, 12, 0.00
1733746325, 331655, 0, 38, 0, 0, 0.14%, 7, 0, 12, 0.00
1733746330, 348337, 0, 38, 0, 0, 0.14%, 7, 0, 12, 0.00
1733746336, 364994, 0, 38, 0, 0, 0.14%, 7, 0, 12, 0.00
1733746341, 381561, 0, 38, 0, 0, 0.14%, 7, 0, 12, 0.00
1733746346, 398286, 0, 38, 0, 0, 0.14%, 7, 0, 12, 0.00
1733746351, 414927, 0, 38, 0, 0, 0.14%, 7, 0, 12, 0.00
1733746356, 431556, 0, 38, 0, 0, 0.14%, 7, 0, 12, 0.00
1733746362, 448204, 0, 38, 0, 0, 0.14%, 7, 0, 12, 0.00
1733746367, 464842, 0, 38, 0, 0, 0.14%, 7, 0, 12, 0.00
1733746372, 481454, 0, 38, 0, 0, 0.14%, 7, 0, 12, 0.00
1733746377, 498119, 0, 38, 0, 0, 0.14%, 7, 0, 12, 0.00
1733746382, 514782, 0, 38, 0, 0, 0.14%, 7, 0, 12, 0.00
1733746388, 531405, 0, 38, 0, 0, 0.14%, 7, 0, 12, 0.00
1733746393, 548045, 0, 38, 0, 0, 0.14%, 7, 0, 12, 0.00
1733746398, 564670, 0, 38, 0, 0, 0.14%, 7, 0, 12, 0.00
1733746403, 581377, 0, 38, 0, 0, 0.14%, 7, 0, 12, 0.00
1733746408, 598052, 0, 38, 0, 0, 0.14%, 7, 0, 12, 0.00
1733746414, 614645, 0, 38, 0, 0, 0.14%, 7, 0, 12, 0.00
1733746419, 631267, 0, 38, 0, 0, 0.14%, 7, 0, 12, 0.00
1733746424, 647863, 0, 38, 0, 0, 0.14%, 7, 0, 12, 0.00
1733746429, 664550, 0, 38, 0, 0, 0.14%, 7, 0, 12, 0.00
1733746434, 681185, 0, 38, 0, 0, 0.14%, 7, 0, 12, 0.00
1733746440, 697885, 0, 38, 0, 0, 0.14%, 7, 0, 12, 0.00
1733746445, 714556, 0, 38, 0, 0, 0.14%, 7, 0, 12, 0.00
1733746450, 731149, 0, 38, 0, 0, 0.14%, 7, 0, 12, 0.00
1733746455, 747792, 0, 38, 0, 0, 0.14%, 7, 0, 12, 0.00
1733746460, 764450, 0, 38, 0, 0, 0.14%, 7, 0, 12, 0.00
1733746466, 781063, 0, 38, 0, 0, 0.14%, 7, 0, 12, 0.00
1733746471, 797740, 0, 38, 0, 0, 0.14%, 7, 0, 12, 0.00
1733746476, 814311, 0, 38, 0, 0, 0.14%, 7, 0, 12, 0.00
1733746481, 830959, 0, 38, 0, 0, 0.14%, 7, 0, 12, 0.00
1733746486, 847622, 0, 38, 0, 0, 0.14%, 7, 0, 12, 0.00
1733746492, 864334, 0, 38, 0, 0, 0.14%, 7, 0, 12, 0.00
1733746497, 880837, 0, 38, 0, 0, 0.14%, 7, 0, 12, 0.00
1733746502, 897425, 0, 38, 0, 0, 0.14%, 7, 0, 12, 0.00
1733746507, 914079, 0, 38, 0, 0, 0.14%, 7, 0, 12, 0.00
1733746512, 930674, 0, 38, 0, 0, 0.14%, 7, 0, 12, 0.00
1733746518, 947301, 0, 38, 0, 0, 0.14%, 7, 0, 12, 0.00
1733746523, 963889, 0, 38, 0, 0, 0.14%, 7, 0, 12, 0.00
1733746528, 980557, 0, 38, 0, 0, 0.14%, 7, 0, 12, 0.00
1733746533, 997184, 0, 38, 0, 0, 0.14%, 7, 0, 12, 0.00
1733746538, 1013846, 0, 38, 0, 0, 0.14%, 7, 0, 12, 0.00
1733746544, 1030447, 0, 38, 0, 0, 0.14%, 7, 0, 12, 0.00
1733746549, 1047070, 0, 38, 0, 0, 0.14%, 7, 0, 12, 0.00
1733746554, 1063716, 0, 38, 0, 0, 0.14%, 7, 0, 12, 0.00
1733746559, 1080336, 0, 38, 0, 0, 0.14%, 7, 0, 12, 0.00
1733746564, 1096955, 0, 38, 0, 0, 0.14%, 7, 0, 12, 0.00
1733746570, 1113589, 0, 38, 0, 0, 0.14%, 7, 0, 12, 0.00
1733746575, 1130283, 0, 38, 0, 0, 0.14%, 7, 0, 12, 0.00
1733746580, 1146853, 0, 38, 0, 0, 0.14%, 7, 0, 12, 0.00
1733746585, 1163422, 0, 38, 0, 0, 0.14%, 7, 0, 12, 0.00
1733746590, 1180001, 0, 38, 0, 0, 0.14%, 7, 0, 12, 0.00
1733746596, 1196575, 0, 38, 0, 0, 0.14%, 7, 0, 12, 0.00
1733746601, 1213143, 0, 38, 0, 0, 0.14%, 7, 0, 12, 0.00
1733746606, 1229799, 0, 38, 0, 0, 0.14%, 7, 0, 12, 0.00
1733746611, 1246488, 0, 38, 0, 0, 0.14%, 7, 0, 12, 0.00
1733746616, 1263137, 0, 38, 0, 0, 0.14%, 7, 0, 12, 0.00
1733746622, 1279831, 0, 38, 0, 0, 0.14%, 7, 0, 12, 0.00
1733746627, 1296545, 0, 38, 0, 0, 0.14%, 7, 0, 12, 0.00
1733746632, 1313198, 0, 38, 0, 0, 0.14%, 7, 0, 12, 0.00
1733746637, 1329788, 0, 38, 0, 0, 0.14%, 7, 0, 12, 0.00
1733746642, 1346387, 0, 38, 0, 0, 0.14%, 7, 0, 12, 0.00
1733746648, 1362943, 0, 38, 0, 0, 0.14%, 7, 0, 12, 0.00
1733746653, 1379616, 0, 38, 0, 0, 0.14%, 7, 0, 12, 0.00
1733746658, 1396264, 0, 38, 0, 0, 0.14%, 7, 0, 12, 0.00
1733746663, 1412862, 0, 38, 0, 0, 0.14%, 7, 0, 12, 0.00
1733746668, 1429461, 0, 38, 0, 0, 0.14%, 7, 0, 12, 0.00
1733746674, 1446073, 0, 38, 0, 0, 0.14%, 7, 0, 12, 0.00
1733746679, 1462678, 0, 38, 0, 0, 0.14%, 7, 0, 12, 0.00
1733746684, 1479329, 0, 38, 0, 0, 0.14%, 7, 0, 12, 0.00
1733746689, 1495983, 0, 38, 0, 0, 0.14%, 7, 0, 12, 0.00
1733746694, 1512597, 0, 38, 0, 0, 0.14%, 7, 0, 12, 0.00
1733746700, 1529205, 0, 38, 0, 0, 0.14%, 7, 0, 12, 0.00
1733746705, 1545825, 0, 38, 0, 0, 0.14%, 7, 0, 12, 0.00
1733746710, 1562534, 0, 38, 0, 0, 0.14%, 7, 0, 12, 0.00
1733746715, 1579083, 0, 38, 0, 0, 0.14%, 7, 0, 12, 0.00
1733746720, 1595759, 0, 38, 0, 0, 0.14%, 7, 0, 12, 0.00
1733746726, 1612381, 0, 38, 0, 0, 0.14%, 7, 0, 12, 0.00
1733746731, 1628993, 0, 38, 0, 0, 0.14%, 7, 0, 12, 0.00
1733746736, 1645608, 0, 38, 0, 0, 0.14%, 7, 0, 12, 0.00
1733746741, 1662289, 0, 38, 0, 0, 0.14%, 7, 0, 12, 0.00
1733746746, 1678920, 0, 38, 0, 0, 0.14%, 7, 0, 12, 0.00
1733746752, 1695573, 0, 38, 0, 0, 0.14%, 7, 0, 12, 0.00
1733746757, 1712271, 0, 38, 0, 0, 0.14%, 7, 0, 12, 0.00
1733746762, 1728962, 0, 38, 0, 0, 0.14%, 7, 0, 12, 0.00
1733746767, 1745566, 0, 38, 0, 0, 0.14%, 7, 0, 12, 0.00
1733746772, 1762207, 0, 38, 0, 0, 0.14%, 7, 0, 12, 0.00
1733746778, 1778809, 0, 38, 0, 0, 0.14%, 7, 0, 12, 0.00
1733746783, 1795412, 0, 38, 0, 0, 0.14%, 7, 0, 12, 0.00
1733746788, 1812047, 0, 38, 0, 0, 0.14%, 7, 0, 12, 0.00
1733746793, 1828659, 0, 38, 0, 0, 0.14%, 7, 0, 12, 0.00
1733746798, 1845363, 0, 38, 0, 0, 0.14%, 7, 0, 12, 0.00
1733746804, 1862068, 0, 38, 0, 0, 0.14%, 7, 0, 12, 0.00
1733746809, 1878855, 0, 38, 0, 0, 0.14%, 7, 0, 12, 0.00
1733746814, 1895520, 0, 38, 0, 0, 0.14%, 7, 0, 12, 0.00
1733746819, 1912195, 0, 38, 0, 0, 0.14%, 7, 0, 12, 0.00
1733746824, 1928850, 0, 38, 0, 0, 0.14%, 7, 0, 12, 0.00
1733746830, 1945379, 0, 38, 0, 0, 0.14%, 7, 0, 12, 0.00
1733746835, 1961958, 0, 38, 0, 0, 0.14%, 7, 0, 12, 0.00
1733746840, 1978643, 0, 38, 0, 0, 0.14%, 7, 0, 12, 0.00
1733746845, 1995351, 0, 38, 0, 0, 0.14%, 7, 0, 12, 0.00
1733746850, 2011986, 0, 38, 0, 0, 0.14%, 7, 0, 12, 0.00
1733746856, 2028618, 0, 38, 0, 0, 0.14%, 7, 0, 12, 0.00
1733746861, 2045261, 0, 38, 0, 0, 0.14%, 7, 0, 12, 0.00
1733746866, 2061885, 0, 38, 0, 0, 0.14%, 7, 0, 12, 0.00
1733746871, 2078527, 0, 38, 0, 0, 0.14%, 7, 0, 12, 0.00
1733746876, 2095140, 0, 38, 0, 0, 0.14%, 7, 0, 12, 0.00
1733746882, 2111812, 0, 38, 0, 0, 0.14%, 7, 0, 12, 0.00
1733746887, 2128380, 0, 38, 0, 0, 0.14%, 7, 0, 12, 0.00
1733746892, 2145024, 0, 38, 0, 0, 0.14%, 7, 0, 12, 0.00
1733746897, 2161642, 0, 38, 0, 0, 0.14%, 7, 0, 12, 0.00
1733746902, 2178339, 0, 38, 0, 0, 0.14%, 7, 0, 12, 0.00
1733746908, 2194926, 0, 38, 0, 0, 0.14%, 7, 0, 12, 0.00
1733746913, 2211545, 0, 38, 0, 0, 0.14%, 7, 0, 12, 0.00
1733746918, 2228160, 0, 38, 0, 0, 0.14%, 7, 0, 12, 0.00
1733746923, 2244741, 0, 38, 0, 0, 0.14%, 7, 0, 12, 0.00
1733746928, 2261332, 0, 38, 0, 0, 0.14%, 7, 0, 12, 0.00
1733746934, 2277933, 0, 38, 0, 0, 0.14%, 7, 0, 12, 0.00
1733746939, 2294612, 0, 38, 0, 0, 0.14%, 7, 0, 12, 0.00
1733746944, 2311254, 0, 38, 0, 0, 0.14%, 7, 0, 12, 0.00
1733746949, 2327965, 0, 38, 0, 0, 0.14%, 7, 0, 12, 0.00
1733746954, 2344556, 0, 38, 0, 0, 0.14%, 7, 0, 12, 0.00
1733746960, 2361206, 0, 38, 0, 0, 0.14%, 7, 0, 12, 0.00
1733746965, 2377825, 0, 38, 0, 0, 0.14%, 7, 0, 12, 0.00
1733746970, 2394491, 0, 38, 0, 0, 0.14%, 7, 0, 12, 0.00
1733746975, 2411125, 0, 38, 0, 0, 0.14%, 7, 0, 12, 0.00
1733746980, 2427711, 0, 38, 0, 0, 0.14%, 7, 0, 12, 0.00
1733746986, 2444295, 0, 38, 0, 0, 0.14%, 7, 0, 12, 0.00
1733746991, 2460944, 0, 38, 0, 0, 0.14%, 7, 0, 12, 0.00
1733746996, 2477602, 0, 38, 0, 0, 0.14%, 7, 0, 12, 0.00
1733747001, 2494267, 0, 38, 0, 0, 0.14%, 7, 0, 12, 0.00
1733747006, 2510813, 0, 38, 0, 0, 0.14%, 7, 0, 12, 0.00
1733747012, 2527375, 0, 38, 0, 0, 0.14%, 7, 0, 12, 0.00
1733747017, 2544030, 0, 38, 0, 0, 0.14%, 7, 0, 12, 0.00
1733747022, 2560653, 0, 38, 0, 0, 0.14%, 7, 0, 12, 0.00
1733747027, 2577284, 0, 38, 0, 0, 0.14%, 7, 0, 12, 0.00
1733747032, 2593929, 0, 38, 0, 0, 0.14%, 7, 0, 12, 0.00
1733747038, 2610643, 0, 38, 0, 0, 0.14%, 7, 0, 12, 0.00
1733747043, 2627276, 0, 38, 0, 0, 0.14%, 7, 0, 12, 0.00
1733747048, 2643833, 0, 38, 0, 0, 0.14%, 7, 0, 12, 0.00
1733747053, 2660383, 0, 38, 0, 0, 0.14%, 7, 0, 12, 0.00
1733747058, 2677023, 0, 38, 0, 0, 0.14%, 7, 0, 12, 0.00
1733747064, 2693715, 0, 38, 0, 0, 0.14%, 7, 0, 12, 0.00
1733747069, 2710274, 0, 38, 0, 0, 0.14%, 7, 0, 12, 0.00
1733747074, 2726900, 0, 38, 0, 0, 0.14%, 7, 0, 12, 0.00
1733747079, 2743525, 0, 38, 0, 0, 0.14%, 7, 0, 12, 0.00
1733747084, 2760127, 0, 38, 0, 0, 0.14%, 7, 0, 12, 0.00
1733747090, 2776759, 0, 38, 0, 0, 0.14%, 7, 0, 12, 0.00
1733747095, 2793390, 0, 38, 0, 0, 0.14%, 7, 0, 12, 0.00
1733747100, 2809968, 0, 38, 0, 0, 0.14%, 7, 0, 12, 0.00
1733747105, 2826613, 0, 38, 0, 0, 0.14%, 7, 0, 12, 0.00
1733747110, 2843231, 0, 38, 0, 0, 0.14%, 7, 0, 12, 0.00
1733747116, 2859849, 0, 38, 0, 0, 0.14%, 7, 0, 12, 0.00
1733747121, 2876457, 0, 38, 0, 0, 0.14%, 7, 0, 12, 0.00
1733747126, 2893086, 0, 38, 0, 0, 0.14%, 7, 0, 12, 0.00
1733747131, 2909779, 0, 38, 0, 0, 0.14%, 7, 0, 12, 0.00
1733747136, 2926331, 0, 38, 0, 0, 0.14%, 7, 0, 12, 0.00
1733747142, 2942972, 0, 38, 0, 0, 0.14%, 7, 0, 12, 0.00
1733747147, 2959624, 0, 38, 0, 0, 0.14%, 7, 0, 12, 0.00
1733747152, 2976223, 0, 38, 0, 0, 0.14%, 7, 0, 12, 0.00
1733747157, 2992874, 0, 38, 0, 0, 0.14%, 7, 0, 12, 0.00
1733747162, 3009511, 0, 38, 0, 0, 0.14%, 7, 0, 12, 0.00
1733747168, 3026150, 0, 38, 0, 0, 0.14%, 7, 0, 12, 0.00
1733747173, 3042743, 0, 38, 0, 0, 0.14%, 7, 0, 12, 0.00
1733747178, 3059320, 0, 38, 0, 0, 0.14%, 7, 0, 12, 0.00
1733747183, 3075992, 0, 38, 0, 0, 0.14%, 7, 0, 12, 0.00
1733747188, 3092629, 0, 38, 0, 0, 0.14%, 7, 0, 12, 0.00
1733747194, 3109252, 0, 38, 0, 0, 0.14%, 7, 0, 12, 0.00
1733747199, 3125937, 0, 38, 0, 0, 0.14%, 7, 0, 12, 0.00
1733747204, 3142618, 0, 38, 0, 0, 0.14%, 7, 0, 12, 0.00
1733747209, 3159226, 0, 38, 0, 0, 0.14%, 7, 0, 12, 0.00
1733747214, 3175881, 0, 38, 0, 0, 0.14%, 7, 0, 12, 0.00
1733747220, 3192426, 0, 38, 0, 0, 0.14%, 7, 0, 12, 0.00
1733747225, 3208995, 0, 38, 0, 0, 0.14%, 7, 0, 12, 0.00
1733747230, 3225637, 0, 38, 0, 0, 0.14%, 7, 0, 12, 0.00
1733747235, 3242301, 0, 38, 0, 0, 0.14%, 7, 0, 12, 0.00
1733747240, 3258922, 0, 38, 0, 0, 0.14%, 7, 0, 12, 0.00
1733747246, 3275512, 0, 38, 0, 0, 0.14%, 7, 0, 12, 0.00
1733747251, 3292073, 0, 38, 0, 0, 0.14%, 7, 0, 12, 0.00
1733747256, 3308673, 0, 38, 0, 0, 0.14%, 7, 0, 12, 0.00
1733747261, 3325319, 0, 38, 0, 0, 0.14%, 7, 0, 12, 0.00
1733747266, 3342052, 0, 38, 0, 0, 0.14%, 7, 0, 12, 0.00
1733747272, 3358739, 0, 38, 0, 0, 0.14%, 7, 0, 12, 0.00
1733747277, 3375368, 0, 38, 0, 0, 0.14%, 7, 0, 12, 0.00
1733747282, 3392006, 0, 38, 0, 0, 0.14%, 7, 0, 12, 0.00
1733747287, 3408539, 0, 38, 0, 0, 0.14%, 7, 0, 12, 0.00
1733747292, 3425192, 0, 38, 0, 0, 0.14%, 7, 0, 12, 0.00
1733747298, 3441850, 0, 38, 0, 0, 0.14%, 7, 0, 12, 0.00
1733747303, 3458511, 0, 38, 0, 0, 0.14%, 7, 0, 12, 0.00
1733747308, 3475258, 0, 38, 0, 0, 0.14%, 7, 0, 12, 0.00
1733747313, 3491895, 0, 38, 0, 0, 0.14%, 7, 0, 12, 0.00
1733747318, 3508460, 0, 38, 0, 0, 0.14%, 7, 0, 12, 0.00
1733747324, 3525131, 0, 38, 0, 0, 0.14%, 7, 0, 12, 0.00
1733747329, 3541713, 0, 38, 0, 0, 0.14%, 7, 0, 12, 0.00
1733747334, 3558307, 0, 38, 0, 0, 0.14%, 7, 0, 12, 0.00
1733747339, 3574962, 0, 38, 0, 0, 0.14%, 7, 0, 12, 0.00
1733747344, 3591595, 0, 38, 0, 0, 0.14%, 7, 0, 12, 0.00
1733747350, 3608057, 0, 38, 0, 0, 0.14%, 7, 0, 12, 0.00
1733747355, 3624711, 0, 38, 0, 0, 0.14%, 7, 0, 12, 0.00
1733747360, 3641362, 0, 38, 0, 0, 0.14%, 7, 0, 12, 0.00
1733747365, 3657976, 0, 38, 0, 0, 0.14%, 7, 0, 12, 0.00
1733747370, 3674570, 0, 38, 0, 0, 0.14%, 7, 0, 12, 0.00
1733747376, 3691231, 0, 38, 0, 0, 0.14%, 7, 0, 12, 0.00
1733747381, 3707886, 0, 38, 0, 0, 0.14%, 7, 0, 12, 0.00
1733747386, 3724612, 0, 38, 0, 0, 0.14%, 7, 0, 12, 0.00
1733747391, 3741230, 0, 38, 0, 0, 0.14%, 7, 0, 12, 0.00
1733747396, 3757899, 0, 38, 0, 0, 0.14%, 7, 0, 12, 0.00
1733747402, 3774520, 0, 38, 0, 0, 0.14%, 7, 0, 12, 0.00
1733747407, 3791217, 0, 38, 0, 0, 0.14%, 7, 0, 12, 0.00
1733747412, 3807856, 0, 38, 0, 0, 0.14%, 7, 0, 12, 0.00
1733747417, 3824490, 0, 38, 0, 0, 0.14%, 7, 0, 12, 0.00
1733747422, 3841123, 0, 38, 0, 0, 0.14%, 7, 0, 12, 0.00
1733747428, 3857750, 0, 38, 0, 0, 0.14%, 7, 0, 12, 0.00
1733747433, 3874451, 0, 38, 0, 0, 0.14%, 7, 0, 12, 0.00
1733747438, 3890981, 0, 38, 0, 0, 0.14%, 7, 0, 12, 0.00
1733747443, 3907627, 0, 38, 0, 0, 0.14%, 7, 0, 12, 0.00
1733747448, 3924271, 0, 38, 0, 0, 0.14%, 7, 0, 12, 0.00
1733747454, 3940908, 0, 38, 0, 0, 0.14%, 7, 0, 12, 0.00
1733747459, 3957434, 0, 38, 0, 0, 0.14%, 7, 0, 12, 0.00
1733747464, 3974032, 0, 38, 0, 0, 0.14%, 7, 0, 12, 0.00
1733747469, 3990655, 0, 38, 0, 0, 0.14%, 7, 0, 12, 0.00
1733747474, 4007257, 0, 38, 0, 0, 0.14%, 7, 0, 12, 0.00
1733747480, 4023860, 0, 38, 0, 0, 0.14%, 7, 0, 12, 0.00
1733747485, 4040519, 0, 38, 0, 0, 0.14%, 7, 0, 12, 0.00
1733747490, 4057157, 0, 38, 0, 0, 0.14%, 7, 0, 12, 0.00
1733747495, 4073822, 0, 38, 0, 0, 0.14%, 7, 0, 12, 0.00
1733747500, 4090493, 0, 38, 0, 0, 0.14%, 7, 0, 12, 0.00
1733747506, 4107243, 0, 38, 0, 0, 0.14%, 7, 0, 12, 0.00
1733747511, 4123887, 0, 38, 0, 0, 0.14%, 7, 0, 12, 0.00
1733747516, 4140537, 0, 38, 0, 0, 0.14%, 7, 0, 12, 0.00
1733747521, 4157161, 0, 38, 0, 0, 0.14%, 7, 0, 12, 0.00
1733747526, 4173835, 0, 38, 0, 0, 0.14%, 7, 0, 12, 0.00
1733747532, 4190469, 0, 38, 0, 0, 0.14%, 7, 0, 12, 0.00
1733747537, 4207130, 0, 38, 0, 0, 0.14%, 7, 0, 12, 0.00
1733747542, 4223662, 0, 38, 0, 0, 0.14%, 7, 0, 12, 0.00
1733747547, 4240300, 0, 38, 0, 0, 0.14%, 7, 0, 12, 0.00
1733747552, 4256941, 0, 38, 0, 0, 0.14%, 7, 0, 12, 0.00
1733747558, 4273592, 0, 38, 0, 0, 0.14%, 7, 0, 12, 0.00
1733747563, 4290253, 0, 38, 0, 0, 0.14%, 7, 0, 12, 0.00
1733747568, 4306874, 0, 38, 0, 0, 0.14%, 7, 0, 12, 0.00
1733747573, 4323483, 0, 38, 0, 0, 0.14%, 7, 0, 12, 0.00
1733747578, 4340121, 0, 38, 0, 0, 0.14%, 7, 0, 12, 0.00
1733747584, 4356709, 0, 38, 0, 0, 0.14%, 7, 0, 12, 0.00
1733747589, 4373337, 0, 38, 0, 0, 0.14%, 7, 0, 12, 0.00
1733747594, 4390041, 0, 38, 0, 0, 0.14%, 7, 0, 12, 0.00
1733747599, 4406674, 0, 38, 0, 0, 0.14%, 7, 0, 12, 0.00
1733747604, 4423379, 0, 38, 0, 0, 0.14%, 7, 0, 12, 0.00
1733747610, 4440004, 0, 38, 0, 0, 0.14%, 7, 0, 12, 0.00
1733747615, 4456643, 0, 38, 0, 0, 0.14%, 7, 0, 12, 0.00
1733747620, 4473294, 0, 38, 0, 0, 0.14%, 7, 0, 12, 0.00
1733747625, 4489911, 0, 38, 0, 0, 0.14%, 7, 0, 12, 0.00
1733747630, 4506573, 0, 38, 0, 0, 0.14%, 7, 0, 12, 0.00
1733747636, 4523176, 0, 38, 0, 0, 0.14%, 7, 0, 12, 0.00
1733747641, 4539762, 0, 38, 0, 0, 0.14%, 7, 0, 12, 0.00
1733747646, 4556457, 0, 38, 0, 0, 0.14%, 7, 0, 12, 0.00
1733747651, 4573116, 0, 38, 0, 0, 0.14%, 7, 0, 12, 0.00
1733747656, 4589722, 0, 38, 0, 0, 0.14%, 7, 0, 12, 0.00
1733747662, 4606356, 0, 38, 0, 0, 0.14%, 7, 0, 12, 0.00
1733747667, 4623029, 0, 38, 0, 0, 0.14%, 7, 0, 12, 0.00
1733747672, 4639724, 0, 38, 0, 0, 0.14%, 7, 0, 12, 0.00
1733747677, 4656331, 0, 38, 0, 0, 0.14%, 7, 0, 12, 0.00
1733747682, 4672964, 0, 38, 0, 0, 0.14%, 7, 0, 12, 0.00
1733747688, 4689555, 0, 38, 0, 0, 0.14%, 7, 0, 12, 0.00
1733747693, 4706116, 0, 38, 0, 0, 0.14%, 7, 0, 12, 0.00
1733747698, 4722733, 0, 38, 0, 0, 0.14%, 7, 0, 12, 0.00
1733747703, 4739374, 0, 38, 0, 0, 0.14%, 7, 0, 12, 0.00
1733747708, 4755967, 0, 38, 0, 0, 0.14%, 7, 0, 12, 0.00
1733747714, 4772592, 0, 38, 0, 0, 0.14%, 7, 0, 12, 0.00
1733747719, 4789243, 0, 38, 0, 0, 0.14%, 7, 0, 12, 0.00
1733747724, 4805874, 0, 38, 0, 0, 0.14%, 7, 0, 12, 0.00
1733747729, 4822517, 0, 38, 0, 0, 0.14%, 7, 0, 12, 0.00
1733747734, 4839115, 0, 38, 0, 0, 0.14%, 7, 0, 12, 0.00
1733747740, 4855713, 0, 38, 0, 0, 0.14%, 7, 0, 12, 0.00
1733747745, 4872347, 0, 38, 0, 0, 0.14%, 7, 0, 12, 0.00
1733747750, 4889012, 0, 38, 0, 0, 0.14%, 7, 0, 12, 0.00
1733747755, 4905557, 0, 38, 0, 0, 0.14%, 7, 0, 12, 0.00
1733747760, 4922220, 0, 38, 0, 0, 0.14%, 7, 0, 12, 0.00
1733747766, 4938859, 0, 38, 0, 0, 0.14%, 7, 0, 12, 0.00
1733747771, 4955531, 0, 38, 0, 0, 0.14%, 7, 0, 12, 0.00
1733747776, 4972266, 0, 38, 0, 0, 0.14%, 7, 0, 12, 0.00
1733747781, 4988932, 0, 38, 0, 0, 0.14%, 7, 0, 12, 0.00
1733747786, 5005587, 0, 38, 0, 0, 0.14%, 7, 0, 12, 0.00
1733747792, 5022161, 0, 38, 0, 0, 0.14%, 7, 0, 12, 0.00
1733747797, 5038829, 0, 38, 0, 0, 0.14%, 7, 0, 12, 0.00
1733747802, 5055357, 0, 38, 0, 0, 0.14%, 7, 0, 12, 0.00
1733747807, 5071995, 0, 38, 0, 0, 0.14%, 7, 0, 12, 0.00
1733747812, 5088664, 0, 38, 0, 0, 0.14%, 7, 0, 12, 0.00
1733747818, 5105255, 0, 38, 0, 0, 0.14%, 7, 0, 12, 0.00
1733747823, 5121901, 0, 38, 0, 0, 0.14%, 7, 0, 12, 0.00
1733747828, 5138509, 0, 38, 0, 0, 0.14%, 7, 0, 12, 0.00
1733747833, 5155224, 0, 38, 0, 0, 0.14%, 7, 0, 12, 0.00
1733747838, 5171874, 0, 38, 0, 0, 0.14%, 7, 0, 12, 0.00
1733747844, 5188546, 0, 38, 0, 0, 0.14%, 7, 0, 12, 0.00
1733747849, 5205211, 0, 38, 0, 0, 0.14%, 7, 0, 12, 0.00
1733747854, 5221875, 0, 38, 0, 0, 0.14%, 7, 0, 12, 0.00
1733747859, 5238491, 0, 38, 0, 0, 0.14%, 7, 0, 12, 0.00
1733747864, 5255122, 0, 38, 0, 0, 0.14%, 7, 0, 12, 0.00
1733747870, 5271769, 0, 38, 0, 0, 0.14%, 7, 0, 12, 0.00
1733747875, 5288376, 0, 38, 0, 0, 0.14%, 7, 0, 12, 0.00
1733747880, 5304997, 0, 38, 0, 0, 0.14%, 7, 0, 12, 0.00
1733747885, 5321631, 0, 38, 0, 0, 0.14%, 7, 0, 12, 0.00
1733747890, 5338278, 0, 38, 0, 0, 0.14%, 7, 0, 12, 0.00
1733747896, 5354839, 0, 38, 0, 0, 0.14%, 7, 0, 12, 0.00
1733747901, 5371555, 0, 38, 0, 0, 0.14%, 7, 0, 12, 0.00
1733747906, 5388162, 0, 38, 0, 0, 0.14%, 7, 0, 12, 0.00
1733747911, 5404808, 0, 38, 0, 0, 0.14%, 7, 0, 12, 0.00
1733747916, 5421410, 0, 38, 0, 0, 0.14%, 7, 0, 12, 0.00
1733747922, 5438039, 0, 38, 0, 0, 0.14%, 7, 0, 12, 0.00
1733747927, 5454642, 0, 38, 0, 0, 0.14%, 7, 0, 12, 0.00
1733747932, 5471227, 0, 38, 0, 0, 0.14%, 7, 0, 12, 0.00
1733747937, 5487837, 0, 38, 0, 0, 0.14%, 7, 0, 12, 0.00
1733747942, 5504505, 0, 38, 0, 0, 0.14%, 7, 0, 12, 0.00
1733747948, 5521104, 0, 38, 0, 0, 0.14%, 7, 0, 12, 0.00
1733747953, 5537727, 0, 38, 0, 0, 0.14%, 7, 0, 12, 0.00
1733747958, 5554342, 0, 38, 0, 0, 0.14%, 7, 0, 12, 0.00
1733747963, 5570996, 0, 38, 0, 0, 0.14%, 7, 0, 12, 0.00
1733747968, 5587590, 0, 38, 0, 0, 0.14%, 7, 0, 12, 0.00
1733747974, 5604222, 0, 38, 0, 0, 0.14%, 7, 0, 12, 0.00
1733747979, 5620797, 0, 38, 0, 0, 0.14%, 7, 0, 12, 0.00
1733747984, 5637459, 0, 38, 0, 0, 0.14%, 7, 0, 12, 0.00
1733747989, 5654054, 0, 38, 0, 0, 0.14%, 7, 0, 12, 0.00
1733747994, 5670693, 0, 38, 0, 0, 0.14%, 7, 0, 12, 0.00
1733748000, 5687422, 0, 38, 0, 0, 0.14%, 7, 0, 12, 0.00
1733748005, 5704085, 0, 38, 0, 0, 0.14%, 7, 0, 12, 0.00
1733748010, 5720742, 0, 38, 0, 0, 0.14%, 7, 0, 12, 0.00
1733748015, 5737366, 0, 38, 0, 0, 0.14%, 7, 0, 12, 0.00
1733748020, 5753986, 0, 38, 0, 0, 0.14%, 7, 0, 12, 0.00
1733748026, 5770536, 0, 38, 0, 0, 0.14%, 7, 0, 12, 0.00
1733748031, 5787210, 0, 38, 0, 0, 0.14%, 7, 0, 12, 0.00
1733748036, 5803903, 0, 38, 0, 0, 0.14%, 7, 0, 12, 0.00
1733748041, 5820456, 0, 38, 0, 0, 0.14%, 7, 0, 12, 0.00
1733748046, 5837189, 0, 38, 0, 0, 0.14%, 7, 0, 12, 0.00
1733748052, 5853838, 0, 38, 0, 0, 0.14%, 7, 0, 12, 0.00
1733748057, 5870500, 0, 38, 0, 0, 0.14%, 7, 0, 12, 0.00
1733748062, 5887060, 0, 38, 0, 0, 0.14%, 7, 0, 12, 0.00
1733748067, 5903677, 0, 38, 0, 0, 0.14%, 7, 0, 12, 0.00
1733748072, 5920219, 0, 38, 0, 0, 0.14%, 7, 0, 12, 0.00
1733748078, 5936841, 0, 38, 0, 0, 0.14%, 7, 0, 12, 0.00
1733748083, 5953491, 0, 38, 0, 0, 0.14%, 7, 0, 12, 0.00
1733748088, 5970166, 0, 38, 0, 0, 0.14%, 7, 0, 12, 0.00
1733748093, 5986808, 0, 38, 0, 0, 0.14%, 7, 0, 12, 0.00
1733748098, 6003464, 0, 38, 0, 0, 0.14%, 7, 0, 12, 0.00
1733748104, 6020110, 0, 38, 0, 0, 0.14%, 7, 0, 12, 0.00
1733748109, 6036707, 0, 38, 0, 0, 0.14%, 7, 0, 12, 0.00
1733748114, 6053343, 0, 38, 0, 0, 0.14%, 7, 0, 12, 0.00
1733748119, 6069966, 0, 38, 0, 0, 0.14%, 7, 0, 12, 0.00
1733748124, 6086567, 0, 38, 0, 0, 0.14%, 7, 0, 12, 0.00
1733748130, 6103192, 0, 38, 0, 0, 0.14%, 7, 0, 12, 0.00
1733748135, 6119807, 0, 38, 0, 0, 0.14%, 7, 0, 12, 0.00
1733748140, 6136427, 0, 38, 0, 0, 0.14%, 7, 0, 12, 0.00
1733748145, 6153067, 0, 38, 0, 0, 0.14%, 7, 0, 12, 0.00
1733748150, 6169703, 0, 38, 0, 0, 0.14%, 7, 0, 12, 0.00
1733748156, 6186434, 0, 38, 0, 0, 0.14%, 7, 0, 12, 0.00
1733748161, 6203021, 0, 38, 0, 0, 0.14%, 7, 0, 12, 0.00
1733748166, 6219711, 0, 38, 0, 0, 0.14%, 7, 0, 12, 0.00
1733748171, 6236350, 0, 38, 0, 0, 0.14%, 7, 0, 12, 0.00
1733748176, 6252939, 0, 38, 0, 0, 0.14%, 7, 0, 12, 0.00
1733748182, 6269641, 0, 38, 0, 0, 0.14%, 7, 0, 12, 0.00
1733748187, 6286217, 0, 38, 0, 0, 0.14%, 7, 0, 12, 0.00
1733748192, 6302872, 0, 38, 0, 0, 0.14%, 7, 0, 12, 0.00
1733748197, 6319529, 0, 38, 0, 0, 0.14%, 7, 0, 12, 0.00
1733748202, 6336186, 0, 38, 0, 0, 0.14%, 7, 0, 12, 0.00
1733748208, 6352837, 0, 38, 0, 0, 0.14%, 7, 0, 12, 0.00
1733748213, 6369549, 0, 38, 0, 0, 0.14%, 7, 0, 12, 0.00
1733748218, 6386226, 0, 38, 0, 0, 0.14%, 7, 0, 12, 0.00
1733748223, 6402824, 0, 38, 0, 0, 0.14%, 7, 0, 12, 0.00
1733748228, 6419514, 0, 38, 0, 0, 0.14%, 7, 0, 12, 0.00
1733748234, 6436154, 0, 38, 0, 0, 0.14%, 7, 0, 12, 0.00
1733748239, 6452782, 0, 38, 0, 0, 0.14%, 7, 0, 12, 0.00
1733748244, 6469382, 0, 38, 0, 0, 0.14%, 7, 0, 12, 0.00
1733748249, 6485976, 0, 38, 0, 0, 0.14%, 7, 0, 12, 0.00
1733748254, 6502609, 0, 38, 0, 0, 0.14%, 7, 0, 12, 0.00
1733748260, 6519196, 0, 38, 0, 0, 0.14%, 7, 0, 12, 0.00
1733748265, 6535835, 0, 38, 0, 0, 0.14%, 7, 0, 12, 0.00
1733748270, 6552444, 0, 38, 0, 0, 0.14%, 7, 0, 12, 0.00
1733748275, 6569087, 0, 38, 0, 0, 0.14%, 7, 0, 12, 0.00
1733748280, 6585771, 0, 38, 0, 0, 0.14%, 7, 0, 12, 0.00
1733748286, 6602457, 0, 38, 0, 0, 0.14%, 7, 0, 12, 0.00
1733748291, 6619114, 0, 38, 0, 0, 0.14%, 7, 0, 12, 0.00
1733748296, 6635775, 0, 38, 0, 0, 0.14%, 7, 0, 12, 0.00
1733748301, 6652419, 0, 38, 0, 0, 0.14%, 7, 0, 12, 0.00
1733748306, 6669085, 0, 38, 0, 0, 0.14%, 7, 0, 12, 0.00
1733748312, 6685787, 0, 38, 0, 0, 0.14%, 7, 0, 12, 0.00
1733748317, 6702427, 0, 38, 0, 0, 0.14%, 7, 0, 12, 0.00
1733748322, 6719043, 0, 38, 0, 0, 0.14%, 7, 0, 12, 0.00
1733748327, 6735741, 0, 38, 0, 0, 0.14%, 7, 0, 12, 0.00
1733748332, 6752409, 0, 38, 0, 0, 0.14%, 7, 0, 12, 0.00
1733748338, 6769105, 0, 38, 0, 0, 0.14%, 7, 0, 12, 0.00
1733748343, 6785758, 0, 38, 0, 0, 0.14%, 7, 0, 12, 0.00
1733748348, 6802391, 0, 38, 0, 0, 0.14%, 7, 0, 12, 0.00
1733748353, 6819060, 0, 38, 0, 0, 0.14%, 7, 0, 12, 0.00
1733748358, 6835782, 0, 38, 0, 0, 0.14%, 7, 0, 12, 0.00
1733748364, 6852482, 0, 38, 0, 0, 0.14%, 7, 0, 12, 0.00
1733748369, 6869094, 0, 38, 0, 0, 0.14%, 7, 0, 12, 0.00
1733748374, 6885734, 0, 38, 0, 0, 0.14%, 7, 0, 12, 0.00
1733748379, 6902374, 0, 38, 0, 0, 0.14%, 7, 0, 12, 0.00
1733748384, 6919078, 0, 38, 0, 0, 0.14%, 7, 0, 12, 0.00
1733748390, 6935709, 0, 38, 0, 0, 0.14%, 7, 0, 12, 0.00
1733748395, 6952365, 0, 38, 0, 0, 0.14%, 7, 0, 12, 0.00
1733748400, 6969014, 0, 38, 0, 0, 0.14%, 7, 0, 12, 0.00
1733748405, 6985625, 0, 38, 0, 0, 0.14%, 7, 0, 12, 0.00
1733748410, 7002218, 0, 38, 0, 0, 0.14%, 7, 0, 12, 0.00
1733748416, 7018887, 0, 38, 0, 0, 0.14%, 7, 0, 12, 0.00
1733748421, 7035570, 0, 38, 0, 0, 0.14%, 7, 0, 12, 0.00
1733748426, 7052211, 0, 38, 0, 0, 0.14%, 7, 0, 12, 0.00
1733748431, 7068890, 0, 38, 0, 0, 0.14%, 7, 0, 12, 0.00
1733748436, 7085518, 0, 38, 0, 0, 0.14%, 7, 0, 12, 0.00
1733748442, 7102176, 0, 38, 0, 0, 0.14%, 7, 0, 12, 0.00
1733748447, 7118818, 0, 38, 0, 0, 0.14%, 7, 0, 12, 0.00
1733748452, 7135435, 0, 38, 0, 0, 0.14%, 7, 0, 12, 0.00
1733748457, 7152080, 0, 38, 0, 0, 0.14%, 7, 0, 12, 0.00
1733748462, 7168664, 0, 38, 0, 0, 0.14%, 7, 0, 12, 0.00
1733748468, 7185300, 0, 38, 0, 0, 0.14%, 7, 0, 12, 0.00
1733748473, 7201919, 0, 38, 0, 0, 0.14%, 7, 0, 12, 0.00
1733748478, 7218543, 0, 38, 0, 0, 0.14%, 7, 0, 12, 0.00
1733748483, 7235176, 0, 38, 0, 0, 0.14%, 7, 0, 12, 0.00
1733748488, 7251864, 0, 38, 0, 0, 0.14%, 7, 0, 12, 0.00
1733748494, 7268471, 0, 38, 0, 0, 0.14%, 7, 0, 12, 0.00
1733748499, 7285137, 0, 38, 0, 0, 0.14%, 7, 0, 12, 0.00
1733748504, 7301750, 0, 38, 0, 0, 0.14%, 7, 0, 12, 0.00
1733748509, 7318417, 0, 38, 0, 0, 0.14%, 7, 0, 12, 0.00
1733748514, 7335001, 0, 38, 0, 0, 0.14%, 7, 0, 12, 0.00
1733748520, 7351611, 0, 38, 0, 0, 0.14%, 7, 0, 12, 0.00
1733748525, 7368312, 0, 38, 0, 0, 0.14%, 7, 0, 12, 0.00
1733748530, 7384957, 0, 38, 0, 0, 0.14%, 7, 0, 12, 0.00
1733748535, 7401547, 0, 38, 0, 0, 0.14%, 7, 0, 12, 0.00
1733748540, 7418262, 0, 38, 0, 0, 0.14%, 7, 0, 12, 0.00
1733748546, 7434925, 0, 38, 0, 0, 0.14%, 7, 0, 12, 0.00
1733748551, 7451494, 0, 38, 0, 0, 0.14%, 7, 0, 12, 0.00
1733748556, 7468142, 0, 38, 0, 0, 0.14%, 7, 0, 12, 0.00
1733748561, 7484796, 0, 38, 0, 0, 0.14%, 7, 0, 12, 0.00
1733748566, 7501435, 0, 38, 0, 0, 0.14%, 7, 0, 12, 0.00
1733748572, 7518150, 0, 38, 0, 0, 0.14%, 7, 0, 12, 0.00
1733748577, 7534806, 0, 38, 0, 0, 0.14%, 7, 0, 12, 0.00
1733748582, 7551420, 0, 38, 0, 0, 0.14%, 7, 0, 12, 0.00
1733748587, 7568027, 0, 38, 0, 0, 0.14%, 7, 0, 12, 0.00
1733748592, 7584747, 0, 38, 0, 0, 0.14%, 7, 0, 12, 0.00
1733748598, 7601455, 0, 38, 0, 0, 0.14%, 7, 0, 12, 0.00
1733748603, 7618152, 0, 38, 0, 0, 0.14%, 7, 0, 12, 0.00
1733748608, 7634865, 0, 38, 0, 0, 0.14%, 7, 0, 12, 0.00
1733748613, 7651487, 0, 38, 0, 0, 0.14%, 7, 0, 12, 0.00
1733748618, 7668133, 0, 38, 0, 0, 0.14%, 7, 0, 12, 0.00
1733748624, 7684815, 0, 38, 0, 0, 0.14%, 7, 0, 12, 0.00
1733748629, 7701424, 0, 38, 0, 0, 0.14%, 7, 0, 12, 0.00
1733748634, 7718064, 0, 38, 0, 0, 0.14%, 7, 0, 12, 0.00
1733748639, 7734702, 0, 38, 0, 0, 0.14%, 7, 0, 12, 0.00
1733748644, 7751319, 0, 38, 0, 0, 0.14%, 7, 0, 12, 0.00
1733748650, 7767932, 0, 38, 0, 0, 0.14%, 7, 0, 12, 0.00
1733748655, 7784529, 0, 38, 0, 0, 0.14%, 7, 0, 12, 0.00
1733748660, 7801095, 0, 38, 0, 0, 0.14%, 7, 0, 12, 0.00
1733748665, 7817743, 0, 38, 0, 0, 0.14%, 7, 0, 12, 0.00
1733748670, 7834327, 0, 38, 0, 0, 0.14%, 7, 0, 12, 0.00
1733748676, 7850984, 0, 38, 0, 0, 0.14%, 7, 0, 12, 0.00
1733748681, 7867604, 0, 38, 0, 0, 0.14%, 7, 0, 12, 0.00
1733748686, 7884212, 0, 38, 0, 0, 0.14%, 7, 0, 12, 0.00
1733748691, 7900844, 0, 38, 0, 0, 0.14%, 7, 0, 12, 0.00
1733748696, 7917518, 0, 38, 0, 0, 0.14%, 7, 0, 12, 0.00
1733748702, 7934160, 0, 38, 0, 0, 0.14%, 7, 0, 12, 0.00
1733748707, 7950807, 0, 38, 0, 0, 0.14%, 7, 0, 12, 0.00
1733748712, 7967471, 0, 38, 0, 0, 0.14%, 7, 0, 12, 0.00
1733748717, 7984113, 0, 38, 0, 0, 0.14%, 7, 0, 12, 0.00
1733748722, 8000664, 0, 38, 0, 0, 0.14%, 7, 0, 12, 0.00
1733748728, 8017273, 0, 38, 0, 0, 0.14%, 7, 0, 12, 0.00
1733748733, 8033917, 0, 38, 0, 0, 0.14%, 7, 0, 12, 0.00
1733748738, 8050543, 0, 38, 0, 0, 0.14%, 7, 0, 12, 0.00
1733748743, 8067172, 0, 38, 0, 0, 0.14%, 7, 0, 12, 0.00
1733748748, 8083743, 0, 38, 0, 0, 0.14%, 7, 0, 12, 0.00
1733748754, 8100403, 0, 38, 0, 0, 0.14%, 7, 0, 12, 0.00
1733748759, 8117080, 0, 38, 0, 0, 0.14%, 7, 0, 12, 0.00
1733748764, 8133692, 0, 38, 0, 0, 0.14%, 7, 0, 12, 0.00
1733748769, 8150362, 0, 38, 0, 0, 0.14%, 7, 0, 12, 0.00
1733748774, 8167082, 0, 38, 0, 0, 0.14%, 7, 0, 12, 0.00
1733748780, 8183741, 0, 38, 0, 0, 0.14%, 7, 0, 12, 0.00
1733748785, 8200392, 0, 38, 0, 0, 0.14%, 7, 0, 12, 0.00
1733748790, 8217051, 0, 38, 0, 0, 0.14%, 7, 0, 12, 0.00
1733748795, 8233627, 0, 38, 0, 0, 0.14%, 7, 0, 12, 0.00
1733748800, 8250368, 0, 38, 0, 0, 0.14%, 7, 0, 12, 0.00
1733748806, 8266961, 0, 38, 0, 0, 0.14%, 7, 0, 12, 0.00
1733748811, 8283573, 0, 38, 0, 0, 0.14%, 7, 0, 12, 0.00
1733748816, 8300209, 0, 38, 0, 0, 0.14%, 7, 0, 12, 0.00
1733748821, 8316818, 0, 38, 0, 0, 0.14%, 7, 0, 12, 0.00
1733748826, 8333498, 0, 38, 0, 0, 0.14%, 7, 0, 12, 0.00
1733748832, 8350169, 0, 38, 0, 0, 0.14%, 7, 0, 12, 0.00
1733748837, 8366864, 0, 38, 0, 0, 0.14%, 7, 0, 12, 0.00
1733748842, 8383489, 0, 38, 0, 0, 0.14%, 7, 0, 12, 0.00
1733748847, 8400126, 0, 38, 0, 0, 0.14%, 7, 0, 12, 0.00
1733748852, 8416708, 0, 38, 0, 0, 0.14%, 7, 0, 12, 0.00
1733748858, 8433339, 0, 38, 0, 0, 0.14%, 7, 0, 12, 0.00
1733748863, 8449968, 0, 38, 0, 0, 0.14%, 7, 0, 12, 0.00
1733748868, 8466548, 0, 38, 0, 0, 0.14%, 7, 0, 12, 0.00
1733748873, 8483145, 0, 38, 0, 0, 0.14%, 7, 0, 12, 0.00
1733748878, 8499719, 0, 38, 0, 0, 0.14%, 7, 0, 12, 0.00
1733748884, 8516271, 0, 38, 0, 0, 0.14%, 7, 0, 12, 0.00
1733748889, 8532914, 0, 38, 0, 0, 0.14%, 7, 0, 12, 0.00
1733748894, 8549574, 0, 38, 0, 0, 0.14%, 7, 0, 12, 0.00
1733748899, 8566157, 0, 38, 0, 0, 0.14%, 7, 0, 12, 0.00
1733748904, 8582814, 0, 38, 0, 0, 0.14%, 7, 0, 12, 0.00
1733748910, 8599494, 0, 38, 0, 0, 0.14%, 7, 0, 12, 0.00
1733748915, 8616181, 0, 38, 0, 0, 0.14%, 7, 0, 12, 0.00
1733748920, 8632816, 0, 38, 0, 0, 0.14%, 7, 0, 12, 0.00
1733748925, 8649519, 0, 38, 0, 0, 0.14%, 7, 0, 12, 0.00
1733748930, 8666151, 0, 38, 0, 0, 0.14%, 7, 0, 12, 0.00
1733748936, 8682790, 0, 38, 0, 0, 0.14%, 7, 0, 12, 0.00
1733748941, 8699407, 0, 38, 0, 0, 0.14%, 7, 0, 12, 0.00
1733748946, 8716092, 0, 38, 0, 0, 0.14%, 7, 0, 12, 0.00
1733748951, 8732749, 0, 38, 0, 0, 0.14%, 7, 0, 12, 0.00
1733748956, 8749391, 0, 38, 0, 0, 0.14%, 7, 0, 12, 0.00
1733748962, 8766046, 0, 38, 0, 0, 0.14%, 7, 0, 12, 0.00
1733748967, 8782672, 0, 38, 0, 0, 0.14%, 7, 0, 12, 0.00
1733748972, 8799290, 0, 38, 0, 0, 0.14%, 7, 0, 12, 0.00
1733748977, 8815949, 0, 38, 0, 0, 0.14%, 7, 0, 12, 0.00
1733748982, 8832583, 0, 38, 0, 0, 0.14%, 7, 0, 12, 0.00
1733748988, 8849173, 0, 38, 0, 0, 0.14%, 7, 0, 12, 0.00
1733748993, 8865794, 0, 38, 0, 0, 0.14%, 7, 0, 12, 0.00
1733748998, 8882374, 0, 38, 0, 0, 0.14%, 7, 0, 12, 0.00
1733749003, 8898990, 0, 38, 0, 0, 0.14%, 7, 0, 12, 0.00
1733749008, 8915643, 0, 38, 0, 0, 0.14%, 7, 0, 12, 0.00
1733749014, 8932332, 0, 38, 0, 0, 0.14%, 7, 0, 12, 0.00
1733749019, 8948966, 0, 38, 0, 0, 0.14%, 7, 0, 12, 0.00
1733749024, 8965510, 0, 38, 0, 0, 0.14%, 7, 0, 12, 0.00
1733749029, 8982137, 0, 38, 0, 0, 0.14%, 7, 0, 12, 0.00
1733749034, 8998685, 0, 38, 0, 0, 0.14%, 7, 0, 12, 0.00
1733749040, 9015373, 0, 38, 0, 0, 0.14%, 7, 0, 12, 0.00
1733749045, 9032033, 0, 38, 0, 0, 0.14%, 7, 0, 12, 0.00
1733749050, 9048640, 0, 38, 0, 0, 0.14%, 7, 0, 12, 0.00
1733749055, 9065315, 0, 38, 0, 0, 0.14%, 7, 0, 12, 0.00
1733749060, 9082003, 0, 38, 0, 0, 0.14%, 7, 0, 12, 0.00
1733749066, 9098647, 0, 38, 0, 0, 0.14%, 7, 0, 12, 0.00
1733749071, 9115325, 0, 38, 0, 0, 0.14%, 7, 0, 12, 0.00
1733749076, 9131907, 0, 38, 0, 0, 0.14%, 7, 0, 12, 0.00
1733749081, 9148545, 0, 38, 0, 0, 0.14%, 7, 0, 12, 0.00
1733749086, 9165167, 0, 38, 0, 0, 0.14%, 7, 0, 12, 0.00
1733749092, 9181832, 0, 38, 0, 0, 0.14%, 7, 0, 12, 0.00
1733749097, 9198382, 0, 38, 0, 0, 0.14%, 7, 0, 12, 0.00
1733749102, 9215043, 0, 38, 0, 0, 0.14%, 7, 0, 12, 0.00
1733749107, 9231620, 0, 38, 0, 0, 0.14%, 7, 0, 12, 0.00
1733749112, 9248274, 0, 38, 0, 0, 0.14%, 7, 0, 12, 0.00
1733749118, 9264853, 0, 38, 0, 0, 0.14%, 7, 0, 12, 0.00
1733749123, 9281427, 0, 38, 0, 0, 0.14%, 7, 0, 12, 0.00
1733749128, 9298047, 0, 38, 0, 0, 0.14%, 7, 0, 12, 0.00
1733749133, 9314684, 0, 38, 0, 0, 0.14%, 7, 0, 12, 0.00
1733749138, 9331341, 0, 38, 0, 0, 0.14%, 7, 0, 12, 0.00
1733749144, 9347949, 0, 38, 0, 0, 0.14%, 7, 0, 12, 0.00
1733749149, 9364559, 0, 38, 0, 0, 0.14%, 7, 0, 12, 0.00
1733749154, 9381192, 0, 38, 0, 0, 0.14%, 7, 0, 12, 0.00
1733749159, 9397807, 0, 38, 0, 0, 0.14%, 7, 0, 12, 0.00
1733749164, 9414473, 0, 38, 0, 0, 0.14%, 7, 0, 12, 0.00
1733749170, 9430982, 0, 38, 0, 0, 0.14%, 7, 0, 12, 0.00
1733749175, 9447663, 0, 38, 0, 0, 0.14%, 7, 0, 12, 0.00
1733749180, 9464293, 0, 38, 0, 0, 0.14%, 7, 0, 12, 0.00
1733749185, 9480913, 0, 38, 0, 0, 0.14%, 7, 0, 12, 0.00
1733749190, 9497547, 0, 38, 0, 0, 0.14%, 7, 0, 12, 0.00
1733749196, 9514195, 0, 38, 0, 0, 0.14%, 7, 0, 12, 0.00
1733749201, 9530815, 0, 38, 0, 0, 0.14%, 7, 0, 12, 0.00
1733749206, 9547419, 0, 38, 0, 0, 0.14%, 7, 0, 12, 0.00
1733749211, 9564038, 0, 38, 0, 0, 0.14%, 7, 0, 12, 0.00
1733749216, 9580578, 0, 38, 0, 0, 0.14%, 7, 0, 12, 0.00
1733749222, 9597219, 0, 38, 0, 0, 0.14%, 7, 0, 12, 0.00
1733749227, 9613776, 0, 38, 0, 0, 0.14%, 7, 0, 12, 0.00
1733749232, 9630459, 0, 38, 0, 0, 0.14%, 7, 0, 12, 0.00
1733749237, 9647091, 0, 38, 0, 0, 0.14%, 7, 0, 12, 0.00
1733749242, 9663791, 0, 38, 0, 0, 0.14%, 7, 0, 12, 0.00
1733749248, 9680382, 0, 38, 0, 0, 0.14%, 7, 0, 12, 0.00
1733749253, 9696938, 0, 38, 0, 0, 0.14%, 7, 0, 12, 0.00
1733749258, 9713607, 0, 38, 0, 0, 0.14%, 7, 0, 12, 0.00
1733749263, 9730248, 0, 38, 0, 0, 0.14%, 7, 0, 12, 0.00
1733749268, 9746861, 0, 38, 0, 0, 0.14%, 7, 0, 12, 0.00
1733749274, 9763558, 0, 38, 0, 0, 0.14%, 7, 0, 12, 0.00
1733749279, 9780166, 0, 38, 0, 0, 0.14%, 7, 0, 12, 0.00
1733749284, 9796829, 0, 38, 0, 0, 0.14%, 7, 0, 12, 0.00
1733749289, 9813413, 0, 38, 0, 0, 0.14%, 7, 0, 12, 0.00
1733749294, 9830031, 0, 38, 0, 0, 0.14%, 7, 0, 12, 0.00
1733749300, 9846697, 0, 38, 0, 0, 0.14%, 7, 0, 12, 0.00
1733749305, 9863304, 0, 38, 0, 0, 0.14%, 7, 0, 12, 0.00
1733749310, 9879945, 0, 38, 0, 0, 0.14%, 7, 0, 12, 0.00
1733749315, 9896638, 0, 38, 0, 0, 0.14%, 7, 0, 12, 0.00
1733749320, 9913227, 0, 38, 0, 0, 0.14%, 7, 0, 12, 0.00
1733749326, 9929847, 0, 38, 0, 0, 0.14%, 7, 0, 12, 0.00
1733749331, 9946560, 0, 38, 0, 0, 0.14%, 7, 0, 12, 0.00
1733749336, 9963184, 0, 38, 0, 0, 0.14%, 7, 0, 12, 0.00
1733749341, 9979806, 0, 38, 0, 0, 0.14%, 7, 0, 12, 0.00
1733749346, 9996423, 0, 38, 0, 0, 0.14%, 7, 0, 12, 0.00
1733749352, 10013067, 0, 38, 0, 0, 0.14%, 7, 0, 12, 0.00
1733749357, 10029678, 0, 38, 0, 0, 0.14%, 7, 0, 12, 0.00
1733749362, 10046286, 0, 38, 0, 0, 0.14%, 7, 0, 12, 0.00
1733749367, 10062910, 0, 38, 0, 0, 0.14%, 7, 0, 12, 0.00
1733749372, 10079534, 0, 38, 0, 0, 0.14%, 7, 0, 12, 0.00
