# unix_time, cycles_done, cur_path, paths_total, pending_total, pending_favs, map_size, unique_crashes, unique_hangs, max_depth, execs_per_sec
1733713384, 0, 0, 10, 10, 1, 0.01%, 0, 0, 1, 36.22
1733713389, 0, 4, 10, 10, 1, 0.01%, 0, 0, 1, 36.30
1733713404, 1, 0, 10, 4, 0, 0.01%, 0, 0, 1, 45.14
1733713409, 1, 1, 10, 3, 0, 0.01%, 0, 0, 1, 44.64
1733713414, 1, 2, 10, 2, 0, 0.01%, 0, 0, 1, 45.03
1733713424, 1, 3, 10, 1, 0, 0.01%, 0, 0, 1, 45.05
1733713429, 1, 4, 10, 0, 0, 0.01%, 0, 0, 1, 44.88
1733713434, 1, 5, 10, 0, 0, 0.01%, 0, 0, 1, 44.18
1733713440, 1, 6, 10, 0, 0, 0.01%, 0, 0, 1, 44.76
1733713445, 1, 7, 10, 0, 0, 0.01%, 0, 0, 1, 43.88
1733713450, 1, 8, 10, 0, 0, 0.01%, 0, 0, 1, 43.73
1733713455, 1, 9, 10, 0, 0, 0.01%, 0, 0, 1, 46.12
1733713465, 2, 0, 10, 0, 0, 0.01%, 0, 0, 1, 43.28
1733713470, 2, 1, 10, 0, 0, 0.01%, 0, 0, 1, 43.07
1733713475, 2, 2, 10, 0, 0, 0.01%, 0, 0, 1, 44.03
1733713480, 2, 3, 10, 0, 0, 0.01%, 0, 0, 1, 43.53
1733713485, 2, 4, 10, 0, 0, 0.01%, 0, 0, 1, 44.27
1733713490, 2, 5, 10, 0, 0, 0.01%, 0, 0, 1, 43.26
1733713495, 2, 6, 10, 0, 0, 0.01%, 0, 0, 1, 44.15
1733713505, 2, 7, 10, 0, 0, 0.01%, 0, 0, 1, 44.50
1733713510, 2, 8, 10, 0, 0, 0.01%, 0, 0, 1, 45.82
1733713516, 2, 9, 10, 0, 0, 0.01%, 0, 0, 1, 45.78
1733713521, 3, 0, 10, 0, 0, 0.01%, 0, 0, 1, 43.11
1733713526, 3, 1, 10, 0, 0, 0.01%, 0, 0, 1, 42.30
1733713531, 3, 2, 10, 0, 0, 0.01%, 0, 0, 1, 44.07
1733713536, 3, 3, 10, 0, 0, 0.01%, 0, 0, 1, 45.70
1733713546, 3, 4, 10, 0, 0, 0.01%, 0, 0, 1, 43.92
1733713551, 3, 5, 10, 0, 0, 0.01%, 0, 0, 1, 44.41
1733713556, 3, 6, 10, 0, 0, 0.01%, 0, 0, 1, 43.84
1733713561, 3, 7, 10, 0, 0, 0.01%, 0, 0, 1, 44.98
1733713566, 3, 8, 10, 0, 0, 0.01%, 0, 0, 1, 42.80
1733713571, 3, 9, 10, 0, 0, 0.01%, 0, 0, 1, 44.02
1733713576, 4, 0, 10, 0, 0, 0.01%, 0, 0, 1, 44.38
1733713587, 4, 1, 10, 0, 0, 0.01%, 0, 0, 1, 44.91
1733713592, 4, 2, 10, 0, 0, 0.01%, 0, 0, 1, 44.45
1733713597, 4, 3, 10, 0, 0, 0.01%, 0, 0, 1, 42.97
1733713602, 4, 4, 10, 0, 0, 0.01%, 0, 0, 1, 43.07
1733713607, 4, 5, 10, 0, 0, 0.01%, 0, 0, 1, 43.10
1733713612, 4, 6, 10, 0, 0, 0.01%, 0, 0, 1, 43.44
1733713622, 4, 7, 10, 0, 0, 0.01%, 0, 0, 1, 45.12
1733713627, 4, 8, 10, 0, 0, 0.01%, 0, 0, 1, 43.76
1733713633, 4, 9, 10, 0, 0, 0.01%, 0, 0, 1, 44.64
1733713638, 5, 0, 10, 0, 0, 0.01%, 0, 0, 1, 43.16
1733713643, 5, 1, 10, 0, 0, 0.01%, 0, 0, 1, 43.41
1733713648, 5, 2, 10, 0, 0, 0.01%, 0, 0, 1, 44.53
1733713653, 5, 3, 10, 0, 0, 0.01%, 0, 0, 1, 43.68
1733713663, 5, 4, 10, 0, 0, 0.01%, 0, 0, 1, 45.50
1733713668, 5, 5, 10, 0, 0, 0.01%, 0, 0, 1, 42.90
1733713673, 5, 6, 10, 0, 0, 0.01%, 0, 0, 1, 42.88
1733713678, 5, 7, 10, 0, 0, 0.01%, 0, 0, 1, 44.78
1733713683, 5, 8, 10, 0, 0, 0.01%, 0, 0, 1, 43.59
1733713688, 5, 9, 10, 0, 0, 0.01%, 0, 0, 1, 42.46
1733713694, 6, 0, 10, 0, 0, 0.01%, 0, 0, 1, 44.07
1733713704, 6, 1, 10, 0, 0, 0.01%, 0, 0, 1, 42.43
1733713709, 6, 2, 10, 0, 0, 0.01%, 0, 0, 1, 44.39
1733713714, 6, 3, 10, 0, 0, 0.01%, 0, 0, 1, 43.22
1733713719, 6, 4, 10, 0, 0, 0.01%, 0, 0, 1, 44.53
1733713724, 6, 5, 10, 0, 0, 0.01%, 0, 0, 1, 44.69
1733713729, 6, 6, 10, 0, 0, 0.01%, 0, 0, 1, 43.02
1733713734, 6, 7, 10, 0, 0, 0.01%, 0, 0, 1, 43.98
1733713744, 6, 8, 10, 0, 0, 0.01%, 0, 0, 1, 44.64
1733713749, 6, 9, 10, 0, 0, 0.01%, 0, 0, 1, 44.28
1733713754, 7, 0, 10, 0, 0, 0.01%, 0, 0, 1, 43.00
1733713760, 7, 1, 10, 0, 0, 0.01%, 0, 0, 1, 42.89
1733713765, 7, 2, 10, 0, 0, 0.01%, 0, 0, 1, 43.14
1733713770, 7, 3, 10, 0, 0, 0.01%, 0, 0, 1, 44.71
1733713780, 7, 4, 10, 0, 0, 0.01%, 0, 0, 1, 45.37
1733713785, 7, 5, 10, 0, 0, 0.01%, 0, 0, 1, 43.36
1733713790, 7, 6, 10, 0, 0, 0.01%, 0, 0, 1, 45.40
1733713795, 7, 7, 10, 0, 0, 0.01%, 0, 0, 1, 44.57
1733713800, 7, 8, 10, 0, 0, 0.01%, 0, 0, 1, 44.46
1733713805, 7, 9, 10, 0, 0, 0.01%, 0, 0, 1, 44.01
1733713810, 8, 0, 10, 0, 0, 0.01%, 0, 0, 1, 43.66
1733713821, 8, 1, 10, 0, 0, 0.01%, 0, 0, 1, 44.84
1733713826, 8, 2, 10, 0, 0, 0.01%, 0, 0, 1, 43.51
1733713831, 8, 3, 10, 0, 0, 0.01%, 0, 0, 1, 43.24
1733713836, 8, 4, 10, 0, 0, 0.01%, 0, 0, 1, 44.18
1733713841, 8, 5, 10, 0, 0, 0.01%, 0, 0, 1, 42.94
1733713846, 8, 6, 10, 0, 0, 0.01%, 0, 0, 1, 45.82
1733713851, 8, 7, 10, 0, 0, 0.01%, 0, 0, 1, 43.74
1733713861, 8, 8, 10, 0, 0, 0.01%, 0, 0, 1, 44.66
1733713866, 8, 9, 10, 0, 0, 0.01%, 0, 0, 1, 43.99
1733713871, 9, 0, 10, 0, 0, 0.01%, 0, 0, 1, 43.22
1733713876, 9, 1, 10, 0, 0, 0.01%, 0, 0, 1, 41.66
1733713881, 9, 2, 10, 0, 0, 0.01%, 0, 0, 1, 43.57
1733713886, 9, 3, 10, 0, 0, 0.01%, 0, 0, 1, 45.23
1733713892, 9, 4, 10, 0, 0, 0.01%, 0, 0, 1, 44.50
1733713902, 9, 5, 10, 0, 0, 0.01%, 0, 0, 1, 44.51
1733713907, 9, 6, 10, 0, 0, 0.01%, 0, 0, 1, 43.94
1733713912, 9, 7, 10, 0, 0, 0.01%, 0, 0, 1, 44.07
1733713917, 9, 8, 10, 0, 0, 0.01%, 0, 0, 1, 42.81
1733713922, 9, 9, 10, 0, 0, 0.01%, 0, 0, 1, 44.54
1733713927, 10, 0, 10, 0, 0, 0.01%, 0, 0, 1, 45.22
1733713932, 10, 1, 10, 0, 0, 0.01%, 0, 0, 1, 43.40
1733713942, 10, 2, 10, 0, 0, 0.01%, 0, 0, 1, 43.11
1733713947, 10, 3, 10, 0, 0, 0.01%, 0, 0, 1, 44.35
1733713952, 10, 4, 10, 0, 0, 0.01%, 0, 0, 1, 44.97
1733713957, 10, 5, 10, 0, 0, 0.01%, 0, 0, 1, 46.06
1733713963, 10, 6, 10, 0, 0, 0.01%, 0, 0, 1, 45.03
1733713968, 10, 7, 10, 0, 0, 0.01%, 0, 0, 1, 45.13
1733713973, 10, 8, 10, 0, 0, 0.01%, 0, 0, 1, 45.76
1733713978, 10, 9, 10, 0, 0, 0.01%, 0, 0, 1, 44.09
1733713988, 11, 0, 10, 0, 0, 0.01%, 0, 0, 1, 46.56
1733713993, 11, 1, 10, 0, 0, 0.01%, 0, 0, 1, 46.18
1733713998, 11, 2, 10, 0, 0, 0.01%, 0, 0, 1, 45.55
1733714003, 11, 3, 10, 0, 0, 0.01%, 0, 0, 1, 46.24
1733714008, 11, 4, 10, 0, 0, 0.01%, 0, 0, 1, 47.14
1733714013, 11, 5, 10, 0, 0, 0.01%, 0, 0, 1, 45.86
1733714018, 11, 6, 10, 0, 0, 0.01%, 0, 0, 1, 45.90
1733714023, 11, 7, 10, 0, 0, 0.01%, 0, 0, 1, 44.81
1733714028, 11, 8, 10, 0, 0, 0.01%, 0, 0, 1, 46.82
1733714033, 11, 9, 10, 0, 0, 0.01%, 0, 0, 1, 46.35
1733714044, 12, 0, 10, 0, 0, 0.01%, 0, 0, 1, 44.98
1733714049, 12, 1, 10, 0, 0, 0.01%, 0, 0, 1, 46.28
1733714054, 12, 2, 10, 0, 0, 0.01%, 0, 0, 1, 46.20
1733714059, 12, 3, 10, 0, 0, 0.01%, 0, 0, 1, 47.05
1733714064, 12, 4, 10, 0, 0, 0.01%, 0, 0, 1, 46.53
1733714069, 12, 5, 10, 0, 0, 0.01%, 0, 0, 1, 45.73
1733714074, 12, 6, 10, 0, 0, 0.01%, 0, 0, 1, 44.98
1733714079, 12, 7, 10, 0, 0, 0.01%, 0, 0, 1, 46.95
1733714084, 12, 8, 10, 0, 0, 0.01%, 0, 0, 1, 44.87
1733714090, 12, 9, 10, 0, 0, 0.01%, 0, 0, 1, 45.42
1733714095, 13, 0, 10, 0, 0, 0.01%, 0, 0, 1, 46.88
1733714100, 13, 1, 10, 0, 0, 0.01%, 0, 0, 1, 45.86
1733714110, 13, 2, 10, 0, 0, 0.01%, 0, 0, 1, 45.45
1733714115, 13, 3, 10, 0, 0, 0.01%, 0, 0, 1, 46.84
1733714120, 13, 4, 10, 0, 0, 0.01%, 0, 0, 1, 45.65
1733714125, 13, 5, 10, 0, 0, 0.01%, 0, 0, 1, 45.89
1733714130, 13, 6, 10, 0, 0, 0.01%, 0, 0, 1, 47.03
1733714135, 13, 7, 10, 0, 0, 0.01%, 0, 0, 1, 46.30
1733714140, 13, 8, 10, 0, 0, 0.01%, 0, 0, 1, 46.22
1733714145, 13, 9, 10, 0, 0, 0.01%, 0, 0, 1, 44.27
1733714150, 14, 0, 10, 0, 0, 0.01%, 0, 0, 1, 47.13
1733714156, 14, 1, 10, 0, 0, 0.01%, 0, 0, 1, 47.20
1733714161, 14, 2, 10, 0, 0, 0.01%, 0, 0, 1, 47.58
1733714171, 14, 3, 10, 0, 0, 0.01%, 0, 0, 1, 45.27
1733714176, 14, 4, 10, 0, 0, 0.01%, 0, 0, 1, 44.44
1733714181, 14, 5, 10, 0, 0, 0.01%, 0, 0, 1, 46.82
1733714186, 14, 6, 10, 0, 0, 0.01%, 0, 0, 1, 46.79
1733714191, 14, 7, 10, 0, 0, 0.01%, 0, 0, 1, 44.80
1733714196, 14, 8, 10, 0, 0, 0.01%, 0, 0, 1, 46.02
1733714201, 14, 9, 10, 0, 0, 0.01%, 0, 0, 1, 46.23
1733714206, 15, 0, 10, 0, 0, 0.01%, 0, 0, 1, 46.38
1733714211, 15, 1, 10, 0, 0, 0.01%, 0, 0, 1, 46.77
1733714222, 15, 2, 10, 0, 0, 0.01%, 0, 0, 1, 45.52
1733714227, 15, 3, 10, 0, 0, 0.01%, 0, 0, 1, 44.95
1733714232, 15, 4, 10, 0, 0, 0.01%, 0, 0, 1, 44.83
1733714237, 15, 5, 10, 0, 0, 0.01%, 0, 0, 1, 40.54
1733714257, 15, 6, 10, 0, 0, 0.01%, 0, 0, 1, 42.34
1733714278, 15, 7, 10, 0, 0, 0.01%, 0, 0, 1, 43.77
1733714298, 15, 8, 10, 0, 0, 0.01%, 0, 0, 1, 44.60
1733714318, 15, 9, 10, 0, 0, 0.01%, 0, 0, 1, 45.59
1733714344, 16, 0, 10, 0, 0, 0.01%, 0, 0, 1, 38.57
1733714364, 16, 1, 10, 0, 0, 0.01%, 0, 0, 1, 40.43
1733714384, 16, 2, 10, 0, 0, 0.01%, 0, 0, 1, 40.11
1733714405, 16, 3, 10, 0, 0, 0.01%, 0, 0, 1, 46.89
1733714410, 16, 4, 10, 0, 0, 0.01%, 0, 0, 1, 46.44
1733714415, 16, 5, 10, 0, 0, 0.01%, 0, 0, 1, 47.36
1733714420, 16, 6, 10, 0, 0, 0.01%, 0, 0, 1, 45.31
1733714425, 16, 7, 10, 0, 0, 0.01%, 0, 0, 1, 45.75
1733714435, 16, 8, 10, 0, 0, 0.01%, 0, 0, 1, 46.24
1733714440, 16, 9, 10, 0, 0, 0.01%, 0, 0, 1, 47.08
1733714445, 17, 0, 10, 0, 0, 0.01%, 0, 0, 1, 45.51
1733714450, 17, 1, 10, 0, 0, 0.01%, 0, 0, 1, 44.16
1733714455, 17, 2, 10, 0, 0, 0.01%, 0, 0, 1, 46.30
1733714460, 17, 3, 10, 0, 0, 0.01%, 0, 0, 1, 47.94
1733714465, 17, 4, 10, 0, 0, 0.01%, 0, 0, 1, 47.03
1733714470, 17, 5, 10, 0, 0, 0.01%, 0, 0, 1, 47.65
1733714476, 17, 6, 10, 0, 0, 0.01%, 0, 0, 1, 47.46
1733714481, 17, 7, 10, 0, 0, 0.01%, 0, 0, 1, 46.29
1733714486, 17, 8, 10, 0, 0, 0.01%, 0, 0, 1, 46.62
1733714491, 17, 9, 10, 0, 0, 0.01%, 0, 0, 1, 48.14
1733714501, 18, 0, 10, 0, 0, 0.01%, 0, 0, 1, 46.59
1733714506, 18, 1, 10, 0, 0, 0.01%, 0, 0, 1, 44.12
1733714511, 18, 2, 10, 0, 0, 0.01%, 0, 0, 1, 45.73
1733714516, 18, 3, 10, 0, 0, 0.01%, 0, 0, 1, 44.64
1733714522, 18, 4, 10, 0, 0, 0.01%, 0, 0, 1, 44.82
1733714527, 18, 5, 10, 0, 0, 0.01%, 0, 0, 1, 47.71
1733714532, 18, 6, 10, 0, 0, 0.01%, 0, 0, 1, 45.73
1733714537, 18, 7, 10, 0, 0, 0.01%, 0, 0, 1, 46.82
1733714542, 18, 8, 10, 0, 0, 0.01%, 0, 0, 1, 46.08
1733714547, 18, 9, 10, 0, 0, 0.01%, 0, 0, 1, 44.14
1733714557, 19, 0, 10, 0, 0, 0.01%, 0, 0, 1, 43.37
1733714562, 19, 1, 10, 0, 0, 0.01%, 0, 0, 1, 46.93
1733714567, 19, 2, 10, 0, 0, 0.01%, 0, 0, 1, 46.65
1733714572, 19, 3, 10, 0, 0, 0.01%, 0, 0, 1, 44.94
1733714577, 19, 4, 10, 0, 0, 0.01%, 0, 0, 1, 45.61
1733714582, 19, 5, 10, 0, 0, 0.01%, 0, 0, 1, 46.02
1733714587, 19, 6, 10, 0, 0, 0.01%, 0, 0, 1, 46.36
1733714592, 19, 7, 10, 0, 0, 0.01%, 0, 0, 1, 45.65
1733714598, 19, 8, 10, 0, 0, 0.01%, 0, 0, 1, 46.48
1733714608, 19, 9, 10, 0, 0, 0.01%, 0, 0, 1, 46.12
1733714613, 20, 0, 10, 0, 0, 0.01%, 0, 0, 1, 47.57
1733714618, 20, 1, 10, 0, 0, 0.01%, 0, 0, 1, 45.84
1733714623, 20, 2, 10, 0, 0, 0.01%, 0, 0, 1, 46.50
1733714628, 20, 3, 10, 0, 0, 0.01%, 0, 0, 1, 45.67
1733714633, 20, 4, 10, 0, 0, 0.01%, 0, 0, 1, 45.25
1733714638, 20, 5, 10, 0, 0, 0.01%, 0, 0, 1, 44.96
1733714643, 20, 6, 10, 0, 0, 0.01%, 0, 0, 1, 44.22
1733714648, 20, 7, 10, 0, 0, 0.01%, 0, 0, 1, 45.58
1733714653, 20, 8, 10, 0, 0, 0.01%, 0, 0, 1, 45.37
1733714664, 20, 9, 10, 0, 0, 0.01%, 0, 0, 1, 45.33
1733714669, 21, 0, 10, 0, 0, 0.01%, 0, 0, 1, 47.41
1733714674, 21, 1, 10, 0, 0, 0.01%, 0, 0, 1, 46.72
1733714679, 21, 2, 10, 0, 0, 0.01%, 0, 0, 1, 46.19
1733714684, 21, 3, 10, 0, 0, 0.01%, 0, 0, 1, 45.87
1733714689, 21, 4, 10, 0, 0, 0.01%, 0, 0, 1, 46.23
1733714694, 21, 5, 10, 0, 0, 0.01%, 0, 0, 1, 46.86
1733714699, 21, 6, 10, 0, 0, 0.01%, 0, 0, 1, 46.23
1733714704, 21, 7, 10, 0, 0, 0.01%, 0, 0, 1, 45.29
1733714709, 21, 8, 10, 0, 0, 0.01%, 0, 0, 1, 46.55
1733714714, 21, 9, 10, 0, 0, 0.01%, 0, 0, 1, 45.73
1733714725, 22, 0, 10, 0, 0, 0.01%, 0, 0, 1, 47.07
1733714730, 22, 1, 10, 0, 0, 0.01%, 0, 0, 1, 45.52
1733714735, 22, 2, 10, 0, 0, 0.01%, 0, 0, 1, 46.31
1733714740, 22, 3, 10, 0, 0, 0.01%, 0, 0, 1, 46.64
1733714745, 22, 4, 10, 0, 0, 0.01%, 0, 0, 1, 46.80
1733714750, 22, 5, 10, 0, 0, 0.01%, 0, 0, 1, 46.44
1733714755, 22, 6, 10, 0, 0, 0.01%, 0, 0, 1, 44.14
1733714760, 22, 7, 10, 0, 0, 0.01%, 0, 0, 1, 46.28
1733714766, 22, 8, 10, 0, 0, 0.01%, 0, 0, 1, 45.86
1733714771, 22, 9, 10, 0, 0, 0.01%, 0, 0, 1, 45.65
1733714776, 23, 0, 10, 0, 0, 0.01%, 0, 0, 1, 45.45
1733714786, 23, 1, 10, 0, 0, 0.01%, 0, 0, 1, 46.84
1733714791, 23, 2, 10, 0, 0, 0.01%, 0, 0, 1, 45.44
1733714796, 23, 3, 10, 0, 0, 0.01%, 0, 0, 1, 46.25
1733714801, 23, 4, 10, 0, 0, 0.01%, 0, 0, 1, 44.74
1733714806, 23, 5, 10, 0, 0, 0.01%, 0, 0, 1, 44.13
1733714812, 23, 6, 10, 0, 0, 0.01%, 0, 0, 1, 45.74
1733714817, 23, 7, 10, 0, 0, 0.01%, 0, 0, 1, 45.48
1733714822, 23, 8, 10, 0, 0, 0.01%, 0, 0, 1, 46.09
1733714827, 23, 9, 10, 0, 0, 0.01%, 0, 0, 1, 45.21
1733714837, 24, 0, 10, 0, 0, 0.01%, 0, 0, 1, 44.94
1733714842, 24, 1, 10, 0, 0, 0.01%, 0, 0, 1, 45.70
1733714847, 24, 2, 10, 0, 0, 0.01%, 0, 0, 1, 46.06
1733714852, 24, 3, 10, 0, 0, 0.01%, 0, 0, 1, 44.96
1733714857, 24, 4, 10, 0, 0, 0.01%, 0, 0, 1, 44.13
1733714862, 24, 5, 10, 0, 0, 0.01%, 0, 0, 1, 45.77
1733714867, 24, 6, 10, 0, 0, 0.01%, 0, 0, 1, 45.33
1733714872, 24, 7, 10, 0, 0, 0.01%, 0, 0, 1, 46.34
1733714877, 24, 8, 10, 0, 0, 0.01%, 0, 0, 1, 47.34
1733714883, 24, 9, 10, 0, 0, 0.01%, 0, 0, 1, 47.02
1733714893, 25, 0, 10, 0, 0, 0.01%, 0, 0, 1, 44.97
1733714898, 25, 1, 10, 0, 0, 0.01%, 0, 0, 1, 45.41
1733714903, 25, 2, 10, 0, 0, 0.01%, 0, 0, 1, 44.43
1733714908, 25, 3, 10, 0, 0, 0.01%, 0, 0, 1, 44.66
1733714913, 25, 4, 10, 0, 0, 0.01%, 0, 0, 1, 45.00
1733714918, 25, 5, 10, 0, 0, 0.01%, 0, 0, 1, 44.32
1733714923, 25, 6, 10, 0, 0, 0.01%, 0, 0, 1, 43.65
1733714928, 25, 7, 10, 0, 0, 0.01%, 0, 0, 1, 45.04
1733714933, 25, 8, 10, 0, 0, 0.01%, 0, 0, 1, 46.03
1733714943, 25, 9, 10, 0, 0, 0.01%, 0, 0, 1, 45.81
1733714949, 26, 0, 10, 0, 0, 0.01%, 0, 0, 1, 44.06
1733714954, 26, 1, 10, 0, 0, 0.01%, 0, 0, 1, 43.63
1733714959, 26, 2, 10, 0, 0, 0.01%, 0, 0, 1, 47.01
1733714964, 26, 3, 10, 0, 0, 0.01%, 0, 0, 1, 47.19
1733714969, 26, 4, 10, 0, 0, 0.01%, 0, 0, 1, 46.27
1733714974, 26, 5, 10, 0, 0, 0.01%, 0, 0, 1, 45.30
1733714979, 26, 6, 10, 0, 0, 0.01%, 0, 0, 1, 46.24
1733714984, 26, 7, 10, 0, 0, 0.01%, 0, 0, 1, 46.78
1733714989, 26, 8, 10, 0, 0, 0.01%, 0, 0, 1, 47.11
1733714994, 26, 9, 10, 0, 0, 0.01%, 0, 0, 1, 46.66
1733715004, 27, 0, 10, 0, 0, 0.01%, 0, 0, 1, 46.36
1733715009, 27, 1, 10, 0, 0, 0.01%, 0, 0, 1, 48.04
1733715015, 27, 2, 10, 0, 0, 0.01%, 0, 0, 1, 46.22
1733715020, 27, 3, 10, 0, 0, 0.01%, 0, 0, 1, 47.17
1733715025, 27, 4, 10, 0, 0, 0.01%, 0, 0, 1, 45.83
1733715030, 27, 5, 10, 0, 0, 0.01%, 0, 0, 1, 44.25
1733715035, 27, 6, 10, 0, 0, 0.01%, 0, 0, 1, 46.19
1733715040, 27, 7, 10, 0, 0, 0.01%, 0, 0, 1, 45.40
1733715045, 27, 8, 10, 0, 0, 0.01%, 0, 0, 1, 45.47
1733715050, 27, 9, 10, 0, 0, 0.01%, 0, 0, 1, 45.65
1733715060, 28, 0, 10, 0, 0, 0.01%, 0, 0, 1, 47.12
1733715065, 28, 1, 10, 0, 0, 0.01%, 0, 0, 1, 46.63
1733715070, 28, 2, 10, 0, 0, 0.01%, 0, 0, 1, 45.25
1733715075, 28, 3, 10, 0, 0, 0.01%, 0, 0, 1, 45.27
1733715080, 28, 4, 10, 0, 0, 0.01%, 0, 0, 1, 45.13
1733715086, 28, 5, 10, 0, 0, 0.01%, 0, 0, 1, 45.43
1733715091, 28, 6, 10, 0, 0, 0.01%, 0, 0, 1, 47.70
1733715096, 28, 7, 10, 0, 0, 0.01%, 0, 0, 1, 46.95
1733715101, 28, 8, 10, 0, 0, 0.01%, 0, 0, 1, 45.64
1733715106, 28, 9, 10, 0, 0, 0.01%, 0, 0, 1, 44.33
1733715111, 29, 0, 10, 0, 0, 0.01%, 0, 0, 1, 46.60
1733715121, 29, 1, 10, 0, 0, 0.01%, 0, 0, 1, 46.87
1733715126, 29, 2, 10, 0, 0, 0.01%, 0, 0, 1, 45.90
1733715131, 29, 3, 10, 0, 0, 0.01%, 0, 0, 1, 45.51
1733715136, 29, 4, 10, 0, 0, 0.01%, 0, 0, 1, 45.14
1733715142, 29, 5, 10, 0, 0, 0.01%, 0, 0, 1, 45.91
1733715147, 29, 6, 10, 0, 0, 0.01%, 0, 0, 1, 43.71
1733715152, 29, 7, 10, 0, 0, 0.01%, 0, 0, 1, 45.86
1733715157, 29, 8, 10, 0, 0, 0.01%, 0, 0, 1, 44.38
1733715162, 29, 9, 10, 0, 0, 0.01%, 0, 0, 1, 44.05
1733715167, 30, 0, 10, 0, 0, 0.01%, 0, 0, 1, 48.07
1733715177, 30, 1, 10, 0, 0, 0.01%, 0, 0, 1, 46.27
1733715182, 30, 2, 10, 0, 0, 0.01%, 0, 0, 1, 47.36
1733715187, 30, 3, 10, 0, 0, 0.01%, 0, 0, 1, 45.11
1733715192, 30, 4, 10, 0, 0, 0.01%, 0, 0, 1, 44.71
1733715198, 30, 5, 10, 0, 0, 0.01%, 0, 0, 1, 44.02
1733715203, 30, 6, 10, 0, 0, 0.01%, 0, 0, 1, 45.32
1733715208, 30, 7, 10, 0, 0, 0.01%, 0, 0, 1, 45.72
1733715213, 30, 8, 10, 0, 0, 0.01%, 0, 0, 1, 46.00
1733715218, 30, 9, 10, 0, 0, 0.01%, 0, 0, 1, 44.74
1733715223, 31, 0, 10, 0, 0, 0.01%, 0, 0, 1, 47.72
1733715233, 31, 1, 10, 0, 0, 0.01%, 0, 0, 1, 47.28
1733715238, 31, 2, 10, 0, 0, 0.01%, 0, 0, 1, 46.79
1733715243, 31, 3, 10, 0, 0, 0.01%, 0, 0, 1, 45.76
1733715248, 31, 4, 10, 0, 0, 0.01%, 0, 0, 1, 46.60
1733715253, 31, 5, 10, 0, 0, 0.01%, 0, 0, 1, 44.36
1733715259, 31, 6, 10, 0, 0, 0.01%, 0, 0, 1, 45.40
1733715264, 31, 7, 10, 0, 0, 0.01%, 0, 0, 1, 46.37
1733715269, 31, 8, 10, 0, 0, 0.01%, 0, 0, 1, 46.68
1733715274, 31, 9, 10, 0, 0, 0.01%, 0, 0, 1, 44.32
1733715279, 32, 0, 10, 0, 0, 0.01%, 0, 0, 1, 43.98
1733715289, 32, 1, 10, 0, 0, 0.01%, 0, 0, 1, 44.79
1733715294, 32, 2, 10, 0, 0, 0.01%, 0, 0, 1, 43.48
1733715299, 32, 3, 10, 0, 0, 0.01%, 0, 0, 1, 45.52
1733715304, 32, 4, 10, 0, 0, 0.01%, 0, 0, 1, 45.38
1733715309, 32, 5, 10, 0, 0, 0.01%, 0, 0, 1, 47.38
1733715314, 32, 6, 10, 0, 0, 0.01%, 0, 0, 1, 45.67
1733715320, 32, 7, 10, 0, 0, 0.01%, 0, 0, 1, 44.82
1733715325, 32, 8, 10, 0, 0, 0.01%, 0, 0, 1, 44.85
1733715330, 32, 9, 10, 0, 0, 0.01%, 0, 0, 1, 47.41
1733715340, 33, 0, 10, 0, 0, 0.01%, 0, 0, 1, 46.04
1733715345, 33, 1, 10, 0, 0, 0.01%, 0, 0, 1, 45.14
1733715350, 33, 2, 10, 0, 0, 0.01%, 0, 0, 1, 46.59
1733715355, 33, 3, 10, 0, 0, 0.01%, 0, 0, 1, 46.31
1733715360, 33, 4, 10, 0, 0, 0.01%, 0, 0, 1, 47.92
1733715365, 33, 5, 10, 0, 0, 0.01%, 0, 0, 1, 46.31
1733715370, 33, 6, 10, 0, 0, 0.01%, 0, 0, 1, 45.86
1733715375, 33, 7, 10, 0, 0, 0.01%, 0, 0, 1, 46.18
1733715380, 33, 8, 10, 0, 0, 0.01%, 0, 0, 1, 48.29
1733715386, 33, 9, 10, 0, 0, 0.01%, 0, 0, 1, 47.00
1733715391, 34, 0, 10, 0, 0, 0.01%, 0, 0, 1, 45.88
1733715396, 34, 1, 10, 0, 0, 0.01%, 0, 0, 1, 46.80
1733715401, 34, 2, 10, 0, 0, 0.01%, 0, 0, 1, 46.52
1733715411, 34, 3, 10, 0, 0, 0.01%, 0, 0, 1, 45.40
1733715416, 34, 4, 10, 0, 0, 0.01%, 0, 0, 1, 46.10
1733715421, 34, 5, 10, 0, 0, 0.01%, 0, 0, 1, 45.79
1733715426, 34, 6, 10, 0, 0, 0.01%, 0, 0, 1, 46.48
1733715431, 34, 7, 10, 0, 0, 0.01%, 0, 0, 1, 44.44
1733715436, 34, 8, 10, 0, 0, 0.01%, 0, 0, 1, 46.93
1733715442, 34, 9, 10, 0, 0, 0.01%, 0, 0, 1, 49.37
1733715447, 35, 0, 10, 0, 0, 0.01%, 0, 0, 1, 46.48
1733715452, 35, 1, 10, 0, 0, 0.01%, 0, 0, 1, 47.24
1733715457, 35, 2, 10, 0, 0, 0.01%, 0, 0, 1, 48.70
1733715462, 35, 3, 10, 0, 0, 0.01%, 0, 0, 1, 46.07
1733715467, 35, 4, 10, 0, 0, 0.01%, 0, 0, 1, 47.30
1733715477, 35, 5, 10, 0, 0, 0.01%, 0, 0, 1, 44.89
1733715482, 35, 6, 10, 0, 0, 0.01%, 0, 0, 1, 44.10
1733715487, 35, 7, 10, 0, 0, 0.01%, 0, 0, 1, 46.37
1733715492, 35, 8, 10, 0, 0, 0.01%, 0, 0, 1, 45.23
1733715497, 35, 9, 10, 0, 0, 0.01%, 0, 0, 1, 45.58
1733715502, 36, 0, 10, 0, 0, 0.01%, 0, 0, 1, 45.39
1733715507, 36, 1, 10, 0, 0, 0.01%, 0, 0, 1, 48.07
1733715512, 36, 2, 10, 0, 0, 0.01%, 0, 0, 1, 45.47
1733715517, 36, 3, 10, 0, 0, 0.01%, 0, 0, 1, 44.40
1733715528, 36, 4, 10, 0, 0, 0.01%, 0, 0, 1, 45.22
1733715533, 36, 5, 10, 0, 0, 0.01%, 0, 0, 1, 47.03
1733715538, 36, 6, 10, 0, 0, 0.01%, 0, 0, 1, 47.54
1733715543, 36, 7, 10, 0, 0, 0.01%, 0, 0, 1, 47.16
1733715548, 36, 8, 10, 0, 0, 0.01%, 0, 0, 1, 45.87
1733715553, 36, 9, 10, 0, 0, 0.01%, 0, 0, 1, 46.49
1733715558, 37, 0, 10, 0, 0, 0.01%, 0, 0, 1, 45.63
1733715563, 37, 1, 10, 0, 0, 0.01%, 0, 0, 1, 46.16
1733715568, 37, 2, 10, 0, 0, 0.01%, 0, 0, 1, 46.20
1733715573, 37, 3, 10, 0, 0, 0.01%, 0, 0, 1, 45.43
1733715578, 37, 4, 10, 0, 0, 0.01%, 0, 0, 1, 47.01
1733715589, 37, 5, 10, 0, 0, 0.01%, 0, 0, 1, 46.52
1733715594, 37, 6, 10, 0, 0, 0.01%, 0, 0, 1, 43.54
1733715599, 37, 7, 10, 0, 0, 0.01%, 0, 0, 1, 48.27
1733715604, 37, 8, 10, 0, 0, 0.01%, 0, 0, 1, 46.24
1733715609, 37, 9, 10, 0, 0, 0.01%, 0, 0, 1, 47.49
1733715614, 38, 0, 10, 0, 0, 0.01%, 0, 0, 1, 46.08
1733715619, 38, 1, 10, 0, 0, 0.01%, 0, 0, 1, 46.99
1733715624, 38, 2, 10, 0, 0, 0.01%, 0, 0, 1, 46.49
1733715629, 38, 3, 10, 0, 0, 0.01%, 0, 0, 1, 47.22
1733715634, 38, 4, 10, 0, 0, 0.01%, 0, 0, 1, 44.68
1733715639, 38, 5, 10, 0, 0, 0.01%, 0, 0, 1, 44.95
1733715649, 38, 6, 10, 0, 0, 0.01%, 0, 0, 1, 45.43
1733715655, 38, 7, 10, 0, 0, 0.01%, 0, 0, 1, 44.45
1733715660, 38, 8, 10, 0, 0, 0.01%, 0, 0, 1, 46.11
1733715665, 38, 9, 10, 0, 0, 0.01%, 0, 0, 1, 45.83
1733715670, 39, 0, 10, 0, 0, 0.01%, 0, 0, 1, 45.67
1733715675, 39, 1, 10, 0, 0, 0.01%, 0, 0, 1, 46.18
1733715680, 39, 2, 10, 0, 0, 0.01%, 0, 0, 1, 46.34
1733715685, 39, 3, 10, 0, 0, 0.01%, 0, 0, 1, 45.73
1733715690, 39, 4, 10, 0, 0, 0.01%, 0, 0, 1, 45.94
1733715695, 39, 5, 10, 0, 0, 0.01%, 0, 0, 1, 47.86
1733715700, 39, 6, 10, 0, 0, 0.01%, 0, 0, 1, 48.24
1733715710, 39, 7, 10, 0, 0, 0.01%, 0, 0, 1, 45.63
1733715715, 39, 8, 10, 0, 0, 0.01%, 0, 0, 1, 44.69
1733715721, 39, 9, 10, 0, 0, 0.01%, 0, 0, 1, 44.71
1733715726, 40, 0, 10, 0, 0, 0.01%, 0, 0, 1, 47.83
1733715731, 40, 1, 10, 0, 0, 0.01%, 0, 0, 1, 47.11
1733715736, 40, 2, 10, 0, 0, 0.01%, 0, 0, 1, 44.31
1733715741, 40, 3, 10, 0, 0, 0.01%, 0, 0, 1, 45.37
1733715746, 40, 4, 10, 0, 0, 0.01%, 0, 0, 1, 47.63
1733715751, 40, 5, 10, 0, 0, 0.01%, 0, 0, 1, 45.09
1733715756, 40, 6, 10, 0, 0, 0.01%, 0, 0, 1, 47.32
1733715761, 40, 7, 10, 0, 0, 0.01%, 0, 0, 1, 47.84
1733715771, 40, 8, 10, 0, 0, 0.01%, 0, 0, 1, 46.50
1733715776, 40, 9, 10, 0, 0, 0.01%, 0, 0, 1, 45.89
1733715781, 41, 0, 10, 0, 0, 0.01%, 0, 0, 1, 44.67
1733715787, 41, 1, 10, 0, 0, 0.01%, 0, 0, 1, 47.51
1733715792, 41, 2, 10, 0, 0, 0.01%, 0, 0, 1, 46.42
1733715797, 41, 3, 10, 0, 0, 0.01%, 0, 0, 1, 45.24
1733715802, 41, 4, 10, 0, 0, 0.01%, 0, 0, 1, 44.53
1733715807, 41, 5, 10, 0, 0, 0.01%, 0, 0, 1, 43.66
1733715812, 41, 6, 10, 0, 0, 0.01%, 0, 0, 1, 46.64
1733715822, 41, 7, 10, 0, 0, 0.01%, 0, 0, 1, 45.54
1733715827, 41, 8, 10, 0, 0, 0.01%, 0, 0, 1, 45.90
1733715832, 41, 9, 10, 0, 0, 0.01%, 0, 0, 1, 46.77
1733715837, 42, 0, 10, 0, 0, 0.01%, 0, 0, 1, 45.93
1733715842, 42, 1, 10, 0, 0, 0.01%, 0, 0, 1, 45.58
1733715847, 42, 2, 10, 0, 0, 0.01%, 0, 0, 1, 46.04
1733715853, 42, 3, 10, 0, 0, 0.01%, 0, 0, 1, 47.28
1733715858, 42, 4, 10, 0, 0, 0.01%, 0, 0, 1, 45.69
1733715863, 42, 5, 10, 0, 0, 0.01%, 0, 0, 1, 47.33
1733715868, 42, 6, 10, 0, 0, 0.01%, 0, 0, 1, 46.93
1733715873, 42, 7, 10, 0, 0, 0.01%, 0, 0, 1, 45.95
1733715883, 42, 8, 10, 0, 0, 0.01%, 0, 0, 1, 46.48
1733715888, 42, 9, 10, 0, 0, 0.01%, 0, 0, 1, 46.51
1733715893, 43, 0, 10, 0, 0, 0.01%, 0, 0, 1, 47.50
1733715898, 43, 1, 10, 0, 0, 0.01%, 0, 0, 1, 45.82
1733715903, 43, 2, 10, 0, 0, 0.01%, 0, 0, 1, 44.05
1733715908, 43, 3, 10, 0, 0, 0.01%, 0, 0, 1, 44.45
1733715913, 43, 4, 10, 0, 0, 0.01%, 0, 0, 1, 44.96
1733715918, 43, 5, 10, 0, 0, 0.01%, 0, 0, 1, 46.10
1733715923, 43, 6, 10, 0, 0, 0.01%, 0, 0, 1, 45.95
1733715929, 43, 7, 10, 0, 0, 0.01%, 0, 0, 1, 44.67
1733715939, 43, 8, 10, 0, 0, 0.01%, 0, 0, 1, 45.81
1733715944, 43, 9, 10, 0, 0, 0.01%, 0, 0, 1, 43.70
1733715949, 44, 0, 10, 0, 0, 0.01%, 0, 0, 1, 44.99
1733715954, 44, 1, 10, 0, 0, 0.01%, 0, 0, 1, 44.71
1733715959, 44, 2, 10, 0, 0, 0.01%, 0, 0, 1, 45.39
1733715964, 44, 3, 10, 0, 0, 0.01%, 0, 0, 1, 45.55
1733715969, 44, 4, 10, 0, 0, 0.01%, 0, 0, 1, 44.97
1733715974, 44, 5, 10, 0, 0, 0.01%, 0, 0, 1, 45.67
1733715984, 44, 6, 10, 0, 0, 0.01%, 0, 0, 1, 46.51
1733715989, 44, 7, 10, 0, 0, 0.01%, 0, 0, 1, 46.92
1733715994, 44, 8, 10, 0, 0, 0.01%, 0, 0, 1, 45.84
1733715999, 44, 9, 10, 0, 0, 0.01%, 0, 0, 1, 46.11
1733716005, 45, 0, 10, 0, 0, 0.01%, 0, 0, 1, 46.67
1733716010, 45, 1, 10, 0, 0, 0.01%, 0, 0, 1, 44.90
1733716015, 45, 2, 10, 0, 0, 0.01%, 0, 0, 1, 48.18
1733716020, 45, 3, 10, 0, 0, 0.01%, 0, 0, 1, 46.56
1733716025, 45, 4, 10, 0, 0, 0.01%, 0, 0, 1, 46.48
1733716030, 45, 5, 10, 0, 0, 0.01%, 0, 0, 1, 46.09
1733716035, 45, 6, 10, 0, 0, 0.01%, 0, 0, 1, 44.65
1733716040, 45, 7, 10, 0, 0, 0.01%, 0, 0, 1, 44.24
1733716051, 45, 8, 10, 0, 0, 0.01%, 0, 0, 1, 45.15
1733716056, 45, 9, 10, 0, 0, 0.01%, 0, 0, 1, 45.85
1733716061, 46, 0, 10, 0, 0, 0.01%, 0, 0, 1, 47.64
1733716066, 46, 1, 10, 0, 0, 0.01%, 0, 0, 1, 44.99
1733716071, 46, 2, 10, 0, 0, 0.01%, 0, 0, 1, 45.45
1733716076, 46, 3, 10, 0, 0, 0.01%, 0, 0, 1, 46.09
1733716081, 46, 4, 10, 0, 0, 0.01%, 0, 0, 1, 44.27
1733716086, 46, 5, 10, 0, 0, 0.01%, 0, 0, 1, 46.42
1733716091, 46, 6, 10, 0, 0, 0.01%, 0, 0, 1, 45.18
1733716096, 46, 7, 10, 0, 0, 0.01%, 0, 0, 1, 44.25
1733716107, 46, 8, 10, 0, 0, 0.01%, 0, 0, 1, 45.00
1733716112, 46, 9, 10, 0, 0, 0.01%, 0, 0, 1, 44.99
1733716117, 47, 0, 10, 0, 0, 0.01%, 0, 0, 1, 45.21
1733716122, 47, 1, 10, 0, 0, 0.01%, 0, 0, 1, 46.18
1733716127, 47, 2, 10, 0, 0, 0.01%, 0, 0, 1, 45.10
1733716132, 47, 3, 10, 0, 0, 0.01%, 0, 0, 1, 44.60
1733716137, 47, 4, 10, 0, 0, 0.01%, 0, 0, 1, 45.87
1733716142, 47, 5, 10, 0, 0, 0.01%, 0, 0, 1, 45.15
1733716147, 47, 6, 10, 0, 0, 0.01%, 0, 0, 1, 45.84
1733716152, 47, 7, 10, 0, 0, 0.01%, 0, 0, 1, 46.61
1733716163, 47, 8, 10, 0, 0, 0.01%, 0, 0, 1, 47.88
1733716168, 47, 9, 10, 0, 0, 0.01%, 0, 0, 1, 45.14
1733716173, 48, 0, 10, 0, 0, 0.01%, 0, 0, 1, 46.37
1733716178, 48, 1, 10, 0, 0, 0.01%, 0, 0, 1, 45.47
1733716183, 48, 2, 10, 0, 0, 0.01%, 0, 0, 1, 44.71
1733716188, 48, 3, 10, 0, 0, 0.01%, 0, 0, 1, 44.71
1733716193, 48, 4, 11, 1, 0, 0.14%, 1, 0, 2, 46.19
1733716198, 49, 10, 11, 0, 0, 0.14%, 1, 0, 2, 49.69
1733716208, 49, 10, 12, 1, 0, 0.14%, 2, 0, 3, 53.19
1733716285, 49, 11, 13, 2, 1, 0.14%, 2, 0, 4, 72.54
1733716290, 49, 11, 13, 2, 1, 0.14%, 3, 0, 4, 60.86
1733716311, 49, 11, 14, 3, 1, 0.14%, 3, 0, 4, 49.36
1733716407, 49, 12, 14, 2, 2, 0.14%, 3, 0, 4, 70.44
1733716412, 49, 12, 15, 3, 2, 0.14%, 3, 0, 5, 60.08
1733716494, 49, 12, 16, 4, 2, 0.14%, 3, 0, 5, 50.12
1733716534, 49, 12, 17, 5, 2, 0.14%, 4, 0, 5, 50.56
1733716539, 49, 12, 18, 6, 2, 0.14%, 5, 0, 5, 48.63
1733716565, 49, 13, 19, 6, 3, 0.14%, 5, 0, 5, 51.77
1733716606, 49, 13, 20, 7, 3, 0.14%, 5, 0, 5, 57.89
1733716616, 49, 13, 21, 8, 3, 0.14%, 5, 0, 5, 56.25
1733716626, 49, 13, 23, 10, 3, 0.14%, 5, 0, 5, 54.43
1733716646, 49, 13, 24, 11, 3, 0.14%, 5, 0, 5, 54.05
1733716707, 49, 13, 26, 13, 3, 0.14%, 5, 0, 5, 52.74
1733716733, 49, 16, 27, 13, 3, 0.14%, 5, 0, 6, 63.76
1733716753, 49, 16, 28, 14, 3, 0.14%, 5, 0, 6, 48.72
1733716839, 49, 16, 29, 15, 3, 0.14%, 5, 0, 6, 66.03
1733716855, 49, 26, 29, 13, 2, 0.14%, 5, 0, 6, 71.61
1733716885, 49, 26, 30, 14, 2, 0.14%, 5, 0, 7, 47.71
1733716977, 49, 26, 31, 15, 2, 0.14%, 5, 0, 7, 62.67
1733716982, 49, 30, 31, 14, 1, 0.14%, 5, 0, 7, 41.71
1733717387, 49, 30, 32, 15, 1, 0.14%, 5, 0, 8, 75.35
1733717393, 49, 30, 33, 16, 1, 0.14%, 5, 0, 8, 83.85
1733717418, 49, 30, 34, 17, 1, 0.14%, 5, 0, 8, 84.81
1733717434, 49, 30, 35, 18, 1, 0.14%, 5, 0, 8, 83.87
1733717464, 49, 33, 35, 17, 1, 0.14%, 5, 0, 8, 42.49
1733717896, 49, 33, 36, 18, 1, 0.14%, 6, 0, 9, 84.52
1733717916, 49, 33, 37, 19, 1, 0.14%, 7, 0, 9, 86.87
1733717921, 49, 33, 38, 20, 1, 0.14%, 7, 0, 9, 87.09
1733717967, 49, 35, 38, 19, 1, 0.14%, 7, 0, 9, 63.54
1733718363, 49, 35, 39, 20, 1, 0.14%, 7, 0, 10, 78.02
1733718460, 49, 38, 39, 19, 1, 0.14%, 7, 0, 10, 51.88
1733718465, 50, 14, 39, 18, 0, 0.14%, 7, 0, 10, 46.07
1733718521, 50, 14, 40, 19, 0, 0.14%, 7, 0, 10, 60.82
1733718536, 50, 36, 40, 17, 1, 0.14%, 7, 0, 10, 39.93
1733719361, 50, 39, 40, 16, 1, 0.14%, 7, 0, 10, 65.47
1733719596, 51, 22, 40, 15, 0, 0.14%, 7, 0, 10, 88.93
1733719667, 52, 28, 40, 12, 0, 0.14%, 7, 0, 10, 52.47
1733719672, 52, 37, 40, 11, 0, 0.14%, 7, 0, 10, 38.40
1733719677, 53, 15, 40, 10, 0, 0.14%, 7, 0, 10, 51.87
1733719789, 53, 34, 40, 10, 0, 0.14%, 7, 0, 10, 48.71
1733719794, 55, 23, 40, 7, 0, 0.14%, 7, 0, 10, 37.44
1733719799, 55, 31, 40, 6, 0, 0.14%, 7, 0, 10, 81.60
1733720038, 56, 38, 40, 3, 0, 0.14%, 7, 0, 10, 67.57
1733720612, 58, 17, 40, 3, 0, 0.14%, 7, 0, 10, 87.20
1733720658, 58, 17, 41, 4, 0, 0.14%, 7, 0, 10, 70.21
1733720744, 58, 40, 41, 3, 1, 0.14%, 7, 0, 10, 54.23
1733720749, 59, 40, 41, 2, 0, 0.14%, 7, 0, 10, 110.41
1733721125, 62, 40, 41, 1, 0, 0.14%, 7, 0, 10, 67.03
1733721145, 63, 24, 41, 1, 0, 0.14%, 7, 0, 10, 89.79
1733721222, 63, 40, 41, 1, 0, 0.14%, 7, 0, 10, 73.03
1733721237, 64, 40, 41, 0, 0, 0.14%, 7, 0, 10, 77.09
1733721273, 65, 40, 41, 0, 0, 0.14%, 7, 0, 10, 68.75
1733721313, 66, 40, 41, 0, 0, 0.14%, 7, 0, 10, 71.71
1733721344, 67, 31, 41, 0, 0, 0.14%, 7, 0, 10, 74.85
1733721369, 67, 40, 41, 0, 0, 0.14%, 7, 0, 10, 72.96
1733721405, 68, 31, 41, 0, 0, 0.14%, 7, 0, 10, 62.04
1733721441, 68, 40, 41, 0, 0, 0.14%, 7, 0, 10, 79.89
1733721476, 69, 31, 41, 0, 0, 0.14%, 7, 0, 10, 74.14
1733721512, 69, 40, 41, 0, 0, 0.14%, 7, 0, 10, 75.74
1733721542, 70, 31, 41, 0, 0, 0.14%, 7, 0, 10, 61.98
1733721578, 70, 40, 41, 0, 0, 0.14%, 7, 0, 10, 64.14
1733721614, 71, 31, 41, 0, 0, 0.14%, 7, 0, 10, 77.47
1733721649, 71, 40, 41, 0, 0, 0.14%, 7, 0, 10, 81.41
1733721685, 72, 31, 41, 0, 0, 0.14%, 7, 0, 10, 66.21
1733721720, 72, 40, 41, 0, 0, 0.14%, 7, 0, 10, 71.27
1733721756, 73, 31, 41, 0, 0, 0.14%, 7, 0, 10, 67.07
1733721791, 73, 40, 41, 0, 0, 0.14%, 7, 0, 10, 74.23
1733721827, 76, 27, 41, 0, 0, 0.14%, 7, 0, 10, 63.60
1733721888, 84, 29, 41, 0, 0, 0.14%, 7, 0, 10, 58.15
1733721949, 100, 34, 41, 0, 0, 0.14%, 7, 0, 10, 108.43
1733722561, 101, 38, 41, 0, 0, 0.14%, 7, 0, 10, 59.67
1733722587, 106, 24, 41, 0, 0, 0.14%, 7, 0, 10, 60.01
1733722607, 114, 38, 41, 0, 0, 0.14%, 7, 0, 10, 67.02
1733722643, 118, 24, 41, 0, 0, 0.14%, 7, 0, 10, 58.77
1733722679, 126, 37, 41, 0, 0, 0.14%, 7, 0, 10, 86.90
1733723535, 126, 38, 41, 0, 0, 0.14%, 7, 0, 10, 75.47
1733723570, 127, 38, 41, 0, 0, 0.14%, 7, 0, 10, 69.30
1733723606, 128, 24, 41, 0, 0, 0.14%, 7, 0, 10, 64.70
1733723641, 128, 38, 41, 0, 0, 0.14%, 7, 0, 10, 62.64
1733723677, 129, 19, 41, 0, 0, 0.14%, 7, 0, 10, 88.72
1733724147, 143, 26, 41, 0, 0, 0.14%, 7, 0, 10, 56.90
1733724163, 144, 24, 41, 0, 0, 0.14%, 7, 0, 10, 59.60
1733724198, 147, 24, 41, 0, 0, 0.14%, 7, 0, 10, 67.20
1733724234, 147, 32, 41, 0, 0, 0.14%, 7, 0, 10, 72.86
1733724310, 152, 26, 41, 0, 0, 0.14%, 7, 0, 10, 63.28
1733724351, 152, 38, 41, 0, 0, 0.14%, 7, 0, 10, 66.38
1733724387, 154, 21, 41, 0, 0, 0.14%, 7, 0, 10, 71.57
1733724453, 159, 24, 41, 0, 0, 0.14%, 7, 0, 10, 60.50
1733724488, 161, 29, 41, 0, 0, 0.14%, 7, 0, 10, 60.47
1733724508, 167, 16, 41, 0, 0, 0.14%, 7, 0, 10, 56.84
1733724529, 167, 26, 41, 0, 0, 0.14%, 7, 0, 10, 57.09
1733724564, 168, 24, 41, 0, 0, 0.14%, 7, 0, 10, 56.75
1733724600, 170, 16, 41, 0, 0, 0.14%, 7, 0, 10, 62.05
1733724640, 178, 16, 41, 0, 0, 0.14%, 7, 0, 10, 57.61
1733724681, 179, 24, 41, 0, 0, 0.14%, 7, 0, 10, 63.36
1733724712, 183, 27, 41, 0, 0, 0.14%, 7, 0, 10, 70.38
1733724732, 184, 21, 41, 0, 0, 0.14%, 7, 0, 10, 58.58
1733724752, 184, 25, 41, 0, 0, 0.14%, 7, 0, 10, 68.31
1733724834, 187, 24, 41, 0, 0, 0.14%, 7, 0, 10, 61.78
1733724869, 187, 26, 41, 0, 0, 0.14%, 7, 0, 10, 58.26
1733724905, 192, 27, 41, 0, 0, 0.14%, 7, 0, 10, 69.47
1733724945, 193, 23, 41, 0, 0, 0.14%, 7, 0, 10, 80.38
1733725205, 193, 27, 41, 0, 0, 0.14%, 7, 0, 10, 67.87
1733725246, 198, 29, 41, 0, 0, 0.14%, 7, 0, 10, 58.81
1733725266, 209, 14, 41, 0, 0, 0.14%, 7, 0, 10, 57.90
1733725286, 211, 16, 41, 0, 0, 0.14%, 7, 0, 10, 55.52
1733725327, 211, 22, 41, 0, 0, 0.14%, 7, 0, 10, 65.94
1733725342, 211, 34, 41, 0, 0, 0.14%, 7, 0, 10, 69.71
1733725368, 213, 20, 41, 0, 0, 0.14%, 7, 0, 10, 68.32
1733725434, 213, 34, 41, 0, 0, 0.14%, 7, 0, 10, 70.55
1733725470, 217, 15, 41, 0, 0, 0.14%, 7, 0, 10, 65.43
1733725490, 221, 15, 41, 0, 0, 0.14%, 7, 0, 10, 55.47
1733725525, 221, 34, 41, 0, 0, 0.14%, 7, 0, 10, 75.16
1733725556, 224, 21, 41, 0, 0, 0.14%, 7, 0, 10, 75.10
1733725591, 226, 29, 41, 0, 0, 0.14%, 7, 0, 10, 72.42
1733725637, 227, 16, 41, 0, 0, 0.14%, 7, 0, 10, 55.81
1733725673, 227, 29, 41, 0, 0, 0.14%, 7, 0, 10, 75.93
1733725713, 230, 15, 41, 0, 0, 0.14%, 7, 0, 10, 58.70
1733725749, 230, 27, 41, 0, 0, 0.14%, 7, 0, 10, 61.53
1733725785, 232, 26, 41, 0, 0, 0.14%, 7, 0, 10, 59.65
1733725820, 233, 20, 41, 0, 0, 0.14%, 7, 0, 10, 73.78
1733725840, 233, 22, 41, 0, 0, 0.14%, 7, 0, 10, 64.65
1733725876, 233, 24, 41, 0, 0, 0.14%, 7, 0, 10, 66.49
1733725911, 234, 15, 41, 0, 0, 0.14%, 7, 0, 10, 55.84
1733725946, 236, 12, 41, 0, 0, 0.14%, 7, 0, 10, 57.82
1733725966, 236, 23, 41, 0, 0, 0.14%, 7, 0, 10, 71.10
1733725987, 237, 30, 41, 0, 0, 0.14%, 7, 0, 10, 78.28
1733726002, 238, 11, 41, 0, 0, 0.14%, 7, 0, 10, 59.26
1733726012, 240, 26, 41, 0, 0, 0.14%, 7, 0, 10, 61.31
1733726048, 242, 21, 41, 0, 0, 0.14%, 7, 0, 10, 67.36
1733726084, 242, 26, 41, 0, 0, 0.14%, 7, 0, 10, 58.47
1733726124, 244, 29, 41, 0, 0, 0.14%, 7, 0, 10, 63.80
1733726165, 245, 11, 41, 0, 0, 0.14%, 7, 0, 10, 54.08
1733726180, 247, 32, 41, 0, 0, 0.14%, 7, 0, 10, 64.49
1733726205, 247, 34, 41, 0, 0, 0.14%, 7, 0, 10, 81.86
1733726241, 248, 23, 41, 0, 0, 0.14%, 7, 0, 10, 78.39
1733726271, 248, 30, 41, 0, 0, 0.14%, 7, 0, 10, 83.64
1733726307, 249, 20, 41, 0, 0, 0.14%, 7, 0, 10, 60.73
1733726343, 253, 34, 41, 0, 0, 0.14%, 7, 0, 10, 86.85
1733726373, 256, 23, 41, 0, 0, 0.14%, 7, 0, 10, 79.46
1733726404, 257, 27, 41, 0, 0, 0.14%, 7, 0, 10, 60.07
1733726444, 260, 20, 41, 0, 0, 0.14%, 7, 0, 10, 61.43
1733726485, 260, 26, 41, 0, 0, 0.14%, 7, 0, 10, 55.10
1733726521, 262, 23, 41, 0, 0, 0.14%, 7, 0, 10, 60.84
1733726561, 263, 14, 41, 0, 0, 0.14%, 7, 0, 10, 55.98
1733726597, 264, 16, 41, 0, 0, 0.14%, 7, 0, 10, 65.83
1733726638, 264, 30, 41, 0, 0, 0.14%, 7, 0, 10, 79.21
1733726668, 267, 21, 41, 0, 0, 0.14%, 7, 0, 10, 67.96
1733726709, 269, 20, 41, 0, 0, 0.14%, 7, 0, 10, 63.15
1733726745, 272, 24, 41, 0, 0, 0.14%, 7, 0, 10, 62.59
1733726785, 272, 30, 41, 0, 0, 0.14%, 7, 0, 10, 82.12
1733726815, 273, 27, 41, 0, 0, 0.14%, 7, 0, 10, 63.03
1733726856, 276, 30, 41, 0, 0, 0.14%, 7, 0, 10, 70.41
1733726887, 277, 11, 41, 0, 0, 0.14%, 7, 0, 10, 71.68
1733726912, 277, 25, 41, 0, 0, 0.14%, 7, 0, 10, 56.98
1733726932, 279, 12, 41, 0, 0, 0.14%, 7, 0, 10, 59.37
1733726973, 279, 17, 41, 0, 0, 0.14%, 7, 0, 10, 71.13
1733726988, 281, 23, 41, 0, 0, 0.14%, 7, 0, 10, 66.44
1733727024, 281, 24, 41, 0, 0, 0.14%, 7, 0, 10, 56.71
1733727029, 281, 35, 41, 0, 0, 0.14%, 7, 0, 10, 72.56
1733727054, 282, 22, 41, 0, 0, 0.14%, 7, 0, 10, 67.91
1733727095, 284, 30, 41, 0, 0, 0.14%, 7, 0, 10, 84.96
1733727131, 285, 29, 41, 0, 0, 0.14%, 7, 0, 10, 59.28
1733727171, 286, 25, 41, 0, 0, 0.14%, 7, 0, 10, 60.85
1733727207, 286, 39, 41, 0, 0, 0.14%, 7, 0, 10, 64.78
1733727222, 288, 35, 41, 0, 0, 0.14%, 7, 0, 10, 67.39
1733727247, 289, 11, 41, 0, 0, 0.14%, 7, 0, 10, 58.95
1733727273, 289, 24, 41, 0, 0, 0.14%, 7, 0, 10, 63.20
1733727278, 291, 24, 41, 0, 0, 0.14%, 7, 0, 10, 61.35
1733727283, 291, 27, 41, 0, 0, 0.14%, 7, 0, 10, 59.89
1733727324, 291, 32, 41, 0, 0, 0.14%, 7, 0, 10, 60.84
1733727359, 296, 17, 41, 0, 0, 0.14%, 7, 0, 10, 65.42
1733727395, 298, 21, 41, 0, 0, 0.14%, 7, 0, 10, 61.35
1733727431, 299, 13, 41, 0, 0, 0.14%, 7, 0, 10, 59.95
1733727451, 299, 16, 41, 0, 0, 0.14%, 7, 0, 10, 59.95
1733727487, 299, 32, 41, 0, 0, 0.14%, 7, 0, 10, 66.30
1733727522, 300, 19, 41, 0, 0, 0.14%, 7, 0, 10, 63.63
1733727527, 300, 39, 41, 0, 0, 0.14%, 7, 0, 10, 67.17
1733727563, 301, 14, 41, 0, 0, 0.14%, 7, 0, 10, 62.71
1733727604, 301, 19, 41, 0, 0, 0.14%, 7, 0, 10, 70.36
1733727614, 302, 14, 41, 0, 0, 0.14%, 7, 0, 10, 58.95
1733727654, 302, 20, 41, 0, 0, 0.14%, 7, 0, 10, 55.83
1733727695, 302, 23, 41, 0, 0, 0.14%, 7, 0, 10, 67.45
1733727731, 304, 13, 41, 0, 0, 0.14%, 7, 0, 10, 62.45
1733727771, 304, 25, 41, 0, 0, 0.14%, 7, 0, 10, 61.45
1733727812, 304, 26, 41, 0, 0, 0.14%, 7, 0, 10, 54.02
1733727847, 306, 16, 41, 0, 0, 0.14%, 7, 0, 10, 67.50
1733727883, 306, 17, 41, 0, 0, 0.14%, 7, 0, 10, 63.86
1733727918, 306, 29, 41, 0, 0, 0.14%, 7, 0, 10, 68.94
1733727959, 308, 35, 41, 0, 0, 0.14%, 7, 0, 10, 68.65
1733727994, 310, 24, 41, 0, 0, 0.14%, 7, 0, 10, 60.51
1733727999, 311, 25, 41, 0, 0, 0.14%, 7, 0, 10, 62.46
1733728035, 311, 39, 41, 0, 0, 0.14%, 7, 0, 10, 61.93
1733728070, 312, 10, 41, 0, 0, 0.14%, 7, 0, 10, 58.32
1733728080, 314, 20, 41, 0, 0, 0.14%, 7, 0, 10, 66.79
1733728111, 314, 21, 41, 0, 0, 0.14%, 7, 0, 10, 66.53
1733728147, 319, 15, 41, 0, 0, 0.14%, 7, 0, 10, 59.11
1733728187, 320, 12, 41, 0, 0, 0.14%, 7, 0, 10, 55.37
1733728228, 321, 17, 41, 0, 0, 0.14%, 7, 0, 10, 64.19
1733728258, 322, 13, 41, 0, 0, 0.14%, 7, 0, 10, 74.89
1733728289, 322, 35, 41, 0, 0, 0.14%, 7, 0, 10, 81.31
1733728320, 323, 35, 41, 0, 0, 0.14%, 7, 0, 10, 82.97
1733728350, 324, 15, 41, 0, 0, 0.14%, 7, 0, 10, 63.18
1733728386, 325, 16, 41, 0, 0, 0.14%, 7, 0, 10, 57.69
1733728421, 326, 22, 41, 0, 0, 0.14%, 7, 0, 10, 73.99
1733728457, 327, 19, 41, 0, 0, 0.14%, 7, 0, 10, 65.52
1733728482, 330, 39, 41, 0, 0, 0.14%, 7, 0, 10, 63.56
1733728517, 331, 13, 41, 0, 0, 0.14%, 7, 0, 10, 61.06
1733728553, 332, 39, 41, 0, 0, 0.14%, 7, 0, 10, 69.55
1733728588, 333, 25, 41, 0, 0, 0.14%, 7, 0, 10, 61.90
1733728624, 335, 17, 41, 0, 0, 0.14%, 7, 0, 10, 64.46
1733728659, 335, 21, 41, 0, 0, 0.14%, 7, 0, 10, 64.67
1733728700, 336, 18, 41, 0, 0, 0.14%, 7, 0, 10, 86.50
1733728751, 341, 11, 41, 0, 0, 0.14%, 7, 0, 10, 66.69
1733728777, 342, 22, 41, 0, 0, 0.14%, 7, 0, 10, 66.35
1733728812, 343, 12, 41, 0, 0, 0.14%, 7, 0, 10, 57.15
1733728843, 344, 10, 41, 0, 0, 0.14%, 7, 0, 10, 59.81
1733728848, 344, 17, 41, 0, 0, 0.14%, 7, 0, 10, 63.02
1733728888, 349, 22, 41, 0, 0, 0.14%, 7, 0, 10, 65.23
1733728924, 350, 10, 41, 0, 0, 0.14%, 7, 0, 10, 58.73
1733728934, 352, 26, 41, 0, 0, 0.14%, 7, 0, 10, 56.94
1733728964, 353, 14, 41, 0, 0, 0.14%, 7, 0, 10, 71.46
1733729005, 354, 32, 41, 0, 0, 0.14%, 7, 0, 10, 63.83
1733729040, 354, 33, 41, 0, 0, 0.14%, 7, 0, 10, 73.56
1733729066, 355, 11, 41, 0, 0, 0.14%, 7, 0, 10, 59.27
1733729101, 355, 18, 41, 0, 0, 0.14%, 7, 0, 10, 59.44
1733729137, 355, 32, 41, 0, 0, 0.14%, 7, 0, 10, 61.79
1733729178, 356, 33, 41, 0, 0, 0.14%, 7, 0, 10, 72.51
1733729214, 357, 18, 41, 0, 0, 0.14%, 7, 0, 10, 66.11
1733729249, 361, 14, 41, 0, 0, 0.14%, 7, 0, 10, 64.18
1733729285, 361, 19, 41, 0, 0, 0.14%, 7, 0, 10, 63.00
1733729320, 363, 13, 41, 0, 0, 0.14%, 7, 0, 10, 67.23
1733729356, 365, 11, 41, 0, 0, 0.14%, 7, 0, 10, 54.60
1733729391, 365, 32, 41, 0, 0, 0.14%, 7, 0, 10, 69.16
1733729427, 366, 16, 41, 0, 0, 0.14%, 7, 0, 10, 56.99
1733729462, 366, 26, 41, 0, 0, 0.14%, 7, 0, 10, 59.72
1733729503, 367, 12, 41, 0, 0, 0.14%, 7, 0, 10, 56.85
1733729538, 367, 32, 41, 0, 0, 0.14%, 7, 0, 10, 68.46
1733729574, 369, 12, 41, 0, 0, 0.14%, 7, 0, 10, 60.93
1733729609, 370, 10, 41, 0, 0, 0.14%, 7, 0, 10, 58.55
1733729630, 371, 25, 41, 0, 0, 0.14%, 7, 0, 10, 61.83
1733729670, 372, 37, 41, 0, 0, 0.14%, 7, 0, 10, 64.78
1733729676, 375, 32, 41, 0, 0, 0.14%, 7, 0, 10, 64.94
1733729711, 378, 33, 41, 0, 0, 0.14%, 7, 0, 10, 79.53
1733729742, 379, 12, 41, 0, 0, 0.14%, 7, 0, 10, 61.30
1733729777, 381, 33, 41, 0, 0, 0.14%, 7, 0, 10, 79.62
1733729808, 383, 10, 41, 0, 0, 0.14%, 7, 0, 10, 60.29
1733729848, 384, 13, 41, 0, 0, 0.14%, 7, 0, 10, 64.71
1733729884, 385, 16, 41, 0, 0, 0.14%, 7, 0, 10, 63.48
1733729924, 386, 17, 41, 0, 0, 0.14%, 7, 0, 10, 65.08
1733729960, 387, 37, 41, 0, 0, 0.14%, 7, 0, 10, 91.57
1733729975, 395, 18, 41, 0, 0, 0.14%, 7, 0, 10, 66.18
1733730011, 395, 28, 41, 0, 0, 0.14%, 7, 0, 10, 83.01
1733730358, 398, 17, 41, 0, 0, 0.14%, 7, 0, 10, 67.55
1733730394, 398, 32, 41, 0, 0, 0.14%, 7, 0, 10, 67.63
1733730434, 400, 28, 41, 0, 0, 0.14%, 7, 0, 10, 63.10
1733730439, 405, 12, 41, 0, 0, 0.14%, 7, 0, 10, 57.96
1733730475, 409, 17, 41, 0, 0, 0.14%, 7, 0, 10, 64.05
1733730511, 409, 22, 41, 0, 0, 0.14%, 7, 0, 10, 68.55
1733730546, 412, 22, 41, 0, 0, 0.14%, 7, 0, 10, 68.25
1733730581, 415, 28, 41, 0, 0, 0.14%, 7, 0, 10, 69.47
1733730592, 416, 24, 41, 0, 0, 0.14%, 7, 0, 10, 63.07
1733730597, 419, 28, 41, 0, 0, 0.14%, 7, 0, 10, 66.51
1733730617, 422, 18, 41, 0, 0, 0.14%, 7, 0, 10, 68.03
1733730652, 423, 39, 41, 0, 0, 0.14%, 7, 0, 10, 69.16
1733730693, 425, 37, 41, 0, 0, 0.14%, 7, 0, 10, 84.50
1733730724, 427, 18, 41, 0, 0, 0.14%, 7, 0, 10, 60.29
1733730759, 438, 33, 41, 0, 0, 0.14%, 7, 0, 10, 83.00
1733730790, 453, 24, 41, 0, 0, 0.14%, 7, 0, 10, 69.51
1733730795, 466, 18, 41, 0, 0, 0.14%, 7, 0, 10, 65.22
1733730831, 467, 24, 41, 0, 0, 0.14%, 7, 0, 10, 66.89
1733730836, 479, 24, 41, 0, 0, 0.14%, 7, 0, 10, 65.32
1733730846, 486, 36, 41, 0, 0, 0.14%, 7, 0, 10, 78.86
1733730856, 493, 24, 41, 0, 0, 0.14%, 7, 0, 10, 62.70
1733730861, 502, 39, 41, 0, 0, 0.14%, 7, 0, 10, 63.83
1733730897, 505, 36, 41, 0, 0, 0.14%, 7, 0, 10, 73.90
1733730907, 508, 24, 41, 0, 0, 0.14%, 7, 0, 10, 57.80
1733730912, 519, 36, 41, 0, 0, 0.14%, 7, 0, 10, 70.74
1733730943, 526, 24, 41, 0, 0, 0.14%, 7, 0, 10, 67.53
1733730948, 543, 36, 41, 0, 0, 0.14%, 7, 0, 10, 73.85
1733730983, 548, 24, 41, 0, 0, 0.14%, 7, 0, 10, 65.87
1733730988, 550, 24, 41, 0, 0, 0.14%, 7, 0, 10, 63.51
1733730993, 552, 24, 41, 0, 0, 0.14%, 7, 0, 10, 64.76
1733730999, 577, 24, 41, 0, 0, 0.14%, 7, 0, 10, 65.39
1733731004, 589, 24, 41, 0, 0, 0.14%, 7, 0, 10, 60.88
1733731009, 619, 24, 41, 0, 0, 0.14%, 7, 0, 10, 62.10
1733731014, 669, 24, 41, 0, 0, 0.14%, 7, 0, 10, 61.76
1733731019, 686, 24, 41, 0, 0, 0.14%, 7, 0, 10, 59.12
1733731024, 688, 24, 41, 0, 0, 0.14%, 7, 0, 10, 58.57
1733731029, 702, 24, 41, 0, 0, 0.14%, 7, 0, 10, 59.13
1733731039, 707, 24, 41, 0, 0, 0.14%, 7, 0, 10, 65.07
1733731044, 722, 24, 41, 0, 0, 0.14%, 7, 0, 10, 61.82
1733731049, 735, 24, 41, 0, 0, 0.14%, 7, 0, 10, 58.13
1733731054, 761, 24, 41, 0, 0, 0.14%, 7, 0, 10, 62.57
1733731059, 764, 24, 41, 0, 0, 0.14%, 7, 0, 10, 62.25
1733731064, 785, 24, 41, 0, 0, 0.14%, 7, 0, 10, 60.76
1733731069, 851, 24, 41, 0, 0, 0.14%, 7, 0, 10, 61.40
1733731074, 856, 24, 41, 0, 0, 0.14%, 7, 0, 10, 62.88
1733731079, 913, 24, 41, 0, 0, 0.14%, 7, 0, 10, 60.01
1733731084, 969, 24, 41, 0, 0, 0.14%, 7, 0, 10, 63.13
1733731090, 980, 24, 41, 0, 0, 0.14%, 7, 0, 10, 62.44
1733731095, 1006, 24, 41, 0, 0, 0.14%, 7, 0, 10, 61.36
1733731100, 1007, 24, 41, 0, 0, 0.14%, 7, 0, 10, 61.16
1733731105, 1008, 24, 41, 0, 0, 0.14%, 7, 0, 10, 64.77
1733731115, 1010, 24, 41, 0, 0, 0.14%, 7, 0, 10, 60.57
1733731120, 1029, 24, 41, 0, 0, 0.14%, 7, 0, 10, 61.05
1733731125, 1038, 24, 41, 0, 0, 0.14%, 7, 0, 10, 62.03
1733731130, 1057, 24, 41, 0, 0, 0.14%, 7, 0, 10, 60.57
1733731135, 1072, 24, 41, 0, 0, 0.14%, 7, 0, 10, 68.33
1733731140, 1078, 24, 41, 0, 0, 0.14%, 7, 0, 10, 64.26
1733731145, 1086, 24, 41, 0, 0, 0.14%, 7, 0, 10, 65.32
1733731150, 1092, 24, 41, 0, 0, 0.14%, 7, 0, 10, 56.52
1733731156, 1115, 24, 41, 0, 0, 0.14%, 7, 0, 10, 58.20
1733731161, 1147, 24, 41, 0, 0, 0.14%, 7, 0, 10, 62.19
1733731166, 1152, 24, 41, 0, 0, 0.14%, 7, 0, 10, 64.10
1733731171, 1174, 24, 41, 0, 0, 0.14%, 7, 0, 10, 62.34
1733731176, 1187, 24, 41, 0, 0, 0.14%, 7, 0, 10, 63.50
1733731181, 1194, 24, 41, 0, 0, 0.14%, 7, 0, 10, 61.04
1733731186, 1218, 24, 41, 0, 0, 0.14%, 7, 0, 10, 61.38
1733731191, 1223, 24, 41, 0, 0, 0.14%, 7, 0, 10, 69.95
1733731196, 1264, 24, 41, 0, 0, 0.14%, 7, 0, 10, 61.37
1733731206, 1335, 24, 41, 0, 0, 0.14%, 7, 0, 10, 62.16
1733731211, 1349, 24, 41, 0, 0, 0.14%, 7, 0, 10, 61.91
1733731216, 1352, 24, 41, 0, 0, 0.14%, 7, 0, 10, 65.44
1733731221, 1356, 24, 41, 0, 0, 0.14%, 7, 0, 10, 66.29
1733731227, 1366, 24, 41, 0, 0, 0.14%, 7, 0, 10, 65.20
1733731232, 1375, 24, 41, 0, 0, 0.14%, 7, 0, 10, 56.93
1733731237, 1439, 24, 41, 0, 0, 0.14%, 7, 0, 10, 64.43
1733731242, 1477, 24, 41, 0, 0, 0.14%, 7, 0, 10, 63.24
1733731247, 1509, 24, 41, 0, 0, 0.14%, 7, 0, 10, 67.44
1733731252, 1525, 24, 41, 0, 0, 0.14%, 7, 0, 10, 65.75
1733731257, 1531, 24, 41, 0, 0, 0.14%, 7, 0, 10, 66.73
1733731262, 1535, 24, 41, 0, 0, 0.14%, 7, 0, 10, 66.24
1733731267, 1568, 24, 41, 0, 0, 0.14%, 7, 0, 10, 63.72
1733731272, 1616, 24, 41, 0, 0, 0.14%, 7, 0, 10, 62.72
1733731277, 1766, 24, 41, 0, 0, 0.14%, 7, 0, 10, 61.78
1733731282, 1777, 24, 41, 0, 0, 0.14%, 7, 0, 10, 63.70
1733731292, 1802, 24, 41, 0, 0, 0.14%, 7, 0, 10, 61.63
1733731297, 1846, 24, 41, 0, 0, 0.14%, 7, 0, 10, 59.26
1733731303, 1866, 24, 41, 0, 0, 0.14%, 7, 0, 10, 61.48
1733731308, 1880, 24, 41, 0, 0, 0.14%, 7, 0, 10, 66.33
1733731313, 1884, 24, 41, 0, 0, 0.14%, 7, 0, 10, 65.12
1733731318, 1894, 24, 41, 0, 0, 0.14%, 7, 0, 10, 58.10
1733731323, 1895, 24, 41, 0, 0, 0.14%, 7, 0, 10, 61.25
1733731328, 1904, 24, 41, 0, 0, 0.14%, 7, 0, 10, 62.70
1733731333, 1927, 24, 41, 0, 0, 0.14%, 7, 0, 10, 61.61
1733731338, 1947, 24, 41, 0, 0, 0.14%, 7, 0, 10, 62.69
1733731343, 1976, 24, 41, 0, 0, 0.14%, 7, 0, 10, 64.10
1733731348, 1981, 24, 41, 0, 0, 0.14%, 7, 0, 10, 66.57
1733731353, 1986, 24, 41, 0, 0, 0.14%, 7, 0, 10, 63.89
1733731358, 2010, 24, 41, 0, 0, 0.14%, 7, 0, 10, 65.22
1733731363, 2012, 24, 41, 0, 0, 0.14%, 7, 0, 10, 61.99
1733731368, 2020, 24, 41, 0, 0, 0.14%, 7, 0, 10, 61.60
1733731373, 2027, 24, 41, 0, 0, 0.14%, 7, 0, 10, 65.24
