# unix_time, cycles_done, cur_path, paths_total, pending_total, pending_favs, map_size, unique_crashes, unique_hangs, max_depth, execs_per_sec
1735158031, 0, 0, 10, 10, 1, 0.01%, 0, 0, 1, 56.14
1735158036, 0, 4, 10, 10, 1, 0.01%, 0, 0, 1, 41.62
1735158056, 1, 0, 10, 4, 0, 0.01%, 0, 0, 1, 44.99
1735158061, 1, 1, 10, 3, 0, 0.01%, 0, 0, 1, 45.19
1735158071, 1, 2, 10, 2, 0, 0.01%, 0, 0, 1, 44.50
1735158076, 1, 3, 10, 1, 0, 0.01%, 0, 0, 1, 46.17
1735158081, 1, 4, 10, 0, 0, 0.01%, 0, 0, 1, 46.59
1735158086, 1, 5, 10, 0, 0, 0.01%, 0, 0, 1, 45.97
1735158092, 1, 6, 10, 0, 0, 0.01%, 0, 0, 1, 45.06
1735158097, 1, 7, 10, 0, 0, 0.01%, 0, 0, 1, 46.12
1735158102, 1, 8, 10, 0, 0, 0.01%, 0, 0, 1, 48.21
1735158107, 1, 9, 10, 0, 0, 0.01%, 0, 0, 1, 45.00
1735158112, 2, 0, 10, 0, 0, 0.01%, 0, 0, 1, 46.38
1735158122, 2, 1, 10, 0, 0, 0.01%, 0, 0, 1, 46.04
1735158127, 2, 2, 10, 0, 0, 0.01%, 0, 0, 1, 46.70
1735158132, 2, 3, 10, 0, 0, 0.01%, 0, 0, 1, 44.88
1735158137, 2, 4, 10, 0, 0, 0.01%, 0, 0, 1, 44.33
1735158142, 2, 5, 10, 0, 0, 0.01%, 0, 0, 1, 43.68
1735158147, 2, 6, 10, 0, 0, 0.01%, 0, 0, 1, 45.85
1735158152, 2, 7, 10, 0, 0, 0.01%, 0, 0, 1, 44.40
1735158157, 2, 8, 10, 0, 0, 0.01%, 0, 0, 1, 45.52
1735158162, 2, 9, 10, 0, 0, 0.01%, 0, 0, 1, 47.19
1735158168, 3, 0, 10, 0, 0, 0.01%, 0, 0, 1, 45.73
1735158178, 3, 1, 10, 0, 0, 0.01%, 0, 0, 1, 45.64
1735158183, 3, 2, 10, 0, 0, 0.01%, 0, 0, 1, 46.69
1735158188, 3, 3, 10, 0, 0, 0.01%, 0, 0, 1, 45.84
1735158193, 3, 4, 10, 0, 0, 0.01%, 0, 0, 1, 45.04
1735158198, 3, 5, 10, 0, 0, 0.01%, 0, 0, 1, 47.08
1735158203, 3, 6, 10, 0, 0, 0.01%, 0, 0, 1, 48.26
1735158208, 3, 7, 10, 0, 0, 0.01%, 0, 0, 1, 45.94
1735158213, 3, 8, 10, 0, 0, 0.01%, 0, 0, 1, 45.25
1735158218, 3, 9, 10, 0, 0, 0.01%, 0, 0, 1, 47.52
1735158223, 4, 0, 10, 0, 0, 0.01%, 0, 0, 1, 45.14
1735158234, 4, 1, 10, 0, 0, 0.01%, 0, 0, 1, 44.67
1735158239, 4, 2, 10, 0, 0, 0.01%, 0, 0, 1, 45.22
1735158244, 4, 3, 10, 0, 0, 0.01%, 0, 0, 1, 45.59
1735158249, 4, 4, 10, 0, 0, 0.01%, 0, 0, 1, 45.58
1735158254, 4, 5, 10, 0, 0, 0.01%, 0, 0, 1, 46.37
1735158259, 4, 6, 10, 0, 0, 0.01%, 0, 0, 1, 46.33
1735158264, 4, 7, 10, 0, 0, 0.01%, 0, 0, 1, 47.10
1735158269, 4, 8, 10, 0, 0, 0.01%, 0, 0, 1, 45.14
1735158274, 4, 9, 10, 0, 0, 0.01%, 0, 0, 1, 47.63
1735158279, 5, 0, 10, 0, 0, 0.01%, 0, 0, 1, 44.93
1735158290, 5, 1, 10, 0, 0, 0.01%, 0, 0, 1, 46.47
1735158295, 5, 2, 10, 0, 0, 0.01%, 0, 0, 1, 45.47
1735158300, 5, 3, 10, 0, 0, 0.01%, 0, 0, 1, 44.97
1735158305, 5, 4, 10, 0, 0, 0.01%, 0, 0, 1, 45.22
1735158310, 5, 5, 10, 0, 0, 0.01%, 0, 0, 1, 46.22
1735158315, 5, 6, 10, 0, 0, 0.01%, 0, 0, 1, 44.95
1735158320, 5, 7, 10, 0, 0, 0.01%, 0, 0, 1, 46.42
1735158325, 5, 8, 10, 0, 0, 0.01%, 0, 0, 1, 45.27
1735158330, 5, 9, 10, 0, 0, 0.01%, 0, 0, 1, 46.04
1735158340, 6, 0, 10, 0, 0, 0.01%, 0, 0, 1, 46.16
1735158345, 6, 1, 10, 0, 0, 0.01%, 0, 0, 1, 43.48
1735158350, 6, 2, 10, 0, 0, 0.01%, 0, 0, 1, 47.85
1735158355, 6, 3, 10, 0, 0, 0.01%, 0, 0, 1, 46.27
1735158360, 6, 4, 10, 0, 0, 0.01%, 0, 0, 1, 45.75
1735158365, 6, 5, 10, 0, 0, 0.01%, 0, 0, 1, 43.17
1735158370, 6, 6, 10, 0, 0, 0.01%, 0, 0, 1, 45.75
1735158375, 6, 7, 10, 0, 0, 0.01%, 0, 0, 1, 45.63
1735158380, 6, 8, 10, 0, 0, 0.01%, 0, 0, 1, 45.59
1735158390, 6, 9, 10, 0, 0, 0.01%, 0, 0, 1, 46.08
1735158396, 7, 0, 10, 0, 0, 0.01%, 0, 0, 1, 47.84
1735158401, 7, 1, 10, 0, 0, 0.01%, 0, 0, 1, 47.81
1735158406, 7, 2, 10, 0, 0, 0.01%, 0, 0, 1, 46.67
1735158411, 7, 3, 10, 0, 0, 0.01%, 0, 0, 1, 45.18
1735158416, 7, 4, 10, 0, 0, 0.01%, 0, 0, 1, 48.85
1735158421, 7, 5, 10, 0, 0, 0.01%, 0, 0, 1, 46.01
1735158426, 7, 6, 10, 0, 0, 0.01%, 0, 0, 1, 46.09
1735158431, 7, 7, 10, 0, 0, 0.01%, 0, 0, 1, 45.72
1735158436, 7, 8, 10, 0, 0, 0.01%, 0, 0, 1, 46.54
1735158441, 7, 9, 10, 0, 0, 0.01%, 0, 0, 1, 46.74
1735158452, 8, 0, 10, 0, 0, 0.01%, 0, 0, 1, 44.68
1735158457, 8, 1, 10, 0, 0, 0.01%, 0, 0, 1, 46.00
1735158462, 8, 2, 10, 0, 0, 0.01%, 0, 0, 1, 43.91
1735158467, 8, 3, 10, 0, 0, 0.01%, 0, 0, 1, 45.64
1735158472, 8, 4, 10, 0, 0, 0.01%, 0, 0, 1, 44.70
1735158477, 8, 5, 10, 0, 0, 0.01%, 0, 0, 1, 48.29
1735158482, 8, 6, 10, 0, 0, 0.01%, 0, 0, 1, 45.76
1735158488, 8, 7, 10, 0, 0, 0.01%, 0, 0, 1, 48.01
1735158493, 8, 8, 10, 0, 0, 0.01%, 0, 0, 1, 42.71
1735158498, 8, 9, 10, 0, 0, 0.01%, 0, 0, 1, 44.71
1735158508, 9, 0, 10, 0, 0, 0.01%, 0, 0, 1, 47.97
1735158513, 9, 1, 10, 0, 0, 0.01%, 0, 0, 1, 48.35
1735158518, 9, 2, 10, 0, 0, 0.01%, 0, 0, 1, 46.12
1735158523, 9, 3, 10, 0, 0, 0.01%, 0, 0, 1, 48.33
1735158528, 9, 4, 10, 0, 0, 0.01%, 0, 0, 1, 48.74
1735158533, 9, 5, 10, 0, 0, 0.01%, 0, 0, 1, 48.51
1735158538, 9, 6, 10, 0, 0, 0.01%, 0, 0, 1, 44.08
1735158544, 9, 7, 10, 0, 0, 0.01%, 0, 0, 1, 49.34
1735158549, 9, 8, 10, 0, 0, 0.01%, 0, 0, 1, 47.86
1735158554, 9, 9, 10, 0, 0, 0.01%, 0, 0, 1, 46.70
1735158559, 10, 0, 10, 0, 0, 0.01%, 0, 0, 1, 44.14
1735158564, 10, 1, 10, 0, 0, 0.01%, 0, 0, 1, 49.15
1735158569, 10, 2, 10, 0, 0, 0.01%, 0, 0, 1, 45.72
1735158574, 10, 3, 10, 0, 0, 0.01%, 0, 0, 1, 44.34
1735158584, 10, 4, 10, 0, 0, 0.01%, 0, 0, 1, 44.69
1735158589, 10, 5, 10, 0, 0, 0.01%, 0, 0, 1, 45.93
1735158594, 10, 6, 10, 0, 0, 0.01%, 0, 0, 1, 46.32
1735158599, 10, 7, 10, 0, 0, 0.01%, 0, 0, 1, 45.47
1735158604, 10, 8, 10, 0, 0, 0.01%, 0, 0, 1, 45.21
1735158610, 10, 9, 10, 0, 0, 0.01%, 0, 0, 1, 45.56
1735158615, 11, 0, 10, 0, 0, 0.01%, 0, 0, 1, 45.13
1735158620, 11, 1, 10, 0, 0, 0.01%, 0, 0, 1, 45.09
1735158625, 11, 2, 10, 0, 0, 0.01%, 0, 0, 1, 44.47
1735158630, 11, 3, 10, 0, 0, 0.01%, 0, 0, 1, 46.62
1735158640, 11, 4, 10, 0, 0, 0.01%, 0, 0, 1, 48.52
1735158645, 11, 5, 10, 0, 0, 0.01%, 0, 0, 1, 46.89
1735158650, 11, 6, 10, 0, 0, 0.01%, 0, 0, 1, 51.22
1735158655, 11, 7, 10, 0, 0, 0.01%, 0, 0, 1, 47.51
1735158660, 11, 8, 10, 0, 0, 0.01%, 0, 0, 1, 50.67
1735158665, 11, 9, 10, 0, 0, 0.01%, 0, 0, 1, 47.20
1735158670, 12, 0, 10, 0, 0, 0.01%, 0, 0, 1, 47.65
1735158676, 12, 1, 10, 0, 0, 0.01%, 0, 0, 1, 44.88
1735158681, 12, 2, 10, 0, 0, 0.01%, 0, 0, 1, 49.31
1735158686, 12, 3, 10, 0, 0, 0.01%, 0, 0, 1, 46.44
1735158691, 12, 4, 10, 0, 0, 0.01%, 0, 0, 1, 48.88
1735158696, 12, 5, 10, 0, 0, 0.01%, 0, 0, 1, 46.01
1735158701, 12, 6, 10, 0, 0, 0.01%, 0, 0, 1, 50.61
1735158706, 12, 7, 10, 0, 0, 0.01%, 0, 0, 1, 49.37
1735158711, 12, 8, 10, 0, 0, 0.01%, 0, 0, 1, 46.58
1735158716, 12, 9, 10, 0, 0, 0.01%, 0, 0, 1, 47.11
1735158721, 13, 0, 10, 0, 0, 0.01%, 0, 0, 1, 46.20
1735158726, 13, 1, 10, 0, 0, 0.01%, 0, 0, 1, 48.22
1735158731, 13, 2, 10, 0, 0, 0.01%, 0, 0, 1, 49.16
1735158736, 13, 3, 10, 0, 0, 0.01%, 0, 0, 1, 49.73
1735158741, 13, 4, 10, 0, 0, 0.01%, 0, 0, 1, 50.11
1735158752, 13, 5, 10, 0, 0, 0.01%, 0, 0, 1, 48.27
1735158757, 13, 6, 10, 0, 0, 0.01%, 0, 0, 1, 48.54
1735158762, 13, 7, 10, 0, 0, 0.01%, 0, 0, 1, 47.95
1735158767, 13, 8, 10, 0, 0, 0.01%, 0, 0, 1, 47.88
1735158772, 13, 9, 10, 0, 0, 0.01%, 0, 0, 1, 48.03
1735158777, 14, 0, 10, 0, 0, 0.01%, 0, 0, 1, 47.35
1735158782, 14, 1, 10, 0, 0, 0.01%, 0, 0, 1, 49.23
1735158787, 14, 2, 10, 0, 0, 0.01%, 0, 0, 1, 52.10
1735158792, 14, 3, 10, 0, 0, 0.01%, 0, 0, 1, 47.10
1735158797, 14, 4, 10, 0, 0, 0.01%, 0, 0, 1, 44.31
1735158802, 14, 5, 10, 0, 0, 0.01%, 0, 0, 1, 43.84
1735158807, 14, 6, 10, 0, 0, 0.01%, 0, 0, 1, 43.22
1735158813, 14, 7, 10, 0, 0, 0.01%, 0, 0, 1, 45.35
1735158823, 14, 8, 10, 0, 0, 0.01%, 0, 0, 1, 45.29
1735158828, 14, 9, 10, 0, 0, 0.01%, 0, 0, 1, 44.37
1735158833, 15, 0, 10, 0, 0, 0.01%, 0, 0, 1, 45.09
1735158838, 15, 1, 10, 0, 0, 0.01%, 0, 0, 1, 45.21
1735158843, 15, 2, 10, 0, 0, 0.01%, 0, 0, 1, 44.65
1735158848, 15, 3, 10, 0, 0, 0.01%, 0, 0, 1, 47.27
1735158853, 15, 4, 10, 0, 0, 0.01%, 0, 0, 1, 45.16
1735158863, 15, 5, 10, 0, 0, 0.01%, 0, 0, 1, 39.77
1735158889, 15, 6, 10, 0, 0, 0.01%, 0, 0, 1, 43.14
1735158919, 15, 7, 10, 0, 0, 0.01%, 0, 0, 1, 41.91
1735158945, 15, 8, 10, 0, 0, 0.01%, 0, 0, 1, 41.55
1735158965, 15, 9, 10, 0, 0, 0.01%, 0, 0, 1, 46.20
1735158990, 16, 0, 10, 0, 0, 0.01%, 0, 0, 1, 43.29
1735159016, 16, 1, 10, 0, 0, 0.01%, 0, 0, 1, 49.59
1735159021, 16, 2, 10, 0, 0, 0.01%, 0, 0, 1, 49.07
1735159026, 16, 3, 10, 0, 0, 0.01%, 0, 0, 1, 47.12
1735159031, 16, 4, 10, 0, 0, 0.01%, 0, 0, 1, 46.99
1735159036, 16, 5, 10, 0, 0, 0.01%, 0, 0, 1, 45.13
1735159041, 16, 6, 10, 0, 0, 0.01%, 0, 0, 1, 47.70
1735159046, 16, 7, 10, 0, 0, 0.01%, 0, 0, 1, 45.50
1735159052, 16, 8, 10, 0, 0, 0.01%, 0, 0, 1, 46.64
1735159057, 16, 9, 10, 0, 0, 0.01%, 0, 0, 1, 46.18
1735159067, 17, 0, 10, 0, 0, 0.01%, 0, 0, 1, 46.03
1735159072, 17, 1, 10, 0, 0, 0.01%, 0, 0, 1, 47.63
1735159077, 17, 2, 10, 0, 0, 0.01%, 0, 0, 1, 47.92
1735159082, 17, 3, 10, 0, 0, 0.01%, 0, 0, 1, 46.46
1735159087, 17, 4, 10, 0, 0, 0.01%, 0, 0, 1, 45.68
1735159092, 17, 5, 10, 0, 0, 0.01%, 0, 0, 1, 47.87
1735159097, 17, 6, 10, 0, 0, 0.01%, 0, 0, 1, 45.18
1735159102, 17, 7, 10, 0, 0, 0.01%, 0, 0, 1, 48.04
1735159107, 17, 8, 10, 0, 0, 0.01%, 0, 0, 1, 47.82
1735159112, 17, 9, 10, 0, 0, 0.01%, 0, 0, 1, 47.25
1735159117, 18, 0, 10, 0, 0, 0.01%, 0, 0, 1, 46.83
1735159122, 18, 1, 10, 0, 0, 0.01%, 0, 0, 1, 48.56
1735159127, 18, 2, 10, 0, 0, 0.01%, 0, 0, 1, 47.14
1735159132, 18, 3, 10, 0, 0, 0.01%, 0, 0, 1, 47.92
1735159138, 18, 4, 10, 0, 0, 0.01%, 0, 0, 1, 47.16
1735159148, 18, 5, 10, 0, 0, 0.01%, 0, 0, 1, 47.76
1735159153, 18, 6, 10, 0, 0, 0.01%, 0, 0, 1, 47.74
1735159158, 18, 7, 10, 0, 0, 0.01%, 0, 0, 1, 46.51
1735159163, 18, 8, 10, 0, 0, 0.01%, 0, 0, 1, 48.40
1735159168, 18, 9, 10, 0, 0, 0.01%, 0, 0, 1, 48.36
1735159173, 19, 0, 10, 0, 0, 0.01%, 0, 0, 1, 50.92
1735159178, 19, 1, 10, 0, 0, 0.01%, 0, 0, 1, 46.58
1735159183, 19, 2, 10, 0, 0, 0.01%, 0, 0, 1, 46.92
1735159188, 19, 3, 10, 0, 0, 0.01%, 0, 0, 1, 47.15
1735159193, 19, 4, 10, 0, 0, 0.01%, 0, 0, 1, 47.87
1735159198, 19, 5, 10, 0, 0, 0.01%, 0, 0, 1, 48.31
1735159203, 19, 6, 10, 0, 0, 0.01%, 0, 0, 1, 50.13
1735159208, 19, 7, 10, 0, 0, 0.01%, 0, 0, 1, 49.33
1735159213, 19, 8, 10, 0, 0, 0.01%, 0, 0, 1, 47.83
1735159219, 19, 9, 10, 0, 0, 0.01%, 0, 0, 1, 47.91
1735159224, 20, 0, 10, 0, 0, 0.01%, 0, 0, 1, 49.79
1735159229, 20, 1, 10, 0, 0, 0.01%, 0, 0, 1, 48.34
1735159234, 20, 2, 10, 0, 0, 0.01%, 0, 0, 1, 48.69
1735159239, 20, 3, 10, 0, 0, 0.01%, 0, 0, 1, 46.97
1735159244, 20, 4, 10, 0, 0, 0.01%, 0, 0, 1, 47.41
1735159254, 20, 5, 10, 0, 0, 0.01%, 0, 0, 1, 49.87
1735159259, 20, 6, 10, 0, 0, 0.01%, 0, 0, 1, 48.72
1735159264, 20, 7, 10, 0, 0, 0.01%, 0, 0, 1, 47.58
1735159269, 20, 8, 10, 0, 0, 0.01%, 0, 0, 1, 46.33
1735159274, 20, 9, 10, 0, 0, 0.01%, 0, 0, 1, 48.41
1735159279, 21, 0, 10, 0, 0, 0.01%, 0, 0, 1, 47.56
1735159285, 21, 1, 10, 0, 0, 0.01%, 0, 0, 1, 46.40
1735159290, 21, 2, 10, 0, 0, 0.01%, 0, 0, 1, 47.15
1735159295, 21, 3, 10, 0, 0, 0.01%, 0, 0, 1, 49.94
1735159300, 21, 4, 10, 0, 0, 0.01%, 0, 0, 1, 47.29
1735159305, 21, 5, 10, 0, 0, 0.01%, 0, 0, 1, 46.56
1735159310, 21, 6, 10, 0, 0, 0.01%, 0, 0, 1, 47.71
1735159315, 21, 7, 10, 0, 0, 0.01%, 0, 0, 1, 51.88
1735159320, 21, 8, 10, 0, 0, 0.01%, 0, 0, 1, 49.74
1735159325, 21, 9, 10, 0, 0, 0.01%, 0, 0, 1, 49.41
1735159330, 22, 0, 10, 0, 0, 0.01%, 0, 0, 1, 48.37
1735159336, 22, 1, 10, 0, 0, 0.01%, 0, 0, 1, 50.53
1735159341, 22, 2, 10, 0, 0, 0.01%, 0, 0, 1, 51.34
1735159346, 22, 3, 10, 0, 0, 0.01%, 0, 0, 1, 47.50
1735159351, 22, 4, 10, 0, 0, 0.01%, 0, 0, 1, 50.16
1735159356, 22, 5, 10, 0, 0, 0.01%, 0, 0, 1, 47.09
1735159361, 22, 6, 10, 0, 0, 0.01%, 0, 0, 1, 48.07
1735159366, 22, 7, 10, 0, 0, 0.01%, 0, 0, 1, 46.37
1735159376, 22, 8, 10, 0, 0, 0.01%, 0, 0, 1, 48.15
1735159381, 22, 9, 10, 0, 0, 0.01%, 0, 0, 1, 47.23
1735159386, 23, 0, 10, 0, 0, 0.01%, 0, 0, 1, 49.60
1735159391, 23, 1, 10, 0, 0, 0.01%, 0, 0, 1, 51.14
1735159397, 23, 2, 10, 0, 0, 0.01%, 0, 0, 1, 49.32
1735159402, 23, 3, 10, 0, 0, 0.01%, 0, 0, 1, 48.21
1735159407, 23, 4, 10, 0, 0, 0.01%, 0, 0, 1, 47.96
1735159412, 23, 5, 10, 0, 0, 0.01%, 0, 0, 1, 47.73
1735159417, 23, 6, 10, 0, 0, 0.01%, 0, 0, 1, 47.35
1735159422, 23, 7, 10, 0, 0, 0.01%, 0, 0, 1, 46.99
1735159427, 23, 8, 10, 0, 0, 0.01%, 0, 0, 1, 47.46
1735159432, 23, 9, 10, 0, 0, 0.01%, 0, 0, 1, 47.79
1735159437, 24, 0, 10, 0, 0, 0.01%, 0, 0, 1, 46.47
1735159442, 24, 1, 10, 0, 0, 0.01%, 0, 0, 1, 47.88
1735159447, 24, 2, 10, 0, 0, 0.01%, 0, 0, 1, 47.28
1735159452, 24, 3, 10, 0, 0, 0.01%, 0, 0, 1, 47.29
1735159457, 24, 4, 10, 0, 0, 0.01%, 0, 0, 1, 44.17
1735159467, 24, 5, 10, 0, 0, 0.01%, 0, 0, 1, 46.45
1735159472, 24, 6, 10, 0, 0, 0.01%, 0, 0, 1, 46.23
1735159477, 24, 7, 10, 0, 0, 0.01%, 0, 0, 1, 44.15
1735159483, 24, 8, 10, 0, 0, 0.01%, 0, 0, 1, 49.49
1735159488, 24, 9, 10, 0, 0, 0.01%, 0, 0, 1, 48.30
1735159493, 25, 0, 10, 0, 0, 0.01%, 0, 0, 1, 49.25
1735159498, 25, 1, 10, 0, 0, 0.01%, 0, 0, 1, 45.14
1735159503, 25, 2, 10, 0, 0, 0.01%, 0, 0, 1, 50.12
1735159508, 25, 3, 10, 0, 0, 0.01%, 0, 0, 1, 46.71
1735159513, 25, 4, 10, 0, 0, 0.01%, 0, 0, 1, 44.94
1735159518, 25, 5, 10, 0, 0, 0.01%, 0, 0, 1, 46.93
1735159523, 25, 6, 10, 0, 0, 0.01%, 0, 0, 1, 47.34
1735159528, 25, 7, 10, 0, 0, 0.01%, 0, 0, 1, 46.72
1735159538, 25, 8, 10, 0, 0, 0.01%, 0, 0, 1, 46.95
1735159543, 25, 9, 10, 0, 0, 0.01%, 0, 0, 1, 46.93
1735159548, 26, 0, 10, 0, 0, 0.01%, 0, 0, 1, 48.96
1735159553, 26, 1, 10, 0, 0, 0.01%, 0, 0, 1, 49.56
1735159558, 26, 2, 10, 0, 0, 0.01%, 0, 0, 1, 47.23
1735159563, 26, 3, 10, 0, 0, 0.01%, 0, 0, 1, 47.14
1735159569, 26, 4, 10, 0, 0, 0.01%, 0, 0, 1, 48.38
1735159574, 26, 5, 10, 0, 0, 0.01%, 0, 0, 1, 48.93
1735159579, 26, 6, 10, 0, 0, 0.01%, 0, 0, 1, 48.20
1735159584, 26, 7, 10, 0, 0, 0.01%, 0, 0, 1, 50.90
1735159589, 26, 8, 10, 0, 0, 0.01%, 0, 0, 1, 49.66
1735159594, 26, 9, 10, 0, 0, 0.01%, 0, 0, 1, 47.89
1735159599, 27, 0, 10, 0, 0, 0.01%, 0, 0, 1, 49.15
1735159604, 27, 1, 10, 0, 0, 0.01%, 0, 0, 1, 46.32
1735159609, 27, 2, 10, 0, 0, 0.01%, 0, 0, 1, 47.39
1735159614, 27, 3, 10, 0, 0, 0.01%, 0, 0, 1, 44.62
1735159619, 27, 4, 10, 0, 0, 0.01%, 0, 0, 1, 47.28
1735159624, 27, 5, 10, 0, 0, 0.01%, 0, 0, 1, 48.18
1735159634, 27, 6, 10, 0, 0, 0.01%, 0, 0, 1, 45.05
1735159640, 27, 7, 10, 0, 0, 0.01%, 0, 0, 1, 46.34
1735159645, 27, 8, 10, 0, 0, 0.01%, 0, 0, 1, 46.64
1735159650, 27, 9, 10, 0, 0, 0.01%, 0, 0, 1, 49.94
1735159655, 28, 0, 10, 0, 0, 0.01%, 0, 0, 1, 46.71
1735159660, 28, 1, 10, 0, 0, 0.01%, 0, 0, 1, 49.80
1735159665, 28, 2, 10, 0, 0, 0.01%, 0, 0, 1, 47.44
1735159670, 28, 3, 10, 0, 0, 0.01%, 0, 0, 1, 49.23
1735159675, 28, 4, 10, 0, 0, 0.01%, 0, 0, 1, 47.47
1735159680, 28, 5, 10, 0, 0, 0.01%, 0, 0, 1, 47.95
1735159685, 28, 6, 10, 0, 0, 0.01%, 0, 0, 1, 46.77
1735159690, 28, 7, 10, 0, 0, 0.01%, 0, 0, 1, 48.07
1735159695, 28, 8, 10, 0, 0, 0.01%, 0, 0, 1, 47.78
1735159700, 28, 9, 10, 0, 0, 0.01%, 0, 0, 1, 50.00
1735159705, 29, 0, 10, 0, 0, 0.01%, 0, 0, 1, 46.26
1735159710, 29, 1, 10, 0, 0, 0.01%, 0, 0, 1, 46.55
1735159715, 29, 2, 10, 0, 0, 0.01%, 0, 0, 1, 47.22
1735159726, 29, 3, 10, 0, 0, 0.01%, 0, 0, 1, 48.26
1735159731, 29, 4, 10, 0, 0, 0.01%, 0, 0, 1, 46.89
1735159736, 29, 5, 10, 0, 0, 0.01%, 0, 0, 1, 48.77
1735159741, 29, 6, 10, 0, 0, 0.01%, 0, 0, 1, 47.36
1735159746, 29, 7, 10, 0, 0, 0.01%, 0, 0, 1, 46.68
1735159751, 29, 8, 10, 0, 0, 0.01%, 0, 0, 1, 48.55
1735159756, 29, 9, 10, 0, 0, 0.01%, 0, 0, 1, 48.71
1735159761, 30, 0, 10, 0, 0, 0.01%, 0, 0, 1, 48.88
1735159766, 30, 1, 10, 0, 0, 0.01%, 0, 0, 1, 47.38
1735159771, 30, 2, 10, 0, 0, 0.01%, 0, 0, 1, 46.55
1735159776, 30, 3, 10, 0, 0, 0.01%, 0, 0, 1, 49.82
1735159781, 30, 4, 10, 0, 0, 0.01%, 0, 0, 1, 50.35
1735159786, 30, 5, 10, 0, 0, 0.01%, 0, 0, 1, 47.10
1735159791, 30, 6, 10, 0, 0, 0.01%, 0, 0, 1, 48.45
1735159797, 30, 7, 10, 0, 0, 0.01%, 0, 0, 1, 45.90
1735159807, 30, 8, 10, 0, 0, 0.01%, 0, 0, 1, 48.31
1735159812, 30, 9, 10, 0, 0, 0.01%, 0, 0, 1, 48.65
1735159817, 31, 0, 10, 0, 0, 0.01%, 0, 0, 1, 47.44
1735159822, 31, 1, 10, 0, 0, 0.01%, 0, 0, 1, 45.71
1735159827, 31, 2, 10, 0, 0, 0.01%, 0, 0, 1, 47.24
1735159832, 31, 3, 10, 0, 0, 0.01%, 0, 0, 1, 46.47
1735159837, 31, 4, 10, 0, 0, 0.01%, 0, 0, 1, 48.77
1735159842, 31, 5, 10, 0, 0, 0.01%, 0, 0, 1, 49.27
1735159847, 31, 6, 10, 0, 0, 0.01%, 0, 0, 1, 48.51
1735159852, 31, 7, 10, 0, 0, 0.01%, 0, 0, 1, 48.03
1735159857, 31, 8, 10, 0, 0, 0.01%, 0, 0, 1, 46.25
1735159862, 31, 9, 10, 0, 0, 0.01%, 0, 0, 1, 46.55
1735159867, 32, 0, 10, 0, 0, 0.01%, 0, 0, 1, 46.60
1735159872, 32, 1, 10, 0, 0, 0.01%, 0, 0, 1, 49.99
1735159878, 32, 2, 10, 0, 0, 0.01%, 0, 0, 1, 48.14
1735159883, 32, 3, 10, 0, 0, 0.01%, 0, 0, 1, 49.55
1735159893, 32, 4, 10, 0, 0, 0.01%, 0, 0, 1, 47.61
1735159898, 32, 5, 10, 0, 0, 0.01%, 0, 0, 1, 45.33
1735159903, 32, 6, 10, 0, 0, 0.01%, 0, 0, 1, 45.54
1735159908, 32, 7, 10, 0, 0, 0.01%, 0, 0, 1, 46.03
1735159913, 32, 8, 10, 0, 0, 0.01%, 0, 0, 1, 48.85
1735159918, 32, 9, 10, 0, 0, 0.01%, 0, 0, 1, 46.45
1735159923, 33, 0, 10, 0, 0, 0.01%, 0, 0, 1, 48.59
1735159928, 33, 1, 10, 0, 0, 0.01%, 0, 0, 1, 48.08
1735159933, 33, 2, 10, 0, 0, 0.01%, 0, 0, 1, 45.01
1735159938, 33, 3, 10, 0, 0, 0.01%, 0, 0, 1, 46.85
1735159943, 33, 4, 10, 0, 0, 0.01%, 0, 0, 1, 47.58
1735159948, 33, 5, 10, 0, 0, 0.01%, 0, 0, 1, 46.48
1735159954, 33, 6, 10, 0, 0, 0.01%, 0, 0, 1, 46.42
1735159959, 33, 7, 10, 0, 0, 0.01%, 0, 0, 1, 46.12
1735159969, 33, 8, 10, 0, 0, 0.01%, 0, 0, 1, 49.17
1735159974, 33, 9, 10, 0, 0, 0.01%, 0, 0, 1, 49.31
1735159979, 34, 0, 10, 0, 0, 0.01%, 0, 0, 1, 48.06
1735159984, 34, 1, 10, 0, 0, 0.01%, 0, 0, 1, 45.67
1735159989, 34, 2, 10, 0, 0, 0.01%, 0, 0, 1, 46.09
1735159994, 34, 3, 10, 0, 0, 0.01%, 0, 0, 1, 46.76
1735159999, 34, 4, 10, 0, 0, 0.01%, 0, 0, 1, 46.66
1735160004, 34, 5, 10, 0, 0, 0.01%, 0, 0, 1, 46.97
1735160009, 34, 6, 10, 0, 0, 0.01%, 0, 0, 1, 47.33
1735160014, 34, 7, 10, 0, 0, 0.01%, 0, 0, 1, 47.60
1735160019, 34, 8, 10, 0, 0, 0.01%, 0, 0, 1, 47.09
1735160025, 34, 9, 10, 0, 0, 0.01%, 0, 0, 1, 48.04
1735160030, 35, 0, 10, 0, 0, 0.01%, 0, 0, 1, 47.22
1735160035, 35, 1, 10, 0, 0, 0.01%, 0, 0, 1, 46.72
1735160040, 35, 2, 10, 0, 0, 0.01%, 0, 0, 1, 49.52
1735160045, 35, 3, 10, 0, 0, 0.01%, 0, 0, 1, 49.04
1735160050, 35, 4, 10, 0, 0, 0.01%, 0, 0, 1, 49.62
1735160055, 35, 5, 10, 0, 0, 0.01%, 0, 0, 1, 48.42
1735160065, 35, 6, 10, 0, 0, 0.01%, 0, 0, 1, 46.90
1735160070, 35, 7, 10, 0, 0, 0.01%, 0, 0, 1, 47.40
1735160075, 35, 8, 10, 0, 0, 0.01%, 0, 0, 1, 46.01
1735160080, 35, 9, 10, 0, 0, 0.01%, 0, 0, 1, 47.72
1735160085, 36, 0, 10, 0, 0, 0.01%, 0, 0, 1, 46.28
1735160090, 36, 1, 10, 0, 0, 0.01%, 0, 0, 1, 44.39
1735160096, 36, 2, 10, 0, 0, 0.01%, 0, 0, 1, 44.52
1735160101, 36, 3, 10, 0, 0, 0.01%, 0, 0, 1, 45.97
1735160106, 36, 4, 10, 0, 0, 0.01%, 0, 0, 1, 45.59
1735160111, 36, 5, 10, 0, 0, 0.01%, 0, 0, 1, 47.91
1735160116, 36, 6, 10, 0, 0, 0.01%, 0, 0, 1, 45.92
1735160121, 36, 7, 10, 0, 0, 0.01%, 0, 0, 1, 47.27
1735160131, 36, 8, 10, 0, 0, 0.01%, 0, 0, 1, 46.50
1735160136, 36, 9, 10, 0, 0, 0.01%, 0, 0, 1, 47.87
1735160141, 37, 0, 10, 0, 0, 0.01%, 0, 0, 1, 46.34
1735160146, 37, 1, 10, 0, 0, 0.01%, 0, 0, 1, 46.32
1735160151, 37, 2, 10, 0, 0, 0.01%, 0, 0, 1, 46.27
1735160156, 37, 3, 10, 0, 0, 0.01%, 0, 0, 1, 47.09
1735160161, 37, 4, 10, 0, 0, 0.01%, 0, 0, 1, 47.04
1735160166, 37, 5, 10, 0, 0, 0.01%, 0, 0, 1, 46.28
1735160171, 37, 6, 10, 0, 0, 0.01%, 0, 0, 1, 46.37
1735160177, 37, 7, 10, 0, 0, 0.01%, 0, 0, 1, 47.49
1735160182, 37, 8, 10, 0, 0, 0.01%, 0, 0, 1, 44.44
1735160187, 37, 9, 10, 0, 0, 0.01%, 0, 0, 1, 48.12
1735160192, 38, 0, 10, 0, 0, 0.01%, 0, 0, 1, 47.46
1735160202, 38, 1, 10, 0, 0, 0.01%, 0, 0, 1, 47.68
1735160207, 38, 2, 10, 0, 0, 0.01%, 0, 0, 1, 47.88
1735160212, 38, 3, 10, 0, 0, 0.01%, 0, 0, 1, 45.57
1735160217, 38, 4, 10, 0, 0, 0.01%, 0, 0, 1, 49.29
1735160222, 38, 5, 10, 0, 0, 0.01%, 0, 0, 1, 46.92
1735160227, 38, 6, 10, 0, 0, 0.01%, 0, 0, 1, 45.92
1735160232, 38, 7, 10, 0, 0, 0.01%, 0, 0, 1, 48.01
1735160237, 38, 8, 10, 0, 0, 0.01%, 0, 0, 1, 49.87
1735160243, 38, 9, 10, 0, 0, 0.01%, 0, 0, 1, 46.92
1735160248, 39, 0, 10, 0, 0, 0.01%, 0, 0, 1, 49.45
1735160253, 39, 1, 10, 0, 0, 0.01%, 0, 0, 1, 46.50
1735160258, 39, 2, 10, 0, 0, 0.01%, 0, 0, 1, 45.20
1735160263, 39, 3, 10, 0, 0, 0.01%, 0, 0, 1, 48.73
1735160268, 39, 4, 10, 0, 0, 0.01%, 0, 0, 1, 47.62
1735160273, 39, 5, 10, 0, 0, 0.01%, 0, 0, 1, 48.13
1735160278, 39, 6, 10, 0, 0, 0.01%, 0, 0, 1, 47.53
1735160288, 39, 7, 10, 0, 0, 0.01%, 0, 0, 1, 49.50
1735160293, 39, 8, 10, 0, 0, 0.01%, 0, 0, 1, 47.74
1735160299, 39, 9, 10, 0, 0, 0.01%, 0, 0, 1, 48.89
1735160304, 40, 0, 10, 0, 0, 0.01%, 0, 0, 1, 46.67
1735160309, 40, 1, 10, 0, 0, 0.01%, 0, 0, 1, 47.95
1735160314, 40, 2, 10, 0, 0, 0.01%, 0, 0, 1, 46.25
1735160319, 40, 3, 10, 0, 0, 0.01%, 0, 0, 1, 45.98
1735160324, 40, 4, 10, 0, 0, 0.01%, 0, 0, 1, 47.50
1735160329, 40, 5, 10, 0, 0, 0.01%, 0, 0, 1, 47.14
1735160334, 40, 6, 10, 0, 0, 0.01%, 0, 0, 1, 47.71
1735160339, 40, 7, 10, 0, 0, 0.01%, 0, 0, 1, 46.83
1735160344, 40, 8, 10, 0, 0, 0.01%, 0, 0, 1, 47.22
1735160349, 40, 9, 10, 0, 0, 0.01%, 0, 0, 1, 47.87
1735160354, 41, 0, 10, 0, 0, 0.01%, 0, 0, 1, 47.92
1735160359, 41, 1, 10, 0, 0, 0.01%, 0, 0, 1, 46.89
1735160369, 41, 2, 10, 0, 0, 0.01%, 0, 0, 1, 47.51
1735160375, 41, 3, 10, 0, 0, 0.01%, 0, 0, 1, 45.13
1735160380, 41, 4, 10, 0, 0, 0.01%, 0, 0, 1, 48.09
1735160385, 41, 5, 10, 0, 0, 0.01%, 0, 0, 1, 49.58
1735160390, 41, 6, 10, 0, 0, 0.01%, 0, 0, 1, 47.74
1735160395, 41, 7, 10, 0, 0, 0.01%, 0, 0, 1, 47.22
1735160400, 41, 8, 10, 0, 0, 0.01%, 0, 0, 1, 46.62
1735160405, 41, 9, 10, 0, 0, 0.01%, 0, 0, 1, 47.39
1735160410, 42, 0, 10, 0, 0, 0.01%, 0, 0, 1, 45.56
1735160415, 42, 1, 10, 0, 0, 0.01%, 0, 0, 1, 48.94
1735160420, 42, 2, 10, 0, 0, 0.01%, 0, 0, 1, 46.09
1735160425, 42, 3, 10, 0, 0, 0.01%, 0, 0, 1, 48.86
1735160430, 42, 4, 10, 0, 0, 0.01%, 0, 0, 1, 48.01
1735160435, 42, 5, 10, 0, 0, 0.01%, 0, 0, 1, 47.26
1735160445, 42, 6, 10, 0, 0, 0.01%, 0, 0, 1, 48.27
1735160450, 42, 7, 10, 0, 0, 0.01%, 0, 0, 1, 47.02
1735160455, 42, 8, 10, 0, 0, 0.01%, 0, 0, 1, 48.86
1735160460, 42, 9, 10, 0, 0, 0.01%, 0, 0, 1, 48.99
1735160465, 43, 0, 10, 0, 0, 0.01%, 0, 0, 1, 46.83
1735160470, 43, 1, 10, 0, 0, 0.01%, 0, 0, 1, 45.78
1735160475, 43, 2, 10, 0, 0, 0.01%, 0, 0, 1, 49.20
1735160481, 43, 3, 10, 0, 0, 0.01%, 0, 0, 1, 47.06
1735160486, 43, 4, 10, 0, 0, 0.01%, 0, 0, 1, 45.72
1735160491, 43, 5, 10, 0, 0, 0.01%, 0, 0, 1, 47.01
1735160496, 43, 6, 10, 0, 0, 0.01%, 0, 0, 1, 45.51
1735160501, 43, 7, 10, 0, 0, 0.01%, 0, 0, 1, 47.42
1735160506, 43, 8, 10, 0, 0, 0.01%, 0, 0, 1, 47.01
1735160511, 43, 9, 10, 0, 0, 0.01%, 0, 0, 1, 46.33
1735160521, 44, 0, 10, 0, 0, 0.01%, 0, 0, 1, 47.63
1735160526, 44, 1, 10, 0, 0, 0.01%, 0, 0, 1, 45.60
1735160531, 44, 2, 10, 0, 0, 0.01%, 0, 0, 1, 48.70
1735160536, 44, 3, 10, 0, 0, 0.01%, 0, 0, 1, 46.91
1735160541, 44, 4, 10, 0, 0, 0.01%, 0, 0, 1, 44.96
1735160547, 44, 5, 10, 0, 0, 0.01%, 0, 0, 1, 46.31
1735160552, 44, 6, 10, 0, 0, 0.01%, 0, 0, 1, 47.32
1735160557, 44, 7, 10, 0, 0, 0.01%, 0, 0, 1, 46.99
1735160562, 44, 8, 10, 0, 0, 0.01%, 0, 0, 1, 46.40
1735160567, 44, 9, 10, 0, 0, 0.01%, 0, 0, 1, 47.81
1735160572, 45, 0, 10, 0, 0, 0.01%, 0, 0, 1, 46.50
1735160577, 45, 1, 10, 0, 0, 0.01%, 0, 0, 1, 50.57
1735160582, 45, 2, 10, 0, 0, 0.01%, 0, 0, 1, 47.25
1735160587, 45, 3, 10, 0, 0, 0.01%, 0, 0, 1, 47.62
1735160597, 45, 4, 10, 0, 0, 0.01%, 0, 0, 1, 43.93
1735160603, 45, 5, 10, 0, 0, 0.01%, 0, 0, 1, 47.63
1735160608, 45, 6, 10, 0, 0, 0.01%, 0, 0, 1, 46.06
1735160613, 45, 7, 10, 0, 0, 0.01%, 0, 0, 1, 48.00
1735160618, 45, 8, 10, 0, 0, 0.01%, 0, 0, 1, 48.07
1735160623, 45, 9, 10, 0, 0, 0.01%, 0, 0, 1, 47.20
1735160628, 46, 0, 10, 0, 0, 0.01%, 0, 0, 1, 47.47
1735160633, 46, 1, 10, 0, 0, 0.01%, 0, 0, 1, 45.06
1735160638, 46, 2, 10, 0, 0, 0.01%, 0, 0, 1, 48.23
1735160643, 46, 3, 10, 0, 0, 0.01%, 0, 0, 1, 45.30
1735160648, 46, 4, 10, 0, 0, 0.01%, 0, 0, 1, 50.10
1735160653, 46, 5, 10, 0, 0, 0.01%, 0, 0, 1, 46.71
1735160658, 46, 6, 10, 0, 0, 0.01%, 0, 0, 1, 47.63
1735160668, 46, 7, 10, 0, 0, 0.01%, 0, 0, 1, 48.01
1735160674, 46, 8, 10, 0, 0, 0.01%, 0, 0, 1, 47.01
1735160679, 46, 9, 10, 0, 0, 0.01%, 0, 0, 1, 47.17
1735160684, 47, 0, 10, 0, 0, 0.01%, 0, 0, 1, 48.13
1735160689, 47, 1, 10, 0, 0, 0.01%, 0, 0, 1, 46.63
1735160694, 47, 2, 10, 0, 0, 0.01%, 0, 0, 1, 47.52
1735160699, 47, 3, 10, 0, 0, 0.01%, 0, 0, 1, 47.43
1735160704, 47, 4, 10, 0, 0, 0.01%, 0, 0, 1, 45.25
1735160709, 47, 5, 10, 0, 0, 0.01%, 0, 0, 1, 47.66
1735160714, 47, 6, 10, 0, 0, 0.01%, 0, 0, 1, 46.33
1735160719, 47, 7, 10, 0, 0, 0.01%, 0, 0, 1, 46.92
1735160724, 47, 8, 10, 0, 0, 0.01%, 0, 0, 1, 46.95
1735160730, 47, 9, 10, 0, 0, 0.01%, 0, 0, 1, 46.78
1735160735, 48, 0, 10, 0, 0, 0.01%, 0, 0, 1, 47.90
1735160745, 48, 1, 10, 0, 0, 0.01%, 0, 0, 1, 47.34
1735160750, 48, 2, 10, 0, 0, 0.01%, 0, 0, 1, 48.42
1735160755, 48, 3, 10, 0, 0, 0.01%, 0, 0, 1, 48.21
1735160760, 48, 4, 10, 0, 0, 0.01%, 0, 0, 1, 47.99
1735160765, 48, 5, 10, 0, 0, 0.01%, 0, 0, 1, 47.03
1735160770, 48, 6, 10, 0, 0, 0.01%, 0, 0, 1, 47.83
1735160775, 48, 7, 10, 0, 0, 0.01%, 0, 0, 1, 47.76
1735160780, 48, 8, 10, 0, 0, 0.01%, 0, 0, 1, 49.69
1735160785, 48, 9, 10, 0, 0, 0.01%, 0, 0, 1, 48.79
1735160790, 49, 0, 10, 0, 0, 0.01%, 0, 0, 1, 45.75
1735160796, 49, 1, 10, 0, 0, 0.01%, 0, 0, 1, 47.90
1735160801, 49, 2, 10, 0, 0, 0.01%, 0, 0, 1, 51.11
1735160806, 49, 3, 10, 0, 0, 0.01%, 0, 0, 1, 48.13
1735160811, 49, 4, 10, 0, 0, 0.01%, 0, 0, 1, 46.01
1735160816, 49, 5, 10, 0, 0, 0.01%, 0, 0, 1, 46.44
1735160821, 49, 6, 10, 0, 0, 0.01%, 0, 0, 1, 47.88
1735160826, 49, 7, 10, 0, 0, 0.01%, 0, 0, 1, 46.21
1735160836, 49, 8, 10, 0, 0, 0.01%, 0, 0, 1, 47.84
1735160841, 49, 9, 10, 0, 0, 0.01%, 0, 0, 1, 47.46
1735160846, 50, 0, 10, 0, 0, 0.01%, 0, 0, 1, 46.78
1735160851, 50, 1, 10, 0, 0, 0.01%, 0, 0, 1, 45.12
1735160856, 50, 2, 10, 0, 0, 0.01%, 0, 0, 1, 46.29
1735160861, 50, 3, 10, 0, 0, 0.01%, 0, 0, 1, 48.52
1735160866, 50, 4, 10, 0, 0, 0.01%, 0, 0, 1, 52.02
1735160872, 50, 5, 10, 0, 0, 0.01%, 0, 0, 1, 49.08
1735160877, 50, 6, 10, 0, 0, 0.01%, 0, 0, 1, 47.90
1735160882, 50, 7, 10, 0, 0, 0.01%, 0, 0, 1, 46.27
1735160887, 50, 8, 10, 0, 0, 0.01%, 0, 0, 1, 48.87
1735160892, 50, 9, 10, 0, 0, 0.01%, 0, 0, 1, 47.66
1735160897, 51, 0, 10, 0, 0, 0.01%, 0, 0, 1, 48.85
1735160902, 51, 1, 10, 0, 0, 0.01%, 0, 0, 1, 46.42
1735160907, 51, 2, 10, 0, 0, 0.01%, 0, 0, 1, 48.58
1735160912, 51, 3, 10, 0, 0, 0.01%, 0, 0, 1, 47.63
1735160922, 51, 4, 10, 0, 0, 0.01%, 0, 0, 1, 45.79
1735160927, 51, 5, 10, 0, 0, 0.01%, 0, 0, 1, 45.29
1735160932, 51, 6, 10, 0, 0, 0.01%, 0, 0, 1, 47.79
1735160937, 51, 7, 10, 0, 0, 0.01%, 0, 0, 1, 45.49
1735160943, 51, 8, 10, 0, 0, 0.01%, 0, 0, 1, 48.34
1735160948, 51, 9, 10, 0, 0, 0.01%, 0, 0, 1, 46.65
1735160953, 52, 0, 10, 0, 0, 0.01%, 0, 0, 1, 47.38
1735160958, 52, 1, 10, 0, 0, 0.01%, 0, 0, 1, 47.16
1735160963, 52, 2, 10, 0, 0, 0.01%, 0, 0, 1, 47.36
1735160968, 52, 3, 10, 0, 0, 0.01%, 0, 0, 1, 45.45
1735160973, 52, 4, 10, 0, 0, 0.01%, 0, 0, 1, 45.32
1735160978, 52, 5, 10, 0, 0, 0.01%, 0, 0, 1, 45.99
1735160983, 52, 6, 10, 0, 0, 0.01%, 0, 0, 1, 46.35
1735160988, 52, 7, 10, 0, 0, 0.01%, 0, 0, 1, 47.29
1735160999, 52, 8, 10, 0, 0, 0.01%, 0, 0, 1, 47.87
1735161004, 52, 9, 10, 0, 0, 0.01%, 0, 0, 1, 47.15
1735161009, 53, 0, 10, 0, 0, 0.01%, 0, 0, 1, 46.38
1735161014, 53, 1, 10, 0, 0, 0.01%, 0, 0, 1, 48.14
1735161019, 53, 2, 10, 0, 0, 0.01%, 0, 0, 1, 46.24
1735161024, 53, 3, 10, 0, 0, 0.01%, 0, 0, 1, 48.59
1735161029, 53, 4, 10, 0, 0, 0.01%, 0, 0, 1, 44.86
1735161034, 53, 5, 10, 0, 0, 0.01%, 0, 0, 1, 49.57
1735161039, 53, 6, 10, 0, 0, 0.01%, 0, 0, 1, 47.99
1735161044, 53, 7, 10, 0, 0, 0.01%, 0, 0, 1, 47.60
1735161049, 53, 8, 10, 0, 0, 0.01%, 0, 0, 1, 47.02
1735161054, 53, 9, 10, 0, 0, 0.01%, 0, 0, 1, 47.37
1735161059, 54, 0, 10, 0, 0, 0.01%, 0, 0, 1, 47.01
1735161064, 54, 1, 10, 0, 0, 0.01%, 0, 0, 1, 44.23
1735161069, 54, 2, 10, 0, 0, 0.01%, 0, 0, 1, 47.05
1735161080, 54, 3, 10, 0, 0, 0.01%, 0, 0, 1, 46.00
1735161085, 54, 4, 10, 0, 0, 0.01%, 0, 0, 1, 44.63
1735161090, 54, 5, 10, 0, 0, 0.01%, 0, 0, 1, 46.89
1735161095, 54, 6, 10, 0, 0, 0.01%, 0, 0, 1, 46.36
1735161100, 54, 7, 10, 0, 0, 0.01%, 0, 0, 1, 45.93
1735161105, 54, 8, 10, 0, 0, 0.01%, 0, 0, 1, 47.38
1735161110, 54, 9, 10, 0, 0, 0.01%, 0, 0, 1, 47.15
1735161115, 55, 0, 10, 0, 0, 0.01%, 0, 0, 1, 47.39
1735161120, 55, 1, 10, 0, 0, 0.01%, 0, 0, 1, 46.53
1735161125, 55, 2, 10, 0, 0, 0.01%, 0, 0, 1, 47.28
1735161130, 55, 3, 10, 0, 0, 0.01%, 0, 0, 1, 48.80
1735161135, 55, 4, 10, 0, 0, 0.01%, 0, 0, 1, 49.12
1735161141, 55, 5, 10, 0, 0, 0.01%, 0, 0, 1, 46.70
1735161146, 55, 6, 10, 0, 0, 0.01%, 0, 0, 1, 46.95
1735161156, 55, 7, 10, 0, 0, 0.01%, 0, 0, 1, 48.71
1735161161, 55, 8, 10, 0, 0, 0.01%, 0, 0, 1, 45.96
1735161166, 55, 9, 10, 0, 0, 0.01%, 0, 0, 1, 46.71
1735161171, 56, 0, 10, 0, 0, 0.01%, 0, 0, 1, 47.36
1735161176, 56, 1, 10, 0, 0, 0.01%, 0, 0, 1, 48.15
1735161181, 56, 2, 10, 0, 0, 0.01%, 0, 0, 1, 50.61
1735161186, 56, 3, 10, 0, 0, 0.01%, 0, 0, 1, 49.23
1735161191, 56, 4, 10, 0, 0, 0.01%, 0, 0, 1, 47.64
1735161196, 56, 5, 10, 0, 0, 0.01%, 0, 0, 1, 45.45
1735161201, 56, 6, 10, 0, 0, 0.01%, 0, 0, 1, 50.49
1735161207, 56, 7, 10, 0, 0, 0.01%, 0, 0, 1, 47.01
1735161212, 56, 8, 10, 0, 0, 0.01%, 0, 0, 1, 50.69
1735161217, 56, 9, 10, 0, 0, 0.01%, 0, 0, 1, 49.37
1735161222, 57, 0, 10, 0, 0, 0.01%, 0, 0, 1, 49.88
1735161227, 57, 1, 10, 0, 0, 0.01%, 0, 0, 1, 48.42
1735161232, 57, 2, 10, 0, 0, 0.01%, 0, 0, 1, 47.11
1735161237, 57, 3, 10, 0, 0, 0.01%, 0, 0, 1, 48.65
1735161242, 57, 4, 10, 0, 0, 0.01%, 0, 0, 1, 44.84
1735161247, 57, 5, 10, 0, 0, 0.01%, 0, 0, 1, 48.16
1735161257, 57, 6, 10, 0, 0, 0.01%, 0, 0, 1, 47.65
1735161262, 57, 7, 10, 0, 0, 0.01%, 0, 0, 1, 47.21
1735161267, 57, 8, 10, 0, 0, 0.01%, 0, 0, 1, 45.71
1735161272, 57, 9, 10, 0, 0, 0.01%, 0, 0, 1, 44.89
1735161277, 58, 0, 10, 0, 0, 0.01%, 0, 0, 1, 46.61
1735161282, 58, 1, 10, 0, 0, 0.01%, 0, 0, 1, 46.59
1735161287, 58, 2, 10, 0, 0, 0.01%, 0, 0, 1, 46.96
1735161292, 58, 3, 10, 0, 0, 0.01%, 0, 0, 1, 47.85
1735161297, 58, 4, 10, 0, 0, 0.01%, 0, 0, 1, 46.70
1735161303, 58, 5, 10, 0, 0, 0.01%, 0, 0, 1, 49.18
1735161308, 58, 6, 10, 0, 0, 0.01%, 0, 0, 1, 47.59
1735161313, 58, 7, 10, 0, 0, 0.01%, 0, 0, 1, 51.93
1735161318, 58, 8, 10, 0, 0, 0.01%, 0, 0, 1, 50.01
1735161323, 58, 9, 10, 0, 0, 0.01%, 0, 0, 1, 47.52
1735161328, 59, 0, 10, 0, 0, 0.01%, 0, 0, 1, 46.51
1735161338, 59, 1, 10, 0, 0, 0.01%, 0, 0, 1, 46.12
1735161343, 59, 2, 10, 0, 0, 0.01%, 0, 0, 1, 46.51
1735161348, 59, 3, 10, 0, 0, 0.01%, 0, 0, 1, 46.44
1735161353, 59, 4, 10, 0, 0, 0.01%, 0, 0, 1, 47.18
1735161358, 59, 5, 10, 0, 0, 0.01%, 0, 0, 1, 48.10
1735161364, 59, 6, 10, 0, 0, 0.01%, 0, 0, 1, 48.71
1735161369, 59, 7, 10, 0, 0, 0.01%, 0, 0, 1, 49.70
1735161374, 59, 8, 10, 0, 0, 0.01%, 0, 0, 1, 47.90
1735161379, 59, 9, 10, 0, 0, 0.01%, 0, 0, 1, 47.44
1735161384, 60, 0, 10, 0, 0, 0.01%, 0, 0, 1, 49.09
1735161389, 60, 1, 10, 0, 0, 0.01%, 0, 0, 1, 45.62
1735161394, 60, 2, 10, 0, 0, 0.01%, 0, 0, 1, 49.47
1735161399, 60, 3, 10, 0, 0, 0.01%, 0, 0, 1, 49.14
1735161404, 60, 4, 10, 0, 0, 0.01%, 0, 0, 1, 48.11
1735161409, 60, 5, 10, 0, 0, 0.01%, 0, 0, 1, 46.99
1735161414, 60, 6, 10, 0, 0, 0.01%, 0, 0, 1, 47.49
1735161425, 60, 7, 10, 0, 0, 0.01%, 0, 0, 1, 46.72
1735161430, 60, 8, 10, 0, 0, 0.01%, 0, 0, 1, 47.79
1735161435, 60, 9, 10, 0, 0, 0.01%, 0, 0, 1, 48.42
1735161440, 61, 0, 10, 0, 0, 0.01%, 0, 0, 1, 45.77
1735161445, 61, 1, 10, 0, 0, 0.01%, 0, 0, 1, 48.87
1735161450, 61, 2, 10, 0, 0, 0.01%, 0, 0, 1, 49.75
1735161455, 61, 3, 10, 0, 0, 0.01%, 0, 0, 1, 48.64
1735161460, 61, 4, 10, 0, 0, 0.01%, 0, 0, 1, 46.34
1735161465, 61, 5, 10, 0, 0, 0.01%, 0, 0, 1, 47.38
1735161470, 61, 6, 10, 0, 0, 0.01%, 0, 0, 1, 44.69
1735161476, 61, 7, 10, 0, 0, 0.01%, 0, 0, 1, 47.93
1735161481, 61, 8, 10, 0, 0, 0.01%, 0, 0, 1, 46.12
1735161486, 61, 9, 10, 0, 0, 0.01%, 0, 0, 1, 47.09
1735161491, 62, 0, 10, 0, 0, 0.01%, 0, 0, 1, 45.77
1735161501, 62, 1, 10, 0, 0, 0.01%, 0, 0, 1, 47.07
1735161506, 62, 2, 10, 0, 0, 0.01%, 0, 0, 1, 50.08
1735161511, 62, 3, 10, 0, 0, 0.01%, 0, 0, 1, 46.81
1735161516, 62, 4, 10, 0, 0, 0.01%, 0, 0, 1, 46.56
1735161521, 62, 5, 10, 0, 0, 0.01%, 0, 0, 1, 47.87
1735161526, 62, 6, 10, 0, 0, 0.01%, 0, 0, 1, 47.45
1735161531, 62, 7, 10, 0, 0, 0.01%, 0, 0, 1, 45.75
1735161536, 62, 8, 10, 0, 0, 0.01%, 0, 0, 1, 45.80
1735161542, 62, 9, 10, 0, 0, 0.01%, 0, 0, 1, 48.17
1735161547, 63, 0, 10, 0, 0, 0.01%, 0, 0, 1, 47.38
1735161552, 63, 1, 10, 0, 0, 0.01%, 0, 0, 1, 49.68
1735161557, 63, 2, 10, 0, 0, 0.01%, 0, 0, 1, 48.37
1735161562, 63, 3, 10, 0, 0, 0.01%, 0, 0, 1, 50.64
1735161567, 63, 4, 10, 0, 0, 0.01%, 0, 0, 1, 47.76
1735161572, 63, 5, 10, 0, 0, 0.01%, 0, 0, 1, 48.01
1735161577, 63, 6, 10, 0, 0, 0.01%, 0, 0, 1, 46.03
1735161587, 63, 7, 10, 0, 0, 0.01%, 0, 0, 1, 46.19
1735161592, 63, 8, 10, 0, 0, 0.01%, 0, 0, 1, 50.20
1735161597, 63, 9, 10, 0, 0, 0.01%, 0, 0, 1, 48.71
1735161602, 64, 0, 10, 0, 0, 0.01%, 0, 0, 1, 49.32
1735161607, 64, 1, 10, 0, 0, 0.01%, 0, 0, 1, 47.61
1735161613, 64, 2, 10, 0, 0, 0.01%, 0, 0, 1, 49.76
1735161618, 64, 3, 10, 0, 0, 0.01%, 0, 0, 1, 47.40
1735161623, 64, 4, 10, 0, 0, 0.01%, 0, 0, 1, 44.78
1735161628, 64, 5, 10, 0, 0, 0.01%, 0, 0, 1, 48.13
1735161633, 64, 6, 10, 0, 0, 0.01%, 0, 0, 1, 47.36
1735161638, 64, 7, 10, 0, 0, 0.01%, 0, 0, 1, 47.77
1735161643, 64, 8, 10, 0, 0, 0.01%, 0, 0, 1, 46.71
1735161648, 64, 9, 10, 0, 0, 0.01%, 0, 0, 1, 47.80
1735161653, 65, 0, 10, 0, 0, 0.01%, 0, 0, 1, 48.25
1735161658, 65, 1, 10, 0, 0, 0.01%, 0, 0, 1, 46.96
1735161663, 65, 2, 10, 0, 0, 0.01%, 0, 0, 1, 47.48
1735161668, 65, 3, 10, 0, 0, 0.01%, 0, 0, 1, 50.72
1735161678, 65, 4, 10, 0, 0, 0.01%, 0, 0, 1, 48.56
1735161684, 65, 5, 10, 0, 0, 0.01%, 0, 0, 1, 46.55
1735161689, 65, 6, 10, 0, 0, 0.01%, 0, 0, 1, 45.95
1735161694, 65, 7, 10, 0, 0, 0.01%, 0, 0, 1, 46.42
1735161699, 65, 8, 10, 0, 0, 0.01%, 0, 0, 1, 47.73
1735161704, 65, 9, 10, 0, 0, 0.01%, 0, 0, 1, 45.25
1735161709, 66, 0, 10, 0, 0, 0.01%, 0, 0, 1, 46.68
1735161714, 66, 1, 10, 0, 0, 0.01%, 0, 0, 1, 46.34
1735161719, 66, 2, 10, 0, 0, 0.01%, 0, 0, 1, 49.19
1735161724, 66, 3, 10, 0, 0, 0.01%, 0, 0, 1, 46.91
1735161729, 66, 4, 10, 0, 0, 0.01%, 0, 0, 1, 47.48
1735161734, 66, 5, 10, 0, 0, 0.01%, 0, 0, 1, 48.63
1735161739, 66, 6, 10, 0, 0, 0.01%, 0, 0, 1, 47.49
1735161744, 66, 7, 10, 0, 0, 0.01%, 0, 0, 1, 46.79
1735161750, 66, 8, 10, 0, 0, 0.01%, 0, 0, 1, 47.02
1735161755, 66, 9, 10, 0, 0, 0.01%, 0, 0, 1, 48.72
1735161765, 67, 0, 10, 0, 0, 0.01%, 0, 0, 1, 44.47
1735161770, 67, 1, 10, 0, 0, 0.01%, 0, 0, 1, 48.42
1735161775, 67, 2, 10, 0, 0, 0.01%, 0, 0, 1, 47.94
1735161780, 67, 3, 10, 0, 0, 0.01%, 0, 0, 1, 46.01
1735161785, 67, 4, 10, 0, 0, 0.01%, 0, 0, 1, 44.69
1735161790, 67, 5, 10, 0, 0, 0.01%, 0, 0, 1, 49.51
1735161795, 67, 6, 10, 0, 0, 0.01%, 0, 0, 1, 47.99
1735161800, 67, 7, 10, 0, 0, 0.01%, 0, 0, 1, 48.79
1735161805, 67, 8, 10, 0, 0, 0.01%, 0, 0, 1, 47.47
1735161810, 67, 9, 10, 0, 0, 0.01%, 0, 0, 1, 47.76
1735161815, 68, 0, 10, 0, 0, 0.01%, 0, 0, 1, 49.24
1735161821, 68, 1, 10, 0, 0, 0.01%, 0, 0, 1, 48.86
1735161826, 68, 2, 10, 0, 0, 0.01%, 0, 0, 1, 48.41
1735161831, 68, 3, 10, 0, 0, 0.01%, 0, 0, 1, 49.98
1735161836, 68, 4, 10, 0, 0, 0.01%, 0, 0, 1, 48.27
1735161841, 68, 5, 10, 0, 0, 0.01%, 0, 0, 1, 46.63
1735161851, 68, 6, 10, 0, 0, 0.01%, 0, 0, 1, 47.77
1735161856, 68, 7, 10, 0, 0, 0.01%, 0, 0, 1, 46.80
1735161861, 68, 8, 10, 0, 0, 0.01%, 0, 0, 1, 47.20
1735161866, 68, 9, 10, 0, 0, 0.01%, 0, 0, 1, 49.25
1735161871, 69, 0, 10, 0, 0, 0.01%, 0, 0, 1, 49.86
1735161876, 69, 1, 10, 0, 0, 0.01%, 0, 0, 1, 48.34
1735161881, 69, 2, 10, 0, 0, 0.01%, 0, 0, 1, 45.58
1735161886, 69, 3, 10, 0, 0, 0.01%, 0, 0, 1, 47.27
1735161892, 69, 4, 10, 0, 0, 0.01%, 0, 0, 1, 46.59
1735161897, 69, 5, 10, 0, 0, 0.01%, 0, 0, 1, 49.59
1735161902, 69, 6, 10, 0, 0, 0.01%, 0, 0, 1, 47.18
1735161907, 69, 7, 10, 0, 0, 0.01%, 0, 0, 1, 45.76
1735161912, 69, 8, 10, 0, 0, 0.01%, 0, 0, 1, 45.66
1735161917, 69, 9, 10, 0, 0, 0.01%, 0, 0, 1, 47.81
1735161922, 70, 0, 10, 0, 0, 0.01%, 0, 0, 1, 48.22
1735161927, 70, 1, 10, 0, 0, 0.01%, 0, 0, 1, 48.09
1735161937, 70, 2, 10, 0, 0, 0.01%, 0, 0, 1, 45.22
1735161942, 70, 3, 10, 0, 0, 0.01%, 0, 0, 1, 48.59
1735161947, 70, 4, 10, 0, 0, 0.01%, 0, 0, 1, 45.57
1735161953, 70, 5, 10, 0, 0, 0.01%, 0, 0, 1, 48.10
1735161958, 70, 6, 10, 0, 0, 0.01%, 0, 0, 1, 49.27
1735161963, 70, 7, 10, 0, 0, 0.01%, 0, 0, 1, 47.97
1735161968, 70, 8, 10, 0, 0, 0.01%, 0, 0, 1, 47.41
1735161973, 70, 9, 10, 0, 0, 0.01%, 0, 0, 1, 49.63
1735161978, 71, 0, 10, 0, 0, 0.01%, 0, 0, 1, 49.62
1735161983, 71, 1, 10, 0, 0, 0.01%, 0, 0, 1, 48.21
1735161988, 71, 2, 10, 0, 0, 0.01%, 0, 0, 1, 46.04
1735161993, 71, 3, 10, 0, 0, 0.01%, 0, 0, 1, 46.74
1735161998, 71, 4, 10, 0, 0, 0.01%, 0, 0, 1, 46.93
1735162003, 71, 5, 10, 0, 0, 0.01%, 0, 0, 1, 48.05
1735162008, 71, 6, 10, 0, 0, 0.01%, 0, 0, 1, 45.54
1735162014, 71, 7, 10, 0, 0, 0.01%, 0, 0, 1, 47.76
1735162024, 71, 8, 10, 0, 0, 0.01%, 0, 0, 1, 48.55
1735162029, 71, 9, 10, 0, 0, 0.01%, 0, 0, 1, 47.38
1735162034, 72, 0, 10, 0, 0, 0.01%, 0, 0, 1, 46.18
1735162039, 72, 1, 10, 0, 0, 0.01%, 0, 0, 1, 47.01
1735162044, 72, 2, 10, 0, 0, 0.01%, 0, 0, 1, 48.46
1735162049, 72, 3, 10, 0, 0, 0.01%, 0, 0, 1, 49.71
1735162054, 72, 4, 10, 0, 0, 0.01%, 0, 0, 1, 48.60
1735162059, 72, 5, 10, 0, 0, 0.01%, 0, 0, 1, 46.28
1735162064, 72, 6, 10, 0, 0, 0.01%, 0, 0, 1, 46.47
1735162069, 72, 7, 10, 0, 0, 0.01%, 0, 0, 1, 46.67
1735162074, 72, 8, 10, 0, 0, 0.01%, 0, 0, 1, 46.16
1735162079, 72, 9, 10, 0, 0, 0.01%, 0, 0, 1, 50.05
1735162084, 73, 0, 10, 0, 0, 0.01%, 0, 0, 1, 49.99
1735162090, 73, 1, 10, 0, 0, 0.01%, 0, 0, 1, 49.14
1735162095, 73, 2, 10, 0, 0, 0.01%, 0, 0, 1, 46.97
1735162105, 73, 3, 10, 0, 0, 0.01%, 0, 0, 1, 46.30
1735162110, 73, 4, 10, 0, 0, 0.01%, 0, 0, 1, 46.66
1735162115, 73, 5, 10, 0, 0, 0.01%, 0, 0, 1, 47.07
1735162120, 73, 6, 10, 0, 0, 0.01%, 0, 0, 1, 48.26
1735162125, 73, 7, 10, 0, 0, 0.01%, 0, 0, 1, 48.34
1735162130, 73, 8, 10, 0, 0, 0.01%, 0, 0, 1, 47.14
1735162135, 73, 9, 10, 0, 0, 0.01%, 0, 0, 1, 47.28
1735162140, 74, 0, 10, 0, 0, 0.01%, 0, 0, 1, 47.38
1735162145, 74, 1, 10, 0, 0, 0.01%, 0, 0, 1, 48.95
1735162151, 74, 2, 10, 0, 0, 0.01%, 0, 0, 1, 47.87
1735162156, 74, 3, 10, 0, 0, 0.01%, 0, 0, 1, 48.86
1735162161, 74, 4, 10, 0, 0, 0.01%, 0, 0, 1, 49.03
1735162166, 74, 5, 10, 0, 0, 0.01%, 0, 0, 1, 48.34
1735162171, 74, 6, 10, 0, 0, 0.01%, 0, 0, 1, 47.68
1735162176, 74, 7, 10, 0, 0, 0.01%, 0, 0, 1, 46.88
1735162181, 74, 8, 10, 0, 0, 0.01%, 0, 0, 1, 46.73
1735162186, 74, 9, 10, 0, 0, 0.01%, 0, 0, 1, 45.93
1735162196, 75, 0, 10, 0, 0, 0.01%, 0, 0, 1, 49.24
1735162201, 75, 1, 10, 0, 0, 0.01%, 0, 0, 1, 46.53
1735162206, 75, 2, 10, 0, 0, 0.01%, 0, 0, 1, 47.17
1735162211, 75, 3, 10, 0, 0, 0.01%, 0, 0, 1, 46.28
1735162216, 75, 4, 10, 0, 0, 0.01%, 0, 0, 1, 47.84
1735162222, 75, 5, 10, 0, 0, 0.01%, 0, 0, 1, 45.07
1735162227, 75, 6, 10, 0, 0, 0.01%, 0, 0, 1, 48.07
1735162232, 75, 7, 10, 0, 0, 0.01%, 0, 0, 1, 47.84
1735162237, 75, 8, 10, 0, 0, 0.01%, 0, 0, 1, 48.31
1735162242, 75, 9, 10, 0, 0, 0.01%, 0, 0, 1, 47.77
1735162247, 76, 0, 10, 0, 0, 0.01%, 0, 0, 1, 47.92
1735162252, 76, 1, 10, 0, 0, 0.01%, 0, 0, 1, 48.28
1735162257, 76, 2, 10, 0, 0, 0.01%, 0, 0, 1, 48.67
1735162262, 76, 3, 10, 0, 0, 0.01%, 0, 0, 1, 45.87
1735162267, 76, 4, 10, 0, 0, 0.01%, 0, 0, 1, 47.39
1735162272, 76, 5, 10, 0, 0, 0.01%, 0, 0, 1, 47.08
1735162282, 76, 6, 10, 0, 0, 0.01%, 0, 0, 1, 45.39
1735162287, 76, 7, 10, 0, 0, 0.01%, 0, 0, 1, 47.60
1735162292, 76, 8, 10, 0, 0, 0.01%, 0, 0, 1, 49.29
1735162298, 76, 9, 10, 0, 0, 0.01%, 0, 0, 1, 47.32
1735162303, 77, 0, 10, 0, 0, 0.01%, 0, 0, 1, 50.04
1735162308, 77, 1, 10, 0, 0, 0.01%, 0, 0, 1, 47.99
1735162313, 77, 2, 10, 0, 0, 0.01%, 0, 0, 1, 46.58
1735162318, 77, 3, 10, 0, 0, 0.01%, 0, 0, 1, 46.27
1735162323, 77, 4, 10, 0, 0, 0.01%, 0, 0, 1, 45.62
1735162328, 77, 5, 10, 0, 0, 0.01%, 0, 0, 1, 47.19
1735162333, 77, 6, 10, 0, 0, 0.01%, 0, 0, 1, 47.19
1735162338, 77, 7, 10, 0, 0, 0.01%, 0, 0, 1, 46.86
1735162343, 77, 8, 10, 0, 0, 0.01%, 0, 0, 1, 48.28
1735162348, 77, 9, 10, 0, 0, 0.01%, 0, 0, 1, 47.95
1735162353, 78, 0, 10, 0, 0, 0.01%, 0, 0, 1, 48.12
1735162358, 78, 1, 10, 0, 0, 0.01%, 0, 0, 1, 46.75
1735162368, 78, 2, 10, 0, 0, 0.01%, 0, 0, 1, 46.93
1735162373, 78, 3, 10, 0, 0, 0.01%, 0, 0, 1, 48.77
1735162378, 78, 4, 10, 0, 0, 0.01%, 0, 0, 1, 47.79
1735162384, 78, 5, 10, 0, 0, 0.01%, 0, 0, 1, 46.97
1735162389, 78, 6, 10, 0, 0, 0.01%, 0, 0, 1, 47.11
1735162394, 78, 7, 10, 0, 0, 0.01%, 0, 0, 1, 47.99
1735162399, 78, 8, 10, 0, 0, 0.01%, 0, 0, 1, 48.16
1735162404, 78, 9, 10, 0, 0, 0.01%, 0, 0, 1, 50.00
1735162409, 79, 0, 10, 0, 0, 0.01%, 0, 0, 1, 46.87
1735162414, 79, 1, 10, 0, 0, 0.01%, 0, 0, 1, 46.85
1735162419, 79, 2, 10, 0, 0, 0.01%, 0, 0, 1, 46.52
1735162424, 79, 3, 10, 0, 0, 0.01%, 0, 0, 1, 46.74
1735162430, 79, 4, 10, 0, 0, 0.01%, 0, 0, 1, 48.17
1735162435, 79, 5, 10, 0, 0, 0.01%, 0, 0, 1, 49.93
1735162440, 79, 10, 12, 2, 1, 0.14%, 2, 0, 3, 51.31
1735162445, 79, 10, 13, 3, 1, 0.14%, 3, 0, 3, 61.18
1735162485, 79, 10, 14, 4, 1, 0.14%, 4, 0, 3, 50.69
1735162556, 79, 10, 15, 5, 1, 0.14%, 4, 0, 3, 50.52
1735162647, 79, 10, 16, 6, 1, 0.14%, 4, 0, 3, 45.48
1735162653, 79, 10, 17, 7, 1, 0.14%, 4, 0, 3, 39.57
1735162658, 79, 10, 18, 8, 1, 0.14%, 4, 0, 3, 48.09
1735162663, 79, 12, 18, 7, 3, 0.14%, 4, 0, 3, 75.10
1735162784, 79, 17, 18, 5, 1, 0.14%, 4, 0, 3, 45.75
1735162789, 80, 13, 19, 5, 0, 0.14%, 5, 0, 4, 63.53
1735162845, 80, 13, 20, 6, 0, 0.14%, 5, 0, 4, 49.35
1735162988, 80, 18, 20, 6, 2, 0.14%, 5, 0, 4, 59.43
1735163008, 80, 18, 21, 7, 2, 0.14%, 5, 0, 5, 51.11
1735163023, 80, 18, 22, 8, 2, 0.14%, 5, 0, 5, 52.31
1735163282, 80, 18, 23, 9, 2, 0.14%, 5, 0, 5, 59.39
1735163287, 80, 18, 24, 10, 2, 0.14%, 5, 0, 5, 66.58
1735163292, 80, 19, 24, 9, 2, 0.14%, 5, 0, 5, 94.16
1735163317, 80, 19, 25, 10, 2, 0.14%, 5, 0, 5, 55.88
1735163434, 80, 19, 26, 11, 2, 0.14%, 5, 0, 5, 52.46
1735163509, 80, 19, 27, 12, 2, 0.14%, 5, 0, 5, 58.27
1735163570, 80, 19, 31, 16, 2, 0.14%, 5, 0, 5, 60.00
1735163575, 80, 23, 33, 17, 3, 0.14%, 5, 0, 6, 83.02
1735163708, 80, 23, 34, 18, 3, 0.14%, 5, 0, 6, 59.96
1735163748, 80, 28, 34, 17, 2, 0.14%, 5, 0, 6, 74.54
1735163890, 80, 28, 35, 18, 2, 0.14%, 5, 0, 6, 56.02
1735163936, 80, 33, 35, 17, 2, 0.14%, 5, 0, 6, 69.53
1735164099, 80, 33, 36, 18, 2, 0.14%, 6, 0, 7, 77.68
1735164130, 80, 34, 36, 17, 1, 0.14%, 6, 0, 7, 74.63
1735164318, 80, 35, 36, 16, 1, 0.14%, 6, 0, 7, 41.79
1735165453, 80, 35, 37, 17, 1, 0.14%, 7, 0, 8, 90.32
1735165479, 80, 35, 38, 18, 1, 0.14%, 7, 0, 8, 85.11
1735165612, 80, 36, 38, 17, 1, 0.14%, 7, 0, 8, 41.47
1735166610, 81, 26, 38, 14, 0, 0.14%, 7, 0, 8, 106.87
1735166777, 82, 21, 38, 10, 0, 0.14%, 7, 0, 8, 62.93
1735166782, 82, 37, 38, 8, 0, 0.14%, 7, 0, 8, 43.27
1735167513, 85, 25, 38, 4, 0, 0.14%, 7, 0, 8, 76.05
1735167675, 89, 15, 38, 2, 0, 0.14%, 7, 0, 8, 43.40
1735167752, 90, 29, 38, 1, 0, 0.14%, 7, 0, 8, 108.75
1735168059, 92, 25, 38, 1, 0, 0.14%, 7, 0, 8, 66.74
1735168125, 94, 22, 38, 1, 0, 0.14%, 7, 0, 8, 111.45
1735168562, 95, 22, 38, 1, 0, 0.14%, 7, 0, 8, 85.64
1735168623, 95, 29, 38, 1, 0, 0.14%, 7, 0, 8, 69.95
1735168679, 96, 22, 38, 1, 0, 0.14%, 7, 0, 8, 75.09
1735168760, 96, 29, 38, 1, 0, 0.14%, 7, 0, 8, 72.71
