# unix_time, cycles_done, cur_path, paths_total, pending_total, pending_favs, map_size, unique_crashes, unique_hangs, max_depth, execs_per_sec
1735352877, 0, 0, 10, 10, 1, 0.01%, 0, 0, 1, 36.07
1735352882, 0, 3, 10, 10, 1, 0.01%, 0, 0, 1, 36.24
1735352897, 1, 0, 10, 3, 0, 0.01%, 0, 0, 1, 46.95
1735352902, 1, 1, 10, 2, 0, 0.01%, 0, 0, 1, 45.06
1735352907, 1, 2, 10, 1, 0, 0.01%, 0, 0, 1, 45.44
1735352912, 1, 3, 10, 0, 0, 0.01%, 0, 0, 1, 44.72
1735352917, 1, 4, 10, 0, 0, 0.01%, 0, 0, 1, 45.83
1735352928, 1, 5, 10, 0, 0, 0.01%, 0, 0, 1, 46.27
1735352933, 1, 6, 10, 0, 0, 0.01%, 0, 0, 1, 44.39
1735352938, 1, 7, 10, 0, 0, 0.01%, 0, 0, 1, 44.76
1735352943, 1, 8, 10, 0, 0, 0.01%, 0, 0, 1, 44.49
1735352948, 1, 9, 10, 0, 0, 0.01%, 0, 0, 1, 49.51
1735352953, 2, 0, 10, 0, 0, 0.01%, 0, 0, 1, 46.04
1735352958, 2, 1, 10, 0, 0, 0.01%, 0, 0, 1, 46.38
1735352963, 2, 2, 10, 0, 0, 0.01%, 0, 0, 1, 44.24
1735352968, 2, 3, 10, 0, 0, 0.01%, 0, 0, 1, 45.35
1735352973, 2, 4, 10, 0, 0, 0.01%, 0, 0, 1, 45.77
1735352983, 2, 5, 10, 0, 0, 0.01%, 0, 0, 1, 46.55
1735352988, 2, 6, 10, 0, 0, 0.01%, 0, 0, 1, 49.24
1735352993, 2, 7, 10, 0, 0, 0.01%, 0, 0, 1, 44.17
1735352998, 2, 8, 10, 0, 0, 0.01%, 0, 0, 1, 43.45
1735353004, 2, 9, 10, 0, 0, 0.01%, 0, 0, 1, 44.14
1735353009, 3, 0, 10, 0, 0, 0.01%, 0, 0, 1, 45.62
1735353014, 3, 1, 10, 0, 0, 0.01%, 0, 0, 1, 45.04
1735353019, 3, 2, 10, 0, 0, 0.01%, 0, 0, 1, 44.90
1735353029, 3, 3, 10, 0, 0, 0.01%, 0, 0, 1, 45.99
1735353034, 3, 4, 10, 0, 0, 0.01%, 0, 0, 1, 46.32
1735353039, 3, 5, 10, 0, 0, 0.01%, 0, 0, 1, 46.77
1735353044, 3, 6, 10, 0, 0, 0.01%, 0, 0, 1, 45.03
1735353049, 3, 7, 10, 0, 0, 0.01%, 0, 0, 1, 45.72
1735353054, 3, 8, 10, 0, 0, 0.01%, 0, 0, 1, 46.50
1735353059, 3, 9, 10, 0, 0, 0.01%, 0, 0, 1, 46.66
1735353064, 4, 0, 10, 0, 0, 0.01%, 0, 0, 1, 48.08
1735353069, 4, 1, 10, 0, 0, 0.01%, 0, 0, 1, 45.48
1735353074, 4, 2, 10, 0, 0, 0.01%, 0, 0, 1, 44.37
1735353085, 4, 3, 10, 0, 0, 0.01%, 0, 0, 1, 47.17
1735353090, 4, 4, 10, 0, 0, 0.01%, 0, 0, 1, 45.82
1735353095, 4, 5, 10, 0, 0, 0.01%, 0, 0, 1, 45.76
1735353100, 4, 6, 10, 0, 0, 0.01%, 0, 0, 1, 45.66
1735353105, 4, 7, 10, 0, 0, 0.01%, 0, 0, 1, 48.28
1735353110, 4, 8, 10, 0, 0, 0.01%, 0, 0, 1, 45.56
1735353115, 4, 9, 10, 0, 0, 0.01%, 0, 0, 1, 46.32
1735353120, 5, 0, 10, 0, 0, 0.01%, 0, 0, 1, 44.58
1735353125, 5, 1, 10, 0, 0, 0.01%, 0, 0, 1, 45.42
1735353135, 5, 2, 10, 0, 0, 0.01%, 0, 0, 1, 46.19
1735353140, 5, 3, 10, 0, 0, 0.01%, 0, 0, 1, 46.53
1735353145, 5, 4, 10, 0, 0, 0.01%, 0, 0, 1, 46.41
1735353150, 5, 5, 10, 0, 0, 0.01%, 0, 0, 1, 46.14
1735353155, 5, 6, 10, 0, 0, 0.01%, 0, 0, 1, 46.65
1735353160, 5, 7, 10, 0, 0, 0.01%, 0, 0, 1, 45.25
1735353166, 5, 8, 10, 0, 0, 0.01%, 0, 0, 1, 44.73
1735353171, 5, 9, 10, 0, 0, 0.01%, 0, 0, 1, 46.87
1735353176, 6, 0, 10, 0, 0, 0.01%, 0, 0, 1, 46.29
1735353181, 6, 1, 10, 0, 0, 0.01%, 0, 0, 1, 44.90
1735353191, 6, 2, 10, 0, 0, 0.01%, 0, 0, 1, 44.05
1735353196, 6, 3, 10, 0, 0, 0.01%, 0, 0, 1, 47.85
1735353201, 6, 4, 10, 0, 0, 0.01%, 0, 0, 1, 46.29
1735353206, 6, 5, 10, 0, 0, 0.01%, 0, 0, 1, 46.86
1735353211, 6, 6, 10, 0, 0, 0.01%, 0, 0, 1, 44.65
1735353216, 6, 7, 10, 0, 0, 0.01%, 0, 0, 1, 46.72
1735353221, 6, 8, 10, 0, 0, 0.01%, 0, 0, 1, 44.17
1735353226, 6, 9, 10, 0, 0, 0.01%, 0, 0, 1, 45.86
1735353231, 7, 0, 10, 0, 0, 0.01%, 0, 0, 1, 45.44
1735353241, 7, 1, 10, 0, 0, 0.01%, 0, 0, 1, 46.53
1735353246, 7, 2, 10, 0, 0, 0.01%, 0, 0, 1, 44.94
1735353251, 7, 3, 10, 0, 0, 0.01%, 0, 0, 1, 46.05
1735353256, 7, 4, 10, 0, 0, 0.01%, 0, 0, 1, 44.12
1735353261, 7, 5, 10, 0, 0, 0.01%, 0, 0, 1, 47.66
1735353266, 7, 6, 10, 0, 0, 0.01%, 0, 0, 1, 46.05
1735353272, 7, 7, 10, 0, 0, 0.01%, 0, 0, 1, 45.97
1735353277, 7, 8, 10, 0, 0, 0.01%, 0, 0, 1, 46.34
1735353282, 7, 9, 10, 0, 0, 0.01%, 0, 0, 1, 44.73
1735353287, 8, 0, 10, 0, 0, 0.01%, 0, 0, 1, 46.06
1735353297, 8, 1, 10, 0, 0, 0.01%, 0, 0, 1, 45.41
1735353302, 8, 2, 10, 0, 0, 0.01%, 0, 0, 1, 44.72
1735353307, 8, 3, 10, 0, 0, 0.01%, 0, 0, 1, 44.57
1735353312, 8, 4, 10, 0, 0, 0.01%, 0, 0, 1, 43.23
1735353317, 8, 5, 10, 0, 0, 0.01%, 0, 0, 1, 46.22
1735353322, 8, 6, 10, 0, 0, 0.01%, 0, 0, 1, 46.83
1735353327, 8, 7, 10, 0, 0, 0.01%, 0, 0, 1, 50.34
1735353332, 8, 8, 10, 0, 0, 0.01%, 0, 0, 1, 46.08
1735353338, 8, 9, 10, 0, 0, 0.01%, 0, 0, 1, 44.89
1735353348, 9, 0, 10, 0, 0, 0.01%, 0, 0, 1, 45.02
1735353353, 9, 1, 10, 0, 0, 0.01%, 0, 0, 1, 46.67
1735353358, 9, 2, 10, 0, 0, 0.01%, 0, 0, 1, 44.13
1735353363, 9, 3, 10, 0, 0, 0.01%, 0, 0, 1, 45.56
1735353368, 9, 4, 10, 0, 0, 0.01%, 0, 0, 1, 45.00
1735353373, 9, 5, 10, 0, 0, 0.01%, 0, 0, 1, 46.93
1735353378, 9, 6, 10, 0, 0, 0.01%, 0, 0, 1, 43.57
1735353383, 9, 7, 10, 0, 0, 0.01%, 0, 0, 1, 43.99
1735353388, 9, 8, 10, 0, 0, 0.01%, 0, 0, 1, 44.03
1735353398, 9, 9, 10, 0, 0, 0.01%, 0, 0, 1, 45.29
1735353403, 10, 0, 10, 0, 0, 0.01%, 0, 0, 1, 45.60
1735353408, 10, 1, 10, 0, 0, 0.01%, 0, 0, 1, 45.11
1735353413, 10, 2, 10, 0, 0, 0.01%, 0, 0, 1, 44.07
1735353418, 10, 3, 10, 0, 0, 0.01%, 0, 0, 1, 46.58
1735353423, 10, 4, 10, 0, 0, 0.01%, 0, 0, 1, 44.58
1735353429, 10, 5, 10, 0, 0, 0.01%, 0, 0, 1, 49.57
1735353434, 10, 6, 10, 0, 0, 0.01%, 0, 0, 1, 46.12
1735353444, 10, 7, 10, 0, 0, 0.01%, 0, 0, 1, 44.93
1735353449, 10, 8, 10, 0, 0, 0.01%, 0, 0, 1, 44.40
1735353454, 10, 9, 10, 0, 0, 0.01%, 0, 0, 1, 45.37
1735353459, 11, 0, 10, 0, 0, 0.01%, 0, 0, 1, 46.99
1735353464, 11, 1, 10, 0, 0, 0.01%, 0, 0, 1, 45.15
1735353469, 11, 2, 10, 0, 0, 0.01%, 0, 0, 1, 46.64
1735353474, 11, 3, 10, 0, 0, 0.01%, 0, 0, 1, 45.99
1735353479, 11, 4, 10, 0, 0, 0.01%, 0, 0, 1, 46.55
1735353484, 11, 5, 10, 0, 0, 0.01%, 0, 0, 1, 47.91
1735353490, 11, 6, 10, 0, 0, 0.01%, 0, 0, 1, 48.74
1735353495, 11, 7, 10, 0, 0, 0.01%, 0, 0, 1, 44.54
1735353500, 11, 8, 10, 0, 0, 0.01%, 0, 0, 1, 47.51
1735353505, 11, 9, 10, 0, 0, 0.01%, 0, 0, 1, 48.87
1735353510, 12, 0, 10, 0, 0, 0.01%, 0, 0, 1, 50.73
1735353520, 12, 1, 10, 0, 0, 0.01%, 0, 0, 1, 48.59
1735353525, 12, 2, 10, 0, 0, 0.01%, 0, 0, 1, 47.10
1735353530, 12, 3, 10, 0, 0, 0.01%, 0, 0, 1, 46.05
1735353535, 12, 4, 10, 0, 0, 0.01%, 0, 0, 1, 48.53
1735353540, 12, 5, 10, 0, 0, 0.01%, 0, 0, 1, 47.35
1735353545, 12, 6, 10, 0, 0, 0.01%, 0, 0, 1, 50.15
1735353550, 12, 7, 10, 0, 0, 0.01%, 0, 0, 1, 48.25
1735353556, 12, 8, 10, 0, 0, 0.01%, 0, 0, 1, 48.77
1735353561, 12, 9, 10, 0, 0, 0.01%, 0, 0, 1, 48.76
1735353566, 13, 0, 10, 0, 0, 0.01%, 0, 0, 1, 51.58
1735353571, 13, 1, 10, 0, 0, 0.01%, 0, 0, 1, 49.61
1735353576, 13, 2, 10, 0, 0, 0.01%, 0, 0, 1, 47.55
1735353581, 13, 3, 10, 0, 0, 0.01%, 0, 0, 1, 45.76
1735353586, 13, 4, 10, 0, 0, 0.01%, 0, 0, 1, 49.70
1735353591, 13, 5, 10, 0, 0, 0.01%, 0, 0, 1, 47.28
1735353596, 13, 6, 10, 0, 0, 0.01%, 0, 0, 1, 45.66
1735353601, 13, 7, 10, 0, 0, 0.01%, 0, 0, 1, 46.55
1735353606, 13, 8, 10, 0, 0, 0.01%, 0, 0, 1, 48.31
1735353616, 13, 9, 10, 0, 0, 0.01%, 0, 0, 1, 47.14
1735353621, 14, 0, 10, 0, 0, 0.01%, 0, 0, 1, 46.96
1735353626, 14, 1, 10, 0, 0, 0.01%, 0, 0, 1, 48.32
1735353631, 14, 2, 10, 0, 0, 0.01%, 0, 0, 1, 46.35
1735353636, 14, 3, 10, 0, 0, 0.01%, 0, 0, 1, 46.51
1735353642, 14, 4, 10, 0, 0, 0.01%, 0, 0, 1, 47.18
1735353647, 14, 5, 10, 0, 0, 0.01%, 0, 0, 1, 49.01
1735353652, 14, 6, 10, 0, 0, 0.01%, 0, 0, 1, 48.70
1735353657, 14, 7, 10, 0, 0, 0.01%, 0, 0, 1, 47.48
1735353662, 14, 8, 10, 0, 0, 0.01%, 0, 0, 1, 48.74
1735353667, 14, 9, 10, 0, 0, 0.01%, 0, 0, 1, 47.12
1735353672, 15, 0, 10, 0, 0, 0.01%, 0, 0, 1, 47.15
1735353677, 15, 1, 10, 0, 0, 0.01%, 0, 0, 1, 47.22
1735353682, 15, 2, 10, 0, 0, 0.01%, 0, 0, 1, 48.99
1735353687, 15, 3, 10, 0, 0, 0.01%, 0, 0, 1, 48.59
1735353692, 15, 4, 10, 0, 0, 0.01%, 0, 0, 1, 48.00
1735353713, 15, 5, 10, 0, 0, 0.01%, 0, 0, 1, 49.10
1735353733, 15, 6, 10, 0, 0, 0.01%, 0, 0, 1, 47.35
1735353753, 15, 7, 10, 0, 0, 0.01%, 0, 0, 1, 45.46
1735353774, 15, 8, 10, 0, 0, 0.01%, 0, 0, 1, 44.13
1735353794, 15, 9, 10, 0, 0, 0.01%, 0, 0, 1, 43.87
1735353814, 16, 0, 10, 0, 0, 0.01%, 0, 0, 1, 43.86
1735353835, 16, 1, 10, 0, 0, 0.01%, 0, 0, 1, 44.10
1735353855, 16, 2, 10, 0, 0, 0.01%, 0, 0, 1, 48.57
1735353860, 16, 3, 10, 0, 0, 0.01%, 0, 0, 1, 48.08
1735353865, 16, 4, 10, 0, 0, 0.01%, 0, 0, 1, 50.35
1735353870, 16, 5, 10, 0, 0, 0.01%, 0, 0, 1, 46.36
1735353875, 16, 6, 10, 0, 0, 0.01%, 0, 0, 1, 49.14
1735353880, 16, 7, 10, 0, 0, 0.01%, 0, 0, 1, 47.53
1735353885, 16, 8, 10, 0, 0, 0.01%, 0, 0, 1, 48.92
1735353891, 16, 9, 10, 0, 0, 0.01%, 0, 0, 1, 48.05
1735353896, 17, 0, 10, 0, 0, 0.01%, 0, 0, 1, 49.12
1735353901, 17, 1, 10, 0, 0, 0.01%, 0, 0, 1, 47.24
1735353906, 17, 2, 10, 0, 0, 0.01%, 0, 0, 1, 47.65
1735353911, 17, 3, 10, 0, 0, 0.01%, 0, 0, 1, 49.78
1735353916, 17, 4, 10, 0, 0, 0.01%, 0, 0, 1, 49.99
1735353921, 17, 5, 10, 0, 0, 0.01%, 0, 0, 1, 47.26
1735353926, 17, 6, 10, 0, 0, 0.01%, 0, 0, 1, 49.28
1735353936, 17, 7, 10, 0, 0, 0.01%, 0, 0, 1, 49.97
1735353941, 17, 8, 10, 0, 0, 0.01%, 0, 0, 1, 46.86
1735353947, 17, 9, 10, 0, 0, 0.01%, 0, 0, 1, 50.55
1735353952, 18, 0, 10, 0, 0, 0.01%, 0, 0, 1, 50.96
1735353957, 18, 1, 10, 0, 0, 0.01%, 0, 0, 1, 47.67
1735353962, 18, 2, 10, 0, 0, 0.01%, 0, 0, 1, 45.34
1735353967, 18, 3, 10, 0, 0, 0.01%, 0, 0, 1, 47.96
1735353972, 18, 4, 10, 0, 0, 0.01%, 0, 0, 1, 45.52
1735353977, 18, 5, 10, 0, 0, 0.01%, 0, 0, 1, 46.09
1735353982, 18, 6, 10, 0, 0, 0.01%, 0, 0, 1, 47.92
1735353987, 18, 7, 10, 0, 0, 0.01%, 0, 0, 1, 48.01
1735353992, 18, 8, 10, 0, 0, 0.01%, 0, 0, 1, 48.14
1735353997, 18, 9, 10, 0, 0, 0.01%, 0, 0, 1, 48.15
1735354002, 19, 0, 10, 0, 0, 0.01%, 0, 0, 1, 47.36
1735354007, 19, 1, 10, 0, 0, 0.01%, 0, 0, 1, 47.34
1735354012, 19, 2, 10, 0, 0, 0.01%, 0, 0, 1, 46.26
1735354023, 19, 3, 10, 0, 0, 0.01%, 0, 0, 1, 45.80
1735354028, 19, 4, 10, 0, 0, 0.01%, 0, 0, 1, 46.95
1735354033, 19, 5, 10, 0, 0, 0.01%, 0, 0, 1, 48.46
1735354038, 19, 6, 10, 0, 0, 0.01%, 0, 0, 1, 45.68
1735354043, 19, 7, 10, 0, 0, 0.01%, 0, 0, 1, 46.71
1735354048, 19, 8, 10, 0, 0, 0.01%, 0, 0, 1, 47.58
1735354053, 19, 9, 10, 0, 0, 0.01%, 0, 0, 1, 52.21
1735354058, 20, 0, 10, 0, 0, 0.01%, 0, 0, 1, 47.17
1735354063, 20, 1, 10, 0, 0, 0.01%, 0, 0, 1, 46.74
1735354069, 20, 2, 10, 0, 0, 0.01%, 0, 0, 1, 46.78
1735354074, 20, 3, 10, 0, 0, 0.01%, 0, 0, 1, 47.39
1735354079, 20, 4, 10, 0, 0, 0.01%, 0, 0, 1, 45.80
1735354084, 20, 5, 10, 0, 0, 0.01%, 0, 0, 1, 47.13
1735354089, 20, 6, 10, 0, 0, 0.01%, 0, 0, 1, 48.32
1735354094, 20, 7, 10, 0, 0, 0.01%, 0, 0, 1, 48.13
1735354099, 20, 8, 10, 0, 0, 0.01%, 0, 0, 1, 50.76
1735354109, 20, 9, 10, 0, 0, 0.01%, 0, 0, 1, 48.30
1735354114, 21, 0, 10, 0, 0, 0.01%, 0, 0, 1, 47.07
1735354119, 21, 1, 10, 0, 0, 0.01%, 0, 0, 1, 48.87
1735354124, 21, 2, 10, 0, 0, 0.01%, 0, 0, 1, 47.70
1735354130, 21, 3, 10, 0, 0, 0.01%, 0, 0, 1, 48.41
1735354135, 21, 4, 10, 0, 0, 0.01%, 0, 0, 1, 47.97
1735354140, 21, 5, 10, 0, 0, 0.01%, 0, 0, 1, 46.30
1735354145, 21, 6, 10, 0, 0, 0.01%, 0, 0, 1, 46.45
1735354150, 21, 7, 10, 0, 0, 0.01%, 0, 0, 1, 45.27
1735354155, 21, 8, 10, 0, 0, 0.01%, 0, 0, 1, 45.20
1735354160, 21, 9, 10, 0, 0, 0.01%, 0, 0, 1, 47.62
1735354165, 22, 0, 10, 0, 0, 0.01%, 0, 0, 1, 47.16
1735354170, 22, 1, 10, 0, 0, 0.01%, 0, 0, 1, 49.32
1735354176, 22, 2, 10, 0, 0, 0.01%, 0, 0, 1, 44.65
1735354181, 22, 3, 10, 0, 0, 0.01%, 0, 0, 1, 48.43
1735354186, 22, 4, 10, 0, 0, 0.01%, 0, 0, 1, 48.51
1735354191, 22, 5, 10, 0, 0, 0.01%, 0, 0, 1, 49.87
1735354201, 22, 6, 10, 0, 0, 0.01%, 0, 0, 1, 47.03
1735354206, 22, 7, 10, 0, 0, 0.01%, 0, 0, 1, 48.37
1735354211, 22, 8, 10, 0, 0, 0.01%, 0, 0, 1, 46.90
1735354216, 22, 9, 10, 0, 0, 0.01%, 0, 0, 1, 46.33
1735354221, 23, 0, 10, 0, 0, 0.01%, 0, 0, 1, 47.61
1735354226, 23, 1, 10, 0, 0, 0.01%, 0, 0, 1, 47.56
1735354231, 23, 2, 10, 0, 0, 0.01%, 0, 0, 1, 46.58
1735354236, 23, 3, 10, 0, 0, 0.01%, 0, 0, 1, 49.33
1735354241, 23, 4, 10, 0, 0, 0.01%, 0, 0, 1, 48.42
1735354246, 23, 5, 10, 0, 0, 0.01%, 0, 0, 1, 48.66
1735354251, 23, 6, 10, 0, 0, 0.01%, 0, 0, 1, 47.14
1735354256, 23, 7, 10, 0, 0, 0.01%, 0, 0, 1, 47.13
1735354262, 23, 8, 10, 0, 0, 0.01%, 0, 0, 1, 45.69
1735354267, 23, 9, 10, 0, 0, 0.01%, 0, 0, 1, 48.24
1735354272, 24, 0, 10, 0, 0, 0.01%, 0, 0, 1, 45.55
1735354282, 24, 1, 10, 0, 0, 0.01%, 0, 0, 1, 47.61
1735354287, 24, 2, 10, 0, 0, 0.01%, 0, 0, 1, 46.30
1735354292, 24, 3, 10, 0, 0, 0.01%, 0, 0, 1, 47.44
1735354297, 24, 4, 10, 0, 0, 0.01%, 0, 0, 1, 45.95
1735354302, 24, 5, 10, 0, 0, 0.01%, 0, 0, 1, 47.08
1735354307, 24, 6, 10, 0, 0, 0.01%, 0, 0, 1, 46.12
1735354312, 24, 7, 10, 0, 0, 0.01%, 0, 0, 1, 47.51
1735354318, 24, 8, 10, 0, 0, 0.01%, 0, 0, 1, 46.17
1735354323, 24, 9, 10, 0, 0, 0.01%, 0, 0, 1, 47.59
1735354328, 25, 0, 10, 0, 0, 0.01%, 0, 0, 1, 46.00
1735354333, 25, 1, 10, 0, 0, 0.01%, 0, 0, 1, 45.57
1735354338, 25, 2, 10, 0, 0, 0.01%, 0, 0, 1, 50.02
1735354343, 25, 3, 10, 0, 0, 0.01%, 0, 0, 1, 46.78
1735354348, 25, 4, 10, 0, 0, 0.01%, 0, 0, 1, 49.37
1735354353, 25, 5, 10, 0, 0, 0.01%, 0, 0, 1, 47.65
1735354358, 25, 6, 10, 0, 0, 0.01%, 0, 0, 1, 48.53
1735354368, 25, 7, 10, 0, 0, 0.01%, 0, 0, 1, 48.73
1735354373, 25, 8, 10, 0, 0, 0.01%, 0, 0, 1, 48.22
1735354378, 25, 9, 10, 0, 0, 0.01%, 0, 0, 1, 49.26
1735354383, 26, 0, 10, 0, 0, 0.01%, 0, 0, 1, 47.52
1735354389, 26, 1, 10, 0, 0, 0.01%, 0, 0, 1, 46.51
1735354394, 26, 2, 10, 0, 0, 0.01%, 0, 0, 1, 49.21
1735354399, 26, 3, 10, 0, 0, 0.01%, 0, 0, 1, 48.22
1735354404, 26, 4, 10, 0, 0, 0.01%, 0, 0, 1, 48.57
1735354409, 26, 5, 10, 0, 0, 0.01%, 0, 0, 1, 48.05
1735354414, 26, 6, 10, 0, 0, 0.01%, 0, 0, 1, 49.76
1735354419, 26, 7, 10, 0, 0, 0.01%, 0, 0, 1, 48.71
1735354424, 26, 8, 10, 0, 0, 0.01%, 0, 0, 1, 46.59
1735354429, 26, 9, 10, 0, 0, 0.01%, 0, 0, 1, 47.07
1735354434, 27, 0, 10, 0, 0, 0.01%, 0, 0, 1, 46.38
1735354439, 27, 1, 10, 0, 0, 0.01%, 0, 0, 1, 46.89
1735354444, 27, 2, 10, 0, 0, 0.01%, 0, 0, 1, 45.76
1735354449, 27, 3, 10, 0, 0, 0.01%, 0, 0, 1, 46.68
1735354454, 27, 4, 10, 0, 0, 0.01%, 0, 0, 1, 45.27
1735354464, 27, 5, 10, 0, 0, 0.01%, 0, 0, 1, 45.75
1735354469, 27, 6, 10, 0, 0, 0.01%, 0, 0, 1, 47.63
1735354475, 27, 7, 10, 0, 0, 0.01%, 0, 0, 1, 46.33
1735354480, 27, 8, 10, 0, 0, 0.01%, 0, 0, 1, 48.23
1735354485, 27, 9, 10, 0, 0, 0.01%, 0, 0, 1, 47.42
1735354490, 28, 0, 10, 0, 0, 0.01%, 0, 0, 1, 47.94
1735354495, 28, 1, 10, 0, 0, 0.01%, 0, 0, 1, 48.59
1735354500, 28, 2, 10, 0, 0, 0.01%, 0, 0, 1, 47.87
1735354505, 28, 3, 10, 0, 0, 0.01%, 0, 0, 1, 47.93
1735354510, 28, 4, 10, 0, 0, 0.01%, 0, 0, 1, 51.17
1735354515, 28, 5, 10, 0, 0, 0.01%, 0, 0, 1, 47.81
1735354520, 28, 6, 10, 0, 0, 0.01%, 0, 0, 1, 45.81
1735354525, 28, 7, 10, 0, 0, 0.01%, 0, 0, 1, 46.96
1735354530, 28, 8, 10, 0, 0, 0.01%, 0, 0, 1, 48.82
1735354535, 28, 9, 10, 0, 0, 0.01%, 0, 0, 1, 49.06
1735354540, 29, 0, 10, 0, 0, 0.01%, 0, 0, 1, 45.98
1735354545, 29, 1, 10, 0, 0, 0.01%, 0, 0, 1, 46.97
1735354555, 29, 2, 10, 0, 0, 0.01%, 0, 0, 1, 46.29
1735354561, 29, 3, 10, 0, 0, 0.01%, 0, 0, 1, 47.44
1735354566, 29, 4, 10, 0, 0, 0.01%, 0, 0, 1, 45.54
1735354571, 29, 5, 10, 0, 0, 0.01%, 0, 0, 1, 48.78
1735354576, 29, 6, 10, 0, 0, 0.01%, 0, 0, 1, 47.07
1735354581, 29, 7, 10, 0, 0, 0.01%, 0, 0, 1, 47.41
1735354586, 29, 8, 10, 0, 0, 0.01%, 0, 0, 1, 44.42
1735354591, 29, 9, 10, 0, 0, 0.01%, 0, 0, 1, 49.15
1735354596, 30, 0, 10, 0, 0, 0.01%, 0, 0, 1, 48.65
1735354601, 30, 1, 10, 0, 0, 0.01%, 0, 0, 1, 50.72
1735354606, 30, 2, 10, 0, 0, 0.01%, 0, 0, 1, 46.55
1735354611, 30, 3, 10, 0, 0, 0.01%, 0, 0, 1, 48.44
1735354616, 30, 4, 10, 0, 0, 0.01%, 0, 0, 1, 47.20
1735354622, 30, 5, 10, 0, 0, 0.01%, 0, 0, 1, 44.37
1735354632, 30, 6, 10, 0, 0, 0.01%, 0, 0, 1, 46.68
1735354637, 30, 7, 10, 0, 0, 0.01%, 0, 0, 1, 49.75
1735354642, 30, 8, 10, 0, 0, 0.01%, 0, 0, 1, 45.81
1735354647, 30, 9, 10, 0, 0, 0.01%, 0, 0, 1, 46.89
1735354652, 31, 0, 10, 0, 0, 0.01%, 0, 0, 1, 48.39
1735354657, 31, 1, 10, 0, 0, 0.01%, 0, 0, 1, 51.90
1735354662, 31, 2, 10, 0, 0, 0.01%, 0, 0, 1, 47.22
1735354667, 31, 3, 10, 0, 0, 0.01%, 0, 0, 1, 48.00
1735354672, 31, 4, 10, 0, 0, 0.01%, 0, 0, 1, 47.26
1735354677, 31, 5, 10, 0, 0, 0.01%, 0, 0, 1, 47.08
1735354683, 31, 6, 10, 0, 0, 0.01%, 0, 0, 1, 50.26
1735354688, 31, 7, 10, 0, 0, 0.01%, 0, 0, 1, 48.81
1735354693, 31, 8, 10, 0, 0, 0.01%, 0, 0, 1, 48.32
1735354698, 31, 9, 10, 0, 0, 0.01%, 0, 0, 1, 49.46
1735354703, 32, 0, 10, 0, 0, 0.01%, 0, 0, 1, 47.39
1735354708, 32, 1, 10, 0, 0, 0.01%, 0, 0, 1, 48.62
1735354713, 32, 2, 10, 0, 0, 0.01%, 0, 0, 1, 48.59
1735354718, 32, 3, 10, 0, 0, 0.01%, 0, 0, 1, 48.58
1735354723, 32, 4, 10, 0, 0, 0.01%, 0, 0, 1, 49.74
1735354728, 32, 5, 10, 0, 0, 0.01%, 0, 0, 1, 48.56
1735354733, 32, 6, 10, 0, 0, 0.01%, 0, 0, 1, 47.59
1735354738, 32, 7, 10, 0, 0, 0.01%, 0, 0, 1, 45.98
1735354743, 32, 8, 10, 0, 0, 0.01%, 0, 0, 1, 49.24
1735354754, 32, 9, 10, 0, 0, 0.01%, 0, 0, 1, 48.83
1735354759, 33, 0, 10, 0, 0, 0.01%, 0, 0, 1, 46.30
1735354764, 33, 1, 10, 0, 0, 0.01%, 0, 0, 1, 48.36
1735354769, 33, 2, 10, 0, 0, 0.01%, 0, 0, 1, 46.96
1735354774, 33, 3, 10, 0, 0, 0.01%, 0, 0, 1, 45.70
1735354779, 33, 4, 10, 0, 0, 0.01%, 0, 0, 1, 44.81
1735354784, 33, 5, 10, 0, 0, 0.01%, 0, 0, 1, 47.83
1735354789, 33, 6, 10, 0, 0, 0.01%, 0, 0, 1, 45.76
1735354794, 33, 7, 10, 0, 0, 0.01%, 0, 0, 1, 48.52
1735354799, 33, 8, 10, 0, 0, 0.01%, 0, 0, 1, 47.30
1735354804, 33, 9, 10, 0, 0, 0.01%, 0, 0, 1, 47.65
1735354809, 34, 0, 10, 0, 0, 0.01%, 0, 0, 1, 46.22
1735354814, 34, 1, 10, 0, 0, 0.01%, 0, 0, 1, 47.21
1735354825, 34, 2, 10, 0, 0, 0.01%, 0, 0, 1, 46.53
1735354830, 34, 3, 10, 0, 0, 0.01%, 0, 0, 1, 47.88
1735354835, 34, 4, 10, 0, 0, 0.01%, 0, 0, 1, 47.60
1735354840, 34, 5, 10, 0, 0, 0.01%, 0, 0, 1, 45.21
1735354845, 34, 6, 10, 0, 0, 0.01%, 0, 0, 1, 47.03
1735354850, 34, 7, 10, 0, 0, 0.01%, 0, 0, 1, 44.19
1735354855, 34, 8, 10, 0, 0, 0.01%, 0, 0, 1, 47.08
1735354860, 34, 9, 10, 0, 0, 0.01%, 0, 0, 1, 45.88
1735354866, 35, 0, 10, 0, 0, 0.01%, 0, 0, 1, 45.44
1735354871, 35, 1, 10, 0, 0, 0.01%, 0, 0, 1, 47.15
1735354876, 35, 2, 10, 0, 0, 0.01%, 0, 0, 1, 46.21
1735354881, 35, 3, 10, 0, 0, 0.01%, 0, 0, 1, 48.39
1735354886, 35, 4, 10, 0, 0, 0.01%, 0, 0, 1, 48.10
1735354891, 35, 5, 10, 0, 0, 0.01%, 0, 0, 1, 47.78
1735354896, 35, 6, 10, 0, 0, 0.01%, 0, 0, 1, 47.62
1735354906, 35, 7, 10, 0, 0, 0.01%, 0, 0, 1, 47.41
1735354911, 35, 8, 10, 0, 0, 0.01%, 0, 0, 1, 49.18
1735354916, 35, 9, 10, 0, 0, 0.01%, 0, 0, 1, 46.95
1735354921, 36, 0, 10, 0, 0, 0.01%, 0, 0, 1, 50.40
1735354926, 36, 1, 10, 0, 0, 0.01%, 0, 0, 1, 46.72
1735354931, 36, 2, 10, 0, 0, 0.01%, 0, 0, 1, 47.62
1735354936, 36, 3, 10, 0, 0, 0.01%, 0, 0, 1, 48.32
1735354942, 36, 4, 10, 0, 0, 0.01%, 0, 0, 1, 48.42
1735354947, 36, 5, 10, 0, 0, 0.01%, 0, 0, 1, 47.40
1735354952, 36, 6, 10, 0, 0, 0.01%, 0, 0, 1, 48.95
1735354957, 36, 7, 10, 0, 0, 0.01%, 0, 0, 1, 49.65
1735354962, 36, 8, 10, 0, 0, 0.01%, 0, 0, 1, 48.31
1735354967, 36, 9, 10, 0, 0, 0.01%, 0, 0, 1, 45.48
1735354972, 37, 0, 10, 0, 0, 0.01%, 0, 0, 1, 46.43
1735354977, 37, 1, 10, 0, 0, 0.01%, 0, 0, 1, 47.38
1735354982, 37, 2, 10, 0, 0, 0.01%, 0, 0, 1, 46.12
1735354992, 37, 3, 10, 0, 0, 0.01%, 0, 0, 1, 46.57
1735354997, 37, 4, 10, 0, 0, 0.01%, 0, 0, 1, 48.41
1735355003, 37, 5, 10, 0, 0, 0.01%, 0, 0, 1, 45.51
1735355008, 37, 6, 11, 1, 0, 0.14%, 1, 0, 2, 47.16
1735355013, 37, 10, 13, 3, 1, 0.14%, 3, 0, 3, 73.52
1735355089, 37, 12, 13, 1, 1, 0.14%, 3, 0, 3, 49.43
1735355135, 37, 12, 14, 2, 1, 0.14%, 4, 0, 4, 53.40
1735355216, 37, 13, 15, 2, 1, 0.14%, 5, 0, 5, 69.08
1735355266, 37, 13, 16, 3, 1, 0.14%, 5, 0, 5, 50.13
1735355312, 37, 13, 17, 4, 1, 0.14%, 5, 0, 5, 50.89
1735355348, 37, 13, 18, 5, 1, 0.14%, 5, 0, 5, 51.39
1735355373, 37, 14, 18, 4, 3, 0.14%, 5, 0, 5, 66.42
1735355439, 37, 14, 19, 5, 3, 0.14%, 5, 0, 6, 52.10
1735355515, 37, 14, 20, 6, 3, 0.14%, 5, 0, 6, 51.74
1735355535, 37, 17, 23, 7, 2, 0.14%, 5, 0, 6, 52.66
1735355571, 37, 17, 24, 8, 2, 0.14%, 5, 0, 6, 57.37
1735355617, 37, 17, 25, 9, 2, 0.14%, 5, 0, 6, 57.28
1735355657, 37, 19, 25, 8, 2, 0.14%, 5, 0, 6, 51.87
1735355678, 37, 19, 26, 9, 2, 0.14%, 5, 0, 7, 65.84
1735355693, 37, 19, 27, 10, 2, 0.14%, 5, 0, 7, 55.52
1735355765, 37, 19, 28, 11, 2, 0.14%, 5, 0, 7, 52.50
1735355770, 37, 19, 29, 12, 2, 0.14%, 5, 0, 7, 49.76
1735355790, 37, 24, 29, 11, 2, 0.14%, 5, 0, 7, 83.33
1735355831, 37, 24, 30, 12, 2, 0.14%, 6, 0, 7, 57.11
1735355841, 37, 24, 31, 13, 2, 0.14%, 6, 0, 7, 57.90
1735355907, 37, 24, 32, 14, 2, 0.14%, 6, 0, 7, 55.48
1735355912, 37, 28, 32, 13, 3, 0.14%, 6, 0, 7, 84.42
1735355922, 37, 28, 33, 14, 3, 0.14%, 6, 0, 8, 107.09
1735355927, 37, 28, 34, 15, 3, 0.14%, 6, 0, 8, 110.16
1735356014, 37, 28, 35, 16, 3, 0.14%, 6, 0, 8, 60.73
1735356034, 37, 29, 35, 15, 3, 0.14%, 6, 0, 8, 90.25
1735356197, 37, 29, 36, 16, 3, 0.14%, 6, 0, 8, 94.46
1735356279, 37, 30, 36, 15, 3, 0.14%, 6, 0, 8, 55.82
1735356355, 37, 34, 36, 14, 2, 0.14%, 6, 0, 8, 69.33
1735356395, 37, 34, 37, 15, 2, 0.14%, 6, 0, 9, 63.83
1735356446, 37, 34, 38, 16, 2, 0.14%, 6, 0, 9, 59.63
1735356522, 37, 37, 38, 13, 0, 0.14%, 6, 0, 9, 47.09
1735356721, 39, 31, 38, 5, 0, 0.14%, 6, 0, 9, 57.96
1735356828, 40, 15, 38, 5, 0, 0.14%, 6, 0, 9, 102.50
1735356924, 44, 27, 38, 1, 0, 0.14%, 6, 0, 9, 51.55
1735357016, 45, 23, 38, 0, 0, 0.14%, 6, 0, 9, 90.03
1735357231, 46, 31, 38, 0, 0, 0.14%, 6, 0, 9, 56.98
1735357261, 47, 31, 38, 0, 0, 0.14%, 6, 0, 9, 53.67
1735357291, 48, 31, 38, 0, 0, 0.14%, 6, 0, 9, 61.08
1735357322, 49, 31, 38, 0, 0, 0.14%, 6, 0, 9, 55.59
1735357362, 50, 31, 38, 0, 0, 0.14%, 6, 0, 9, 56.12
1735357403, 51, 23, 38, 0, 0, 0.14%, 6, 0, 9, 69.96
1735357428, 51, 31, 38, 0, 0, 0.14%, 6, 0, 9, 56.72
1735357474, 52, 23, 38, 0, 0, 0.14%, 6, 0, 9, 64.71
1735357505, 52, 31, 38, 0, 0, 0.14%, 6, 0, 9, 53.86
1735357545, 53, 23, 38, 0, 0, 0.14%, 6, 0, 9, 65.60
1735357581, 53, 31, 38, 0, 0, 0.14%, 6, 0, 9, 57.26
1735357621, 54, 23, 38, 0, 0, 0.14%, 6, 0, 9, 59.46
1735357631, 54, 23, 39, 1, 0, 0.14%, 6, 0, 9, 65.13
1735357667, 54, 38, 39, 1, 1, 0.14%, 6, 0, 9, 63.36
1735358017, 55, 23, 39, 0, 0, 0.14%, 6, 0, 9, 56.94
1735358023, 62, 36, 39, 0, 0, 0.14%, 6, 0, 9, 102.61
1735358267, 63, 38, 39, 0, 0, 0.14%, 6, 0, 9, 56.07
1735358288, 64, 38, 39, 0, 0, 0.14%, 6, 0, 9, 61.46
1735358328, 65, 38, 39, 0, 0, 0.14%, 6, 0, 9, 65.97
1735358369, 66, 38, 39, 0, 0, 0.14%, 6, 0, 9, 60.38
1735358405, 67, 38, 39, 0, 0, 0.14%, 6, 0, 9, 58.43
1735358445, 68, 38, 39, 0, 0, 0.14%, 6, 0, 9, 65.53
1735358486, 69, 38, 39, 0, 0, 0.14%, 6, 0, 9, 66.21
1735358521, 76, 35, 39, 0, 0, 0.14%, 6, 0, 9, 74.29
1735358613, 77, 26, 39, 0, 0, 0.14%, 6, 0, 9, 80.00
1735358689, 77, 35, 39, 0, 0, 0.14%, 6, 0, 9, 59.88
1735358720, 81, 23, 39, 0, 0, 0.14%, 6, 0, 9, 68.83
1735358730, 107, 23, 39, 0, 0, 0.14%, 6, 0, 9, 63.73
1735358756, 114, 27, 39, 0, 0, 0.14%, 6, 0, 9, 60.56
1735358776, 116, 11, 39, 0, 0, 0.14%, 6, 0, 9, 62.59
1735358806, 117, 11, 39, 0, 0, 0.14%, 6, 0, 9, 57.00
1735358816, 118, 30, 39, 0, 0, 0.14%, 6, 0, 9, 64.73
1735358837, 119, 35, 39, 0, 0, 0.14%, 6, 0, 9, 61.07
1735358867, 120, 35, 39, 0, 0, 0.14%, 6, 0, 9, 65.80
1735358903, 122, 35, 39, 0, 0, 0.14%, 6, 0, 9, 64.99
1735358938, 125, 12, 39, 0, 0, 0.14%, 6, 0, 9, 51.33
1735358948, 125, 23, 39, 0, 0, 0.14%, 6, 0, 9, 59.76
1735358984, 130, 25, 39, 0, 0, 0.14%, 6, 0, 9, 64.91
1735359055, 130, 30, 39, 0, 0, 0.14%, 6, 0, 9, 56.02
1735359096, 131, 27, 39, 0, 0, 0.14%, 6, 0, 9, 55.95
1735359117, 134, 36, 39, 0, 0, 0.14%, 6, 0, 9, 66.03
1735359157, 136, 27, 39, 0, 0, 0.14%, 6, 0, 9, 61.70
1735359173, 137, 16, 39, 0, 0, 0.14%, 6, 0, 9, 61.28
1735359223, 144, 30, 39, 0, 0, 0.14%, 6, 0, 9, 66.64
1735359264, 157, 36, 39, 0, 0, 0.14%, 6, 0, 9, 61.51
1735359304, 158, 17, 39, 0, 0, 0.14%, 6, 0, 9, 62.74
1735359309, 159, 10, 39, 0, 0, 0.14%, 6, 0, 9, 55.43
1735359319, 160, 30, 39, 0, 0, 0.14%, 6, 0, 9, 59.74
1735359360, 162, 27, 39, 0, 0, 0.14%, 6, 0, 9, 62.48
1735359395, 163, 35, 39, 0, 0, 0.14%, 6, 0, 9, 65.78
1735359435, 164, 26, 39, 0, 0, 0.14%, 6, 0, 9, 68.55
1735359451, 165, 17, 39, 0, 0, 0.14%, 6, 0, 9, 60.89
1735359466, 166, 17, 39, 0, 0, 0.14%, 6, 0, 9, 65.12
1735359491, 166, 20, 39, 0, 0, 0.14%, 6, 0, 9, 65.21
1735359552, 166, 35, 39, 0, 0, 0.14%, 6, 0, 9, 65.20
1735359592, 169, 10, 39, 0, 0, 0.14%, 6, 0, 9, 58.67
1735359597, 169, 22, 39, 0, 0, 0.14%, 6, 0, 9, 66.45
1735359653, 170, 20, 39, 0, 0, 0.14%, 6, 0, 9, 59.08
1735359658, 171, 24, 39, 0, 0, 0.14%, 6, 0, 9, 63.85
1735359679, 173, 10, 39, 0, 0, 0.14%, 6, 0, 9, 58.21
1735359689, 173, 12, 39, 0, 0, 0.14%, 6, 0, 9, 57.08
1735359699, 173, 17, 39, 0, 0, 0.14%, 6, 0, 9, 67.99
1735359730, 173, 35, 39, 0, 0, 0.14%, 6, 0, 9, 61.10
1735359770, 175, 20, 39, 0, 0, 0.14%, 6, 0, 9, 57.10
1735359780, 175, 35, 39, 0, 0, 0.14%, 6, 0, 9, 68.49
1735359816, 176, 10, 39, 0, 0, 0.14%, 6, 0, 9, 64.18
1735359831, 182, 17, 39, 0, 0, 0.14%, 6, 0, 9, 60.61
1735359872, 183, 13, 39, 0, 0, 0.14%, 6, 0, 9, 56.59
1735359882, 183, 22, 39, 0, 0, 0.14%, 6, 0, 9, 61.22
1735359903, 184, 13, 39, 0, 0, 0.14%, 6, 0, 9, 53.88
1735359913, 184, 37, 39, 0, 0, 0.14%, 6, 0, 9, 68.45
1735359948, 187, 34, 39, 0, 0, 0.14%, 6, 0, 9, 63.03
1735359968, 187, 37, 39, 0, 0, 0.14%, 6, 0, 9, 56.93
1735359989, 188, 30, 39, 0, 0, 0.14%, 6, 0, 9, 60.00
1735360029, 189, 34, 39, 0, 0, 0.14%, 6, 0, 9, 62.54
1735360060, 189, 37, 39, 0, 0, 0.14%, 6, 0, 9, 64.19
1735360090, 190, 22, 39, 0, 0, 0.14%, 6, 0, 9, 58.51
1735360111, 191, 10, 39, 0, 0, 0.14%, 6, 0, 9, 55.14
1735360141, 191, 36, 39, 0, 0, 0.14%, 6, 0, 9, 62.31
1735360181, 192, 36, 39, 0, 0, 0.14%, 6, 0, 9, 68.98
1735360216, 193, 22, 39, 0, 0, 0.14%, 6, 0, 9, 60.26
1735360252, 193, 30, 39, 0, 0, 0.14%, 6, 0, 9, 56.07
1735360292, 194, 11, 39, 0, 0, 0.14%, 6, 0, 9, 54.74
1735360323, 194, 14, 39, 0, 0, 0.14%, 6, 0, 9, 56.66
1735360343, 196, 17, 39, 0, 0, 0.14%, 6, 0, 9, 62.90
1735360379, 197, 26, 39, 0, 0, 0.14%, 6, 0, 9, 61.34
1735360420, 197, 37, 39, 0, 0, 0.14%, 6, 0, 9, 61.02
1735360460, 199, 11, 39, 0, 0, 0.14%, 6, 0, 9, 56.30
1735360491, 200, 13, 39, 0, 0, 0.14%, 6, 0, 9, 64.46
1735360506, 201, 24, 39, 0, 0, 0.14%, 6, 0, 9, 56.60
1735360546, 202, 37, 39, 0, 0, 0.14%, 6, 0, 9, 67.85
1735360582, 203, 14, 39, 0, 0, 0.14%, 6, 0, 9, 61.52
1735360623, 204, 32, 39, 0, 0, 0.14%, 6, 0, 9, 65.65
1735360740, 207, 24, 39, 0, 0, 0.14%, 6, 0, 9, 62.59
1735360780, 207, 30, 39, 0, 0, 0.14%, 6, 0, 9, 62.74
1735360821, 210, 35, 39, 0, 0, 0.14%, 6, 0, 9, 72.32
1735360856, 211, 24, 39, 0, 0, 0.14%, 6, 0, 9, 63.34
1735360897, 212, 36, 39, 0, 0, 0.14%, 6, 0, 9, 69.93
1735360933, 213, 22, 39, 0, 0, 0.14%, 6, 0, 9, 52.33
1735360973, 213, 24, 39, 0, 0, 0.14%, 6, 0, 9, 57.54
1735361014, 214, 26, 39, 0, 0, 0.14%, 6, 0, 9, 65.55
1735361049, 215, 10, 39, 0, 0, 0.14%, 6, 0, 9, 58.23
1735361090, 215, 12, 39, 0, 0, 0.14%, 6, 0, 9, 57.49
1735361111, 215, 26, 39, 0, 0, 0.14%, 6, 0, 9, 61.46
1735361146, 216, 12, 39, 0, 0, 0.14%, 6, 0, 9, 58.56
1735361182, 216, 20, 39, 0, 0, 0.14%, 6, 0, 9, 65.47
1735361202, 216, 30, 39, 0, 0, 0.14%, 6, 0, 9, 59.42
1735361242, 217, 12, 39, 0, 0, 0.14%, 6, 0, 9, 56.71
1735361283, 218, 15, 39, 0, 0, 0.14%, 6, 0, 9, 56.72
1735361288, 220, 10, 39, 0, 0, 0.14%, 6, 0, 9, 57.27
1735361323, 221, 30, 39, 0, 0, 0.14%, 6, 0, 9, 61.62
1735361364, 222, 13, 39, 0, 0, 0.14%, 6, 0, 9, 56.45
1735361399, 223, 20, 39, 0, 0, 0.14%, 6, 0, 9, 56.10
1735361435, 223, 36, 39, 0, 0, 0.14%, 6, 0, 9, 59.10
1735361475, 224, 15, 39, 0, 0, 0.14%, 6, 0, 9, 60.37
1735361481, 224, 22, 39, 0, 0, 0.14%, 6, 0, 9, 57.21
1735361516, 225, 28, 39, 0, 0, 0.14%, 6, 0, 9, 66.17
1735361542, 225, 34, 39, 0, 0, 0.14%, 6, 0, 9, 61.20
1735361582, 226, 22, 39, 0, 0, 0.14%, 6, 0, 9, 62.89
1735361618, 227, 29, 39, 0, 0, 0.14%, 6, 0, 9, 67.45
1735361628, 232, 27, 39, 0, 0, 0.14%, 6, 0, 9, 62.81
1735361669, 233, 18, 39, 0, 0, 0.14%, 6, 0, 9, 87.89
1735361725, 233, 32, 39, 0, 0, 0.14%, 6, 0, 9, 57.88
1735361745, 234, 30, 39, 0, 0, 0.14%, 6, 0, 9, 55.70
1735361785, 236, 11, 39, 0, 0, 0.14%, 6, 0, 9, 56.55
1735361826, 236, 26, 39, 0, 0, 0.14%, 6, 0, 9, 58.33
1735361867, 237, 35, 39, 0, 0, 0.14%, 6, 0, 9, 64.85
1735361902, 239, 12, 39, 0, 0, 0.14%, 6, 0, 9, 55.67
1735361942, 240, 32, 39, 0, 0, 0.14%, 6, 0, 9, 59.65
1735361953, 241, 28, 39, 0, 0, 0.14%, 6, 0, 9, 62.94
1735361988, 243, 13, 39, 0, 0, 0.14%, 6, 0, 9, 59.05
1735362024, 244, 37, 39, 0, 0, 0.14%, 6, 0, 9, 60.07
1735362064, 245, 36, 39, 0, 0, 0.14%, 6, 0, 9, 73.37
1735362100, 246, 37, 39, 0, 0, 0.14%, 6, 0, 9, 78.46
1735362110, 246, 37, 40, 1, 0, 0.14%, 7, 0, 10, 79.63
1735362146, 246, 39, 40, 1, 1, 0.14%, 7, 0, 10, 62.91
1735362427, 249, 22, 40, 0, 0, 0.14%, 7, 0, 10, 61.47
1735362463, 250, 13, 40, 0, 0, 0.14%, 7, 0, 10, 57.04
1735362503, 251, 16, 40, 0, 0, 0.14%, 7, 0, 10, 59.84
1735362514, 252, 25, 40, 0, 0, 0.14%, 7, 0, 10, 55.82
1735362524, 252, 30, 40, 0, 0, 0.14%, 7, 0, 10, 57.48
1735362564, 254, 12, 40, 0, 0, 0.14%, 7, 0, 10, 58.53
1735362605, 254, 27, 40, 0, 0, 0.14%, 7, 0, 10, 52.28
1735362646, 254, 29, 40, 0, 0, 0.14%, 7, 0, 10, 76.74
1735362656, 254, 39, 40, 0, 0, 0.14%, 7, 0, 10, 62.59
1735362686, 255, 12, 40, 0, 0, 0.14%, 7, 0, 10, 53.89
1735362722, 255, 36, 40, 0, 0, 0.14%, 7, 0, 10, 65.89
1735362763, 255, 37, 40, 0, 0, 0.14%, 7, 0, 10, 72.46
1735362793, 255, 39, 40, 0, 0, 0.14%, 7, 0, 10, 67.27
1735362834, 256, 39, 40, 0, 0, 0.14%, 7, 0, 10, 72.39
1735362870, 257, 25, 40, 0, 0, 0.14%, 7, 0, 10, 53.42
1735362880, 257, 39, 40, 0, 0, 0.14%, 7, 0, 10, 63.76
1735362915, 258, 34, 40, 0, 0, 0.14%, 7, 0, 10, 60.78
1735362956, 258, 39, 40, 0, 0, 0.14%, 7, 0, 10, 72.12
1735362992, 259, 12, 40, 0, 0, 0.14%, 7, 0, 10, 55.23
1735363032, 259, 16, 40, 0, 0, 0.14%, 7, 0, 10, 58.61
1735363042, 259, 29, 40, 0, 0, 0.14%, 7, 0, 10, 65.75
1735363073, 259, 39, 40, 0, 0, 0.14%, 7, 0, 10, 62.13
1735363114, 260, 12, 40, 0, 0, 0.14%, 7, 0, 10, 55.73
1735363149, 260, 27, 40, 0, 0, 0.14%, 7, 0, 10, 56.51
1735363190, 260, 39, 40, 0, 0, 0.14%, 7, 0, 10, 62.64
1735363230, 261, 28, 40, 0, 0, 0.14%, 7, 0, 10, 60.60
1735363261, 261, 30, 40, 0, 0, 0.14%, 7, 0, 10, 57.22
1735363296, 261, 39, 40, 0, 0, 0.14%, 7, 0, 10, 61.71
1735363337, 262, 27, 40, 0, 0, 0.14%, 7, 0, 10, 60.63
1735363372, 263, 11, 40, 0, 0, 0.14%, 7, 0, 10, 61.50
1735363413, 263, 32, 40, 0, 0, 0.14%, 7, 0, 10, 54.01
1735363438, 264, 20, 40, 0, 0, 0.14%, 7, 0, 10, 60.51
1735363468, 265, 24, 40, 0, 0, 0.14%, 7, 0, 10, 63.71
1735363509, 265, 34, 40, 0, 0, 0.14%, 7, 0, 10, 65.20
1735363549, 268, 16, 40, 0, 0, 0.14%, 7, 0, 10, 58.25
1735363580, 268, 26, 40, 0, 0, 0.14%, 7, 0, 10, 63.63
1735363615, 270, 28, 40, 0, 0, 0.14%, 7, 0, 10, 73.25
1735363651, 274, 10, 40, 0, 0, 0.14%, 7, 0, 10, 59.28
