# unix_time, cycles_done, cur_path, paths_total, pending_total, pending_favs, map_size, unique_crashes, unique_hangs, max_depth, execs_per_sec
1735331276, 0, 0, 10, 10, 1, 0.01%, 0, 0, 1, 43.60
1735331281, 0, 5, 10, 10, 1, 0.01%, 0, 0, 1, 38.45
1735331292, 0, 6, 10, 9, 0, 0.01%, 0, 0, 1, 49.84
1735331297, 1, 0, 10, 5, 0, 0.01%, 0, 0, 1, 43.79
1735331302, 1, 1, 10, 4, 0, 0.01%, 0, 0, 1, 47.71
1735331307, 1, 2, 10, 3, 0, 0.01%, 0, 0, 1, 44.96
1735331312, 1, 3, 10, 2, 0, 0.01%, 0, 0, 1, 46.60
1735331317, 1, 4, 10, 1, 0, 0.01%, 0, 0, 1, 44.23
1735331322, 1, 5, 10, 0, 0, 0.01%, 0, 0, 1, 45.66
1735331332, 1, 6, 10, 0, 0, 0.01%, 0, 0, 1, 45.81
1735331337, 1, 7, 10, 0, 0, 0.01%, 0, 0, 1, 45.19
1735331342, 1, 8, 10, 0, 0, 0.01%, 0, 0, 1, 45.45
1735331347, 1, 9, 10, 0, 0, 0.01%, 0, 0, 1, 45.16
1735331352, 2, 0, 10, 0, 0, 0.01%, 0, 0, 1, 45.05
1735331357, 2, 1, 10, 0, 0, 0.01%, 0, 0, 1, 45.36
1735331363, 2, 2, 10, 0, 0, 0.01%, 0, 0, 1, 44.52
1735331368, 2, 3, 10, 0, 0, 0.01%, 0, 0, 1, 46.06
1735331373, 2, 4, 10, 0, 0, 0.01%, 0, 0, 1, 47.15
1735331378, 2, 5, 10, 0, 0, 0.01%, 0, 0, 1, 46.16
1735331388, 2, 6, 10, 0, 0, 0.01%, 0, 0, 1, 48.13
1735331393, 2, 7, 10, 0, 0, 0.01%, 0, 0, 1, 45.39
1735331398, 2, 8, 10, 0, 0, 0.01%, 0, 0, 1, 44.48
1735331403, 2, 9, 10, 0, 0, 0.01%, 0, 0, 1, 44.99
1735331408, 3, 0, 10, 0, 0, 0.01%, 0, 0, 1, 46.90
1735331413, 3, 1, 10, 0, 0, 0.01%, 0, 0, 1, 43.70
1735331418, 3, 2, 10, 0, 0, 0.01%, 0, 0, 1, 46.57
1735331423, 3, 3, 10, 0, 0, 0.01%, 0, 0, 1, 44.38
1735331428, 3, 4, 10, 0, 0, 0.01%, 0, 0, 1, 46.16
1735331439, 3, 5, 10, 0, 0, 0.01%, 0, 0, 1, 45.38
1735331444, 3, 6, 10, 0, 0, 0.01%, 0, 0, 1, 44.68
1735331449, 3, 7, 10, 0, 0, 0.01%, 0, 0, 1, 44.81
1735331454, 3, 8, 10, 0, 0, 0.01%, 0, 0, 1, 49.58
1735331459, 3, 9, 10, 0, 0, 0.01%, 0, 0, 1, 45.20
1735331464, 4, 0, 10, 0, 0, 0.01%, 0, 0, 1, 45.19
1735331469, 4, 1, 10, 0, 0, 0.01%, 0, 0, 1, 45.07
1735331474, 4, 2, 10, 0, 0, 0.01%, 0, 0, 1, 44.32
1735331479, 4, 3, 10, 0, 0, 0.01%, 0, 0, 1, 45.68
1735331484, 4, 4, 10, 0, 0, 0.01%, 0, 0, 1, 45.22
1735331495, 4, 5, 10, 0, 0, 0.01%, 0, 0, 1, 45.39
1735331500, 4, 6, 10, 0, 0, 0.01%, 0, 0, 1, 44.65
1735331505, 4, 7, 10, 0, 0, 0.01%, 0, 0, 1, 44.20
1735331510, 4, 8, 10, 0, 0, 0.01%, 0, 0, 1, 43.69
1735331515, 4, 9, 10, 0, 0, 0.01%, 0, 0, 1, 45.86
1735331520, 5, 0, 10, 0, 0, 0.01%, 0, 0, 1, 44.63
1735331525, 5, 1, 10, 0, 0, 0.01%, 0, 0, 1, 46.41
1735331530, 5, 2, 10, 0, 0, 0.01%, 0, 0, 1, 46.55
1735331535, 5, 3, 10, 0, 0, 0.01%, 0, 0, 1, 46.59
1735331545, 5, 4, 10, 0, 0, 0.01%, 0, 0, 1, 45.06
1735331550, 5, 5, 10, 0, 0, 0.01%, 0, 0, 1, 44.79
1735331556, 5, 6, 10, 0, 0, 0.01%, 0, 0, 1, 44.80
1735331561, 5, 7, 10, 0, 0, 0.01%, 0, 0, 1, 45.28
1735331566, 5, 8, 10, 0, 0, 0.01%, 0, 0, 1, 45.95
1735331571, 5, 9, 10, 0, 0, 0.01%, 0, 0, 1, 45.14
1735331576, 6, 0, 10, 0, 0, 0.01%, 0, 0, 1, 46.69
1735331581, 6, 1, 10, 0, 0, 0.01%, 0, 0, 1, 45.93
1735331586, 6, 2, 10, 0, 0, 0.01%, 0, 0, 1, 45.67
1735331591, 6, 3, 10, 0, 0, 0.01%, 0, 0, 1, 48.33
1735331601, 6, 4, 10, 0, 0, 0.01%, 0, 0, 1, 44.82
1735331606, 6, 5, 10, 0, 0, 0.01%, 0, 0, 1, 44.55
1735331611, 6, 6, 10, 0, 0, 0.01%, 0, 0, 1, 45.50
1735331617, 6, 7, 10, 0, 0, 0.01%, 0, 0, 1, 44.44
1735331622, 6, 8, 10, 0, 0, 0.01%, 0, 0, 1, 44.93
1735331627, 6, 9, 10, 0, 0, 0.01%, 0, 0, 1, 46.72
1735331632, 7, 0, 10, 0, 0, 0.01%, 0, 0, 1, 46.50
1735331637, 7, 1, 10, 0, 0, 0.01%, 0, 0, 1, 46.20
1735331642, 7, 2, 10, 0, 0, 0.01%, 0, 0, 1, 45.73
1735331652, 7, 3, 10, 0, 0, 0.01%, 0, 0, 1, 46.97
1735331657, 7, 4, 10, 0, 0, 0.01%, 0, 0, 1, 47.02
1735331662, 7, 5, 10, 0, 0, 0.01%, 0, 0, 1, 47.89
1735331667, 7, 6, 10, 0, 0, 0.01%, 0, 0, 1, 44.81
1735331672, 7, 7, 10, 0, 0, 0.01%, 0, 0, 1, 45.69
1735331677, 7, 8, 10, 0, 0, 0.01%, 0, 0, 1, 46.73
1735331682, 7, 9, 10, 0, 0, 0.01%, 0, 0, 1, 47.17
1735331687, 8, 0, 10, 0, 0, 0.01%, 0, 0, 1, 45.47
1735331692, 8, 1, 10, 0, 0, 0.01%, 0, 0, 1, 46.66
1735331698, 8, 2, 10, 0, 0, 0.01%, 0, 0, 1, 43.40
1735331708, 8, 3, 10, 0, 0, 0.01%, 0, 0, 1, 45.19
1735331713, 8, 4, 10, 0, 0, 0.01%, 0, 0, 1, 43.37
1735331718, 8, 5, 10, 0, 0, 0.01%, 0, 0, 1, 49.49
1735331723, 8, 6, 10, 0, 0, 0.01%, 0, 0, 1, 47.28
1735331728, 8, 7, 10, 0, 0, 0.01%, 0, 0, 1, 44.56
1735331733, 8, 8, 10, 0, 0, 0.01%, 0, 0, 1, 44.93
1735331738, 8, 9, 10, 0, 0, 0.01%, 0, 0, 1, 45.23
1735331743, 9, 0, 10, 0, 0, 0.01%, 0, 0, 1, 44.61
1735331748, 9, 1, 10, 0, 0, 0.01%, 0, 0, 1, 45.11
1735331758, 9, 2, 10, 0, 0, 0.01%, 0, 0, 1, 45.14
1735331763, 9, 3, 10, 0, 0, 0.01%, 0, 0, 1, 42.91
1735331768, 9, 4, 10, 0, 0, 0.01%, 0, 0, 1, 44.43
1735331774, 9, 5, 10, 0, 0, 0.01%, 0, 0, 1, 44.45
1735331779, 9, 6, 10, 0, 0, 0.01%, 0, 0, 1, 44.33
1735331784, 9, 7, 10, 0, 0, 0.01%, 0, 0, 1, 44.84
1735331789, 9, 8, 10, 0, 0, 0.01%, 0, 0, 1, 44.58
1735331794, 9, 9, 10, 0, 0, 0.01%, 0, 0, 1, 45.51
1735331804, 10, 0, 10, 0, 0, 0.01%, 0, 0, 1, 44.87
1735331809, 10, 1, 10, 0, 0, 0.01%, 0, 0, 1, 46.24
1735331814, 10, 2, 10, 0, 0, 0.01%, 0, 0, 1, 45.28
1735331819, 10, 3, 10, 0, 0, 0.01%, 0, 0, 1, 45.46
1735331824, 10, 4, 10, 0, 0, 0.01%, 0, 0, 1, 46.86
1735331829, 10, 5, 10, 0, 0, 0.01%, 0, 0, 1, 44.20
1735331834, 10, 6, 10, 0, 0, 0.01%, 0, 0, 1, 45.50
1735331839, 10, 7, 10, 0, 0, 0.01%, 0, 0, 1, 44.60
1735331845, 10, 8, 10, 0, 0, 0.01%, 0, 0, 1, 45.74
1735331850, 10, 9, 10, 0, 0, 0.01%, 0, 0, 1, 45.72
1735331860, 11, 0, 10, 0, 0, 0.01%, 0, 0, 1, 45.83
1735331865, 11, 1, 10, 0, 0, 0.01%, 0, 0, 1, 45.29
1735331870, 11, 2, 10, 0, 0, 0.01%, 0, 0, 1, 48.53
1735331875, 11, 3, 10, 0, 0, 0.01%, 0, 0, 1, 46.16
1735331880, 11, 4, 10, 0, 0, 0.01%, 0, 0, 1, 45.74
1735331885, 11, 5, 10, 0, 0, 0.01%, 0, 0, 1, 48.44
1735331890, 11, 6, 10, 0, 0, 0.01%, 0, 0, 1, 46.02
1735331895, 11, 7, 10, 0, 0, 0.01%, 0, 0, 1, 48.68
1735331900, 11, 8, 10, 0, 0, 0.01%, 0, 0, 1, 45.11
1735331905, 11, 9, 10, 0, 0, 0.01%, 0, 0, 1, 48.44
1735331910, 12, 0, 10, 0, 0, 0.01%, 0, 0, 1, 46.93
1735331915, 12, 1, 10, 0, 0, 0.01%, 0, 0, 1, 50.46
1735331925, 12, 2, 10, 0, 0, 0.01%, 0, 0, 1, 47.60
1735331931, 12, 3, 10, 0, 0, 0.01%, 0, 0, 1, 47.25
1735331936, 12, 4, 10, 0, 0, 0.01%, 0, 0, 1, 48.40
1735331941, 12, 5, 10, 0, 0, 0.01%, 0, 0, 1, 48.18
1735331946, 12, 6, 10, 0, 0, 0.01%, 0, 0, 1, 46.22
1735331951, 12, 7, 10, 0, 0, 0.01%, 0, 0, 1, 47.41
1735331956, 12, 8, 10, 0, 0, 0.01%, 0, 0, 1, 46.57
1735331961, 12, 9, 10, 0, 0, 0.01%, 0, 0, 1, 45.26
1735331966, 13, 0, 10, 0, 0, 0.01%, 0, 0, 1, 45.59
1735331971, 13, 1, 10, 0, 0, 0.01%, 0, 0, 1, 44.44
1735331976, 13, 2, 10, 0, 0, 0.01%, 0, 0, 1, 45.91
1735331981, 13, 3, 10, 0, 0, 0.01%, 0, 0, 1, 48.45
1735331986, 13, 4, 10, 0, 0, 0.01%, 0, 0, 1, 47.15
1735331992, 13, 5, 10, 0, 0, 0.01%, 0, 0, 1, 48.53
1735331997, 13, 6, 10, 0, 0, 0.01%, 0, 0, 1, 48.92
1735332007, 13, 7, 10, 0, 0, 0.01%, 0, 0, 1, 47.31
1735332012, 13, 8, 10, 0, 0, 0.01%, 0, 0, 1, 47.91
1735332017, 13, 9, 10, 0, 0, 0.01%, 0, 0, 1, 48.33
1735332022, 14, 0, 10, 0, 0, 0.01%, 0, 0, 1, 46.92
1735332027, 14, 1, 10, 0, 0, 0.01%, 0, 0, 1, 47.32
1735332032, 14, 2, 10, 0, 0, 0.01%, 0, 0, 1, 48.32
1735332037, 14, 3, 10, 0, 0, 0.01%, 0, 0, 1, 46.46
1735332042, 14, 4, 10, 0, 0, 0.01%, 0, 0, 1, 50.61
1735332047, 14, 5, 10, 0, 0, 0.01%, 0, 0, 1, 47.07
1735332052, 14, 6, 10, 0, 0, 0.01%, 0, 0, 1, 48.21
1735332057, 14, 7, 10, 0, 0, 0.01%, 0, 0, 1, 45.89
1735332062, 14, 8, 10, 0, 0, 0.01%, 0, 0, 1, 46.64
1735332068, 14, 9, 10, 0, 0, 0.01%, 0, 0, 1, 48.04
1735332073, 15, 0, 10, 0, 0, 0.01%, 0, 0, 1, 48.40
1735332078, 15, 1, 10, 0, 0, 0.01%, 0, 0, 1, 46.93
1735332083, 15, 2, 10, 0, 0, 0.01%, 0, 0, 1, 48.49
1735332093, 15, 3, 10, 0, 0, 0.01%, 0, 0, 1, 46.72
1735332098, 15, 4, 10, 0, 0, 0.01%, 0, 0, 1, 47.21
1735332103, 15, 5, 10, 0, 0, 0.01%, 0, 0, 1, 47.82
1735332108, 15, 6, 10, 0, 0, 0.01%, 0, 0, 1, 41.28
1735332129, 15, 7, 10, 0, 0, 0.01%, 0, 0, 1, 41.49
1735332149, 15, 8, 10, 0, 0, 0.01%, 0, 0, 1, 43.41
1735332169, 15, 9, 10, 0, 0, 0.01%, 0, 0, 1, 42.90
1735332190, 16, 0, 10, 0, 0, 0.01%, 0, 0, 1, 41.76
1735332210, 16, 1, 10, 0, 0, 0.01%, 0, 0, 1, 40.31
1735332230, 16, 2, 10, 0, 0, 0.01%, 0, 0, 1, 40.99
1735332251, 16, 3, 10, 0, 0, 0.01%, 0, 0, 1, 39.95
1735332271, 16, 4, 10, 0, 0, 0.01%, 0, 0, 1, 46.25
1735332276, 16, 5, 10, 0, 0, 0.01%, 0, 0, 1, 45.67
1735332281, 16, 6, 10, 0, 0, 0.01%, 0, 0, 1, 46.81
1735332286, 16, 7, 10, 0, 0, 0.01%, 0, 0, 1, 46.91
1735332291, 16, 8, 10, 0, 0, 0.01%, 0, 0, 1, 47.66
1735332296, 16, 9, 10, 0, 0, 0.01%, 0, 0, 1, 46.85
1735332301, 17, 0, 10, 0, 0, 0.01%, 0, 0, 1, 47.75
1735332307, 17, 1, 10, 0, 0, 0.01%, 0, 0, 1, 47.44
1735332312, 17, 2, 10, 0, 0, 0.01%, 0, 0, 1, 48.44
1735332317, 17, 3, 10, 0, 0, 0.01%, 0, 0, 1, 46.82
1735332322, 17, 4, 10, 0, 0, 0.01%, 0, 0, 1, 49.18
1735332332, 17, 5, 10, 0, 0, 0.01%, 0, 0, 1, 46.66
1735332337, 17, 6, 10, 0, 0, 0.01%, 0, 0, 1, 47.55
1735332342, 17, 7, 10, 0, 0, 0.01%, 0, 0, 1, 47.64
1735332347, 17, 8, 10, 0, 0, 0.01%, 0, 0, 1, 46.78
1735332352, 17, 9, 10, 0, 0, 0.01%, 0, 0, 1, 48.44
1735332357, 18, 0, 10, 0, 0, 0.01%, 0, 0, 1, 47.89
1735332363, 18, 1, 10, 0, 0, 0.01%, 0, 0, 1, 47.59
1735332368, 18, 2, 10, 0, 0, 0.01%, 0, 0, 1, 45.55
1735332373, 18, 3, 10, 0, 0, 0.01%, 0, 0, 1, 48.21
1735332378, 18, 4, 10, 0, 0, 0.01%, 0, 0, 1, 47.33
1735332383, 18, 5, 10, 0, 0, 0.01%, 0, 0, 1, 47.00
1735332388, 18, 6, 10, 0, 0, 0.01%, 0, 0, 1, 47.50
1735332393, 18, 7, 10, 0, 0, 0.01%, 0, 0, 1, 48.29
1735332398, 18, 8, 10, 0, 0, 0.01%, 0, 0, 1, 45.42
1735332403, 18, 9, 10, 0, 0, 0.01%, 0, 0, 1, 48.89
1735332408, 19, 0, 10, 0, 0, 0.01%, 0, 0, 1, 44.29
1735332419, 19, 1, 10, 0, 0, 0.01%, 0, 0, 1, 47.00
1735332424, 19, 2, 10, 0, 0, 0.01%, 0, 0, 1, 45.77
1735332429, 19, 3, 10, 0, 0, 0.01%, 0, 0, 1, 47.85
1735332434, 19, 4, 10, 0, 0, 0.01%, 0, 0, 1, 46.84
1735332439, 19, 5, 10, 0, 0, 0.01%, 0, 0, 1, 49.98
1735332444, 19, 6, 10, 0, 0, 0.01%, 0, 0, 1, 45.90
1735332449, 19, 7, 10, 0, 0, 0.01%, 0, 0, 1, 47.82
1735332454, 19, 8, 10, 0, 0, 0.01%, 0, 0, 1, 49.19
1735332459, 19, 9, 10, 0, 0, 0.01%, 0, 0, 1, 47.24
1735332464, 20, 0, 10, 0, 0, 0.01%, 0, 0, 1, 47.60
1735332469, 20, 1, 10, 0, 0, 0.01%, 0, 0, 1, 48.09
1735332474, 20, 2, 10, 0, 0, 0.01%, 0, 0, 1, 45.80
1735332479, 20, 3, 10, 0, 0, 0.01%, 0, 0, 1, 45.37
1735332485, 20, 4, 10, 0, 0, 0.01%, 0, 0, 1, 46.70
1735332495, 20, 5, 10, 0, 0, 0.01%, 0, 0, 1, 46.60
1735332500, 20, 6, 10, 0, 0, 0.01%, 0, 0, 1, 47.20
1735332505, 20, 7, 10, 0, 0, 0.01%, 0, 0, 1, 47.03
1735332510, 20, 8, 10, 0, 0, 0.01%, 0, 0, 1, 47.24
1735332515, 20, 9, 10, 0, 0, 0.01%, 0, 0, 1, 45.44
1735332520, 21, 0, 10, 0, 0, 0.01%, 0, 0, 1, 46.29
1735332525, 21, 1, 10, 0, 0, 0.01%, 0, 0, 1, 46.69
1735332530, 21, 2, 10, 0, 0, 0.01%, 0, 0, 1, 47.12
1735332535, 21, 3, 10, 0, 0, 0.01%, 0, 0, 1, 47.20
1735332540, 21, 4, 10, 0, 0, 0.01%, 0, 0, 1, 47.18
1735332545, 21, 5, 10, 0, 0, 0.01%, 0, 0, 1, 47.61
1735332551, 21, 6, 10, 0, 0, 0.01%, 0, 0, 1, 48.55
1735332556, 21, 7, 10, 0, 0, 0.01%, 0, 0, 1, 48.09
1735332561, 21, 8, 10, 0, 0, 0.01%, 0, 0, 1, 49.12
1735332566, 21, 9, 10, 0, 0, 0.01%, 0, 0, 1, 48.54
1735332571, 22, 0, 10, 0, 0, 0.01%, 0, 0, 1, 48.78
1735332581, 22, 1, 10, 0, 0, 0.01%, 0, 0, 1, 48.17
1735332586, 22, 2, 10, 0, 0, 0.01%, 0, 0, 1, 48.37
1735332591, 22, 3, 10, 0, 0, 0.01%, 0, 0, 1, 49.05
1735332596, 22, 4, 10, 0, 0, 0.01%, 0, 0, 1, 47.03
1735332601, 22, 5, 10, 0, 0, 0.01%, 0, 0, 1, 46.99
1735332606, 22, 6, 10, 0, 0, 0.01%, 0, 0, 1, 48.46
1735332611, 22, 7, 10, 0, 0, 0.01%, 0, 0, 1, 47.50
1735332617, 22, 8, 10, 0, 0, 0.01%, 0, 0, 1, 47.57
1735332622, 22, 9, 10, 0, 0, 0.01%, 0, 0, 1, 47.46
1735332627, 23, 0, 10, 0, 0, 0.01%, 0, 0, 1, 50.46
1735332632, 23, 1, 10, 0, 0, 0.01%, 0, 0, 1, 46.72
1735332637, 23, 2, 10, 0, 0, 0.01%, 0, 0, 1, 45.59
1735332642, 23, 3, 10, 0, 0, 0.01%, 0, 0, 1, 45.75
1735332647, 23, 4, 10, 0, 0, 0.01%, 0, 0, 1, 49.65
1735332652, 23, 5, 10, 0, 0, 0.01%, 0, 0, 1, 47.03
1735332657, 23, 6, 10, 0, 0, 0.01%, 0, 0, 1, 48.54
1735332667, 23, 7, 10, 0, 0, 0.01%, 0, 0, 1, 46.67
1735332672, 23, 8, 10, 0, 0, 0.01%, 0, 0, 1, 48.54
1735332677, 23, 9, 10, 0, 0, 0.01%, 0, 0, 1, 46.64
1735332682, 24, 0, 10, 0, 0, 0.01%, 0, 0, 1, 49.17
1735332688, 24, 1, 11, 1, 0, 0.14%, 1, 0, 2, 48.51
1735332693, 24, 10, 11, 1, 1, 0.14%, 1, 0, 2, 61.21
1735332703, 24, 10, 12, 2, 1, 0.14%, 2, 0, 3, 56.03
1735332774, 24, 11, 12, 1, 1, 0.14%, 2, 0, 3, 67.21
1735332779, 24, 11, 13, 2, 1, 0.14%, 3, 0, 4, 65.49
1735332789, 24, 11, 14, 3, 1, 0.14%, 3, 0, 4, 54.03
1735332895, 24, 12, 14, 2, 2, 0.14%, 3, 0, 4, 76.62
1735332961, 24, 12, 15, 3, 2, 0.14%, 3, 0, 5, 50.98
1735332982, 24, 12, 16, 4, 2, 0.14%, 3, 0, 5, 53.42
1735333063, 24, 14, 16, 3, 2, 0.14%, 3, 0, 5, 79.38
1735333068, 24, 14, 18, 5, 2, 0.14%, 3, 0, 6, 95.93
1735333073, 24, 14, 21, 8, 2, 0.14%, 3, 0, 6, 100.27
1735333099, 24, 14, 22, 9, 2, 0.14%, 3, 0, 6, 54.22
1735333160, 24, 14, 23, 10, 2, 0.14%, 3, 0, 6, 55.77
1735333216, 24, 14, 24, 11, 2, 0.14%, 4, 0, 6, 58.66
1735333251, 24, 23, 24, 9, 1, 0.14%, 4, 0, 6, 66.37
1735333287, 24, 23, 25, 10, 1, 0.14%, 5, 0, 7, 132.66
1735333518, 24, 23, 26, 11, 1, 0.14%, 5, 0, 7, 80.22
1735333528, 24, 23, 27, 12, 1, 0.14%, 5, 0, 7, 82.14
1735333549, 24, 23, 29, 14, 1, 0.14%, 5, 0, 7, 89.39
1735333554, 24, 23, 30, 15, 1, 0.14%, 5, 0, 7, 82.64
1735333595, 24, 28, 30, 13, 1, 0.14%, 5, 0, 7, 72.34
1735333656, 24, 28, 31, 14, 1, 0.14%, 5, 0, 8, 70.14
1735333732, 24, 30, 31, 13, 1, 0.14%, 5, 0, 8, 65.38
1735333849, 26, 25, 31, 8, 0, 0.14%, 5, 0, 8, 62.30
1735333942, 26, 25, 33, 10, 0, 0.14%, 6, 0, 8, 103.34
1735334086, 26, 25, 34, 11, 0, 0.14%, 6, 0, 8, 80.35
1735334117, 26, 25, 35, 12, 0, 0.14%, 6, 0, 8, 79.84
1735334148, 26, 33, 35, 11, 2, 0.14%, 6, 0, 8, 61.14
1735334295, 26, 33, 36, 12, 2, 0.14%, 6, 0, 9, 81.27
1735334306, 26, 33, 37, 13, 2, 0.14%, 6, 0, 9, 80.50
1735334331, 26, 33, 38, 14, 2, 0.14%, 6, 0, 9, 86.22
1735334367, 26, 33, 39, 15, 2, 0.14%, 6, 0, 9, 80.72
1735334402, 26, 38, 39, 13, 1, 0.14%, 6, 0, 9, 76.65
1735334494, 26, 38, 40, 14, 1, 0.14%, 6, 0, 10, 76.20
1735334519, 26, 39, 40, 13, 1, 0.14%, 6, 0, 10, 54.02
1735334775, 26, 39, 41, 14, 1, 0.14%, 7, 0, 11, 77.18
1735334846, 27, 15, 41, 13, 0, 0.14%, 7, 0, 11, 80.83
1735334902, 27, 27, 41, 13, 0, 0.14%, 7, 0, 11, 86.05
1735334994, 27, 40, 41, 12, 1, 0.14%, 7, 0, 11, 55.89
1735335327, 28, 34, 41, 7, 0, 0.14%, 7, 0, 11, 45.08
1735335659, 28, 36, 41, 6, 0, 0.14%, 7, 0, 11, 68.11
1735335781, 29, 22, 41, 5, 0, 0.14%, 7, 0, 11, 50.43
1735335786, 30, 22, 41, 4, 0, 0.14%, 7, 0, 11, 78.80
1735336305, 30, 29, 41, 4, 0, 0.14%, 7, 0, 11, 48.39
1735336855, 32, 37, 41, 2, 0, 0.14%, 7, 0, 11, 75.39
1735336962, 37, 34, 41, 1, 0, 0.14%, 7, 0, 11, 79.50
1735336967, 38, 34, 41, 1, 0, 0.14%, 7, 0, 11, 68.12
1735336983, 38, 37, 41, 1, 0, 0.14%, 7, 0, 11, 72.32
1735336998, 39, 34, 41, 1, 0, 0.14%, 7, 0, 11, 84.15
1735337018, 39, 37, 41, 1, 0, 0.14%, 7, 0, 11, 61.56
1735337049, 40, 34, 41, 1, 0, 0.14%, 7, 0, 11, 73.69
1735337079, 40, 37, 41, 1, 0, 0.14%, 7, 0, 11, 75.83
1735337105, 41, 34, 41, 1, 0, 0.14%, 7, 0, 11, 77.73
1735337141, 41, 37, 41, 1, 0, 0.14%, 7, 0, 11, 68.21
1735337176, 42, 26, 41, 1, 0, 0.14%, 7, 0, 11, 74.69
1735337278, 42, 34, 41, 0, 0, 0.14%, 7, 0, 11, 66.76
1735337313, 42, 37, 41, 0, 0, 0.14%, 7, 0, 11, 69.87
1735337349, 43, 34, 41, 0, 0, 0.14%, 7, 0, 11, 72.84
1735337379, 43, 37, 41, 0, 0, 0.14%, 7, 0, 11, 65.66
1735337420, 44, 37, 41, 0, 0, 0.14%, 7, 0, 11, 63.58
1735337455, 45, 37, 41, 0, 0, 0.14%, 7, 0, 11, 79.74
1735337486, 46, 37, 41, 0, 0, 0.14%, 7, 0, 11, 69.40
1735337521, 47, 37, 41, 0, 0, 0.14%, 7, 0, 11, 70.71
1735337557, 94, 17, 41, 0, 0, 0.14%, 7, 0, 11, 72.51
1735337577, 94, 17, 42, 1, 0, 0.14%, 7, 0, 11, 54.29
1735337597, 94, 41, 42, 1, 1, 0.14%, 7, 0, 11, 56.71
1735338156, 99, 35, 42, 0, 0, 0.14%, 7, 0, 11, 63.55
1735338380, 105, 19, 42, 0, 0, 0.14%, 7, 0, 11, 64.08
1735338426, 106, 41, 42, 0, 0, 0.14%, 7, 0, 11, 69.50
1735338441, 107, 41, 42, 0, 0, 0.14%, 7, 0, 11, 71.10
1735338477, 108, 41, 42, 0, 0, 0.14%, 7, 0, 11, 69.19
1735338512, 109, 41, 42, 0, 0, 0.14%, 7, 0, 11, 66.69
1735338548, 110, 26, 42, 0, 0, 0.14%, 7, 0, 11, 72.79
1735338553, 111, 31, 42, 0, 0, 0.14%, 7, 0, 11, 86.69
1735338824, 113, 17, 42, 0, 0, 0.14%, 7, 0, 11, 66.46
1735338829, 114, 15, 42, 0, 0, 0.14%, 7, 0, 11, 60.41
1735338834, 119, 24, 42, 0, 0, 0.14%, 7, 0, 11, 64.28
1735338839, 120, 33, 42, 0, 0, 0.14%, 7, 0, 11, 72.51
1735338849, 124, 15, 42, 0, 0, 0.14%, 7, 0, 11, 66.67
1735338854, 124, 17, 42, 0, 0, 0.14%, 7, 0, 11, 60.11
1735338869, 128, 24, 42, 0, 0, 0.14%, 7, 0, 11, 91.46
1735339187, 133, 15, 42, 0, 0, 0.14%, 7, 0, 11, 61.43
1735339207, 133, 27, 42, 0, 0, 0.14%, 7, 0, 11, 62.55
1735339212, 134, 32, 42, 0, 0, 0.14%, 7, 0, 11, 79.18
1735339469, 136, 24, 42, 0, 0, 0.14%, 7, 0, 11, 77.96
1735339479, 138, 26, 42, 0, 0, 0.14%, 7, 0, 11, 69.55
1735339489, 143, 19, 42, 0, 0, 0.14%, 7, 0, 11, 63.49
1735339494, 147, 29, 42, 0, 0, 0.14%, 7, 0, 11, 71.91
1735339499, 149, 27, 42, 0, 0, 0.14%, 7, 0, 11, 68.49
1735339514, 150, 11, 42, 0, 0, 0.14%, 7, 0, 11, 62.93
1735339520, 150, 40, 42, 0, 0, 0.14%, 7, 0, 11, 72.40
1735339530, 151, 27, 42, 0, 0, 0.14%, 7, 0, 11, 71.49
1735339560, 152, 29, 42, 0, 0, 0.14%, 7, 0, 11, 74.76
1735339571, 153, 15, 42, 0, 0, 0.14%, 7, 0, 11, 63.60
1735339611, 153, 26, 42, 0, 0, 0.14%, 7, 0, 11, 75.26
1735339637, 153, 40, 42, 0, 0, 0.14%, 7, 0, 11, 74.62
1735339657, 158, 32, 42, 0, 0, 0.14%, 7, 0, 11, 77.18
1735339662, 158, 33, 42, 0, 0, 0.14%, 7, 0, 11, 80.37
1735339682, 159, 17, 42, 0, 0, 0.14%, 7, 0, 11, 62.88
1735339713, 159, 26, 42, 0, 0, 0.14%, 7, 0, 11, 68.87
1735339749, 159, 29, 42, 0, 0, 0.14%, 7, 0, 11, 74.95
1735339779, 160, 38, 42, 0, 0, 0.14%, 7, 0, 11, 68.37
1735339789, 160, 38, 43, 1, 0, 0.14%, 7, 0, 11, 71.02
1735339794, 160, 42, 43, 1, 1, 0.14%, 7, 0, 11, 95.95
1735340375, 162, 29, 43, 0, 0, 0.14%, 7, 0, 11, 75.63
1735340406, 164, 29, 43, 0, 0, 0.14%, 7, 0, 11, 67.82
1735340436, 167, 11, 43, 0, 0, 0.14%, 7, 0, 11, 67.35
1735340441, 170, 40, 43, 0, 0, 0.14%, 7, 0, 11, 72.17
1735340467, 171, 11, 43, 0, 0, 0.14%, 7, 0, 11, 69.48
1735340482, 171, 42, 43, 0, 0, 0.14%, 7, 0, 11, 80.53
1735340513, 172, 17, 43, 0, 0, 0.14%, 7, 0, 11, 58.67
1735340549, 172, 19, 43, 0, 0, 0.14%, 7, 0, 11, 63.61
1735340559, 172, 29, 43, 0, 0, 0.14%, 7, 0, 11, 79.36
1735340589, 172, 42, 43, 0, 0, 0.14%, 7, 0, 11, 72.39
1735340625, 173, 24, 43, 0, 0, 0.14%, 7, 0, 11, 79.81
1735340640, 173, 33, 43, 0, 0, 0.14%, 7, 0, 11, 67.41
1735340670, 173, 42, 43, 0, 0, 0.14%, 7, 0, 11, 83.30
1735340706, 174, 40, 43, 0, 0, 0.14%, 7, 0, 11, 75.85
1735340737, 174, 42, 43, 0, 0, 0.14%, 7, 0, 11, 64.20
1735340772, 175, 42, 43, 0, 0, 0.14%, 7, 0, 11, 80.79
1735340808, 176, 39, 43, 0, 0, 0.14%, 7, 0, 11, 68.88
1735340813, 178, 27, 43, 0, 0, 0.14%, 7, 0, 11, 64.79
1735340853, 179, 39, 43, 0, 0, 0.14%, 7, 0, 11, 76.15
1735340878, 182, 19, 43, 0, 0, 0.14%, 7, 0, 11, 69.24
1735340904, 183, 11, 43, 0, 0, 0.14%, 7, 0, 11, 57.75
1735340940, 183, 28, 43, 0, 0, 0.14%, 7, 0, 11, 65.96
1735340945, 188, 15, 43, 0, 0, 0.14%, 7, 0, 11, 62.57
1735340980, 189, 11, 43, 0, 0, 0.14%, 7, 0, 11, 55.44
1735341021, 190, 11, 43, 0, 0, 0.14%, 7, 0, 11, 60.60
1735341056, 195, 19, 43, 0, 0, 0.14%, 7, 0, 11, 65.04
1735341087, 195, 20, 43, 0, 0, 0.14%, 7, 0, 11, 63.85
1735341133, 195, 38, 43, 0, 0, 0.14%, 7, 0, 11, 67.26
1735341168, 196, 24, 43, 0, 0, 0.14%, 7, 0, 11, 76.24
1735341199, 197, 40, 43, 0, 0, 0.14%, 7, 0, 11, 80.86
1735341229, 200, 33, 43, 0, 0, 0.14%, 7, 0, 11, 70.65
1735341265, 201, 28, 43, 0, 0, 0.14%, 7, 0, 11, 74.31
1735341270, 202, 32, 43, 0, 0, 0.14%, 7, 0, 11, 71.48
1735341291, 203, 27, 43, 0, 0, 0.14%, 7, 0, 11, 66.26
1735341326, 203, 33, 43, 0, 0, 0.14%, 7, 0, 11, 76.73
1735341357, 204, 38, 43, 0, 0, 0.14%, 7, 0, 11, 69.96
1735341392, 205, 33, 43, 0, 0, 0.14%, 7, 0, 11, 67.70
1735341428, 206, 24, 43, 0, 0, 0.14%, 7, 0, 11, 81.44
1735341459, 207, 28, 43, 0, 0, 0.14%, 7, 0, 11, 66.37
1735341484, 209, 39, 43, 0, 0, 0.14%, 7, 0, 11, 77.95
1735341515, 210, 12, 43, 0, 0, 0.14%, 7, 0, 11, 66.73
1735341520, 212, 11, 43, 0, 0, 0.14%, 7, 0, 11, 62.20
1735341555, 213, 12, 43, 0, 0, 0.14%, 7, 0, 11, 59.10
1735341560, 213, 15, 43, 0, 0, 0.14%, 7, 0, 11, 61.59
1735341601, 214, 17, 43, 0, 0, 0.14%, 7, 0, 11, 62.41
1735341631, 214, 24, 43, 0, 0, 0.14%, 7, 0, 11, 70.89
1735341662, 215, 39, 43, 0, 0, 0.14%, 7, 0, 11, 72.10
1735341698, 216, 15, 43, 0, 0, 0.14%, 7, 0, 11, 57.43
1735341733, 217, 17, 43, 0, 0, 0.14%, 7, 0, 11, 61.17
1735341769, 217, 28, 43, 0, 0, 0.14%, 7, 0, 11, 69.36
1735341804, 218, 16, 43, 0, 0, 0.14%, 7, 0, 11, 72.09
1735341840, 218, 33, 43, 0, 0, 0.14%, 7, 0, 11, 74.18
1735341875, 218, 38, 43, 0, 0, 0.14%, 7, 0, 11, 66.38
1735341906, 219, 12, 43, 0, 0, 0.14%, 7, 0, 11, 63.68
1735341921, 219, 16, 43, 0, 0, 0.14%, 7, 0, 11, 61.34
1735341926, 220, 19, 43, 0, 0, 0.14%, 7, 0, 11, 63.77
1735341966, 222, 17, 43, 0, 0, 0.14%, 7, 0, 11, 59.13
1735341997, 223, 27, 43, 0, 0, 0.14%, 7, 0, 11, 59.22
1735342038, 223, 28, 43, 0, 0, 0.14%, 7, 0, 11, 66.41
1735342068, 224, 38, 43, 0, 0, 0.14%, 7, 0, 11, 73.12
