# unix_time, cycles_done, cur_path, paths_total, pending_total, pending_favs, map_size, unique_crashes, unique_hangs, max_depth, execs_per_sec
1734809530, 0, 0, 10, 10, 1, 0.01%, 0, 0, 1, 36.33
1734809535, 0, 2, 10, 10, 1, 0.01%, 0, 0, 1, 36.62
1734809550, 1, 0, 10, 2, 0, 0.01%, 0, 0, 1, 44.78
1734809555, 1, 1, 10, 1, 0, 0.01%, 0, 0, 1, 44.70
1734809565, 1, 2, 10, 0, 0, 0.01%, 0, 0, 1, 42.80
1734809570, 1, 3, 10, 0, 0, 0.01%, 0, 0, 1, 43.47
1734809575, 1, 4, 10, 0, 0, 0.01%, 0, 0, 1, 44.62
1734809580, 1, 5, 10, 0, 0, 0.01%, 0, 0, 1, 47.41
1734809585, 1, 6, 10, 0, 0, 0.01%, 0, 0, 1, 46.36
1734809591, 1, 7, 10, 0, 0, 0.01%, 0, 0, 1, 44.77
1734809596, 1, 8, 10, 0, 0, 0.01%, 0, 0, 1, 46.98
1734809601, 1, 9, 10, 0, 0, 0.01%, 0, 0, 1, 44.15
1734809611, 2, 0, 10, 0, 0, 0.01%, 0, 0, 1, 43.92
1734809616, 2, 1, 10, 0, 0, 0.01%, 0, 0, 1, 45.41
1734809621, 2, 2, 10, 0, 0, 0.01%, 0, 0, 1, 43.35
1734809626, 2, 3, 10, 0, 0, 0.01%, 0, 0, 1, 43.95
1734809631, 2, 4, 10, 0, 0, 0.01%, 0, 0, 1, 44.94
1734809636, 2, 5, 10, 0, 0, 0.01%, 0, 0, 1, 44.38
1734809641, 2, 6, 10, 0, 0, 0.01%, 0, 0, 1, 44.12
1734809647, 2, 7, 10, 0, 0, 0.01%, 0, 0, 1, 44.41
1734809657, 2, 8, 10, 0, 0, 0.01%, 0, 0, 1, 45.94
1734809662, 2, 9, 10, 0, 0, 0.01%, 0, 0, 1, 45.24
1734809667, 3, 0, 10, 0, 0, 0.01%, 0, 0, 1, 44.64
1734809672, 3, 1, 10, 0, 0, 0.01%, 0, 0, 1, 43.10
1734809677, 3, 2, 10, 0, 0, 0.01%, 0, 0, 1, 43.65
1734809682, 3, 3, 10, 0, 0, 0.01%, 0, 0, 1, 44.64
1734809687, 3, 4, 10, 0, 0, 0.01%, 0, 0, 1, 47.53
1734809692, 3, 5, 10, 0, 0, 0.01%, 0, 0, 1, 46.73
1734809697, 3, 6, 10, 0, 0, 0.01%, 0, 0, 1, 45.35
1734809707, 3, 7, 10, 0, 0, 0.01%, 0, 0, 1, 43.55
1734809712, 3, 8, 10, 0, 0, 0.01%, 0, 0, 1, 45.49
1734809717, 3, 9, 10, 0, 0, 0.01%, 0, 0, 1, 45.21
1734809722, 4, 0, 10, 0, 0, 0.01%, 0, 0, 1, 46.28
1734809727, 4, 1, 10, 0, 0, 0.01%, 0, 0, 1, 46.44
1734809732, 4, 2, 10, 0, 0, 0.01%, 0, 0, 1, 45.55
1734809738, 4, 3, 10, 0, 0, 0.01%, 0, 0, 1, 44.88
1734809743, 4, 4, 10, 0, 0, 0.01%, 0, 0, 1, 44.28
1734809748, 4, 5, 10, 0, 0, 0.01%, 0, 0, 1, 46.14
1734809758, 4, 6, 10, 0, 0, 0.01%, 0, 0, 1, 42.33
1734809763, 4, 7, 10, 0, 0, 0.01%, 0, 0, 1, 45.03
1734809768, 4, 8, 10, 0, 0, 0.01%, 0, 0, 1, 44.16
1734809773, 4, 9, 10, 0, 0, 0.01%, 0, 0, 1, 44.18
1734809778, 5, 0, 10, 0, 0, 0.01%, 0, 0, 1, 45.77
1734809783, 5, 1, 10, 0, 0, 0.01%, 0, 0, 1, 46.44
1734809793, 5, 2, 10, 0, 0, 0.01%, 0, 0, 1, 43.23
1734809798, 5, 3, 10, 0, 0, 0.01%, 0, 0, 1, 44.42
1734809803, 5, 4, 10, 0, 0, 0.01%, 0, 0, 1, 43.61
1734809808, 5, 5, 10, 0, 0, 0.01%, 0, 0, 1, 43.00
1734809814, 5, 6, 10, 0, 0, 0.01%, 0, 0, 1, 44.18
1734809819, 5, 7, 10, 0, 0, 0.01%, 0, 0, 1, 44.45
1734809824, 5, 8, 10, 0, 0, 0.01%, 0, 0, 1, 46.54
1734809834, 5, 9, 10, 0, 0, 0.01%, 0, 0, 1, 42.93
1734809839, 6, 0, 10, 0, 0, 0.01%, 0, 0, 1, 43.80
1734809844, 6, 1, 10, 0, 0, 0.01%, 0, 0, 1, 45.45
1734809849, 6, 2, 10, 0, 0, 0.01%, 0, 0, 1, 46.26
1734809854, 6, 3, 10, 0, 0, 0.01%, 0, 0, 1, 44.02
1734809859, 6, 4, 10, 0, 0, 0.01%, 0, 0, 1, 43.57
1734809864, 6, 5, 10, 0, 0, 0.01%, 0, 0, 1, 43.29
1734809875, 6, 6, 10, 0, 0, 0.01%, 0, 0, 1, 43.71
1734809880, 6, 7, 10, 0, 0, 0.01%, 0, 0, 1, 45.54
1734809885, 6, 8, 10, 0, 0, 0.01%, 0, 0, 1, 43.06
1734809890, 6, 9, 10, 0, 0, 0.01%, 0, 0, 1, 46.18
1734809895, 7, 0, 10, 0, 0, 0.01%, 0, 0, 1, 42.89
1734809900, 7, 1, 10, 0, 0, 0.01%, 0, 0, 1, 43.45
1734809905, 7, 2, 10, 0, 0, 0.01%, 0, 0, 1, 45.14
1734809910, 7, 3, 10, 0, 0, 0.01%, 0, 0, 1, 43.85
1734809920, 7, 4, 10, 0, 0, 0.01%, 0, 0, 1, 44.76
1734809925, 7, 5, 10, 0, 0, 0.01%, 0, 0, 1, 44.20
1734809930, 7, 6, 10, 0, 0, 0.01%, 0, 0, 1, 44.06
1734809935, 7, 7, 10, 0, 0, 0.01%, 0, 0, 1, 43.51
1734809940, 7, 8, 10, 0, 0, 0.01%, 0, 0, 1, 44.37
1734809945, 7, 9, 10, 0, 0, 0.01%, 0, 0, 1, 42.88
1734809950, 8, 0, 10, 0, 0, 0.01%, 0, 0, 1, 43.20
1734809960, 8, 1, 10, 0, 0, 0.01%, 0, 0, 1, 42.62
1734809965, 8, 2, 10, 0, 0, 0.01%, 0, 0, 1, 43.97
1734809971, 8, 3, 10, 0, 0, 0.01%, 0, 0, 1, 45.78
1734809976, 8, 4, 10, 0, 0, 0.01%, 0, 0, 1, 45.41
1734809981, 8, 5, 10, 0, 0, 0.01%, 0, 0, 1, 44.34
1734809986, 8, 6, 10, 0, 0, 0.01%, 0, 0, 1, 42.62
1734809991, 8, 7, 10, 0, 0, 0.01%, 0, 0, 1, 43.29
1734810001, 8, 8, 10, 0, 0, 0.01%, 0, 0, 1, 43.51
1734810006, 8, 9, 10, 0, 0, 0.01%, 0, 0, 1, 43.72
1734810011, 9, 0, 10, 0, 0, 0.01%, 0, 0, 1, 45.97
1734810016, 9, 1, 10, 0, 0, 0.01%, 0, 0, 1, 48.37
1734810021, 9, 2, 10, 0, 0, 0.01%, 0, 0, 1, 44.73
1734810026, 9, 3, 10, 0, 0, 0.01%, 0, 0, 1, 47.02
1734810031, 9, 4, 10, 0, 0, 0.01%, 0, 0, 1, 45.72
1734810037, 9, 5, 10, 0, 0, 0.01%, 0, 0, 1, 48.29
1734810042, 9, 6, 10, 0, 0, 0.01%, 0, 0, 1, 44.57
1734810052, 9, 7, 10, 0, 0, 0.01%, 0, 0, 1, 45.11
1734810057, 9, 8, 10, 0, 0, 0.01%, 0, 0, 1, 44.02
1734810062, 9, 9, 10, 0, 0, 0.01%, 0, 0, 1, 42.98
1734810067, 9, 10, 12, 2, 1, 0.09%, 1, 0, 3, 57.24
1734810072, 9, 10, 15, 5, 1, 0.09%, 3, 0, 3, 81.89
1734810077, 9, 10, 17, 7, 1, 0.09%, 3, 0, 3, 82.34
1734810123, 9, 10, 18, 8, 1, 0.09%, 3, 0, 3, 52.37
1734810133, 9, 10, 19, 9, 1, 0.09%, 3, 0, 3, 55.91
1734810194, 9, 11, 19, 8, 2, 0.09%, 3, 0, 3, 47.22
1734810200, 9, 17, 19, 7, 1, 0.09%, 3, 0, 3, 89.15
1734810271, 9, 17, 20, 8, 1, 0.09%, 3, 0, 4, 60.35
1734810291, 9, 17, 21, 9, 1, 0.09%, 3, 0, 4, 59.38
1734810336, 9, 17, 22, 10, 1, 0.09%, 3, 0, 4, 49.87
1734810341, 9, 20, 22, 9, 2, 0.09%, 4, 0, 4, 73.87
1734810347, 9, 20, 24, 11, 2, 0.09%, 4, 0, 5, 89.57
1734810372, 9, 20, 25, 12, 2, 0.10%, 5, 0, 5, 55.68
1734810377, 9, 20, 27, 14, 2, 0.10%, 5, 0, 5, 56.46
1734810407, 9, 20, 28, 15, 2, 0.10%, 5, 0, 5, 58.00
1734810474, 9, 21, 28, 14, 2, 0.10%, 5, 0, 5, 57.92
1734810479, 9, 21, 29, 15, 2, 0.10%, 5, 0, 5, 97.57
1734810555, 9, 24, 30, 15, 2, 0.10%, 5, 0, 5, 59.39
1734810586, 9, 24, 31, 16, 2, 0.10%, 5, 0, 6, 52.34
1734810601, 9, 24, 32, 17, 2, 0.10%, 5, 0, 6, 59.11
1734810611, 9, 24, 33, 18, 2, 0.10%, 5, 0, 6, 60.59
1734810647, 9, 24, 34, 19, 2, 0.10%, 5, 0, 6, 53.91
1734810692, 9, 30, 34, 18, 2, 0.10%, 5, 0, 6, 68.84
1734810763, 9, 30, 35, 19, 2, 0.10%, 5, 0, 7, 65.79
1734810804, 9, 30, 36, 20, 2, 0.10%, 5, 0, 7, 62.45
1734810819, 9, 30, 37, 21, 2, 0.16%, 6, 0, 7, 63.59
1734810850, 9, 34, 37, 20, 2, 0.16%, 6, 0, 7, 83.79
1734810931, 9, 34, 38, 21, 2, 0.16%, 6, 0, 8, 67.10
1734810961, 9, 34, 39, 22, 2, 0.18%, 7, 0, 8, 63.91
1734810997, 9, 36, 39, 21, 3, 0.18%, 7, 0, 8, 59.58
1734811048, 9, 36, 40, 22, 3, 0.18%, 7, 0, 8, 53.40
1734811068, 9, 37, 40, 21, 2, 0.18%, 7, 0, 8, 71.71
1734811170, 9, 37, 41, 22, 2, 0.18%, 7, 0, 9, 68.55
1734811190, 9, 38, 41, 21, 2, 0.18%, 7, 0, 9, 92.10
1734811201, 9, 38, 42, 22, 2, 0.19%, 8, 0, 9, 122.75
1734811287, 9, 38, 43, 23, 2, 0.19%, 8, 0, 9, 69.58
1734811373, 9, 42, 43, 21, 1, 0.19%, 8, 0, 9, 57.84
1734811820, 9, 42, 44, 22, 1, 0.19%, 8, 0, 10, 79.31
1734811892, 9, 43, 44, 21, 1, 0.19%, 8, 0, 10, 58.95
1734812263, 11, 19, 44, 14, 0, 0.19%, 8, 0, 10, 51.47
1734812273, 11, 31, 44, 13, 0, 0.19%, 8, 0, 10, 31.83
1734812289, 11, 41, 44, 11, 0, 0.19%, 8, 0, 10, 37.07
1734812294, 11, 41, 46, 13, 0, 0.22%, 9, 0, 10, 83.61
1734812304, 11, 41, 47, 14, 0, 0.23%, 10, 0, 10, 124.15
1734812401, 12, 19, 47, 11, 0, 0.23%, 10, 0, 10, 86.72
1734812604, 12, 19, 50, 14, 0, 0.23%, 11, 0, 10, 117.74
1734813415, 13, 18, 50, 13, 0, 0.23%, 11, 0, 10, 40.46
1734813420, 13, 29, 50, 12, 0, 0.23%, 11, 0, 10, 34.01
1734813425, 13, 46, 50, 11, 0, 0.23%, 11, 0, 10, 71.74
1734813440, 13, 46, 51, 12, 0, 0.23%, 11, 0, 11, 125.12
1734813562, 13, 46, 52, 13, 0, 0.23%, 11, 0, 11, 63.58
1734813567, 13, 51, 52, 13, 1, 0.23%, 11, 0, 11, 78.73
1734813572, 13, 51, 54, 15, 1, 0.25%, 12, 0, 12, 87.71
1734813577, 13, 51, 55, 16, 1, 0.25%, 12, 0, 12, 98.51
1734813582, 13, 51, 55, 16, 1, 0.25%, 13, 0, 12, 108.29
1734813704, 14, 39, 55, 12, 0, 0.25%, 13, 0, 12, 79.28
1734813826, 14, 39, 57, 14, 0, 0.25%, 13, 0, 12, 61.93
1734813837, 14, 39, 58, 15, 0, 0.25%, 13, 0, 12, 68.62
1734813913, 14, 57, 58, 14, 1, 0.25%, 13, 0, 12, 92.16
1734813984, 15, 32, 58, 12, 0, 0.25%, 13, 0, 12, 72.48
1734814076, 15, 49, 58, 10, 0, 0.25%, 13, 0, 12, 52.73
1734814081, 15, 52, 58, 9, 0, 0.25%, 13, 0, 12, 70.71
1734814086, 15, 52, 60, 11, 0, 0.25%, 13, 0, 13, 78.76
1734814096, 15, 52, 61, 12, 0, 0.25%, 13, 0, 13, 109.87
1734814183, 15, 52, 62, 13, 0, 0.25%, 13, 0, 13, 73.00
1734814265, 15, 59, 62, 13, 1, 0.25%, 13, 0, 13, 79.57
1734814270, 15, 59, 63, 14, 1, 0.25%, 13, 0, 14, 85.64
1734814408, 16, 36, 63, 12, 0, 0.25%, 13, 0, 14, 61.38
1734814413, 16, 56, 63, 12, 0, 0.25%, 13, 0, 14, 77.85
1734814504, 17, 35, 63, 10, 0, 0.25%, 13, 0, 14, 93.62
1734814617, 17, 36, 63, 9, 0, 0.25%, 13, 0, 14, 60.38
1734814637, 17, 54, 63, 9, 0, 0.25%, 13, 0, 14, 85.83
1734814780, 18, 36, 63, 8, 0, 0.25%, 13, 0, 14, 56.73
1734814816, 18, 48, 63, 7, 0, 0.25%, 13, 0, 14, 46.28
1734814821, 18, 50, 63, 6, 0, 0.25%, 13, 0, 14, 62.94
1734814963, 18, 55, 63, 5, 0, 0.25%, 13, 0, 14, 99.57
1734815050, 18, 55, 64, 6, 0, 0.25%, 13, 0, 14, 53.38
1734815111, 19, 36, 64, 3, 0, 0.25%, 13, 0, 14, 53.17
1734815151, 20, 36, 64, 3, 0, 0.25%, 13, 0, 14, 58.43
1734815192, 20, 61, 64, 3, 0, 0.25%, 13, 0, 14, 74.89
1734815197, 20, 61, 66, 5, 0, 0.25%, 13, 0, 14, 87.64
1734815207, 20, 61, 67, 6, 0, 0.25%, 13, 0, 14, 125.53
1734815339, 21, 26, 67, 4, 0, 0.25%, 13, 0, 14, 93.79
1734815483, 21, 36, 67, 3, 0, 0.25%, 13, 0, 14, 55.92
1734815518, 22, 36, 67, 2, 0, 0.25%, 13, 0, 14, 59.54
1734815559, 22, 66, 67, 1, 0, 0.25%, 13, 0, 14, 94.75
1734815574, 22, 66, 68, 2, 0, 0.25%, 13, 0, 15, 131.29
1734815701, 22, 67, 68, 2, 1, 0.25%, 13, 0, 15, 83.47
1734815788, 22, 67, 69, 3, 1, 0.25%, 13, 0, 16, 71.88
1734815869, 22, 67, 70, 4, 1, 0.25%, 13, 0, 16, 78.68
1734815890, 22, 68, 70, 3, 1, 0.25%, 13, 0, 16, 90.05
1734815895, 22, 68, 71, 4, 1, 0.25%, 13, 0, 17, 90.19
1734815900, 22, 68, 72, 5, 1, 0.25%, 13, 0, 17, 88.69
1734815915, 22, 68, 73, 6, 1, 0.25%, 13, 0, 17, 107.68
1734815996, 22, 68, 74, 7, 1, 0.25%, 13, 0, 17, 71.95
1734816072, 23, 27, 74, 4, 0, 0.25%, 13, 0, 17, 114.07
1734816403, 23, 36, 74, 4, 0, 0.25%, 13, 0, 17, 54.38
1734816443, 23, 69, 74, 3, 0, 0.25%, 13, 0, 17, 96.21
1734816785, 23, 71, 74, 2, 0, 0.25%, 13, 0, 17, 87.00
1734816927, 23, 71, 75, 3, 0, 0.25%, 13, 0, 18, 69.52
1734817014, 23, 74, 75, 3, 1, 0.25%, 13, 0, 18, 91.50
1734817019, 23, 74, 76, 4, 1, 0.25%, 13, 0, 19, 94.75
1734817206, 23, 75, 76, 3, 1, 0.25%, 13, 0, 19, 65.10
1734817212, 24, 36, 76, 2, 0, 0.25%, 13, 0, 19, 55.57
1734817247, 24, 62, 76, 2, 0, 0.25%, 13, 0, 19, 78.13
1734817252, 24, 62, 77, 3, 0, 0.25%, 13, 0, 19, 81.56
1734817375, 25, 36, 77, 2, 0, 0.25%, 13, 0, 19, 55.97
1734817410, 26, 76, 77, 1, 0, 0.25%, 13, 0, 19, 77.02
1734817502, 26, 76, 78, 2, 0, 0.25%, 13, 0, 19, 76.28
1734817553, 26, 76, 79, 3, 0, 0.25%, 13, 0, 19, 76.58
1734817599, 26, 78, 79, 3, 1, 0.25%, 13, 0, 19, 86.48
1734817732, 27, 63, 79, 2, 0, 0.25%, 13, 0, 19, 98.31
1734817875, 28, 65, 79, 1, 0, 0.25%, 13, 0, 19, 76.62
1734818023, 29, 77, 79, 1, 0, 0.25%, 13, 0, 19, 93.22
1734818165, 30, 75, 79, 0, 0, 0.25%, 13, 0, 19, 90.40
1734818175, 30, 75, 80, 1, 0, 0.25%, 13, 0, 20, 93.99
1734818344, 33, 79, 80, 0, 0, 0.25%, 13, 0, 20, 83.28
1734818537, 35, 28, 80, 0, 0, 0.25%, 13, 0, 20, 78.93
1734818593, 37, 24, 80, 0, 0, 0.25%, 13, 0, 20, 75.43
1734818598, 38, 79, 80, 0, 0, 0.25%, 13, 0, 20, 74.44
1734818623, 39, 79, 81, 1, 0, 0.25%, 13, 0, 21, 69.27
1734818654, 39, 80, 81, 1, 1, 0.25%, 13, 0, 21, 76.67
1734818669, 39, 80, 82, 2, 1, 0.25%, 13, 0, 22, 106.54
1734818674, 39, 80, 83, 3, 1, 0.25%, 13, 0, 22, 113.00
1734818853, 43, 82, 83, 0, 0, 0.25%, 13, 0, 22, 95.94
1734819011, 43, 82, 84, 1, 0, 0.25%, 13, 0, 23, 81.79
1734819031, 43, 82, 85, 2, 0, 0.25%, 13, 0, 23, 74.35
1734819087, 43, 84, 85, 2, 1, 0.25%, 13, 0, 23, 86.54
1734819276, 46, 57, 85, 1, 0, 0.25%, 13, 0, 23, 61.86
1734819286, 47, 37, 85, 1, 0, 0.25%, 13, 0, 23, 73.27
1734819296, 49, 44, 85, 1, 0, 0.25%, 13, 0, 23, 100.25
1734819393, 49, 79, 85, 1, 0, 0.25%, 13, 0, 23, 68.16
1734819429, 49, 83, 85, 1, 0, 0.25%, 13, 0, 23, 96.72
1734819434, 49, 83, 86, 2, 0, 0.25%, 13, 0, 24, 93.91
1734819475, 49, 83, 87, 3, 0, 0.25%, 13, 0, 24, 109.78
1734819628, 49, 83, 88, 4, 0, 0.25%, 13, 0, 24, 78.35
1734819684, 49, 83, 89, 5, 0, 0.25%, 13, 0, 24, 83.29
1734819719, 49, 87, 89, 4, 1, 0.25%, 13, 0, 24, 86.84
1734819730, 49, 87, 90, 5, 1, 0.25%, 13, 0, 25, 103.06
1734819745, 49, 87, 91, 6, 1, 0.25%, 14, 0, 25, 108.83
1734820016, 50, 57, 91, 4, 0, 0.25%, 14, 0, 25, 66.07
1734820042, 51, 89, 91, 4, 0, 0.25%, 14, 0, 25, 102.63
1734820338, 54, 27, 91, 3, 0, 0.25%, 14, 0, 25, 72.23
1734820343, 55, 31, 91, 2, 0, 0.25%, 14, 0, 25, 99.07
1734823884, 55, 86, 91, 2, 0, 0.25%, 14, 0, 25, 94.06
1734824113, 55, 88, 91, 2, 0, 0.25%, 14, 0, 25, 89.86
1734824430, 56, 57, 91, 1, 0, 0.25%, 14, 0, 25, 63.33
1734824455, 58, 64, 91, 0, 0, 0.25%, 14, 0, 25, 86.24
1734824604, 59, 60, 91, 0, 0, 0.25%, 14, 0, 25, 80.63
1734824716, 60, 72, 91, 0, 0, 0.25%, 14, 0, 25, 92.80
1734824900, 64, 28, 91, 0, 0, 0.25%, 14, 0, 25, 75.32
1734824905, 64, 88, 91, 0, 0, 0.25%, 14, 0, 25, 71.97
1734824940, 65, 88, 91, 0, 0, 0.25%, 14, 0, 25, 76.61
1734824971, 66, 63, 91, 0, 0, 0.25%, 14, 0, 25, 70.38
1734824976, 66, 70, 91, 0, 0, 0.25%, 14, 0, 25, 70.73
1734825165, 66, 88, 91, 0, 0, 0.25%, 14, 0, 25, 80.09
1734825195, 67, 37, 91, 0, 0, 0.25%, 14, 0, 25, 72.96
1734825216, 67, 88, 91, 0, 0, 0.25%, 14, 0, 25, 84.93
1734825246, 68, 79, 91, 0, 0, 0.25%, 14, 0, 25, 76.76
1734825277, 68, 88, 91, 0, 0, 0.25%, 14, 0, 25, 73.11
1734825308, 68, 90, 91, 0, 0, 0.25%, 14, 0, 25, 96.00
1734825543, 68, 90, 92, 1, 0, 0.25%, 14, 0, 26, 75.46
1734825640, 68, 91, 92, 1, 1, 0.25%, 14, 0, 26, 100.84
1734825818, 69, 88, 92, 0, 0, 0.25%, 14, 0, 26, 75.92
1734825848, 70, 24, 92, 0, 0, 0.25%, 14, 0, 26, 70.23
1734825863, 70, 27, 92, 0, 0, 0.25%, 14, 0, 26, 74.80
1734825874, 70, 88, 92, 0, 0, 0.25%, 14, 0, 26, 73.89
1734825909, 71, 53, 92, 0, 0, 0.25%, 14, 0, 26, 83.94
1734826052, 72, 20, 92, 0, 0, 0.25%, 14, 0, 26, 69.56
1734826057, 73, 79, 92, 0, 0, 0.25%, 14, 0, 26, 66.24
1734826092, 74, 23, 92, 0, 0, 0.25%, 14, 0, 26, 75.27
1734826128, 74, 27, 92, 0, 0, 0.25%, 14, 0, 26, 58.54
1734826154, 74, 63, 92, 0, 0, 0.25%, 14, 0, 26, 64.05
1734826174, 74, 75, 92, 0, 0, 0.25%, 14, 0, 26, 77.56
1734826184, 76, 63, 92, 0, 0, 0.25%, 14, 0, 26, 70.94
1734826219, 76, 91, 92, 0, 0, 0.25%, 14, 0, 26, 68.10
1734826250, 77, 91, 92, 0, 0, 0.25%, 14, 0, 26, 71.58
1734826285, 78, 25, 92, 0, 0, 0.25%, 14, 0, 26, 68.39
1734826362, 78, 91, 92, 0, 0, 0.25%, 14, 0, 26, 73.05
1734826393, 79, 24, 92, 0, 0, 0.25%, 14, 0, 26, 68.09
1734826423, 79, 91, 92, 0, 0, 0.25%, 14, 0, 26, 68.96
1734826459, 80, 91, 92, 0, 0, 0.25%, 14, 0, 26, 81.83
1734826489, 81, 37, 92, 0, 0, 0.25%, 14, 0, 26, 67.75
1734826525, 81, 91, 92, 0, 0, 0.25%, 14, 0, 26, 73.21
1734826555, 82, 91, 92, 0, 0, 0.25%, 14, 0, 26, 67.16
1734826591, 83, 45, 92, 0, 0, 0.25%, 14, 0, 26, 90.57
1734826708, 83, 91, 92, 0, 0, 0.25%, 14, 0, 26, 73.46
1734826738, 84, 84, 92, 0, 0, 0.25%, 14, 0, 26, 78.16
1734826774, 85, 58, 92, 0, 0, 0.25%, 14, 0, 26, 80.68
1734826891, 85, 75, 92, 0, 0, 0.25%, 14, 0, 26, 73.36
1734826922, 87, 82, 92, 0, 0, 0.25%, 14, 0, 26, 75.57
1734826952, 88, 21, 92, 0, 0, 0.25%, 14, 0, 26, 70.88
1734826957, 89, 21, 92, 0, 0, 0.25%, 14, 0, 26, 68.17
1734826973, 90, 54, 92, 0, 0, 0.25%, 14, 0, 26, 71.39
1734826983, 91, 27, 92, 0, 0, 0.25%, 14, 0, 26, 79.15
1734827013, 92, 12, 92, 0, 0, 0.25%, 14, 0, 26, 73.61
1734827034, 92, 78, 92, 0, 0, 0.25%, 14, 0, 26, 70.95
1734827059, 93, 63, 92, 0, 0, 0.25%, 14, 0, 26, 72.58
1734827095, 97, 20, 92, 0, 0, 0.25%, 14, 0, 26, 57.20
1734827100, 98, 54, 92, 0, 0, 0.25%, 14, 0, 26, 67.46
1734827120, 99, 37, 92, 0, 0, 0.25%, 14, 0, 26, 70.66
1734827156, 100, 81, 92, 0, 0, 0.25%, 14, 0, 26, 89.39
1734827360, 101, 29, 92, 0, 0, 0.25%, 14, 0, 26, 78.54
