# unix_time, cycles_done, cur_path, paths_total, pending_total, pending_favs, map_size, unique_crashes, unique_hangs, max_depth, execs_per_sec
1734863529, 0, 0, 10, 10, 1, 0.01%, 0, 0, 1, 36.05
1734863535, 0, 2, 10, 10, 1, 0.01%, 0, 0, 1, 36.94
1734863550, 1, 0, 10, 2, 0, 0.01%, 0, 0, 1, 49.53
1734863555, 1, 1, 10, 1, 0, 0.01%, 0, 0, 1, 46.91
1734863560, 1, 2, 10, 0, 0, 0.01%, 0, 0, 1, 48.47
1734863565, 1, 3, 10, 0, 0, 0.01%, 0, 0, 1, 46.77
1734863570, 1, 4, 10, 0, 0, 0.01%, 0, 0, 1, 48.11
1734863580, 1, 5, 10, 0, 0, 0.01%, 0, 0, 1, 43.45
1734863585, 1, 6, 10, 0, 0, 0.01%, 0, 0, 1, 45.30
1734863590, 1, 7, 10, 0, 0, 0.01%, 0, 0, 1, 43.18
1734863595, 1, 8, 10, 0, 0, 0.01%, 0, 0, 1, 44.08
1734863601, 1, 9, 10, 0, 0, 0.01%, 0, 0, 1, 44.19
1734863606, 2, 0, 10, 0, 0, 0.01%, 0, 0, 1, 46.52
1734863611, 2, 1, 10, 0, 0, 0.01%, 0, 0, 1, 44.75
1734863616, 2, 2, 10, 0, 0, 0.01%, 0, 0, 1, 46.60
1734863626, 2, 3, 10, 0, 0, 0.01%, 0, 0, 1, 44.96
1734863631, 2, 4, 10, 0, 0, 0.01%, 0, 0, 1, 44.34
1734863636, 2, 5, 10, 0, 0, 0.01%, 0, 0, 1, 46.11
1734863641, 2, 6, 10, 0, 0, 0.01%, 0, 0, 1, 46.98
1734863646, 2, 7, 10, 0, 0, 0.01%, 0, 0, 1, 45.21
1734863651, 2, 8, 10, 0, 0, 0.01%, 0, 0, 1, 45.60
1734863656, 2, 9, 10, 0, 0, 0.01%, 0, 0, 1, 43.93
1734863661, 3, 0, 10, 0, 0, 0.01%, 0, 0, 1, 44.64
1734863671, 3, 1, 10, 0, 0, 0.01%, 0, 0, 1, 45.54
1734863677, 3, 2, 10, 0, 0, 0.01%, 0, 0, 1, 41.45
1734863682, 3, 3, 10, 0, 0, 0.01%, 0, 0, 1, 43.83
1734863687, 3, 4, 10, 0, 0, 0.01%, 0, 0, 1, 46.28
1734863692, 3, 5, 10, 0, 0, 0.01%, 0, 0, 1, 46.01
1734863697, 3, 6, 10, 0, 0, 0.01%, 0, 0, 1, 43.96
1734863702, 3, 7, 10, 0, 0, 0.01%, 0, 0, 1, 44.85
1734863707, 3, 8, 10, 0, 0, 0.01%, 0, 0, 1, 45.36
1734863712, 3, 9, 10, 0, 0, 0.01%, 0, 0, 1, 45.62
1734863722, 4, 0, 10, 0, 0, 0.01%, 0, 0, 1, 46.97
1734863727, 4, 1, 10, 0, 0, 0.01%, 0, 0, 1, 45.77
1734863732, 4, 2, 10, 0, 0, 0.01%, 0, 0, 1, 45.31
1734863737, 4, 3, 10, 0, 0, 0.01%, 0, 0, 1, 47.46
1734863742, 4, 4, 10, 0, 0, 0.01%, 0, 0, 1, 45.29
1734863748, 4, 5, 10, 0, 0, 0.01%, 0, 0, 1, 44.53
1734863753, 4, 6, 10, 0, 0, 0.01%, 0, 0, 1, 45.11
1734863758, 4, 7, 10, 0, 0, 0.01%, 0, 0, 1, 46.78
1734863763, 4, 8, 10, 0, 0, 0.01%, 0, 0, 1, 44.84
1734863768, 4, 9, 10, 0, 0, 0.01%, 0, 0, 1, 47.25
1734863778, 5, 0, 10, 0, 0, 0.01%, 0, 0, 1, 44.74
1734863783, 5, 1, 10, 0, 0, 0.01%, 0, 0, 1, 46.16
1734863788, 5, 2, 10, 0, 0, 0.01%, 0, 0, 1, 43.95
1734863793, 5, 3, 10, 0, 0, 0.01%, 0, 0, 1, 43.14
1734863798, 5, 4, 10, 0, 0, 0.01%, 0, 0, 1, 45.14
1734863803, 5, 5, 10, 0, 0, 0.01%, 0, 0, 1, 45.26
1734863808, 5, 6, 10, 0, 0, 0.01%, 0, 0, 1, 44.22
1734863813, 5, 7, 10, 0, 0, 0.01%, 0, 0, 1, 44.88
1734863824, 5, 8, 10, 0, 0, 0.01%, 0, 0, 1, 43.92
1734863829, 5, 9, 10, 0, 0, 0.01%, 0, 0, 1, 45.85
1734863834, 6, 0, 10, 0, 0, 0.01%, 0, 0, 1, 43.83
1734863839, 6, 1, 10, 0, 0, 0.01%, 0, 0, 1, 45.01
1734863844, 6, 2, 10, 0, 0, 0.01%, 0, 0, 1, 47.79
1734863849, 6, 3, 10, 0, 0, 0.01%, 0, 0, 1, 45.08
1734863854, 6, 4, 10, 0, 0, 0.01%, 0, 0, 1, 44.40
1734863859, 6, 5, 10, 0, 0, 0.01%, 0, 0, 1, 47.38
1734863864, 6, 6, 10, 0, 0, 0.01%, 0, 0, 1, 45.55
1734863869, 6, 7, 10, 0, 0, 0.01%, 0, 0, 1, 46.52
1734863880, 6, 8, 10, 0, 0, 0.01%, 0, 0, 1, 45.77
1734863885, 6, 9, 10, 0, 0, 0.01%, 0, 0, 1, 44.71
1734863890, 7, 0, 10, 0, 0, 0.01%, 0, 0, 1, 45.76
1734863895, 7, 1, 10, 0, 0, 0.01%, 0, 0, 1, 44.32
1734863900, 7, 2, 10, 0, 0, 0.01%, 0, 0, 1, 45.10
1734863905, 7, 3, 10, 0, 0, 0.01%, 0, 0, 1, 43.83
1734863910, 7, 4, 10, 0, 0, 0.01%, 0, 0, 1, 44.14
1734863915, 7, 5, 10, 0, 0, 0.01%, 0, 0, 1, 46.37
1734863925, 7, 6, 10, 0, 0, 0.01%, 0, 0, 1, 49.19
1734863930, 7, 7, 10, 0, 0, 0.01%, 0, 0, 1, 44.24
1734863935, 7, 8, 10, 0, 0, 0.01%, 0, 0, 1, 48.13
1734863940, 7, 9, 10, 0, 0, 0.01%, 0, 0, 1, 44.48
1734863946, 8, 0, 10, 0, 0, 0.01%, 0, 0, 1, 45.81
1734863951, 8, 1, 10, 0, 0, 0.01%, 0, 0, 1, 45.32
1734863956, 8, 2, 10, 0, 0, 0.01%, 0, 0, 1, 48.00
1734863961, 8, 3, 10, 0, 0, 0.01%, 0, 0, 1, 44.35
1734863966, 8, 4, 10, 0, 0, 0.01%, 0, 0, 1, 47.42
1734863971, 8, 5, 10, 0, 0, 0.01%, 0, 0, 1, 46.94
1734863981, 8, 6, 10, 0, 0, 0.01%, 0, 0, 1, 45.94
1734863986, 8, 7, 10, 0, 0, 0.01%, 0, 0, 1, 46.97
1734863991, 8, 8, 10, 0, 0, 0.01%, 0, 0, 1, 43.48
1734863996, 8, 9, 10, 0, 0, 0.01%, 0, 0, 1, 47.20
1734864001, 9, 0, 10, 0, 0, 0.01%, 0, 0, 1, 44.94
1734864006, 9, 1, 10, 0, 0, 0.01%, 0, 0, 1, 44.54
1734864011, 9, 2, 10, 0, 0, 0.01%, 0, 0, 1, 44.79
1734864016, 9, 3, 10, 0, 0, 0.01%, 0, 0, 1, 44.46
1734864022, 9, 4, 10, 0, 0, 0.01%, 0, 0, 1, 44.87
1734864032, 9, 5, 10, 0, 0, 0.01%, 0, 0, 1, 45.13
1734864037, 9, 6, 10, 0, 0, 0.01%, 0, 0, 1, 45.73
1734864042, 9, 7, 10, 0, 0, 0.01%, 0, 0, 1, 45.06
1734864047, 9, 8, 10, 0, 0, 0.01%, 0, 0, 1, 45.35
1734864052, 9, 9, 10, 0, 0, 0.01%, 0, 0, 1, 43.20
1734864057, 10, 0, 10, 0, 0, 0.01%, 0, 0, 1, 43.66
1734864062, 10, 1, 10, 0, 0, 0.01%, 0, 0, 1, 45.59
1734864067, 10, 2, 10, 0, 0, 0.01%, 0, 0, 1, 46.22
1734864072, 10, 3, 10, 0, 0, 0.01%, 0, 0, 1, 45.48
1734864083, 10, 4, 10, 0, 0, 0.01%, 0, 0, 1, 44.71
1734864088, 10, 5, 10, 0, 0, 0.01%, 0, 0, 1, 47.46
1734864093, 10, 6, 10, 0, 0, 0.01%, 0, 0, 1, 46.22
1734864098, 10, 7, 10, 0, 0, 0.01%, 0, 0, 1, 46.25
1734864103, 10, 8, 10, 0, 0, 0.01%, 0, 0, 1, 45.00
1734864108, 10, 9, 10, 0, 0, 0.01%, 0, 0, 1, 46.62
1734864113, 11, 0, 10, 0, 0, 0.01%, 0, 0, 1, 45.41
1734864118, 11, 1, 10, 0, 0, 0.01%, 0, 0, 1, 48.18
1734864123, 11, 2, 10, 0, 0, 0.01%, 0, 0, 1, 45.33
1734864128, 11, 3, 10, 0, 0, 0.01%, 0, 0, 1, 46.47
1734864133, 11, 4, 10, 0, 0, 0.01%, 0, 0, 1, 46.17
1734864144, 11, 5, 10, 0, 0, 0.01%, 0, 0, 1, 49.42
1734864149, 11, 6, 10, 0, 0, 0.01%, 0, 0, 1, 46.28
1734864154, 11, 7, 10, 0, 0, 0.01%, 0, 0, 1, 46.18
1734864159, 11, 8, 10, 0, 0, 0.01%, 0, 0, 1, 48.14
1734864164, 11, 9, 10, 0, 0, 0.01%, 0, 0, 1, 47.11
1734864169, 12, 0, 10, 0, 0, 0.01%, 0, 0, 1, 49.78
1734864174, 12, 1, 10, 0, 0, 0.01%, 0, 0, 1, 46.23
1734864179, 12, 2, 10, 0, 0, 0.01%, 0, 0, 1, 47.73
1734864184, 12, 3, 10, 0, 0, 0.01%, 0, 0, 1, 46.84
1734864189, 12, 4, 10, 0, 0, 0.01%, 0, 0, 1, 46.73
1734864194, 12, 5, 10, 0, 0, 0.01%, 0, 0, 1, 45.98
1734864200, 12, 6, 10, 0, 0, 0.01%, 0, 0, 1, 48.85
1734864205, 12, 7, 10, 0, 0, 0.01%, 0, 0, 1, 46.23
1734864210, 12, 8, 10, 0, 0, 0.01%, 0, 0, 1, 47.17
1734864215, 12, 9, 10, 0, 0, 0.01%, 0, 0, 1, 47.12
1734864220, 13, 0, 10, 0, 0, 0.01%, 0, 0, 1, 49.34
1734864230, 13, 1, 10, 0, 0, 0.01%, 0, 0, 1, 47.72
1734864235, 13, 2, 10, 0, 0, 0.01%, 0, 0, 1, 45.88
1734864240, 13, 3, 10, 0, 0, 0.01%, 0, 0, 1, 50.69
1734864245, 13, 4, 10, 0, 0, 0.01%, 0, 0, 1, 45.14
1734864250, 13, 5, 10, 0, 0, 0.01%, 0, 0, 1, 50.00
1734864255, 13, 6, 10, 0, 0, 0.01%, 0, 0, 1, 50.14
1734864260, 13, 7, 10, 0, 0, 0.01%, 0, 0, 1, 47.31
1734864265, 13, 8, 10, 0, 0, 0.01%, 0, 0, 1, 49.00
1734864271, 13, 9, 10, 0, 0, 0.01%, 0, 0, 1, 49.47
1734864276, 14, 0, 10, 0, 0, 0.01%, 0, 0, 1, 46.38
1734864281, 14, 1, 10, 0, 0, 0.01%, 0, 0, 1, 48.17
1734864286, 14, 2, 10, 0, 0, 0.01%, 0, 0, 1, 48.32
1734864291, 14, 3, 10, 0, 0, 0.01%, 0, 0, 1, 46.61
1734864296, 14, 4, 10, 0, 0, 0.01%, 0, 0, 1, 46.33
1734864301, 14, 5, 10, 0, 0, 0.01%, 0, 0, 1, 46.25
1734864311, 14, 6, 10, 0, 0, 0.01%, 0, 0, 1, 46.54
1734864316, 14, 7, 10, 0, 0, 0.01%, 0, 0, 1, 46.32
1734864321, 14, 8, 10, 0, 0, 0.01%, 0, 0, 1, 47.97
1734864326, 14, 9, 10, 0, 0, 0.01%, 0, 0, 1, 44.16
1734864332, 15, 0, 10, 0, 0, 0.01%, 0, 0, 1, 46.69
1734864337, 15, 1, 10, 0, 0, 0.01%, 0, 0, 1, 47.26
1734864342, 15, 2, 10, 0, 0, 0.01%, 0, 0, 1, 49.29
1734864347, 15, 3, 10, 0, 0, 0.01%, 0, 0, 1, 43.57
1734864367, 15, 4, 10, 0, 0, 0.01%, 0, 0, 1, 44.58
1734864388, 15, 5, 10, 0, 0, 0.01%, 0, 0, 1, 43.82
1734864408, 15, 6, 10, 0, 0, 0.01%, 0, 0, 1, 43.48
1734864428, 15, 7, 10, 0, 0, 0.01%, 0, 0, 1, 42.58
1734864449, 15, 8, 10, 0, 0, 0.01%, 0, 0, 1, 42.20
1734864469, 15, 9, 10, 0, 0, 0.01%, 0, 0, 1, 43.87
1734864489, 16, 0, 10, 0, 0, 0.01%, 0, 0, 1, 41.46
1734864510, 16, 1, 10, 0, 0, 0.01%, 0, 0, 1, 47.52
1734864515, 16, 2, 10, 0, 0, 0.01%, 0, 0, 1, 46.11
1734864520, 16, 3, 10, 0, 0, 0.01%, 0, 0, 1, 49.22
1734864525, 16, 4, 10, 0, 0, 0.01%, 0, 0, 1, 49.25
1734864530, 16, 5, 10, 0, 0, 0.01%, 0, 0, 1, 51.32
1734864535, 16, 6, 10, 0, 0, 0.01%, 0, 0, 1, 48.45
1734864540, 16, 7, 10, 0, 0, 0.01%, 0, 0, 1, 50.27
1734864551, 16, 8, 10, 0, 0, 0.01%, 0, 0, 1, 47.50
1734864556, 16, 9, 10, 0, 0, 0.01%, 0, 0, 1, 49.72
1734864561, 17, 0, 10, 0, 0, 0.01%, 0, 0, 1, 47.31
1734864566, 17, 1, 10, 0, 0, 0.01%, 0, 0, 1, 45.32
1734864571, 17, 2, 10, 0, 0, 0.01%, 0, 0, 1, 47.56
1734864576, 17, 3, 10, 0, 0, 0.01%, 0, 0, 1, 50.93
1734864581, 17, 4, 10, 0, 0, 0.01%, 0, 0, 1, 47.36
1734864586, 17, 5, 10, 0, 0, 0.01%, 0, 0, 1, 47.21
1734864591, 17, 6, 10, 0, 0, 0.01%, 0, 0, 1, 47.24
1734864596, 17, 7, 10, 0, 0, 0.01%, 0, 0, 1, 47.07
1734864601, 17, 8, 10, 0, 0, 0.01%, 0, 0, 1, 48.25
1734864606, 17, 9, 10, 0, 0, 0.01%, 0, 0, 1, 44.52
1734864611, 18, 0, 10, 0, 0, 0.01%, 0, 0, 1, 51.11
1734864616, 18, 1, 10, 0, 0, 0.01%, 0, 0, 1, 46.11
1734864621, 18, 2, 10, 0, 0, 0.01%, 0, 0, 1, 45.77
1734864632, 18, 3, 10, 0, 0, 0.01%, 0, 0, 1, 46.08
1734864637, 18, 4, 10, 0, 0, 0.01%, 0, 0, 1, 46.80
1734864642, 18, 5, 10, 0, 0, 0.01%, 0, 0, 1, 47.75
1734864647, 18, 6, 10, 0, 0, 0.01%, 0, 0, 1, 47.69
1734864652, 18, 7, 10, 0, 0, 0.01%, 0, 0, 1, 46.26
1734864657, 18, 8, 10, 0, 0, 0.01%, 0, 0, 1, 46.25
1734864662, 18, 9, 10, 0, 0, 0.01%, 0, 0, 1, 50.09
1734864667, 19, 0, 10, 0, 0, 0.01%, 0, 0, 1, 48.23
1734864672, 19, 1, 10, 0, 0, 0.01%, 0, 0, 1, 47.49
1734864677, 19, 2, 10, 0, 0, 0.01%, 0, 0, 1, 46.09
1734864682, 19, 3, 10, 0, 0, 0.01%, 0, 0, 1, 47.08
1734864687, 19, 4, 10, 0, 0, 0.01%, 0, 0, 1, 45.36
1734864692, 19, 5, 10, 0, 0, 0.01%, 0, 0, 1, 45.31
1734864703, 19, 6, 10, 0, 0, 0.01%, 0, 0, 1, 48.83
1734864708, 19, 7, 10, 0, 0, 0.01%, 0, 0, 1, 47.26
1734864713, 19, 8, 10, 0, 0, 0.01%, 0, 0, 1, 46.85
1734864718, 19, 9, 10, 0, 0, 0.01%, 0, 0, 1, 47.32
1734864723, 20, 0, 10, 0, 0, 0.01%, 0, 0, 1, 48.02
1734864728, 20, 1, 10, 0, 0, 0.01%, 0, 0, 1, 46.73
1734864733, 20, 2, 10, 0, 0, 0.01%, 0, 0, 1, 45.18
1734864738, 20, 3, 10, 0, 0, 0.01%, 0, 0, 1, 47.56
1734864743, 20, 4, 10, 0, 0, 0.01%, 0, 0, 1, 50.58
1734864748, 20, 5, 10, 0, 0, 0.01%, 0, 0, 1, 49.81
1734864753, 20, 6, 10, 0, 0, 0.01%, 0, 0, 1, 49.68
1734864758, 20, 7, 10, 0, 0, 0.01%, 0, 0, 1, 48.36
1734864764, 20, 8, 10, 0, 0, 0.01%, 0, 0, 1, 44.87
1734864769, 20, 9, 10, 0, 0, 0.01%, 0, 0, 1, 47.82
1734864774, 21, 0, 10, 0, 0, 0.01%, 0, 0, 1, 46.71
1734864779, 21, 1, 10, 0, 0, 0.01%, 0, 0, 1, 45.36
1734864784, 21, 2, 10, 0, 0, 0.01%, 0, 0, 1, 47.89
1734864794, 21, 3, 10, 0, 0, 0.01%, 0, 0, 1, 46.33
1734864799, 21, 4, 10, 0, 0, 0.01%, 0, 0, 1, 48.26
1734864804, 21, 5, 10, 0, 0, 0.01%, 0, 0, 1, 45.71
1734864809, 21, 6, 10, 0, 0, 0.01%, 0, 0, 1, 46.34
1734864814, 21, 7, 10, 0, 0, 0.01%, 0, 0, 1, 47.71
1734864819, 21, 8, 10, 0, 0, 0.01%, 0, 0, 1, 45.39
1734864824, 21, 9, 10, 0, 0, 0.01%, 0, 0, 1, 44.76
1734864830, 22, 0, 10, 0, 0, 0.01%, 0, 0, 1, 46.02
1734864835, 22, 1, 10, 0, 0, 0.01%, 0, 0, 1, 48.40
1734864840, 22, 2, 10, 0, 0, 0.01%, 0, 0, 1, 48.15
1734864845, 22, 3, 10, 0, 0, 0.01%, 0, 0, 1, 46.89
1734864850, 22, 4, 10, 0, 0, 0.01%, 0, 0, 1, 49.85
1734864855, 22, 5, 10, 0, 0, 0.01%, 0, 0, 1, 47.53
1734864865, 22, 6, 10, 0, 0, 0.01%, 0, 0, 1, 46.09
1734864870, 22, 7, 10, 0, 0, 0.01%, 0, 0, 1, 47.24
1734864875, 22, 8, 10, 0, 0, 0.01%, 0, 0, 1, 51.16
1734864880, 22, 9, 10, 0, 0, 0.01%, 0, 0, 1, 49.50
1734864885, 23, 0, 10, 0, 0, 0.01%, 0, 0, 1, 48.12
1734864891, 23, 1, 10, 0, 0, 0.01%, 0, 0, 1, 48.44
1734864896, 23, 2, 10, 0, 0, 0.01%, 0, 0, 1, 45.11
1734864901, 23, 3, 10, 0, 0, 0.01%, 0, 0, 1, 48.07
1734864906, 23, 4, 10, 0, 0, 0.01%, 0, 0, 1, 46.17
1734864911, 23, 5, 10, 0, 0, 0.01%, 0, 0, 1, 48.03
1734864916, 23, 6, 10, 0, 0, 0.01%, 0, 0, 1, 46.28
1734864921, 23, 7, 10, 0, 0, 0.01%, 0, 0, 1, 46.79
1734864926, 23, 8, 10, 0, 0, 0.01%, 0, 0, 1, 48.66
1734864931, 23, 9, 10, 0, 0, 0.01%, 0, 0, 1, 46.83
1734864936, 24, 0, 10, 0, 0, 0.01%, 0, 0, 1, 47.09
1734864941, 24, 1, 10, 0, 0, 0.01%, 0, 0, 1, 48.45
1734864947, 24, 2, 10, 0, 0, 0.01%, 0, 0, 1, 49.24
1734864957, 24, 3, 10, 0, 0, 0.01%, 0, 0, 1, 48.21
1734864962, 24, 4, 10, 0, 0, 0.01%, 0, 0, 1, 47.21
1734864967, 24, 5, 10, 0, 0, 0.01%, 0, 0, 1, 46.76
1734864972, 24, 6, 10, 0, 0, 0.01%, 0, 0, 1, 46.85
1734864977, 24, 7, 10, 0, 0, 0.01%, 0, 0, 1, 48.91
1734864982, 24, 8, 10, 0, 0, 0.01%, 0, 0, 1, 47.62
1734864987, 24, 9, 10, 0, 0, 0.01%, 0, 0, 1, 47.70
1734864992, 25, 0, 10, 0, 0, 0.01%, 0, 0, 1, 46.84
1734864998, 25, 1, 10, 0, 0, 0.01%, 0, 0, 1, 45.82
1734865003, 25, 2, 10, 0, 0, 0.01%, 0, 0, 1, 46.98
1734865008, 25, 3, 10, 0, 0, 0.01%, 0, 0, 1, 47.16
1734865013, 25, 4, 10, 0, 0, 0.01%, 0, 0, 1, 48.51
1734865018, 25, 5, 10, 0, 0, 0.01%, 0, 0, 1, 48.06
1734865023, 25, 6, 10, 0, 0, 0.01%, 0, 0, 1, 49.85
1734865028, 25, 7, 10, 0, 0, 0.01%, 0, 0, 1, 45.93
1734865033, 25, 8, 10, 0, 0, 0.01%, 0, 0, 1, 45.96
1734865043, 25, 9, 10, 0, 0, 0.01%, 0, 0, 1, 45.12
1734865048, 26, 0, 10, 0, 0, 0.01%, 0, 0, 1, 48.57
1734865053, 26, 1, 10, 0, 0, 0.01%, 0, 0, 1, 49.42
1734865058, 26, 2, 10, 0, 0, 0.01%, 0, 0, 1, 48.24
1734865064, 26, 3, 10, 0, 0, 0.01%, 0, 0, 1, 46.50
1734865069, 26, 4, 10, 0, 0, 0.01%, 0, 0, 1, 48.17
1734865074, 26, 5, 10, 0, 0, 0.01%, 0, 0, 1, 48.19
1734865079, 26, 6, 10, 0, 0, 0.01%, 0, 0, 1, 45.56
1734865084, 26, 7, 10, 0, 0, 0.01%, 0, 0, 1, 46.30
1734865089, 26, 8, 10, 0, 0, 0.01%, 0, 0, 1, 46.31
1734865094, 26, 9, 10, 0, 0, 0.01%, 0, 0, 1, 47.12
1734865099, 27, 0, 10, 0, 0, 0.01%, 0, 0, 1, 46.71
1734865104, 27, 1, 10, 0, 0, 0.01%, 0, 0, 1, 50.55
1734865109, 27, 2, 10, 0, 0, 0.01%, 0, 0, 1, 48.39
1734865114, 27, 3, 10, 0, 0, 0.01%, 0, 0, 1, 49.12
1734865119, 27, 4, 10, 0, 0, 0.01%, 0, 0, 1, 48.48
1734865124, 27, 5, 10, 0, 0, 0.01%, 0, 0, 1, 45.23
1734865134, 27, 6, 10, 0, 0, 0.01%, 0, 0, 1, 47.69
1734865139, 27, 7, 10, 0, 0, 0.01%, 0, 0, 1, 47.76
1734865144, 27, 8, 10, 0, 0, 0.01%, 0, 0, 1, 48.15
1734865149, 27, 9, 10, 0, 0, 0.01%, 0, 0, 1, 47.84
1734865155, 28, 0, 10, 0, 0, 0.01%, 0, 0, 1, 45.41
1734865160, 28, 1, 10, 0, 0, 0.01%, 0, 0, 1, 48.51
1734865165, 28, 2, 10, 0, 0, 0.01%, 0, 0, 1, 47.99
1734865170, 28, 3, 10, 0, 0, 0.01%, 0, 0, 1, 47.25
1734865175, 28, 4, 10, 0, 0, 0.01%, 0, 0, 1, 47.04
1734865180, 28, 5, 10, 0, 0, 0.01%, 0, 0, 1, 46.85
1734865185, 28, 6, 10, 0, 0, 0.01%, 0, 0, 1, 45.99
1734865190, 28, 7, 10, 0, 0, 0.01%, 0, 0, 1, 47.46
1734865195, 28, 8, 10, 0, 0, 0.01%, 0, 0, 1, 46.75
1734865201, 28, 9, 10, 0, 0, 0.01%, 0, 0, 1, 47.05
1734865206, 29, 0, 10, 0, 0, 0.01%, 0, 0, 1, 47.99
1734865216, 29, 1, 10, 0, 0, 0.01%, 0, 0, 1, 46.63
1734865221, 29, 2, 10, 0, 0, 0.01%, 0, 0, 1, 46.54
1734865226, 29, 3, 10, 0, 0, 0.01%, 0, 0, 1, 47.07
1734865231, 29, 4, 10, 0, 0, 0.01%, 0, 0, 1, 46.56
1734865236, 29, 5, 10, 0, 0, 0.01%, 0, 0, 1, 48.87
1734865241, 29, 6, 10, 0, 0, 0.01%, 0, 0, 1, 47.22
1734865246, 29, 7, 10, 0, 0, 0.01%, 0, 0, 1, 49.00
1734865251, 29, 8, 10, 0, 0, 0.01%, 0, 0, 1, 46.53
1734865257, 29, 9, 10, 0, 0, 0.01%, 0, 0, 1, 44.89
1734865262, 30, 0, 10, 0, 0, 0.01%, 0, 0, 1, 46.46
1734865267, 30, 1, 10, 0, 0, 0.01%, 0, 0, 1, 48.20
1734865272, 30, 2, 10, 0, 0, 0.01%, 0, 0, 1, 45.87
1734865277, 30, 3, 10, 0, 0, 0.01%, 0, 0, 1, 47.06
1734865282, 30, 4, 10, 0, 0, 0.01%, 0, 0, 1, 47.18
1734865292, 30, 5, 10, 0, 0, 0.01%, 0, 0, 1, 49.70
1734865297, 30, 6, 10, 0, 0, 0.01%, 0, 0, 1, 48.14
1734865302, 30, 7, 10, 0, 0, 0.01%, 0, 0, 1, 48.24
1734865307, 30, 8, 10, 0, 0, 0.01%, 0, 0, 1, 46.90
1734865312, 30, 9, 10, 0, 0, 0.01%, 0, 0, 1, 46.43
1734865317, 31, 0, 10, 0, 0, 0.01%, 0, 0, 1, 49.17
1734865323, 31, 1, 10, 0, 0, 0.01%, 0, 0, 1, 48.39
1734865328, 31, 2, 10, 0, 0, 0.01%, 0, 0, 1, 46.77
1734865333, 31, 3, 10, 0, 0, 0.01%, 0, 0, 1, 48.53
1734865338, 31, 4, 10, 0, 0, 0.01%, 0, 0, 1, 48.16
1734865343, 31, 5, 10, 0, 0, 0.01%, 0, 0, 1, 48.96
1734865348, 31, 6, 10, 0, 0, 0.01%, 0, 0, 1, 48.96
1734865353, 31, 7, 10, 0, 0, 0.01%, 0, 0, 1, 48.95
1734865358, 31, 8, 10, 0, 0, 0.01%, 0, 0, 1, 44.73
1734865363, 31, 9, 10, 0, 0, 0.01%, 0, 0, 1, 45.45
1734865368, 32, 0, 10, 0, 0, 0.01%, 0, 0, 1, 45.86
1734865378, 32, 1, 10, 0, 0, 0.01%, 0, 0, 1, 46.48
1734865383, 32, 2, 10, 0, 0, 0.01%, 0, 0, 1, 46.48
1734865389, 32, 3, 10, 0, 0, 0.01%, 0, 0, 1, 45.68
1734865394, 32, 4, 10, 0, 0, 0.01%, 0, 0, 1, 42.88
1734865399, 32, 5, 10, 0, 0, 0.01%, 0, 0, 1, 47.95
1734865404, 32, 6, 10, 0, 0, 0.01%, 0, 0, 1, 48.01
1734865409, 32, 7, 10, 0, 0, 0.01%, 0, 0, 1, 48.52
1734865414, 32, 8, 10, 0, 0, 0.01%, 0, 0, 1, 49.66
1734865419, 32, 9, 10, 0, 0, 0.01%, 0, 0, 1, 46.24
1734865424, 33, 0, 10, 0, 0, 0.01%, 0, 0, 1, 47.47
1734865429, 33, 1, 10, 0, 0, 0.01%, 0, 0, 1, 48.91
1734865434, 33, 2, 10, 0, 0, 0.01%, 0, 0, 1, 48.50
1734865439, 33, 3, 10, 0, 0, 0.01%, 0, 0, 1, 47.42
1734865444, 33, 4, 10, 0, 0, 0.01%, 0, 0, 1, 48.58
1734865449, 33, 5, 10, 0, 0, 0.01%, 0, 0, 1, 49.20
1734865460, 33, 6, 10, 0, 0, 0.01%, 0, 0, 1, 47.97
1734865465, 33, 7, 10, 0, 0, 0.01%, 0, 0, 1, 46.76
1734865470, 33, 8, 10, 0, 0, 0.01%, 0, 0, 1, 49.38
1734865475, 33, 9, 10, 0, 0, 0.01%, 0, 0, 1, 48.30
1734865480, 34, 0, 10, 0, 0, 0.01%, 0, 0, 1, 46.63
1734865485, 34, 1, 10, 0, 0, 0.01%, 0, 0, 1, 47.62
1734865490, 34, 2, 10, 0, 0, 0.01%, 0, 0, 1, 45.70
1734865495, 34, 3, 10, 0, 0, 0.01%, 0, 0, 1, 48.10
1734865500, 34, 4, 10, 0, 0, 0.01%, 0, 0, 1, 49.14
1734865505, 34, 5, 10, 0, 0, 0.01%, 0, 0, 1, 46.66
1734865510, 34, 6, 10, 0, 0, 0.01%, 0, 0, 1, 46.66
1734865515, 34, 7, 10, 0, 0, 0.01%, 0, 0, 1, 50.36
1734865520, 34, 8, 10, 0, 0, 0.01%, 0, 0, 1, 45.57
1734865525, 34, 9, 10, 0, 0, 0.01%, 0, 0, 1, 46.75
1734865535, 35, 0, 10, 0, 0, 0.01%, 0, 0, 1, 45.41
1734865541, 35, 1, 10, 0, 0, 0.01%, 0, 0, 1, 48.75
1734865546, 35, 2, 10, 0, 0, 0.01%, 0, 0, 1, 45.45
1734865551, 35, 3, 10, 0, 0, 0.01%, 0, 0, 1, 47.95
1734865556, 35, 4, 10, 0, 0, 0.01%, 0, 0, 1, 47.45
1734865561, 35, 5, 10, 0, 0, 0.01%, 0, 0, 1, 47.64
1734865566, 35, 6, 10, 0, 0, 0.01%, 0, 0, 1, 47.89
1734865571, 35, 7, 10, 0, 0, 0.01%, 0, 0, 1, 49.12
1734865576, 35, 8, 10, 0, 0, 0.01%, 0, 0, 1, 47.89
1734865581, 35, 9, 10, 0, 0, 0.01%, 0, 0, 1, 50.55
1734865586, 36, 0, 10, 0, 0, 0.01%, 0, 0, 1, 49.87
1734865592, 36, 1, 10, 0, 0, 0.01%, 0, 0, 1, 47.67
1734865597, 36, 2, 10, 0, 0, 0.01%, 0, 0, 1, 49.17
1734865602, 36, 3, 10, 0, 0, 0.01%, 0, 0, 1, 47.83
1734865607, 36, 4, 10, 0, 0, 0.01%, 0, 0, 1, 45.52
1734865612, 36, 5, 10, 0, 0, 0.01%, 0, 0, 1, 47.22
1734865617, 36, 6, 10, 0, 0, 0.01%, 0, 0, 1, 48.91
1734865622, 36, 7, 10, 0, 0, 0.01%, 0, 0, 1, 46.71
1734865627, 36, 8, 10, 0, 0, 0.01%, 0, 0, 1, 46.33
1734865632, 36, 9, 10, 0, 0, 0.01%, 0, 0, 1, 48.77
1734865642, 37, 0, 10, 0, 0, 0.01%, 0, 0, 1, 47.47
1734865647, 37, 1, 10, 0, 0, 0.01%, 0, 0, 1, 47.36
1734865652, 37, 2, 10, 0, 0, 0.01%, 0, 0, 1, 49.45
1734865657, 37, 3, 10, 0, 0, 0.01%, 0, 0, 1, 46.03
1734865662, 37, 4, 10, 0, 0, 0.01%, 0, 0, 1, 47.74
1734865668, 37, 5, 10, 0, 0, 0.01%, 0, 0, 1, 47.55
1734865673, 37, 6, 10, 0, 0, 0.01%, 0, 0, 1, 47.95
1734865678, 37, 7, 10, 0, 0, 0.01%, 0, 0, 1, 47.04
1734865683, 37, 8, 10, 0, 0, 0.01%, 0, 0, 1, 45.41
1734865688, 37, 9, 10, 0, 0, 0.01%, 0, 0, 1, 45.44
1734865693, 38, 0, 10, 0, 0, 0.01%, 0, 0, 1, 45.37
1734865698, 38, 1, 10, 0, 0, 0.01%, 0, 0, 1, 50.18
1734865703, 38, 2, 10, 0, 0, 0.01%, 0, 0, 1, 48.40
1734865708, 38, 3, 10, 0, 0, 0.01%, 0, 0, 1, 45.40
1734865718, 38, 4, 10, 0, 0, 0.01%, 0, 0, 1, 48.39
1734865723, 38, 5, 10, 0, 0, 0.01%, 0, 0, 1, 47.53
1734865728, 38, 6, 10, 0, 0, 0.01%, 0, 0, 1, 46.42
1734865733, 38, 7, 10, 0, 0, 0.01%, 0, 0, 1, 47.67
1734865739, 38, 8, 10, 0, 0, 0.01%, 0, 0, 1, 46.14
1734865744, 38, 9, 10, 0, 0, 0.01%, 0, 0, 1, 48.74
1734865749, 39, 0, 10, 0, 0, 0.01%, 0, 0, 1, 46.64
1734865754, 39, 1, 10, 0, 0, 0.01%, 0, 0, 1, 44.55
1734865759, 39, 2, 10, 0, 0, 0.01%, 0, 0, 1, 47.02
1734865764, 39, 10, 11, 1, 1, 0.14%, 1, 0, 2, 48.39
1734865840, 44, 10, 11, 0, 0, 0.14%, 1, 0, 2, 48.56
1734865881, 45, 10, 11, 0, 0, 0.14%, 1, 0, 2, 50.23
1734865917, 46, 10, 11, 0, 0, 0.14%, 1, 0, 2, 48.87
1734865962, 47, 10, 11, 0, 0, 0.14%, 1, 0, 2, 47.22
1734866013, 48, 10, 11, 0, 0, 0.14%, 1, 0, 2, 48.05
1734866064, 49, 10, 11, 0, 0, 0.14%, 1, 0, 2, 51.72
1734866074, 49, 10, 12, 1, 0, 0.14%, 1, 0, 3, 49.83
1734866079, 49, 10, 12, 1, 0, 0.14%, 2, 0, 3, 50.61
1734866084, 49, 10, 13, 2, 0, 0.14%, 2, 0, 3, 52.44
1734866120, 49, 11, 14, 3, 1, 0.14%, 3, 0, 4, 69.23
1734866165, 49, 11, 15, 4, 1, 0.14%, 3, 0, 4, 51.15
1734866242, 49, 13, 15, 3, 2, 0.14%, 3, 0, 4, 66.73
1734866298, 49, 13, 16, 4, 2, 0.14%, 4, 0, 5, 48.77
1734866318, 49, 13, 17, 5, 2, 0.14%, 4, 0, 5, 49.57
1734866374, 49, 13, 18, 6, 2, 0.14%, 4, 0, 5, 50.56
1734866394, 49, 13, 20, 8, 2, 0.14%, 4, 0, 5, 58.30
1734866404, 49, 13, 23, 11, 2, 0.14%, 4, 0, 5, 64.67
1734866409, 49, 16, 24, 10, 2, 0.14%, 5, 0, 6, 69.74
1734866475, 49, 16, 25, 11, 2, 0.14%, 5, 0, 6, 51.89
1734866480, 49, 24, 25, 10, 1, 0.14%, 5, 0, 6, 64.63
1734866526, 49, 24, 26, 11, 1, 0.14%, 5, 0, 7, 58.98
1734866602, 49, 25, 26, 10, 1, 0.14%, 5, 0, 7, 74.10
1734866637, 49, 25, 27, 11, 1, 0.14%, 5, 0, 8, 61.59
1734866663, 49, 25, 28, 12, 1, 0.14%, 5, 0, 8, 60.71
1734866673, 49, 25, 29, 13, 1, 0.14%, 5, 0, 8, 61.01
1734866724, 49, 25, 31, 15, 1, 0.14%, 5, 0, 8, 57.38
1734866734, 49, 27, 31, 14, 2, 0.14%, 5, 0, 8, 82.94
1734866846, 49, 28, 31, 13, 1, 0.14%, 5, 0, 8, 81.25
1734866957, 49, 30, 31, 12, 0, 0.14%, 5, 0, 8, 51.83
1734867079, 51, 18, 31, 6, 0, 0.14%, 5, 0, 8, 64.73
1734867176, 52, 18, 31, 5, 0, 0.14%, 5, 0, 8, 62.24
1734867206, 52, 20, 31, 5, 0, 0.14%, 5, 0, 8, 64.29
1734867283, 53, 18, 31, 4, 0, 0.14%, 5, 0, 8, 61.44
1734867313, 53, 29, 31, 4, 0, 0.14%, 5, 0, 8, 81.80
1734867466, 54, 18, 31, 4, 0, 0.14%, 5, 0, 8, 56.89
1734867511, 55, 18, 31, 3, 0, 0.14%, 5, 0, 8, 60.93
1734867547, 56, 18, 31, 2, 0, 0.14%, 5, 0, 8, 60.74
1734867593, 57, 18, 31, 1, 0, 0.14%, 5, 0, 8, 58.92
1734867633, 57, 26, 31, 1, 0, 0.14%, 5, 0, 8, 44.24
1734867638, 58, 26, 31, 0, 0, 0.14%, 5, 0, 8, 72.82
1734867788, 58, 26, 33, 2, 0, 0.14%, 6, 0, 9, 109.67
1734868540, 58, 31, 33, 2, 2, 0.14%, 6, 0, 9, 46.61
1734868545, 65, 31, 33, 0, 0, 0.14%, 6, 0, 9, 70.24
1734868942, 65, 32, 33, 0, 0, 0.14%, 6, 0, 9, 82.54
1734869335, 68, 12, 33, 0, 0, 0.14%, 6, 0, 9, 75.31
1734869416, 68, 31, 33, 0, 0, 0.14%, 6, 0, 9, 60.44
1734869457, 68, 32, 33, 0, 0, 0.14%, 6, 0, 9, 56.47
1734869497, 69, 31, 33, 0, 0, 0.14%, 6, 0, 9, 52.72
1734869513, 69, 31, 34, 1, 0, 0.14%, 6, 0, 10, 59.24
1734869543, 70, 18, 34, 0, 0, 0.14%, 6, 0, 10, 61.54
1734869579, 70, 31, 34, 0, 0, 0.14%, 6, 0, 10, 56.10
1734869594, 70, 31, 35, 1, 0, 0.14%, 6, 0, 10, 57.19
1734869624, 70, 34, 35, 1, 1, 0.14%, 6, 0, 10, 82.80
1734869758, 70, 34, 36, 2, 1, 0.14%, 6, 0, 11, 70.73
1734869860, 70, 35, 36, 1, 1, 0.14%, 6, 0, 11, 69.17
1734869988, 78, 34, 36, 0, 0, 0.14%, 6, 0, 11, 73.63
1734869998, 78, 34, 37, 1, 0, 0.14%, 7, 0, 11, 79.85
1734870023, 78, 34, 38, 2, 0, 0.14%, 7, 0, 11, 59.20
1734870034, 78, 36, 38, 2, 2, 0.14%, 7, 0, 11, 54.87
1734870329, 78, 37, 38, 1, 1, 0.14%, 7, 0, 11, 55.15
1734870885, 79, 15, 38, 0, 0, 0.14%, 7, 0, 11, 113.53
1734871048, 79, 18, 38, 0, 0, 0.14%, 7, 0, 11, 70.02
1734871083, 79, 31, 38, 0, 0, 0.14%, 7, 0, 11, 71.65
1734871119, 80, 20, 38, 0, 0, 0.14%, 7, 0, 11, 64.14
1734871134, 85, 11, 38, 0, 0, 0.14%, 7, 0, 11, 60.48
1734871144, 86, 34, 38, 0, 0, 0.14%, 7, 0, 11, 76.37
1734871180, 87, 10, 38, 0, 0, 0.14%, 7, 0, 11, 56.19
1734871210, 87, 20, 38, 0, 0, 0.14%, 7, 0, 11, 64.72
1734871231, 87, 36, 38, 0, 0, 0.14%, 7, 0, 11, 77.21
1734871261, 88, 36, 38, 0, 0, 0.14%, 7, 0, 11, 75.30
1734871297, 89, 36, 38, 0, 0, 0.14%, 7, 0, 11, 77.89
1734871327, 90, 11, 38, 0, 0, 0.14%, 7, 0, 11, 65.59
1734871342, 90, 32, 38, 0, 0, 0.14%, 7, 0, 11, 60.29
1734871383, 90, 36, 38, 0, 0, 0.14%, 7, 0, 11, 72.84
1734871418, 90, 37, 38, 0, 0, 0.14%, 7, 0, 11, 81.55
1734871449, 91, 21, 38, 0, 0, 0.14%, 7, 0, 11, 66.24
1734871505, 91, 32, 38, 0, 0, 0.14%, 7, 0, 11, 67.83
1734871541, 91, 36, 38, 0, 0, 0.14%, 7, 0, 11, 65.37
1734871576, 91, 37, 38, 0, 0, 0.14%, 7, 0, 11, 72.69
1734871612, 92, 10, 38, 0, 0, 0.14%, 7, 0, 11, 55.87
1734871637, 92, 34, 38, 0, 0, 0.14%, 7, 0, 11, 75.79
1734871673, 92, 36, 38, 0, 0, 0.14%, 7, 0, 11, 84.26
1734871703, 92, 37, 38, 0, 0, 0.14%, 7, 0, 11, 77.28
1734871739, 93, 36, 38, 0, 0, 0.14%, 7, 0, 11, 69.39
1734871774, 93, 37, 38, 0, 0, 0.14%, 7, 0, 11, 74.20
1734871810, 95, 32, 38, 0, 0, 0.14%, 7, 0, 11, 67.77
1734871845, 98, 11, 38, 0, 0, 0.14%, 7, 0, 11, 59.00
1734871881, 98, 32, 38, 0, 0, 0.14%, 7, 0, 11, 60.24
1734871922, 99, 31, 38, 0, 0, 0.14%, 7, 0, 11, 65.51
1734871957, 100, 10, 38, 0, 0, 0.14%, 7, 0, 11, 60.16
1734871992, 102, 22, 38, 0, 0, 0.14%, 7, 0, 11, 86.08
1734872064, 109, 11, 38, 0, 0, 0.14%, 7, 0, 11, 63.18
1734872094, 110, 15, 38, 0, 0, 0.14%, 7, 0, 11, 79.40
1734872119, 110, 32, 38, 0, 0, 0.14%, 7, 0, 11, 70.45
1734872155, 110, 34, 38, 0, 0, 0.14%, 7, 0, 11, 70.15
1734872186, 111, 17, 38, 0, 0, 0.14%, 7, 0, 11, 64.81
1734872236, 115, 10, 38, 0, 0, 0.14%, 7, 0, 11, 66.71
1734872267, 115, 18, 38, 0, 0, 0.14%, 7, 0, 11, 77.76
1734872307, 116, 34, 38, 0, 0, 0.14%, 7, 0, 11, 72.75
1734872337, 118, 17, 38, 0, 0, 0.14%, 7, 0, 11, 61.06
1734872358, 118, 31, 38, 0, 0, 0.14%, 7, 0, 11, 68.57
1734872393, 119, 11, 38, 0, 0, 0.14%, 7, 0, 11, 58.85
1734872429, 121, 17, 38, 0, 0, 0.14%, 7, 0, 11, 63.35
1734872449, 121, 34, 38, 0, 0, 0.14%, 7, 0, 11, 80.89
1734872480, 127, 22, 38, 0, 0, 0.14%, 7, 0, 11, 69.16
1734872520, 129, 17, 38, 0, 0, 0.14%, 7, 0, 11, 60.38
1734872556, 129, 29, 38, 0, 0, 0.14%, 7, 0, 11, 64.66
1734872592, 130, 15, 38, 0, 0, 0.14%, 7, 0, 11, 63.18
1734872627, 130, 19, 38, 0, 0, 0.14%, 7, 0, 11, 72.32
1734872709, 131, 15, 38, 0, 0, 0.14%, 7, 0, 11, 70.35
1734872744, 131, 29, 38, 0, 0, 0.14%, 7, 0, 11, 60.87
1734872780, 135, 35, 38, 0, 0, 0.14%, 7, 0, 11, 66.62
1734872815, 137, 15, 38, 0, 0, 0.14%, 7, 0, 11, 66.22
1734872851, 137, 34, 38, 0, 0, 0.14%, 7, 0, 11, 72.49
1734872887, 138, 18, 38, 0, 0, 0.14%, 7, 0, 11, 65.37
1734872922, 141, 10, 38, 0, 0, 0.14%, 7, 0, 11, 58.20
1734872958, 141, 20, 38, 0, 0, 0.14%, 7, 0, 11, 68.45
1734872978, 143, 22, 38, 0, 0, 0.14%, 7, 0, 11, 64.34
1734873013, 143, 29, 38, 0, 0, 0.14%, 7, 0, 11, 63.05
1734873054, 144, 20, 38, 0, 0, 0.14%, 7, 0, 11, 58.08
1734873084, 145, 23, 38, 0, 0, 0.14%, 7, 0, 11, 63.93
1734873130, 149, 11, 38, 0, 0, 0.14%, 7, 0, 11, 63.56
1734873166, 150, 16, 38, 0, 0, 0.14%, 7, 0, 11, 66.16
1734873186, 151, 19, 38, 0, 0, 0.14%, 7, 0, 11, 62.69
1734873211, 151, 24, 38, 0, 0, 0.14%, 7, 0, 11, 73.39
1734873237, 152, 27, 38, 0, 0, 0.14%, 7, 0, 11, 72.99
1734873277, 152, 28, 38, 0, 0, 0.14%, 7, 0, 11, 64.50
1734873313, 152, 35, 38, 0, 0, 0.14%, 7, 0, 11, 66.74
1734873348, 154, 15, 38, 0, 0, 0.14%, 7, 0, 11, 57.07
1734873384, 154, 28, 38, 0, 0, 0.14%, 7, 0, 11, 70.85
1734873419, 156, 15, 38, 0, 0, 0.14%, 7, 0, 11, 69.04
1734873460, 160, 11, 38, 0, 0, 0.14%, 7, 0, 11, 54.21
1734873490, 161, 22, 38, 0, 0, 0.14%, 7, 0, 11, 65.22
1734873531, 161, 28, 38, 0, 0, 0.14%, 7, 0, 11, 64.28
1734873566, 165, 34, 38, 0, 0, 0.14%, 7, 0, 11, 74.15
1734873597, 168, 11, 38, 0, 0, 0.14%, 7, 0, 11, 63.50
1734873637, 169, 14, 38, 0, 0, 0.14%, 7, 0, 11, 93.25
1734873693, 169, 29, 38, 0, 0, 0.14%, 7, 0, 11, 57.12
1734873734, 170, 13, 38, 0, 0, 0.14%, 7, 0, 11, 63.93
1734873754, 171, 29, 38, 0, 0, 0.14%, 7, 0, 11, 67.89
1734873789, 172, 23, 38, 0, 0, 0.14%, 7, 0, 11, 57.82
1734873830, 172, 35, 38, 0, 0, 0.14%, 7, 0, 11, 65.23
1734873866, 173, 15, 38, 0, 0, 0.14%, 7, 0, 11, 74.50
1734873896, 175, 17, 38, 0, 0, 0.14%, 7, 0, 11, 60.88
1734873931, 178, 12, 38, 0, 0, 0.14%, 7, 0, 11, 60.45
1734873941, 179, 17, 38, 0, 0, 0.14%, 7, 0, 11, 60.18
1734873977, 179, 21, 38, 0, 0, 0.14%, 7, 0, 11, 60.29
1734873998, 180, 13, 38, 0, 0, 0.14%, 7, 0, 11, 59.38
1734874038, 180, 27, 38, 0, 0, 0.14%, 7, 0, 11, 69.65
1734874074, 181, 12, 38, 0, 0, 0.14%, 7, 0, 11, 61.52
1734874094, 181, 15, 38, 0, 0, 0.14%, 7, 0, 11, 74.30
1734874129, 181, 18, 38, 0, 0, 0.14%, 7, 0, 11, 69.87
1734874164, 182, 17, 38, 0, 0, 0.14%, 7, 0, 11, 59.39
1734874200, 182, 18, 38, 0, 0, 0.14%, 7, 0, 11, 69.45
1734874235, 182, 20, 38, 0, 0, 0.14%, 7, 0, 11, 56.99
1734874276, 182, 24, 38, 0, 0, 0.14%, 7, 0, 11, 66.48
1734874311, 186, 29, 38, 0, 0, 0.14%, 7, 0, 11, 68.09
1734874347, 187, 22, 38, 0, 0, 0.14%, 7, 0, 11, 63.01
1734874383, 187, 33, 38, 0, 0, 0.14%, 7, 0, 11, 84.95
1734874489, 187, 33, 39, 1, 0, 0.16%, 8, 0, 11, 55.31
1734874509, 187, 38, 39, 1, 1, 0.16%, 8, 0, 11, 63.32
1734874519, 187, 38, 40, 2, 1, 0.16%, 8, 0, 12, 52.48
1734874535, 187, 38, 41, 3, 1, 0.18%, 9, 0, 12, 52.86
1734874586, 187, 38, 42, 4, 1, 0.20%, 10, 0, 12, 54.10
1734874616, 187, 40, 42, 2, 2, 0.20%, 10, 0, 12, 66.72
1734874622, 187, 40, 44, 4, 2, 0.21%, 11, 0, 13, 77.01
1734874657, 187, 40, 45, 5, 2, 0.21%, 11, 0, 13, 61.48
1734874688, 187, 40, 46, 6, 2, 0.21%, 11, 0, 13, 61.26
1734874698, 187, 40, 47, 7, 2, 0.21%, 11, 0, 13, 60.47
1734874728, 187, 41, 47, 6, 3, 0.21%, 11, 0, 13, 82.25
1734874819, 187, 43, 47, 5, 2, 0.21%, 11, 0, 13, 74.75
1734874885, 187, 46, 47, 4, 1, 0.21%, 11, 0, 13, 74.38
1734874956, 188, 45, 47, 2, 0, 0.21%, 11, 0, 13, 85.29
1734874986, 188, 45, 48, 3, 0, 0.21%, 11, 0, 14, 67.40
1734875027, 188, 45, 49, 4, 0, 0.21%, 11, 0, 14, 63.52
1734875067, 188, 47, 50, 4, 2, 0.21%, 11, 0, 15, 90.25
1734875170, 188, 48, 50, 3, 2, 0.21%, 11, 0, 15, 91.24
1734875210, 188, 48, 51, 4, 2, 0.21%, 11, 0, 15, 66.17
1734875241, 188, 48, 52, 5, 2, 0.21%, 11, 0, 15, 67.58
1734875312, 188, 51, 53, 5, 2, 0.21%, 11, 0, 15, 74.94
1734875424, 188, 52, 53, 4, 1, 0.21%, 11, 0, 15, 59.17
1734875551, 190, 24, 53, 2, 0, 0.21%, 11, 0, 15, 55.34
1734875587, 191, 35, 53, 2, 0, 0.21%, 11, 0, 15, 62.80
1734875622, 191, 43, 53, 2, 0, 0.21%, 11, 0, 15, 67.28
1734875653, 192, 43, 53, 1, 0, 0.21%, 11, 0, 15, 59.15
1734875663, 192, 43, 54, 2, 0, 0.21%, 11, 0, 15, 63.26
1734875689, 192, 53, 54, 2, 1, 0.21%, 11, 0, 15, 68.01
1734875725, 192, 53, 55, 3, 1, 0.21%, 11, 0, 15, 121.01
1734875943, 192, 53, 56, 4, 1, 0.21%, 12, 0, 15, 46.46
1734875984, 192, 53, 57, 5, 1, 0.21%, 12, 0, 15, 76.23
1734875989, 192, 53, 58, 6, 1, 0.21%, 12, 0, 15, 79.19
1734876005, 192, 53, 59, 7, 1, 0.21%, 12, 0, 15, 82.97
1734876056, 192, 55, 59, 6, 2, 0.21%, 12, 0, 15, 64.79
1734876315, 192, 55, 60, 7, 2, 0.21%, 12, 0, 16, 49.41
1734876392, 192, 56, 60, 6, 2, 0.21%, 12, 0, 16, 61.18
1734876412, 192, 56, 61, 7, 2, 0.21%, 12, 0, 16, 93.91
1734876637, 192, 56, 62, 8, 2, 0.22%, 13, 0, 16, 49.51
1734876708, 192, 59, 62, 7, 3, 0.22%, 13, 0, 16, 58.95
1734876973, 192, 59, 63, 8, 3, 0.22%, 13, 0, 17, 47.81
1734877049, 192, 62, 63, 6, 1, 0.22%, 13, 0, 17, 56.03
1734877381, 193, 19, 63, 5, 0, 0.22%, 13, 0, 17, 65.69
1734877416, 193, 61, 63, 4, 0, 0.22%, 13, 0, 17, 73.23
1734877432, 193, 61, 64, 5, 0, 0.22%, 13, 0, 17, 97.58
1734877655, 193, 61, 66, 7, 0, 0.22%, 15, 0, 17, 51.62
1734877727, 193, 64, 66, 7, 2, 0.22%, 15, 0, 17, 59.67
1734877971, 193, 64, 69, 10, 2, 0.22%, 15, 0, 18, 56.55
1734877992, 193, 64, 70, 11, 2, 0.22%, 15, 0, 18, 80.76
1734878012, 193, 64, 71, 12, 2, 0.22%, 15, 0, 18, 78.82
1734878058, 193, 64, 72, 13, 2, 0.22%, 15, 0, 18, 80.73
1734878089, 193, 65, 72, 12, 2, 0.22%, 15, 0, 18, 86.13
1734878359, 193, 65, 73, 13, 2, 0.22%, 15, 0, 18, 83.07
1734878441, 193, 66, 73, 12, 2, 0.22%, 15, 0, 18, 67.36
1734878762, 193, 72, 73, 11, 1, 0.22%, 15, 0, 18, 70.25
1734878772, 193, 72, 74, 12, 1, 0.24%, 16, 0, 19, 34.86
1734879139, 193, 72, 75, 13, 1, 0.24%, 16, 0, 19, 82.09
1734879150, 193, 72, 76, 14, 1, 0.24%, 16, 0, 19, 85.13
1734879160, 193, 72, 77, 15, 1, 0.24%, 16, 0, 19, 79.51
1734879165, 193, 72, 78, 16, 1, 0.24%, 16, 0, 19, 82.11
1734879227, 193, 77, 78, 14, 0, 0.24%, 16, 0, 19, 53.75
1734879639, 194, 18, 78, 13, 0, 0.24%, 16, 0, 19, 65.45
1734879670, 194, 27, 78, 13, 0, 0.24%, 16, 0, 19, 70.54
1734879705, 194, 58, 78, 13, 0, 0.24%, 16, 0, 19, 49.34
