# unix_time, cycles_done, cur_path, paths_total, pending_total, pending_favs, map_size, unique_crashes, unique_hangs, max_depth, execs_per_sec
1735743571, 0, 0, 10, 10, 1, 0.01%, 0, 0, 1, 35.79
1735743576, 0, 3, 10, 10, 1, 0.01%, 0, 0, 1, 36.77
1735743591, 1, 0, 10, 3, 0, 0.01%, 0, 0, 1, 44.78
1735743596, 1, 1, 10, 2, 0, 0.01%, 0, 0, 1, 45.07
1735743601, 1, 2, 10, 1, 0, 0.01%, 0, 0, 1, 44.46
1735743606, 1, 3, 10, 0, 0, 0.01%, 0, 0, 1, 45.08
1735743616, 1, 4, 10, 0, 0, 0.01%, 0, 0, 1, 45.31
1735743621, 1, 5, 10, 0, 0, 0.01%, 0, 0, 1, 48.68
1735743626, 1, 6, 10, 0, 0, 0.01%, 0, 0, 1, 45.24
1735743632, 1, 7, 10, 0, 0, 0.01%, 0, 0, 1, 43.54
1735743637, 1, 8, 10, 0, 0, 0.01%, 0, 0, 1, 45.81
1735743642, 1, 9, 10, 0, 0, 0.01%, 0, 0, 1, 45.79
1735743647, 2, 0, 10, 0, 0, 0.01%, 0, 0, 1, 46.52
1735743652, 2, 1, 10, 0, 0, 0.01%, 0, 0, 1, 45.10
1735743657, 2, 2, 10, 0, 0, 0.01%, 0, 0, 1, 44.68
1735743667, 2, 3, 10, 0, 0, 0.01%, 0, 0, 1, 43.77
1735743672, 2, 4, 10, 0, 0, 0.01%, 0, 0, 1, 46.90
1735743677, 2, 5, 10, 0, 0, 0.01%, 0, 0, 1, 45.71
1735743682, 2, 6, 10, 0, 0, 0.01%, 0, 0, 1, 45.12
1735743688, 2, 7, 10, 0, 0, 0.01%, 0, 0, 1, 44.61
1735743693, 2, 8, 10, 0, 0, 0.01%, 0, 0, 1, 46.69
1735743698, 2, 9, 10, 0, 0, 0.01%, 0, 0, 1, 44.14
1735743703, 3, 0, 10, 0, 0, 0.01%, 0, 0, 1, 46.39
1735743708, 3, 1, 10, 0, 0, 0.01%, 0, 0, 1, 44.94
1735743718, 3, 2, 10, 0, 0, 0.01%, 0, 0, 1, 45.22
1735743723, 3, 3, 10, 0, 0, 0.01%, 0, 0, 1, 46.85
1735743728, 3, 4, 10, 0, 0, 0.01%, 0, 0, 1, 45.04
1735743733, 3, 5, 10, 0, 0, 0.01%, 0, 0, 1, 43.17
1735743738, 3, 6, 10, 0, 0, 0.01%, 0, 0, 1, 43.45
1735743743, 3, 7, 10, 0, 0, 0.01%, 0, 0, 1, 43.54
1735743748, 3, 8, 10, 0, 0, 0.01%, 0, 0, 1, 48.56
1735743753, 3, 9, 10, 0, 0, 0.01%, 0, 0, 1, 44.20
1735743764, 4, 0, 10, 0, 0, 0.01%, 0, 0, 1, 46.10
1735743769, 4, 1, 10, 0, 0, 0.01%, 0, 0, 1, 45.62
1735743774, 4, 2, 10, 0, 0, 0.01%, 0, 0, 1, 45.71
1735743779, 4, 3, 10, 0, 0, 0.01%, 0, 0, 1, 45.16
1735743784, 4, 4, 10, 0, 0, 0.01%, 0, 0, 1, 47.08
1735743789, 4, 5, 10, 0, 0, 0.01%, 0, 0, 1, 43.77
1735743794, 4, 6, 10, 0, 0, 0.01%, 0, 0, 1, 45.73
1735743799, 4, 7, 10, 0, 0, 0.01%, 0, 0, 1, 45.74
1735743804, 4, 8, 10, 0, 0, 0.01%, 0, 0, 1, 44.29
1735743809, 4, 8, 11, 1, 0, 0.14%, 1, 0, 2, 43.59
1735743815, 4, 10, 11, 1, 1, 0.14%, 1, 0, 2, 52.82
1735743860, 4, 10, 12, 2, 1, 0.14%, 2, 0, 3, 47.67
1735743947, 4, 11, 13, 2, 1, 0.14%, 3, 0, 4, 59.69
1735744018, 4, 12, 13, 1, 1, 0.14%, 3, 0, 4, 72.05
1735744074, 4, 12, 14, 2, 1, 0.14%, 3, 0, 5, 49.65
1735744191, 5, 13, 14, 0, 0, 0.14%, 3, 0, 5, 84.05
1735744196, 5, 13, 17, 3, 0, 0.14%, 3, 0, 6, 95.67
1735744232, 5, 13, 18, 4, 0, 0.14%, 4, 0, 6, 63.17
1735744242, 5, 13, 19, 5, 0, 0.14%, 4, 0, 6, 60.36
1735744272, 5, 13, 20, 6, 0, 0.14%, 5, 0, 6, 62.44
1735744283, 5, 13, 21, 7, 0, 0.14%, 5, 0, 6, 63.91
1735744323, 5, 13, 22, 8, 0, 0.14%, 5, 0, 6, 56.59
1735744333, 5, 17, 22, 8, 3, 0.14%, 5, 0, 6, 46.95
1735744343, 5, 17, 23, 9, 3, 0.14%, 5, 0, 7, 111.66
1735744689, 5, 19, 23, 8, 3, 0.14%, 5, 0, 7, 48.89
1735744714, 5, 19, 24, 9, 3, 0.14%, 5, 0, 7, 98.56
1735745214, 5, 19, 26, 11, 3, 0.14%, 5, 0, 7, 94.74
1735745219, 5, 19, 27, 12, 3, 0.14%, 5, 0, 7, 83.21
1735745229, 5, 19, 29, 14, 3, 0.14%, 6, 0, 7, 80.69
1735745234, 5, 19, 30, 15, 3, 0.14%, 6, 0, 7, 87.14
1735745280, 5, 22, 30, 14, 3, 0.14%, 6, 0, 7, 51.41
1735745285, 5, 26, 30, 13, 2, 0.14%, 6, 0, 7, 100.39
1735745372, 5, 26, 31, 14, 2, 0.14%, 7, 0, 8, 89.80
1735745509, 5, 26, 32, 15, 2, 0.14%, 7, 0, 8, 81.18
1735745524, 5, 26, 33, 16, 2, 0.14%, 7, 0, 8, 75.50
1735745580, 5, 31, 33, 15, 2, 0.14%, 7, 0, 8, 62.03
1735745585, 5, 32, 33, 14, 1, 0.14%, 7, 0, 8, 91.85
1735745667, 5, 32, 34, 15, 1, 0.14%, 7, 0, 9, 71.11
1735745687, 5, 33, 34, 14, 1, 0.14%, 7, 0, 9, 56.33
1735745692, 6, 24, 34, 12, 0, 0.14%, 7, 0, 9, 40.72
1735745697, 6, 25, 34, 11, 0, 0.14%, 7, 0, 9, 36.07
1735746237, 6, 33, 34, 10, 0, 0.14%, 7, 0, 9, 85.04
1735747123, 6, 33, 35, 11, 0, 0.14%, 7, 0, 10, 76.62
1735747164, 6, 34, 35, 11, 1, 0.14%, 7, 0, 10, 55.15
1735747174, 7, 23, 35, 10, 0, 0.14%, 7, 0, 10, 35.91
1735747179, 7, 28, 35, 9, 0, 0.14%, 7, 0, 10, 67.89
1735747271, 7, 29, 35, 8, 0, 0.14%, 7, 0, 10, 45.31
1735748253, 7, 29, 36, 9, 0, 0.14%, 7, 0, 10, 96.92
1735748315, 7, 35, 36, 8, 1, 0.14%, 7, 0, 10, 53.91
1735750129, 7, 35, 37, 9, 1, 0.14%, 7, 0, 10, 94.61
1735750206, 7, 36, 37, 8, 1, 0.14%, 7, 0, 10, 46.42
1735750221, 8, 34, 37, 6, 0, 0.14%, 7, 0, 10, 99.98
1735751853, 8, 34, 38, 7, 0, 0.14%, 7, 0, 11, 79.33
1735751904, 8, 37, 38, 7, 1, 0.14%, 7, 0, 11, 43.54
1735751914, 8, 37, 39, 8, 1, 0.14%, 7, 0, 12, 89.77
1735753334, 8, 38, 39, 7, 1, 0.14%, 7, 0, 12, 59.17
1735753339, 9, 36, 39, 5, 0, 0.14%, 7, 0, 12, 107.59
