# unix_time, cycles_done, cur_path, paths_total, pending_total, pending_favs, map_size, unique_crashes, unique_hangs, max_depth, execs_per_sec
1734104961, 0, 0, 10, 10, 1, 0.01%, 0, 0, 1, 38.67
1734104966, 0, 2, 10, 10, 1, 0.01%, 0, 0, 1, 38.15
1734104982, 1, 0, 10, 2, 0, 0.01%, 0, 0, 1, 45.04
1734104987, 1, 1, 10, 1, 0, 0.01%, 0, 0, 1, 46.03
1734104992, 1, 2, 10, 0, 0, 0.01%, 0, 0, 1, 45.48
1734104997, 1, 3, 10, 0, 0, 0.01%, 0, 0, 1, 44.78
1734105007, 1, 4, 10, 0, 0, 0.01%, 0, 0, 1, 48.32
1734105012, 1, 5, 10, 0, 0, 0.01%, 0, 0, 1, 47.76
1734105017, 1, 6, 10, 0, 0, 0.01%, 0, 0, 1, 46.63
1734105022, 1, 7, 10, 0, 0, 0.01%, 0, 0, 1, 46.51
1734105028, 1, 8, 10, 0, 0, 0.01%, 0, 0, 1, 44.21
1734105033, 1, 9, 10, 0, 0, 0.01%, 0, 0, 1, 44.67
1734105038, 2, 0, 10, 0, 0, 0.01%, 0, 0, 1, 41.84
1734105043, 2, 1, 10, 0, 0, 0.01%, 0, 0, 1, 45.78
1734105048, 2, 2, 10, 0, 0, 0.01%, 0, 0, 1, 45.98
1734105053, 2, 3, 10, 0, 0, 0.01%, 0, 0, 1, 45.82
1734105058, 2, 4, 10, 0, 0, 0.01%, 0, 0, 1, 46.67
1734105068, 2, 5, 10, 0, 0, 0.01%, 0, 0, 1, 44.62
1734105074, 2, 6, 10, 0, 0, 0.01%, 0, 0, 1, 47.82
1734105079, 2, 7, 10, 0, 0, 0.01%, 0, 0, 1, 44.02
1734105084, 2, 8, 10, 0, 0, 0.01%, 0, 0, 1, 45.75
1734105089, 2, 9, 10, 0, 0, 0.01%, 0, 0, 1, 46.60
1734105094, 3, 0, 10, 0, 0, 0.01%, 0, 0, 1, 46.84
1734105099, 3, 1, 10, 0, 0, 0.01%, 0, 0, 1, 47.07
1734105104, 3, 2, 10, 0, 0, 0.01%, 0, 0, 1, 44.63
1734105110, 3, 3, 10, 0, 0, 0.01%, 0, 0, 1, 46.87
1734105115, 3, 4, 10, 0, 0, 0.01%, 0, 0, 1, 46.68
1734105120, 3, 5, 10, 0, 0, 0.01%, 0, 0, 1, 46.11
1734105130, 3, 6, 10, 0, 0, 0.01%, 0, 0, 1, 45.87
1734105135, 3, 7, 10, 0, 0, 0.01%, 0, 0, 1, 48.21
1734105140, 3, 8, 10, 0, 0, 0.01%, 0, 0, 1, 46.88
1734105145, 3, 9, 10, 0, 0, 0.01%, 0, 0, 1, 48.01
1734105150, 4, 0, 10, 0, 0, 0.01%, 0, 0, 1, 45.94
1734105156, 4, 1, 10, 0, 0, 0.01%, 0, 0, 1, 47.47
1734105161, 4, 2, 10, 0, 0, 0.01%, 0, 0, 1, 44.60
1734105166, 4, 3, 10, 0, 0, 0.01%, 0, 0, 1, 45.04
1734105171, 4, 4, 10, 0, 0, 0.01%, 0, 0, 1, 44.21
1734105176, 4, 5, 10, 0, 0, 0.01%, 0, 0, 1, 43.95
1734105181, 4, 6, 10, 0, 0, 0.01%, 0, 0, 1, 44.81
1734105191, 4, 7, 10, 0, 0, 0.01%, 0, 0, 1, 45.64
1734105196, 4, 8, 10, 0, 0, 0.01%, 0, 0, 1, 46.82
1734105201, 4, 9, 10, 0, 0, 0.01%, 0, 0, 1, 45.88
1734105207, 5, 0, 10, 0, 0, 0.01%, 0, 0, 1, 45.34
1734105212, 5, 1, 10, 0, 0, 0.01%, 0, 0, 1, 45.64
1734105217, 5, 2, 10, 0, 0, 0.01%, 0, 0, 1, 43.90
1734105222, 5, 3, 10, 0, 0, 0.01%, 0, 0, 1, 45.13
1734105227, 5, 4, 10, 0, 0, 0.01%, 0, 0, 1, 45.59
1734105232, 5, 5, 10, 0, 0, 0.01%, 0, 0, 1, 46.19
1734105242, 5, 6, 10, 0, 0, 0.01%, 0, 0, 1, 45.90
1734105247, 5, 7, 10, 0, 0, 0.01%, 0, 0, 1, 45.23
1734105252, 5, 8, 10, 0, 0, 0.01%, 0, 0, 1, 47.22
1734105257, 5, 9, 10, 0, 0, 0.01%, 0, 0, 1, 47.49
1734105263, 6, 0, 10, 0, 0, 0.01%, 0, 0, 1, 46.93
1734105268, 6, 1, 10, 0, 0, 0.01%, 0, 0, 1, 45.60
1734105273, 6, 2, 10, 0, 0, 0.01%, 0, 0, 1, 44.98
1734105278, 6, 3, 10, 0, 0, 0.01%, 0, 0, 1, 44.85
1734105283, 6, 4, 10, 0, 0, 0.01%, 0, 0, 1, 45.61
1734105293, 6, 5, 10, 0, 0, 0.01%, 0, 0, 1, 45.38
1734105298, 6, 6, 10, 0, 0, 0.01%, 0, 0, 1, 43.37
1734105303, 6, 7, 10, 0, 0, 0.01%, 0, 0, 1, 45.05
1734105308, 6, 8, 10, 0, 0, 0.01%, 0, 0, 1, 45.00
1734105313, 6, 9, 10, 0, 0, 0.01%, 0, 0, 1, 46.94
1734105319, 7, 0, 10, 0, 0, 0.01%, 0, 0, 1, 46.42
1734105324, 7, 1, 10, 0, 0, 0.01%, 0, 0, 1, 45.21
1734105329, 7, 2, 10, 0, 0, 0.01%, 0, 0, 1, 45.64
1734105334, 7, 3, 10, 0, 0, 0.01%, 0, 0, 1, 43.05
1734105344, 7, 4, 10, 0, 0, 0.01%, 0, 0, 1, 46.76
1734105349, 7, 5, 10, 0, 0, 0.01%, 0, 0, 1, 45.27
1734105354, 7, 6, 10, 0, 0, 0.01%, 0, 0, 1, 45.33
1734105359, 7, 7, 10, 0, 0, 0.01%, 0, 0, 1, 45.20
1734105365, 7, 8, 10, 0, 0, 0.01%, 0, 0, 1, 44.64
1734105370, 7, 9, 10, 0, 0, 0.01%, 0, 0, 1, 45.44
1734105375, 8, 0, 10, 0, 0, 0.01%, 0, 0, 1, 44.54
1734105380, 8, 1, 10, 0, 0, 0.01%, 0, 0, 1, 46.15
1734105385, 8, 2, 10, 0, 0, 0.01%, 0, 0, 1, 46.23
1734105395, 8, 3, 10, 0, 0, 0.01%, 0, 0, 1, 44.31
1734105400, 8, 4, 10, 0, 0, 0.01%, 0, 0, 1, 45.96
1734105405, 8, 5, 10, 0, 0, 0.01%, 0, 0, 1, 46.09
1734105411, 8, 6, 10, 0, 0, 0.01%, 0, 0, 1, 43.81
1734105416, 8, 7, 10, 0, 0, 0.01%, 0, 0, 1, 46.02
1734105421, 8, 8, 10, 0, 0, 0.01%, 0, 0, 1, 43.77
1734105426, 8, 9, 10, 0, 0, 0.01%, 0, 0, 1, 47.54
1734105431, 9, 0, 10, 0, 0, 0.01%, 0, 0, 1, 47.03
1734105436, 9, 1, 10, 0, 0, 0.01%, 0, 0, 1, 45.91
1734105441, 9, 2, 10, 0, 0, 0.01%, 0, 0, 1, 45.33
1734105446, 9, 3, 10, 0, 0, 0.01%, 0, 0, 1, 46.25
1734105456, 9, 4, 10, 0, 0, 0.01%, 0, 0, 1, 44.17
1734105462, 9, 5, 10, 0, 0, 0.01%, 0, 0, 1, 47.70
1734105467, 9, 6, 10, 0, 0, 0.01%, 0, 0, 1, 46.27
1734105472, 9, 7, 10, 0, 0, 0.01%, 0, 0, 1, 47.02
1734105477, 9, 8, 10, 0, 0, 0.01%, 0, 0, 1, 46.15
1734105482, 9, 9, 10, 0, 0, 0.01%, 0, 0, 1, 46.96
1734105487, 10, 0, 10, 0, 0, 0.01%, 0, 0, 1, 45.04
1734105492, 10, 1, 10, 0, 0, 0.01%, 0, 0, 1, 45.52
1734105497, 10, 2, 10, 0, 0, 0.01%, 0, 0, 1, 45.93
1734105503, 10, 3, 10, 0, 0, 0.01%, 0, 0, 1, 47.84
1734105508, 10, 4, 10, 0, 0, 0.01%, 0, 0, 1, 46.90
1734105513, 10, 5, 10, 0, 0, 0.01%, 0, 0, 1, 45.60
1734105518, 10, 6, 10, 0, 0, 0.01%, 0, 0, 1, 48.46
1734105528, 10, 7, 10, 0, 0, 0.01%, 0, 0, 1, 44.16
1734105533, 10, 8, 10, 0, 0, 0.01%, 0, 0, 1, 46.45
1734105538, 10, 9, 10, 0, 0, 0.01%, 0, 0, 1, 44.73
1734105543, 11, 0, 10, 0, 0, 0.01%, 0, 0, 1, 45.50
1734105548, 11, 1, 10, 0, 0, 0.01%, 0, 0, 1, 46.73
1734105553, 11, 2, 10, 0, 0, 0.01%, 0, 0, 1, 45.45
1734105559, 11, 3, 10, 0, 0, 0.01%, 0, 0, 1, 44.36
1734105564, 11, 4, 10, 0, 0, 0.01%, 0, 0, 1, 46.70
1734105569, 11, 5, 10, 0, 0, 0.01%, 0, 0, 1, 48.04
1734105574, 11, 6, 10, 0, 0, 0.01%, 0, 0, 1, 48.73
1734105584, 11, 7, 10, 0, 0, 0.01%, 0, 0, 1, 48.93
1734105589, 11, 8, 10, 0, 0, 0.01%, 0, 0, 1, 45.80
1734105594, 11, 9, 10, 0, 0, 0.01%, 0, 0, 1, 48.50
1734105599, 12, 0, 10, 0, 0, 0.01%, 0, 0, 1, 47.61
1734105604, 12, 1, 10, 0, 0, 0.01%, 0, 0, 1, 46.39
1734105609, 12, 2, 10, 0, 0, 0.01%, 0, 0, 1, 48.80
1734105615, 12, 3, 10, 0, 0, 0.01%, 0, 0, 1, 46.67
1734105620, 12, 4, 10, 0, 0, 0.01%, 0, 0, 1, 47.96
1734105625, 12, 5, 10, 0, 0, 0.01%, 0, 0, 1, 46.91
1734105630, 12, 6, 10, 0, 0, 0.01%, 0, 0, 1, 47.99
1734105635, 12, 7, 10, 0, 0, 0.01%, 0, 0, 1, 48.05
1734105640, 12, 8, 10, 0, 0, 0.01%, 0, 0, 1, 46.66
1734105645, 12, 9, 10, 0, 0, 0.01%, 0, 0, 1, 46.78
1734105650, 13, 0, 10, 0, 0, 0.01%, 0, 0, 1, 49.78
1734105656, 13, 1, 10, 0, 0, 0.01%, 0, 0, 1, 48.01
1734105661, 13, 2, 10, 0, 0, 0.01%, 0, 0, 1, 48.41
1734105666, 13, 3, 10, 0, 0, 0.01%, 0, 0, 1, 46.67
1734105671, 13, 4, 10, 0, 0, 0.01%, 0, 0, 1, 47.41
1734105676, 13, 5, 10, 0, 0, 0.01%, 0, 0, 1, 45.86
1734105686, 13, 6, 10, 0, 0, 0.01%, 0, 0, 1, 45.97
1734105691, 13, 7, 10, 0, 0, 0.01%, 0, 0, 1, 45.30
1734105696, 13, 8, 10, 0, 0, 0.01%, 0, 0, 1, 49.00
1734105702, 13, 9, 10, 0, 0, 0.01%, 0, 0, 1, 48.99
1734105707, 14, 0, 11, 1, 0, 0.14%, 0, 0, 2, 49.27
1734105712, 14, 10, 11, 1, 1, 0.14%, 1, 0, 2, 63.71
1734105722, 14, 10, 12, 2, 1, 0.14%, 2, 0, 3, 55.54
1734105793, 14, 11, 13, 2, 1, 0.14%, 3, 0, 4, 61.07
1734105839, 14, 11, 14, 3, 1, 0.14%, 3, 0, 4, 51.22
1734105854, 14, 11, 15, 4, 1, 0.14%, 3, 0, 4, 52.81
1734105911, 14, 13, 15, 2, 1, 0.14%, 3, 0, 4, 87.64
1734105941, 14, 13, 16, 3, 1, 0.14%, 4, 0, 5, 56.21
1734105967, 14, 13, 17, 4, 1, 0.14%, 4, 0, 5, 55.62
1734105992, 14, 13, 18, 5, 1, 0.14%, 4, 0, 5, 54.27
1734106007, 14, 13, 19, 6, 1, 0.14%, 4, 0, 5, 56.09
1734106012, 14, 13, 20, 7, 1, 0.14%, 4, 0, 5, 53.46
1734106063, 14, 13, 22, 9, 1, 0.14%, 4, 0, 5, 62.92
1734106068, 14, 18, 23, 8, 1, 0.14%, 5, 0, 6, 78.83
1734106104, 14, 18, 24, 9, 1, 0.14%, 5, 0, 6, 57.53
1734106180, 14, 18, 25, 10, 1, 0.14%, 5, 0, 6, 65.43
1734106190, 14, 22, 25, 9, 2, 0.14%, 5, 0, 6, 69.41
1734106271, 14, 23, 25, 8, 1, 0.14%, 5, 0, 6, 86.63
1734106292, 14, 23, 26, 9, 1, 0.14%, 5, 0, 7, 60.74
1734106388, 15, 12, 26, 7, 0, 0.14%, 5, 0, 7, 78.90
1734106459, 15, 19, 26, 6, 0, 0.14%, 5, 0, 7, 50.99
1734106464, 15, 24, 26, 5, 0, 0.14%, 5, 0, 7, 84.62
1734106561, 16, 15, 26, 4, 0, 0.14%, 5, 0, 7, 53.10
1734106591, 16, 15, 27, 5, 0, 0.14%, 6, 0, 7, 145.52
1734107051, 16, 15, 28, 6, 0, 0.14%, 6, 0, 7, 55.53
1734107067, 16, 26, 28, 5, 2, 0.14%, 6, 0, 7, 47.66
1734107072, 16, 27, 28, 4, 1, 0.14%, 6, 0, 7, 49.12
1734107107, 16, 27, 29, 5, 1, 0.14%, 6, 0, 7, 52.67
1734107204, 16, 28, 29, 4, 1, 0.14%, 6, 0, 7, 86.85
1734107290, 17, 12, 29, 3, 0, 0.14%, 6, 0, 7, 58.49
1734107305, 18, 12, 29, 1, 0, 0.14%, 6, 0, 7, 42.48
1734107326, 18, 12, 30, 2, 0, 0.14%, 6, 0, 7, 52.67
1734107341, 18, 29, 30, 2, 1, 0.14%, 6, 0, 7, 74.91
1734107361, 18, 29, 32, 4, 1, 0.14%, 6, 0, 7, 54.71
1734107468, 18, 31, 32, 2, 1, 0.14%, 6, 0, 7, 56.63
1734107530, 18, 31, 33, 3, 1, 0.14%, 6, 0, 7, 60.28
1734107535, 18, 31, 34, 4, 1, 0.14%, 6, 0, 7, 58.92
1734107621, 18, 32, 34, 3, 2, 0.14%, 6, 0, 7, 99.78
1734107637, 18, 32, 35, 4, 2, 0.14%, 6, 0, 8, 123.15
1734107728, 18, 32, 36, 5, 2, 0.14%, 6, 0, 8, 60.98
1734107748, 18, 32, 37, 6, 2, 0.14%, 6, 0, 8, 59.84
1734107799, 18, 33, 37, 5, 2, 0.14%, 6, 0, 8, 77.23
1734107896, 18, 36, 37, 4, 1, 0.14%, 6, 0, 8, 86.25
1734108206, 20, 35, 37, 1, 0, 0.14%, 6, 0, 8, 55.51
1734108781, 22, 28, 37, 0, 0, 0.14%, 6, 0, 8, 59.74
1734108791, 23, 28, 37, 0, 0, 0.14%, 6, 0, 8, 58.75
1734108811, 24, 12, 37, 0, 0, 0.14%, 6, 0, 8, 54.10
1734108822, 24, 28, 37, 0, 0, 0.14%, 6, 0, 8, 61.57
1734108857, 25, 25, 37, 0, 0, 0.14%, 6, 0, 8, 67.52
1734108918, 25, 25, 38, 1, 0, 0.14%, 7, 0, 8, 57.95
1734108933, 25, 37, 38, 1, 1, 0.14%, 7, 0, 8, 59.27
1734109445, 31, 35, 38, 0, 0, 0.14%, 7, 0, 8, 75.86
1734109450, 32, 35, 38, 0, 0, 0.14%, 7, 0, 8, 74.05
1734109481, 33, 35, 38, 0, 0, 0.14%, 7, 0, 8, 63.03
1734109516, 34, 35, 38, 0, 0, 0.14%, 7, 0, 8, 67.66
1734109552, 35, 35, 38, 0, 0, 0.14%, 7, 0, 8, 77.16
1734109587, 36, 30, 38, 0, 0, 0.14%, 7, 0, 8, 87.35
1734109664, 36, 35, 38, 0, 0, 0.14%, 7, 0, 8, 70.83
1734109694, 36, 37, 38, 0, 0, 0.14%, 7, 0, 8, 70.10
1734109704, 37, 12, 38, 0, 0, 0.14%, 7, 0, 8, 58.02
1734109710, 37, 28, 38, 0, 0, 0.14%, 7, 0, 8, 66.35
1734109745, 37, 37, 38, 0, 0, 0.14%, 7, 0, 8, 70.27
1734109765, 38, 30, 38, 0, 0, 0.14%, 7, 0, 8, 65.41
1734109791, 38, 37, 38, 0, 0, 0.14%, 7, 0, 8, 63.48
1734109827, 39, 37, 38, 0, 0, 0.14%, 7, 0, 8, 81.31
1734109857, 40, 37, 38, 0, 0, 0.14%, 7, 0, 8, 70.89
1734109893, 42, 12, 38, 0, 0, 0.14%, 7, 0, 8, 56.25
1734109908, 42, 28, 38, 0, 0, 0.14%, 7, 0, 8, 66.63
1734109944, 43, 12, 38, 0, 0, 0.14%, 7, 0, 8, 59.08
1734109969, 43, 28, 38, 0, 0, 0.14%, 7, 0, 8, 58.76
1734110010, 45, 12, 38, 0, 0, 0.14%, 7, 0, 8, 61.76
1734110046, 50, 12, 38, 0, 0, 0.14%, 7, 0, 8, 57.90
1734110081, 52, 28, 38, 0, 0, 0.14%, 7, 0, 8, 64.00
1734110122, 53, 26, 38, 0, 0, 0.14%, 7, 0, 8, 130.58
1734110582, 60, 12, 38, 0, 0, 0.14%, 7, 0, 8, 63.42
1734110618, 60, 13, 38, 0, 0, 0.14%, 7, 0, 8, 54.00
1734110623, 62, 12, 38, 0, 0, 0.14%, 7, 0, 8, 60.61
1734110659, 62, 23, 38, 0, 0, 0.14%, 7, 0, 8, 64.14
1734110674, 65, 30, 38, 0, 0, 0.14%, 7, 0, 8, 60.52
1734110689, 68, 21, 38, 0, 0, 0.14%, 7, 0, 8, 95.01
1734110745, 70, 13, 38, 0, 0, 0.14%, 7, 0, 8, 59.07
1734110755, 71, 18, 38, 0, 0, 0.14%, 7, 0, 8, 61.07
1734110760, 77, 23, 38, 0, 0, 0.14%, 7, 0, 8, 59.47
1734110770, 79, 23, 38, 0, 0, 0.14%, 7, 0, 8, 63.91
1734110790, 82, 12, 38, 0, 0, 0.14%, 7, 0, 8, 59.43
1734110826, 83, 30, 38, 0, 0, 0.14%, 7, 0, 8, 57.61
1734110867, 84, 12, 38, 0, 0, 0.14%, 7, 0, 8, 58.81
1734110902, 84, 18, 38, 0, 0, 0.14%, 7, 0, 8, 60.05
1734110918, 85, 23, 38, 0, 0, 0.14%, 7, 0, 8, 61.07
1734110953, 91, 21, 38, 0, 0, 0.14%, 7, 0, 8, 68.10
1734110958, 93, 24, 38, 0, 0, 0.14%, 7, 0, 8, 63.12
1734110968, 95, 21, 38, 0, 0, 0.14%, 7, 0, 8, 66.70
1734110984, 106, 30, 38, 0, 0, 0.14%, 7, 0, 8, 60.98
1734111019, 107, 17, 38, 0, 0, 0.14%, 7, 0, 8, 94.20
1734111060, 107, 23, 38, 0, 0, 0.14%, 7, 0, 8, 63.22
1734111096, 109, 18, 38, 0, 0, 0.14%, 7, 0, 8, 63.21
1734111126, 111, 33, 38, 0, 0, 0.14%, 7, 0, 8, 62.34
1734111131, 120, 21, 38, 0, 0, 0.14%, 7, 0, 8, 65.77
1734111156, 126, 22, 38, 0, 0, 0.14%, 7, 0, 8, 64.55
1734111171, 130, 23, 38, 0, 0, 0.14%, 7, 0, 8, 58.80
1734111207, 130, 30, 38, 0, 0, 0.14%, 7, 0, 8, 54.35
1734111243, 135, 15, 38, 0, 0, 0.14%, 7, 0, 8, 66.52
1734111253, 135, 33, 38, 0, 0, 0.14%, 7, 0, 8, 60.82
1734111263, 139, 13, 38, 0, 0, 0.14%, 7, 0, 8, 65.30
1734111268, 139, 18, 38, 0, 0, 0.14%, 7, 0, 8, 66.99
1734111309, 144, 29, 38, 0, 0, 0.14%, 7, 0, 8, 60.52
1734111314, 147, 18, 38, 0, 0, 0.14%, 7, 0, 8, 60.72
1734111354, 147, 25, 38, 0, 0, 0.14%, 7, 0, 8, 57.09
1734111359, 150, 11, 38, 0, 0, 0.14%, 7, 0, 8, 59.08
1734111365, 152, 33, 38, 0, 0, 0.14%, 7, 0, 8, 61.42
1734111400, 153, 17, 38, 0, 0, 0.14%, 7, 0, 8, 60.21
1734111405, 153, 18, 38, 0, 0, 0.14%, 7, 0, 8, 62.40
1734111440, 153, 25, 38, 0, 0, 0.14%, 7, 0, 8, 65.57
1734111461, 154, 24, 38, 0, 0, 0.14%, 7, 0, 8, 65.21
1734111476, 154, 30, 38, 0, 0, 0.14%, 7, 0, 8, 62.52
1734111516, 155, 30, 38, 0, 0, 0.14%, 7, 0, 8, 62.10
1734111552, 157, 24, 38, 0, 0, 0.14%, 7, 0, 8, 59.57
1734111582, 157, 28, 38, 0, 0, 0.14%, 7, 0, 8, 66.82
1734111618, 158, 22, 38, 0, 0, 0.14%, 7, 0, 8, 67.23
1734111633, 158, 25, 38, 0, 0, 0.14%, 7, 0, 8, 64.60
1734111669, 159, 30, 38, 0, 0, 0.14%, 7, 0, 8, 65.21
1734111704, 160, 29, 38, 0, 0, 0.14%, 7, 0, 8, 73.34
1734111724, 164, 19, 38, 0, 0, 0.14%, 7, 0, 8, 81.20
1734112030, 166, 25, 38, 0, 0, 0.14%, 7, 0, 8, 61.94
1734112070, 166, 29, 38, 0, 0, 0.14%, 7, 0, 8, 60.84
1734112106, 167, 24, 38, 0, 0, 0.14%, 7, 0, 8, 67.51
1734112146, 172, 30, 38, 0, 0, 0.14%, 7, 0, 8, 59.36
1734112181, 172, 33, 38, 0, 0, 0.14%, 7, 0, 8, 63.80
1734112222, 174, 30, 38, 0, 0, 0.14%, 7, 0, 8, 60.65
1734112257, 175, 22, 38, 0, 0, 0.14%, 7, 0, 8, 62.20
1734112288, 177, 17, 38, 0, 0, 0.14%, 7, 0, 8, 64.63
1734112293, 178, 18, 38, 0, 0, 0.14%, 7, 0, 8, 63.56
1734112323, 178, 23, 38, 0, 0, 0.14%, 7, 0, 8, 62.05
1734112359, 178, 25, 38, 0, 0, 0.14%, 7, 0, 8, 68.49
1734112394, 178, 33, 38, 0, 0, 0.14%, 7, 0, 8, 64.72
1734112430, 180, 33, 38, 0, 0, 0.14%, 7, 0, 8, 71.78
1734112465, 180, 36, 38, 0, 0, 0.14%, 7, 0, 8, 59.22
1734112475, 182, 15, 38, 0, 0, 0.14%, 7, 0, 8, 75.08
1734112491, 183, 13, 38, 0, 0, 0.14%, 7, 0, 8, 62.90
1734112496, 186, 32, 38, 0, 0, 0.14%, 7, 0, 8, 57.33
1734112501, 187, 17, 38, 0, 0, 0.14%, 7, 0, 8, 62.93
1734112511, 189, 15, 38, 0, 0, 0.14%, 7, 0, 8, 78.40
1734112542, 190, 21, 38, 0, 0, 0.14%, 7, 0, 8, 67.61
1734112577, 191, 24, 38, 0, 0, 0.14%, 7, 0, 8, 65.92
1734112612, 192, 18, 38, 0, 0, 0.14%, 7, 0, 8, 58.86
1734112653, 195, 22, 38, 0, 0, 0.14%, 7, 0, 8, 65.02
1734112689, 199, 11, 38, 0, 0, 0.14%, 7, 0, 8, 60.56
1734112694, 199, 24, 38, 0, 0, 0.14%, 7, 0, 8, 60.63
1734112729, 200, 15, 38, 0, 0, 0.14%, 7, 0, 8, 62.16
1734112765, 200, 30, 38, 0, 0, 0.14%, 7, 0, 8, 59.23
1734112805, 200, 36, 38, 0, 0, 0.14%, 7, 0, 8, 74.28
1734112831, 201, 28, 38, 0, 0, 0.14%, 7, 0, 8, 65.56
1734112867, 201, 36, 38, 0, 0, 0.14%, 7, 0, 8, 69.01
1734112907, 202, 17, 38, 0, 0, 0.14%, 7, 0, 8, 62.53
1734112928, 203, 36, 38, 0, 0, 0.14%, 7, 0, 8, 64.56
1734112963, 205, 11, 38, 0, 0, 0.14%, 7, 0, 8, 60.53
1734112968, 206, 14, 38, 0, 0, 0.14%, 7, 0, 8, 64.44
1734112999, 207, 18, 38, 0, 0, 0.14%, 7, 0, 8, 63.93
1734113035, 207, 32, 38, 0, 0, 0.14%, 7, 0, 8, 66.77
1734113055, 208, 28, 38, 0, 0, 0.14%, 7, 0, 8, 60.11
1734113090, 209, 18, 38, 0, 0, 0.14%, 7, 0, 8, 73.18
1734113131, 209, 23, 38, 0, 0, 0.14%, 7, 0, 8, 62.57
1734113166, 210, 32, 38, 0, 0, 0.14%, 7, 0, 8, 67.01
1734113202, 212, 23, 38, 0, 0, 0.14%, 7, 0, 8, 58.95
1734113242, 213, 32, 38, 0, 0, 0.14%, 7, 0, 8, 65.69
1734113278, 214, 13, 38, 0, 0, 0.14%, 7, 0, 8, 61.28
1734113288, 214, 23, 38, 0, 0, 0.14%, 7, 0, 8, 61.21
1734113329, 216, 20, 38, 0, 0, 0.14%, 7, 0, 8, 110.91
1734113736, 216, 22, 38, 0, 0, 0.14%, 7, 0, 8, 64.22
1734113771, 216, 24, 38, 0, 0, 0.14%, 7, 0, 8, 65.98
1734113812, 217, 15, 38, 0, 0, 0.14%, 7, 0, 8, 86.05
1734113842, 218, 14, 38, 0, 0, 0.14%, 7, 0, 8, 61.08
1734113847, 219, 22, 38, 0, 0, 0.14%, 7, 0, 8, 60.30
1734113883, 221, 23, 38, 0, 0, 0.14%, 7, 0, 8, 62.86
1734113918, 222, 14, 38, 0, 0, 0.14%, 7, 0, 8, 65.15
1734113933, 223, 33, 38, 0, 0, 0.14%, 7, 0, 8, 67.04
1734113969, 224, 31, 38, 0, 0, 0.14%, 7, 0, 8, 71.37
1734113979, 225, 21, 38, 0, 0, 0.14%, 7, 0, 8, 69.90
1734114015, 225, 31, 38, 0, 0, 0.14%, 7, 0, 8, 66.08
1734114025, 225, 34, 38, 0, 0, 0.14%, 7, 0, 8, 78.75
1734114107, 226, 24, 38, 0, 0, 0.14%, 7, 0, 8, 62.87
1734114147, 229, 24, 38, 0, 0, 0.14%, 7, 0, 8, 65.63
1734114188, 230, 31, 38, 0, 0, 0.14%, 7, 0, 8, 60.52
1734114213, 232, 14, 38, 0, 0, 0.14%, 7, 0, 8, 65.34
1734114238, 232, 15, 38, 0, 0, 0.14%, 7, 0, 8, 60.07
1734114274, 232, 17, 38, 0, 0, 0.14%, 7, 0, 8, 65.83
1734114310, 232, 30, 38, 0, 0, 0.14%, 7, 0, 8, 63.67
1734114350, 233, 13, 38, 0, 0, 0.14%, 7, 0, 8, 61.61
1734114371, 235, 36, 38, 0, 0, 0.14%, 7, 0, 8, 65.62
1734114406, 236, 23, 38, 0, 0, 0.14%, 7, 0, 8, 66.69
1734114447, 238, 11, 38, 0, 0, 0.14%, 7, 0, 8, 59.00
1734114457, 239, 17, 38, 0, 0, 0.14%, 7, 0, 8, 62.24
1734114492, 240, 29, 38, 0, 0, 0.14%, 7, 0, 8, 53.84
1734114528, 241, 25, 38, 0, 0, 0.14%, 7, 0, 8, 58.67
1734114563, 245, 11, 38, 0, 0, 0.14%, 7, 0, 8, 62.48
1734114589, 247, 13, 38, 0, 0, 0.14%, 7, 0, 8, 60.64
1734114619, 247, 21, 38, 0, 0, 0.14%, 7, 0, 8, 65.00
1734114655, 248, 11, 38, 0, 0, 0.14%, 7, 0, 8, 61.42
1734114685, 250, 32, 38, 0, 0, 0.14%, 7, 0, 8, 69.15
1734114720, 251, 34, 38, 0, 0, 0.14%, 7, 0, 8, 64.35
1734114731, 252, 28, 38, 0, 0, 0.14%, 7, 0, 8, 66.24
1734114766, 254, 21, 38, 0, 0, 0.14%, 7, 0, 8, 69.36
1734114802, 254, 29, 38, 0, 0, 0.14%, 7, 0, 8, 57.55
1734114843, 255, 25, 38, 0, 0, 0.14%, 7, 0, 8, 63.47
1734114878, 256, 34, 38, 0, 0, 0.14%, 7, 0, 8, 64.55
1734114908, 258, 11, 38, 0, 0, 0.14%, 7, 0, 8, 58.02
1734114944, 259, 11, 38, 0, 0, 0.14%, 7, 0, 8, 55.82
1734114979, 259, 26, 38, 0, 0, 0.14%, 7, 0, 8, 70.88
1734114984, 259, 33, 38, 0, 0, 0.14%, 7, 0, 8, 67.36
1734115020, 261, 33, 38, 0, 0, 0.14%, 7, 0, 8, 62.45
1734115055, 262, 14, 38, 0, 0, 0.14%, 7, 0, 8, 70.11
1734115091, 263, 21, 38, 0, 0, 0.14%, 7, 0, 8, 57.97
1734115127, 263, 34, 38, 0, 0, 0.14%, 7, 0, 8, 64.51
1734115167, 268, 27, 38, 0, 0, 0.14%, 7, 0, 8, 59.89
1734115172, 270, 22, 38, 0, 0, 0.14%, 7, 0, 8, 59.66
1734115208, 273, 30, 38, 0, 0, 0.14%, 7, 0, 8, 70.41
1734115248, 273, 32, 38, 0, 0, 0.14%, 7, 0, 8, 62.15
1734115284, 273, 36, 38, 0, 0, 0.14%, 7, 0, 8, 69.64
1734115319, 274, 23, 38, 0, 0, 0.14%, 7, 0, 8, 62.37
1734115324, 274, 25, 38, 0, 0, 0.14%, 7, 0, 8, 58.17
1734115365, 274, 36, 38, 0, 0, 0.14%, 7, 0, 8, 56.50
1734115401, 275, 19, 38, 0, 0, 0.14%, 7, 0, 8, 65.17
1734115406, 276, 29, 38, 0, 0, 0.14%, 7, 0, 8, 61.53
1734115441, 279, 25, 38, 0, 0, 0.14%, 7, 0, 8, 67.80
1734115482, 281, 13, 38, 0, 0, 0.14%, 7, 0, 8, 57.59
1734115517, 282, 27, 38, 0, 0, 0.14%, 7, 0, 8, 62.25
1734115538, 284, 29, 38, 0, 0, 0.14%, 7, 0, 8, 59.47
1734115578, 286, 36, 38, 0, 0, 0.14%, 7, 0, 8, 68.91
1734115613, 290, 25, 38, 0, 0, 0.14%, 7, 0, 8, 70.59
1734115649, 291, 34, 38, 0, 0, 0.14%, 7, 0, 8, 61.51
1734115685, 292, 22, 38, 0, 0, 0.14%, 7, 0, 8, 61.52
1734115725, 293, 30, 38, 0, 0, 0.14%, 7, 0, 8, 57.73
1734115740, 294, 13, 38, 0, 0, 0.14%, 7, 0, 8, 60.27
1734115776, 294, 34, 38, 0, 0, 0.14%, 7, 0, 8, 63.06
1734115811, 295, 25, 38, 0, 0, 0.14%, 7, 0, 8, 62.24
1734115847, 296, 28, 38, 0, 0, 0.14%, 7, 0, 8, 67.66
1734115857, 304, 14, 38, 0, 0, 0.14%, 7, 0, 8, 64.33
1734115892, 305, 27, 38, 0, 0, 0.14%, 7, 0, 8, 64.86
1734115933, 306, 20, 38, 0, 0, 0.14%, 7, 0, 8, 68.47
1734115938, 309, 10, 38, 0, 0, 0.14%, 7, 0, 8, 63.02
1734115943, 310, 19, 38, 0, 0, 0.14%, 7, 0, 8, 67.24
1734115958, 311, 10, 38, 0, 0, 0.14%, 7, 0, 8, 63.78
1734115963, 311, 13, 38, 0, 0, 0.14%, 7, 0, 8, 61.25
1734115999, 314, 10, 38, 0, 0, 0.14%, 7, 0, 8, 61.64
1734116009, 316, 30, 38, 0, 0, 0.14%, 7, 0, 8, 59.03
1734116024, 318, 22, 38, 0, 0, 0.14%, 7, 0, 8, 59.40
1734116060, 319, 14, 38, 0, 0, 0.14%, 7, 0, 8, 63.54
1734116101, 321, 20, 38, 0, 0, 0.14%, 7, 0, 8, 76.43
1734116111, 322, 17, 38, 0, 0, 0.14%, 7, 0, 8, 64.35
1734116146, 327, 27, 38, 0, 0, 0.14%, 7, 0, 8, 63.87
1734116182, 329, 10, 38, 0, 0, 0.14%, 7, 0, 8, 60.54
1734116202, 330, 13, 38, 0, 0, 0.14%, 7, 0, 8, 57.36
1734116238, 332, 10, 38, 0, 0, 0.14%, 7, 0, 8, 53.72
1734116273, 332, 19, 38, 0, 0, 0.14%, 7, 0, 8, 66.11
1734116304, 333, 28, 38, 0, 0, 0.14%, 7, 0, 8, 64.24
1734116314, 334, 21, 38, 0, 0, 0.14%, 7, 0, 8, 71.02
1734116350, 335, 10, 38, 0, 0, 0.14%, 7, 0, 8, 56.26
1734116385, 335, 30, 38, 0, 0, 0.14%, 7, 0, 8, 60.18
1734116395, 336, 31, 38, 0, 0, 0.14%, 7, 0, 8, 61.53
1734116431, 337, 23, 38, 0, 0, 0.14%, 7, 0, 8, 67.67
1734116441, 338, 30, 38, 0, 0, 0.14%, 7, 0, 8, 63.27
1734116446, 339, 27, 38, 0, 0, 0.14%, 7, 0, 8, 63.17
1734116482, 340, 26, 38, 0, 0, 0.14%, 7, 0, 8, 66.79
1734116497, 342, 23, 38, 0, 0, 0.14%, 7, 0, 8, 61.31
1734116502, 346, 19, 38, 0, 0, 0.14%, 7, 0, 8, 64.37
1734116537, 346, 21, 38, 0, 0, 0.14%, 7, 0, 8, 68.75
1734116573, 346, 23, 38, 0, 0, 0.14%, 7, 0, 8, 65.69
1734116578, 346, 27, 38, 0, 0, 0.14%, 7, 0, 8, 64.88
1734116614, 348, 17, 38, 0, 0, 0.14%, 7, 0, 8, 62.18
1734116649, 348, 20, 38, 0, 0, 0.14%, 7, 0, 8, 75.82
1734116675, 348, 26, 38, 0, 0, 0.14%, 7, 0, 8, 61.84
1734116700, 354, 17, 38, 0, 0, 0.14%, 7, 0, 8, 70.74
1734116736, 354, 23, 38, 0, 0, 0.14%, 7, 0, 8, 62.56
1734116741, 357, 16, 38, 0, 0, 0.14%, 7, 0, 8, 75.42
1734116889, 358, 30, 38, 0, 0, 0.14%, 7, 0, 8, 63.80
1734116899, 359, 27, 38, 0, 0, 0.14%, 7, 0, 8, 60.48
1734116934, 363, 28, 38, 0, 0, 0.14%, 7, 0, 8, 59.23
1734116944, 364, 30, 38, 0, 0, 0.14%, 7, 0, 8, 63.03
1734116949, 370, 30, 38, 0, 0, 0.14%, 7, 0, 8, 59.81
1734116954, 375, 30, 38, 0, 0, 0.14%, 7, 0, 8, 66.76
1734116964, 377, 20, 38, 0, 0, 0.14%, 7, 0, 8, 84.48
1734116995, 377, 30, 38, 0, 0, 0.14%, 7, 0, 8, 64.89
1734117005, 381, 30, 38, 0, 0, 0.14%, 7, 0, 8, 62.22
1734117010, 382, 28, 38, 0, 0, 0.14%, 7, 0, 8, 63.04
1734117015, 384, 16, 38, 0, 0, 0.14%, 7, 0, 8, 61.14
1734117030, 388, 26, 38, 0, 0, 0.14%, 7, 0, 8, 87.48
1734117061, 388, 28, 38, 0, 0, 0.14%, 7, 0, 8, 64.70
1734117071, 390, 23, 38, 0, 0, 0.14%, 7, 0, 8, 64.79
1734117076, 390, 28, 38, 0, 0, 0.14%, 7, 0, 8, 66.35
1734117081, 395, 22, 38, 0, 0, 0.14%, 7, 0, 8, 63.40
1734117122, 395, 30, 38, 0, 0, 0.14%, 7, 0, 8, 56.03
1734117127, 395, 31, 38, 0, 0, 0.14%, 7, 0, 8, 64.35
1734117163, 398, 22, 38, 0, 0, 0.14%, 7, 0, 8, 58.35
1734117203, 402, 26, 38, 0, 0, 0.14%, 7, 0, 8, 77.17
1734117234, 406, 28, 38, 0, 0, 0.14%, 7, 0, 8, 71.66
1734117244, 410, 20, 38, 0, 0, 0.14%, 7, 0, 8, 84.59
1734117275, 415, 20, 38, 0, 0, 0.14%, 7, 0, 8, 85.40
1734117305, 425, 31, 38, 0, 0, 0.14%, 7, 0, 8, 64.60
1734117341, 428, 23, 38, 0, 0, 0.14%, 7, 0, 8, 72.48
1734117346, 429, 22, 38, 0, 0, 0.14%, 7, 0, 8, 64.40
1734117381, 432, 16, 38, 0, 0, 0.14%, 7, 0, 8, 67.54
1734117407, 435, 23, 38, 0, 0, 0.14%, 7, 0, 8, 64.80
1734117412, 435, 28, 38, 0, 0, 0.14%, 7, 0, 8, 60.77
1734117422, 439, 22, 38, 0, 0, 0.14%, 7, 0, 8, 60.62
1734117427, 444, 16, 38, 0, 0, 0.14%, 7, 0, 8, 65.48
1734117457, 446, 23, 38, 0, 0, 0.14%, 7, 0, 8, 64.14
1734117468, 450, 30, 38, 0, 0, 0.14%, 7, 0, 8, 60.72
1734117473, 456, 30, 38, 0, 0, 0.14%, 7, 0, 8, 61.43
1734117483, 458, 30, 38, 0, 0, 0.14%, 7, 0, 8, 59.43
1734117488, 460, 31, 38, 0, 0, 0.14%, 7, 0, 8, 63.37
1734117528, 463, 30, 38, 0, 0, 0.14%, 7, 0, 8, 60.59
1734117533, 466, 30, 38, 0, 0, 0.14%, 7, 0, 8, 63.01
1734117539, 469, 30, 38, 0, 0, 0.14%, 7, 0, 8, 59.62
1734117549, 473, 30, 38, 0, 0, 0.14%, 7, 0, 8, 66.34
1734117554, 479, 23, 38, 0, 0, 0.14%, 7, 0, 8, 61.26
1734117564, 492, 23, 38, 0, 0, 0.14%, 7, 0, 8, 60.11
1734117569, 496, 23, 38, 0, 0, 0.14%, 7, 0, 8, 59.88
1734117574, 497, 30, 38, 0, 0, 0.14%, 7, 0, 8, 60.07
1734117584, 500, 23, 38, 0, 0, 0.14%, 7, 0, 8, 63.14
1734117589, 508, 28, 38, 0, 0, 0.14%, 7, 0, 8, 64.59
1734117595, 524, 30, 38, 0, 0, 0.14%, 7, 0, 8, 63.82
1734117605, 525, 28, 38, 0, 0, 0.14%, 7, 0, 8, 64.35
1734117610, 533, 28, 38, 0, 0, 0.14%, 7, 0, 8, 61.69
1734117620, 538, 30, 38, 0, 0, 0.14%, 7, 0, 8, 62.84
1734117625, 543, 28, 38, 0, 0, 0.14%, 7, 0, 8, 63.77
1734117630, 543, 30, 38, 0, 0, 0.14%, 7, 0, 8, 64.72
1734117640, 549, 30, 38, 0, 0, 0.14%, 7, 0, 8, 62.69
1734117645, 551, 30, 38, 0, 0, 0.14%, 7, 0, 8, 63.57
1734117650, 554, 28, 38, 0, 0, 0.14%, 7, 0, 8, 63.95
1734117660, 582, 28, 38, 0, 0, 0.14%, 7, 0, 8, 63.19
1734117665, 593, 28, 38, 0, 0, 0.14%, 7, 0, 8, 69.59
1734117670, 593, 30, 38, 0, 0, 0.14%, 7, 0, 8, 63.70
1734117681, 595, 30, 38, 0, 0, 0.14%, 7, 0, 8, 64.95
1734117686, 600, 28, 38, 0, 0, 0.14%, 7, 0, 8, 64.53
1734117696, 633, 28, 38, 0, 0, 0.14%, 7, 0, 8, 61.43
1734117701, 640, 30, 38, 0, 0, 0.14%, 7, 0, 8, 61.88
1734117706, 650, 28, 38, 0, 0, 0.14%, 7, 0, 8, 63.00
1734117716, 653, 28, 38, 0, 0, 0.14%, 7, 0, 8, 66.90
1734117721, 657, 28, 38, 0, 0, 0.14%, 7, 0, 8, 66.49
1734117726, 669, 28, 38, 0, 0, 0.14%, 7, 0, 8, 64.65
1734117736, 671, 30, 38, 0, 0, 0.14%, 7, 0, 8, 64.08
1734117741, 679, 30, 38, 0, 0, 0.14%, 7, 0, 8, 64.16
1734117746, 688, 28, 38, 0, 0, 0.14%, 7, 0, 8, 58.35
1734117757, 700, 30, 38, 0, 0, 0.14%, 7, 0, 8, 66.91
1734117762, 702, 30, 38, 0, 0, 0.14%, 7, 0, 8, 64.29
1734117772, 709, 30, 38, 0, 0, 0.14%, 7, 0, 8, 60.71
1734117777, 716, 28, 38, 0, 0, 0.14%, 7, 0, 8, 57.38
1734117782, 725, 30, 38, 0, 0, 0.14%, 7, 0, 8, 62.77
1734117792, 732, 28, 38, 0, 0, 0.14%, 7, 0, 8, 61.49
1734117797, 733, 28, 38, 0, 0, 0.14%, 7, 0, 8, 59.45
1734117807, 733, 30, 38, 0, 0, 0.14%, 7, 0, 8, 61.23
1734117812, 735, 30, 38, 0, 0, 0.14%, 7, 0, 8, 57.92
1734117817, 749, 30, 38, 0, 0, 0.14%, 7, 0, 8, 61.54
1734117827, 752, 30, 38, 0, 0, 0.14%, 7, 0, 8, 61.15
1734117833, 763, 28, 38, 0, 0, 0.14%, 7, 0, 8, 62.36
1734117843, 777, 30, 38, 0, 0, 0.14%, 7, 0, 8, 60.84
1734117848, 792, 30, 38, 0, 0, 0.14%, 7, 0, 8, 60.30
1734117853, 795, 28, 38, 0, 0, 0.14%, 7, 0, 8, 62.90
1734117863, 803, 30, 38, 0, 0, 0.14%, 7, 0, 8, 64.07
1734117868, 821, 30, 38, 0, 0, 0.14%, 7, 0, 8, 58.63
1734117873, 826, 28, 38, 0, 0, 0.14%, 7, 0, 8, 64.91
1734117883, 839, 30, 38, 0, 0, 0.14%, 7, 0, 8, 59.10
1734117888, 853, 28, 38, 0, 0, 0.14%, 7, 0, 8, 64.68
1734117898, 856, 28, 38, 0, 0, 0.14%, 7, 0, 8, 63.38
1734117903, 863, 30, 38, 0, 0, 0.14%, 7, 0, 8, 67.12
1734117908, 875, 28, 38, 0, 0, 0.14%, 7, 0, 8, 62.28
1734117919, 879, 28, 38, 0, 0, 0.14%, 7, 0, 8, 64.06
1734117924, 891, 28, 38, 0, 0, 0.14%, 7, 0, 8, 63.60
1734117934, 895, 28, 38, 0, 0, 0.14%, 7, 0, 8, 58.93
1734117939, 897, 30, 38, 0, 0, 0.14%, 7, 0, 8, 62.23
1734117944, 898, 30, 38, 0, 0, 0.14%, 7, 0, 8, 62.42
1734117954, 900, 28, 38, 0, 0, 0.14%, 7, 0, 8, 63.36
1734117959, 915, 30, 38, 0, 0, 0.14%, 7, 0, 8, 57.71
1734117969, 917, 28, 38, 0, 0, 0.14%, 7, 0, 8, 67.48
1734117974, 928, 28, 38, 0, 0, 0.14%, 7, 0, 8, 67.84
1734117979, 933, 30, 38, 0, 0, 0.14%, 7, 0, 8, 60.76
1734117989, 940, 28, 38, 0, 0, 0.14%, 7, 0, 8, 65.81
1734117995, 948, 30, 38, 0, 0, 0.14%, 7, 0, 8, 61.35
1734118000, 951, 28, 38, 0, 0, 0.14%, 7, 0, 8, 63.24
1734118010, 976, 30, 38, 0, 0, 0.14%, 7, 0, 8, 65.32
1734118015, 978, 28, 38, 0, 0, 0.14%, 7, 0, 8, 67.46
1734118020, 978, 30, 38, 0, 0, 0.14%, 7, 0, 8, 63.92
1734118030, 993, 28, 38, 0, 0, 0.14%, 7, 0, 8, 66.06
1734118035, 1003, 30, 38, 0, 0, 0.14%, 7, 0, 8, 60.48
1734118040, 1045, 30, 38, 0, 0, 0.14%, 7, 0, 8, 62.43
1734118050, 1055, 28, 38, 0, 0, 0.14%, 7, 0, 8, 60.53
1734118055, 1068, 28, 38, 0, 0, 0.14%, 7, 0, 8, 62.66
1734118060, 1080, 28, 38, 0, 0, 0.14%, 7, 0, 8, 70.04
1734118071, 1111, 28, 38, 0, 0, 0.14%, 7, 0, 8, 63.18
1734118076, 1122, 30, 38, 0, 0, 0.14%, 7, 0, 8, 64.16
1734118081, 1125, 30, 38, 0, 0, 0.14%, 7, 0, 8, 58.28
1734118091, 1130, 28, 38, 0, 0, 0.14%, 7, 0, 8, 64.98
1734118096, 1137, 28, 38, 0, 0, 0.14%, 7, 0, 8, 68.81
1734118101, 1154, 30, 38, 0, 0, 0.14%, 7, 0, 8, 64.73
1734118111, 1166, 28, 38, 0, 0, 0.14%, 7, 0, 8, 68.13
1734118116, 1190, 30, 38, 0, 0, 0.14%, 7, 0, 8, 64.58
1734118121, 1201, 30, 38, 0, 0, 0.14%, 7, 0, 8, 62.66
1734118131, 1211, 30, 38, 0, 0, 0.14%, 7, 0, 8, 61.18
1734118136, 1217, 28, 38, 0, 0, 0.14%, 7, 0, 8, 62.80
1734118142, 1218, 30, 38, 0, 0, 0.14%, 7, 0, 8, 63.47
1734118152, 1224, 30, 38, 0, 0, 0.14%, 7, 0, 8, 60.76
1734118157, 1252, 30, 38, 0, 0, 0.14%, 7, 0, 8, 61.19
1734118162, 1263, 30, 38, 0, 0, 0.14%, 7, 0, 8, 60.33
1734118172, 1268, 28, 38, 0, 0, 0.14%, 7, 0, 8, 62.12
1734118177, 1270, 30, 38, 0, 0, 0.14%, 7, 0, 8, 60.90
1734118187, 1301, 30, 38, 0, 0, 0.14%, 7, 0, 8, 56.56
1734118192, 1304, 28, 38, 0, 0, 0.14%, 7, 0, 8, 67.09
1734118197, 1310, 28, 38, 0, 0, 0.14%, 7, 0, 8, 65.74
1734118207, 1317, 28, 38, 0, 0, 0.14%, 7, 0, 8, 64.13
1734118212, 1322, 28, 38, 0, 0, 0.14%, 7, 0, 8, 63.61
1734118223, 1328, 28, 38, 0, 0, 0.14%, 7, 0, 8, 69.60
1734118228, 1329, 30, 38, 0, 0, 0.14%, 7, 0, 8, 62.98
1734118233, 1331, 30, 38, 0, 0, 0.14%, 7, 0, 8, 64.73
1734118243, 1366, 30, 38, 0, 0, 0.14%, 7, 0, 8, 61.70
1734118248, 1372, 30, 38, 0, 0, 0.14%, 7, 0, 8, 61.86
1734118253, 1380, 30, 38, 0, 0, 0.14%, 7, 0, 8, 61.48
1734118263, 1384, 28, 38, 0, 0, 0.14%, 7, 0, 8, 66.59
1734118268, 1390, 28, 38, 0, 0, 0.14%, 7, 0, 8, 64.10
1734118273, 1394, 28, 38, 0, 0, 0.14%, 7, 0, 8, 62.98
1734118283, 1396, 30, 38, 0, 0, 0.14%, 7, 0, 8, 62.96
1734118288, 1398, 30, 38, 0, 0, 0.14%, 7, 0, 8, 62.96
1734118298, 1411, 28, 38, 0, 0, 0.14%, 7, 0, 8, 63.12
1734118303, 1427, 30, 38, 0, 0, 0.14%, 7, 0, 8, 62.35
1734118308, 1428, 30, 38, 0, 0, 0.14%, 7, 0, 8, 61.59
1734118319, 1479, 30, 38, 0, 0, 0.14%, 7, 0, 8, 61.80
1734118324, 1483, 28, 38, 0, 0, 0.14%, 7, 0, 8, 65.78
1734118329, 1483, 30, 38, 0, 0, 0.14%, 7, 0, 8, 64.43
1734118339, 1495, 30, 38, 0, 0, 0.14%, 7, 0, 8, 59.82
1734118344, 1528, 30, 38, 0, 0, 0.14%, 7, 0, 8, 60.63
1734118354, 1529, 28, 38, 0, 0, 0.14%, 7, 0, 8, 68.49
1734118359, 1529, 30, 38, 0, 0, 0.14%, 7, 0, 8, 70.88
1734118364, 1555, 30, 38, 0, 0, 0.14%, 7, 0, 8, 64.49
1734118374, 1560, 28, 38, 0, 0, 0.14%, 7, 0, 8, 60.47
1734118379, 1572, 28, 38, 0, 0, 0.14%, 7, 0, 8, 62.84
1734118384, 1629, 28, 38, 0, 0, 0.14%, 7, 0, 8, 63.82
1734118395, 1632, 28, 38, 0, 0, 0.14%, 7, 0, 8, 61.92
1734118400, 1646, 28, 38, 0, 0, 0.14%, 7, 0, 8, 57.46
1734118405, 1652, 28, 38, 0, 0, 0.14%, 7, 0, 8, 65.44
1734118415, 1659, 28, 38, 0, 0, 0.14%, 7, 0, 8, 65.11
1734118420, 1681, 28, 38, 0, 0, 0.14%, 7, 0, 8, 65.63
1734118425, 1684, 28, 38, 0, 0, 0.14%, 7, 0, 8, 69.96
1734118430, 1691, 28, 38, 0, 0, 0.14%, 7, 0, 8, 65.30
1734118440, 1692, 28, 38, 0, 0, 0.14%, 7, 0, 8, 69.30
1734118446, 1693, 28, 38, 0, 0, 0.14%, 7, 0, 8, 72.46
1734118451, 1710, 28, 38, 0, 0, 0.14%, 7, 0, 8, 66.04
1734118461, 1716, 28, 38, 0, 0, 0.14%, 7, 0, 8, 65.45
1734118466, 1752, 28, 38, 0, 0, 0.14%, 7, 0, 8, 63.76
1734118471, 1767, 28, 38, 0, 0, 0.14%, 7, 0, 8, 59.32
1734118481, 1768, 28, 38, 0, 0, 0.14%, 7, 0, 8, 66.88
1734118486, 1779, 28, 38, 0, 0, 0.14%, 7, 0, 8, 66.95
1734118491, 1784, 28, 38, 0, 0, 0.14%, 7, 0, 8, 64.30
1734118502, 1785, 28, 38, 0, 0, 0.14%, 7, 0, 8, 63.55
1734118507, 1806, 28, 38, 0, 0, 0.14%, 7, 0, 8, 64.15
1734118517, 1824, 28, 38, 0, 0, 0.14%, 7, 0, 8, 61.61
1734118522, 1851, 28, 38, 0, 0, 0.14%, 7, 0, 8, 66.00
1734118527, 1861, 28, 38, 0, 0, 0.14%, 7, 0, 8, 67.72
1734118537, 1868, 28, 38, 0, 0, 0.14%, 7, 0, 8, 61.36
1734118542, 1878, 28, 38, 0, 0, 0.14%, 7, 0, 8, 63.62
1734118547, 1880, 28, 38, 0, 0, 0.14%, 7, 0, 8, 62.82
1734118557, 1929, 28, 38, 0, 0, 0.14%, 7, 0, 8, 66.02
1734118562, 1948, 28, 38, 0, 0, 0.14%, 7, 0, 8, 65.44
1734118572, 1956, 28, 38, 0, 0, 0.14%, 7, 0, 8, 60.97
1734118577, 1967, 28, 38, 0, 0, 0.14%, 7, 0, 8, 66.56
1734118583, 1972, 28, 38, 0, 0, 0.14%, 7, 0, 8, 70.84
1734118588, 2000, 28, 38, 0, 0, 0.14%, 7, 0, 8, 64.10
1734118598, 2037, 28, 38, 0, 0, 0.14%, 7, 0, 8, 65.06
1734118603, 2059, 28, 38, 0, 0, 0.14%, 7, 0, 8, 60.04
1734118613, 2065, 28, 38, 0, 0, 0.14%, 7, 0, 8, 65.68
1734118618, 2093, 28, 38, 0, 0, 0.14%, 7, 0, 8, 63.53
1734118623, 2174, 28, 38, 0, 0, 0.14%, 7, 0, 8, 63.33
1734118633, 2186, 28, 38, 0, 0, 0.14%, 7, 0, 8, 68.31
1734118638, 2192, 28, 38, 0, 0, 0.14%, 7, 0, 8, 66.97
1734118644, 2200, 28, 38, 0, 0, 0.14%, 7, 0, 8, 67.08
1734118649, 2215, 28, 38, 0, 0, 0.14%, 7, 0, 8, 62.66
1734118659, 2242, 28, 38, 0, 0, 0.14%, 7, 0, 8, 65.85
1734118664, 2245, 28, 38, 0, 0, 0.14%, 7, 0, 8, 63.79
1734118669, 2246, 28, 38, 0, 0, 0.14%, 7, 0, 8, 65.42
1734118679, 2248, 28, 38, 0, 0, 0.14%, 7, 0, 8, 64.33
1734118684, 2270, 28, 38, 0, 0, 0.14%, 7, 0, 8, 65.19
1734118689, 2283, 28, 38, 0, 0, 0.14%, 7, 0, 8, 59.93
1734118700, 2303, 28, 38, 0, 0, 0.14%, 7, 0, 8, 69.17
1734118705, 2313, 28, 38, 0, 0, 0.14%, 7, 0, 8, 68.42
1734118710, 2326, 28, 38, 0, 0, 0.14%, 7, 0, 8, 60.85
1734118720, 2342, 28, 38, 0, 0, 0.14%, 7, 0, 8, 65.71
1734118725, 2351, 28, 38, 0, 0, 0.14%, 7, 0, 8, 63.41
1734118730, 2386, 28, 38, 0, 0, 0.14%, 7, 0, 8, 68.19
1734118740, 2425, 28, 38, 0, 0, 0.14%, 7, 0, 8, 63.59
1734118745, 2429, 28, 38, 0, 0, 0.14%, 7, 0, 8, 61.91
1734118755, 2430, 28, 38, 0, 0, 0.14%, 7, 0, 8, 64.85
1734118761, 2460, 28, 38, 0, 0, 0.14%, 7, 0, 8, 65.07
1734118766, 2461, 28, 38, 0, 0, 0.14%, 7, 0, 8, 63.98
1734118776, 2474, 28, 38, 0, 0, 0.14%, 7, 0, 8, 68.33
1734118781, 2482, 28, 38, 0, 0, 0.14%, 7, 0, 8, 65.55
1734118786, 2484, 28, 38, 0, 0, 0.14%, 7, 0, 8, 65.99
1734118796, 2529, 28, 38, 0, 0, 0.14%, 7, 0, 8, 68.36
1734118801, 2552, 28, 38, 0, 0, 0.14%, 7, 0, 8, 67.53
1734118806, 2590, 28, 38, 0, 0, 0.14%, 7, 0, 8, 68.38
1734118816, 2595, 28, 38, 0, 0, 0.14%, 7, 0, 8, 66.56
1734118821, 2597, 28, 38, 0, 0, 0.14%, 7, 0, 8, 63.67
1734118827, 2626, 28, 38, 0, 0, 0.14%, 7, 0, 8, 61.58
1734118837, 2650, 28, 38, 0, 0, 0.14%, 7, 0, 8, 65.04
1734118842, 2668, 28, 38, 0, 0, 0.14%, 7, 0, 8, 65.42
1734118847, 2742, 28, 38, 0, 0, 0.14%, 7, 0, 8, 63.62
1734118857, 2754, 28, 38, 0, 0, 0.14%, 7, 0, 8, 64.65
1734118862, 2770, 28, 38, 0, 0, 0.14%, 7, 0, 8, 62.97
1734118867, 2772, 28, 38, 0, 0, 0.14%, 7, 0, 8, 63.26
1734118877, 2784, 28, 38, 0, 0, 0.14%, 7, 0, 8, 63.30
1734118882, 2799, 28, 38, 0, 0, 0.14%, 7, 0, 8, 66.15
1734118892, 2807, 28, 38, 0, 0, 0.14%, 7, 0, 8, 60.92
1734118898, 2821, 28, 38, 0, 0, 0.14%, 7, 0, 8, 65.87
1734118903, 2827, 28, 38, 0, 0, 0.14%, 7, 0, 8, 63.08
1734118913, 2854, 28, 38, 0, 0, 0.14%, 7, 0, 8, 59.77
1734118918, 2883, 28, 38, 0, 0, 0.14%, 7, 0, 8, 67.93
1734118923, 2885, 28, 38, 0, 0, 0.14%, 7, 0, 8, 62.74
1734118933, 18961, 0, 38, 0, 0, 0.14%, 7, 0, 8, 0.00
1734118938, 37685, 0, 38, 0, 0, 0.14%, 7, 0, 8, 0.00
1734118944, 55187, 0, 38, 0, 0, 0.14%, 7, 0, 8, 0.00
1734118949, 72590, 0, 38, 0, 0, 0.14%, 7, 0, 8, 0.00
1734118954, 90002, 0, 38, 0, 0, 0.14%, 7, 0, 8, 0.00
1734118959, 108043, 0, 38, 0, 0, 0.14%, 7, 0, 8, 0.00
1734118964, 125540, 0, 38, 0, 0, 0.14%, 7, 0, 8, 0.00
1734118970, 142999, 0, 38, 0, 0, 0.14%, 7, 0, 8, 0.00
1734118975, 160480, 0, 38, 0, 0, 0.14%, 7, 0, 8, 0.00
1734118980, 178569, 0, 38, 0, 0, 0.14%, 7, 0, 8, 0.00
1734118985, 197397, 0, 38, 0, 0, 0.14%, 7, 0, 8, 0.00
1734118990, 214848, 0, 38, 0, 0, 0.14%, 7, 0, 8, 0.00
1734118996, 232194, 0, 38, 0, 0, 0.14%, 7, 0, 8, 0.00
1734119001, 250910, 0, 38, 0, 0, 0.14%, 7, 0, 8, 0.00
1734119006, 268250, 0, 38, 0, 0, 0.14%, 7, 0, 8, 0.00
1734119011, 286327, 0, 38, 0, 0, 0.14%, 7, 0, 8, 0.00
1734119016, 303730, 0, 38, 0, 0, 0.14%, 7, 0, 8, 0.00
1734119022, 321160, 0, 38, 0, 0, 0.14%, 7, 0, 8, 0.00
1734119027, 338524, 0, 38, 0, 0, 0.14%, 7, 0, 8, 0.00
1734119032, 356607, 0, 38, 0, 0, 0.14%, 7, 0, 8, 0.00
1734119037, 375322, 0, 38, 0, 0, 0.14%, 7, 0, 8, 0.00
1734119042, 392815, 0, 38, 0, 0, 0.14%, 7, 0, 8, 0.00
1734119048, 410244, 0, 38, 0, 0, 0.14%, 7, 0, 8, 0.00
1734119053, 427662, 0, 38, 0, 0, 0.14%, 7, 0, 8, 0.00
1734119058, 445689, 0, 38, 0, 0, 0.14%, 7, 0, 8, 0.00
1734119063, 463150, 0, 38, 0, 0, 0.14%, 7, 0, 8, 0.00
1734119068, 480625, 0, 38, 0, 0, 0.14%, 7, 0, 8, 0.00
1734119074, 498097, 0, 38, 0, 0, 0.14%, 7, 0, 8, 0.00
1734119079, 516235, 0, 38, 0, 0, 0.14%, 7, 0, 8, 0.00
1734119084, 534378, 0, 38, 0, 0, 0.14%, 7, 0, 8, 0.00
1734119089, 552488, 0, 38, 0, 0, 0.14%, 7, 0, 8, 0.00
1734119094, 569906, 0, 38, 0, 0, 0.14%, 7, 0, 8, 0.00
1734119100, 587386, 0, 38, 0, 0, 0.14%, 7, 0, 8, 0.00
1734119105, 605092, 0, 38, 0, 0, 0.14%, 7, 0, 8, 0.00
1734119110, 622975, 0, 38, 0, 0, 0.14%, 7, 0, 8, 0.00
1734119115, 640458, 0, 38, 0, 0, 0.14%, 7, 0, 8, 0.00
1734119120, 657860, 0, 38, 0, 0, 0.14%, 7, 0, 8, 0.00
1734119126, 675971, 0, 38, 0, 0, 0.14%, 7, 0, 8, 0.00
1734119131, 693363, 0, 38, 0, 0, 0.14%, 7, 0, 8, 0.00
1734119136, 710790, 0, 38, 0, 0, 0.14%, 7, 0, 8, 0.00
1734119141, 728232, 0, 38, 0, 0, 0.14%, 7, 0, 8, 0.00
1734119146, 746307, 0, 38, 0, 0, 0.14%, 7, 0, 8, 0.00
1734119152, 764381, 0, 38, 0, 0, 0.14%, 7, 0, 8, 0.00
1734119157, 781805, 0, 38, 0, 0, 0.14%, 7, 0, 8, 0.00
1734119162, 799104, 0, 38, 0, 0, 0.14%, 7, 0, 8, 0.00
1734119167, 816489, 0, 38, 0, 0, 0.14%, 7, 0, 8, 0.00
1734119172, 834528, 0, 38, 0, 0, 0.14%, 7, 0, 8, 0.00
1734119178, 851925, 0, 38, 0, 0, 0.14%, 7, 0, 8, 0.00
1734119183, 869302, 0, 38, 0, 0, 0.14%, 7, 0, 8, 0.00
1734119188, 886786, 0, 38, 0, 0, 0.14%, 7, 0, 8, 0.00
1734119193, 905575, 0, 38, 0, 0, 0.14%, 7, 0, 8, 0.00
1734119198, 922252, 0, 38, 0, 0, 0.14%, 7, 0, 8, 0.00
1734119204, 940402, 0, 38, 0, 0, 0.14%, 7, 0, 8, 0.00
1734119209, 957887, 0, 38, 0, 0, 0.14%, 7, 0, 8, 0.00
1734119214, 975334, 0, 38, 0, 0, 0.14%, 7, 0, 8, 0.00
1734119219, 992705, 0, 38, 0, 0, 0.14%, 7, 0, 8, 0.00
1734119224, 1011478, 0, 38, 0, 0, 0.14%, 7, 0, 8, 0.00
1734119230, 1028869, 0, 38, 0, 0, 0.14%, 7, 0, 8, 0.00
1734119235, 1046977, 0, 38, 0, 0, 0.14%, 7, 0, 8, 0.00
1734119240, 1064314, 0, 38, 0, 0, 0.14%, 7, 0, 8, 0.00
1734119245, 1082399, 0, 38, 0, 0, 0.14%, 7, 0, 8, 0.00
1734119250, 1099885, 0, 38, 0, 0, 0.14%, 7, 0, 8, 0.00
1734119256, 1117291, 0, 38, 0, 0, 0.14%, 7, 0, 8, 0.00
1734119261, 1134686, 0, 38, 0, 0, 0.14%, 7, 0, 8, 0.00
1734119266, 1152214, 0, 38, 0, 0, 0.14%, 7, 0, 8, 0.00
1734119271, 1170075, 0, 38, 0, 0, 0.14%, 7, 0, 8, 0.00
1734119276, 1188148, 0, 38, 0, 0, 0.14%, 7, 0, 8, 0.00
1734119282, 1205505, 0, 38, 0, 0, 0.14%, 7, 0, 8, 0.00
1734119287, 1222921, 0, 38, 0, 0, 0.14%, 7, 0, 8, 0.00
1734119292, 1240251, 0, 38, 0, 0, 0.14%, 7, 0, 8, 0.00
1734119297, 1258401, 0, 38, 0, 0, 0.14%, 7, 0, 8, 0.00
1734119302, 1275911, 0, 38, 0, 0, 0.14%, 7, 0, 8, 0.00
1734119308, 1293311, 0, 38, 0, 0, 0.14%, 7, 0, 8, 0.00
1734119313, 1310744, 0, 38, 0, 0, 0.14%, 7, 0, 8, 0.00
1734119318, 1329525, 0, 38, 0, 0, 0.14%, 7, 0, 8, 0.00
1734119323, 1346954, 0, 38, 0, 0, 0.14%, 7, 0, 8, 0.00
1734119328, 1364355, 0, 38, 0, 0, 0.14%, 7, 0, 8, 0.00
1734119334, 1381754, 0, 38, 0, 0, 0.14%, 7, 0, 8, 0.00
1734119339, 1399126, 0, 38, 0, 0, 0.14%, 7, 0, 8, 0.00
1734119344, 1417203, 0, 38, 0, 0, 0.14%, 7, 0, 8, 0.00
1734119349, 1434627, 0, 38, 0, 0, 0.14%, 7, 0, 8, 0.00
1734119354, 1452021, 0, 38, 0, 0, 0.14%, 7, 0, 8, 0.00
1734119360, 1469400, 0, 38, 0, 0, 0.14%, 7, 0, 8, 0.00
1734119365, 1486891, 0, 38, 0, 0, 0.14%, 7, 0, 8, 0.00
1734119370, 1505735, 0, 38, 0, 0, 0.14%, 7, 0, 8, 0.00
1734119375, 1523257, 0, 38, 0, 0, 0.14%, 7, 0, 8, 0.00
1734119380, 1540691, 0, 38, 0, 0, 0.14%, 7, 0, 8, 0.00
1734119386, 1558802, 0, 38, 0, 0, 0.14%, 7, 0, 8, 0.00
1734119391, 1576227, 0, 38, 0, 0, 0.14%, 7, 0, 8, 0.00
1734119396, 1593619, 0, 38, 0, 0, 0.14%, 7, 0, 8, 0.00
1734119401, 1611136, 0, 38, 0, 0, 0.14%, 7, 0, 8, 0.00
1734119406, 1628560, 0, 38, 0, 0, 0.14%, 7, 0, 8, 0.00
1734119412, 1646606, 0, 38, 0, 0, 0.14%, 7, 0, 8, 0.00
1734119417, 1663978, 0, 38, 0, 0, 0.14%, 7, 0, 8, 0.00
1734119422, 1682028, 0, 38, 0, 0, 0.14%, 7, 0, 8, 0.00
1734119427, 1699483, 0, 38, 0, 0, 0.14%, 7, 0, 8, 0.00
1734119432, 1716933, 0, 38, 0, 0, 0.14%, 7, 0, 8, 0.00
1734119438, 1735022, 0, 38, 0, 0, 0.14%, 7, 0, 8, 0.00
1734119443, 1752495, 0, 38, 0, 0, 0.14%, 7, 0, 8, 0.00
1734119448, 1770022, 0, 38, 0, 0, 0.14%, 7, 0, 8, 0.00
1734119453, 1787459, 0, 38, 0, 0, 0.14%, 7, 0, 8, 0.00
1734119458, 1805588, 0, 38, 0, 0, 0.14%, 7, 0, 8, 0.00
1734119464, 1823028, 0, 38, 0, 0, 0.14%, 7, 0, 8, 0.00
1734119469, 1841118, 0, 38, 0, 0, 0.14%, 7, 0, 8, 0.00
1734119474, 1859156, 0, 38, 0, 0, 0.14%, 7, 0, 8, 0.00
1734119479, 1875946, 0, 38, 0, 0, 0.14%, 7, 0, 8, 0.00
1734119484, 1894029, 0, 38, 0, 0, 0.14%, 7, 0, 8, 0.00
1734119490, 1911397, 0, 38, 0, 0, 0.14%, 7, 0, 8, 0.00
1734119495, 1928834, 0, 38, 0, 0, 0.14%, 7, 0, 8, 0.00
1734119500, 1946233, 0, 38, 0, 0, 0.14%, 7, 0, 8, 0.00
1734119505, 1963698, 0, 38, 0, 0, 0.14%, 7, 0, 8, 0.00
1734119510, 1982401, 0, 38, 0, 0, 0.14%, 7, 0, 8, 0.00
1734119516, 1999816, 0, 38, 0, 0, 0.14%, 7, 0, 8, 0.00
1734119521, 2017246, 0, 38, 0, 0, 0.14%, 7, 0, 8, 0.00
1734119526, 2035976, 0, 38, 0, 0, 0.14%, 7, 0, 8, 0.00
1734119531, 2052701, 0, 38, 0, 0, 0.14%, 7, 0, 8, 0.00
1734119536, 2070225, 0, 38, 0, 0, 0.14%, 7, 0, 8, 0.00
1734119542, 2087557, 0, 38, 0, 0, 0.14%, 7, 0, 8, 0.00
1734119547, 2104997, 0, 38, 0, 0, 0.14%, 7, 0, 8, 0.00
1734119552, 2123160, 0, 38, 0, 0, 0.14%, 7, 0, 8, 0.00
1734119557, 2140605, 0, 38, 0, 0, 0.14%, 7, 0, 8, 0.00
1734119562, 2158769, 0, 38, 0, 0, 0.14%, 7, 0, 8, 0.00
1734119568, 2176111, 0, 38, 0, 0, 0.14%, 7, 0, 8, 0.00
1734119573, 2193487, 0, 38, 0, 0, 0.14%, 7, 0, 8, 0.00
1734119578, 2210876, 0, 38, 0, 0, 0.14%, 7, 0, 8, 0.00
1734119583, 2228952, 0, 38, 0, 0, 0.14%, 7, 0, 8, 0.00
1734119588, 2246393, 0, 38, 0, 0, 0.14%, 7, 0, 8, 0.00
1734119594, 2264231, 0, 38, 0, 0, 0.14%, 7, 0, 8, 0.00
1734119599, 2281777, 0, 38, 0, 0, 0.14%, 7, 0, 8, 0.00
1734119604, 2300495, 0, 38, 0, 0, 0.14%, 7, 0, 8, 0.00
1734119609, 2317220, 0, 38, 0, 0, 0.14%, 7, 0, 8, 0.00
1734119614, 2334614, 0, 38, 0, 0, 0.14%, 7, 0, 8, 0.00
1734119620, 2352023, 0, 38, 0, 0, 0.14%, 7, 0, 8, 0.00
1734119625, 2370118, 0, 38, 0, 0, 0.14%, 7, 0, 8, 0.00
1734119630, 2387606, 0, 38, 0, 0, 0.14%, 7, 0, 8, 0.00
1734119635, 2405046, 0, 38, 0, 0, 0.14%, 7, 0, 8, 0.00
1734119640, 2422435, 0, 38, 0, 0, 0.14%, 7, 0, 8, 0.00
1734119646, 2439882, 0, 38, 0, 0, 0.14%, 7, 0, 8, 0.00
1734119651, 2457955, 0, 38, 0, 0, 0.14%, 7, 0, 8, 0.00
1734119656, 2475334, 0, 38, 0, 0, 0.14%, 7, 0, 8, 0.00
1734119661, 2492742, 0, 38, 0, 0, 0.14%, 7, 0, 8, 0.00
1734119666, 2510789, 0, 38, 0, 0, 0.14%, 7, 0, 8, 0.00
1734119672, 2528892, 0, 38, 0, 0, 0.14%, 7, 0, 8, 0.00
1734119677, 2546302, 0, 38, 0, 0, 0.14%, 7, 0, 8, 0.00
1734119682, 2564425, 0, 38, 0, 0, 0.14%, 7, 0, 8, 0.00
1734119687, 2581855, 0, 38, 0, 0, 0.14%, 7, 0, 8, 0.00
1734119692, 2599280, 0, 38, 0, 0, 0.14%, 7, 0, 8, 0.00
1734119698, 2616679, 0, 38, 0, 0, 0.14%, 7, 0, 8, 0.00
1734119703, 2635392, 0, 38, 0, 0, 0.14%, 7, 0, 8, 0.00
1734119708, 2653078, 0, 38, 0, 0, 0.14%, 7, 0, 8, 0.00
1734119713, 2670847, 0, 38, 0, 0, 0.14%, 7, 0, 8, 0.00
1734119718, 2688280, 0, 38, 0, 0, 0.14%, 7, 0, 8, 0.00
1734119724, 2706373, 0, 38, 0, 0, 0.14%, 7, 0, 8, 0.00
1734119729, 2723742, 0, 38, 0, 0, 0.14%, 7, 0, 8, 0.00
1734119734, 2740515, 0, 38, 0, 0, 0.14%, 7, 0, 8, 0.00
1734119739, 2757882, 0, 38, 0, 0, 0.14%, 7, 0, 8, 0.00
1734119744, 2775219, 0, 38, 0, 0, 0.14%, 7, 0, 8, 0.00
1734119750, 2793212, 0, 38, 0, 0, 0.14%, 7, 0, 8, 0.00
1734119755, 2810623, 0, 38, 0, 0, 0.14%, 7, 0, 8, 0.00
1734119760, 2828648, 0, 38, 0, 0, 0.14%, 7, 0, 8, 0.00
1734119765, 2846143, 0, 38, 0, 0, 0.14%, 7, 0, 8, 0.00
1734119770, 2863965, 0, 38, 0, 0, 0.14%, 7, 0, 8, 0.00
1734119776, 2881707, 0, 38, 0, 0, 0.14%, 7, 0, 8, 0.00
1734119781, 2899079, 0, 38, 0, 0, 0.14%, 7, 0, 8, 0.00
1734119786, 2916465, 0, 38, 0, 0, 0.14%, 7, 0, 8, 0.00
1734119791, 2934485, 0, 38, 0, 0, 0.14%, 7, 0, 8, 0.00
1734119796, 2951873, 0, 38, 0, 0, 0.14%, 7, 0, 8, 0.00
1734119802, 2969263, 0, 38, 0, 0, 0.14%, 7, 0, 8, 0.00
1734119807, 2987346, 0, 38, 0, 0, 0.14%, 7, 0, 8, 0.00
1734119812, 3005447, 0, 38, 0, 0, 0.14%, 7, 0, 8, 0.00
1734119817, 3023308, 0, 38, 0, 0, 0.14%, 7, 0, 8, 0.00
1734119822, 3040998, 0, 38, 0, 0, 0.14%, 7, 0, 8, 0.00
1734119828, 3058426, 0, 38, 0, 0, 0.14%, 7, 0, 8, 0.00
1734119833, 3076407, 0, 38, 0, 0, 0.14%, 7, 0, 8, 0.00
1734119838, 3093832, 0, 38, 0, 0, 0.14%, 7, 0, 8, 0.00
1734119843, 3112503, 0, 38, 0, 0, 0.14%, 7, 0, 8, 0.00
1734119848, 3129888, 0, 38, 0, 0, 0.14%, 7, 0, 8, 0.00
1734119854, 3147967, 0, 38, 0, 0, 0.14%, 7, 0, 8, 0.00
1734119859, 3165349, 0, 38, 0, 0, 0.14%, 7, 0, 8, 0.00
1734119864, 3182731, 0, 38, 0, 0, 0.14%, 7, 0, 8, 0.00
1734119869, 3200894, 0, 38, 0, 0, 0.14%, 7, 0, 8, 0.00
1734119874, 3218342, 0, 38, 0, 0, 0.14%, 7, 0, 8, 0.00
1734119880, 3235763, 0, 38, 0, 0, 0.14%, 7, 0, 8, 0.00
1734119885, 3253878, 0, 38, 0, 0, 0.14%, 7, 0, 8, 0.00
1734119890, 3271965, 0, 38, 0, 0, 0.14%, 7, 0, 8, 0.00
1734119895, 3289367, 0, 38, 0, 0, 0.14%, 7, 0, 8, 0.00
1734119900, 3306828, 0, 38, 0, 0, 0.14%, 7, 0, 8, 0.00
1734119906, 3324274, 0, 38, 0, 0, 0.14%, 7, 0, 8, 0.00
1734119911, 3343062, 0, 38, 0, 0, 0.14%, 7, 0, 8, 0.00
1734119916, 3360500, 0, 38, 0, 0, 0.14%, 7, 0, 8, 0.00
1734119921, 3378591, 0, 38, 0, 0, 0.14%, 7, 0, 8, 0.00
1734119926, 3396059, 0, 38, 0, 0, 0.14%, 7, 0, 8, 0.00
1734119932, 3413750, 0, 38, 0, 0, 0.14%, 7, 0, 8, 0.00
1734119937, 3431666, 0, 38, 0, 0, 0.14%, 7, 0, 8, 0.00
1734119942, 3449700, 0, 38, 0, 0, 0.14%, 7, 0, 8, 0.00
1734119947, 3467089, 0, 38, 0, 0, 0.14%, 7, 0, 8, 0.00
1734119952, 3484526, 0, 38, 0, 0, 0.14%, 7, 0, 8, 0.00
1734119958, 3502628, 0, 38, 0, 0, 0.14%, 7, 0, 8, 0.00
1734119963, 3520075, 0, 38, 0, 0, 0.14%, 7, 0, 8, 0.00
1734119968, 3538763, 0, 38, 0, 0, 0.14%, 7, 0, 8, 0.00
1734119973, 3556187, 0, 38, 0, 0, 0.14%, 7, 0, 8, 0.00
1734119978, 3573605, 0, 38, 0, 0, 0.14%, 7, 0, 8, 0.00
1734119984, 3591702, 0, 38, 0, 0, 0.14%, 7, 0, 8, 0.00
1734119989, 3609685, 0, 38, 0, 0, 0.14%, 7, 0, 8, 0.00
1734119994, 3627320, 0, 38, 0, 0, 0.14%, 7, 0, 8, 0.00
1734119999, 3644829, 0, 38, 0, 0, 0.14%, 7, 0, 8, 0.00
1734120004, 3662808, 0, 38, 0, 0, 0.14%, 7, 0, 8, 0.00
1734120010, 3680153, 0, 38, 0, 0, 0.14%, 7, 0, 8, 0.00
1734120015, 3698853, 0, 38, 0, 0, 0.14%, 7, 0, 8, 0.00
1734120020, 3716198, 0, 38, 0, 0, 0.14%, 7, 0, 8, 0.00
1734120025, 3733674, 0, 38, 0, 0, 0.14%, 7, 0, 8, 0.00
1734120030, 3751092, 0, 38, 0, 0, 0.14%, 7, 0, 8, 0.00
1734120036, 3769855, 0, 38, 0, 0, 0.14%, 7, 0, 8, 0.00
1734120041, 3787263, 0, 38, 0, 0, 0.14%, 7, 0, 8, 0.00
1734120046, 3805363, 0, 38, 0, 0, 0.14%, 7, 0, 8, 0.00
1734120051, 3822748, 0, 38, 0, 0, 0.14%, 7, 0, 8, 0.00
1734120056, 3840793, 0, 38, 0, 0, 0.14%, 7, 0, 8, 0.00
1734120062, 3858192, 0, 38, 0, 0, 0.14%, 7, 0, 8, 0.00
1734120067, 3875555, 0, 38, 0, 0, 0.14%, 7, 0, 8, 0.00
1734120072, 3892948, 0, 38, 0, 0, 0.14%, 7, 0, 8, 0.00
1734120077, 3910268, 0, 38, 0, 0, 0.14%, 7, 0, 8, 0.00
1734120082, 3928951, 0, 38, 0, 0, 0.14%, 7, 0, 8, 0.00
1734120088, 3946378, 0, 38, 0, 0, 0.14%, 7, 0, 8, 0.00
1734120093, 3963866, 0, 38, 0, 0, 0.14%, 7, 0, 8, 0.00
1734120098, 3981819, 0, 38, 0, 0, 0.14%, 7, 0, 8, 0.00
1734120103, 3999322, 0, 38, 0, 0, 0.14%, 7, 0, 8, 0.00
1734120108, 4018149, 0, 38, 0, 0, 0.14%, 7, 0, 8, 0.00
1734120114, 4035499, 0, 38, 0, 0, 0.14%, 7, 0, 8, 0.00
1734120119, 4052880, 0, 38, 0, 0, 0.14%, 7, 0, 8, 0.00
1734120124, 4071038, 0, 38, 0, 0, 0.14%, 7, 0, 8, 0.00
1734120129, 4088521, 0, 38, 0, 0, 0.14%, 7, 0, 8, 0.00
1734120134, 4106630, 0, 38, 0, 0, 0.14%, 7, 0, 8, 0.00
1734120140, 4124095, 0, 38, 0, 0, 0.14%, 7, 0, 8, 0.00
1734120145, 4141478, 0, 38, 0, 0, 0.14%, 7, 0, 8, 0.00
1734120150, 4158988, 0, 38, 0, 0, 0.14%, 7, 0, 8, 0.00
1734120155, 4177048, 0, 38, 0, 0, 0.14%, 7, 0, 8, 0.00
1734120160, 4194461, 0, 38, 0, 0, 0.14%, 7, 0, 8, 0.00
1734120166, 4212573, 0, 38, 0, 0, 0.14%, 7, 0, 8, 0.00
1734120171, 4230046, 0, 38, 0, 0, 0.14%, 7, 0, 8, 0.00
1734120176, 4248112, 0, 38, 0, 0, 0.14%, 7, 0, 8, 0.00
1734120181, 4265517, 0, 38, 0, 0, 0.14%, 7, 0, 8, 0.00
1734120186, 4282936, 0, 38, 0, 0, 0.14%, 7, 0, 8, 0.00
1734120192, 4301661, 0, 38, 0, 0, 0.14%, 7, 0, 8, 0.00
1734120197, 4318434, 0, 38, 0, 0, 0.14%, 7, 0, 8, 0.00
1734120202, 4336478, 0, 38, 0, 0, 0.14%, 7, 0, 8, 0.00
1734120207, 4353915, 0, 38, 0, 0, 0.14%, 7, 0, 8, 0.00
1734120212, 4371348, 0, 38, 0, 0, 0.14%, 7, 0, 8, 0.00
1734120218, 4388941, 0, 38, 0, 0, 0.14%, 7, 0, 8, 0.00
1734120223, 4406916, 0, 38, 0, 0, 0.14%, 7, 0, 8, 0.00
1734120228, 4424361, 0, 38, 0, 0, 0.14%, 7, 0, 8, 0.00
1734120233, 4441783, 0, 38, 0, 0, 0.14%, 7, 0, 8, 0.00
1734120238, 4459252, 0, 38, 0, 0, 0.14%, 7, 0, 8, 0.00
1734120244, 4476673, 0, 38, 0, 0, 0.14%, 7, 0, 8, 0.00
1734120249, 4494707, 0, 38, 0, 0, 0.14%, 7, 0, 8, 0.00
1734120254, 4512155, 0, 38, 0, 0, 0.14%, 7, 0, 8, 0.00
1734120259, 4530838, 0, 38, 0, 0, 0.14%, 7, 0, 8, 0.00
1734120264, 4548271, 0, 38, 0, 0, 0.14%, 7, 0, 8, 0.00
1734120270, 4567035, 0, 38, 0, 0, 0.14%, 7, 0, 8, 0.00
1734120275, 4584378, 0, 38, 0, 0, 0.14%, 7, 0, 8, 0.00
1734120280, 4602497, 0, 38, 0, 0, 0.14%, 7, 0, 8, 0.00
1734120285, 4619929, 0, 38, 0, 0, 0.14%, 7, 0, 8, 0.00
1734120290, 4637999, 0, 38, 0, 0, 0.14%, 7, 0, 8, 0.00
1734120296, 4655417, 0, 38, 0, 0, 0.14%, 7, 0, 8, 0.00
1734120301, 4672853, 0, 38, 0, 0, 0.14%, 7, 0, 8, 0.00
1734120306, 4691017, 0, 38, 0, 0, 0.14%, 7, 0, 8, 0.00
1734120311, 4708386, 0, 38, 0, 0, 0.14%, 7, 0, 8, 0.00
1734120316, 4726538, 0, 38, 0, 0, 0.14%, 7, 0, 8, 0.00
1734120322, 4745226, 0, 38, 0, 0, 0.14%, 7, 0, 8, 0.00
1734120327, 4762703, 0, 38, 0, 0, 0.14%, 7, 0, 8, 0.00
1734120332, 4781534, 0, 38, 0, 0, 0.14%, 7, 0, 8, 0.00
1734120337, 4798253, 0, 38, 0, 0, 0.14%, 7, 0, 8, 0.00
1734120342, 4816302, 0, 38, 0, 0, 0.14%, 7, 0, 8, 0.00
1734120348, 4833697, 0, 38, 0, 0, 0.14%, 7, 0, 8, 0.00
1734120353, 4851095, 0, 38, 0, 0, 0.14%, 7, 0, 8, 0.00
1734120358, 4868383, 0, 38, 0, 0, 0.14%, 7, 0, 8, 0.00
1734120363, 4886464, 0, 38, 0, 0, 0.14%, 7, 0, 8, 0.00
1734120368, 4903900, 0, 38, 0, 0, 0.14%, 7, 0, 8, 0.00
1734120374, 4921964, 0, 38, 0, 0, 0.14%, 7, 0, 8, 0.00
1734120379, 4939355, 0, 38, 0, 0, 0.14%, 7, 0, 8, 0.00
1734120384, 4957240, 0, 38, 0, 0, 0.14%, 7, 0, 8, 0.00
1734120389, 4974847, 0, 38, 0, 0, 0.14%, 7, 0, 8, 0.00
1734120394, 4992261, 0, 38, 0, 0, 0.14%, 7, 0, 8, 0.00
1734120400, 5009691, 0, 38, 0, 0, 0.14%, 7, 0, 8, 0.00
1734120405, 5027110, 0, 38, 0, 0, 0.14%, 7, 0, 8, 0.00
1734120410, 5044498, 0, 38, 0, 0, 0.14%, 7, 0, 8, 0.00
1734120415, 5063218, 0, 38, 0, 0, 0.14%, 7, 0, 8, 0.00
1734120420, 5080598, 0, 38, 0, 0, 0.14%, 7, 0, 8, 0.00
1734120426, 5099358, 0, 38, 0, 0, 0.14%, 7, 0, 8, 0.00
1734120431, 5115996, 0, 38, 0, 0, 0.14%, 7, 0, 8, 0.00
1734120436, 5134051, 0, 38, 0, 0, 0.14%, 7, 0, 8, 0.00
1734120441, 5151382, 0, 38, 0, 0, 0.14%, 7, 0, 8, 0.00
1734120446, 5168764, 0, 38, 0, 0, 0.14%, 7, 0, 8, 0.00
1734120452, 5186294, 0, 38, 0, 0, 0.14%, 7, 0, 8, 0.00
1734120457, 5204361, 0, 38, 0, 0, 0.14%, 7, 0, 8, 0.00
1734120462, 5221715, 0, 38, 0, 0, 0.14%, 7, 0, 8, 0.00
1734120467, 5239133, 0, 38, 0, 0, 0.14%, 7, 0, 8, 0.00
1734120472, 5256490, 0, 38, 0, 0, 0.14%, 7, 0, 8, 0.00
1734120478, 5275186, 0, 38, 0, 0, 0.14%, 7, 0, 8, 0.00
1734120483, 5292918, 0, 38, 0, 0, 0.14%, 7, 0, 8, 0.00
1734120488, 5310598, 0, 38, 0, 0, 0.14%, 7, 0, 8, 0.00
1734120493, 5327996, 0, 38, 0, 0, 0.14%, 7, 0, 8, 0.00
1734120498, 5345372, 0, 38, 0, 0, 0.14%, 7, 0, 8, 0.00
1734120504, 5362720, 0, 38, 0, 0, 0.14%, 7, 0, 8, 0.00
1734120509, 5381374, 0, 38, 0, 0, 0.14%, 7, 0, 8, 0.00
1734120514, 5398880, 0, 38, 0, 0, 0.14%, 7, 0, 8, 0.00
1734120519, 5416298, 0, 38, 0, 0, 0.14%, 7, 0, 8, 0.00
1734120524, 5435017, 0, 38, 0, 0, 0.14%, 7, 0, 8, 0.00
1734120530, 5452450, 0, 38, 0, 0, 0.14%, 7, 0, 8, 0.00
1734120535, 5470435, 0, 38, 0, 0, 0.14%, 7, 0, 8, 0.00
1734120540, 5487846, 0, 38, 0, 0, 0.14%, 7, 0, 8, 0.00
1734120545, 5505269, 0, 38, 0, 0, 0.14%, 7, 0, 8, 0.00
1734120550, 5523257, 0, 38, 0, 0, 0.14%, 7, 0, 8, 0.00
1734120556, 5540635, 0, 38, 0, 0, 0.14%, 7, 0, 8, 0.00
1734120561, 5558687, 0, 38, 0, 0, 0.14%, 7, 0, 8, 0.00
1734120566, 5576034, 0, 38, 0, 0, 0.14%, 7, 0, 8, 0.00
1734120571, 5594688, 0, 38, 0, 0, 0.14%, 7, 0, 8, 0.00
1734120576, 5612113, 0, 38, 0, 0, 0.14%, 7, 0, 8, 0.00
1734120582, 5630150, 0, 38, 0, 0, 0.14%, 7, 0, 8, 0.00
1734120587, 5647535, 0, 38, 0, 0, 0.14%, 7, 0, 8, 0.00
1734120592, 5664916, 0, 38, 0, 0, 0.14%, 7, 0, 8, 0.00
1734120597, 5682946, 0, 38, 0, 0, 0.14%, 7, 0, 8, 0.00
1734120602, 5700416, 0, 38, 0, 0, 0.14%, 7, 0, 8, 0.00
1734120608, 5718473, 0, 38, 0, 0, 0.14%, 7, 0, 8, 0.00
1734120613, 5736605, 0, 38, 0, 0, 0.14%, 7, 0, 8, 0.00
1734120618, 5753959, 0, 38, 0, 0, 0.14%, 7, 0, 8, 0.00
1734120623, 5772028, 0, 38, 0, 0, 0.14%, 7, 0, 8, 0.00
1734120628, 5789456, 0, 38, 0, 0, 0.14%, 7, 0, 8, 0.00
1734120634, 5808209, 0, 38, 0, 0, 0.14%, 7, 0, 8, 0.00
1734120639, 5825652, 0, 38, 0, 0, 0.14%, 7, 0, 8, 0.00
1734120644, 5843766, 0, 38, 0, 0, 0.14%, 7, 0, 8, 0.00
1734120649, 5861251, 0, 38, 0, 0, 0.14%, 7, 0, 8, 0.00
1734120654, 5879290, 0, 38, 0, 0, 0.14%, 7, 0, 8, 0.00
1734120660, 5897335, 0, 38, 0, 0, 0.14%, 7, 0, 8, 0.00
1734120665, 5915382, 0, 38, 0, 0, 0.14%, 7, 0, 8, 0.00
1734120670, 5932798, 0, 38, 0, 0, 0.14%, 7, 0, 8, 0.00
1734120675, 5950806, 0, 38, 0, 0, 0.14%, 7, 0, 8, 0.00
1734120680, 5968248, 0, 38, 0, 0, 0.14%, 7, 0, 8, 0.00
1734120686, 5985670, 0, 38, 0, 0, 0.14%, 7, 0, 8, 0.00
1734120691, 6003786, 0, 38, 0, 0, 0.14%, 7, 0, 8, 0.00
1734120696, 6021149, 0, 38, 0, 0, 0.14%, 7, 0, 8, 0.00
1734120701, 6039190, 0, 38, 0, 0, 0.14%, 7, 0, 8, 0.00
1734120706, 6057207, 0, 38, 0, 0, 0.14%, 7, 0, 8, 0.00
1734120712, 6074570, 0, 38, 0, 0, 0.14%, 7, 0, 8, 0.00
1734120717, 6092649, 0, 38, 0, 0, 0.14%, 7, 0, 8, 0.00
1734120722, 6110002, 0, 38, 0, 0, 0.14%, 7, 0, 8, 0.00
1734120727, 6127308, 0, 38, 0, 0, 0.14%, 7, 0, 8, 0.00
1734120732, 6145283, 0, 38, 0, 0, 0.14%, 7, 0, 8, 0.00
1734120738, 6162721, 0, 38, 0, 0, 0.14%, 7, 0, 8, 0.00
1734120743, 6181463, 0, 38, 0, 0, 0.14%, 7, 0, 8, 0.00
1734120748, 6198787, 0, 38, 0, 0, 0.14%, 7, 0, 8, 0.00
1734120753, 6216811, 0, 38, 0, 0, 0.14%, 7, 0, 8, 0.00
1734120758, 6234218, 0, 38, 0, 0, 0.14%, 7, 0, 8, 0.00
1734120764, 6252232, 0, 38, 0, 0, 0.14%, 7, 0, 8, 0.00
1734120769, 6269248, 0, 38, 0, 0, 0.14%, 7, 0, 8, 0.00
1734120774, 6287031, 0, 38, 0, 0, 0.14%, 7, 0, 8, 0.00
1734120779, 6304413, 0, 38, 0, 0, 0.14%, 7, 0, 8, 0.00
1734120784, 6322372, 0, 38, 0, 0, 0.14%, 7, 0, 8, 0.00
1734120790, 6339725, 0, 38, 0, 0, 0.14%, 7, 0, 8, 0.00
1734120795, 6358431, 0, 38, 0, 0, 0.14%, 7, 0, 8, 0.00
1734120800, 6375827, 0, 38, 0, 0, 0.14%, 7, 0, 8, 0.00
1734120805, 6393853, 0, 38, 0, 0, 0.14%, 7, 0, 8, 0.00
1734120810, 6411274, 0, 38, 0, 0, 0.14%, 7, 0, 8, 0.00
1734120816, 6429321, 0, 38, 0, 0, 0.14%, 7, 0, 8, 0.00
1734120821, 6446752, 0, 38, 0, 0, 0.14%, 7, 0, 8, 0.00
1734120826, 6464136, 0, 38, 0, 0, 0.14%, 7, 0, 8, 0.00
1734120831, 6482167, 0, 38, 0, 0, 0.14%, 7, 0, 8, 0.00
1734120836, 6498878, 0, 38, 0, 0, 0.14%, 7, 0, 8, 0.00
1734120842, 6517612, 0, 38, 0, 0, 0.14%, 7, 0, 8, 0.00
1734120847, 6535033, 0, 38, 0, 0, 0.14%, 7, 0, 8, 0.00
1734120852, 6552459, 0, 38, 0, 0, 0.14%, 7, 0, 8, 0.00
1734120857, 6571136, 0, 38, 0, 0, 0.14%, 7, 0, 8, 0.00
1734120862, 6588560, 0, 38, 0, 0, 0.14%, 7, 0, 8, 0.00
1734120868, 6606613, 0, 38, 0, 0, 0.14%, 7, 0, 8, 0.00
1734120873, 6623977, 0, 38, 0, 0, 0.14%, 7, 0, 8, 0.00
1734120878, 6641394, 0, 38, 0, 0, 0.14%, 7, 0, 8, 0.00
1734120883, 6659412, 0, 38, 0, 0, 0.14%, 7, 0, 8, 0.00
1734120888, 6676781, 0, 38, 0, 0, 0.14%, 7, 0, 8, 0.00
1734120894, 6694844, 0, 38, 0, 0, 0.14%, 7, 0, 8, 0.00
1734120899, 6712274, 0, 38, 0, 0, 0.14%, 7, 0, 8, 0.00
1734120904, 6729602, 0, 38, 0, 0, 0.14%, 7, 0, 8, 0.00
1734120909, 6746948, 0, 38, 0, 0, 0.14%, 7, 0, 8, 0.00
1734120914, 6764969, 0, 38, 0, 0, 0.14%, 7, 0, 8, 0.00
1734120920, 6782378, 0, 38, 0, 0, 0.14%, 7, 0, 8, 0.00
1734120925, 6800512, 0, 38, 0, 0, 0.14%, 7, 0, 8, 0.00
1734120930, 6818676, 0, 38, 0, 0, 0.14%, 7, 0, 8, 0.00
1734120935, 6836598, 0, 38, 0, 0, 0.14%, 7, 0, 8, 0.00
1734120940, 6853988, 0, 38, 0, 0, 0.14%, 7, 0, 8, 0.00
1734120946, 6871359, 0, 38, 0, 0, 0.14%, 7, 0, 8, 0.00
1734120951, 6888706, 0, 38, 0, 0, 0.14%, 7, 0, 8, 0.00
1734120956, 6906135, 0, 38, 0, 0, 0.14%, 7, 0, 8, 0.00
1734120961, 6924116, 0, 38, 0, 0, 0.14%, 7, 0, 8, 0.00
1734120966, 6941542, 0, 38, 0, 0, 0.14%, 7, 0, 8, 0.00
1734120972, 6959572, 0, 38, 0, 0, 0.14%, 7, 0, 8, 0.00
1734120977, 6977692, 0, 38, 0, 0, 0.14%, 7, 0, 8, 0.00
1734120982, 6995731, 0, 38, 0, 0, 0.14%, 7, 0, 8, 0.00
1734120987, 7013461, 0, 38, 0, 0, 0.14%, 7, 0, 8, 0.00
1734120992, 7031152, 0, 38, 0, 0, 0.14%, 7, 0, 8, 0.00
1734120998, 7048588, 0, 38, 0, 0, 0.14%, 7, 0, 8, 0.00
1734121003, 7066659, 0, 38, 0, 0, 0.14%, 7, 0, 8, 0.00
1734121008, 7084086, 0, 38, 0, 0, 0.14%, 7, 0, 8, 0.00
1734121013, 7101498, 0, 38, 0, 0, 0.14%, 7, 0, 8, 0.00
1734121018, 7118877, 0, 38, 0, 0, 0.14%, 7, 0, 8, 0.00
1734121024, 7136984, 0, 38, 0, 0, 0.14%, 7, 0, 8, 0.00
1734121029, 7154369, 0, 38, 0, 0, 0.14%, 7, 0, 8, 0.00
1734121034, 7173075, 0, 38, 0, 0, 0.14%, 7, 0, 8, 0.00
1734121039, 7190441, 0, 38, 0, 0, 0.14%, 7, 0, 8, 0.00
1734121044, 7207864, 0, 38, 0, 0, 0.14%, 7, 0, 8, 0.00
1734121050, 7225900, 0, 38, 0, 0, 0.14%, 7, 0, 8, 0.00
1734121055, 7244000, 0, 38, 0, 0, 0.14%, 7, 0, 8, 0.00
1734121060, 7262153, 0, 38, 0, 0, 0.14%, 7, 0, 8, 0.00
1734121065, 7279559, 0, 38, 0, 0, 0.14%, 7, 0, 8, 0.00
1734121070, 7297645, 0, 38, 0, 0, 0.14%, 7, 0, 8, 0.00
1734121076, 7315608, 0, 38, 0, 0, 0.14%, 7, 0, 8, 0.00
1734121081, 7333046, 0, 38, 0, 0, 0.14%, 7, 0, 8, 0.00
1734121086, 7351062, 0, 38, 0, 0, 0.14%, 7, 0, 8, 0.00
1734121091, 7369142, 0, 38, 0, 0, 0.14%, 7, 0, 8, 0.00
1734121096, 7387261, 0, 38, 0, 0, 0.14%, 7, 0, 8, 0.00
1734121102, 7404877, 0, 38, 0, 0, 0.14%, 7, 0, 8, 0.00
1734121107, 7422740, 0, 38, 0, 0, 0.14%, 7, 0, 8, 0.00
1734121112, 7440089, 0, 38, 0, 0, 0.14%, 7, 0, 8, 0.00
1734121117, 7457538, 0, 38, 0, 0, 0.14%, 7, 0, 8, 0.00
1734121122, 7476214, 0, 38, 0, 0, 0.14%, 7, 0, 8, 0.00
1734121128, 7493571, 0, 38, 0, 0, 0.14%, 7, 0, 8, 0.00
1734121133, 7510992, 0, 38, 0, 0, 0.14%, 7, 0, 8, 0.00
1734121138, 7529740, 0, 38, 0, 0, 0.14%, 7, 0, 8, 0.00
1734121143, 7547166, 0, 38, 0, 0, 0.14%, 7, 0, 8, 0.00
1734121148, 7565263, 0, 38, 0, 0, 0.14%, 7, 0, 8, 0.00
1734121154, 7582676, 0, 38, 0, 0, 0.14%, 7, 0, 8, 0.00
1734121159, 7600712, 0, 38, 0, 0, 0.14%, 7, 0, 8, 0.00
1734121164, 7618781, 0, 38, 0, 0, 0.14%, 7, 0, 8, 0.00
1734121169, 7636838, 0, 38, 0, 0, 0.14%, 7, 0, 8, 0.00
1734121174, 7654300, 0, 38, 0, 0, 0.14%, 7, 0, 8, 0.00
1734121180, 7672263, 0, 38, 0, 0, 0.14%, 7, 0, 8, 0.00
1734121185, 7689677, 0, 38, 0, 0, 0.14%, 7, 0, 8, 0.00
1734121190, 7708291, 0, 38, 0, 0, 0.14%, 7, 0, 8, 0.00
1734121195, 7725900, 0, 38, 0, 0, 0.14%, 7, 0, 8, 0.00
1734121200, 7743686, 0, 38, 0, 0, 0.14%, 7, 0, 8, 0.00
1734121206, 7761085, 0, 38, 0, 0, 0.14%, 7, 0, 8, 0.00
1734121211, 7779085, 0, 38, 0, 0, 0.14%, 7, 0, 8, 0.00
1734121216, 7796424, 0, 38, 0, 0, 0.14%, 7, 0, 8, 0.00
1734121221, 7814411, 0, 38, 0, 0, 0.14%, 7, 0, 8, 0.00
1734121226, 7831732, 0, 38, 0, 0, 0.14%, 7, 0, 8, 0.00
1734121232, 7850395, 0, 38, 0, 0, 0.14%, 7, 0, 8, 0.00
1734121237, 7867738, 0, 38, 0, 0, 0.14%, 7, 0, 8, 0.00
1734121242, 7885725, 0, 38, 0, 0, 0.14%, 7, 0, 8, 0.00
1734121247, 7903041, 0, 38, 0, 0, 0.14%, 7, 0, 8, 0.00
1734121252, 7920485, 0, 38, 0, 0, 0.14%, 7, 0, 8, 0.00
1734121258, 7938476, 0, 38, 0, 0, 0.14%, 7, 0, 8, 0.00
1734121263, 7956483, 0, 38, 0, 0, 0.14%, 7, 0, 8, 0.00
1734121268, 7973715, 0, 38, 0, 0, 0.14%, 7, 0, 8, 0.00
1734121273, 7991187, 0, 38, 0, 0, 0.14%, 7, 0, 8, 0.00
1734121278, 8009886, 0, 38, 0, 0, 0.14%, 7, 0, 8, 0.00
1734121284, 8027245, 0, 38, 0, 0, 0.14%, 7, 0, 8, 0.00
1734121289, 8045308, 0, 38, 0, 0, 0.14%, 7, 0, 8, 0.00
1734121294, 8062721, 0, 38, 0, 0, 0.14%, 7, 0, 8, 0.00
1734121299, 8080644, 0, 38, 0, 0, 0.14%, 7, 0, 8, 0.00
1734121304, 8098765, 0, 38, 0, 0, 0.14%, 7, 0, 8, 0.00
1734121310, 8116833, 0, 38, 0, 0, 0.14%, 7, 0, 8, 0.00
1734121315, 8134178, 0, 38, 0, 0, 0.14%, 7, 0, 8, 0.00
1734121320, 8152232, 0, 38, 0, 0, 0.14%, 7, 0, 8, 0.00
1734121325, 8169682, 0, 38, 0, 0, 0.14%, 7, 0, 8, 0.00
1734121330, 8188436, 0, 38, 0, 0, 0.14%, 7, 0, 8, 0.00
1734121336, 8205840, 0, 38, 0, 0, 0.14%, 7, 0, 8, 0.00
1734121341, 8223912, 0, 38, 0, 0, 0.14%, 7, 0, 8, 0.00
1734121346, 8241267, 0, 38, 0, 0, 0.14%, 7, 0, 8, 0.00
1734121351, 8258625, 0, 38, 0, 0, 0.14%, 7, 0, 8, 0.00
1734121356, 8276655, 0, 38, 0, 0, 0.14%, 7, 0, 8, 0.00
1734121362, 8293982, 0, 38, 0, 0, 0.14%, 7, 0, 8, 0.00
1734121367, 8311983, 0, 38, 0, 0, 0.14%, 7, 0, 8, 0.00
1734121372, 8330110, 0, 38, 0, 0, 0.14%, 7, 0, 8, 0.00
1734121377, 8347989, 0, 38, 0, 0, 0.14%, 7, 0, 8, 0.00
1734121382, 8366026, 0, 38, 0, 0, 0.14%, 7, 0, 8, 0.00
1734121388, 8383340, 0, 38, 0, 0, 0.14%, 7, 0, 8, 0.00
1734121393, 8401419, 0, 38, 0, 0, 0.14%, 7, 0, 8, 0.00
1734121398, 8419467, 0, 38, 0, 0, 0.14%, 7, 0, 8, 0.00
1734121403, 8437544, 0, 38, 0, 0, 0.14%, 7, 0, 8, 0.00
1734121408, 8454934, 0, 38, 0, 0, 0.14%, 7, 0, 8, 0.00
1734121414, 8472995, 0, 38, 0, 0, 0.14%, 7, 0, 8, 0.00
1734121419, 8490387, 0, 38, 0, 0, 0.14%, 7, 0, 8, 0.00
1734121424, 8508978, 0, 38, 0, 0, 0.14%, 7, 0, 8, 0.00
1734121429, 8526298, 0, 38, 0, 0, 0.14%, 7, 0, 8, 0.00
1734121434, 8544334, 0, 38, 0, 0, 0.14%, 7, 0, 8, 0.00
1734121440, 8561702, 0, 38, 0, 0, 0.14%, 7, 0, 8, 0.00
1734121445, 8579704, 0, 38, 0, 0, 0.14%, 7, 0, 8, 0.00
1734121450, 8597712, 0, 38, 0, 0, 0.14%, 7, 0, 8, 0.00
1734121455, 8615118, 0, 38, 0, 0, 0.14%, 7, 0, 8, 0.00
1734121460, 8633079, 0, 38, 0, 0, 0.14%, 7, 0, 8, 0.00
1734121466, 8650497, 0, 38, 0, 0, 0.14%, 7, 0, 8, 0.00
1734121471, 8669117, 0, 38, 0, 0, 0.14%, 7, 0, 8, 0.00
1734121476, 8686426, 0, 38, 0, 0, 0.14%, 7, 0, 8, 0.00
1734121481, 8704444, 0, 38, 0, 0, 0.14%, 7, 0, 8, 0.00
1734121486, 8721773, 0, 38, 0, 0, 0.14%, 7, 0, 8, 0.00
1734121492, 8739861, 0, 38, 0, 0, 0.14%, 7, 0, 8, 0.00
1734121497, 8757201, 0, 38, 0, 0, 0.14%, 7, 0, 8, 0.00
1734121502, 8775222, 0, 38, 0, 0, 0.14%, 7, 0, 8, 0.00
1734121507, 8793224, 0, 38, 0, 0, 0.14%, 7, 0, 8, 0.00
1734121512, 8811287, 0, 38, 0, 0, 0.14%, 7, 0, 8, 0.00
1734121518, 8828625, 0, 38, 0, 0, 0.14%, 7, 0, 8, 0.00
1734121523, 8846020, 0, 38, 0, 0, 0.14%, 7, 0, 8, 0.00
1734121528, 8863406, 0, 38, 0, 0, 0.14%, 7, 0, 8, 0.00
1734121533, 8881395, 0, 38, 0, 0, 0.14%, 7, 0, 8, 0.00
1734121538, 8899206, 0, 38, 0, 0, 0.14%, 7, 0, 8, 0.00
1734121544, 8916777, 0, 38, 0, 0, 0.14%, 7, 0, 8, 0.00
1734121549, 8934743, 0, 38, 0, 0, 0.14%, 7, 0, 8, 0.00
1734121554, 8952926, 0, 38, 0, 0, 0.14%, 7, 0, 8, 0.00
1734121559, 8971017, 0, 38, 0, 0, 0.14%, 7, 0, 8, 0.00
1734121564, 8988404, 0, 38, 0, 0, 0.14%, 7, 0, 8, 0.00
1734121570, 9006468, 0, 38, 0, 0, 0.14%, 7, 0, 8, 0.00
1734121575, 9023857, 0, 38, 0, 0, 0.14%, 7, 0, 8, 0.00
1734121580, 9042573, 0, 38, 0, 0, 0.14%, 7, 0, 8, 0.00
1734121585, 9059965, 0, 38, 0, 0, 0.14%, 7, 0, 8, 0.00
1734121590, 9077922, 0, 38, 0, 0, 0.14%, 7, 0, 8, 0.00
1734121596, 9095279, 0, 38, 0, 0, 0.14%, 7, 0, 8, 0.00
1734121601, 9113338, 0, 38, 0, 0, 0.14%, 7, 0, 8, 0.00
1734121606, 9131496, 0, 38, 0, 0, 0.14%, 7, 0, 8, 0.00
1734121611, 9149614, 0, 38, 0, 0, 0.14%, 7, 0, 8, 0.00
1734121616, 9167032, 0, 38, 0, 0, 0.14%, 7, 0, 8, 0.00
1734121622, 9185110, 0, 38, 0, 0, 0.14%, 7, 0, 8, 0.00
1734121627, 9202500, 0, 38, 0, 0, 0.14%, 7, 0, 8, 0.00
1734121632, 9219896, 0, 38, 0, 0, 0.14%, 7, 0, 8, 0.00
1734121637, 9237877, 0, 38, 0, 0, 0.14%, 7, 0, 8, 0.00
1734121642, 9255265, 0, 38, 0, 0, 0.14%, 7, 0, 8, 0.00
1734121648, 9273287, 0, 38, 0, 0, 0.14%, 7, 0, 8, 0.00
1734121653, 9291292, 0, 38, 0, 0, 0.14%, 7, 0, 8, 0.00
1734121658, 9308619, 0, 38, 0, 0, 0.14%, 7, 0, 8, 0.00
1734121663, 9325999, 0, 38, 0, 0, 0.14%, 7, 0, 8, 0.00
1734121668, 9344023, 0, 38, 0, 0, 0.14%, 7, 0, 8, 0.00
1734121674, 9361403, 0, 38, 0, 0, 0.14%, 7, 0, 8, 0.00
1734121679, 9380159, 0, 38, 0, 0, 0.14%, 7, 0, 8, 0.00
1734121684, 9397379, 0, 38, 0, 0, 0.14%, 7, 0, 8, 0.00
1734121689, 9415304, 0, 38, 0, 0, 0.14%, 7, 0, 8, 0.00
1734121694, 9433103, 0, 38, 0, 0, 0.14%, 7, 0, 8, 0.00
1734121700, 9450667, 0, 38, 0, 0, 0.14%, 7, 0, 8, 0.00
1734121705, 9469330, 0, 38, 0, 0, 0.14%, 7, 0, 8, 0.00
1734121710, 9486757, 0, 38, 0, 0, 0.14%, 7, 0, 8, 0.00
1734121715, 9504818, 0, 38, 0, 0, 0.14%, 7, 0, 8, 0.00
1734121720, 9522200, 0, 38, 0, 0, 0.14%, 7, 0, 8, 0.00
1734121726, 9540245, 0, 38, 0, 0, 0.14%, 7, 0, 8, 0.00
1734121731, 9557660, 0, 38, 0, 0, 0.14%, 7, 0, 8, 0.00
1734121736, 9576389, 0, 38, 0, 0, 0.14%, 7, 0, 8, 0.00
1734121741, 9593726, 0, 38, 0, 0, 0.14%, 7, 0, 8, 0.00
1734121746, 9611796, 0, 38, 0, 0, 0.14%, 7, 0, 8, 0.00
1734121752, 9629869, 0, 38, 0, 0, 0.14%, 7, 0, 8, 0.00
1734121757, 9648570, 0, 38, 0, 0, 0.14%, 7, 0, 8, 0.00
1734121762, 9666621, 0, 38, 0, 0, 0.14%, 7, 0, 8, 0.00
1734121767, 9684637, 0, 38, 0, 0, 0.14%, 7, 0, 8, 0.00
1734121772, 9702034, 0, 38, 0, 0, 0.14%, 7, 0, 8, 0.00
1734121778, 9719442, 0, 38, 0, 0, 0.14%, 7, 0, 8, 0.00
1734121783, 9737430, 0, 38, 0, 0, 0.14%, 7, 0, 8, 0.00
1734121788, 9754812, 0, 38, 0, 0, 0.14%, 7, 0, 8, 0.00
1734121793, 9772907, 0, 38, 0, 0, 0.14%, 7, 0, 8, 0.00
1734121798, 9790256, 0, 38, 0, 0, 0.14%, 7, 0, 8, 0.00
1734121804, 9807613, 0, 38, 0, 0, 0.14%, 7, 0, 8, 0.00
1734121809, 9825308, 0, 38, 0, 0, 0.14%, 7, 0, 8, 0.00
1734121814, 9842554, 0, 38, 0, 0, 0.14%, 7, 0, 8, 0.00
1734121819, 9860546, 0, 38, 0, 0, 0.14%, 7, 0, 8, 0.00
1734121824, 9877968, 0, 38, 0, 0, 0.14%, 7, 0, 8, 0.00
1734121830, 9896677, 0, 38, 0, 0, 0.14%, 7, 0, 8, 0.00
1734121835, 9913495, 0, 38, 0, 0, 0.14%, 7, 0, 8, 0.00
1734121840, 9931608, 0, 38, 0, 0, 0.14%, 7, 0, 8, 0.00
1734121845, 9948977, 0, 38, 0, 0, 0.14%, 7, 0, 8, 0.00
1734121850, 9967681, 0, 38, 0, 0, 0.14%, 7, 0, 8, 0.00
1734121856, 9985137, 0, 38, 0, 0, 0.14%, 7, 0, 8, 0.00
1734121861, 10003153, 0, 38, 0, 0, 0.14%, 7, 0, 8, 0.00
1734121866, 10021081, 0, 38, 0, 0, 0.14%, 7, 0, 8, 0.00
1734121871, 10038555, 0, 38, 0, 0, 0.14%, 7, 0, 8, 0.00
1734121876, 10057255, 0, 38, 0, 0, 0.14%, 7, 0, 8, 0.00
1734121882, 10074578, 0, 38, 0, 0, 0.14%, 7, 0, 8, 0.00
1734121887, 10092628, 0, 38, 0, 0, 0.14%, 7, 0, 8, 0.00
1734121892, 10110032, 0, 38, 0, 0, 0.14%, 7, 0, 8, 0.00
1734121897, 10128118, 0, 38, 0, 0, 0.14%, 7, 0, 8, 0.00
1734121902, 10146135, 0, 38, 0, 0, 0.14%, 7, 0, 8, 0.00
1734121908, 10164199, 0, 38, 0, 0, 0.14%, 7, 0, 8, 0.00
1734121913, 10181575, 0, 38, 0, 0, 0.14%, 7, 0, 8, 0.00
1734121918, 10199564, 0, 38, 0, 0, 0.14%, 7, 0, 8, 0.00
1734121923, 10216981, 0, 38, 0, 0, 0.14%, 7, 0, 8, 0.00
1734121928, 10234919, 0, 38, 0, 0, 0.14%, 7, 0, 8, 0.00
1734121934, 10252464, 0, 38, 0, 0, 0.14%, 7, 0, 8, 0.00
1734121939, 10271197, 0, 38, 0, 0, 0.14%, 7, 0, 8, 0.00
1734121944, 10288614, 0, 38, 0, 0, 0.14%, 7, 0, 8, 0.00
1734121949, 10306691, 0, 38, 0, 0, 0.14%, 7, 0, 8, 0.00
1734121954, 10324119, 0, 38, 0, 0, 0.14%, 7, 0, 8, 0.00
1734121960, 10342860, 0, 38, 0, 0, 0.14%, 7, 0, 8, 0.00
1734121965, 10360283, 0, 38, 0, 0, 0.14%, 7, 0, 8, 0.00
1734121970, 10377723, 0, 38, 0, 0, 0.14%, 7, 0, 8, 0.00
1734121975, 10395738, 0, 38, 0, 0, 0.14%, 7, 0, 8, 0.00
1734121980, 10413867, 0, 38, 0, 0, 0.14%, 7, 0, 8, 0.00
1734121986, 10431874, 0, 38, 0, 0, 0.14%, 7, 0, 8, 0.00
1734121991, 10449366, 0, 38, 0, 0, 0.14%, 7, 0, 8, 0.00
1734121996, 10467392, 0, 38, 0, 0, 0.14%, 7, 0, 8, 0.00
1734122001, 10484793, 0, 38, 0, 0, 0.14%, 7, 0, 8, 0.00
1734122006, 10503551, 0, 38, 0, 0, 0.14%, 7, 0, 8, 0.00
1734122012, 10520968, 0, 38, 0, 0, 0.14%, 7, 0, 8, 0.00
1734122017, 10538959, 0, 38, 0, 0, 0.14%, 7, 0, 8, 0.00
1734122022, 10556245, 0, 38, 0, 0, 0.14%, 7, 0, 8, 0.00
1734122027, 10574225, 0, 38, 0, 0, 0.14%, 7, 0, 8, 0.00
1734122032, 10591719, 0, 38, 0, 0, 0.14%, 7, 0, 8, 0.00
1734122038, 10609107, 0, 38, 0, 0, 0.14%, 7, 0, 8, 0.00
1734122043, 10626435, 0, 38, 0, 0, 0.14%, 7, 0, 8, 0.00
1734122048, 10644488, 0, 38, 0, 0, 0.14%, 7, 0, 8, 0.00
1734122053, 10661436, 0, 38, 0, 0, 0.14%, 7, 0, 8, 0.00
1734122058, 10679513, 0, 38, 0, 0, 0.14%, 7, 0, 8, 0.00
1734122064, 10697589, 0, 38, 0, 0, 0.14%, 7, 0, 8, 0.00
1734122069, 10715607, 0, 38, 0, 0, 0.14%, 7, 0, 8, 0.00
1734122074, 10732958, 0, 38, 0, 0, 0.14%, 7, 0, 8, 0.00
1734122079, 10751013, 0, 38, 0, 0, 0.14%, 7, 0, 8, 0.00
1734122084, 10769021, 0, 38, 0, 0, 0.14%, 7, 0, 8, 0.00
1734122090, 10787076, 0, 38, 0, 0, 0.14%, 7, 0, 8, 0.00
1734122095, 10805106, 0, 38, 0, 0, 0.14%, 7, 0, 8, 0.00
1734122100, 10822465, 0, 38, 0, 0, 0.14%, 7, 0, 8, 0.00
1734122105, 10839733, 0, 38, 0, 0, 0.14%, 7, 0, 8, 0.00
1734122110, 10857790, 0, 38, 0, 0, 0.14%, 7, 0, 8, 0.00
1734122116, 10875878, 0, 38, 0, 0, 0.14%, 7, 0, 8, 0.00
1734122121, 10893217, 0, 38, 0, 0, 0.14%, 7, 0, 8, 0.00
1734122126, 10911190, 0, 38, 0, 0, 0.14%, 7, 0, 8, 0.00
1734122131, 10929112, 0, 38, 0, 0, 0.14%, 7, 0, 8, 0.00
1734122136, 10947098, 0, 38, 0, 0, 0.14%, 7, 0, 8, 0.00
1734122142, 10965140, 0, 38, 0, 0, 0.14%, 7, 0, 8, 0.00
1734122147, 10982525, 0, 38, 0, 0, 0.14%, 7, 0, 8, 0.00
1734122152, 11000552, 0, 38, 0, 0, 0.14%, 7, 0, 8, 0.00
1734122157, 11017949, 0, 38, 0, 0, 0.14%, 7, 0, 8, 0.00
1734122162, 11036588, 0, 38, 0, 0, 0.14%, 7, 0, 8, 0.00
1734122168, 11053976, 0, 38, 0, 0, 0.14%, 7, 0, 8, 0.00
1734122173, 11071968, 0, 38, 0, 0, 0.14%, 7, 0, 8, 0.00
1734122178, 11089281, 0, 38, 0, 0, 0.14%, 7, 0, 8, 0.00
1734122183, 11107275, 0, 38, 0, 0, 0.14%, 7, 0, 8, 0.00
1734122188, 11124567, 0, 38, 0, 0, 0.14%, 7, 0, 8, 0.00
1734122194, 11143294, 0, 38, 0, 0, 0.14%, 7, 0, 8, 0.00
1734122199, 11160712, 0, 38, 0, 0, 0.14%, 7, 0, 8, 0.00
1734122204, 11178713, 0, 38, 0, 0, 0.14%, 7, 0, 8, 0.00
1734122209, 11196078, 0, 38, 0, 0, 0.14%, 7, 0, 8, 0.00
1734122214, 11214149, 0, 38, 0, 0, 0.14%, 7, 0, 8, 0.00
1734122220, 11232178, 0, 38, 0, 0, 0.14%, 7, 0, 8, 0.00
1734122225, 11250201, 0, 38, 0, 0, 0.14%, 7, 0, 8, 0.00
1734122230, 11267533, 0, 38, 0, 0, 0.14%, 7, 0, 8, 0.00
1734122235, 11285688, 0, 38, 0, 0, 0.14%, 7, 0, 8, 0.00
1734122240, 11303699, 0, 38, 0, 0, 0.14%, 7, 0, 8, 0.00
1734122246, 11321629, 0, 38, 0, 0, 0.14%, 7, 0, 8, 0.00
1734122251, 11339613, 0, 38, 0, 0, 0.14%, 7, 0, 8, 0.00
1734122256, 11356966, 0, 38, 0, 0, 0.14%, 7, 0, 8, 0.00
1734122261, 11374983, 0, 38, 0, 0, 0.14%, 7, 0, 8, 0.00
1734122266, 11392312, 0, 38, 0, 0, 0.14%, 7, 0, 8, 0.00
1734122272, 11411041, 0, 38, 0, 0, 0.14%, 7, 0, 8, 0.00
1734122277, 11428344, 0, 38, 0, 0, 0.14%, 7, 0, 8, 0.00
1734122282, 11446300, 0, 38, 0, 0, 0.14%, 7, 0, 8, 0.00
1734122287, 11463653, 0, 38, 0, 0, 0.14%, 7, 0, 8, 0.00
1734122292, 11481636, 0, 38, 0, 0, 0.14%, 7, 0, 8, 0.00
1734122298, 11499594, 0, 38, 0, 0, 0.14%, 7, 0, 8, 0.00
1734122303, 11517558, 0, 38, 0, 0, 0.14%, 7, 0, 8, 0.00
1734122308, 11534934, 0, 38, 0, 0, 0.14%, 7, 0, 8, 0.00
1734122313, 11552988, 0, 38, 0, 0, 0.14%, 7, 0, 8, 0.00
1734122318, 11570324, 0, 38, 0, 0, 0.14%, 7, 0, 8, 0.00
1734122324, 11587667, 0, 38, 0, 0, 0.14%, 7, 0, 8, 0.00
1734122329, 11605683, 0, 38, 0, 0, 0.14%, 7, 0, 8, 0.00
1734122334, 11623066, 0, 38, 0, 0, 0.14%, 7, 0, 8, 0.00
1734122339, 11641021, 0, 38, 0, 0, 0.14%, 7, 0, 8, 0.00
1734122344, 11658362, 0, 38, 0, 0, 0.14%, 7, 0, 8, 0.00
1734122350, 11677080, 0, 38, 0, 0, 0.14%, 7, 0, 8, 0.00
1734122355, 11694519, 0, 38, 0, 0, 0.14%, 7, 0, 8, 0.00
1734122360, 11712574, 0, 38, 0, 0, 0.14%, 7, 0, 8, 0.00
1734122365, 11729922, 0, 38, 0, 0, 0.14%, 7, 0, 8, 0.00
1734122370, 11748559, 0, 38, 0, 0, 0.14%, 7, 0, 8, 0.00
1734122376, 11765863, 0, 38, 0, 0, 0.14%, 7, 0, 8, 0.00
1734122381, 11783904, 0, 38, 0, 0, 0.14%, 7, 0, 8, 0.00
1734122386, 11801261, 0, 38, 0, 0, 0.14%, 7, 0, 8, 0.00
1734122391, 11819285, 0, 38, 0, 0, 0.14%, 7, 0, 8, 0.00
1734122396, 11836773, 0, 38, 0, 0, 0.14%, 7, 0, 8, 0.00
1734122402, 11855528, 0, 38, 0, 0, 0.14%, 7, 0, 8, 0.00
1734122407, 11873129, 0, 38, 0, 0, 0.14%, 7, 0, 8, 0.00
1734122412, 11890877, 0, 38, 0, 0, 0.14%, 7, 0, 8, 0.00
1734122417, 11908902, 0, 38, 0, 0, 0.14%, 7, 0, 8, 0.00
1734122422, 11926295, 0, 38, 0, 0, 0.14%, 7, 0, 8, 0.00
1734122428, 11945008, 0, 38, 0, 0, 0.14%, 7, 0, 8, 0.00
1734122433, 11962302, 0, 38, 0, 0, 0.14%, 7, 0, 8, 0.00
1734122438, 11980350, 0, 38, 0, 0, 0.14%, 7, 0, 8, 0.00
1734122443, 11997681, 0, 38, 0, 0, 0.14%, 7, 0, 8, 0.00
1734122448, 12015645, 0, 38, 0, 0, 0.14%, 7, 0, 8, 0.00
1734122454, 12033698, 0, 38, 0, 0, 0.14%, 7, 0, 8, 0.00
1734122459, 12051720, 0, 38, 0, 0, 0.14%, 7, 0, 8, 0.00
1734122464, 12069093, 0, 38, 0, 0, 0.14%, 7, 0, 8, 0.00
1734122469, 12087052, 0, 38, 0, 0, 0.14%, 7, 0, 8, 0.00
1734122474, 12104342, 0, 38, 0, 0, 0.14%, 7, 0, 8, 0.00
1734122480, 12123065, 0, 38, 0, 0, 0.14%, 7, 0, 8, 0.00
1734122485, 12140440, 0, 38, 0, 0, 0.14%, 7, 0, 8, 0.00
1734122490, 12157772, 0, 38, 0, 0, 0.14%, 7, 0, 8, 0.00
1734122495, 12176456, 0, 38, 0, 0, 0.14%, 7, 0, 8, 0.00
1734122500, 12193828, 0, 38, 0, 0, 0.14%, 7, 0, 8, 0.00
1734122506, 12211840, 0, 38, 0, 0, 0.14%, 7, 0, 8, 0.00
1734122511, 12229164, 0, 38, 0, 0, 0.14%, 7, 0, 8, 0.00
1734122516, 12247199, 0, 38, 0, 0, 0.14%, 7, 0, 8, 0.00
1734122521, 12264560, 0, 38, 0, 0, 0.14%, 7, 0, 8, 0.00
1734122526, 12283308, 0, 38, 0, 0, 0.14%, 7, 0, 8, 0.00
1734122532, 12300979, 0, 38, 0, 0, 0.14%, 7, 0, 8, 0.00
1734122537, 12318719, 0, 38, 0, 0, 0.14%, 7, 0, 8, 0.00
1734122542, 12336742, 0, 38, 0, 0, 0.14%, 7, 0, 8, 0.00
1734122547, 12354841, 0, 38, 0, 0, 0.14%, 7, 0, 8, 0.00
1734122552, 12372799, 0, 38, 0, 0, 0.14%, 7, 0, 8, 0.00
1734122558, 12390217, 0, 38, 0, 0, 0.14%, 7, 0, 8, 0.00
1734122563, 12408299, 0, 38, 0, 0, 0.14%, 7, 0, 8, 0.00
1734122568, 12425720, 0, 38, 0, 0, 0.14%, 7, 0, 8, 0.00
1734122573, 12444368, 0, 38, 0, 0, 0.14%, 7, 0, 8, 0.00
1734122578, 12461698, 0, 38, 0, 0, 0.14%, 7, 0, 8, 0.00
1734122584, 12479084, 0, 38, 0, 0, 0.14%, 7, 0, 8, 0.00
1734122589, 12497010, 0, 38, 0, 0, 0.14%, 7, 0, 8, 0.00
1734122594, 12515108, 0, 38, 0, 0, 0.14%, 7, 0, 8, 0.00
1734122599, 12533056, 0, 38, 0, 0, 0.14%, 7, 0, 8, 0.00
1734122604, 12550433, 0, 38, 0, 0, 0.14%, 7, 0, 8, 0.00
1734122610, 12567784, 0, 38, 0, 0, 0.14%, 7, 0, 8, 0.00
1734122615, 12585822, 0, 38, 0, 0, 0.14%, 7, 0, 8, 0.00
1734122620, 12603234, 0, 38, 0, 0, 0.14%, 7, 0, 8, 0.00
1734122625, 12621253, 0, 38, 0, 0, 0.14%, 7, 0, 8, 0.00
1734122630, 12638641, 0, 38, 0, 0, 0.14%, 7, 0, 8, 0.00
1734122636, 12657322, 0, 38, 0, 0, 0.14%, 7, 0, 8, 0.00
1734122641, 12674670, 0, 38, 0, 0, 0.14%, 7, 0, 8, 0.00
1734122646, 12692697, 0, 38, 0, 0, 0.14%, 7, 0, 8, 0.00
1734122651, 12710082, 0, 38, 0, 0, 0.14%, 7, 0, 8, 0.00
1734122656, 12728105, 0, 38, 0, 0, 0.14%, 7, 0, 8, 0.00
1734122662, 12746074, 0, 38, 0, 0, 0.14%, 7, 0, 8, 0.00
1734122667, 12764131, 0, 38, 0, 0, 0.14%, 7, 0, 8, 0.00
1734122672, 12781522, 0, 38, 0, 0, 0.14%, 7, 0, 8, 0.00
1734122677, 12799593, 0, 38, 0, 0, 0.14%, 7, 0, 8, 0.00
1734122682, 12817592, 0, 38, 0, 0, 0.14%, 7, 0, 8, 0.00
1734122688, 12835691, 0, 38, 0, 0, 0.14%, 7, 0, 8, 0.00
1734122693, 12853794, 0, 38, 0, 0, 0.14%, 7, 0, 8, 0.00
1734122698, 12871169, 0, 38, 0, 0, 0.14%, 7, 0, 8, 0.00
1734122703, 12889234, 0, 38, 0, 0, 0.14%, 7, 0, 8, 0.00
1734122708, 12906601, 0, 38, 0, 0, 0.14%, 7, 0, 8, 0.00
1734122714, 12925235, 0, 38, 0, 0, 0.14%, 7, 0, 8, 0.00
1734122719, 12942584, 0, 38, 0, 0, 0.14%, 7, 0, 8, 0.00
1734122724, 12960648, 0, 38, 0, 0, 0.14%, 7, 0, 8, 0.00
1734122729, 12978045, 0, 38, 0, 0, 0.14%, 7, 0, 8, 0.00
1734122734, 12996154, 0, 38, 0, 0, 0.14%, 7, 0, 8, 0.00
1734122740, 13013431, 0, 38, 0, 0, 0.14%, 7, 0, 8, 0.00
1734122745, 13032094, 0, 38, 0, 0, 0.14%, 7, 0, 8, 0.00
1734122750, 13049443, 0, 38, 0, 0, 0.14%, 7, 0, 8, 0.00
1734122755, 13067491, 0, 38, 0, 0, 0.14%, 7, 0, 8, 0.00
1734122760, 13084914, 0, 38, 0, 0, 0.14%, 7, 0, 8, 0.00
1734122766, 13103664, 0, 38, 0, 0, 0.14%, 7, 0, 8, 0.00
1734122771, 13121255, 0, 38, 0, 0, 0.14%, 7, 0, 8, 0.00
1734122776, 13139040, 0, 38, 0, 0, 0.14%, 7, 0, 8, 0.00
1734122781, 13157058, 0, 38, 0, 0, 0.14%, 7, 0, 8, 0.00
1734122786, 13174511, 0, 38, 0, 0, 0.14%, 7, 0, 8, 0.00
1734122792, 13193207, 0, 38, 0, 0, 0.14%, 7, 0, 8, 0.00
1734122797, 13210528, 0, 38, 0, 0, 0.14%, 7, 0, 8, 0.00
1734122802, 13228564, 0, 38, 0, 0, 0.14%, 7, 0, 8, 0.00
1734122807, 13245995, 0, 38, 0, 0, 0.14%, 7, 0, 8, 0.00
1734122812, 13264136, 0, 38, 0, 0, 0.14%, 7, 0, 8, 0.00
1734122818, 13281536, 0, 38, 0, 0, 0.14%, 7, 0, 8, 0.00
1734122823, 13300199, 0, 38, 0, 0, 0.14%, 7, 0, 8, 0.00
1734122828, 13317568, 0, 38, 0, 0, 0.14%, 7, 0, 8, 0.00
1734122833, 13335585, 0, 38, 0, 0, 0.14%, 7, 0, 8, 0.00
1734122838, 13353029, 0, 38, 0, 0, 0.14%, 7, 0, 8, 0.00
1734122844, 13371665, 0, 38, 0, 0, 0.14%, 7, 0, 8, 0.00
1734122849, 13389028, 0, 38, 0, 0, 0.14%, 7, 0, 8, 0.00
1734122854, 13407061, 0, 38, 0, 0, 0.14%, 7, 0, 8, 0.00
1734122859, 13424829, 0, 38, 0, 0, 0.14%, 7, 0, 8, 0.00
1734122864, 13442437, 0, 38, 0, 0, 0.14%, 7, 0, 8, 0.00
1734122870, 13461151, 0, 38, 0, 0, 0.14%, 7, 0, 8, 0.00
1734122875, 13478557, 0, 38, 0, 0, 0.14%, 7, 0, 8, 0.00
1734122880, 13496709, 0, 38, 0, 0, 0.14%, 7, 0, 8, 0.00
1734122885, 13514013, 0, 38, 0, 0, 0.14%, 7, 0, 8, 0.00
1734122890, 13532004, 0, 38, 0, 0, 0.14%, 7, 0, 8, 0.00
1734122896, 13549445, 0, 38, 0, 0, 0.14%, 7, 0, 8, 0.00
1734122901, 13568131, 0, 38, 0, 0, 0.14%, 7, 0, 8, 0.00
1734122906, 13585571, 0, 38, 0, 0, 0.14%, 7, 0, 8, 0.00
1734122911, 13603645, 0, 38, 0, 0, 0.14%, 7, 0, 8, 0.00
1734122916, 13621019, 0, 38, 0, 0, 0.14%, 7, 0, 8, 0.00
1734122922, 13639167, 0, 38, 0, 0, 0.14%, 7, 0, 8, 0.00
1734122927, 13657214, 0, 38, 0, 0, 0.14%, 7, 0, 8, 0.00
1734122932, 13675278, 0, 38, 0, 0, 0.14%, 7, 0, 8, 0.00
1734122937, 13692539, 0, 38, 0, 0, 0.14%, 7, 0, 8, 0.00
1734122942, 13710525, 0, 38, 0, 0, 0.14%, 7, 0, 8, 0.00
1734122948, 13728653, 0, 38, 0, 0, 0.14%, 7, 0, 8, 0.00
1734122953, 13746655, 0, 38, 0, 0, 0.14%, 7, 0, 8, 0.00
