# unix_time, cycles_done, cur_path, paths_total, pending_total, pending_favs, map_size, unique_crashes, unique_hangs, max_depth, execs_per_sec
1735482762, 0, 0, 10, 10, 1, 0.01%, 0, 0, 1, 48.87
1735482767, 0, 7, 10, 10, 1, 0.01%, 0, 0, 1, 40.87
1735482777, 0, 8, 10, 9, 0, 0.01%, 0, 0, 1, 48.52
1735482783, 1, 0, 10, 7, 0, 0.01%, 0, 0, 1, 47.29
1735482788, 1, 1, 10, 6, 0, 0.01%, 0, 0, 1, 46.92
1735482793, 1, 2, 10, 5, 0, 0.01%, 0, 0, 1, 45.59
1735482798, 1, 3, 10, 4, 0, 0.01%, 0, 0, 1, 46.86
1735482803, 1, 4, 10, 3, 0, 0.01%, 0, 0, 1, 46.01
1735482808, 1, 5, 10, 2, 0, 0.01%, 0, 0, 1, 45.55
1735482813, 1, 6, 10, 1, 0, 0.01%, 0, 0, 1, 46.37
1735482818, 1, 7, 10, 0, 0, 0.01%, 0, 0, 1, 45.22
1735482823, 1, 8, 10, 0, 0, 0.01%, 0, 0, 1, 44.04
1735482829, 1, 9, 10, 0, 0, 0.01%, 0, 0, 1, 44.80
1735482839, 2, 0, 10, 0, 0, 0.01%, 0, 0, 1, 43.17
1735482844, 2, 1, 10, 0, 0, 0.01%, 0, 0, 1, 45.23
1735482849, 2, 2, 10, 0, 0, 0.01%, 0, 0, 1, 44.30
1735482854, 2, 3, 10, 0, 0, 0.01%, 0, 0, 1, 48.15
1735482859, 2, 4, 10, 0, 0, 0.01%, 0, 0, 1, 43.69
1735482864, 2, 5, 10, 0, 0, 0.01%, 0, 0, 1, 44.58
1735482869, 2, 6, 10, 0, 0, 0.01%, 0, 0, 1, 46.07
1735482874, 2, 7, 10, 0, 0, 0.01%, 0, 0, 1, 45.05
1735482879, 2, 8, 10, 0, 0, 0.01%, 0, 0, 1, 45.48
1735482889, 2, 9, 10, 0, 0, 0.01%, 0, 0, 1, 46.72
1735482894, 3, 0, 10, 0, 0, 0.01%, 0, 0, 1, 45.10
1735482899, 3, 1, 10, 0, 0, 0.01%, 0, 0, 1, 44.80
1735482904, 3, 2, 10, 0, 0, 0.01%, 0, 0, 1, 44.30
1735482910, 3, 3, 10, 0, 0, 0.01%, 0, 0, 1, 46.64
1735482915, 3, 4, 10, 0, 0, 0.01%, 0, 0, 1, 43.96
1735482920, 3, 5, 10, 0, 0, 0.01%, 0, 0, 1, 44.67
1735482925, 3, 6, 10, 0, 0, 0.01%, 0, 0, 1, 45.62
1735482935, 3, 7, 10, 0, 0, 0.01%, 0, 0, 1, 45.75
1735482940, 3, 8, 10, 0, 0, 0.01%, 0, 0, 1, 44.40
1735482945, 3, 9, 10, 0, 0, 0.01%, 0, 0, 1, 44.22
1735482950, 4, 0, 10, 0, 0, 0.01%, 0, 0, 1, 46.03
1735482955, 4, 1, 10, 0, 0, 0.01%, 0, 0, 1, 45.68
1735482960, 4, 2, 10, 0, 0, 0.01%, 0, 0, 1, 49.53
1735482965, 4, 3, 10, 0, 0, 0.01%, 0, 0, 1, 45.03
1735482971, 4, 4, 10, 0, 0, 0.01%, 0, 0, 1, 49.22
1735482976, 4, 5, 10, 0, 0, 0.01%, 0, 0, 1, 45.28
1735482981, 4, 6, 10, 0, 0, 0.01%, 0, 0, 1, 46.55
1735482986, 4, 7, 10, 0, 0, 0.01%, 0, 0, 1, 42.68
1735482996, 4, 8, 10, 0, 0, 0.01%, 0, 0, 1, 43.20
1735483001, 4, 9, 10, 0, 0, 0.01%, 0, 0, 1, 44.89
1735483006, 5, 0, 10, 0, 0, 0.01%, 0, 0, 1, 47.97
1735483011, 5, 1, 10, 0, 0, 0.01%, 0, 0, 1, 43.94
1735483016, 5, 2, 10, 0, 0, 0.01%, 0, 0, 1, 45.48
1735483021, 5, 3, 10, 0, 0, 0.01%, 0, 0, 1, 45.41
1735483026, 5, 4, 10, 0, 0, 0.01%, 0, 0, 1, 46.30
1735483031, 5, 5, 10, 0, 0, 0.01%, 0, 0, 1, 45.20
1735483042, 5, 6, 10, 0, 0, 0.01%, 0, 0, 1, 44.93
1735483047, 5, 7, 10, 0, 0, 0.01%, 0, 0, 1, 44.39
1735483052, 5, 8, 10, 0, 0, 0.01%, 0, 0, 1, 46.57
1735483057, 5, 9, 10, 0, 0, 0.01%, 0, 0, 1, 44.12
1735483062, 6, 0, 10, 0, 0, 0.01%, 0, 0, 1, 47.47
1735483067, 6, 1, 10, 0, 0, 0.01%, 0, 0, 1, 45.77
1735483072, 6, 2, 10, 0, 0, 0.01%, 0, 0, 1, 47.33
1735483077, 6, 3, 10, 0, 0, 0.01%, 0, 0, 1, 47.50
1735483082, 6, 4, 10, 0, 0, 0.01%, 0, 0, 1, 46.59
1735483087, 6, 5, 10, 0, 0, 0.01%, 0, 0, 1, 45.28
1735483097, 6, 6, 10, 0, 0, 0.01%, 0, 0, 1, 45.15
1735483102, 6, 7, 10, 0, 0, 0.01%, 0, 0, 1, 45.25
1735483107, 6, 8, 10, 0, 0, 0.01%, 0, 0, 1, 47.14
1735483112, 6, 9, 10, 0, 0, 0.01%, 0, 0, 1, 44.94
1735483118, 7, 0, 10, 0, 0, 0.01%, 0, 0, 1, 48.66
1735483123, 7, 1, 10, 0, 0, 0.01%, 0, 0, 1, 46.85
1735483128, 7, 2, 10, 0, 0, 0.01%, 0, 0, 1, 45.20
1735483133, 7, 3, 10, 0, 0, 0.01%, 0, 0, 1, 46.22
1735483138, 7, 4, 10, 0, 0, 0.01%, 0, 0, 1, 44.81
1735483143, 7, 5, 10, 0, 0, 0.01%, 0, 0, 1, 45.76
1735483153, 7, 6, 10, 0, 0, 0.01%, 0, 0, 1, 46.23
1735483158, 7, 7, 10, 0, 0, 0.01%, 0, 0, 1, 46.79
1735483163, 7, 8, 10, 0, 0, 0.01%, 0, 0, 1, 46.13
1735483168, 7, 9, 10, 0, 0, 0.01%, 0, 0, 1, 45.28
1735483173, 8, 0, 11, 1, 0, 0.14%, 1, 0, 2, 44.94
1735483178, 8, 10, 11, 1, 1, 0.14%, 1, 0, 2, 54.49
1735483188, 8, 10, 12, 2, 1, 0.14%, 2, 0, 3, 52.98
1735483244, 8, 11, 13, 2, 1, 0.14%, 3, 0, 4, 71.46
1735483285, 8, 11, 14, 3, 1, 0.14%, 3, 0, 4, 51.75
1735483371, 8, 12, 14, 2, 2, 0.14%, 3, 0, 4, 67.86
1735483468, 8, 13, 14, 1, 1, 0.14%, 3, 0, 4, 78.05
1735483478, 8, 13, 15, 2, 1, 0.14%, 3, 0, 5, 58.47
1735483564, 10, 14, 15, 0, 0, 0.14%, 3, 0, 5, 69.10
1735483595, 11, 12, 15, 0, 0, 0.14%, 3, 0, 5, 52.88
1735483605, 11, 12, 16, 1, 0, 0.14%, 4, 0, 5, 51.71
1735483610, 11, 15, 16, 1, 1, 0.14%, 4, 0, 5, 38.21
1735483732, 11, 15, 17, 2, 1, 0.14%, 5, 0, 6, 117.13
1735484337, 11, 15, 18, 3, 1, 0.14%, 5, 0, 6, 111.27
1735484342, 11, 15, 19, 4, 1, 0.14%, 5, 0, 6, 92.89
1735484347, 11, 15, 20, 5, 1, 0.14%, 5, 0, 6, 88.69
1735484372, 11, 15, 21, 6, 1, 0.14%, 5, 0, 6, 89.28
1735484388, 11, 15, 22, 7, 1, 0.14%, 6, 0, 6, 86.80
1735484393, 11, 15, 24, 9, 1, 0.14%, 7, 0, 6, 87.47
1735484423, 11, 15, 25, 10, 1, 0.14%, 7, 0, 6, 64.70
1735484439, 11, 16, 25, 9, 2, 0.14%, 7, 0, 6, 53.86
1735484449, 11, 24, 25, 8, 1, 0.14%, 7, 0, 6, 69.43
1735484520, 12, 12, 25, 7, 0, 0.14%, 7, 0, 6, 54.30
1735484525, 12, 12, 28, 10, 0, 0.14%, 8, 0, 6, 58.61
1735484530, 12, 12, 29, 11, 0, 0.14%, 8, 0, 6, 67.59
1735484535, 13, 12, 29, 9, 0, 0.14%, 8, 0, 6, 59.14
1735484576, 14, 12, 30, 9, 0, 0.14%, 8, 0, 6, 65.08
1735484581, 14, 12, 31, 10, 0, 0.14%, 8, 0, 6, 55.87
1735484631, 14, 30, 31, 10, 1, 0.14%, 8, 0, 6, 96.53
1735484748, 14, 30, 35, 14, 1, 0.14%, 8, 0, 6, 91.54
1735484763, 14, 30, 36, 15, 1, 0.14%, 8, 0, 6, 76.45
1735484830, 15, 20, 36, 12, 0, 0.14%, 8, 0, 6, 44.76
1735484835, 15, 22, 36, 11, 0, 0.14%, 8, 0, 6, 37.42
1735484840, 16, 21, 36, 9, 0, 0.14%, 8, 0, 6, 37.00
1735485586, 16, 26, 36, 8, 0, 0.14%, 8, 0, 6, 51.06
1735485591, 16, 29, 36, 6, 0, 0.14%, 8, 0, 6, 61.78
1735485673, 16, 31, 36, 6, 0, 0.14%, 8, 0, 6, 100.57
1735485718, 16, 31, 37, 7, 0, 0.14%, 8, 0, 7, 62.49
1735485779, 16, 36, 37, 7, 1, 0.14%, 8, 0, 7, 82.81
1735485865, 18, 22, 37, 5, 0, 0.14%, 8, 0, 7, 75.26
1735486255, 18, 35, 37, 5, 0, 0.14%, 8, 0, 7, 74.12
1735486307, 18, 35, 38, 6, 0, 0.14%, 8, 0, 7, 67.82
1735486332, 18, 35, 39, 7, 0, 0.14%, 8, 0, 7, 65.44
1735486362, 18, 35, 40, 8, 0, 0.14%, 8, 0, 7, 63.06
1735486373, 18, 38, 40, 7, 2, 0.14%, 8, 0, 7, 58.74
1735488211, 19, 19, 40, 5, 0, 0.14%, 8, 0, 7, 57.22
1735488216, 21, 19, 40, 1, 0, 0.14%, 8, 0, 7, 78.22
1735488612, 21, 37, 40, 1, 0, 0.14%, 8, 0, 7, 62.47
1735489004, 24, 24, 40, 0, 0, 0.14%, 8, 0, 7, 66.81
1735489014, 28, 12, 40, 0, 0, 0.14%, 8, 0, 7, 59.05
1735489045, 29, 19, 40, 0, 0, 0.14%, 8, 0, 7, 62.75
1735489050, 30, 19, 40, 0, 0, 0.14%, 8, 0, 7, 71.90
1735489055, 30, 37, 40, 0, 0, 0.14%, 8, 0, 7, 70.72
1735489060, 30, 38, 40, 0, 0, 0.14%, 8, 0, 7, 77.31
1735489070, 31, 19, 40, 0, 0, 0.14%, 8, 0, 7, 81.28
1735489091, 31, 20, 40, 0, 0, 0.14%, 8, 0, 7, 106.17
1735489832, 31, 37, 40, 0, 0, 0.14%, 8, 0, 7, 69.87
1735489847, 31, 38, 40, 0, 0, 0.14%, 8, 0, 7, 79.16
1735489858, 32, 19, 40, 0, 0, 0.14%, 8, 0, 7, 77.20
1735489888, 32, 37, 40, 0, 0, 0.14%, 8, 0, 7, 65.05
1735489913, 32, 38, 40, 0, 0, 0.14%, 8, 0, 7, 78.16
1735489944, 33, 19, 40, 0, 0, 0.14%, 8, 0, 7, 75.27
1735489979, 33, 37, 40, 0, 0, 0.14%, 8, 0, 7, 68.32
1735490010, 33, 38, 40, 0, 0, 0.14%, 8, 0, 7, 82.30
1735490041, 34, 19, 40, 0, 0, 0.14%, 8, 0, 7, 77.62
1735490072, 34, 25, 40, 0, 0, 0.14%, 8, 0, 7, 62.13
1735490112, 34, 37, 40, 0, 0, 0.14%, 8, 0, 7, 67.08
1735490147, 35, 37, 40, 0, 0, 0.14%, 8, 0, 7, 72.69
1735490178, 36, 37, 40, 0, 0, 0.14%, 8, 0, 7, 63.09
1735490218, 38, 29, 40, 0, 0, 0.14%, 8, 0, 7, 59.10
1735490223, 45, 24, 40, 0, 0, 0.14%, 8, 0, 7, 56.53
1735490233, 59, 34, 40, 0, 0, 0.14%, 8, 0, 7, 76.68
1735490274, 62, 34, 40, 0, 0, 0.14%, 8, 0, 7, 68.60
1735490304, 64, 34, 40, 0, 0, 0.14%, 8, 0, 7, 59.07
1735490330, 73, 24, 40, 0, 0, 0.14%, 8, 0, 7, 62.54
1735490345, 73, 33, 40, 0, 0, 0.14%, 8, 0, 7, 82.24
1735490396, 73, 34, 40, 0, 0, 0.14%, 8, 0, 7, 62.03
1735490431, 78, 18, 40, 0, 0, 0.14%, 8, 0, 7, 83.92
1735490816, 78, 25, 40, 0, 0, 0.14%, 8, 0, 7, 69.17
1735490821, 79, 24, 40, 0, 0, 0.14%, 8, 0, 7, 61.63
1735490857, 80, 26, 40, 0, 0, 0.14%, 8, 0, 7, 72.09
1735491425, 86, 23, 40, 0, 0, 0.14%, 8, 0, 7, 77.91
1735491445, 86, 31, 40, 0, 0, 0.14%, 8, 0, 7, 60.45
1735491455, 88, 29, 40, 0, 0, 0.14%, 8, 0, 7, 59.50
1735491460, 91, 12, 40, 0, 0, 0.14%, 8, 0, 7, 62.38
1735491501, 94, 30, 40, 0, 0, 0.14%, 8, 0, 7, 66.89
1735491516, 94, 31, 40, 0, 0, 0.14%, 8, 0, 7, 64.97
1735491526, 102, 24, 40, 0, 0, 0.14%, 8, 0, 7, 64.06
1735491567, 104, 29, 40, 0, 0, 0.14%, 8, 0, 7, 63.76
1735491582, 107, 36, 40, 0, 0, 0.14%, 8, 0, 7, 65.76
1735491592, 116, 34, 40, 0, 0, 0.14%, 8, 0, 7, 67.24
1735491627, 118, 30, 40, 0, 0, 0.14%, 8, 0, 7, 67.07
1735491633, 121, 34, 40, 0, 0, 0.14%, 8, 0, 7, 60.69
1735491668, 121, 36, 40, 0, 0, 0.14%, 8, 0, 7, 60.02
1735491683, 122, 34, 40, 0, 0, 0.14%, 8, 0, 7, 61.67
1735491719, 123, 14, 40, 0, 0, 0.14%, 8, 0, 7, 64.42
1735491724, 124, 24, 40, 0, 0, 0.14%, 8, 0, 7, 61.56
1735491764, 125, 34, 40, 0, 0, 0.14%, 8, 0, 7, 59.53
1735491800, 126, 17, 40, 0, 0, 0.14%, 8, 0, 7, 87.70
1735491902, 127, 16, 40, 0, 0, 0.14%, 8, 0, 7, 90.73
1735492659, 130, 25, 40, 0, 0, 0.14%, 8, 0, 7, 68.71
1735492664, 132, 17, 40, 0, 0, 0.14%, 8, 0, 7, 68.61
1735492669, 132, 22, 40, 0, 0, 0.14%, 8, 0, 7, 73.59
1735492674, 134, 24, 40, 0, 0, 0.14%, 8, 0, 7, 63.40
1735492715, 136, 34, 40, 0, 0, 0.14%, 8, 0, 7, 59.79
1735492750, 137, 14, 40, 0, 0, 0.14%, 8, 0, 7, 61.26
1735492766, 137, 22, 40, 0, 0, 0.14%, 8, 0, 7, 78.05
1735492771, 137, 30, 40, 0, 0, 0.14%, 8, 0, 7, 60.28
1735492791, 138, 23, 40, 0, 0, 0.14%, 8, 0, 7, 69.34
1735492796, 138, 24, 40, 0, 0, 0.14%, 8, 0, 7, 58.94
1735492837, 138, 29, 40, 0, 0, 0.14%, 8, 0, 7, 56.48
1735492877, 140, 24, 40, 0, 0, 0.14%, 8, 0, 7, 55.91
1735492918, 140, 30, 40, 0, 0, 0.14%, 8, 0, 7, 72.33
1735492949, 141, 17, 40, 0, 0, 0.14%, 8, 0, 7, 65.66
1735492959, 141, 31, 40, 0, 0, 0.14%, 8, 0, 7, 61.63
1735492989, 142, 34, 40, 0, 0, 0.14%, 8, 0, 7, 65.49
1735493025, 143, 31, 40, 0, 0, 0.14%, 8, 0, 7, 63.02
1735493065, 144, 29, 40, 0, 0, 0.14%, 8, 0, 7, 62.05
1735493101, 147, 14, 40, 0, 0, 0.14%, 8, 0, 7, 71.10
1735493126, 148, 29, 40, 0, 0, 0.14%, 8, 0, 7, 59.96
1735493162, 149, 24, 40, 0, 0, 0.14%, 8, 0, 7, 59.70
1735493202, 150, 14, 40, 0, 0, 0.14%, 8, 0, 7, 65.37
1735493243, 151, 23, 40, 0, 0, 0.14%, 8, 0, 7, 58.20
1735493248, 152, 25, 40, 0, 0, 0.14%, 8, 0, 7, 61.67
1735493258, 153, 22, 40, 0, 0, 0.14%, 8, 0, 7, 65.88
1735493278, 159, 29, 40, 0, 0, 0.14%, 8, 0, 7, 56.09
1735493314, 160, 16, 40, 0, 0, 0.14%, 8, 0, 7, 61.96
1735493319, 160, 20, 40, 0, 0, 0.14%, 8, 0, 7, 71.85
1735493324, 161, 17, 40, 0, 0, 0.14%, 8, 0, 7, 74.94
1735493339, 161, 36, 40, 0, 0, 0.14%, 8, 0, 7, 65.68
1735493375, 163, 13, 40, 0, 0, 0.14%, 8, 0, 7, 63.34
1735493380, 163, 20, 40, 0, 0, 0.14%, 8, 0, 7, 75.12
1735493390, 164, 31, 40, 0, 0, 0.14%, 8, 0, 7, 60.29
1735493426, 166, 30, 40, 0, 0, 0.14%, 8, 0, 7, 73.75
1735493461, 167, 16, 40, 0, 0, 0.14%, 8, 0, 7, 81.85
1735493472, 167, 30, 40, 0, 0, 0.14%, 8, 0, 7, 78.26
1735493502, 167, 31, 40, 0, 0, 0.14%, 8, 0, 7, 63.58
1735493538, 169, 17, 40, 0, 0, 0.14%, 8, 0, 7, 67.00
