# unix_time, cycles_done, cur_path, paths_total, pending_total, pending_favs, map_size, unique_crashes, unique_hangs, max_depth, execs_per_sec
1734335826, 0, 0, 10, 10, 1, 0.01%, 0, 0, 1, 35.86
1734335832, 0, 2, 10, 10, 1, 0.01%, 0, 0, 1, 36.01
1734335847, 1, 0, 10, 2, 0, 0.01%, 0, 0, 1, 44.82
1734335852, 1, 1, 10, 1, 0, 0.01%, 0, 0, 1, 44.00
1734335862, 1, 2, 10, 0, 0, 0.01%, 0, 0, 1, 43.63
1734335867, 1, 3, 10, 0, 0, 0.01%, 0, 0, 1, 44.52
1734335872, 1, 4, 10, 0, 0, 0.01%, 0, 0, 1, 44.62
1734335877, 1, 5, 10, 0, 0, 0.01%, 0, 0, 1, 43.42
1734335882, 1, 6, 10, 0, 0, 0.01%, 0, 0, 1, 43.16
1734335888, 1, 7, 10, 0, 0, 0.01%, 0, 0, 1, 43.57
1734335898, 1, 8, 10, 0, 0, 0.01%, 0, 0, 1, 43.41
1734335903, 1, 9, 10, 0, 0, 0.01%, 0, 0, 1, 42.78
1734335908, 2, 0, 10, 0, 0, 0.01%, 0, 0, 1, 44.36
1734335913, 2, 1, 10, 0, 0, 0.01%, 0, 0, 1, 42.80
1734335918, 2, 2, 10, 0, 0, 0.01%, 0, 0, 1, 43.27
1734335923, 2, 3, 10, 0, 0, 0.01%, 0, 0, 1, 44.57
1734335928, 2, 4, 10, 0, 0, 0.01%, 0, 0, 1, 43.91
1734335938, 2, 5, 11, 1, 0, 0.14%, 1, 0, 2, 43.44
1734335943, 2, 10, 11, 1, 1, 0.14%, 1, 0, 2, 61.75
1734335954, 2, 10, 12, 2, 1, 0.14%, 2, 0, 3, 49.21
1734335994, 2, 11, 13, 2, 1, 0.14%, 3, 0, 4, 66.40
1734336035, 2, 12, 13, 1, 1, 0.14%, 3, 0, 4, 50.12
1734336116, 3, 12, 13, 0, 0, 0.14%, 3, 0, 4, 44.98
1734336131, 3, 12, 14, 1, 0, 0.14%, 3, 0, 5, 45.50
1734336182, 4, 13, 15, 1, 0, 0.14%, 3, 0, 6, 62.26
1734336187, 4, 13, 16, 2, 0, 0.14%, 3, 0, 6, 55.70
1734336248, 5, 15, 16, 0, 0, 0.14%, 3, 0, 6, 84.60
1734336278, 5, 15, 17, 1, 0, 0.14%, 3, 0, 7, 49.57
1734336299, 5, 16, 18, 2, 1, 0.14%, 3, 0, 8, 61.30
1734336350, 5, 16, 19, 3, 1, 0.14%, 3, 0, 8, 54.45
1734336355, 5, 16, 19, 3, 1, 0.14%, 4, 0, 8, 52.52
1734336370, 5, 16, 20, 4, 1, 0.14%, 4, 0, 8, 51.35
1734336395, 5, 16, 21, 5, 1, 0.14%, 4, 0, 8, 49.59
1734336476, 5, 18, 21, 4, 2, 0.14%, 4, 0, 8, 61.76
1734336481, 5, 18, 22, 5, 2, 0.14%, 5, 0, 9, 93.88
1734336507, 5, 18, 23, 6, 2, 0.14%, 5, 0, 9, 56.95
1734336517, 5, 18, 24, 7, 2, 0.14%, 5, 0, 9, 58.08
1734336542, 5, 18, 25, 8, 2, 0.14%, 5, 0, 9, 55.86
1734336547, 5, 18, 26, 9, 2, 0.14%, 5, 0, 9, 55.15
1734336598, 5, 18, 27, 10, 2, 0.14%, 5, 0, 9, 57.29
1734336639, 5, 20, 27, 9, 3, 0.14%, 5, 0, 9, 59.86
1734336644, 5, 20, 28, 10, 3, 0.14%, 5, 0, 9, 76.71
1734336701, 5, 20, 29, 11, 3, 0.14%, 5, 0, 9, 52.84
1734336711, 5, 20, 30, 12, 3, 0.14%, 5, 0, 9, 52.10
1734336721, 5, 20, 31, 13, 3, 0.14%, 5, 0, 9, 49.47
1734336746, 5, 20, 32, 14, 3, 0.14%, 5, 0, 9, 54.33
1734336797, 5, 20, 33, 15, 3, 0.14%, 5, 0, 9, 61.07
1734336828, 5, 25, 33, 14, 2, 0.14%, 5, 0, 9, 82.25
1734336848, 5, 25, 34, 15, 2, 0.14%, 5, 0, 10, 57.79
1734336914, 5, 25, 35, 16, 2, 0.14%, 5, 0, 10, 53.38
1734336919, 5, 25, 36, 17, 2, 0.14%, 5, 0, 10, 54.88
1734336990, 5, 30, 36, 16, 2, 0.14%, 5, 0, 10, 70.21
1734337076, 5, 30, 37, 17, 2, 0.14%, 5, 0, 10, 53.28
1734337102, 6, 22, 37, 15, 0, 0.14%, 5, 0, 10, 57.48
1734337219, 6, 24, 37, 14, 0, 0.14%, 5, 0, 10, 39.41
1734337367, 6, 24, 39, 16, 0, 0.14%, 6, 0, 10, 116.54
1734338168, 6, 24, 40, 17, 0, 0.14%, 6, 0, 10, 70.49
1734338270, 6, 39, 40, 16, 1, 0.14%, 6, 0, 10, 44.98
1734338652, 6, 39, 41, 17, 1, 0.14%, 6, 0, 11, 89.88
1734338657, 6, 39, 43, 19, 1, 0.14%, 6, 0, 11, 81.46
1734338734, 6, 40, 43, 18, 2, 0.14%, 6, 0, 11, 90.89
1734338944, 6, 42, 43, 17, 1, 0.14%, 6, 0, 11, 87.12
1734339082, 9, 31, 43, 11, 0, 0.14%, 6, 0, 11, 62.42
1734339143, 9, 34, 43, 11, 0, 0.14%, 6, 0, 11, 77.65
1734339224, 9, 41, 43, 9, 0, 0.14%, 6, 0, 11, 81.78
1734339408, 11, 28, 43, 5, 0, 0.14%, 6, 0, 11, 47.16
1734339413, 13, 28, 43, 2, 0, 0.14%, 6, 0, 11, 73.19
1734339613, 13, 29, 43, 2, 0, 0.14%, 6, 0, 11, 61.25
1734339910, 13, 29, 44, 3, 0, 0.14%, 7, 0, 11, 72.30
1734339986, 13, 43, 44, 2, 1, 0.14%, 7, 0, 11, 72.48
1734340282, 14, 35, 44, 1, 0, 0.14%, 7, 0, 11, 71.01
1734340333, 15, 33, 44, 1, 0, 0.14%, 7, 0, 11, 73.39
1734340379, 15, 35, 44, 1, 0, 0.14%, 7, 0, 11, 60.57
1734340389, 20, 35, 44, 0, 0, 0.14%, 7, 0, 11, 61.98
1734340404, 21, 23, 44, 0, 0, 0.14%, 7, 0, 11, 110.66
1734340573, 22, 43, 44, 0, 0, 0.14%, 7, 0, 11, 67.69
1734340578, 23, 43, 44, 0, 0, 0.14%, 7, 0, 11, 70.91
1734340588, 24, 43, 44, 0, 0, 0.14%, 7, 0, 11, 73.93
1734340624, 25, 23, 44, 0, 0, 0.14%, 7, 0, 11, 67.36
1734340629, 25, 43, 44, 0, 0, 0.14%, 7, 0, 11, 69.73
1734340664, 26, 23, 44, 0, 0, 0.14%, 7, 0, 11, 57.89
1734340680, 26, 43, 44, 0, 0, 0.14%, 7, 0, 11, 70.21
1734340715, 27, 23, 44, 0, 0, 0.14%, 7, 0, 11, 72.29
1734340740, 27, 43, 44, 0, 0, 0.14%, 7, 0, 11, 61.35
1734340776, 28, 23, 44, 0, 0, 0.14%, 7, 0, 11, 57.26
1734340812, 28, 43, 44, 0, 0, 0.14%, 7, 0, 11, 69.75
1734340847, 29, 23, 44, 0, 0, 0.14%, 7, 0, 11, 70.06
1734340883, 30, 23, 44, 0, 0, 0.14%, 7, 0, 11, 74.07
1734340919, 31, 23, 44, 0, 0, 0.14%, 7, 0, 11, 75.77
1734340954, 32, 23, 44, 0, 0, 0.14%, 7, 0, 11, 73.49
1734340990, 33, 23, 44, 0, 0, 0.14%, 7, 0, 11, 68.52
1734341026, 34, 23, 44, 0, 0, 0.14%, 7, 0, 11, 78.41
1734341061, 35, 19, 44, 0, 0, 0.14%, 7, 0, 11, 74.35
1734341117, 35, 23, 44, 0, 0, 0.14%, 7, 0, 11, 71.43
1734341153, 46, 35, 44, 0, 0, 0.14%, 7, 0, 11, 63.43
1734341168, 62, 30, 44, 0, 0, 0.14%, 7, 0, 11, 62.40
1734341173, 64, 30, 44, 0, 0, 0.14%, 7, 0, 11, 64.39
1734341188, 65, 30, 44, 0, 0, 0.14%, 7, 0, 11, 60.61
1734341214, 65, 42, 44, 0, 0, 0.14%, 7, 0, 11, 59.65
1734341224, 66, 42, 44, 0, 0, 0.14%, 7, 0, 11, 71.42
1734341239, 69, 41, 44, 0, 0, 0.14%, 7, 0, 11, 66.98
1734341249, 73, 30, 44, 0, 0, 0.14%, 7, 0, 11, 65.87
1734341285, 78, 35, 44, 0, 0, 0.14%, 7, 0, 11, 65.80
1734341320, 81, 41, 44, 0, 0, 0.14%, 7, 0, 11, 73.90
1734341341, 82, 35, 44, 0, 0, 0.14%, 7, 0, 11, 66.87
1734341376, 84, 29, 44, 0, 0, 0.14%, 7, 0, 11, 68.25
1734341381, 88, 27, 44, 0, 0, 0.14%, 7, 0, 11, 64.45
1734341432, 89, 36, 44, 0, 0, 0.14%, 7, 0, 11, 113.42
1734341976, 93, 41, 44, 0, 0, 0.14%, 7, 0, 11, 78.89
1734342012, 94, 39, 44, 0, 0, 0.14%, 7, 0, 11, 68.56
1734342017, 94, 41, 44, 0, 0, 0.14%, 7, 0, 11, 73.09
1734342053, 100, 33, 44, 0, 0, 0.14%, 7, 0, 11, 58.15
1734342063, 101, 29, 44, 0, 0, 0.14%, 7, 0, 11, 73.06
1734342083, 102, 12, 44, 0, 0, 0.14%, 7, 0, 11, 56.16
1734342088, 102, 39, 44, 0, 0, 0.14%, 7, 0, 11, 74.89
1734342099, 105, 29, 44, 0, 0, 0.14%, 7, 0, 11, 61.99
1734342134, 106, 29, 44, 0, 0, 0.14%, 7, 0, 11, 66.73
1734342170, 107, 34, 44, 0, 0, 0.14%, 7, 0, 11, 63.36
1734342175, 108, 30, 44, 0, 0, 0.14%, 7, 0, 11, 61.43
1734342215, 108, 39, 44, 0, 0, 0.14%, 7, 0, 11, 81.56
1734342241, 111, 38, 44, 0, 0, 0.14%, 7, 0, 11, 63.76
1734342614, 112, 22, 44, 0, 0, 0.14%, 7, 0, 11, 62.61
1734342619, 114, 16, 44, 0, 0, 0.14%, 7, 0, 11, 62.89
1734342624, 115, 17, 44, 0, 0, 0.14%, 7, 0, 11, 67.33
1734342670, 118, 34, 44, 0, 0, 0.14%, 7, 0, 11, 61.99
1734342680, 118, 41, 44, 0, 0, 0.14%, 7, 0, 11, 69.46
1734342715, 119, 38, 44, 0, 0, 0.14%, 7, 0, 11, 61.36
1734342720, 120, 12, 44, 0, 0, 0.14%, 7, 0, 11, 61.97
1734342731, 120, 38, 44, 0, 0, 0.14%, 7, 0, 11, 69.36
1734342741, 122, 11, 44, 0, 0, 0.14%, 7, 0, 11, 65.94
1734342746, 122, 26, 44, 0, 0, 0.14%, 7, 0, 11, 84.84
1734342817, 123, 38, 44, 0, 0, 0.14%, 7, 0, 11, 64.17
1734342847, 123, 42, 44, 0, 0, 0.14%, 7, 0, 11, 68.38
1734342882, 124, 29, 44, 0, 0, 0.14%, 7, 0, 11, 70.55
1734342918, 125, 16, 44, 0, 0, 0.14%, 7, 0, 11, 65.69
1734342928, 126, 11, 44, 0, 0, 0.14%, 7, 0, 11, 60.16
1734342933, 126, 12, 44, 0, 0, 0.14%, 7, 0, 11, 57.77
1734342953, 126, 42, 44, 0, 0, 0.14%, 7, 0, 11, 60.20
1734342989, 127, 35, 44, 0, 0, 0.14%, 7, 0, 11, 63.76
1734343024, 129, 41, 44, 0, 0, 0.14%, 7, 0, 11, 63.70
1734343060, 131, 11, 44, 0, 0, 0.14%, 7, 0, 11, 58.72
1734343075, 131, 34, 44, 0, 0, 0.14%, 7, 0, 11, 61.26
1734343111, 132, 27, 44, 0, 0, 0.14%, 7, 0, 11, 59.92
1734343116, 134, 42, 44, 0, 0, 0.14%, 7, 0, 11, 67.81
1734343151, 135, 11, 44, 0, 0, 0.14%, 7, 0, 11, 59.53
1734343182, 135, 29, 44, 0, 0, 0.14%, 7, 0, 11, 72.74
1734343212, 135, 42, 44, 0, 0, 0.14%, 7, 0, 11, 69.35
1734343248, 137, 26, 44, 0, 0, 0.14%, 7, 0, 11, 62.37
1734343263, 137, 35, 44, 0, 0, 0.14%, 7, 0, 11, 65.87
1734343299, 141, 11, 44, 0, 0, 0.14%, 7, 0, 11, 62.31
1734343334, 141, 30, 44, 0, 0, 0.14%, 7, 0, 11, 58.04
1734343375, 142, 16, 44, 0, 0, 0.14%, 7, 0, 11, 63.75
1734343400, 142, 31, 44, 0, 0, 0.14%, 7, 0, 11, 61.63
1734343405, 143, 31, 44, 0, 0, 0.14%, 7, 0, 11, 66.49
1734343426, 144, 33, 44, 0, 0, 0.14%, 7, 0, 11, 56.95
1734343441, 149, 30, 44, 0, 0, 0.14%, 7, 0, 11, 66.77
1734343476, 150, 21, 44, 0, 0, 0.14%, 7, 0, 11, 82.21
1734343517, 150, 22, 44, 0, 0, 0.14%, 7, 0, 11, 63.76
1734343537, 151, 20, 44, 0, 0, 0.14%, 7, 0, 11, 57.06
1734343542, 151, 22, 44, 0, 0, 0.14%, 7, 0, 11, 62.88
1734343583, 151, 34, 44, 0, 0, 0.14%, 7, 0, 11, 60.93
1734343619, 152, 39, 44, 0, 0, 0.14%, 7, 0, 11, 70.61
1734343655, 153, 35, 44, 0, 0, 0.14%, 7, 0, 11, 59.97
1734343690, 156, 11, 44, 0, 0, 0.14%, 7, 0, 11, 60.20
1734343731, 157, 42, 44, 0, 0, 0.14%, 7, 0, 11, 72.64
1734343766, 159, 16, 44, 0, 0, 0.14%, 7, 0, 11, 68.19
1734343797, 159, 40, 44, 0, 0, 0.14%, 7, 0, 11, 68.13
1734343807, 160, 20, 44, 0, 0, 0.14%, 7, 0, 11, 59.24
1734343827, 161, 17, 44, 0, 0, 0.14%, 7, 0, 11, 61.73
1734343833, 161, 31, 44, 0, 0, 0.14%, 7, 0, 11, 62.22
1734343873, 163, 11, 44, 0, 0, 0.14%, 7, 0, 11, 54.63
1734343908, 163, 16, 44, 0, 0, 0.14%, 7, 0, 11, 60.58
1734343949, 165, 17, 44, 0, 0, 0.14%, 7, 0, 11, 59.13
1734343964, 165, 21, 44, 0, 0, 0.14%, 7, 0, 11, 65.76
1734343969, 165, 42, 44, 0, 0, 0.14%, 7, 0, 11, 62.20
1734344004, 166, 28, 44, 0, 0, 0.14%, 7, 0, 11, 56.97
1734344015, 167, 34, 44, 0, 0, 0.14%, 7, 0, 11, 63.57
1734344050, 168, 17, 44, 0, 0, 0.14%, 7, 0, 11, 62.29
1734344081, 168, 41, 44, 0, 0, 0.14%, 7, 0, 11, 72.63
1734344116, 170, 20, 44, 0, 0, 0.14%, 7, 0, 11, 61.91
1734344152, 170, 27, 44, 0, 0, 0.14%, 7, 0, 11, 67.14
1734344167, 170, 33, 44, 0, 0, 0.14%, 7, 0, 11, 60.11
1734344188, 171, 41, 44, 0, 0, 0.14%, 7, 0, 11, 61.12
1734344223, 172, 31, 44, 0, 0, 0.14%, 7, 0, 11, 60.61
1734344263, 172, 40, 44, 0, 0, 0.14%, 7, 0, 11, 73.67
1734344274, 173, 16, 44, 0, 0, 0.14%, 7, 0, 11, 64.24
1734344309, 176, 27, 44, 0, 0, 0.14%, 7, 0, 11, 70.99
1734344349, 176, 33, 44, 0, 0, 0.14%, 7, 0, 11, 59.44
1734344385, 176, 42, 44, 0, 0, 0.14%, 7, 0, 11, 70.27
1734344420, 177, 38, 44, 0, 0, 0.14%, 7, 0, 11, 68.33
1734344456, 181, 26, 44, 0, 0, 0.14%, 7, 0, 11, 66.52
1734344491, 181, 38, 44, 0, 0, 0.14%, 7, 0, 11, 66.57
1734344527, 182, 14, 44, 0, 0, 0.14%, 7, 0, 11, 89.25
1734344553, 182, 35, 44, 0, 0, 0.14%, 7, 0, 11, 65.05
1734344588, 183, 30, 44, 0, 0, 0.14%, 7, 0, 11, 60.50
1734344629, 183, 35, 44, 0, 0, 0.14%, 7, 0, 11, 65.10
1734344664, 184, 33, 44, 0, 0, 0.14%, 7, 0, 11, 59.90
1734344700, 185, 16, 44, 0, 0, 0.14%, 7, 0, 11, 69.52
1734344735, 191, 37, 44, 0, 0, 0.14%, 7, 0, 11, 66.69
1734345108, 192, 26, 44, 0, 0, 0.14%, 7, 0, 11, 64.39
1734345149, 194, 28, 44, 0, 0, 0.14%, 7, 0, 11, 61.91
1734345159, 196, 11, 44, 0, 0, 0.14%, 7, 0, 11, 61.98
1734345200, 196, 28, 44, 0, 0, 0.14%, 7, 0, 11, 68.45
1734345236, 197, 19, 44, 0, 0, 0.14%, 7, 0, 11, 66.45
1734345246, 199, 33, 44, 0, 0, 0.14%, 7, 0, 11, 59.49
1734345281, 199, 34, 44, 0, 0, 0.14%, 7, 0, 11, 63.52
1734345317, 201, 26, 44, 0, 0, 0.14%, 7, 0, 11, 63.81
1734345353, 202, 17, 44, 0, 0, 0.14%, 7, 0, 11, 60.90
1734345388, 204, 12, 44, 0, 0, 0.14%, 7, 0, 11, 58.66
1734345419, 204, 19, 44, 0, 0, 0.14%, 7, 0, 11, 68.85
1734345439, 207, 30, 44, 0, 0, 0.14%, 7, 0, 11, 62.18
1734345475, 208, 10, 44, 0, 0, 0.14%, 7, 0, 11, 63.01
1734345480, 208, 35, 44, 0, 0, 0.14%, 7, 0, 11, 63.55
1734345515, 209, 10, 44, 0, 0, 0.14%, 7, 0, 11, 62.08
1734345521, 209, 35, 44, 0, 0, 0.14%, 7, 0, 11, 66.73
1734345556, 210, 38, 44, 0, 0, 0.14%, 7, 0, 11, 67.90
1734345592, 211, 38, 44, 0, 0, 0.14%, 7, 0, 11, 61.39
1734345627, 213, 15, 44, 0, 0, 0.14%, 7, 0, 11, 57.90
1734345632, 213, 22, 44, 0, 0, 0.14%, 7, 0, 11, 57.17
1734345673, 214, 35, 44, 0, 0, 0.14%, 7, 0, 11, 68.77
1734345708, 215, 10, 44, 0, 0, 0.14%, 7, 0, 11, 55.17
1734345718, 215, 26, 44, 0, 0, 0.14%, 7, 0, 11, 69.33
1734345754, 215, 35, 44, 0, 0, 0.14%, 7, 0, 11, 66.42
1734345789, 216, 30, 44, 0, 0, 0.14%, 7, 0, 11, 58.32
1734345830, 217, 39, 44, 0, 0, 0.14%, 7, 0, 11, 80.00
1734345866, 218, 40, 44, 0, 0, 0.14%, 7, 0, 11, 79.14
1734345891, 219, 14, 44, 0, 0, 0.14%, 7, 0, 11, 58.40
1734345896, 225, 21, 44, 0, 0, 0.14%, 7, 0, 11, 62.78
1734345906, 226, 26, 44, 0, 0, 0.14%, 7, 0, 11, 66.52
1734345942, 226, 28, 44, 0, 0, 0.14%, 7, 0, 11, 71.49
1734345983, 226, 35, 44, 0, 0, 0.14%, 7, 0, 11, 59.77
1734345988, 228, 36, 44, 0, 0, 0.14%, 7, 0, 11, 69.63
1734345993, 229, 10, 44, 0, 0, 0.14%, 7, 0, 11, 64.60
1734346013, 230, 12, 44, 0, 0, 0.14%, 7, 0, 11, 62.19
1734346049, 230, 15, 44, 0, 0, 0.14%, 7, 0, 11, 58.31
1734346064, 231, 33, 44, 0, 0, 0.14%, 7, 0, 11, 58.68
1734346099, 231, 35, 44, 0, 0, 0.14%, 7, 0, 11, 63.18
1734346104, 232, 19, 44, 0, 0, 0.14%, 7, 0, 11, 68.06
1734346140, 234, 13, 44, 0, 0, 0.14%, 7, 0, 11, 62.82
1734346150, 234, 27, 44, 0, 0, 0.14%, 7, 0, 11, 59.82
1734346186, 236, 21, 44, 0, 0, 0.14%, 7, 0, 11, 62.40
1734346222, 236, 39, 44, 0, 0, 0.14%, 7, 0, 11, 79.20
1734346252, 236, 40, 44, 0, 0, 0.14%, 7, 0, 11, 64.81
1734346288, 237, 11, 44, 0, 0, 0.14%, 7, 0, 11, 64.00
1734346324, 237, 15, 44, 0, 0, 0.14%, 7, 0, 11, 59.44
1734346349, 238, 19, 44, 0, 0, 0.14%, 7, 0, 11, 59.62
1734346384, 238, 31, 44, 0, 0, 0.14%, 7, 0, 11, 61.03
1734346420, 238, 32, 44, 0, 0, 0.14%, 7, 0, 11, 74.67
1734346502, 239, 17, 44, 0, 0, 0.14%, 7, 0, 11, 60.90
1734346537, 239, 31, 44, 0, 0, 0.14%, 7, 0, 11, 65.19
1734346578, 239, 33, 44, 0, 0, 0.14%, 7, 0, 11, 61.17
1734346613, 240, 25, 44, 0, 0, 0.14%, 7, 0, 11, 61.69
1734346618, 242, 13, 44, 0, 0, 0.14%, 7, 0, 11, 65.35
1734346628, 243, 15, 44, 0, 0, 0.14%, 7, 0, 11, 58.55
1734346664, 246, 10, 44, 0, 0, 0.14%, 7, 0, 11, 58.88
1734346704, 246, 40, 44, 0, 0, 0.14%, 7, 0, 11, 78.07
1734346735, 247, 21, 44, 0, 0, 0.14%, 7, 0, 11, 56.14
1734346770, 247, 37, 44, 0, 0, 0.14%, 7, 0, 11, 61.50
1734346780, 248, 30, 44, 0, 0, 0.14%, 7, 0, 11, 66.62
1734346816, 249, 34, 44, 0, 0, 0.14%, 7, 0, 11, 67.20
1734346851, 249, 37, 44, 0, 0, 0.14%, 7, 0, 11, 67.66
1734346872, 250, 10, 44, 0, 0, 0.14%, 7, 0, 11, 56.43
1734346907, 251, 18, 44, 0, 0, 0.14%, 7, 0, 11, 70.20
1734346918, 252, 32, 44, 0, 0, 0.14%, 7, 0, 11, 66.12
1734346928, 253, 13, 44, 0, 0, 0.14%, 7, 0, 11, 65.17
1734346948, 253, 22, 44, 0, 0, 0.14%, 7, 0, 11, 60.52
1734346988, 254, 32, 44, 0, 0, 0.14%, 7, 0, 11, 65.66
1734347014, 255, 35, 44, 0, 0, 0.14%, 7, 0, 11, 64.94
1734347019, 258, 36, 44, 0, 0, 0.14%, 7, 0, 11, 66.26
1734347039, 260, 35, 44, 0, 0, 0.14%, 7, 0, 11, 56.67
1734347049, 261, 15, 44, 0, 0, 0.14%, 7, 0, 11, 62.29
1734347080, 261, 35, 44, 0, 0, 0.14%, 7, 0, 11, 69.15
1734347085, 264, 12, 44, 0, 0, 0.14%, 7, 0, 11, 65.85
1734347121, 266, 14, 44, 0, 0, 0.14%, 7, 0, 11, 58.10
1734347136, 266, 22, 44, 0, 0, 0.14%, 7, 0, 11, 62.39
1734347171, 267, 25, 44, 0, 0, 0.14%, 7, 0, 11, 62.80
1734347186, 267, 37, 44, 0, 0, 0.14%, 7, 0, 11, 63.01
1734347222, 268, 36, 44, 0, 0, 0.14%, 7, 0, 11, 68.69
1734347258, 270, 35, 44, 0, 0, 0.14%, 7, 0, 11, 62.81
1734347263, 271, 20, 44, 0, 0, 0.14%, 7, 0, 11, 57.82
1734347303, 273, 27, 44, 0, 0, 0.14%, 7, 0, 11, 56.28
1734347344, 275, 22, 44, 0, 0, 0.14%, 7, 0, 11, 62.79
1734347379, 276, 19, 44, 0, 0, 0.14%, 7, 0, 11, 65.03
1734347415, 278, 36, 44, 0, 0, 0.14%, 7, 0, 11, 62.06
1734347450, 279, 12, 44, 0, 0, 0.14%, 7, 0, 11, 64.78
1734347481, 279, 22, 44, 0, 0, 0.14%, 7, 0, 11, 63.30
1734347516, 279, 34, 44, 0, 0, 0.14%, 7, 0, 11, 53.41
1734347556, 279, 35, 44, 0, 0, 0.14%, 7, 0, 11, 64.80
1734347562, 283, 13, 44, 0, 0, 0.14%, 7, 0, 11, 63.44
1734347597, 283, 27, 44, 0, 0, 0.14%, 7, 0, 11, 66.92
1734347633, 284, 20, 44, 0, 0, 0.14%, 7, 0, 11, 63.22
1734347673, 285, 15, 44, 0, 0, 0.14%, 7, 0, 11, 60.39
1734347709, 288, 27, 44, 0, 0, 0.14%, 7, 0, 11, 56.14
1734347749, 289, 20, 44, 0, 0, 0.14%, 7, 0, 11, 63.76
1734347780, 290, 19, 44, 0, 0, 0.14%, 7, 0, 11, 62.84
1734347815, 290, 34, 44, 0, 0, 0.14%, 7, 0, 11, 60.40
1734347856, 292, 22, 44, 0, 0, 0.14%, 7, 0, 11, 66.66
1734347891, 293, 32, 44, 0, 0, 0.14%, 7, 0, 11, 64.33
1734347932, 298, 20, 44, 0, 0, 0.14%, 7, 0, 11, 59.27
1734347962, 300, 13, 44, 0, 0, 0.14%, 7, 0, 11, 51.77
1734348003, 300, 21, 44, 0, 0, 0.14%, 7, 0, 11, 65.68
1734348033, 300, 37, 44, 0, 0, 0.14%, 7, 0, 11, 65.34
1734348069, 301, 25, 44, 0, 0, 0.14%, 7, 0, 11, 69.20
1734348094, 302, 22, 44, 0, 0, 0.14%, 7, 0, 11, 65.33
1734348135, 303, 25, 44, 0, 0, 0.14%, 7, 0, 11, 63.98
1734348170, 305, 14, 44, 0, 0, 0.14%, 7, 0, 11, 60.22
1734348191, 305, 18, 44, 0, 0, 0.14%, 7, 0, 11, 58.77
1734348206, 309, 17, 44, 0, 0, 0.14%, 7, 0, 11, 62.40
1734348241, 310, 40, 44, 0, 0, 0.14%, 7, 0, 11, 68.09
1734348282, 314, 15, 44, 0, 0, 0.14%, 7, 0, 11, 62.53
1734348318, 315, 13, 44, 0, 0, 0.14%, 7, 0, 11, 62.85
1734348354, 316, 24, 44, 0, 0, 0.14%, 7, 0, 11, 64.86
1734348359, 317, 17, 44, 0, 0, 0.14%, 7, 0, 11, 61.40
1734348389, 319, 25, 44, 0, 0, 0.14%, 7, 0, 11, 55.54
1734348430, 319, 32, 44, 0, 0, 0.14%, 7, 0, 11, 60.17
1734348465, 321, 18, 44, 0, 0, 0.14%, 7, 0, 11, 65.07
1734348496, 322, 28, 44, 0, 0, 0.14%, 7, 0, 11, 61.48
1734348531, 326, 14, 44, 0, 0, 0.14%, 7, 0, 11, 64.98
1734348567, 327, 25, 44, 0, 0, 0.14%, 7, 0, 11, 63.18
1734348602, 328, 18, 44, 0, 0, 0.14%, 7, 0, 11, 68.25
1734348638, 330, 18, 44, 0, 0, 0.14%, 7, 0, 11, 67.44
1734348668, 334, 17, 44, 0, 0, 0.14%, 7, 0, 11, 60.72
1734348708, 334, 18, 44, 0, 0, 0.14%, 7, 0, 11, 64.09
1734348739, 336, 37, 44, 0, 0, 0.14%, 7, 0, 11, 60.87
1734348780, 340, 17, 44, 0, 0, 0.14%, 7, 0, 11, 59.42
1734348811, 340, 28, 44, 0, 0, 0.14%, 7, 0, 11, 68.52
1734348851, 344, 14, 44, 0, 0, 0.14%, 7, 0, 11, 57.43
1734348887, 344, 24, 44, 0, 0, 0.14%, 7, 0, 11, 76.32
1734348897, 345, 24, 44, 0, 0, 0.14%, 7, 0, 11, 71.42
1734348923, 349, 37, 44, 0, 0, 0.14%, 7, 0, 11, 63.86
1734348958, 350, 35, 44, 0, 0, 0.14%, 7, 0, 11, 66.60
1734348968, 354, 14, 44, 0, 0, 0.14%, 7, 0, 11, 60.84
1734348999, 357, 15, 44, 0, 0, 0.14%, 7, 0, 11, 60.54
1734349039, 364, 21, 44, 0, 0, 0.14%, 7, 0, 11, 68.57
1734349075, 368, 24, 44, 0, 0, 0.14%, 7, 0, 11, 70.68
1734349105, 368, 35, 44, 0, 0, 0.14%, 7, 0, 11, 67.68
1734349115, 369, 28, 44, 0, 0, 0.14%, 7, 0, 11, 67.30
1734349151, 372, 14, 44, 0, 0, 0.14%, 7, 0, 11, 66.28
1734349187, 381, 21, 44, 0, 0, 0.14%, 7, 0, 11, 68.18
1734349222, 386, 40, 44, 0, 0, 0.14%, 7, 0, 11, 72.48
1734349257, 389, 21, 44, 0, 0, 0.14%, 7, 0, 11, 63.23
1734349293, 392, 21, 44, 0, 0, 0.14%, 7, 0, 11, 65.86
1734349328, 408, 24, 44, 0, 0, 0.14%, 7, 0, 11, 66.65
1734349363, 409, 21, 44, 0, 0, 0.14%, 7, 0, 11, 66.76
1734349399, 411, 24, 44, 0, 0, 0.14%, 7, 0, 11, 69.20
1734349434, 426, 25, 44, 0, 0, 0.14%, 7, 0, 11, 66.92
1734349469, 443, 25, 44, 0, 0, 0.14%, 7, 0, 11, 58.07
1734349510, 462, 35, 44, 0, 0, 0.14%, 7, 0, 11, 62.43
1734349515, 466, 25, 44, 0, 0, 0.14%, 7, 0, 11, 60.10
1734349555, 478, 35, 44, 0, 0, 0.14%, 7, 0, 11, 63.42
1734349560, 479, 35, 44, 0, 0, 0.14%, 7, 0, 11, 62.20
1734349566, 487, 25, 44, 0, 0, 0.14%, 7, 0, 11, 62.15
1734349606, 500, 35, 44, 0, 0, 0.14%, 7, 0, 11, 67.18
1734349611, 502, 35, 44, 0, 0, 0.14%, 7, 0, 11, 65.83
1734349616, 531, 25, 44, 0, 0, 0.14%, 7, 0, 11, 64.37
1734349652, 557, 35, 44, 0, 0, 0.14%, 7, 0, 11, 67.94
1734349662, 563, 35, 44, 0, 0, 0.14%, 7, 0, 11, 63.95
1734349667, 577, 35, 44, 0, 0, 0.14%, 7, 0, 11, 61.79
1734349672, 578, 35, 44, 0, 0, 0.14%, 7, 0, 11, 64.80
1734349682, 601, 35, 44, 0, 0, 0.14%, 7, 0, 11, 63.11
1734349687, 603, 35, 44, 0, 0, 0.14%, 7, 0, 11, 63.38
1734349698, 627, 35, 44, 0, 0, 0.14%, 7, 0, 11, 65.56
1734349703, 656, 35, 44, 0, 0, 0.14%, 7, 0, 11, 61.46
1734349708, 689, 35, 44, 0, 0, 0.14%, 7, 0, 11, 63.85
1734349718, 707, 35, 44, 0, 0, 0.14%, 7, 0, 11, 62.43
1734349723, 718, 35, 44, 0, 0, 0.14%, 7, 0, 11, 61.84
1734349728, 733, 35, 44, 0, 0, 0.14%, 7, 0, 11, 63.89
1734349738, 801, 35, 44, 0, 0, 0.14%, 7, 0, 11, 66.72
1734349743, 813, 35, 44, 0, 0, 0.14%, 7, 0, 11, 68.46
1734349748, 824, 35, 44, 0, 0, 0.14%, 7, 0, 11, 67.77
1734349759, 829, 35, 44, 0, 0, 0.14%, 7, 0, 11, 59.87
1734349764, 838, 35, 44, 0, 0, 0.14%, 7, 0, 11, 64.92
1734349769, 853, 35, 44, 0, 0, 0.14%, 7, 0, 11, 62.90
1734349779, 854, 35, 44, 0, 0, 0.14%, 7, 0, 11, 60.24
1734349784, 879, 35, 44, 0, 0, 0.14%, 7, 0, 11, 63.24
1734349789, 894, 35, 44, 0, 0, 0.14%, 7, 0, 11, 61.71
1734349799, 905, 35, 44, 0, 0, 0.14%, 7, 0, 11, 63.30
1734349804, 947, 35, 44, 0, 0, 0.14%, 7, 0, 11, 65.13
1734349814, 952, 35, 44, 0, 0, 0.14%, 7, 0, 11, 65.40
1734349820, 973, 35, 44, 0, 0, 0.14%, 7, 0, 11, 60.57
1734349825, 993, 35, 44, 0, 0, 0.14%, 7, 0, 11, 67.99
1734349835, 1016, 35, 44, 0, 0, 0.14%, 7, 0, 11, 62.70
1734349840, 1023, 35, 44, 0, 0, 0.14%, 7, 0, 11, 64.42
1734349850, 1024, 35, 44, 0, 0, 0.14%, 7, 0, 11, 60.39
1734349855, 1025, 35, 44, 0, 0, 0.14%, 7, 0, 11, 59.90
1734349860, 1028, 35, 44, 0, 0, 0.14%, 7, 0, 11, 62.92
1734349870, 1056, 35, 44, 0, 0, 0.14%, 7, 0, 11, 62.19
1734349875, 1075, 35, 44, 0, 0, 0.14%, 7, 0, 11, 63.04
1734349880, 1078, 35, 44, 0, 0, 0.14%, 7, 0, 11, 65.39
1734349890, 1101, 35, 44, 0, 0, 0.14%, 7, 0, 11, 65.15
1734349895, 1129, 35, 44, 0, 0, 0.14%, 7, 0, 11, 63.08
1734349901, 1152, 35, 44, 0, 0, 0.14%, 7, 0, 11, 65.36
1734349911, 1184, 35, 44, 0, 0, 0.14%, 7, 0, 11, 63.89
1734349916, 1189, 35, 44, 0, 0, 0.14%, 7, 0, 11, 65.37
1734349926, 1194, 35, 44, 0, 0, 0.14%, 7, 0, 11, 61.59
1734349931, 1208, 35, 44, 0, 0, 0.14%, 7, 0, 11, 65.23
1734349936, 1211, 35, 44, 0, 0, 0.14%, 7, 0, 11, 62.15
1734349946, 1240, 35, 44, 0, 0, 0.14%, 7, 0, 11, 59.08
1734349951, 1244, 35, 44, 0, 0, 0.14%, 7, 0, 11, 63.71
1734349956, 1263, 35, 44, 0, 0, 0.14%, 7, 0, 11, 65.48
1734349966, 1264, 35, 44, 0, 0, 0.14%, 7, 0, 11, 63.48
1734349971, 1269, 35, 44, 0, 0, 0.14%, 7, 0, 11, 65.05
1734349977, 1293, 35, 44, 0, 0, 0.14%, 7, 0, 11, 60.14
1734349987, 1295, 35, 44, 0, 0, 0.14%, 7, 0, 11, 63.98
1734349992, 1350, 35, 44, 0, 0, 0.14%, 7, 0, 11, 65.28
1734349997, 1377, 35, 44, 0, 0, 0.14%, 7, 0, 11, 66.17
1734350007, 1382, 35, 44, 0, 0, 0.14%, 7, 0, 11, 62.94
1734350012, 1383, 35, 44, 0, 0, 0.14%, 7, 0, 11, 65.45
1734350017, 2878, 0, 44, 0, 0, 0.14%, 7, 0, 11, 0.00
1734350022, 18093, 0, 44, 0, 0, 0.14%, 7, 0, 11, 0.00
1734350027, 33368, 0, 44, 0, 0, 0.14%, 7, 0, 11, 0.00
1734350033, 48718, 0, 44, 0, 0, 0.14%, 7, 0, 11, 0.00
1734350038, 63914, 0, 44, 0, 0, 0.14%, 7, 0, 11, 0.00
1734350043, 79216, 0, 44, 0, 0, 0.14%, 7, 0, 11, 0.00
1734350048, 94485, 0, 44, 0, 0, 0.14%, 7, 0, 11, 0.00
1734350053, 109739, 0, 44, 0, 0, 0.14%, 7, 0, 11, 0.00
1734350059, 125013, 0, 44, 0, 0, 0.14%, 7, 0, 11, 0.00
1734350064, 140232, 0, 44, 0, 0, 0.14%, 7, 0, 11, 0.00
1734350069, 155526, 0, 44, 0, 0, 0.14%, 7, 0, 11, 0.00
1734350074, 170826, 0, 44, 0, 0, 0.14%, 7, 0, 11, 0.00
1734350079, 186076, 0, 44, 0, 0, 0.14%, 7, 0, 11, 0.00
1734350085, 201350, 0, 44, 0, 0, 0.14%, 7, 0, 11, 0.00
1734350090, 216595, 0, 44, 0, 0, 0.14%, 7, 0, 11, 0.00
1734350095, 231876, 0, 44, 0, 0, 0.14%, 7, 0, 11, 0.00
1734350100, 247134, 0, 44, 0, 0, 0.14%, 7, 0, 11, 0.00
1734350105, 262433, 0, 44, 0, 0, 0.14%, 7, 0, 11, 0.00
1734350111, 277722, 0, 44, 0, 0, 0.14%, 7, 0, 11, 0.00
1734350116, 293015, 0, 44, 0, 0, 0.14%, 7, 0, 11, 0.00
1734350121, 308327, 0, 44, 0, 0, 0.14%, 7, 0, 11, 0.00
1734350126, 323617, 0, 44, 0, 0, 0.14%, 7, 0, 11, 0.00
1734350131, 338879, 0, 44, 0, 0, 0.14%, 7, 0, 11, 0.00
1734350137, 354049, 0, 44, 0, 0, 0.14%, 7, 0, 11, 0.00
1734350142, 369290, 0, 44, 0, 0, 0.14%, 7, 0, 11, 0.00
1734350147, 384573, 0, 44, 0, 0, 0.14%, 7, 0, 11, 0.00
1734350152, 399809, 0, 44, 0, 0, 0.14%, 7, 0, 11, 0.00
1734350157, 415118, 0, 44, 0, 0, 0.14%, 7, 0, 11, 0.00
1734350163, 430400, 0, 44, 0, 0, 0.14%, 7, 0, 11, 0.00
1734350168, 445627, 0, 44, 0, 0, 0.14%, 7, 0, 11, 0.00
1734350173, 460864, 0, 44, 0, 0, 0.14%, 7, 0, 11, 0.00
1734350178, 476091, 0, 44, 0, 0, 0.14%, 7, 0, 11, 0.00
1734350183, 491306, 0, 44, 0, 0, 0.14%, 7, 0, 11, 0.00
1734350189, 506609, 0, 44, 0, 0, 0.14%, 7, 0, 11, 0.00
1734350194, 521889, 0, 44, 0, 0, 0.14%, 7, 0, 11, 0.00
1734350199, 537196, 0, 44, 0, 0, 0.14%, 7, 0, 11, 0.00
1734350204, 552472, 0, 44, 0, 0, 0.14%, 7, 0, 11, 0.00
1734350209, 567800, 0, 44, 0, 0, 0.14%, 7, 0, 11, 0.00
1734350215, 583045, 0, 44, 0, 0, 0.14%, 7, 0, 11, 0.00
1734350220, 598275, 0, 44, 0, 0, 0.14%, 7, 0, 11, 0.00
1734350225, 613623, 0, 44, 0, 0, 0.14%, 7, 0, 11, 0.00
1734350230, 628847, 0, 44, 0, 0, 0.14%, 7, 0, 11, 0.00
1734350235, 644119, 0, 44, 0, 0, 0.14%, 7, 0, 11, 0.00
1734350241, 659367, 0, 44, 0, 0, 0.14%, 7, 0, 11, 0.00
1734350246, 674660, 0, 44, 0, 0, 0.14%, 7, 0, 11, 0.00
1734350251, 689930, 0, 44, 0, 0, 0.14%, 7, 0, 11, 0.00
1734350256, 705162, 0, 44, 0, 0, 0.14%, 7, 0, 11, 0.00
1734350261, 720388, 0, 44, 0, 0, 0.14%, 7, 0, 11, 0.00
1734350267, 735682, 0, 44, 0, 0, 0.14%, 7, 0, 11, 0.00
1734350272, 750915, 0, 44, 0, 0, 0.14%, 7, 0, 11, 0.00
1734350277, 766222, 0, 44, 0, 0, 0.14%, 7, 0, 11, 0.00
1734350282, 781536, 0, 44, 0, 0, 0.14%, 7, 0, 11, 0.00
1734350287, 796761, 0, 44, 0, 0, 0.14%, 7, 0, 11, 0.00
1734350293, 811942, 0, 44, 0, 0, 0.14%, 7, 0, 11, 0.00
1734350298, 827140, 0, 44, 0, 0, 0.14%, 7, 0, 11, 0.00
1734350303, 842417, 0, 44, 0, 0, 0.14%, 7, 0, 11, 0.00
1734350308, 857696, 0, 44, 0, 0, 0.14%, 7, 0, 11, 0.00
1734350313, 872953, 0, 44, 0, 0, 0.14%, 7, 0, 11, 0.00
1734350319, 888157, 0, 44, 0, 0, 0.14%, 7, 0, 11, 0.00
1734350324, 903378, 0, 44, 0, 0, 0.14%, 7, 0, 11, 0.00
1734350329, 918659, 0, 44, 0, 0, 0.14%, 7, 0, 11, 0.00
1734350334, 933941, 0, 44, 0, 0, 0.14%, 7, 0, 11, 0.00
1734350339, 949134, 0, 44, 0, 0, 0.14%, 7, 0, 11, 0.00
1734350345, 964358, 0, 44, 0, 0, 0.14%, 7, 0, 11, 0.00
1734350350, 979604, 0, 44, 0, 0, 0.14%, 7, 0, 11, 0.00
1734350355, 994854, 0, 44, 0, 0, 0.14%, 7, 0, 11, 0.00
1734350360, 1010132, 0, 44, 0, 0, 0.14%, 7, 0, 11, 0.00
1734350365, 1025392, 0, 44, 0, 0, 0.14%, 7, 0, 11, 0.00
1734350371, 1040699, 0, 44, 0, 0, 0.14%, 7, 0, 11, 0.00
1734350376, 1055920, 0, 44, 0, 0, 0.14%, 7, 0, 11, 0.00
1734350381, 1071144, 0, 44, 0, 0, 0.14%, 7, 0, 11, 0.00
1734350386, 1086405, 0, 44, 0, 0, 0.14%, 7, 0, 11, 0.00
1734350391, 1101652, 0, 44, 0, 0, 0.14%, 7, 0, 11, 0.00
1734350397, 1116972, 0, 44, 0, 0, 0.14%, 7, 0, 11, 0.00
1734350402, 1132298, 0, 44, 0, 0, 0.14%, 7, 0, 11, 0.00
1734350407, 1147566, 0, 44, 0, 0, 0.14%, 7, 0, 11, 0.00
1734350412, 1162848, 0, 44, 0, 0, 0.14%, 7, 0, 11, 0.00
1734350417, 1178118, 0, 44, 0, 0, 0.14%, 7, 0, 11, 0.00
1734350423, 1193282, 0, 44, 0, 0, 0.14%, 7, 0, 11, 0.00
1734350428, 1208523, 0, 44, 0, 0, 0.14%, 7, 0, 11, 0.00
1734350433, 1223759, 0, 44, 0, 0, 0.14%, 7, 0, 11, 0.00
1734350438, 1238945, 0, 44, 0, 0, 0.14%, 7, 0, 11, 0.00
1734350443, 1254284, 0, 44, 0, 0, 0.14%, 7, 0, 11, 0.00
1734350449, 1269555, 0, 44, 0, 0, 0.14%, 7, 0, 11, 0.00
1734350454, 1284842, 0, 44, 0, 0, 0.14%, 7, 0, 11, 0.00
1734350459, 1300123, 0, 44, 0, 0, 0.14%, 7, 0, 11, 0.00
1734350464, 1315379, 0, 44, 0, 0, 0.14%, 7, 0, 11, 0.00
1734350469, 1330657, 0, 44, 0, 0, 0.14%, 7, 0, 11, 0.00
1734350475, 1345912, 0, 44, 0, 0, 0.14%, 7, 0, 11, 0.00
1734350480, 1361180, 0, 44, 0, 0, 0.14%, 7, 0, 11, 0.00
1734350485, 1376488, 0, 44, 0, 0, 0.14%, 7, 0, 11, 0.00
1734350490, 1391725, 0, 44, 0, 0, 0.14%, 7, 0, 11, 0.00
1734350495, 1407017, 0, 44, 0, 0, 0.14%, 7, 0, 11, 0.00
1734350501, 1422276, 0, 44, 0, 0, 0.14%, 7, 0, 11, 0.00
1734350506, 1437629, 0, 44, 0, 0, 0.14%, 7, 0, 11, 0.00
1734350511, 1452914, 0, 44, 0, 0, 0.14%, 7, 0, 11, 0.00
1734350516, 1468154, 0, 44, 0, 0, 0.14%, 7, 0, 11, 0.00
1734350521, 1483448, 0, 44, 0, 0, 0.14%, 7, 0, 11, 0.00
1734350527, 1498680, 0, 44, 0, 0, 0.14%, 7, 0, 11, 0.00
1734350532, 1513973, 0, 44, 0, 0, 0.14%, 7, 0, 11, 0.00
1734350537, 1529279, 0, 44, 0, 0, 0.14%, 7, 0, 11, 0.00
1734350542, 1544544, 0, 44, 0, 0, 0.14%, 7, 0, 11, 0.00
1734350547, 1559802, 0, 44, 0, 0, 0.14%, 7, 0, 11, 0.00
1734350553, 1575054, 0, 44, 0, 0, 0.14%, 7, 0, 11, 0.00
1734350558, 1590312, 0, 44, 0, 0, 0.14%, 7, 0, 11, 0.00
1734350563, 1605572, 0, 44, 0, 0, 0.14%, 7, 0, 11, 0.00
1734350568, 1620801, 0, 44, 0, 0, 0.14%, 7, 0, 11, 0.00
1734350573, 1636040, 0, 44, 0, 0, 0.14%, 7, 0, 11, 0.00
1734350579, 1651304, 0, 44, 0, 0, 0.14%, 7, 0, 11, 0.00
1734350584, 1666549, 0, 44, 0, 0, 0.14%, 7, 0, 11, 0.00
1734350589, 1681808, 0, 44, 0, 0, 0.14%, 7, 0, 11, 0.00
1734350594, 1697033, 0, 44, 0, 0, 0.14%, 7, 0, 11, 0.00
1734350599, 1712247, 0, 44, 0, 0, 0.14%, 7, 0, 11, 0.00
1734350605, 1727528, 0, 44, 0, 0, 0.14%, 7, 0, 11, 0.00
1734350610, 1742729, 0, 44, 0, 0, 0.14%, 7, 0, 11, 0.00
1734350615, 1758057, 0, 44, 0, 0, 0.14%, 7, 0, 11, 0.00
1734350620, 1773289, 0, 44, 0, 0, 0.14%, 7, 0, 11, 0.00
1734350625, 1788484, 0, 44, 0, 0, 0.14%, 7, 0, 11, 0.00
1734350631, 1803724, 0, 44, 0, 0, 0.14%, 7, 0, 11, 0.00
1734350636, 1819038, 0, 44, 0, 0, 0.14%, 7, 0, 11, 0.00
1734350641, 1834287, 0, 44, 0, 0, 0.14%, 7, 0, 11, 0.00
1734350646, 1849518, 0, 44, 0, 0, 0.14%, 7, 0, 11, 0.00
1734350651, 1864672, 0, 44, 0, 0, 0.14%, 7, 0, 11, 0.00
1734350657, 1879899, 0, 44, 0, 0, 0.14%, 7, 0, 11, 0.00
1734350662, 1895237, 0, 44, 0, 0, 0.14%, 7, 0, 11, 0.00
1734350667, 1910526, 0, 44, 0, 0, 0.14%, 7, 0, 11, 0.00
1734350672, 1925776, 0, 44, 0, 0, 0.14%, 7, 0, 11, 0.00
1734350677, 1941003, 0, 44, 0, 0, 0.14%, 7, 0, 11, 0.00
1734350683, 1956384, 0, 44, 0, 0, 0.14%, 7, 0, 11, 0.00
1734350688, 1971644, 0, 44, 0, 0, 0.14%, 7, 0, 11, 0.00
1734350693, 1986882, 0, 44, 0, 0, 0.14%, 7, 0, 11, 0.00
1734350698, 2002127, 0, 44, 0, 0, 0.14%, 7, 0, 11, 0.00
1734350703, 2017424, 0, 44, 0, 0, 0.14%, 7, 0, 11, 0.00
1734350709, 2032703, 0, 44, 0, 0, 0.14%, 7, 0, 11, 0.00
1734350714, 2048046, 0, 44, 0, 0, 0.14%, 7, 0, 11, 0.00
1734350719, 2063319, 0, 44, 0, 0, 0.14%, 7, 0, 11, 0.00
1734350724, 2078501, 0, 44, 0, 0, 0.14%, 7, 0, 11, 0.00
1734350729, 2093717, 0, 44, 0, 0, 0.14%, 7, 0, 11, 0.00
1734350735, 2108995, 0, 44, 0, 0, 0.14%, 7, 0, 11, 0.00
1734350740, 2124248, 0, 44, 0, 0, 0.14%, 7, 0, 11, 0.00
1734350745, 2139552, 0, 44, 0, 0, 0.14%, 7, 0, 11, 0.00
1734350750, 2154802, 0, 44, 0, 0, 0.14%, 7, 0, 11, 0.00
1734350755, 2170069, 0, 44, 0, 0, 0.14%, 7, 0, 11, 0.00
1734350761, 2185361, 0, 44, 0, 0, 0.14%, 7, 0, 11, 0.00
1734350766, 2200588, 0, 44, 0, 0, 0.14%, 7, 0, 11, 0.00
1734350771, 2215854, 0, 44, 0, 0, 0.14%, 7, 0, 11, 0.00
1734350776, 2231093, 0, 44, 0, 0, 0.14%, 7, 0, 11, 0.00
1734350781, 2246385, 0, 44, 0, 0, 0.14%, 7, 0, 11, 0.00
1734350787, 2261611, 0, 44, 0, 0, 0.14%, 7, 0, 11, 0.00
1734350792, 2276931, 0, 44, 0, 0, 0.14%, 7, 0, 11, 0.00
1734350797, 2292166, 0, 44, 0, 0, 0.14%, 7, 0, 11, 0.00
1734350802, 2307391, 0, 44, 0, 0, 0.14%, 7, 0, 11, 0.00
1734350807, 2322659, 0, 44, 0, 0, 0.14%, 7, 0, 11, 0.00
1734350813, 2337978, 0, 44, 0, 0, 0.14%, 7, 0, 11, 0.00
1734350818, 2353194, 0, 44, 0, 0, 0.14%, 7, 0, 11, 0.00
1734350823, 2368404, 0, 44, 0, 0, 0.14%, 7, 0, 11, 0.00
1734350828, 2383670, 0, 44, 0, 0, 0.14%, 7, 0, 11, 0.00
1734350833, 2398972, 0, 44, 0, 0, 0.14%, 7, 0, 11, 0.00
1734350839, 2414171, 0, 44, 0, 0, 0.14%, 7, 0, 11, 0.00
1734350844, 2429350, 0, 44, 0, 0, 0.14%, 7, 0, 11, 0.00
1734350849, 2444573, 0, 44, 0, 0, 0.14%, 7, 0, 11, 0.00
1734350854, 2459886, 0, 44, 0, 0, 0.14%, 7, 0, 11, 0.00
1734350859, 2475148, 0, 44, 0, 0, 0.14%, 7, 0, 11, 0.00
1734350865, 2490414, 0, 44, 0, 0, 0.14%, 7, 0, 11, 0.00
1734350870, 2505645, 0, 44, 0, 0, 0.14%, 7, 0, 11, 0.00
1734350875, 2520929, 0, 44, 0, 0, 0.14%, 7, 0, 11, 0.00
1734350880, 2536188, 0, 44, 0, 0, 0.14%, 7, 0, 11, 0.00
1734350885, 2551467, 0, 44, 0, 0, 0.14%, 7, 0, 11, 0.00
1734350891, 2566758, 0, 44, 0, 0, 0.14%, 7, 0, 11, 0.00
1734350896, 2582057, 0, 44, 0, 0, 0.14%, 7, 0, 11, 0.00
1734350901, 2597301, 0, 44, 0, 0, 0.14%, 7, 0, 11, 0.00
1734350906, 2612607, 0, 44, 0, 0, 0.14%, 7, 0, 11, 0.00
1734350911, 2627778, 0, 44, 0, 0, 0.14%, 7, 0, 11, 0.00
1734350917, 2643068, 0, 44, 0, 0, 0.14%, 7, 0, 11, 0.00
1734350922, 2658369, 0, 44, 0, 0, 0.14%, 7, 0, 11, 0.00
1734350927, 2673687, 0, 44, 0, 0, 0.14%, 7, 0, 11, 0.00
1734350932, 2688925, 0, 44, 0, 0, 0.14%, 7, 0, 11, 0.00
1734350937, 2704226, 0, 44, 0, 0, 0.14%, 7, 0, 11, 0.00
1734350943, 2719471, 0, 44, 0, 0, 0.14%, 7, 0, 11, 0.00
1734350948, 2734784, 0, 44, 0, 0, 0.14%, 7, 0, 11, 0.00
1734350953, 2750111, 0, 44, 0, 0, 0.14%, 7, 0, 11, 0.00
1734350958, 2765355, 0, 44, 0, 0, 0.14%, 7, 0, 11, 0.00
1734350963, 2780589, 0, 44, 0, 0, 0.14%, 7, 0, 11, 0.00
1734350969, 2795881, 0, 44, 0, 0, 0.14%, 7, 0, 11, 0.00
1734350974, 2811191, 0, 44, 0, 0, 0.14%, 7, 0, 11, 0.00
1734350979, 2826413, 0, 44, 0, 0, 0.14%, 7, 0, 11, 0.00
1734350984, 2841637, 0, 44, 0, 0, 0.14%, 7, 0, 11, 0.00
1734350989, 2856852, 0, 44, 0, 0, 0.14%, 7, 0, 11, 0.00
1734350995, 2872078, 0, 44, 0, 0, 0.14%, 7, 0, 11, 0.00
1734351000, 2887363, 0, 44, 0, 0, 0.14%, 7, 0, 11, 0.00
1734351005, 2902590, 0, 44, 0, 0, 0.14%, 7, 0, 11, 0.00
1734351010, 2917850, 0, 44, 0, 0, 0.14%, 7, 0, 11, 0.00
1734351015, 2933090, 0, 44, 0, 0, 0.14%, 7, 0, 11, 0.00
1734351021, 2948368, 0, 44, 0, 0, 0.14%, 7, 0, 11, 0.00
1734351026, 2963576, 0, 44, 0, 0, 0.14%, 7, 0, 11, 0.00
1734351031, 2978841, 0, 44, 0, 0, 0.14%, 7, 0, 11, 0.00
1734351036, 2994100, 0, 44, 0, 0, 0.14%, 7, 0, 11, 0.00
1734351041, 3009355, 0, 44, 0, 0, 0.14%, 7, 0, 11, 0.00
1734351047, 3024627, 0, 44, 0, 0, 0.14%, 7, 0, 11, 0.00
1734351052, 3039854, 0, 44, 0, 0, 0.14%, 7, 0, 11, 0.00
1734351057, 3055134, 0, 44, 0, 0, 0.14%, 7, 0, 11, 0.00
1734351062, 3070449, 0, 44, 0, 0, 0.14%, 7, 0, 11, 0.00
1734351067, 3085701, 0, 44, 0, 0, 0.14%, 7, 0, 11, 0.00
1734351073, 3100935, 0, 44, 0, 0, 0.14%, 7, 0, 11, 0.00
1734351078, 3116198, 0, 44, 0, 0, 0.14%, 7, 0, 11, 0.00
1734351083, 3131442, 0, 44, 0, 0, 0.14%, 7, 0, 11, 0.00
1734351088, 3146762, 0, 44, 0, 0, 0.14%, 7, 0, 11, 0.00
1734351093, 3162020, 0, 44, 0, 0, 0.14%, 7, 0, 11, 0.00
1734351099, 3177273, 0, 44, 0, 0, 0.14%, 7, 0, 11, 0.00
1734351104, 3192585, 0, 44, 0, 0, 0.14%, 7, 0, 11, 0.00
1734351109, 3207860, 0, 44, 0, 0, 0.14%, 7, 0, 11, 0.00
1734351114, 3223095, 0, 44, 0, 0, 0.14%, 7, 0, 11, 0.00
1734351119, 3238295, 0, 44, 0, 0, 0.14%, 7, 0, 11, 0.00
1734351125, 3253572, 0, 44, 0, 0, 0.14%, 7, 0, 11, 0.00
1734351130, 3268837, 0, 44, 0, 0, 0.14%, 7, 0, 11, 0.00
1734351135, 3284205, 0, 44, 0, 0, 0.14%, 7, 0, 11, 0.00
1734351140, 3299453, 0, 44, 0, 0, 0.14%, 7, 0, 11, 0.00
1734351145, 3314734, 0, 44, 0, 0, 0.14%, 7, 0, 11, 0.00
1734351151, 3330048, 0, 44, 0, 0, 0.14%, 7, 0, 11, 0.00
1734351156, 3345361, 0, 44, 0, 0, 0.14%, 7, 0, 11, 0.00
1734351161, 3360633, 0, 44, 0, 0, 0.14%, 7, 0, 11, 0.00
1734351166, 3375875, 0, 44, 0, 0, 0.14%, 7, 0, 11, 0.00
1734351171, 3391110, 0, 44, 0, 0, 0.14%, 7, 0, 11, 0.00
1734351177, 3406302, 0, 44, 0, 0, 0.14%, 7, 0, 11, 0.00
1734351182, 3421670, 0, 44, 0, 0, 0.14%, 7, 0, 11, 0.00
1734351187, 3436901, 0, 44, 0, 0, 0.14%, 7, 0, 11, 0.00
1734351192, 3452084, 0, 44, 0, 0, 0.14%, 7, 0, 11, 0.00
1734351197, 3467381, 0, 44, 0, 0, 0.14%, 7, 0, 11, 0.00
1734351203, 3482586, 0, 44, 0, 0, 0.14%, 7, 0, 11, 0.00
1734351208, 3497921, 0, 44, 0, 0, 0.14%, 7, 0, 11, 0.00
1734351213, 3513204, 0, 44, 0, 0, 0.14%, 7, 0, 11, 0.00
1734351218, 3528514, 0, 44, 0, 0, 0.14%, 7, 0, 11, 0.00
1734351223, 3543774, 0, 44, 0, 0, 0.14%, 7, 0, 11, 0.00
1734351229, 3558996, 0, 44, 0, 0, 0.14%, 7, 0, 11, 0.00
1734351234, 3574270, 0, 44, 0, 0, 0.14%, 7, 0, 11, 0.00
1734351239, 3589544, 0, 44, 0, 0, 0.14%, 7, 0, 11, 0.00
1734351244, 3604798, 0, 44, 0, 0, 0.14%, 7, 0, 11, 0.00
1734351249, 3620068, 0, 44, 0, 0, 0.14%, 7, 0, 11, 0.00
1734351255, 3635341, 0, 44, 0, 0, 0.14%, 7, 0, 11, 0.00
1734351260, 3650602, 0, 44, 0, 0, 0.14%, 7, 0, 11, 0.00
1734351265, 3665898, 0, 44, 0, 0, 0.14%, 7, 0, 11, 0.00
1734351270, 3681144, 0, 44, 0, 0, 0.14%, 7, 0, 11, 0.00
1734351275, 3696461, 0, 44, 0, 0, 0.14%, 7, 0, 11, 0.00
1734351281, 3711644, 0, 44, 0, 0, 0.14%, 7, 0, 11, 0.00
1734351286, 3726932, 0, 44, 0, 0, 0.14%, 7, 0, 11, 0.00
1734351291, 3742210, 0, 44, 0, 0, 0.14%, 7, 0, 11, 0.00
1734351296, 3757476, 0, 44, 0, 0, 0.14%, 7, 0, 11, 0.00
1734351301, 3772776, 0, 44, 0, 0, 0.14%, 7, 0, 11, 0.00
1734351307, 3788015, 0, 44, 0, 0, 0.14%, 7, 0, 11, 0.00
1734351312, 3803320, 0, 44, 0, 0, 0.14%, 7, 0, 11, 0.00
1734351317, 3818591, 0, 44, 0, 0, 0.14%, 7, 0, 11, 0.00
1734351322, 3833864, 0, 44, 0, 0, 0.14%, 7, 0, 11, 0.00
1734351327, 3849146, 0, 44, 0, 0, 0.14%, 7, 0, 11, 0.00
1734351333, 3864424, 0, 44, 0, 0, 0.14%, 7, 0, 11, 0.00
1734351338, 3879645, 0, 44, 0, 0, 0.14%, 7, 0, 11, 0.00
1734351343, 3894907, 0, 44, 0, 0, 0.14%, 7, 0, 11, 0.00
1734351348, 3910105, 0, 44, 0, 0, 0.14%, 7, 0, 11, 0.00
1734351353, 3925407, 0, 44, 0, 0, 0.14%, 7, 0, 11, 0.00
1734351359, 3940667, 0, 44, 0, 0, 0.14%, 7, 0, 11, 0.00
1734351364, 3955945, 0, 44, 0, 0, 0.14%, 7, 0, 11, 0.00
1734351369, 3971181, 0, 44, 0, 0, 0.14%, 7, 0, 11, 0.00
1734351374, 3986394, 0, 44, 0, 0, 0.14%, 7, 0, 11, 0.00
1734351379, 4001688, 0, 44, 0, 0, 0.14%, 7, 0, 11, 0.00
1734351385, 4017000, 0, 44, 0, 0, 0.14%, 7, 0, 11, 0.00
1734351390, 4032165, 0, 44, 0, 0, 0.14%, 7, 0, 11, 0.00
1734351395, 4047418, 0, 44, 0, 0, 0.14%, 7, 0, 11, 0.00
1734351400, 4062656, 0, 44, 0, 0, 0.14%, 7, 0, 11, 0.00
1734351405, 4077911, 0, 44, 0, 0, 0.14%, 7, 0, 11, 0.00
1734351411, 4093137, 0, 44, 0, 0, 0.14%, 7, 0, 11, 0.00
1734351416, 4108340, 0, 44, 0, 0, 0.14%, 7, 0, 11, 0.00
1734351421, 4123594, 0, 44, 0, 0, 0.14%, 7, 0, 11, 0.00
1734351426, 4138854, 0, 44, 0, 0, 0.14%, 7, 0, 11, 0.00
1734351431, 4154070, 0, 44, 0, 0, 0.14%, 7, 0, 11, 0.00
1734351437, 4169322, 0, 44, 0, 0, 0.14%, 7, 0, 11, 0.00
1734351442, 4184637, 0, 44, 0, 0, 0.14%, 7, 0, 11, 0.00
1734351447, 4199842, 0, 44, 0, 0, 0.14%, 7, 0, 11, 0.00
1734351452, 4215094, 0, 44, 0, 0, 0.14%, 7, 0, 11, 0.00
1734351457, 4230330, 0, 44, 0, 0, 0.14%, 7, 0, 11, 0.00
1734351463, 4245597, 0, 44, 0, 0, 0.14%, 7, 0, 11, 0.00
1734351468, 4260886, 0, 44, 0, 0, 0.14%, 7, 0, 11, 0.00
1734351473, 4276108, 0, 44, 0, 0, 0.14%, 7, 0, 11, 0.00
1734351478, 4291303, 0, 44, 0, 0, 0.14%, 7, 0, 11, 0.00
1734351483, 4306554, 0, 44, 0, 0, 0.14%, 7, 0, 11, 0.00
1734351489, 4321855, 0, 44, 0, 0, 0.14%, 7, 0, 11, 0.00
1734351494, 4337181, 0, 44, 0, 0, 0.14%, 7, 0, 11, 0.00
1734351499, 4352461, 0, 44, 0, 0, 0.14%, 7, 0, 11, 0.00
1734351504, 4367750, 0, 44, 0, 0, 0.14%, 7, 0, 11, 0.00
1734351509, 4383003, 0, 44, 0, 0, 0.14%, 7, 0, 11, 0.00
1734351515, 4398232, 0, 44, 0, 0, 0.14%, 7, 0, 11, 0.00
1734351520, 4413483, 0, 44, 0, 0, 0.14%, 7, 0, 11, 0.00
1734351525, 4428783, 0, 44, 0, 0, 0.14%, 7, 0, 11, 0.00
1734351530, 4444104, 0, 44, 0, 0, 0.14%, 7, 0, 11, 0.00
1734351535, 4459355, 0, 44, 0, 0, 0.14%, 7, 0, 11, 0.00
1734351541, 4474589, 0, 44, 0, 0, 0.14%, 7, 0, 11, 0.00
1734351546, 4489829, 0, 44, 0, 0, 0.14%, 7, 0, 11, 0.00
1734351551, 4505114, 0, 44, 0, 0, 0.14%, 7, 0, 11, 0.00
1734351556, 4520393, 0, 44, 0, 0, 0.14%, 7, 0, 11, 0.00
1734351561, 4535649, 0, 44, 0, 0, 0.14%, 7, 0, 11, 0.00
1734351567, 4550937, 0, 44, 0, 0, 0.14%, 7, 0, 11, 0.00
1734351572, 4566176, 0, 44, 0, 0, 0.14%, 7, 0, 11, 0.00
1734351577, 4581482, 0, 44, 0, 0, 0.14%, 7, 0, 11, 0.00
1734351582, 4596793, 0, 44, 0, 0, 0.14%, 7, 0, 11, 0.00
1734351587, 4612052, 0, 44, 0, 0, 0.14%, 7, 0, 11, 0.00
1734351593, 4627321, 0, 44, 0, 0, 0.14%, 7, 0, 11, 0.00
1734351598, 4642631, 0, 44, 0, 0, 0.14%, 7, 0, 11, 0.00
1734351603, 4657925, 0, 44, 0, 0, 0.14%, 7, 0, 11, 0.00
1734351608, 4673131, 0, 44, 0, 0, 0.14%, 7, 0, 11, 0.00
1734351613, 4688438, 0, 44, 0, 0, 0.14%, 7, 0, 11, 0.00
1734351619, 4703782, 0, 44, 0, 0, 0.14%, 7, 0, 11, 0.00
1734351624, 4719046, 0, 44, 0, 0, 0.14%, 7, 0, 11, 0.00
1734351629, 4734370, 0, 44, 0, 0, 0.14%, 7, 0, 11, 0.00
1734351634, 4749539, 0, 44, 0, 0, 0.14%, 7, 0, 11, 0.00
1734351639, 4764838, 0, 44, 0, 0, 0.14%, 7, 0, 11, 0.00
1734351645, 4780061, 0, 44, 0, 0, 0.14%, 7, 0, 11, 0.00
1734351650, 4795374, 0, 44, 0, 0, 0.14%, 7, 0, 11, 0.00
1734351655, 4810608, 0, 44, 0, 0, 0.14%, 7, 0, 11, 0.00
1734351660, 4825867, 0, 44, 0, 0, 0.14%, 7, 0, 11, 0.00
1734351665, 4841230, 0, 44, 0, 0, 0.14%, 7, 0, 11, 0.00
1734351671, 4856529, 0, 44, 0, 0, 0.14%, 7, 0, 11, 0.00
1734351676, 4871808, 0, 44, 0, 0, 0.14%, 7, 0, 11, 0.00
1734351681, 4887078, 0, 44, 0, 0, 0.14%, 7, 0, 11, 0.00
1734351686, 4902332, 0, 44, 0, 0, 0.14%, 7, 0, 11, 0.00
1734351691, 4917650, 0, 44, 0, 0, 0.14%, 7, 0, 11, 0.00
1734351697, 4932957, 0, 44, 0, 0, 0.14%, 7, 0, 11, 0.00
1734351702, 4948170, 0, 44, 0, 0, 0.14%, 7, 0, 11, 0.00
1734351707, 4963422, 0, 44, 0, 0, 0.14%, 7, 0, 11, 0.00
1734351712, 4978770, 0, 44, 0, 0, 0.14%, 7, 0, 11, 0.00
1734351717, 4994026, 0, 44, 0, 0, 0.14%, 7, 0, 11, 0.00
1734351723, 5009249, 0, 44, 0, 0, 0.14%, 7, 0, 11, 0.00
1734351728, 5024492, 0, 44, 0, 0, 0.14%, 7, 0, 11, 0.00
1734351733, 5039787, 0, 44, 0, 0, 0.14%, 7, 0, 11, 0.00
1734351738, 5055103, 0, 44, 0, 0, 0.14%, 7, 0, 11, 0.00
1734351743, 5070367, 0, 44, 0, 0, 0.14%, 7, 0, 11, 0.00
1734351749, 5085652, 0, 44, 0, 0, 0.14%, 7, 0, 11, 0.00
1734351754, 5100916, 0, 44, 0, 0, 0.14%, 7, 0, 11, 0.00
1734351759, 5116197, 0, 44, 0, 0, 0.14%, 7, 0, 11, 0.00
1734351764, 5131481, 0, 44, 0, 0, 0.14%, 7, 0, 11, 0.00
1734351769, 5146736, 0, 44, 0, 0, 0.14%, 7, 0, 11, 0.00
1734351775, 5162011, 0, 44, 0, 0, 0.14%, 7, 0, 11, 0.00
1734351780, 5177287, 0, 44, 0, 0, 0.14%, 7, 0, 11, 0.00
1734351785, 5192583, 0, 44, 0, 0, 0.14%, 7, 0, 11, 0.00
1734351790, 5207836, 0, 44, 0, 0, 0.14%, 7, 0, 11, 0.00
1734351795, 5223139, 0, 44, 0, 0, 0.14%, 7, 0, 11, 0.00
1734351801, 5238404, 0, 44, 0, 0, 0.14%, 7, 0, 11, 0.00
1734351806, 5253605, 0, 44, 0, 0, 0.14%, 7, 0, 11, 0.00
1734351811, 5268885, 0, 44, 0, 0, 0.14%, 7, 0, 11, 0.00
1734351816, 5284215, 0, 44, 0, 0, 0.14%, 7, 0, 11, 0.00
1734351821, 5299437, 0, 44, 0, 0, 0.14%, 7, 0, 11, 0.00
1734351827, 5314731, 0, 44, 0, 0, 0.14%, 7, 0, 11, 0.00
1734351832, 5329941, 0, 44, 0, 0, 0.14%, 7, 0, 11, 0.00
1734351837, 5345189, 0, 44, 0, 0, 0.14%, 7, 0, 11, 0.00
1734351842, 5360473, 0, 44, 0, 0, 0.14%, 7, 0, 11, 0.00
1734351847, 5375720, 0, 44, 0, 0, 0.14%, 7, 0, 11, 0.00
1734351853, 5390960, 0, 44, 0, 0, 0.14%, 7, 0, 11, 0.00
1734351858, 5406311, 0, 44, 0, 0, 0.14%, 7, 0, 11, 0.00
1734351863, 5421624, 0, 44, 0, 0, 0.14%, 7, 0, 11, 0.00
1734351868, 5436927, 0, 44, 0, 0, 0.14%, 7, 0, 11, 0.00
1734351873, 5452080, 0, 44, 0, 0, 0.14%, 7, 0, 11, 0.00
1734351879, 5467317, 0, 44, 0, 0, 0.14%, 7, 0, 11, 0.00
1734351884, 5482527, 0, 44, 0, 0, 0.14%, 7, 0, 11, 0.00
1734351889, 5497795, 0, 44, 0, 0, 0.14%, 7, 0, 11, 0.00
1734351894, 5513082, 0, 44, 0, 0, 0.14%, 7, 0, 11, 0.00
1734351899, 5528304, 0, 44, 0, 0, 0.14%, 7, 0, 11, 0.00
1734351905, 5543593, 0, 44, 0, 0, 0.14%, 7, 0, 11, 0.00
1734351910, 5558861, 0, 44, 0, 0, 0.14%, 7, 0, 11, 0.00
1734351915, 5574202, 0, 44, 0, 0, 0.14%, 7, 0, 11, 0.00
1734351920, 5589466, 0, 44, 0, 0, 0.14%, 7, 0, 11, 0.00
1734351925, 5604668, 0, 44, 0, 0, 0.14%, 7, 0, 11, 0.00
1734351931, 5619927, 0, 44, 0, 0, 0.14%, 7, 0, 11, 0.00
1734351936, 5635230, 0, 44, 0, 0, 0.14%, 7, 0, 11, 0.00
1734351941, 5650512, 0, 44, 0, 0, 0.14%, 7, 0, 11, 0.00
1734351946, 5665736, 0, 44, 0, 0, 0.14%, 7, 0, 11, 0.00
1734351951, 5680981, 0, 44, 0, 0, 0.14%, 7, 0, 11, 0.00
1734351957, 5696216, 0, 44, 0, 0, 0.14%, 7, 0, 11, 0.00
1734351962, 5711455, 0, 44, 0, 0, 0.14%, 7, 0, 11, 0.00
1734351967, 5726698, 0, 44, 0, 0, 0.14%, 7, 0, 11, 0.00
1734351972, 5741990, 0, 44, 0, 0, 0.14%, 7, 0, 11, 0.00
1734351977, 5757268, 0, 44, 0, 0, 0.14%, 7, 0, 11, 0.00
1734351983, 5772554, 0, 44, 0, 0, 0.14%, 7, 0, 11, 0.00
1734351988, 5787808, 0, 44, 0, 0, 0.14%, 7, 0, 11, 0.00
1734351993, 5803044, 0, 44, 0, 0, 0.14%, 7, 0, 11, 0.00
1734351998, 5818297, 0, 44, 0, 0, 0.14%, 7, 0, 11, 0.00
1734352003, 5833483, 0, 44, 0, 0, 0.14%, 7, 0, 11, 0.00
1734352009, 5848686, 0, 44, 0, 0, 0.14%, 7, 0, 11, 0.00
1734352014, 5863888, 0, 44, 0, 0, 0.14%, 7, 0, 11, 0.00
1734352019, 5879141, 0, 44, 0, 0, 0.14%, 7, 0, 11, 0.00
1734352024, 5894368, 0, 44, 0, 0, 0.14%, 7, 0, 11, 0.00
1734352029, 5909568, 0, 44, 0, 0, 0.14%, 7, 0, 11, 0.00
1734352035, 5924814, 0, 44, 0, 0, 0.14%, 7, 0, 11, 0.00
1734352040, 5940096, 0, 44, 0, 0, 0.14%, 7, 0, 11, 0.00
1734352045, 5955345, 0, 44, 0, 0, 0.14%, 7, 0, 11, 0.00
1734352050, 5970601, 0, 44, 0, 0, 0.14%, 7, 0, 11, 0.00
1734352055, 5985981, 0, 44, 0, 0, 0.14%, 7, 0, 11, 0.00
1734352061, 6001265, 0, 44, 0, 0, 0.14%, 7, 0, 11, 0.00
1734352066, 6016544, 0, 44, 0, 0, 0.14%, 7, 0, 11, 0.00
1734352071, 6031800, 0, 44, 0, 0, 0.14%, 7, 0, 11, 0.00
1734352076, 6046933, 0, 44, 0, 0, 0.14%, 7, 0, 11, 0.00
1734352081, 6062224, 0, 44, 0, 0, 0.14%, 7, 0, 11, 0.00
1734352087, 6077486, 0, 44, 0, 0, 0.14%, 7, 0, 11, 0.00
1734352092, 6092799, 0, 44, 0, 0, 0.14%, 7, 0, 11, 0.00
1734352097, 6108121, 0, 44, 0, 0, 0.14%, 7, 0, 11, 0.00
1734352102, 6123361, 0, 44, 0, 0, 0.14%, 7, 0, 11, 0.00
1734352107, 6138678, 0, 44, 0, 0, 0.14%, 7, 0, 11, 0.00
1734352113, 6153983, 0, 44, 0, 0, 0.14%, 7, 0, 11, 0.00
1734352118, 6169245, 0, 44, 0, 0, 0.14%, 7, 0, 11, 0.00
1734352123, 6184493, 0, 44, 0, 0, 0.14%, 7, 0, 11, 0.00
1734352128, 6199719, 0, 44, 0, 0, 0.14%, 7, 0, 11, 0.00
1734352133, 6215005, 0, 44, 0, 0, 0.14%, 7, 0, 11, 0.00
1734352139, 6230253, 0, 44, 0, 0, 0.14%, 7, 0, 11, 0.00
1734352144, 6245557, 0, 44, 0, 0, 0.14%, 7, 0, 11, 0.00
1734352149, 6260820, 0, 44, 0, 0, 0.14%, 7, 0, 11, 0.00
1734352154, 6276165, 0, 44, 0, 0, 0.14%, 7, 0, 11, 0.00
1734352159, 6291384, 0, 44, 0, 0, 0.14%, 7, 0, 11, 0.00
1734352165, 6306637, 0, 44, 0, 0, 0.14%, 7, 0, 11, 0.00
1734352170, 6321880, 0, 44, 0, 0, 0.14%, 7, 0, 11, 0.00
1734352175, 6337218, 0, 44, 0, 0, 0.14%, 7, 0, 11, 0.00
1734352180, 6352514, 0, 44, 0, 0, 0.14%, 7, 0, 11, 0.00
1734352185, 6367748, 0, 44, 0, 0, 0.14%, 7, 0, 11, 0.00
1734352191, 6383071, 0, 44, 0, 0, 0.14%, 7, 0, 11, 0.00
1734352196, 6398303, 0, 44, 0, 0, 0.14%, 7, 0, 11, 0.00
1734352201, 6413655, 0, 44, 0, 0, 0.14%, 7, 0, 11, 0.00
1734352206, 6428971, 0, 44, 0, 0, 0.14%, 7, 0, 11, 0.00
1734352211, 6444215, 0, 44, 0, 0, 0.14%, 7, 0, 11, 0.00
1734352217, 6459484, 0, 44, 0, 0, 0.14%, 7, 0, 11, 0.00
1734352222, 6474777, 0, 44, 0, 0, 0.14%, 7, 0, 11, 0.00
1734352227, 6490092, 0, 44, 0, 0, 0.14%, 7, 0, 11, 0.00
1734352232, 6505408, 0, 44, 0, 0, 0.14%, 7, 0, 11, 0.00
1734352237, 6520715, 0, 44, 0, 0, 0.14%, 7, 0, 11, 0.00
1734352243, 6536029, 0, 44, 0, 0, 0.14%, 7, 0, 11, 0.00
1734352248, 6551267, 0, 44, 0, 0, 0.14%, 7, 0, 11, 0.00
1734352253, 6566491, 0, 44, 0, 0, 0.14%, 7, 0, 11, 0.00
1734352258, 6581767, 0, 44, 0, 0, 0.14%, 7, 0, 11, 0.00
1734352263, 6597005, 0, 44, 0, 0, 0.14%, 7, 0, 11, 0.00
1734352269, 6612280, 0, 44, 0, 0, 0.14%, 7, 0, 11, 0.00
1734352274, 6627554, 0, 44, 0, 0, 0.14%, 7, 0, 11, 0.00
1734352279, 6642825, 0, 44, 0, 0, 0.14%, 7, 0, 11, 0.00
1734352284, 6658124, 0, 44, 0, 0, 0.14%, 7, 0, 11, 0.00
1734352289, 6673414, 0, 44, 0, 0, 0.14%, 7, 0, 11, 0.00
1734352295, 6688713, 0, 44, 0, 0, 0.14%, 7, 0, 11, 0.00
1734352300, 6704041, 0, 44, 0, 0, 0.14%, 7, 0, 11, 0.00
1734352305, 6719290, 0, 44, 0, 0, 0.14%, 7, 0, 11, 0.00
1734352310, 6734576, 0, 44, 0, 0, 0.14%, 7, 0, 11, 0.00
1734352315, 6749809, 0, 44, 0, 0, 0.14%, 7, 0, 11, 0.00
1734352321, 6765093, 0, 44, 0, 0, 0.14%, 7, 0, 11, 0.00
1734352326, 6780332, 0, 44, 0, 0, 0.14%, 7, 0, 11, 0.00
1734352331, 6795598, 0, 44, 0, 0, 0.14%, 7, 0, 11, 0.00
1734352336, 6810933, 0, 44, 0, 0, 0.14%, 7, 0, 11, 0.00
1734352341, 6826203, 0, 44, 0, 0, 0.14%, 7, 0, 11, 0.00
1734352347, 6841506, 0, 44, 0, 0, 0.14%, 7, 0, 11, 0.00
1734352352, 6856725, 0, 44, 0, 0, 0.14%, 7, 0, 11, 0.00
1734352357, 6872009, 0, 44, 0, 0, 0.14%, 7, 0, 11, 0.00
1734352362, 6887315, 0, 44, 0, 0, 0.14%, 7, 0, 11, 0.00
1734352367, 6902634, 0, 44, 0, 0, 0.14%, 7, 0, 11, 0.00
1734352373, 6917860, 0, 44, 0, 0, 0.14%, 7, 0, 11, 0.00
1734352378, 6933123, 0, 44, 0, 0, 0.14%, 7, 0, 11, 0.00
1734352383, 6948439, 0, 44, 0, 0, 0.14%, 7, 0, 11, 0.00
1734352388, 6963782, 0, 44, 0, 0, 0.14%, 7, 0, 11, 0.00
1734352393, 6979069, 0, 44, 0, 0, 0.14%, 7, 0, 11, 0.00
1734352399, 6994332, 0, 44, 0, 0, 0.14%, 7, 0, 11, 0.00
1734352404, 7009602, 0, 44, 0, 0, 0.14%, 7, 0, 11, 0.00
1734352409, 7024799, 0, 44, 0, 0, 0.14%, 7, 0, 11, 0.00
1734352414, 7040047, 0, 44, 0, 0, 0.14%, 7, 0, 11, 0.00
1734352419, 7055301, 0, 44, 0, 0, 0.14%, 7, 0, 11, 0.00
1734352425, 7070628, 0, 44, 0, 0, 0.14%, 7, 0, 11, 0.00
1734352430, 7085860, 0, 44, 0, 0, 0.14%, 7, 0, 11, 0.00
1734352435, 7101056, 0, 44, 0, 0, 0.14%, 7, 0, 11, 0.00
1734352440, 7116275, 0, 44, 0, 0, 0.14%, 7, 0, 11, 0.00
1734352445, 7131540, 0, 44, 0, 0, 0.14%, 7, 0, 11, 0.00
1734352451, 7146864, 0, 44, 0, 0, 0.14%, 7, 0, 11, 0.00
1734352456, 7162104, 0, 44, 0, 0, 0.14%, 7, 0, 11, 0.00
1734352461, 7177373, 0, 44, 0, 0, 0.14%, 7, 0, 11, 0.00
1734352466, 7192674, 0, 44, 0, 0, 0.14%, 7, 0, 11, 0.00
1734352471, 7207944, 0, 44, 0, 0, 0.14%, 7, 0, 11, 0.00
1734352477, 7223188, 0, 44, 0, 0, 0.14%, 7, 0, 11, 0.00
1734352482, 7238460, 0, 44, 0, 0, 0.14%, 7, 0, 11, 0.00
1734352487, 7253775, 0, 44, 0, 0, 0.14%, 7, 0, 11, 0.00
1734352492, 7269092, 0, 44, 0, 0, 0.14%, 7, 0, 11, 0.00
1734352497, 7284367, 0, 44, 0, 0, 0.14%, 7, 0, 11, 0.00
1734352503, 7299639, 0, 44, 0, 0, 0.14%, 7, 0, 11, 0.00
1734352508, 7314945, 0, 44, 0, 0, 0.14%, 7, 0, 11, 0.00
1734352513, 7330196, 0, 44, 0, 0, 0.14%, 7, 0, 11, 0.00
1734352518, 7345460, 0, 44, 0, 0, 0.14%, 7, 0, 11, 0.00
1734352523, 7360747, 0, 44, 0, 0, 0.14%, 7, 0, 11, 0.00
1734352529, 7376021, 0, 44, 0, 0, 0.14%, 7, 0, 11, 0.00
1734352534, 7391241, 0, 44, 0, 0, 0.14%, 7, 0, 11, 0.00
1734352539, 7406494, 0, 44, 0, 0, 0.14%, 7, 0, 11, 0.00
1734352544, 7421767, 0, 44, 0, 0, 0.14%, 7, 0, 11, 0.00
1734352549, 7437062, 0, 44, 0, 0, 0.14%, 7, 0, 11, 0.00
1734352555, 7452272, 0, 44, 0, 0, 0.14%, 7, 0, 11, 0.00
1734352560, 7467516, 0, 44, 0, 0, 0.14%, 7, 0, 11, 0.00
1734352565, 7482838, 0, 44, 0, 0, 0.14%, 7, 0, 11, 0.00
1734352570, 7498045, 0, 44, 0, 0, 0.14%, 7, 0, 11, 0.00
1734352575, 7513358, 0, 44, 0, 0, 0.14%, 7, 0, 11, 0.00
1734352581, 7528642, 0, 44, 0, 0, 0.14%, 7, 0, 11, 0.00
1734352586, 7543906, 0, 44, 0, 0, 0.14%, 7, 0, 11, 0.00
1734352591, 7559161, 0, 44, 0, 0, 0.14%, 7, 0, 11, 0.00
1734352596, 7574432, 0, 44, 0, 0, 0.14%, 7, 0, 11, 0.00
1734352601, 7589643, 0, 44, 0, 0, 0.14%, 7, 0, 11, 0.00
1734352607, 7604867, 0, 44, 0, 0, 0.14%, 7, 0, 11, 0.00
1734352612, 7620120, 0, 44, 0, 0, 0.14%, 7, 0, 11, 0.00
1734352617, 7635453, 0, 44, 0, 0, 0.14%, 7, 0, 11, 0.00
1734352622, 7650705, 0, 44, 0, 0, 0.14%, 7, 0, 11, 0.00
1734352627, 7665990, 0, 44, 0, 0, 0.14%, 7, 0, 11, 0.00
1734352633, 7681208, 0, 44, 0, 0, 0.14%, 7, 0, 11, 0.00
1734352638, 7696612, 0, 44, 0, 0, 0.14%, 7, 0, 11, 0.00
1734352643, 7711849, 0, 44, 0, 0, 0.14%, 7, 0, 11, 0.00
1734352648, 7727033, 0, 44, 0, 0, 0.14%, 7, 0, 11, 0.00
1734352653, 7742357, 0, 44, 0, 0, 0.14%, 7, 0, 11, 0.00
1734352659, 7757618, 0, 44, 0, 0, 0.14%, 7, 0, 11, 0.00
1734352664, 7772940, 0, 44, 0, 0, 0.14%, 7, 0, 11, 0.00
1734352669, 7788212, 0, 44, 0, 0, 0.14%, 7, 0, 11, 0.00
1734352674, 7803455, 0, 44, 0, 0, 0.14%, 7, 0, 11, 0.00
1734352679, 7818832, 0, 44, 0, 0, 0.14%, 7, 0, 11, 0.00
1734352685, 7834069, 0, 44, 0, 0, 0.14%, 7, 0, 11, 0.00
1734352690, 7849353, 0, 44, 0, 0, 0.14%, 7, 0, 11, 0.00
1734352695, 7864670, 0, 44, 0, 0, 0.14%, 7, 0, 11, 0.00
1734352700, 7879914, 0, 44, 0, 0, 0.14%, 7, 0, 11, 0.00
1734352705, 7895123, 0, 44, 0, 0, 0.14%, 7, 0, 11, 0.00
1734352711, 7910301, 0, 44, 0, 0, 0.14%, 7, 0, 11, 0.00
1734352716, 7925500, 0, 44, 0, 0, 0.14%, 7, 0, 11, 0.00
1734352721, 7940751, 0, 44, 0, 0, 0.14%, 7, 0, 11, 0.00
1734352726, 7955924, 0, 44, 0, 0, 0.14%, 7, 0, 11, 0.00
1734352731, 7971168, 0, 44, 0, 0, 0.14%, 7, 0, 11, 0.00
1734352737, 7986404, 0, 44, 0, 0, 0.14%, 7, 0, 11, 0.00
1734352742, 8001693, 0, 44, 0, 0, 0.14%, 7, 0, 11, 0.00
1734352747, 8016891, 0, 44, 0, 0, 0.14%, 7, 0, 11, 0.00
1734352752, 8032183, 0, 44, 0, 0, 0.14%, 7, 0, 11, 0.00
1734352757, 8047446, 0, 44, 0, 0, 0.14%, 7, 0, 11, 0.00
1734352763, 8062671, 0, 44, 0, 0, 0.14%, 7, 0, 11, 0.00
1734352768, 8077936, 0, 44, 0, 0, 0.14%, 7, 0, 11, 0.00
1734352773, 8093153, 0, 44, 0, 0, 0.14%, 7, 0, 11, 0.00
1734352778, 8108508, 0, 44, 0, 0, 0.14%, 7, 0, 11, 0.00
1734352783, 8123758, 0, 44, 0, 0, 0.14%, 7, 0, 11, 0.00
1734352789, 8138983, 0, 44, 0, 0, 0.14%, 7, 0, 11, 0.00
1734352794, 8154282, 0, 44, 0, 0, 0.14%, 7, 0, 11, 0.00
1734352799, 8169481, 0, 44, 0, 0, 0.14%, 7, 0, 11, 0.00
1734352804, 8184723, 0, 44, 0, 0, 0.14%, 7, 0, 11, 0.00
1734352809, 8199889, 0, 44, 0, 0, 0.14%, 7, 0, 11, 0.00
1734352815, 8215139, 0, 44, 0, 0, 0.14%, 7, 0, 11, 0.00
1734352820, 8230455, 0, 44, 0, 0, 0.14%, 7, 0, 11, 0.00
1734352825, 8245763, 0, 44, 0, 0, 0.14%, 7, 0, 11, 0.00
1734352830, 8261007, 0, 44, 0, 0, 0.14%, 7, 0, 11, 0.00
1734352835, 8276258, 0, 44, 0, 0, 0.14%, 7, 0, 11, 0.00
1734352841, 8291517, 0, 44, 0, 0, 0.14%, 7, 0, 11, 0.00
1734352846, 8306832, 0, 44, 0, 0, 0.14%, 7, 0, 11, 0.00
1734352851, 8321934, 0, 44, 0, 0, 0.14%, 7, 0, 11, 0.00
1734352856, 8337178, 0, 44, 0, 0, 0.14%, 7, 0, 11, 0.00
1734352861, 8352403, 0, 44, 0, 0, 0.14%, 7, 0, 11, 0.00
1734352867, 8367625, 0, 44, 0, 0, 0.14%, 7, 0, 11, 0.00
1734352872, 8382862, 0, 44, 0, 0, 0.14%, 7, 0, 11, 0.00
1734352877, 8398079, 0, 44, 0, 0, 0.14%, 7, 0, 11, 0.00
1734352882, 8413324, 0, 44, 0, 0, 0.14%, 7, 0, 11, 0.00
1734352887, 8428571, 0, 44, 0, 0, 0.14%, 7, 0, 11, 0.00
1734352893, 8443821, 0, 44, 0, 0, 0.14%, 7, 0, 11, 0.00
1734352898, 8459006, 0, 44, 0, 0, 0.14%, 7, 0, 11, 0.00
1734352903, 8474267, 0, 44, 0, 0, 0.14%, 7, 0, 11, 0.00
1734352908, 8489591, 0, 44, 0, 0, 0.14%, 7, 0, 11, 0.00
1734352913, 8504867, 0, 44, 0, 0, 0.14%, 7, 0, 11, 0.00
1734352919, 8520149, 0, 44, 0, 0, 0.14%, 7, 0, 11, 0.00
1734352924, 8535372, 0, 44, 0, 0, 0.14%, 7, 0, 11, 0.00
1734352929, 8550605, 0, 44, 0, 0, 0.14%, 7, 0, 11, 0.00
1734352934, 8565827, 0, 44, 0, 0, 0.14%, 7, 0, 11, 0.00
1734352939, 8581076, 0, 44, 0, 0, 0.14%, 7, 0, 11, 0.00
1734352945, 8596412, 0, 44, 0, 0, 0.14%, 7, 0, 11, 0.00
1734352950, 8611647, 0, 44, 0, 0, 0.14%, 7, 0, 11, 0.00
1734352955, 8626913, 0, 44, 0, 0, 0.14%, 7, 0, 11, 0.00
1734352960, 8642106, 0, 44, 0, 0, 0.14%, 7, 0, 11, 0.00
1734352965, 8657386, 0, 44, 0, 0, 0.14%, 7, 0, 11, 0.00
1734352971, 8672636, 0, 44, 0, 0, 0.14%, 7, 0, 11, 0.00
1734352976, 8687918, 0, 44, 0, 0, 0.14%, 7, 0, 11, 0.00
1734352981, 8703188, 0, 44, 0, 0, 0.14%, 7, 0, 11, 0.00
1734352986, 8718501, 0, 44, 0, 0, 0.14%, 7, 0, 11, 0.00
1734352991, 8733767, 0, 44, 0, 0, 0.14%, 7, 0, 11, 0.00
1734352997, 8749054, 0, 44, 0, 0, 0.14%, 7, 0, 11, 0.00
1734353002, 8764278, 0, 44, 0, 0, 0.14%, 7, 0, 11, 0.00
1734353007, 8779480, 0, 44, 0, 0, 0.14%, 7, 0, 11, 0.00
1734353012, 8794721, 0, 44, 0, 0, 0.14%, 7, 0, 11, 0.00
1734353017, 8810034, 0, 44, 0, 0, 0.14%, 7, 0, 11, 0.00
1734353023, 8825249, 0, 44, 0, 0, 0.14%, 7, 0, 11, 0.00
1734353028, 8840527, 0, 44, 0, 0, 0.14%, 7, 0, 11, 0.00
1734353033, 8855742, 0, 44, 0, 0, 0.14%, 7, 0, 11, 0.00
1734353038, 8870956, 0, 44, 0, 0, 0.14%, 7, 0, 11, 0.00
1734353043, 8886264, 0, 44, 0, 0, 0.14%, 7, 0, 11, 0.00
1734353049, 8901533, 0, 44, 0, 0, 0.14%, 7, 0, 11, 0.00
1734353054, 8916821, 0, 44, 0, 0, 0.14%, 7, 0, 11, 0.00
1734353059, 8932087, 0, 44, 0, 0, 0.14%, 7, 0, 11, 0.00
1734353064, 8947352, 0, 44, 0, 0, 0.14%, 7, 0, 11, 0.00
1734353069, 8962576, 0, 44, 0, 0, 0.14%, 7, 0, 11, 0.00
1734353075, 8977811, 0, 44, 0, 0, 0.14%, 7, 0, 11, 0.00
1734353080, 8993075, 0, 44, 0, 0, 0.14%, 7, 0, 11, 0.00
1734353085, 9008372, 0, 44, 0, 0, 0.14%, 7, 0, 11, 0.00
1734353090, 9023612, 0, 44, 0, 0, 0.14%, 7, 0, 11, 0.00
1734353095, 9038854, 0, 44, 0, 0, 0.14%, 7, 0, 11, 0.00
1734353101, 9054188, 0, 44, 0, 0, 0.14%, 7, 0, 11, 0.00
1734353106, 9069444, 0, 44, 0, 0, 0.14%, 7, 0, 11, 0.00
1734353111, 9084705, 0, 44, 0, 0, 0.14%, 7, 0, 11, 0.00
1734353116, 9099962, 0, 44, 0, 0, 0.14%, 7, 0, 11, 0.00
1734353121, 9115257, 0, 44, 0, 0, 0.14%, 7, 0, 11, 0.00
1734353127, 9130491, 0, 44, 0, 0, 0.14%, 7, 0, 11, 0.00
1734353132, 9145750, 0, 44, 0, 0, 0.14%, 7, 0, 11, 0.00
1734353137, 9161042, 0, 44, 0, 0, 0.14%, 7, 0, 11, 0.00
1734353142, 9176254, 0, 44, 0, 0, 0.14%, 7, 0, 11, 0.00
1734353147, 9191500, 0, 44, 0, 0, 0.14%, 7, 0, 11, 0.00
1734353153, 9206774, 0, 44, 0, 0, 0.14%, 7, 0, 11, 0.00
1734353158, 9222083, 0, 44, 0, 0, 0.14%, 7, 0, 11, 0.00
1734353163, 9237377, 0, 44, 0, 0, 0.14%, 7, 0, 11, 0.00
1734353168, 9252636, 0, 44, 0, 0, 0.14%, 7, 0, 11, 0.00
1734353173, 9267898, 0, 44, 0, 0, 0.14%, 7, 0, 11, 0.00
1734353179, 9283082, 0, 44, 0, 0, 0.14%, 7, 0, 11, 0.00
1734353184, 9298316, 0, 44, 0, 0, 0.14%, 7, 0, 11, 0.00
1734353189, 9313462, 0, 44, 0, 0, 0.14%, 7, 0, 11, 0.00
1734353194, 9328696, 0, 44, 0, 0, 0.14%, 7, 0, 11, 0.00
1734353199, 9343966, 0, 44, 0, 0, 0.14%, 7, 0, 11, 0.00
1734353205, 9359280, 0, 44, 0, 0, 0.14%, 7, 0, 11, 0.00
1734353210, 9374542, 0, 44, 0, 0, 0.14%, 7, 0, 11, 0.00
1734353215, 9389810, 0, 44, 0, 0, 0.14%, 7, 0, 11, 0.00
1734353220, 9405046, 0, 44, 0, 0, 0.14%, 7, 0, 11, 0.00
1734353225, 9420315, 0, 44, 0, 0, 0.14%, 7, 0, 11, 0.00
1734353231, 9435517, 0, 44, 0, 0, 0.14%, 7, 0, 11, 0.00
1734353236, 9450830, 0, 44, 0, 0, 0.14%, 7, 0, 11, 0.00
1734353241, 9466097, 0, 44, 0, 0, 0.14%, 7, 0, 11, 0.00
1734353246, 9481389, 0, 44, 0, 0, 0.14%, 7, 0, 11, 0.00
1734353251, 9496705, 0, 44, 0, 0, 0.14%, 7, 0, 11, 0.00
1734353257, 9511923, 0, 44, 0, 0, 0.14%, 7, 0, 11, 0.00
1734353262, 9527191, 0, 44, 0, 0, 0.14%, 7, 0, 11, 0.00
1734353267, 9542497, 0, 44, 0, 0, 0.14%, 7, 0, 11, 0.00
1734353272, 9557800, 0, 44, 0, 0, 0.14%, 7, 0, 11, 0.00
1734353277, 9573005, 0, 44, 0, 0, 0.14%, 7, 0, 11, 0.00
1734353283, 9588286, 0, 44, 0, 0, 0.14%, 7, 0, 11, 0.00
1734353288, 9603581, 0, 44, 0, 0, 0.14%, 7, 0, 11, 0.00
1734353293, 9618848, 0, 44, 0, 0, 0.14%, 7, 0, 11, 0.00
1734353298, 9634151, 0, 44, 0, 0, 0.14%, 7, 0, 11, 0.00
1734353303, 9649440, 0, 44, 0, 0, 0.14%, 7, 0, 11, 0.00
1734353309, 9664633, 0, 44, 0, 0, 0.14%, 7, 0, 11, 0.00
1734353314, 9679861, 0, 44, 0, 0, 0.14%, 7, 0, 11, 0.00
1734353319, 9695206, 0, 44, 0, 0, 0.14%, 7, 0, 11, 0.00
1734353324, 9710433, 0, 44, 0, 0, 0.14%, 7, 0, 11, 0.00
1734353329, 9725641, 0, 44, 0, 0, 0.14%, 7, 0, 11, 0.00
1734353335, 9740915, 0, 44, 0, 0, 0.14%, 7, 0, 11, 0.00
1734353340, 9756239, 0, 44, 0, 0, 0.14%, 7, 0, 11, 0.00
1734353345, 9771528, 0, 44, 0, 0, 0.14%, 7, 0, 11, 0.00
1734353350, 9786793, 0, 44, 0, 0, 0.14%, 7, 0, 11, 0.00
1734353355, 9802049, 0, 44, 0, 0, 0.14%, 7, 0, 11, 0.00
1734353361, 9817277, 0, 44, 0, 0, 0.14%, 7, 0, 11, 0.00
1734353366, 9832549, 0, 44, 0, 0, 0.14%, 7, 0, 11, 0.00
1734353371, 9847759, 0, 44, 0, 0, 0.14%, 7, 0, 11, 0.00
1734353376, 9862997, 0, 44, 0, 0, 0.14%, 7, 0, 11, 0.00
1734353381, 9878249, 0, 44, 0, 0, 0.14%, 7, 0, 11, 0.00
1734353387, 9893523, 0, 44, 0, 0, 0.14%, 7, 0, 11, 0.00
1734353392, 9908829, 0, 44, 0, 0, 0.14%, 7, 0, 11, 0.00
1734353397, 9924083, 0, 44, 0, 0, 0.14%, 7, 0, 11, 0.00
1734353402, 9939350, 0, 44, 0, 0, 0.14%, 7, 0, 11, 0.00
1734353407, 9954689, 0, 44, 0, 0, 0.14%, 7, 0, 11, 0.00
1734353413, 9969962, 0, 44, 0, 0, 0.14%, 7, 0, 11, 0.00
1734353418, 9985208, 0, 44, 0, 0, 0.14%, 7, 0, 11, 0.00
1734353423, 10000450, 0, 44, 0, 0, 0.14%, 7, 0, 11, 0.00
1734353428, 10015754, 0, 44, 0, 0, 0.14%, 7, 0, 11, 0.00
1734353433, 10031053, 0, 44, 0, 0, 0.14%, 7, 0, 11, 0.00
1734353439, 10046300, 0, 44, 0, 0, 0.14%, 7, 0, 11, 0.00
1734353444, 10061551, 0, 44, 0, 0, 0.14%, 7, 0, 11, 0.00
1734353449, 10076759, 0, 44, 0, 0, 0.14%, 7, 0, 11, 0.00
1734353454, 10092004, 0, 44, 0, 0, 0.14%, 7, 0, 11, 0.00
1734353459, 10107200, 0, 44, 0, 0, 0.14%, 7, 0, 11, 0.00
1734353465, 10122451, 0, 44, 0, 0, 0.14%, 7, 0, 11, 0.00
1734353470, 10137666, 0, 44, 0, 0, 0.14%, 7, 0, 11, 0.00
1734353475, 10152932, 0, 44, 0, 0, 0.14%, 7, 0, 11, 0.00
1734353480, 10168236, 0, 44, 0, 0, 0.14%, 7, 0, 11, 0.00
1734353485, 10183460, 0, 44, 0, 0, 0.14%, 7, 0, 11, 0.00
1734353491, 10198724, 0, 44, 0, 0, 0.14%, 7, 0, 11, 0.00
1734353496, 10213980, 0, 44, 0, 0, 0.14%, 7, 0, 11, 0.00
1734353501, 10229217, 0, 44, 0, 0, 0.14%, 7, 0, 11, 0.00
1734353506, 10244504, 0, 44, 0, 0, 0.14%, 7, 0, 11, 0.00
1734353511, 10259774, 0, 44, 0, 0, 0.14%, 7, 0, 11, 0.00
1734353517, 10274976, 0, 44, 0, 0, 0.14%, 7, 0, 11, 0.00
1734353522, 10290338, 0, 44, 0, 0, 0.14%, 7, 0, 11, 0.00
1734353527, 10305614, 0, 44, 0, 0, 0.14%, 7, 0, 11, 0.00
1734353532, 10320852, 0, 44, 0, 0, 0.14%, 7, 0, 11, 0.00
1734353537, 10336136, 0, 44, 0, 0, 0.14%, 7, 0, 11, 0.00
1734353543, 10351417, 0, 44, 0, 0, 0.14%, 7, 0, 11, 0.00
1734353548, 10366707, 0, 44, 0, 0, 0.14%, 7, 0, 11, 0.00
1734353553, 10382045, 0, 44, 0, 0, 0.14%, 7, 0, 11, 0.00
1734353558, 10397261, 0, 44, 0, 0, 0.14%, 7, 0, 11, 0.00
1734353563, 10412465, 0, 44, 0, 0, 0.14%, 7, 0, 11, 0.00
1734353569, 10427710, 0, 44, 0, 0, 0.14%, 7, 0, 11, 0.00
1734353574, 10442972, 0, 44, 0, 0, 0.14%, 7, 0, 11, 0.00
1734353579, 10458254, 0, 44, 0, 0, 0.14%, 7, 0, 11, 0.00
1734353584, 10473522, 0, 44, 0, 0, 0.14%, 7, 0, 11, 0.00
1734353589, 10488713, 0, 44, 0, 0, 0.14%, 7, 0, 11, 0.00
1734353595, 10503905, 0, 44, 0, 0, 0.14%, 7, 0, 11, 0.00
1734353600, 10519181, 0, 44, 0, 0, 0.14%, 7, 0, 11, 0.00
1734353605, 10534466, 0, 44, 0, 0, 0.14%, 7, 0, 11, 0.00
1734353610, 10549727, 0, 44, 0, 0, 0.14%, 7, 0, 11, 0.00
1734353615, 10565002, 0, 44, 0, 0, 0.14%, 7, 0, 11, 0.00
1734353621, 10580324, 0, 44, 0, 0, 0.14%, 7, 0, 11, 0.00
1734353626, 10595627, 0, 44, 0, 0, 0.14%, 7, 0, 11, 0.00
1734353631, 10610855, 0, 44, 0, 0, 0.14%, 7, 0, 11, 0.00
1734353636, 10626138, 0, 44, 0, 0, 0.14%, 7, 0, 11, 0.00
1734353641, 10641461, 0, 44, 0, 0, 0.14%, 7, 0, 11, 0.00
1734353647, 10656743, 0, 44, 0, 0, 0.14%, 7, 0, 11, 0.00
1734353652, 10672062, 0, 44, 0, 0, 0.14%, 7, 0, 11, 0.00
1734353657, 10687339, 0, 44, 0, 0, 0.14%, 7, 0, 11, 0.00
1734353662, 10702615, 0, 44, 0, 0, 0.14%, 7, 0, 11, 0.00
1734353667, 10717866, 0, 44, 0, 0, 0.14%, 7, 0, 11, 0.00
1734353673, 10733142, 0, 44, 0, 0, 0.14%, 7, 0, 11, 0.00
1734353678, 10748460, 0, 44, 0, 0, 0.14%, 7, 0, 11, 0.00
1734353683, 10763742, 0, 44, 0, 0, 0.14%, 7, 0, 11, 0.00
1734353688, 10778927, 0, 44, 0, 0, 0.14%, 7, 0, 11, 0.00
1734353693, 10794264, 0, 44, 0, 0, 0.14%, 7, 0, 11, 0.00
1734353699, 10809539, 0, 44, 0, 0, 0.14%, 7, 0, 11, 0.00
1734353704, 10824758, 0, 44, 0, 0, 0.14%, 7, 0, 11, 0.00
1734353709, 10839972, 0, 44, 0, 0, 0.14%, 7, 0, 11, 0.00
1734353714, 10855280, 0, 44, 0, 0, 0.14%, 7, 0, 11, 0.00
1734353719, 10870547, 0, 44, 0, 0, 0.14%, 7, 0, 11, 0.00
1734353725, 10885805, 0, 44, 0, 0, 0.14%, 7, 0, 11, 0.00
1734353730, 10901007, 0, 44, 0, 0, 0.14%, 7, 0, 11, 0.00
1734353735, 10916387, 0, 44, 0, 0, 0.14%, 7, 0, 11, 0.00
1734353740, 10931698, 0, 44, 0, 0, 0.14%, 7, 0, 11, 0.00
1734353745, 10946917, 0, 44, 0, 0, 0.14%, 7, 0, 11, 0.00
1734353751, 10962215, 0, 44, 0, 0, 0.14%, 7, 0, 11, 0.00
1734353756, 10977519, 0, 44, 0, 0, 0.14%, 7, 0, 11, 0.00
1734353761, 10992837, 0, 44, 0, 0, 0.14%, 7, 0, 11, 0.00
1734353766, 11008114, 0, 44, 0, 0, 0.14%, 7, 0, 11, 0.00
1734353771, 11023352, 0, 44, 0, 0, 0.14%, 7, 0, 11, 0.00
1734353777, 11038638, 0, 44, 0, 0, 0.14%, 7, 0, 11, 0.00
1734353782, 11053924, 0, 44, 0, 0, 0.14%, 7, 0, 11, 0.00
1734353787, 11069217, 0, 44, 0, 0, 0.14%, 7, 0, 11, 0.00
1734353792, 11084493, 0, 44, 0, 0, 0.14%, 7, 0, 11, 0.00
1734353797, 11099730, 0, 44, 0, 0, 0.14%, 7, 0, 11, 0.00
1734353803, 11115068, 0, 44, 0, 0, 0.14%, 7, 0, 11, 0.00
1734353808, 11130298, 0, 44, 0, 0, 0.14%, 7, 0, 11, 0.00
1734353813, 11145591, 0, 44, 0, 0, 0.14%, 7, 0, 11, 0.00
1734353818, 11160905, 0, 44, 0, 0, 0.14%, 7, 0, 11, 0.00
