# unix_time, cycles_done, cur_path, paths_total, pending_total, pending_favs, map_size, unique_crashes, unique_hangs, max_depth, execs_per_sec
1734717271, 0, 0, 10, 10, 1, 0.01%, 0, 0, 1, 36.83
1734717276, 0, 3, 10, 10, 1, 0.01%, 0, 0, 1, 36.90
1734717292, 1, 0, 10, 3, 0, 0.01%, 0, 0, 1, 45.25
1734717297, 1, 1, 10, 2, 0, 0.01%, 0, 0, 1, 45.77
1734717302, 1, 2, 10, 1, 0, 0.01%, 0, 0, 1, 44.75
1734717307, 1, 3, 10, 0, 0, 0.01%, 0, 0, 1, 45.06
1734717317, 1, 4, 10, 0, 0, 0.01%, 0, 0, 1, 44.64
1734717322, 1, 5, 10, 0, 0, 0.01%, 0, 0, 1, 44.62
1734717327, 1, 6, 10, 0, 0, 0.01%, 0, 0, 1, 44.98
1734717333, 1, 7, 10, 0, 0, 0.01%, 0, 0, 1, 45.21
1734717338, 1, 8, 10, 0, 0, 0.01%, 0, 0, 1, 44.25
1734717343, 1, 9, 10, 0, 0, 0.01%, 0, 0, 1, 45.71
1734717348, 2, 0, 10, 0, 0, 0.01%, 0, 0, 1, 46.15
1734717353, 2, 1, 10, 0, 0, 0.01%, 0, 0, 1, 44.46
1734717358, 2, 2, 10, 0, 0, 0.01%, 0, 0, 1, 43.27
1734717369, 2, 3, 10, 0, 0, 0.01%, 0, 0, 1, 45.73
1734717374, 2, 4, 10, 0, 0, 0.01%, 0, 0, 1, 44.84
1734717379, 2, 5, 10, 0, 0, 0.01%, 0, 0, 1, 43.84
1734717384, 2, 6, 10, 0, 0, 0.01%, 0, 0, 1, 44.08
1734717389, 2, 7, 10, 0, 0, 0.01%, 0, 0, 1, 45.65
1734717394, 2, 8, 10, 0, 0, 0.01%, 0, 0, 1, 44.50
1734717399, 2, 9, 10, 0, 0, 0.01%, 0, 0, 1, 43.82
1734717404, 3, 0, 10, 0, 0, 0.01%, 0, 0, 1, 46.47
1734717415, 3, 1, 10, 0, 0, 0.01%, 0, 0, 1, 45.39
1734717420, 3, 2, 10, 0, 0, 0.01%, 0, 0, 1, 45.94
1734717425, 3, 3, 10, 0, 0, 0.01%, 0, 0, 1, 43.93
1734717430, 3, 4, 10, 0, 0, 0.01%, 0, 0, 1, 44.07
1734717435, 3, 5, 10, 0, 0, 0.01%, 0, 0, 1, 44.17
1734717440, 3, 6, 10, 0, 0, 0.01%, 0, 0, 1, 44.39
1734717445, 3, 7, 10, 0, 0, 0.01%, 0, 0, 1, 44.20
1734717451, 3, 8, 10, 0, 0, 0.01%, 0, 0, 1, 44.25
1734717456, 3, 9, 10, 0, 0, 0.01%, 0, 0, 1, 45.58
1734717466, 4, 0, 10, 0, 0, 0.01%, 0, 0, 1, 45.99
1734717471, 4, 1, 10, 0, 0, 0.01%, 0, 0, 1, 45.45
1734717476, 4, 2, 10, 0, 0, 0.01%, 0, 0, 1, 44.88
1734717481, 4, 3, 10, 0, 0, 0.01%, 0, 0, 1, 44.03
1734717487, 4, 4, 10, 0, 0, 0.01%, 0, 0, 1, 42.89
1734717492, 4, 5, 10, 0, 0, 0.01%, 0, 0, 1, 45.39
1734717497, 4, 6, 10, 0, 0, 0.01%, 0, 0, 1, 44.45
1734717502, 4, 7, 10, 0, 0, 0.01%, 0, 0, 1, 44.95
1734717512, 4, 8, 10, 0, 0, 0.01%, 0, 0, 1, 44.59
1734717517, 4, 9, 10, 0, 0, 0.01%, 0, 0, 1, 43.00
1734717522, 5, 0, 10, 0, 0, 0.01%, 0, 0, 1, 44.90
1734717528, 5, 1, 10, 0, 0, 0.01%, 0, 0, 1, 43.85
1734717533, 5, 2, 10, 0, 0, 0.01%, 0, 0, 1, 43.77
1734717538, 5, 3, 10, 0, 0, 0.01%, 0, 0, 1, 43.56
1734717543, 5, 4, 10, 0, 0, 0.01%, 0, 0, 1, 44.81
1734717548, 5, 5, 10, 0, 0, 0.01%, 0, 0, 1, 46.08
1734717558, 5, 6, 10, 0, 0, 0.01%, 0, 0, 1, 44.00
1734717563, 5, 7, 10, 0, 0, 0.01%, 0, 0, 1, 45.56
1734717568, 5, 8, 10, 0, 0, 0.01%, 0, 0, 1, 44.50
1734717574, 5, 9, 10, 0, 0, 0.01%, 0, 0, 1, 45.07
1734717579, 6, 0, 10, 0, 0, 0.01%, 0, 0, 1, 45.66
1734717584, 6, 1, 10, 0, 0, 0.01%, 0, 0, 1, 45.37
1734717589, 6, 2, 10, 0, 0, 0.01%, 0, 0, 1, 44.86
1734717594, 6, 3, 10, 0, 0, 0.01%, 0, 0, 1, 45.81
1734717599, 6, 4, 10, 0, 0, 0.01%, 0, 0, 1, 44.99
1734717610, 6, 5, 10, 0, 0, 0.01%, 0, 0, 1, 45.52
1734717615, 6, 6, 10, 0, 0, 0.01%, 0, 0, 1, 44.58
1734717620, 6, 7, 10, 0, 0, 0.01%, 0, 0, 1, 43.71
1734717625, 6, 8, 10, 0, 0, 0.01%, 0, 0, 1, 42.27
1734717630, 6, 9, 10, 0, 0, 0.01%, 0, 0, 1, 45.66
1734717635, 7, 0, 10, 0, 0, 0.01%, 0, 0, 1, 45.66
1734717640, 7, 1, 10, 0, 0, 0.01%, 0, 0, 1, 45.52
1734717645, 7, 2, 10, 0, 0, 0.01%, 0, 0, 1, 44.96
1734717650, 7, 3, 10, 0, 0, 0.01%, 0, 0, 1, 44.71
1734717660, 7, 4, 10, 0, 0, 0.01%, 0, 0, 1, 43.87
1734717666, 7, 5, 10, 0, 0, 0.01%, 0, 0, 1, 45.41
1734717671, 7, 6, 10, 0, 0, 0.01%, 0, 0, 1, 43.74
1734717676, 7, 7, 10, 0, 0, 0.01%, 0, 0, 1, 43.33
1734717681, 7, 8, 10, 0, 0, 0.01%, 0, 0, 1, 43.40
1734717686, 7, 9, 10, 0, 0, 0.01%, 0, 0, 1, 44.28
1734717691, 8, 0, 10, 0, 0, 0.01%, 0, 0, 1, 42.36
1734717702, 8, 1, 10, 0, 0, 0.01%, 0, 0, 1, 44.31
1734717707, 8, 2, 10, 0, 0, 0.01%, 0, 0, 1, 46.26
1734717712, 8, 3, 10, 0, 0, 0.01%, 0, 0, 1, 44.90
1734717717, 8, 4, 10, 0, 0, 0.01%, 0, 0, 1, 46.56
1734717722, 8, 5, 10, 0, 0, 0.01%, 0, 0, 1, 45.19
1734717727, 8, 6, 10, 0, 0, 0.01%, 0, 0, 1, 44.74
1734717732, 8, 7, 10, 0, 0, 0.01%, 0, 0, 1, 44.50
1734717737, 8, 8, 10, 0, 0, 0.01%, 0, 0, 1, 43.64
1734717743, 8, 9, 10, 0, 0, 0.01%, 0, 0, 1, 45.90
1734717753, 9, 0, 10, 0, 0, 0.01%, 0, 0, 1, 42.59
1734717758, 9, 1, 10, 0, 0, 0.01%, 0, 0, 1, 43.64
1734717763, 9, 2, 10, 0, 0, 0.01%, 0, 0, 1, 44.66
1734717768, 9, 3, 10, 0, 0, 0.01%, 0, 0, 1, 45.88
1734717773, 9, 4, 10, 0, 0, 0.01%, 0, 0, 1, 45.22
1734717778, 9, 5, 10, 0, 0, 0.01%, 0, 0, 1, 44.48
1734717784, 9, 6, 10, 0, 0, 0.01%, 0, 0, 1, 43.70
1734717794, 9, 7, 10, 0, 0, 0.01%, 0, 0, 1, 44.95
1734717799, 9, 8, 10, 0, 0, 0.01%, 0, 0, 1, 44.23
1734717804, 9, 9, 10, 0, 0, 0.01%, 0, 0, 1, 43.77
1734717809, 10, 0, 10, 0, 0, 0.01%, 0, 0, 1, 44.74
1734717814, 10, 1, 10, 0, 0, 0.01%, 0, 0, 1, 44.50
1734717819, 10, 2, 10, 0, 0, 0.01%, 0, 0, 1, 45.15
1734717824, 10, 3, 10, 0, 0, 0.01%, 0, 0, 1, 44.02
1734717830, 10, 4, 10, 0, 0, 0.01%, 0, 0, 1, 45.77
1734717835, 10, 5, 10, 0, 0, 0.01%, 0, 0, 1, 45.26
1734717845, 10, 6, 10, 0, 0, 0.01%, 0, 0, 1, 45.14
1734717850, 10, 7, 10, 0, 0, 0.01%, 0, 0, 1, 45.72
1734717855, 10, 8, 10, 0, 0, 0.01%, 0, 0, 1, 44.88
1734717860, 10, 9, 10, 0, 0, 0.01%, 0, 0, 1, 46.34
1734717865, 11, 0, 10, 0, 0, 0.01%, 0, 0, 1, 45.37
1734717870, 11, 1, 10, 0, 0, 0.01%, 0, 0, 1, 46.66
1734717876, 11, 2, 10, 0, 0, 0.01%, 0, 0, 1, 45.56
1734717881, 11, 3, 10, 0, 0, 0.01%, 0, 0, 1, 46.07
1734717886, 11, 4, 10, 0, 0, 0.01%, 0, 0, 1, 46.96
1734717891, 11, 5, 10, 0, 0, 0.01%, 0, 0, 1, 47.23
1734717896, 11, 6, 10, 0, 0, 0.01%, 0, 0, 1, 47.07
1734717901, 11, 7, 10, 0, 0, 0.01%, 0, 0, 1, 47.75
1734717911, 11, 8, 10, 0, 0, 0.01%, 0, 0, 1, 45.88
1734717916, 11, 9, 10, 0, 0, 0.01%, 0, 0, 1, 48.27
1734717922, 12, 0, 10, 0, 0, 0.01%, 0, 0, 1, 47.71
1734717927, 12, 1, 10, 0, 0, 0.01%, 0, 0, 1, 49.30
1734717932, 12, 2, 10, 0, 0, 0.01%, 0, 0, 1, 46.14
1734717937, 12, 3, 10, 0, 0, 0.01%, 0, 0, 1, 47.27
1734717942, 12, 4, 10, 0, 0, 0.01%, 0, 0, 1, 48.29
1734717947, 12, 5, 10, 0, 0, 0.01%, 0, 0, 1, 47.54
1734717952, 12, 6, 10, 0, 0, 0.01%, 0, 0, 1, 46.78
1734717957, 12, 7, 10, 0, 0, 0.01%, 0, 0, 1, 45.75
1734717962, 12, 8, 10, 0, 0, 0.01%, 0, 0, 1, 46.95
1734717968, 12, 9, 10, 0, 0, 0.01%, 0, 0, 1, 47.81
1734717973, 13, 0, 10, 0, 0, 0.01%, 0, 0, 1, 48.28
1734717978, 13, 1, 10, 0, 0, 0.01%, 0, 0, 1, 46.80
1734717983, 13, 2, 10, 0, 0, 0.01%, 0, 0, 1, 46.49
1734717993, 13, 3, 10, 0, 0, 0.01%, 0, 0, 1, 46.52
1734717998, 13, 4, 10, 0, 0, 0.01%, 0, 0, 1, 45.75
1734718004, 13, 5, 10, 0, 0, 0.01%, 0, 0, 1, 46.80
1734718009, 13, 6, 10, 0, 0, 0.01%, 0, 0, 1, 46.63
1734718014, 13, 7, 10, 0, 0, 0.01%, 0, 0, 1, 48.10
1734718019, 13, 8, 10, 0, 0, 0.01%, 0, 0, 1, 46.83
1734718024, 13, 9, 10, 0, 0, 0.01%, 0, 0, 1, 46.64
1734718029, 14, 0, 10, 0, 0, 0.01%, 0, 0, 1, 47.19
1734718034, 14, 1, 10, 0, 0, 0.01%, 0, 0, 1, 47.65
1734718039, 14, 2, 10, 0, 0, 0.01%, 0, 0, 1, 48.90
1734718044, 14, 3, 10, 0, 0, 0.01%, 0, 0, 1, 48.55
1734718049, 14, 4, 10, 0, 0, 0.01%, 0, 0, 1, 47.15
1734718054, 14, 5, 10, 0, 0, 0.01%, 0, 0, 1, 46.24
1734718060, 14, 6, 10, 0, 0, 0.01%, 0, 0, 1, 46.36
1734718070, 14, 7, 10, 0, 0, 0.01%, 0, 0, 1, 45.80
1734718075, 14, 8, 10, 0, 0, 0.01%, 0, 0, 1, 48.12
1734718080, 14, 9, 10, 0, 0, 0.01%, 0, 0, 1, 47.98
1734718085, 15, 0, 10, 0, 0, 0.01%, 0, 0, 1, 47.10
1734718090, 15, 1, 10, 0, 0, 0.01%, 0, 0, 1, 46.97
1734718095, 15, 2, 10, 0, 0, 0.01%, 0, 0, 1, 46.12
1734718100, 15, 3, 10, 0, 0, 0.01%, 0, 0, 1, 46.28
1734718106, 15, 4, 10, 0, 0, 0.01%, 0, 0, 1, 42.95
1734718126, 15, 5, 10, 0, 0, 0.01%, 0, 0, 1, 44.25
1734718147, 15, 6, 10, 0, 0, 0.01%, 0, 0, 1, 43.34
1734718167, 15, 7, 10, 0, 0, 0.01%, 0, 0, 1, 43.75
1734718188, 15, 8, 10, 0, 0, 0.01%, 0, 0, 1, 43.59
1734718209, 15, 9, 10, 0, 0, 0.01%, 0, 0, 1, 43.26
1734718229, 16, 0, 10, 0, 0, 0.01%, 0, 0, 1, 43.53
1734718250, 16, 1, 10, 0, 0, 0.01%, 0, 0, 1, 46.70
1734718270, 16, 2, 10, 0, 0, 0.01%, 0, 0, 1, 47.48
1734718276, 16, 3, 10, 0, 0, 0.01%, 0, 0, 1, 46.44
1734718286, 16, 4, 10, 0, 0, 0.01%, 0, 0, 1, 44.64
1734718291, 16, 5, 10, 0, 0, 0.01%, 0, 0, 1, 46.71
1734718296, 16, 6, 10, 0, 0, 0.01%, 0, 0, 1, 47.67
1734718301, 16, 7, 10, 0, 0, 0.01%, 0, 0, 1, 45.72
1734718306, 16, 8, 10, 0, 0, 0.01%, 0, 0, 1, 46.93
1734718311, 16, 9, 10, 0, 0, 0.01%, 0, 0, 1, 46.43
1734718316, 17, 0, 10, 0, 0, 0.01%, 0, 0, 1, 47.53
1734718322, 17, 1, 10, 0, 0, 0.01%, 0, 0, 1, 46.33
1734718327, 17, 2, 10, 0, 0, 0.01%, 0, 0, 1, 45.42
1734718332, 17, 3, 10, 0, 0, 0.01%, 0, 0, 1, 46.63
1734718337, 17, 4, 10, 0, 0, 0.01%, 0, 0, 1, 45.78
1734718342, 17, 5, 10, 0, 0, 0.01%, 0, 0, 1, 47.58
1734718347, 17, 6, 10, 0, 0, 0.01%, 0, 0, 1, 46.17
1734718357, 17, 7, 10, 0, 0, 0.01%, 0, 0, 1, 45.64
1734718362, 17, 8, 10, 0, 0, 0.01%, 0, 0, 1, 48.25
1734718367, 17, 9, 10, 0, 0, 0.01%, 0, 0, 1, 46.84
1734718373, 18, 0, 10, 0, 0, 0.01%, 0, 0, 1, 47.26
1734718378, 18, 1, 10, 0, 0, 0.01%, 0, 0, 1, 45.74
1734718383, 18, 2, 10, 0, 0, 0.01%, 0, 0, 1, 45.98
1734718388, 18, 3, 10, 0, 0, 0.01%, 0, 0, 1, 46.00
1734718393, 18, 4, 10, 0, 0, 0.01%, 0, 0, 1, 45.42
1734718398, 18, 5, 10, 0, 0, 0.01%, 0, 0, 1, 46.10
1734718403, 18, 6, 10, 0, 0, 0.01%, 0, 0, 1, 45.64
1734718408, 18, 7, 10, 0, 0, 0.01%, 0, 0, 1, 46.30
1734718413, 18, 8, 10, 0, 0, 0.01%, 0, 0, 1, 46.95
1734718424, 18, 9, 10, 0, 0, 0.01%, 0, 0, 1, 46.25
1734718429, 19, 0, 10, 0, 0, 0.01%, 0, 0, 1, 45.28
1734718434, 19, 1, 10, 0, 0, 0.01%, 0, 0, 1, 46.94
1734718439, 19, 2, 10, 0, 0, 0.01%, 0, 0, 1, 48.96
1734718444, 19, 3, 10, 0, 0, 0.01%, 0, 0, 1, 48.00
1734718449, 19, 4, 10, 0, 0, 0.01%, 0, 0, 1, 46.65
1734718454, 19, 5, 10, 0, 0, 0.01%, 0, 0, 1, 45.36
1734718460, 19, 6, 10, 0, 0, 0.01%, 0, 0, 1, 45.53
1734718465, 19, 7, 10, 0, 0, 0.01%, 0, 0, 1, 46.82
1734718470, 19, 8, 10, 0, 0, 0.01%, 0, 0, 1, 47.28
1734718475, 19, 9, 10, 0, 0, 0.01%, 0, 0, 1, 46.06
1734718480, 20, 0, 10, 0, 0, 0.01%, 0, 0, 1, 47.16
1734718485, 20, 1, 10, 0, 0, 0.01%, 0, 0, 1, 46.00
1734718495, 20, 2, 10, 0, 0, 0.01%, 0, 0, 1, 46.66
1734718500, 20, 3, 10, 0, 0, 0.01%, 0, 0, 1, 47.36
1734718506, 20, 4, 10, 0, 0, 0.01%, 0, 0, 1, 45.19
1734718511, 20, 5, 10, 0, 0, 0.01%, 0, 0, 1, 44.46
1734718516, 20, 6, 10, 0, 0, 0.01%, 0, 0, 1, 45.47
1734718521, 20, 7, 10, 0, 0, 0.01%, 0, 0, 1, 46.36
1734718526, 20, 8, 10, 0, 0, 0.01%, 0, 0, 1, 45.75
1734718531, 20, 9, 10, 0, 0, 0.01%, 0, 0, 1, 45.90
1734718536, 21, 0, 10, 0, 0, 0.01%, 0, 0, 1, 46.95
1734718541, 21, 1, 10, 0, 0, 0.01%, 0, 0, 1, 48.08
1734718546, 21, 2, 10, 0, 0, 0.01%, 0, 0, 1, 46.95
1734718552, 21, 3, 10, 0, 0, 0.01%, 0, 0, 1, 47.23
1734718562, 21, 4, 10, 0, 0, 0.01%, 0, 0, 1, 46.32
1734718567, 21, 5, 10, 0, 0, 0.01%, 0, 0, 1, 46.18
1734718572, 21, 6, 10, 0, 0, 0.01%, 0, 0, 1, 47.08
1734718577, 21, 7, 10, 0, 0, 0.01%, 0, 0, 1, 46.40
1734718582, 21, 8, 10, 0, 0, 0.01%, 0, 0, 1, 48.66
1734718587, 21, 9, 10, 0, 0, 0.01%, 0, 0, 1, 45.94
1734718592, 22, 0, 10, 0, 0, 0.01%, 0, 0, 1, 47.12
1734718597, 22, 1, 10, 0, 0, 0.01%, 0, 0, 1, 46.44
1734718603, 22, 2, 10, 0, 0, 0.01%, 0, 0, 1, 45.09
1734718608, 22, 3, 10, 0, 0, 0.01%, 0, 0, 1, 44.21
1734718613, 22, 4, 10, 0, 0, 0.01%, 0, 0, 1, 46.13
1734718618, 22, 5, 10, 0, 0, 0.01%, 0, 0, 1, 47.29
1734718628, 22, 6, 10, 0, 0, 0.01%, 0, 0, 1, 45.40
1734718633, 22, 7, 10, 0, 0, 0.01%, 0, 0, 1, 45.30
1734718638, 22, 8, 10, 0, 0, 0.01%, 0, 0, 1, 46.66
1734718643, 22, 9, 10, 0, 0, 0.01%, 0, 0, 1, 47.18
1734718648, 23, 0, 10, 0, 0, 0.01%, 0, 0, 1, 47.24
1734718654, 23, 1, 10, 0, 0, 0.01%, 0, 0, 1, 46.70
1734718659, 23, 2, 10, 0, 0, 0.01%, 0, 0, 1, 47.16
1734718664, 23, 3, 10, 0, 0, 0.01%, 0, 0, 1, 47.71
1734718669, 23, 4, 10, 0, 0, 0.01%, 0, 0, 1, 46.21
1734718674, 23, 5, 10, 0, 0, 0.01%, 0, 0, 1, 46.43
1734718679, 23, 6, 10, 0, 0, 0.01%, 0, 0, 1, 44.84
1734718684, 23, 7, 10, 0, 0, 0.01%, 0, 0, 1, 45.30
1734718690, 23, 8, 10, 0, 0, 0.01%, 0, 0, 1, 46.39
1734718700, 23, 9, 10, 0, 0, 0.01%, 0, 0, 1, 47.33
1734718705, 24, 0, 10, 0, 0, 0.01%, 0, 0, 1, 45.58
1734718710, 24, 1, 10, 0, 0, 0.01%, 0, 0, 1, 46.61
1734718715, 24, 2, 10, 0, 0, 0.01%, 0, 0, 1, 48.74
1734718720, 24, 3, 10, 0, 0, 0.01%, 0, 0, 1, 48.13
1734718725, 24, 4, 10, 0, 0, 0.01%, 0, 0, 1, 47.07
1734718730, 24, 5, 10, 0, 0, 0.01%, 0, 0, 1, 45.92
1734718735, 24, 6, 10, 0, 0, 0.01%, 0, 0, 1, 46.06
1734718740, 24, 7, 10, 0, 0, 0.01%, 0, 0, 1, 46.74
1734718745, 24, 8, 10, 0, 0, 0.01%, 0, 0, 1, 46.65
1734718751, 24, 9, 10, 0, 0, 0.01%, 0, 0, 1, 46.87
1734718756, 25, 0, 10, 0, 0, 0.01%, 0, 0, 1, 44.99
1734718761, 25, 1, 10, 0, 0, 0.01%, 0, 0, 1, 45.47
1734718771, 25, 2, 10, 0, 0, 0.01%, 0, 0, 1, 45.20
1734718776, 25, 3, 10, 0, 0, 0.01%, 0, 0, 1, 47.96
1734718781, 25, 4, 10, 0, 0, 0.01%, 0, 0, 1, 47.38
1734718786, 25, 5, 10, 0, 0, 0.01%, 0, 0, 1, 44.29
1734718792, 25, 6, 10, 0, 0, 0.01%, 0, 0, 1, 45.12
1734718797, 25, 7, 10, 0, 0, 0.01%, 0, 0, 1, 45.41
1734718802, 25, 8, 10, 0, 0, 0.01%, 0, 0, 1, 47.89
1734718807, 25, 9, 10, 0, 0, 0.01%, 0, 0, 1, 46.37
1734718812, 26, 0, 10, 0, 0, 0.01%, 0, 0, 1, 49.42
1734718817, 26, 1, 10, 0, 0, 0.01%, 0, 0, 1, 48.16
1734718822, 26, 2, 10, 0, 0, 0.01%, 0, 0, 1, 48.04
1734718827, 26, 3, 10, 0, 0, 0.01%, 0, 0, 1, 47.04
1734718833, 26, 4, 10, 0, 0, 0.01%, 0, 0, 1, 46.83
1734718838, 26, 5, 10, 0, 0, 0.01%, 0, 0, 1, 47.76
1734718848, 26, 6, 10, 0, 0, 0.01%, 0, 0, 1, 46.97
1734718853, 26, 7, 10, 0, 0, 0.01%, 0, 0, 1, 47.58
1734718858, 26, 8, 10, 0, 0, 0.01%, 0, 0, 1, 48.46
1734718863, 26, 9, 10, 0, 0, 0.01%, 0, 0, 1, 46.90
1734718868, 27, 0, 10, 0, 0, 0.01%, 0, 0, 1, 46.91
1734718873, 27, 1, 10, 0, 0, 0.01%, 0, 0, 1, 48.31
1734718878, 27, 2, 10, 0, 0, 0.01%, 0, 0, 1, 46.94
1734718883, 27, 3, 10, 0, 0, 0.01%, 0, 0, 1, 46.98
1734718889, 27, 4, 10, 0, 0, 0.01%, 0, 0, 1, 45.88
1734718894, 27, 5, 10, 0, 0, 0.01%, 0, 0, 1, 46.89
1734718899, 27, 6, 10, 0, 0, 0.01%, 0, 0, 1, 46.54
1734718904, 27, 7, 10, 0, 0, 0.01%, 0, 0, 1, 48.28
1734718909, 27, 8, 10, 0, 0, 0.01%, 0, 0, 1, 46.35
1734718914, 27, 9, 10, 0, 0, 0.01%, 0, 0, 1, 47.39
1734718919, 28, 0, 10, 0, 0, 0.01%, 0, 0, 1, 46.73
1734718929, 28, 1, 10, 0, 0, 0.01%, 0, 0, 1, 46.63
1734718934, 28, 2, 10, 0, 0, 0.01%, 0, 0, 1, 46.62
1734718940, 28, 3, 10, 0, 0, 0.01%, 0, 0, 1, 46.42
1734718945, 28, 4, 10, 0, 0, 0.01%, 0, 0, 1, 47.69
1734718950, 28, 5, 10, 0, 0, 0.01%, 0, 0, 1, 47.14
1734718955, 28, 6, 10, 0, 0, 0.01%, 0, 0, 1, 46.84
1734718960, 28, 7, 10, 0, 0, 0.01%, 0, 0, 1, 46.26
1734718965, 28, 8, 10, 0, 0, 0.01%, 0, 0, 1, 47.94
1734718970, 28, 9, 10, 0, 0, 0.01%, 0, 0, 1, 45.25
1734718975, 29, 0, 10, 0, 0, 0.01%, 0, 0, 1, 47.32
1734718980, 29, 1, 10, 0, 0, 0.01%, 0, 0, 1, 45.80
1734718986, 29, 2, 10, 0, 0, 0.01%, 0, 0, 1, 46.16
1734718991, 29, 3, 10, 0, 0, 0.01%, 0, 0, 1, 45.91
1734719001, 29, 4, 10, 0, 0, 0.01%, 0, 0, 1, 46.40
1734719006, 29, 5, 10, 0, 0, 0.01%, 0, 0, 1, 46.08
1734719011, 29, 6, 10, 0, 0, 0.01%, 0, 0, 1, 46.51
1734719016, 29, 7, 10, 0, 0, 0.01%, 0, 0, 1, 45.79
1734719021, 29, 8, 10, 0, 0, 0.01%, 0, 0, 1, 45.09
1734719027, 29, 9, 10, 0, 0, 0.01%, 0, 0, 1, 46.27
1734719032, 30, 0, 10, 0, 0, 0.01%, 0, 0, 1, 48.01
1734719037, 30, 1, 10, 0, 0, 0.01%, 0, 0, 1, 47.11
1734719042, 30, 2, 10, 0, 0, 0.01%, 0, 0, 1, 48.73
1734719047, 30, 3, 10, 0, 0, 0.01%, 0, 0, 1, 47.27
1734719052, 30, 4, 10, 0, 0, 0.01%, 0, 0, 1, 46.52
1734719057, 30, 5, 10, 0, 0, 0.01%, 0, 0, 1, 47.49
1734719062, 30, 6, 10, 0, 0, 0.01%, 0, 0, 1, 47.24
1734719067, 30, 7, 10, 0, 0, 0.01%, 0, 0, 1, 46.20
1734719078, 30, 8, 10, 0, 0, 0.01%, 0, 0, 1, 47.61
1734719083, 30, 9, 10, 0, 0, 0.01%, 0, 0, 1, 46.85
1734719088, 31, 0, 10, 0, 0, 0.01%, 0, 0, 1, 47.27
1734719093, 31, 1, 10, 0, 0, 0.01%, 0, 0, 1, 46.73
1734719098, 31, 2, 10, 0, 0, 0.01%, 0, 0, 1, 46.31
1734719103, 31, 3, 10, 0, 0, 0.01%, 0, 0, 1, 49.46
1734719108, 31, 4, 10, 0, 0, 0.01%, 0, 0, 1, 48.75
1734719113, 31, 5, 10, 0, 0, 0.01%, 0, 0, 1, 48.39
1734719118, 31, 6, 10, 0, 0, 0.01%, 0, 0, 1, 44.76
1734719123, 31, 7, 10, 0, 0, 0.01%, 0, 0, 1, 46.33
1734719129, 31, 8, 10, 0, 0, 0.01%, 0, 0, 1, 45.43
1734719134, 31, 9, 10, 0, 0, 0.01%, 0, 0, 1, 45.86
1734719139, 32, 0, 10, 0, 0, 0.01%, 0, 0, 1, 46.81
1734719144, 32, 1, 10, 0, 0, 0.01%, 0, 0, 1, 46.57
1734719154, 32, 2, 10, 0, 0, 0.01%, 0, 0, 1, 46.75
1734719159, 32, 3, 10, 0, 0, 0.01%, 0, 0, 1, 46.22
1734719164, 32, 4, 10, 0, 0, 0.01%, 0, 0, 1, 46.30
1734719170, 32, 5, 10, 0, 0, 0.01%, 0, 0, 1, 46.23
1734719175, 32, 6, 10, 0, 0, 0.01%, 0, 0, 1, 46.72
1734719180, 32, 7, 10, 0, 0, 0.01%, 0, 0, 1, 46.80
1734719185, 32, 8, 10, 0, 0, 0.01%, 0, 0, 1, 47.97
1734719190, 32, 9, 10, 0, 0, 0.01%, 0, 0, 1, 47.95
1734719195, 33, 0, 10, 0, 0, 0.01%, 0, 0, 1, 45.78
1734719200, 33, 1, 10, 0, 0, 0.01%, 0, 0, 1, 46.25
1734719205, 33, 2, 10, 0, 0, 0.01%, 0, 0, 1, 46.02
1734719211, 33, 3, 10, 0, 0, 0.01%, 0, 0, 1, 47.42
1734719221, 33, 4, 10, 0, 0, 0.01%, 0, 0, 1, 47.03
1734719226, 33, 5, 10, 0, 0, 0.01%, 0, 0, 1, 46.45
1734719231, 33, 6, 10, 0, 0, 0.01%, 0, 0, 1, 45.67
1734719236, 33, 7, 10, 0, 0, 0.01%, 0, 0, 1, 45.63
1734719241, 33, 8, 10, 0, 0, 0.01%, 0, 0, 1, 46.37
1734719246, 33, 9, 10, 0, 0, 0.01%, 0, 0, 1, 47.46
1734719252, 34, 0, 10, 0, 0, 0.01%, 0, 0, 1, 47.37
1734719257, 34, 1, 10, 0, 0, 0.01%, 0, 0, 1, 48.71
1734719262, 34, 2, 10, 0, 0, 0.01%, 0, 0, 1, 47.00
1734719267, 34, 3, 10, 0, 0, 0.01%, 0, 0, 1, 47.90
1734719272, 34, 4, 10, 0, 0, 0.01%, 0, 0, 1, 46.37
1734719277, 34, 5, 10, 0, 0, 0.01%, 0, 0, 1, 48.41
1734719282, 34, 6, 10, 0, 0, 0.01%, 0, 0, 1, 47.36
1734719287, 34, 7, 10, 0, 0, 0.01%, 0, 0, 1, 44.83
1734719293, 34, 8, 10, 0, 0, 0.01%, 0, 0, 1, 46.21
1734719303, 34, 9, 10, 0, 0, 0.01%, 0, 0, 1, 46.24
1734719308, 35, 0, 10, 0, 0, 0.01%, 0, 0, 1, 44.93
1734719313, 35, 1, 10, 0, 0, 0.01%, 0, 0, 1, 45.94
1734719318, 35, 2, 10, 0, 0, 0.01%, 0, 0, 1, 45.75
1734719323, 35, 3, 10, 0, 0, 0.01%, 0, 0, 1, 46.19
1734719328, 35, 4, 10, 0, 0, 0.01%, 0, 0, 1, 46.16
1734719333, 35, 5, 10, 0, 0, 0.01%, 0, 0, 1, 45.87
1734719339, 35, 6, 10, 0, 0, 0.01%, 0, 0, 1, 47.04
1734719344, 35, 7, 10, 0, 0, 0.01%, 0, 0, 1, 47.66
1734719349, 35, 8, 10, 0, 0, 0.01%, 0, 0, 1, 48.37
1734719354, 35, 9, 10, 0, 0, 0.01%, 0, 0, 1, 47.30
1734719359, 36, 0, 10, 0, 0, 0.01%, 0, 0, 1, 45.63
1734719364, 36, 1, 10, 0, 0, 0.01%, 0, 0, 1, 45.94
1734719370, 36, 2, 10, 0, 0, 0.01%, 0, 0, 1, 48.70
1734719380, 36, 3, 10, 0, 0, 0.01%, 0, 0, 1, 46.42
1734719385, 36, 4, 10, 0, 0, 0.01%, 0, 0, 1, 47.06
1734719390, 36, 5, 10, 0, 0, 0.01%, 0, 0, 1, 47.72
1734719395, 36, 6, 10, 0, 0, 0.01%, 0, 0, 1, 45.87
1734719400, 36, 7, 10, 0, 0, 0.01%, 0, 0, 1, 44.84
1734719405, 36, 8, 10, 0, 0, 0.01%, 0, 0, 1, 45.63
1734719410, 36, 9, 10, 0, 0, 0.01%, 0, 0, 1, 46.69
1734719415, 37, 0, 10, 0, 0, 0.01%, 0, 0, 1, 45.42
1734719421, 37, 1, 10, 0, 0, 0.01%, 0, 0, 1, 46.65
1734719426, 37, 2, 10, 0, 0, 0.01%, 0, 0, 1, 47.06
1734719431, 37, 3, 10, 0, 0, 0.01%, 0, 0, 1, 45.40
1734719436, 37, 4, 10, 0, 0, 0.01%, 0, 0, 1, 46.10
1734719446, 37, 5, 10, 0, 0, 0.01%, 0, 0, 1, 46.58
1734719451, 37, 6, 10, 0, 0, 0.01%, 0, 0, 1, 47.65
1734719456, 37, 7, 10, 0, 0, 0.01%, 0, 0, 1, 46.70
1734719461, 37, 8, 10, 0, 0, 0.01%, 0, 0, 1, 47.55
1734719466, 37, 9, 10, 0, 0, 0.01%, 0, 0, 1, 48.38
1734719472, 38, 0, 10, 0, 0, 0.01%, 0, 0, 1, 45.64
1734719477, 38, 1, 10, 0, 0, 0.01%, 0, 0, 1, 46.77
1734719482, 38, 2, 10, 0, 0, 0.01%, 0, 0, 1, 46.19
1734719487, 38, 3, 10, 0, 0, 0.01%, 0, 0, 1, 46.40
1734719492, 38, 4, 10, 0, 0, 0.01%, 0, 0, 1, 47.65
1734719497, 38, 5, 10, 0, 0, 0.01%, 0, 0, 1, 48.46
1734719502, 38, 6, 10, 0, 0, 0.01%, 0, 0, 1, 47.54
1734719507, 38, 7, 10, 0, 0, 0.01%, 0, 0, 1, 48.20
1734719513, 38, 8, 10, 0, 0, 0.01%, 0, 0, 1, 46.91
1734719518, 38, 9, 10, 0, 0, 0.01%, 0, 0, 1, 46.84
1734719528, 39, 0, 10, 0, 0, 0.01%, 0, 0, 1, 47.55
1734719533, 39, 1, 10, 0, 0, 0.01%, 0, 0, 1, 46.01
1734719538, 39, 2, 10, 0, 0, 0.01%, 0, 0, 1, 46.71
1734719543, 39, 3, 10, 0, 0, 0.01%, 0, 0, 1, 46.70
1734719548, 39, 4, 10, 0, 0, 0.01%, 0, 0, 1, 47.24
1734719554, 39, 5, 10, 0, 0, 0.01%, 0, 0, 1, 46.01
1734719559, 39, 6, 10, 0, 0, 0.01%, 0, 0, 1, 46.14
1734719564, 39, 7, 10, 0, 0, 0.01%, 0, 0, 1, 46.71
1734719569, 39, 8, 10, 0, 0, 0.01%, 0, 0, 1, 48.26
1734719574, 39, 9, 10, 0, 0, 0.01%, 0, 0, 1, 46.52
1734719579, 40, 0, 10, 0, 0, 0.01%, 0, 0, 1, 46.19
1734719584, 40, 1, 10, 0, 0, 0.01%, 0, 0, 1, 47.12
1734719589, 40, 2, 10, 0, 0, 0.01%, 0, 0, 1, 47.26
1734719595, 40, 3, 10, 0, 0, 0.01%, 0, 0, 1, 45.99
1734719605, 40, 4, 10, 0, 0, 0.01%, 0, 0, 1, 45.25
1734719610, 40, 5, 10, 0, 0, 0.01%, 0, 0, 1, 45.94
1734719615, 40, 6, 10, 0, 0, 0.01%, 0, 0, 1, 47.11
1734719620, 40, 7, 10, 0, 0, 0.01%, 0, 0, 1, 45.85
1734719625, 40, 8, 10, 0, 0, 0.01%, 0, 0, 1, 47.05
1734719630, 40, 9, 10, 0, 0, 0.01%, 0, 0, 1, 46.29
1734719636, 41, 0, 10, 0, 0, 0.01%, 0, 0, 1, 47.25
1734719641, 41, 1, 10, 0, 0, 0.01%, 0, 0, 1, 48.46
1734719646, 41, 2, 10, 0, 0, 0.01%, 0, 0, 1, 46.67
1734719651, 41, 3, 10, 0, 0, 0.01%, 0, 0, 1, 48.42
1734719656, 41, 4, 10, 0, 0, 0.01%, 0, 0, 1, 48.65
1734719661, 41, 5, 10, 0, 0, 0.01%, 0, 0, 1, 47.14
1734719666, 41, 6, 10, 0, 0, 0.01%, 0, 0, 1, 48.45
1734719671, 41, 7, 10, 0, 0, 0.01%, 0, 0, 1, 46.07
1734719676, 41, 8, 10, 0, 0, 0.01%, 0, 0, 1, 46.47
1734719687, 41, 9, 10, 0, 0, 0.01%, 0, 0, 1, 45.40
1734719692, 42, 0, 10, 0, 0, 0.01%, 0, 0, 1, 46.49
1734719697, 42, 1, 10, 0, 0, 0.01%, 0, 0, 1, 47.64
1734719702, 42, 2, 10, 0, 0, 0.01%, 0, 0, 1, 46.83
1734719707, 42, 3, 10, 0, 0, 0.01%, 0, 0, 1, 44.87
1734719712, 42, 4, 10, 0, 0, 0.01%, 0, 0, 1, 48.07
1734719717, 42, 5, 10, 0, 0, 0.01%, 0, 0, 1, 46.57
1734719722, 42, 6, 10, 0, 0, 0.01%, 0, 0, 1, 46.27
1734719727, 42, 7, 10, 0, 0, 0.01%, 0, 0, 1, 45.22
1734719732, 42, 8, 10, 0, 0, 0.01%, 0, 0, 1, 47.50
1734719738, 42, 9, 10, 0, 0, 0.01%, 0, 0, 1, 46.19
1734719743, 43, 0, 10, 0, 0, 0.01%, 0, 0, 1, 47.29
1734719748, 43, 1, 10, 0, 0, 0.01%, 0, 0, 1, 47.44
1734719758, 43, 2, 10, 0, 0, 0.01%, 0, 0, 1, 46.21
1734719763, 43, 3, 10, 0, 0, 0.01%, 0, 0, 1, 46.14
1734719768, 43, 4, 10, 0, 0, 0.01%, 0, 0, 1, 48.65
1734719773, 43, 5, 10, 0, 0, 0.01%, 0, 0, 1, 45.86
1734719778, 43, 6, 10, 0, 0, 0.01%, 0, 0, 1, 46.81
1734719784, 43, 7, 10, 0, 0, 0.01%, 0, 0, 1, 47.90
1734719789, 43, 8, 10, 0, 0, 0.01%, 0, 0, 1, 46.33
1734719794, 43, 9, 10, 0, 0, 0.01%, 0, 0, 1, 45.87
1734719799, 44, 0, 10, 0, 0, 0.01%, 0, 0, 1, 45.75
1734719804, 44, 1, 10, 0, 0, 0.01%, 0, 0, 1, 47.33
1734719809, 44, 2, 10, 0, 0, 0.01%, 0, 0, 1, 47.75
1734719814, 44, 3, 10, 0, 0, 0.01%, 0, 0, 1, 46.62
1734719820, 44, 4, 10, 0, 0, 0.01%, 0, 0, 1, 45.62
1734719825, 44, 5, 10, 0, 0, 0.01%, 0, 0, 1, 46.00
1734719835, 44, 6, 11, 1, 0, 0.14%, 1, 0, 2, 47.49
1734719840, 44, 10, 11, 1, 1, 0.14%, 1, 0, 2, 56.79
1734719845, 44, 10, 12, 2, 1, 0.14%, 2, 0, 3, 49.39
1734719876, 44, 10, 13, 3, 1, 0.14%, 3, 0, 3, 49.83
1734719957, 44, 10, 14, 4, 1, 0.14%, 4, 0, 3, 47.21
1734719972, 44, 11, 18, 7, 3, 0.14%, 4, 0, 3, 54.66
1734720028, 44, 11, 19, 8, 3, 0.14%, 4, 0, 4, 49.25
1734720033, 44, 12, 20, 8, 2, 0.14%, 5, 0, 4, 65.68
1734720044, 44, 12, 21, 9, 2, 0.14%, 5, 0, 4, 52.25
1734720054, 44, 12, 22, 10, 2, 0.14%, 5, 0, 4, 48.91
1734720145, 44, 17, 23, 10, 2, 0.14%, 5, 0, 4, 55.29
1734720201, 44, 21, 23, 9, 2, 0.14%, 5, 0, 4, 51.35
1734720232, 44, 21, 24, 10, 2, 0.14%, 5, 0, 5, 54.31
1734720247, 44, 21, 25, 11, 2, 0.14%, 5, 0, 5, 55.95
1734720328, 46, 22, 25, 6, 0, 0.14%, 5, 0, 5, 57.47
1734720420, 47, 24, 25, 3, 0, 0.14%, 5, 0, 5, 63.89
1734720440, 47, 24, 26, 4, 0, 0.14%, 5, 0, 6, 58.15
1734720445, 47, 24, 27, 5, 0, 0.14%, 5, 0, 6, 54.62
1734720461, 47, 24, 28, 6, 0, 0.14%, 5, 0, 6, 51.89
1734720466, 47, 24, 29, 7, 0, 0.14%, 5, 0, 6, 51.14
1734720532, 47, 24, 32, 10, 0, 0.14%, 5, 0, 6, 58.69
1734720552, 47, 31, 32, 10, 1, 0.14%, 5, 0, 6, 69.42
1734720609, 47, 31, 33, 11, 1, 0.14%, 5, 0, 7, 55.04
1734720680, 47, 31, 34, 12, 1, 0.14%, 5, 0, 7, 66.07
1734720695, 47, 32, 34, 11, 1, 0.14%, 5, 0, 7, 64.10
1734721000, 47, 32, 35, 12, 1, 0.14%, 6, 0, 8, 79.98
1734721046, 47, 34, 35, 11, 1, 0.14%, 6, 0, 8, 60.05
1734721301, 47, 34, 36, 12, 1, 0.14%, 7, 0, 9, 76.68
1734721383, 47, 35, 36, 11, 1, 0.14%, 7, 0, 9, 71.36
1734721683, 48, 12, 36, 10, 0, 0.14%, 7, 0, 9, 62.51
1734721699, 48, 27, 36, 9, 0, 0.14%, 7, 0, 9, 73.38
1734721780, 48, 28, 36, 8, 0, 0.14%, 7, 0, 9, 53.95
1734721785, 49, 12, 36, 7, 0, 0.14%, 7, 0, 9, 53.73
1734721805, 49, 12, 37, 8, 0, 0.14%, 7, 0, 9, 58.90
1734721816, 49, 36, 38, 9, 1, 0.14%, 7, 0, 9, 90.99
1734721882, 49, 36, 39, 10, 1, 0.14%, 7, 0, 9, 78.36
1734721968, 49, 38, 39, 9, 1, 0.14%, 7, 0, 9, 66.50
1734722055, 50, 33, 39, 7, 0, 0.14%, 7, 0, 9, 54.88
1734722424, 53, 16, 39, 2, 0, 0.14%, 7, 0, 9, 53.08
1734722490, 56, 37, 39, 1, 0, 0.14%, 7, 0, 9, 51.80
1734722587, 56, 37, 40, 2, 0, 0.14%, 7, 0, 9, 66.07
1734722648, 56, 39, 40, 2, 1, 0.14%, 7, 0, 9, 95.94
1734722912, 56, 39, 41, 3, 1, 0.14%, 7, 0, 9, 72.39
1734722994, 56, 40, 41, 2, 1, 0.14%, 7, 0, 9, 60.69
1734723459, 61, 30, 41, 0, 0, 0.14%, 7, 0, 9, 54.41
1734723525, 62, 30, 41, 0, 0, 0.14%, 7, 0, 9, 59.63
1734723540, 63, 30, 41, 0, 0, 0.14%, 7, 0, 9, 61.05
1734723580, 64, 30, 41, 0, 0, 0.14%, 7, 0, 9, 65.09
1734723616, 65, 30, 41, 0, 0, 0.14%, 7, 0, 9, 61.18
1734723656, 66, 30, 41, 0, 0, 0.14%, 7, 0, 9, 61.16
1734723692, 66, 40, 41, 0, 0, 0.14%, 7, 0, 9, 68.42
1734723717, 67, 30, 41, 0, 0, 0.14%, 7, 0, 9, 63.00
1734723758, 67, 40, 41, 0, 0, 0.14%, 7, 0, 9, 74.66
1734723793, 68, 30, 41, 0, 0, 0.14%, 7, 0, 9, 61.64
1734723829, 68, 40, 41, 0, 0, 0.14%, 7, 0, 9, 73.04
1734723864, 69, 40, 41, 0, 0, 0.14%, 7, 0, 9, 78.64
1734723899, 70, 40, 41, 0, 0, 0.14%, 7, 0, 9, 76.37
1734723935, 71, 25, 41, 0, 0, 0.14%, 7, 0, 9, 68.26
1734724001, 71, 40, 41, 0, 0, 0.14%, 7, 0, 9, 73.51
1734724036, 72, 12, 41, 0, 0, 0.14%, 7, 0, 9, 56.86
1734724061, 108, 12, 41, 0, 0, 0.14%, 7, 0, 9, 58.31
1734724107, 109, 12, 41, 0, 0, 0.14%, 7, 0, 9, 54.74
1734724143, 112, 22, 41, 0, 0, 0.14%, 7, 0, 9, 57.40
1734724163, 113, 12, 41, 0, 0, 0.14%, 7, 0, 9, 56.71
1734724204, 116, 11, 41, 0, 0, 0.14%, 7, 0, 9, 59.27
1734724214, 117, 12, 41, 0, 0, 0.14%, 7, 0, 9, 56.07
1734724255, 117, 13, 41, 0, 0, 0.14%, 7, 0, 9, 76.07
1734724326, 118, 15, 41, 0, 0, 0.14%, 7, 0, 9, 79.63
1734724398, 118, 22, 41, 0, 0, 0.14%, 7, 0, 9, 59.21
1734724438, 120, 11, 41, 0, 0, 0.14%, 7, 0, 9, 54.91
1734724449, 120, 20, 41, 0, 0, 0.14%, 7, 0, 9, 55.33
1734724515, 122, 15, 41, 0, 0, 0.14%, 7, 0, 9, 63.48
1734724535, 128, 11, 41, 0, 0, 0.14%, 7, 0, 9, 53.75
1734724566, 128, 15, 41, 0, 0, 0.14%, 7, 0, 9, 61.38
1734724601, 131, 12, 41, 0, 0, 0.14%, 7, 0, 9, 53.94
1734724637, 133, 11, 41, 0, 0, 0.14%, 7, 0, 9, 56.63
1734724677, 134, 27, 41, 0, 0, 0.14%, 7, 0, 9, 54.82
1734724697, 135, 27, 41, 0, 0, 0.14%, 7, 0, 9, 61.85
1734724738, 137, 37, 41, 0, 0, 0.14%, 7, 0, 9, 60.67
1734724763, 139, 15, 41, 0, 0, 0.14%, 7, 0, 9, 62.78
1734724804, 139, 37, 41, 0, 0, 0.14%, 7, 0, 9, 59.99
1734724845, 141, 16, 41, 0, 0, 0.14%, 7, 0, 9, 59.76
1734724855, 143, 12, 41, 0, 0, 0.14%, 7, 0, 9, 58.13
1734724895, 145, 22, 41, 0, 0, 0.14%, 7, 0, 9, 64.85
1734724921, 145, 37, 41, 0, 0, 0.14%, 7, 0, 9, 60.45
1734724956, 147, 23, 41, 0, 0, 0.14%, 7, 0, 9, 55.97
1734725022, 153, 25, 41, 0, 0, 0.14%, 7, 0, 9, 61.46
1734725037, 158, 11, 41, 0, 0, 0.14%, 7, 0, 9, 55.53
1734725078, 158, 12, 41, 0, 0, 0.14%, 7, 0, 9, 64.69
1734725119, 159, 11, 41, 0, 0, 0.14%, 7, 0, 9, 53.11
1734725159, 165, 38, 41, 0, 0, 0.14%, 7, 0, 9, 59.36
1734725190, 166, 25, 41, 0, 0, 0.14%, 7, 0, 9, 57.35
1734725231, 171, 37, 41, 0, 0, 0.14%, 7, 0, 9, 64.34
1734725266, 173, 15, 41, 0, 0, 0.14%, 7, 0, 9, 67.77
1734725306, 173, 37, 41, 0, 0, 0.14%, 7, 0, 9, 59.80
1734725342, 174, 12, 41, 0, 0, 0.14%, 7, 0, 9, 51.55
1734725382, 174, 22, 41, 0, 0, 0.14%, 7, 0, 9, 58.54
1734725423, 176, 11, 41, 0, 0, 0.14%, 7, 0, 9, 54.16
1734725469, 176, 22, 41, 0, 0, 0.14%, 7, 0, 9, 59.82
1734725509, 179, 11, 41, 0, 0, 0.14%, 7, 0, 9, 57.12
1734725550, 179, 37, 41, 0, 0, 0.14%, 7, 0, 9, 68.89
1734725586, 180, 11, 41, 0, 0, 0.14%, 7, 0, 9, 59.92
1734725621, 180, 16, 41, 0, 0, 0.14%, 7, 0, 9, 59.05
1734725651, 182, 16, 41, 0, 0, 0.14%, 7, 0, 9, 62.44
1734725666, 182, 22, 41, 0, 0, 0.14%, 7, 0, 9, 54.20
1734725707, 183, 32, 41, 0, 0, 0.14%, 7, 0, 9, 59.51
1734725728, 183, 35, 41, 0, 0, 0.14%, 7, 0, 9, 66.52
1734725753, 184, 14, 41, 0, 0, 0.14%, 7, 0, 9, 69.77
1734725794, 184, 38, 41, 0, 0, 0.14%, 7, 0, 9, 62.42
1734725829, 185, 16, 41, 0, 0, 0.14%, 7, 0, 9, 60.18
1734725865, 186, 15, 41, 0, 0, 0.14%, 7, 0, 9, 64.26
1734725900, 186, 17, 41, 0, 0, 0.14%, 7, 0, 9, 56.83
1734725910, 188, 25, 41, 0, 0, 0.14%, 7, 0, 9, 59.84
1734725951, 190, 14, 41, 0, 0, 0.14%, 7, 0, 9, 65.42
1734725976, 191, 10, 41, 0, 0, 0.14%, 7, 0, 9, 54.96
1734725986, 191, 37, 41, 0, 0, 0.14%, 7, 0, 9, 59.83
1734726027, 194, 32, 41, 0, 0, 0.14%, 7, 0, 9, 70.27
1734726062, 195, 25, 41, 0, 0, 0.14%, 7, 0, 9, 58.09
1734726103, 196, 25, 41, 0, 0, 0.14%, 7, 0, 9, 61.21
1734726143, 196, 32, 41, 0, 0, 0.14%, 7, 0, 9, 70.67
1734726179, 197, 17, 41, 0, 0, 0.14%, 7, 0, 9, 58.34
1734726184, 197, 32, 41, 0, 0, 0.14%, 7, 0, 9, 56.72
1734726225, 199, 12, 41, 0, 0, 0.14%, 7, 0, 9, 56.77
1734726265, 199, 36, 41, 0, 0, 0.14%, 7, 0, 9, 64.56
1734726290, 200, 10, 41, 0, 0, 0.14%, 7, 0, 9, 60.51
1734726300, 200, 36, 41, 0, 0, 0.14%, 7, 0, 9, 67.83
1734726336, 201, 31, 41, 0, 0, 0.14%, 7, 0, 9, 59.35
1734726356, 201, 36, 41, 0, 0, 0.14%, 7, 0, 9, 60.15
1734726392, 202, 25, 41, 0, 0, 0.14%, 7, 0, 9, 53.51
1734726432, 203, 15, 41, 0, 0, 0.14%, 7, 0, 9, 65.69
1734726468, 203, 39, 41, 0, 0, 0.14%, 7, 0, 9, 64.42
1734726498, 205, 14, 41, 0, 0, 0.14%, 7, 0, 9, 57.39
1734726534, 206, 27, 41, 0, 0, 0.14%, 7, 0, 9, 61.88
1734726574, 207, 10, 41, 0, 0, 0.14%, 7, 0, 9, 53.48
1734726584, 207, 17, 41, 0, 0, 0.14%, 7, 0, 9, 59.30
1734726605, 208, 11, 41, 0, 0, 0.14%, 7, 0, 9, 54.58
1734726645, 208, 27, 41, 0, 0, 0.14%, 7, 0, 9, 59.44
1734726681, 210, 38, 41, 0, 0, 0.14%, 7, 0, 9, 60.99
1734726721, 216, 38, 41, 0, 0, 0.14%, 7, 0, 9, 63.59
1734726762, 217, 16, 41, 0, 0, 0.14%, 7, 0, 9, 56.60
1734726802, 218, 14, 41, 0, 0, 0.14%, 7, 0, 9, 61.37
1734726833, 222, 17, 41, 0, 0, 0.14%, 7, 0, 9, 56.68
1734726868, 222, 22, 41, 0, 0, 0.14%, 7, 0, 9, 62.40
1734726904, 223, 27, 41, 0, 0, 0.14%, 7, 0, 9, 60.00
1734726945, 229, 31, 41, 0, 0, 0.14%, 7, 0, 9, 63.51
1734726981, 230, 35, 41, 0, 0, 0.14%, 7, 0, 9, 49.95
1734727021, 232, 15, 41, 0, 0, 0.14%, 7, 0, 9, 64.84
1734727057, 232, 20, 41, 0, 0, 0.14%, 7, 0, 9, 56.68
1734727077, 233, 27, 41, 0, 0, 0.14%, 7, 0, 9, 57.55
1734727117, 236, 14, 41, 0, 0, 0.14%, 7, 0, 9, 62.48
1734727158, 244, 20, 41, 0, 0, 0.14%, 7, 0, 9, 55.76
1734727168, 245, 18, 41, 0, 0, 0.14%, 7, 0, 9, 63.69
1734727240, 247, 25, 41, 0, 0, 0.14%, 7, 0, 9, 60.75
1734727280, 247, 31, 41, 0, 0, 0.14%, 7, 0, 9, 55.36
1734727321, 248, 10, 41, 0, 0, 0.14%, 7, 0, 9, 56.51
1734727341, 248, 32, 41, 0, 0, 0.14%, 7, 0, 9, 78.15
1734727377, 249, 20, 41, 0, 0, 0.14%, 7, 0, 9, 59.72
1734727412, 249, 27, 41, 0, 0, 0.14%, 7, 0, 9, 60.87
1734727453, 250, 11, 41, 0, 0, 0.14%, 7, 0, 9, 58.19
1734727493, 252, 16, 41, 0, 0, 0.14%, 7, 0, 9, 62.13
1734727529, 253, 29, 41, 0, 0, 0.14%, 7, 0, 9, 63.17
1734727631, 254, 15, 41, 0, 0, 0.14%, 7, 0, 9, 62.84
1734727672, 254, 32, 41, 0, 0, 0.14%, 7, 0, 9, 71.81
1734727702, 255, 39, 41, 0, 0, 0.14%, 7, 0, 9, 69.09
1734727738, 257, 20, 41, 0, 0, 0.14%, 7, 0, 9, 61.25
1734727778, 257, 21, 41, 0, 0, 0.14%, 7, 0, 9, 65.39
1734727798, 258, 35, 41, 0, 0, 0.14%, 7, 0, 9, 61.28
1734727839, 259, 10, 41, 0, 0, 0.14%, 7, 0, 9, 58.34
1734727880, 260, 21, 41, 0, 0, 0.14%, 7, 0, 9, 62.42
1734727895, 260, 27, 41, 0, 0, 0.14%, 7, 0, 9, 56.13
1734727936, 260, 32, 41, 0, 0, 0.14%, 7, 0, 9, 69.60
1734727971, 262, 27, 41, 0, 0, 0.14%, 7, 0, 9, 62.08
1734728011, 264, 15, 41, 0, 0, 0.14%, 7, 0, 9, 58.00
1734728052, 265, 20, 41, 0, 0, 0.14%, 7, 0, 9, 55.85
1734728093, 266, 20, 41, 0, 0, 0.14%, 7, 0, 9, 50.81
1734728139, 270, 10, 41, 0, 0, 0.14%, 7, 0, 9, 54.65
1734728179, 270, 14, 41, 0, 0, 0.14%, 7, 0, 9, 59.04
1734728215, 270, 35, 41, 0, 0, 0.14%, 7, 0, 9, 61.45
1734728256, 270, 36, 41, 0, 0, 0.14%, 7, 0, 9, 63.87
1734728291, 271, 24, 41, 0, 0, 0.14%, 7, 0, 9, 58.40
1734728312, 272, 17, 41, 0, 0, 0.14%, 7, 0, 9, 55.29
1734728352, 273, 18, 41, 0, 0, 0.14%, 7, 0, 9, 55.76
1734728372, 273, 28, 41, 0, 0, 0.14%, 7, 0, 9, 72.03
1734728759, 273, 33, 41, 0, 0, 0.14%, 7, 0, 9, 64.55
1734728779, 274, 16, 41, 0, 0, 0.14%, 7, 0, 9, 57.26
1734728820, 275, 21, 41, 0, 0, 0.14%, 7, 0, 9, 57.43
1734728855, 276, 38, 41, 0, 0, 0.14%, 7, 0, 9, 63.27
1734728896, 279, 14, 41, 0, 0, 0.14%, 7, 0, 9, 57.57
1734728932, 279, 24, 41, 0, 0, 0.14%, 7, 0, 9, 60.46
1734728972, 280, 14, 41, 0, 0, 0.14%, 7, 0, 9, 56.23
1734729008, 281, 34, 41, 0, 0, 0.14%, 7, 0, 9, 56.49
1734729038, 281, 39, 41, 0, 0, 0.14%, 7, 0, 9, 71.39
1734729074, 282, 36, 41, 0, 0, 0.14%, 7, 0, 9, 62.11
1734729110, 283, 23, 41, 0, 0, 0.14%, 7, 0, 9, 58.04
1734729130, 283, 36, 41, 0, 0, 0.14%, 7, 0, 9, 61.97
1734729170, 285, 36, 41, 0, 0, 0.14%, 7, 0, 9, 63.21
1734729211, 286, 31, 41, 0, 0, 0.14%, 7, 0, 9, 59.98
1734729247, 287, 31, 41, 0, 0, 0.14%, 7, 0, 9, 60.79
1734729287, 290, 33, 41, 0, 0, 0.14%, 7, 0, 9, 57.01
1734729323, 291, 38, 41, 0, 0, 0.14%, 7, 0, 9, 60.36
1734729358, 292, 15, 41, 0, 0, 0.14%, 7, 0, 9, 60.75
1734729399, 293, 29, 41, 0, 0, 0.14%, 7, 0, 9, 58.51
1734729404, 294, 35, 41, 0, 0, 0.14%, 7, 0, 9, 60.32
1734729445, 298, 38, 41, 0, 0, 0.14%, 7, 0, 9, 61.00
1734729480, 300, 31, 41, 0, 0, 0.14%, 7, 0, 9, 55.02
1734729516, 302, 24, 41, 0, 0, 0.14%, 7, 0, 9, 62.34
1734729541, 303, 24, 41, 0, 0, 0.14%, 7, 0, 9, 60.29
1734729581, 304, 15, 41, 0, 0, 0.14%, 7, 0, 9, 65.19
1734729617, 305, 17, 41, 0, 0, 0.14%, 7, 0, 9, 59.55
1734729657, 306, 33, 41, 0, 0, 0.14%, 7, 0, 9, 62.10
1734729698, 306, 36, 41, 0, 0, 0.14%, 7, 0, 9, 63.79
1734729733, 309, 39, 41, 0, 0, 0.14%, 7, 0, 9, 56.28
1734729769, 310, 35, 41, 0, 0, 0.14%, 7, 0, 9, 71.95
1734729809, 311, 18, 41, 0, 0, 0.14%, 7, 0, 9, 52.30
1734729820, 313, 23, 41, 0, 0, 0.14%, 7, 0, 9, 55.28
1734729860, 321, 35, 41, 0, 0, 0.14%, 7, 0, 9, 55.81
1734729896, 322, 15, 41, 0, 0, 0.14%, 7, 0, 9, 56.72
1734729901, 322, 33, 41, 0, 0, 0.14%, 7, 0, 9, 57.29
1734729942, 325, 15, 41, 0, 0, 0.14%, 7, 0, 9, 61.10
1734729947, 328, 29, 41, 0, 0, 0.14%, 7, 0, 9, 61.57
1734729972, 331, 39, 41, 0, 0, 0.14%, 7, 0, 9, 57.30
1734730013, 333, 15, 41, 0, 0, 0.14%, 7, 0, 9, 60.76
1734730018, 333, 25, 41, 0, 0, 0.14%, 7, 0, 9, 57.79
1734730053, 336, 21, 41, 0, 0, 0.14%, 7, 0, 9, 59.84
1734730099, 336, 25, 41, 0, 0, 0.14%, 7, 0, 9, 59.81
1734730134, 336, 39, 41, 0, 0, 0.14%, 7, 0, 9, 65.94
1734730170, 340, 28, 41, 0, 0, 0.14%, 7, 0, 9, 64.49
1734730190, 341, 34, 41, 0, 0, 0.14%, 7, 0, 9, 67.90
1734730226, 343, 18, 41, 0, 0, 0.14%, 7, 0, 9, 50.63
1734730251, 343, 19, 41, 0, 0, 0.14%, 7, 0, 9, 67.02
1734730302, 346, 33, 41, 0, 0, 0.14%, 7, 0, 9, 62.68
1734730338, 352, 31, 41, 0, 0, 0.14%, 7, 0, 9, 55.89
1734730378, 356, 15, 41, 0, 0, 0.14%, 7, 0, 9, 64.15
1734730383, 356, 18, 41, 0, 0, 0.14%, 7, 0, 9, 57.63
1734730429, 357, 18, 41, 0, 0, 0.14%, 7, 0, 9, 54.04
1734730470, 362, 23, 41, 0, 0, 0.14%, 7, 0, 9, 53.20
1734730495, 367, 29, 41, 0, 0, 0.14%, 7, 0, 9, 62.25
1734730525, 369, 31, 41, 0, 0, 0.14%, 7, 0, 9, 64.15
1734730566, 372, 38, 41, 0, 0, 0.14%, 7, 0, 9, 57.01
1734730607, 374, 34, 41, 0, 0, 0.14%, 7, 0, 9, 74.04
1734730642, 376, 13, 41, 0, 0, 0.14%, 7, 0, 9, 58.34
1734730652, 376, 34, 41, 0, 0, 0.14%, 7, 0, 9, 63.94
1734730693, 379, 23, 41, 0, 0, 0.14%, 7, 0, 9, 56.17
1734730734, 380, 21, 41, 0, 0, 0.14%, 7, 0, 9, 57.71
1734730774, 381, 33, 41, 0, 0, 0.14%, 7, 0, 9, 60.89
1734730815, 384, 24, 41, 0, 0, 0.14%, 7, 0, 9, 57.77
1734730855, 384, 28, 41, 0, 0, 0.14%, 7, 0, 9, 67.61
1734730881, 384, 38, 41, 0, 0, 0.14%, 7, 0, 9, 63.25
1734730921, 390, 18, 41, 0, 0, 0.14%, 7, 0, 9, 58.04
1734730967, 391, 33, 41, 0, 0, 0.14%, 7, 0, 9, 68.19
1734731002, 394, 23, 41, 0, 0, 0.14%, 7, 0, 9, 52.68
1734731043, 394, 29, 41, 0, 0, 0.14%, 7, 0, 9, 58.67
1734731084, 394, 34, 41, 0, 0, 0.14%, 7, 0, 9, 68.28
1734731119, 400, 24, 41, 0, 0, 0.14%, 7, 0, 9, 59.91
1734731160, 405, 23, 41, 0, 0, 0.14%, 7, 0, 9, 57.03
1734731201, 406, 13, 41, 0, 0, 0.14%, 7, 0, 9, 59.77
1734731221, 407, 24, 41, 0, 0, 0.14%, 7, 0, 9, 59.85
1734731262, 410, 19, 41, 0, 0, 0.14%, 7, 0, 9, 55.45
1734731297, 415, 28, 41, 0, 0, 0.14%, 7, 0, 9, 64.23
1734731338, 424, 23, 41, 0, 0, 0.14%, 7, 0, 9, 56.45
1734731378, 429, 34, 41, 0, 0, 0.14%, 7, 0, 9, 58.99
1734731414, 445, 28, 41, 0, 0, 0.14%, 7, 0, 9, 69.18
1734731455, 450, 28, 41, 0, 0, 0.14%, 7, 0, 9, 77.70
1734731485, 452, 19, 41, 0, 0, 0.14%, 7, 0, 9, 65.07
1734731526, 457, 26, 41, 0, 0, 0.14%, 7, 0, 9, 56.77
1734732056, 460, 26, 41, 0, 0, 0.14%, 7, 0, 9, 65.37
1734732066, 461, 26, 41, 0, 0, 0.14%, 7, 0, 9, 68.26
1734732076, 462, 26, 41, 0, 0, 0.14%, 7, 0, 9, 61.60
1734732102, 477, 21, 41, 0, 0, 0.14%, 7, 0, 9, 67.04
1734732143, 481, 19, 41, 0, 0, 0.14%, 7, 0, 9, 55.63
1734732183, 486, 28, 41, 0, 0, 0.14%, 7, 0, 9, 67.24
1734732219, 489, 19, 41, 0, 0, 0.14%, 7, 0, 9, 53.94
1734732259, 501, 19, 41, 0, 0, 0.14%, 7, 0, 9, 55.55
1734732300, 507, 19, 41, 0, 0, 0.14%, 7, 0, 9, 52.97
1734732345, 511, 13, 41, 0, 0, 0.14%, 7, 0, 9, 58.13
1734732381, 518, 13, 41, 0, 0, 0.14%, 7, 0, 9, 60.43
1734732422, 520, 13, 41, 0, 0, 0.14%, 7, 0, 9, 58.87
1734732462, 528, 13, 41, 0, 0, 0.14%, 7, 0, 9, 59.96
1734732498, 534, 13, 41, 0, 0, 0.14%, 7, 0, 9, 59.22
1734732543, 545, 19, 41, 0, 0, 0.14%, 7, 0, 9, 53.12
1734732584, 548, 19, 41, 0, 0, 0.14%, 7, 0, 9, 54.88
1734732620, 562, 13, 41, 0, 0, 0.14%, 7, 0, 9, 62.19
1734732660, 598, 13, 41, 0, 0, 0.14%, 7, 0, 9, 61.45
1734732701, 15969, 0, 41, 0, 0, 0.14%, 7, 0, 9, 0.00
1734732706, 31687, 0, 41, 0, 0, 0.14%, 7, 0, 9, 0.00
1734732712, 47492, 0, 41, 0, 0, 0.14%, 7, 0, 9, 0.00
1734732717, 63198, 0, 41, 0, 0, 0.14%, 7, 0, 9, 0.00
1734732722, 78908, 0, 41, 0, 0, 0.14%, 7, 0, 9, 0.00
1734732727, 94582, 0, 41, 0, 0, 0.14%, 7, 0, 9, 0.00
1734732732, 110414, 0, 41, 0, 0, 0.14%, 7, 0, 9, 0.00
1734732738, 126075, 0, 41, 0, 0, 0.14%, 7, 0, 9, 0.00
1734732743, 141878, 0, 41, 0, 0, 0.14%, 7, 0, 9, 0.00
1734732748, 157580, 0, 41, 0, 0, 0.14%, 7, 0, 9, 0.00
1734732753, 173317, 0, 41, 0, 0, 0.14%, 7, 0, 9, 0.00
1734732758, 189020, 0, 41, 0, 0, 0.14%, 7, 0, 9, 0.00
1734732764, 204699, 0, 41, 0, 0, 0.14%, 7, 0, 9, 0.00
1734732769, 220500, 0, 41, 0, 0, 0.14%, 7, 0, 9, 0.00
1734732774, 236199, 0, 41, 0, 0, 0.14%, 7, 0, 9, 0.00
1734732779, 251924, 0, 41, 0, 0, 0.14%, 7, 0, 9, 0.00
1734732784, 267704, 0, 41, 0, 0, 0.14%, 7, 0, 9, 0.00
1734732790, 283480, 0, 41, 0, 0, 0.14%, 7, 0, 9, 0.00
1734732795, 299143, 0, 41, 0, 0, 0.14%, 7, 0, 9, 0.00
1734732800, 314936, 0, 41, 0, 0, 0.14%, 7, 0, 9, 0.00
1734732805, 330685, 0, 41, 0, 0, 0.14%, 7, 0, 9, 0.00
1734732810, 346475, 0, 41, 0, 0, 0.14%, 7, 0, 9, 0.00
1734732816, 362240, 0, 41, 0, 0, 0.14%, 7, 0, 9, 0.00
1734732821, 377932, 0, 41, 0, 0, 0.14%, 7, 0, 9, 0.00
1734732826, 393693, 0, 41, 0, 0, 0.14%, 7, 0, 9, 0.00
1734732831, 409418, 0, 41, 0, 0, 0.14%, 7, 0, 9, 0.00
1734732836, 425233, 0, 41, 0, 0, 0.14%, 7, 0, 9, 0.00
1734732842, 440992, 0, 41, 0, 0, 0.14%, 7, 0, 9, 0.00
1734732847, 456826, 0, 41, 0, 0, 0.14%, 7, 0, 9, 0.00
1734732852, 472522, 0, 41, 0, 0, 0.14%, 7, 0, 9, 0.00
1734732857, 488295, 0, 41, 0, 0, 0.14%, 7, 0, 9, 0.00
1734732862, 504021, 0, 41, 0, 0, 0.14%, 7, 0, 9, 0.00
1734732868, 519836, 0, 41, 0, 0, 0.14%, 7, 0, 9, 0.00
1734732873, 535551, 0, 41, 0, 0, 0.14%, 7, 0, 9, 0.00
1734732878, 551344, 0, 41, 0, 0, 0.14%, 7, 0, 9, 0.00
1734732883, 567036, 0, 41, 0, 0, 0.14%, 7, 0, 9, 0.00
1734732888, 582892, 0, 41, 0, 0, 0.14%, 7, 0, 9, 0.00
1734732894, 598624, 0, 41, 0, 0, 0.14%, 7, 0, 9, 0.00
1734732899, 614346, 0, 41, 0, 0, 0.14%, 7, 0, 9, 0.00
1734732904, 630101, 0, 41, 0, 0, 0.14%, 7, 0, 9, 0.00
1734732909, 645798, 0, 41, 0, 0, 0.14%, 7, 0, 9, 0.00
1734732914, 661476, 0, 41, 0, 0, 0.14%, 7, 0, 9, 0.00
1734732920, 677174, 0, 41, 0, 0, 0.14%, 7, 0, 9, 0.00
1734732925, 692957, 0, 41, 0, 0, 0.14%, 7, 0, 9, 0.00
1734732930, 708686, 0, 41, 0, 0, 0.14%, 7, 0, 9, 0.00
1734732935, 724493, 0, 41, 0, 0, 0.14%, 7, 0, 9, 0.00
1734732940, 740289, 0, 41, 0, 0, 0.14%, 7, 0, 9, 0.00
1734732946, 755979, 0, 41, 0, 0, 0.14%, 7, 0, 9, 0.00
1734732951, 771691, 0, 41, 0, 0, 0.14%, 7, 0, 9, 0.00
1734732956, 787418, 0, 41, 0, 0, 0.14%, 7, 0, 9, 0.00
1734732961, 803192, 0, 41, 0, 0, 0.14%, 7, 0, 9, 0.00
1734732966, 818962, 0, 41, 0, 0, 0.14%, 7, 0, 9, 0.00
1734732972, 834728, 0, 41, 0, 0, 0.14%, 7, 0, 9, 0.00
1734732977, 850538, 0, 41, 0, 0, 0.14%, 7, 0, 9, 0.00
1734732982, 866274, 0, 41, 0, 0, 0.14%, 7, 0, 9, 0.00
1734732987, 882078, 0, 41, 0, 0, 0.14%, 7, 0, 9, 0.00
1734732992, 897769, 0, 41, 0, 0, 0.14%, 7, 0, 9, 0.00
1734732998, 913568, 0, 41, 0, 0, 0.14%, 7, 0, 9, 0.00
1734733003, 929341, 0, 41, 0, 0, 0.14%, 7, 0, 9, 0.00
1734733008, 945118, 0, 41, 0, 0, 0.14%, 7, 0, 9, 0.00
1734733013, 960841, 0, 41, 0, 0, 0.14%, 7, 0, 9, 0.00
1734733018, 976610, 0, 41, 0, 0, 0.14%, 7, 0, 9, 0.00
1734733024, 992447, 0, 41, 0, 0, 0.14%, 7, 0, 9, 0.00
1734733029, 1008185, 0, 41, 0, 0, 0.14%, 7, 0, 9, 0.00
1734733034, 1024000, 0, 41, 0, 0, 0.14%, 7, 0, 9, 0.00
1734733039, 1039704, 0, 41, 0, 0, 0.14%, 7, 0, 9, 0.00
1734733044, 1055532, 0, 41, 0, 0, 0.14%, 7, 0, 9, 0.00
1734733050, 1071323, 0, 41, 0, 0, 0.14%, 7, 0, 9, 0.00
1734733055, 1087091, 0, 41, 0, 0, 0.14%, 7, 0, 9, 0.00
1734733060, 1102810, 0, 41, 0, 0, 0.14%, 7, 0, 9, 0.00
1734733065, 1118559, 0, 41, 0, 0, 0.14%, 7, 0, 9, 0.00
1734733070, 1134267, 0, 41, 0, 0, 0.14%, 7, 0, 9, 0.00
1734733076, 1150001, 0, 41, 0, 0, 0.14%, 7, 0, 9, 0.00
1734733081, 1165775, 0, 41, 0, 0, 0.14%, 7, 0, 9, 0.00
1734733086, 1181534, 0, 41, 0, 0, 0.14%, 7, 0, 9, 0.00
1734733091, 1197283, 0, 41, 0, 0, 0.14%, 7, 0, 9, 0.00
1734733096, 1213039, 0, 41, 0, 0, 0.14%, 7, 0, 9, 0.00
1734733102, 1228794, 0, 41, 0, 0, 0.14%, 7, 0, 9, 0.00
1734733107, 1244566, 0, 41, 0, 0, 0.14%, 7, 0, 9, 0.00
1734733112, 1260381, 0, 41, 0, 0, 0.14%, 7, 0, 9, 0.00
1734733117, 1276205, 0, 41, 0, 0, 0.14%, 7, 0, 9, 0.00
1734733122, 1292051, 0, 41, 0, 0, 0.14%, 7, 0, 9, 0.00
1734733128, 1307819, 0, 41, 0, 0, 0.14%, 7, 0, 9, 0.00
1734733133, 1323564, 0, 41, 0, 0, 0.14%, 7, 0, 9, 0.00
1734733138, 1339381, 0, 41, 0, 0, 0.14%, 7, 0, 9, 0.00
1734733143, 1355121, 0, 41, 0, 0, 0.14%, 7, 0, 9, 0.00
1734733148, 1370935, 0, 41, 0, 0, 0.14%, 7, 0, 9, 0.00
1734733154, 1386715, 0, 41, 0, 0, 0.14%, 7, 0, 9, 0.00
1734733159, 1402426, 0, 41, 0, 0, 0.14%, 7, 0, 9, 0.00
1734733164, 1418245, 0, 41, 0, 0, 0.14%, 7, 0, 9, 0.00
1734733169, 1433992, 0, 41, 0, 0, 0.14%, 7, 0, 9, 0.00
1734733174, 1449743, 0, 41, 0, 0, 0.14%, 7, 0, 9, 0.00
1734733180, 1465551, 0, 41, 0, 0, 0.14%, 7, 0, 9, 0.00
1734733185, 1481269, 0, 41, 0, 0, 0.14%, 7, 0, 9, 0.00
1734733190, 1496988, 0, 41, 0, 0, 0.14%, 7, 0, 9, 0.00
1734733195, 1512727, 0, 41, 0, 0, 0.14%, 7, 0, 9, 0.00
1734733200, 1528511, 0, 41, 0, 0, 0.14%, 7, 0, 9, 0.00
1734733206, 1544328, 0, 41, 0, 0, 0.14%, 7, 0, 9, 0.00
1734733211, 1560027, 0, 41, 0, 0, 0.14%, 7, 0, 9, 0.00
1734733216, 1575763, 0, 41, 0, 0, 0.14%, 7, 0, 9, 0.00
1734733221, 1591520, 0, 41, 0, 0, 0.14%, 7, 0, 9, 0.00
1734733226, 1607274, 0, 41, 0, 0, 0.14%, 7, 0, 9, 0.00
1734733232, 1623047, 0, 41, 0, 0, 0.14%, 7, 0, 9, 0.00
1734733237, 1638852, 0, 41, 0, 0, 0.14%, 7, 0, 9, 0.00
1734733242, 1654630, 0, 41, 0, 0, 0.14%, 7, 0, 9, 0.00
1734733247, 1670417, 0, 41, 0, 0, 0.14%, 7, 0, 9, 0.00
1734733252, 1686129, 0, 41, 0, 0, 0.14%, 7, 0, 9, 0.00
1734733258, 1701931, 0, 41, 0, 0, 0.14%, 7, 0, 9, 0.00
1734733263, 1717710, 0, 41, 0, 0, 0.14%, 7, 0, 9, 0.00
1734733268, 1733420, 0, 41, 0, 0, 0.14%, 7, 0, 9, 0.00
1734733273, 1749240, 0, 41, 0, 0, 0.14%, 7, 0, 9, 0.00
1734733278, 1765007, 0, 41, 0, 0, 0.14%, 7, 0, 9, 0.00
1734733284, 1780730, 0, 41, 0, 0, 0.14%, 7, 0, 9, 0.00
1734733289, 1796486, 0, 41, 0, 0, 0.14%, 7, 0, 9, 0.00
1734733294, 1812202, 0, 41, 0, 0, 0.14%, 7, 0, 9, 0.00
1734733299, 1827978, 0, 41, 0, 0, 0.14%, 7, 0, 9, 0.00
1734733304, 1843718, 0, 41, 0, 0, 0.14%, 7, 0, 9, 0.00
1734733310, 1859455, 0, 41, 0, 0, 0.14%, 7, 0, 9, 0.00
1734733315, 1875274, 0, 41, 0, 0, 0.14%, 7, 0, 9, 0.00
1734733320, 1891123, 0, 41, 0, 0, 0.14%, 7, 0, 9, 0.00
1734733325, 1906887, 0, 41, 0, 0, 0.14%, 7, 0, 9, 0.00
1734733330, 1922680, 0, 41, 0, 0, 0.14%, 7, 0, 9, 0.00
1734733336, 1938458, 0, 41, 0, 0, 0.14%, 7, 0, 9, 0.00
1734733341, 1954166, 0, 41, 0, 0, 0.14%, 7, 0, 9, 0.00
1734733346, 1969917, 0, 41, 0, 0, 0.14%, 7, 0, 9, 0.00
1734733351, 1985584, 0, 41, 0, 0, 0.14%, 7, 0, 9, 0.00
1734733356, 2001316, 0, 41, 0, 0, 0.14%, 7, 0, 9, 0.00
1734733362, 2017086, 0, 41, 0, 0, 0.14%, 7, 0, 9, 0.00
1734733367, 2032812, 0, 41, 0, 0, 0.14%, 7, 0, 9, 0.00
1734733372, 2048638, 0, 41, 0, 0, 0.14%, 7, 0, 9, 0.00
1734733377, 2064347, 0, 41, 0, 0, 0.14%, 7, 0, 9, 0.00
1734733382, 2080132, 0, 41, 0, 0, 0.14%, 7, 0, 9, 0.00
1734733388, 2095946, 0, 41, 0, 0, 0.14%, 7, 0, 9, 0.00
1734733393, 2111763, 0, 41, 0, 0, 0.14%, 7, 0, 9, 0.00
1734733398, 2127550, 0, 41, 0, 0, 0.14%, 7, 0, 9, 0.00
1734733403, 2143346, 0, 41, 0, 0, 0.14%, 7, 0, 9, 0.00
1734733408, 2159033, 0, 41, 0, 0, 0.14%, 7, 0, 9, 0.00
1734733414, 2174822, 0, 41, 0, 0, 0.14%, 7, 0, 9, 0.00
1734733419, 2190606, 0, 41, 0, 0, 0.14%, 7, 0, 9, 0.00
1734733424, 2206415, 0, 41, 0, 0, 0.14%, 7, 0, 9, 0.00
1734733429, 2222257, 0, 41, 0, 0, 0.14%, 7, 0, 9, 0.00
1734733434, 2237968, 0, 41, 0, 0, 0.14%, 7, 0, 9, 0.00
1734733440, 2253679, 0, 41, 0, 0, 0.14%, 7, 0, 9, 0.00
1734733445, 2269397, 0, 41, 0, 0, 0.14%, 7, 0, 9, 0.00
1734733450, 2285183, 0, 41, 0, 0, 0.14%, 7, 0, 9, 0.00
1734733455, 2300950, 0, 41, 0, 0, 0.14%, 7, 0, 9, 0.00
1734733460, 2316713, 0, 41, 0, 0, 0.14%, 7, 0, 9, 0.00
1734733466, 2332550, 0, 41, 0, 0, 0.14%, 7, 0, 9, 0.00
1734733471, 2348283, 0, 41, 0, 0, 0.14%, 7, 0, 9, 0.00
1734733476, 2364040, 0, 41, 0, 0, 0.14%, 7, 0, 9, 0.00
1734733481, 2379756, 0, 41, 0, 0, 0.14%, 7, 0, 9, 0.00
1734733486, 2395517, 0, 41, 0, 0, 0.14%, 7, 0, 9, 0.00
1734733492, 2411180, 0, 41, 0, 0, 0.14%, 7, 0, 9, 0.00
1734733497, 2426962, 0, 41, 0, 0, 0.14%, 7, 0, 9, 0.00
1734733502, 2442644, 0, 41, 0, 0, 0.14%, 7, 0, 9, 0.00
1734733507, 2458411, 0, 41, 0, 0, 0.14%, 7, 0, 9, 0.00
1734733512, 2474124, 0, 41, 0, 0, 0.14%, 7, 0, 9, 0.00
1734733518, 2489843, 0, 41, 0, 0, 0.14%, 7, 0, 9, 0.00
1734733523, 2505685, 0, 41, 0, 0, 0.14%, 7, 0, 9, 0.00
1734733528, 2521497, 0, 41, 0, 0, 0.14%, 7, 0, 9, 0.00
1734733533, 2537155, 0, 41, 0, 0, 0.14%, 7, 0, 9, 0.00
1734733538, 2552869, 0, 41, 0, 0, 0.14%, 7, 0, 9, 0.00
1734733544, 2568621, 0, 41, 0, 0, 0.14%, 7, 0, 9, 0.00
1734733549, 2584327, 0, 41, 0, 0, 0.14%, 7, 0, 9, 0.00
1734733554, 2600132, 0, 41, 0, 0, 0.14%, 7, 0, 9, 0.00
1734733559, 2615936, 0, 41, 0, 0, 0.14%, 7, 0, 9, 0.00
1734733564, 2631663, 0, 41, 0, 0, 0.14%, 7, 0, 9, 0.00
1734733570, 2647404, 0, 41, 0, 0, 0.14%, 7, 0, 9, 0.00
1734733575, 2663166, 0, 41, 0, 0, 0.14%, 7, 0, 9, 0.00
1734733580, 2678868, 0, 41, 0, 0, 0.14%, 7, 0, 9, 0.00
1734733585, 2694650, 0, 41, 0, 0, 0.14%, 7, 0, 9, 0.00
1734733590, 2710457, 0, 41, 0, 0, 0.14%, 7, 0, 9, 0.00
1734733596, 2726161, 0, 41, 0, 0, 0.14%, 7, 0, 9, 0.00
1734733601, 2741922, 0, 41, 0, 0, 0.14%, 7, 0, 9, 0.00
1734733606, 2757675, 0, 41, 0, 0, 0.14%, 7, 0, 9, 0.00
1734733611, 2773440, 0, 41, 0, 0, 0.14%, 7, 0, 9, 0.00
1734733616, 2789218, 0, 41, 0, 0, 0.14%, 7, 0, 9, 0.00
1734733622, 2804978, 0, 41, 0, 0, 0.14%, 7, 0, 9, 0.00
1734733627, 2820807, 0, 41, 0, 0, 0.14%, 7, 0, 9, 0.00
1734733632, 2836572, 0, 41, 0, 0, 0.14%, 7, 0, 9, 0.00
1734733637, 2852263, 0, 41, 0, 0, 0.14%, 7, 0, 9, 0.00
1734733642, 2867983, 0, 41, 0, 0, 0.14%, 7, 0, 9, 0.00
1734733648, 2883701, 0, 41, 0, 0, 0.14%, 7, 0, 9, 0.00
1734733653, 2899503, 0, 41, 0, 0, 0.14%, 7, 0, 9, 0.00
1734733658, 2915246, 0, 41, 0, 0, 0.14%, 7, 0, 9, 0.00
1734733663, 2930972, 0, 41, 0, 0, 0.14%, 7, 0, 9, 0.00
1734733668, 2946774, 0, 41, 0, 0, 0.14%, 7, 0, 9, 0.00
1734733674, 2962586, 0, 41, 0, 0, 0.14%, 7, 0, 9, 0.00
1734733679, 2978330, 0, 41, 0, 0, 0.14%, 7, 0, 9, 0.00
1734733684, 2994113, 0, 41, 0, 0, 0.14%, 7, 0, 9, 0.00
1734733689, 3009947, 0, 41, 0, 0, 0.14%, 7, 0, 9, 0.00
1734733694, 3025643, 0, 41, 0, 0, 0.14%, 7, 0, 9, 0.00
1734733700, 3041400, 0, 41, 0, 0, 0.14%, 7, 0, 9, 0.00
1734733705, 3057118, 0, 41, 0, 0, 0.14%, 7, 0, 9, 0.00
1734733710, 3072886, 0, 41, 0, 0, 0.14%, 7, 0, 9, 0.00
1734733715, 3088663, 0, 41, 0, 0, 0.14%, 7, 0, 9, 0.00
1734733720, 3104425, 0, 41, 0, 0, 0.14%, 7, 0, 9, 0.00
1734733726, 3120220, 0, 41, 0, 0, 0.14%, 7, 0, 9, 0.00
1734733731, 3135990, 0, 41, 0, 0, 0.14%, 7, 0, 9, 0.00
1734733736, 3151705, 0, 41, 0, 0, 0.14%, 7, 0, 9, 0.00
1734733741, 3167421, 0, 41, 0, 0, 0.14%, 7, 0, 9, 0.00
1734733746, 3183172, 0, 41, 0, 0, 0.14%, 7, 0, 9, 0.00
1734733752, 3198924, 0, 41, 0, 0, 0.14%, 7, 0, 9, 0.00
1734733757, 3214663, 0, 41, 0, 0, 0.14%, 7, 0, 9, 0.00
1734733762, 3230348, 0, 41, 0, 0, 0.14%, 7, 0, 9, 0.00
1734733767, 3246099, 0, 41, 0, 0, 0.14%, 7, 0, 9, 0.00
1734733772, 3261906, 0, 41, 0, 0, 0.14%, 7, 0, 9, 0.00
1734733778, 3277578, 0, 41, 0, 0, 0.14%, 7, 0, 9, 0.00
1734733783, 3293311, 0, 41, 0, 0, 0.14%, 7, 0, 9, 0.00
1734733788, 3309141, 0, 41, 0, 0, 0.14%, 7, 0, 9, 0.00
1734733793, 3324933, 0, 41, 0, 0, 0.14%, 7, 0, 9, 0.00
1734733798, 3340602, 0, 41, 0, 0, 0.14%, 7, 0, 9, 0.00
1734733804, 3356337, 0, 41, 0, 0, 0.14%, 7, 0, 9, 0.00
1734733809, 3372054, 0, 41, 0, 0, 0.14%, 7, 0, 9, 0.00
1734733814, 3387792, 0, 41, 0, 0, 0.14%, 7, 0, 9, 0.00
1734733819, 3403529, 0, 41, 0, 0, 0.14%, 7, 0, 9, 0.00
1734733824, 3419301, 0, 41, 0, 0, 0.14%, 7, 0, 9, 0.00
1734733830, 3435082, 0, 41, 0, 0, 0.14%, 7, 0, 9, 0.00
1734733835, 3450809, 0, 41, 0, 0, 0.14%, 7, 0, 9, 0.00
1734733840, 3466604, 0, 41, 0, 0, 0.14%, 7, 0, 9, 0.00
1734733845, 3482343, 0, 41, 0, 0, 0.14%, 7, 0, 9, 0.00
1734733850, 3498075, 0, 41, 0, 0, 0.14%, 7, 0, 9, 0.00
1734733856, 3513872, 0, 41, 0, 0, 0.14%, 7, 0, 9, 0.00
1734733861, 3529636, 0, 41, 0, 0, 0.14%, 7, 0, 9, 0.00
1734733866, 3545450, 0, 41, 0, 0, 0.14%, 7, 0, 9, 0.00
1734733871, 3561179, 0, 41, 0, 0, 0.14%, 7, 0, 9, 0.00
1734733876, 3576908, 0, 41, 0, 0, 0.14%, 7, 0, 9, 0.00
1734733882, 3592702, 0, 41, 0, 0, 0.14%, 7, 0, 9, 0.00
1734733887, 3608406, 0, 41, 0, 0, 0.14%, 7, 0, 9, 0.00
1734733892, 3624197, 0, 41, 0, 0, 0.14%, 7, 0, 9, 0.00
1734733897, 3639981, 0, 41, 0, 0, 0.14%, 7, 0, 9, 0.00
1734733902, 3655703, 0, 41, 0, 0, 0.14%, 7, 0, 9, 0.00
1734733908, 3671510, 0, 41, 0, 0, 0.14%, 7, 0, 9, 0.00
1734733913, 3687277, 0, 41, 0, 0, 0.14%, 7, 0, 9, 0.00
1734733918, 3703152, 0, 41, 0, 0, 0.14%, 7, 0, 9, 0.00
1734733923, 3718916, 0, 41, 0, 0, 0.14%, 7, 0, 9, 0.00
1734733928, 3734633, 0, 41, 0, 0, 0.14%, 7, 0, 9, 0.00
1734733934, 3750398, 0, 41, 0, 0, 0.14%, 7, 0, 9, 0.00
1734733939, 3766170, 0, 41, 0, 0, 0.14%, 7, 0, 9, 0.00
1734733944, 3781893, 0, 41, 0, 0, 0.14%, 7, 0, 9, 0.00
1734733949, 3797622, 0, 41, 0, 0, 0.14%, 7, 0, 9, 0.00
1734733954, 3813379, 0, 41, 0, 0, 0.14%, 7, 0, 9, 0.00
1734733960, 3829079, 0, 41, 0, 0, 0.14%, 7, 0, 9, 0.00
1734733965, 3844812, 0, 41, 0, 0, 0.14%, 7, 0, 9, 0.00
1734733970, 3860554, 0, 41, 0, 0, 0.14%, 7, 0, 9, 0.00
1734733975, 3876288, 0, 41, 0, 0, 0.14%, 7, 0, 9, 0.00
1734733980, 3892015, 0, 41, 0, 0, 0.14%, 7, 0, 9, 0.00
1734733986, 3907751, 0, 41, 0, 0, 0.14%, 7, 0, 9, 0.00
1734733991, 3923432, 0, 41, 0, 0, 0.14%, 7, 0, 9, 0.00
1734733996, 3939249, 0, 41, 0, 0, 0.14%, 7, 0, 9, 0.00
1734734001, 3954998, 0, 41, 0, 0, 0.14%, 7, 0, 9, 0.00
1734734006, 3970788, 0, 41, 0, 0, 0.14%, 7, 0, 9, 0.00
1734734012, 3986507, 0, 41, 0, 0, 0.14%, 7, 0, 9, 0.00
1734734017, 4002279, 0, 41, 0, 0, 0.14%, 7, 0, 9, 0.00
1734734022, 4018050, 0, 41, 0, 0, 0.14%, 7, 0, 9, 0.00
1734734027, 4033820, 0, 41, 0, 0, 0.14%, 7, 0, 9, 0.00
1734734032, 4049533, 0, 41, 0, 0, 0.14%, 7, 0, 9, 0.00
1734734038, 4065332, 0, 41, 0, 0, 0.14%, 7, 0, 9, 0.00
1734734043, 4081142, 0, 41, 0, 0, 0.14%, 7, 0, 9, 0.00
1734734048, 4096887, 0, 41, 0, 0, 0.14%, 7, 0, 9, 0.00
1734734053, 4112668, 0, 41, 0, 0, 0.14%, 7, 0, 9, 0.00
1734734058, 4128329, 0, 41, 0, 0, 0.14%, 7, 0, 9, 0.00
1734734064, 4144131, 0, 41, 0, 0, 0.14%, 7, 0, 9, 0.00
1734734069, 4159957, 0, 41, 0, 0, 0.14%, 7, 0, 9, 0.00
1734734074, 4175700, 0, 41, 0, 0, 0.14%, 7, 0, 9, 0.00
1734734079, 4191456, 0, 41, 0, 0, 0.14%, 7, 0, 9, 0.00
1734734084, 4207278, 0, 41, 0, 0, 0.14%, 7, 0, 9, 0.00
1734734090, 4223025, 0, 41, 0, 0, 0.14%, 7, 0, 9, 0.00
1734734095, 4238781, 0, 41, 0, 0, 0.14%, 7, 0, 9, 0.00
1734734100, 4254559, 0, 41, 0, 0, 0.14%, 7, 0, 9, 0.00
1734734105, 4270295, 0, 41, 0, 0, 0.14%, 7, 0, 9, 0.00
1734734110, 4286010, 0, 41, 0, 0, 0.14%, 7, 0, 9, 0.00
1734734116, 4301705, 0, 41, 0, 0, 0.14%, 7, 0, 9, 0.00
1734734121, 4317423, 0, 41, 0, 0, 0.14%, 7, 0, 9, 0.00
1734734126, 4333147, 0, 41, 0, 0, 0.14%, 7, 0, 9, 0.00
1734734131, 4348909, 0, 41, 0, 0, 0.14%, 7, 0, 9, 0.00
1734734136, 4364634, 0, 41, 0, 0, 0.14%, 7, 0, 9, 0.00
1734734142, 4380509, 0, 41, 0, 0, 0.14%, 7, 0, 9, 0.00
1734734147, 4396272, 0, 41, 0, 0, 0.14%, 7, 0, 9, 0.00
1734734152, 4412034, 0, 41, 0, 0, 0.14%, 7, 0, 9, 0.00
1734734157, 4427797, 0, 41, 0, 0, 0.14%, 7, 0, 9, 0.00
1734734162, 4443545, 0, 41, 0, 0, 0.14%, 7, 0, 9, 0.00
1734734168, 4459286, 0, 41, 0, 0, 0.14%, 7, 0, 9, 0.00
1734734173, 4475030, 0, 41, 0, 0, 0.14%, 7, 0, 9, 0.00
1734734178, 4490799, 0, 41, 0, 0, 0.14%, 7, 0, 9, 0.00
1734734183, 4506542, 0, 41, 0, 0, 0.14%, 7, 0, 9, 0.00
1734734188, 4522301, 0, 41, 0, 0, 0.14%, 7, 0, 9, 0.00
1734734194, 4538020, 0, 41, 0, 0, 0.14%, 7, 0, 9, 0.00
1734734199, 4553827, 0, 41, 0, 0, 0.14%, 7, 0, 9, 0.00
1734734204, 4569640, 0, 41, 0, 0, 0.14%, 7, 0, 9, 0.00
1734734209, 4585335, 0, 41, 0, 0, 0.14%, 7, 0, 9, 0.00
1734734214, 4601133, 0, 41, 0, 0, 0.14%, 7, 0, 9, 0.00
1734734220, 4616882, 0, 41, 0, 0, 0.14%, 7, 0, 9, 0.00
1734734225, 4632647, 0, 41, 0, 0, 0.14%, 7, 0, 9, 0.00
1734734230, 4648368, 0, 41, 0, 0, 0.14%, 7, 0, 9, 0.00
1734734235, 4664090, 0, 41, 0, 0, 0.14%, 7, 0, 9, 0.00
1734734240, 4679775, 0, 41, 0, 0, 0.14%, 7, 0, 9, 0.00
1734734246, 4695570, 0, 41, 0, 0, 0.14%, 7, 0, 9, 0.00
1734734251, 4711371, 0, 41, 0, 0, 0.14%, 7, 0, 9, 0.00
1734734256, 4727097, 0, 41, 0, 0, 0.14%, 7, 0, 9, 0.00
1734734261, 4742827, 0, 41, 0, 0, 0.14%, 7, 0, 9, 0.00
1734734266, 4758577, 0, 41, 0, 0, 0.14%, 7, 0, 9, 0.00
1734734272, 4774358, 0, 41, 0, 0, 0.14%, 7, 0, 9, 0.00
1734734277, 4790146, 0, 41, 0, 0, 0.14%, 7, 0, 9, 0.00
1734734282, 4805854, 0, 41, 0, 0, 0.14%, 7, 0, 9, 0.00
1734734287, 4821695, 0, 41, 0, 0, 0.14%, 7, 0, 9, 0.00
1734734292, 4837484, 0, 41, 0, 0, 0.14%, 7, 0, 9, 0.00
1734734298, 4853226, 0, 41, 0, 0, 0.14%, 7, 0, 9, 0.00
1734734303, 4868955, 0, 41, 0, 0, 0.14%, 7, 0, 9, 0.00
1734734308, 4884722, 0, 41, 0, 0, 0.14%, 7, 0, 9, 0.00
1734734313, 4900571, 0, 41, 0, 0, 0.14%, 7, 0, 9, 0.00
1734734318, 4916289, 0, 41, 0, 0, 0.14%, 7, 0, 9, 0.00
1734734324, 4932096, 0, 41, 0, 0, 0.14%, 7, 0, 9, 0.00
1734734329, 4947922, 0, 41, 0, 0, 0.14%, 7, 0, 9, 0.00
1734734334, 4963750, 0, 41, 0, 0, 0.14%, 7, 0, 9, 0.00
1734734339, 4979521, 0, 41, 0, 0, 0.14%, 7, 0, 9, 0.00
1734734344, 4995287, 0, 41, 0, 0, 0.14%, 7, 0, 9, 0.00
1734734350, 5011035, 0, 41, 0, 0, 0.14%, 7, 0, 9, 0.00
1734734355, 5026785, 0, 41, 0, 0, 0.14%, 7, 0, 9, 0.00
1734734360, 5042556, 0, 41, 0, 0, 0.14%, 7, 0, 9, 0.00
1734734365, 5058310, 0, 41, 0, 0, 0.14%, 7, 0, 9, 0.00
1734734370, 5074046, 0, 41, 0, 0, 0.14%, 7, 0, 9, 0.00
1734734376, 5089880, 0, 41, 0, 0, 0.14%, 7, 0, 9, 0.00
1734734381, 5105627, 0, 41, 0, 0, 0.14%, 7, 0, 9, 0.00
1734734386, 5121375, 0, 41, 0, 0, 0.14%, 7, 0, 9, 0.00
1734734391, 5137116, 0, 41, 0, 0, 0.14%, 7, 0, 9, 0.00
1734734396, 5152923, 0, 41, 0, 0, 0.14%, 7, 0, 9, 0.00
1734734402, 5168679, 0, 41, 0, 0, 0.14%, 7, 0, 9, 0.00
1734734407, 5184469, 0, 41, 0, 0, 0.14%, 7, 0, 9, 0.00
1734734412, 5200243, 0, 41, 0, 0, 0.14%, 7, 0, 9, 0.00
1734734417, 5215991, 0, 41, 0, 0, 0.14%, 7, 0, 9, 0.00
1734734422, 5231810, 0, 41, 0, 0, 0.14%, 7, 0, 9, 0.00
1734734428, 5247634, 0, 41, 0, 0, 0.14%, 7, 0, 9, 0.00
1734734433, 5263435, 0, 41, 0, 0, 0.14%, 7, 0, 9, 0.00
1734734438, 5279240, 0, 41, 0, 0, 0.14%, 7, 0, 9, 0.00
1734734443, 5295076, 0, 41, 0, 0, 0.14%, 7, 0, 9, 0.00
1734734448, 5310837, 0, 41, 0, 0, 0.14%, 7, 0, 9, 0.00
1734734454, 5326594, 0, 41, 0, 0, 0.14%, 7, 0, 9, 0.00
1734734459, 5342353, 0, 41, 0, 0, 0.14%, 7, 0, 9, 0.00
1734734464, 5358092, 0, 41, 0, 0, 0.14%, 7, 0, 9, 0.00
1734734469, 5373910, 0, 41, 0, 0, 0.14%, 7, 0, 9, 0.00
1734734474, 5389600, 0, 41, 0, 0, 0.14%, 7, 0, 9, 0.00
1734734480, 5405394, 0, 41, 0, 0, 0.14%, 7, 0, 9, 0.00
1734734485, 5421085, 0, 41, 0, 0, 0.14%, 7, 0, 9, 0.00
1734734490, 5436845, 0, 41, 0, 0, 0.14%, 7, 0, 9, 0.00
1734734495, 5452585, 0, 41, 0, 0, 0.14%, 7, 0, 9, 0.00
1734734500, 5468359, 0, 41, 0, 0, 0.14%, 7, 0, 9, 0.00
1734734506, 5484112, 0, 41, 0, 0, 0.14%, 7, 0, 9, 0.00
1734734511, 5499939, 0, 41, 0, 0, 0.14%, 7, 0, 9, 0.00
1734734516, 5515661, 0, 41, 0, 0, 0.14%, 7, 0, 9, 0.00
1734734521, 5531417, 0, 41, 0, 0, 0.14%, 7, 0, 9, 0.00
1734734526, 5547140, 0, 41, 0, 0, 0.14%, 7, 0, 9, 0.00
1734734532, 5562831, 0, 41, 0, 0, 0.14%, 7, 0, 9, 0.00
1734734537, 5578550, 0, 41, 0, 0, 0.14%, 7, 0, 9, 0.00
1734734542, 5594320, 0, 41, 0, 0, 0.14%, 7, 0, 9, 0.00
1734734547, 5610066, 0, 41, 0, 0, 0.14%, 7, 0, 9, 0.00
1734734552, 5625804, 0, 41, 0, 0, 0.14%, 7, 0, 9, 0.00
1734734558, 5641538, 0, 41, 0, 0, 0.14%, 7, 0, 9, 0.00
1734734563, 5657266, 0, 41, 0, 0, 0.14%, 7, 0, 9, 0.00
1734734568, 5672968, 0, 41, 0, 0, 0.14%, 7, 0, 9, 0.00
1734734573, 5688711, 0, 41, 0, 0, 0.14%, 7, 0, 9, 0.00
1734734578, 5704524, 0, 41, 0, 0, 0.14%, 7, 0, 9, 0.00
1734734584, 5720255, 0, 41, 0, 0, 0.14%, 7, 0, 9, 0.00
1734734589, 5736005, 0, 41, 0, 0, 0.14%, 7, 0, 9, 0.00
1734734594, 5751748, 0, 41, 0, 0, 0.14%, 7, 0, 9, 0.00
1734734599, 5767523, 0, 41, 0, 0, 0.14%, 7, 0, 9, 0.00
1734734604, 5783250, 0, 41, 0, 0, 0.14%, 7, 0, 9, 0.00
1734734610, 5799004, 0, 41, 0, 0, 0.14%, 7, 0, 9, 0.00
1734734615, 5814772, 0, 41, 0, 0, 0.14%, 7, 0, 9, 0.00
1734734620, 5830625, 0, 41, 0, 0, 0.14%, 7, 0, 9, 0.00
1734734625, 5846394, 0, 41, 0, 0, 0.14%, 7, 0, 9, 0.00
1734734630, 5862180, 0, 41, 0, 0, 0.14%, 7, 0, 9, 0.00
1734734636, 5877885, 0, 41, 0, 0, 0.14%, 7, 0, 9, 0.00
1734734641, 5893632, 0, 41, 0, 0, 0.14%, 7, 0, 9, 0.00
1734734646, 5909298, 0, 41, 0, 0, 0.14%, 7, 0, 9, 0.00
1734734651, 5924988, 0, 41, 0, 0, 0.14%, 7, 0, 9, 0.00
1734734656, 5940670, 0, 41, 0, 0, 0.14%, 7, 0, 9, 0.00
1734734662, 5956450, 0, 41, 0, 0, 0.14%, 7, 0, 9, 0.00
1734734667, 5972217, 0, 41, 0, 0, 0.14%, 7, 0, 9, 0.00
1734734672, 5988043, 0, 41, 0, 0, 0.14%, 7, 0, 9, 0.00
1734734677, 6003699, 0, 41, 0, 0, 0.14%, 7, 0, 9, 0.00
1734734682, 6019501, 0, 41, 0, 0, 0.14%, 7, 0, 9, 0.00
1734734688, 6035293, 0, 41, 0, 0, 0.14%, 7, 0, 9, 0.00
1734734693, 6051100, 0, 41, 0, 0, 0.14%, 7, 0, 9, 0.00
1734734698, 6066844, 0, 41, 0, 0, 0.14%, 7, 0, 9, 0.00
1734734703, 6082608, 0, 41, 0, 0, 0.14%, 7, 0, 9, 0.00
1734734708, 6098359, 0, 41, 0, 0, 0.14%, 7, 0, 9, 0.00
1734734714, 6114112, 0, 41, 0, 0, 0.14%, 7, 0, 9, 0.00
1734734719, 6129815, 0, 41, 0, 0, 0.14%, 7, 0, 9, 0.00
1734734724, 6145617, 0, 41, 0, 0, 0.14%, 7, 0, 9, 0.00
1734734729, 6161351, 0, 41, 0, 0, 0.14%, 7, 0, 9, 0.00
1734734734, 6177115, 0, 41, 0, 0, 0.14%, 7, 0, 9, 0.00
1734734740, 6192874, 0, 41, 0, 0, 0.14%, 7, 0, 9, 0.00
1734734745, 6208652, 0, 41, 0, 0, 0.14%, 7, 0, 9, 0.00
1734734750, 6224433, 0, 41, 0, 0, 0.14%, 7, 0, 9, 0.00
1734734755, 6240169, 0, 41, 0, 0, 0.14%, 7, 0, 9, 0.00
1734734760, 6255903, 0, 41, 0, 0, 0.14%, 7, 0, 9, 0.00
1734734766, 6271626, 0, 41, 0, 0, 0.14%, 7, 0, 9, 0.00
1734734771, 6287382, 0, 41, 0, 0, 0.14%, 7, 0, 9, 0.00
1734734776, 6303116, 0, 41, 0, 0, 0.14%, 7, 0, 9, 0.00
1734734781, 6318868, 0, 41, 0, 0, 0.14%, 7, 0, 9, 0.00
1734734786, 6334581, 0, 41, 0, 0, 0.14%, 7, 0, 9, 0.00
1734734792, 6350383, 0, 41, 0, 0, 0.14%, 7, 0, 9, 0.00
1734734797, 6366179, 0, 41, 0, 0, 0.14%, 7, 0, 9, 0.00
1734734802, 6381951, 0, 41, 0, 0, 0.14%, 7, 0, 9, 0.00
1734734807, 6397651, 0, 41, 0, 0, 0.14%, 7, 0, 9, 0.00
1734734812, 6413338, 0, 41, 0, 0, 0.14%, 7, 0, 9, 0.00
1734734818, 6429102, 0, 41, 0, 0, 0.14%, 7, 0, 9, 0.00
1734734823, 6444785, 0, 41, 0, 0, 0.14%, 7, 0, 9, 0.00
1734734828, 6460541, 0, 41, 0, 0, 0.14%, 7, 0, 9, 0.00
1734734833, 6476244, 0, 41, 0, 0, 0.14%, 7, 0, 9, 0.00
1734734838, 6491933, 0, 41, 0, 0, 0.14%, 7, 0, 9, 0.00
1734734844, 6507736, 0, 41, 0, 0, 0.14%, 7, 0, 9, 0.00
1734734849, 6523566, 0, 41, 0, 0, 0.14%, 7, 0, 9, 0.00
1734734854, 6539313, 0, 41, 0, 0, 0.14%, 7, 0, 9, 0.00
1734734859, 6554973, 0, 41, 0, 0, 0.14%, 7, 0, 9, 0.00
1734734864, 6570733, 0, 41, 0, 0, 0.14%, 7, 0, 9, 0.00
1734734870, 6586409, 0, 41, 0, 0, 0.14%, 7, 0, 9, 0.00
1734734875, 6602131, 0, 41, 0, 0, 0.14%, 7, 0, 9, 0.00
1734734880, 6617902, 0, 41, 0, 0, 0.14%, 7, 0, 9, 0.00
1734734885, 6633634, 0, 41, 0, 0, 0.14%, 7, 0, 9, 0.00
1734734890, 6649379, 0, 41, 0, 0, 0.14%, 7, 0, 9, 0.00
1734734896, 6665151, 0, 41, 0, 0, 0.14%, 7, 0, 9, 0.00
1734734901, 6680928, 0, 41, 0, 0, 0.14%, 7, 0, 9, 0.00
1734734906, 6696659, 0, 41, 0, 0, 0.14%, 7, 0, 9, 0.00
1734734911, 6712423, 0, 41, 0, 0, 0.14%, 7, 0, 9, 0.00
1734734916, 6728225, 0, 41, 0, 0, 0.14%, 7, 0, 9, 0.00
1734734922, 6743846, 0, 41, 0, 0, 0.14%, 7, 0, 9, 0.00
1734734927, 6759627, 0, 41, 0, 0, 0.14%, 7, 0, 9, 0.00
1734734932, 6775288, 0, 41, 0, 0, 0.14%, 7, 0, 9, 0.00
1734734937, 6791097, 0, 41, 0, 0, 0.14%, 7, 0, 9, 0.00
1734734942, 6806912, 0, 41, 0, 0, 0.14%, 7, 0, 9, 0.00
1734734948, 6822594, 0, 41, 0, 0, 0.14%, 7, 0, 9, 0.00
1734734953, 6838375, 0, 41, 0, 0, 0.14%, 7, 0, 9, 0.00
1734734958, 6854115, 0, 41, 0, 0, 0.14%, 7, 0, 9, 0.00
1734734963, 6869866, 0, 41, 0, 0, 0.14%, 7, 0, 9, 0.00
1734734968, 6885590, 0, 41, 0, 0, 0.14%, 7, 0, 9, 0.00
1734734974, 6901331, 0, 41, 0, 0, 0.14%, 7, 0, 9, 0.00
1734734979, 6917080, 0, 41, 0, 0, 0.14%, 7, 0, 9, 0.00
1734734984, 6932827, 0, 41, 0, 0, 0.14%, 7, 0, 9, 0.00
1734734989, 6948585, 0, 41, 0, 0, 0.14%, 7, 0, 9, 0.00
1734734994, 6964325, 0, 41, 0, 0, 0.14%, 7, 0, 9, 0.00
1734735000, 6980026, 0, 41, 0, 0, 0.14%, 7, 0, 9, 0.00
1734735005, 6995698, 0, 41, 0, 0, 0.14%, 7, 0, 9, 0.00
1734735010, 7011370, 0, 41, 0, 0, 0.14%, 7, 0, 9, 0.00
1734735015, 7027063, 0, 41, 0, 0, 0.14%, 7, 0, 9, 0.00
1734735020, 7042811, 0, 41, 0, 0, 0.14%, 7, 0, 9, 0.00
1734735026, 7058526, 0, 41, 0, 0, 0.14%, 7, 0, 9, 0.00
1734735031, 7074277, 0, 41, 0, 0, 0.14%, 7, 0, 9, 0.00
1734735036, 7090030, 0, 41, 0, 0, 0.14%, 7, 0, 9, 0.00
1734735041, 7105793, 0, 41, 0, 0, 0.14%, 7, 0, 9, 0.00
1734735046, 7121533, 0, 41, 0, 0, 0.14%, 7, 0, 9, 0.00
1734735052, 7137242, 0, 41, 0, 0, 0.14%, 7, 0, 9, 0.00
1734735057, 7152983, 0, 41, 0, 0, 0.14%, 7, 0, 9, 0.00
1734735062, 7168755, 0, 41, 0, 0, 0.14%, 7, 0, 9, 0.00
1734735067, 7184468, 0, 41, 0, 0, 0.14%, 7, 0, 9, 0.00
1734735072, 7200225, 0, 41, 0, 0, 0.14%, 7, 0, 9, 0.00
1734735078, 7215911, 0, 41, 0, 0, 0.14%, 7, 0, 9, 0.00
1734735083, 7231664, 0, 41, 0, 0, 0.14%, 7, 0, 9, 0.00
1734735088, 7247426, 0, 41, 0, 0, 0.14%, 7, 0, 9, 0.00
1734735093, 7263146, 0, 41, 0, 0, 0.14%, 7, 0, 9, 0.00
1734735098, 7278891, 0, 41, 0, 0, 0.14%, 7, 0, 9, 0.00
1734735104, 7294600, 0, 41, 0, 0, 0.14%, 7, 0, 9, 0.00
1734735109, 7310345, 0, 41, 0, 0, 0.14%, 7, 0, 9, 0.00
1734735114, 7326043, 0, 41, 0, 0, 0.14%, 7, 0, 9, 0.00
1734735119, 7341772, 0, 41, 0, 0, 0.14%, 7, 0, 9, 0.00
1734735124, 7357504, 0, 41, 0, 0, 0.14%, 7, 0, 9, 0.00
1734735130, 7373255, 0, 41, 0, 0, 0.14%, 7, 0, 9, 0.00
1734735135, 7389104, 0, 41, 0, 0, 0.14%, 7, 0, 9, 0.00
1734735140, 7404878, 0, 41, 0, 0, 0.14%, 7, 0, 9, 0.00
1734735145, 7420620, 0, 41, 0, 0, 0.14%, 7, 0, 9, 0.00
1734735150, 7436305, 0, 41, 0, 0, 0.14%, 7, 0, 9, 0.00
1734735156, 7452071, 0, 41, 0, 0, 0.14%, 7, 0, 9, 0.00
1734735161, 7467827, 0, 41, 0, 0, 0.14%, 7, 0, 9, 0.00
1734735166, 7483551, 0, 41, 0, 0, 0.14%, 7, 0, 9, 0.00
1734735171, 7499250, 0, 41, 0, 0, 0.14%, 7, 0, 9, 0.00
1734735176, 7514996, 0, 41, 0, 0, 0.14%, 7, 0, 9, 0.00
1734735182, 7530725, 0, 41, 0, 0, 0.14%, 7, 0, 9, 0.00
1734735187, 7546444, 0, 41, 0, 0, 0.14%, 7, 0, 9, 0.00
1734735192, 7562163, 0, 41, 0, 0, 0.14%, 7, 0, 9, 0.00
1734735197, 7577913, 0, 41, 0, 0, 0.14%, 7, 0, 9, 0.00
1734735202, 7593585, 0, 41, 0, 0, 0.14%, 7, 0, 9, 0.00
1734735208, 7609347, 0, 41, 0, 0, 0.14%, 7, 0, 9, 0.00
1734735213, 7625168, 0, 41, 0, 0, 0.14%, 7, 0, 9, 0.00
1734735218, 7640944, 0, 41, 0, 0, 0.14%, 7, 0, 9, 0.00
1734735223, 7656746, 0, 41, 0, 0, 0.14%, 7, 0, 9, 0.00
1734735228, 7672525, 0, 41, 0, 0, 0.14%, 7, 0, 9, 0.00
1734735234, 7688320, 0, 41, 0, 0, 0.14%, 7, 0, 9, 0.00
1734735239, 7704172, 0, 41, 0, 0, 0.14%, 7, 0, 9, 0.00
1734735244, 7719921, 0, 41, 0, 0, 0.14%, 7, 0, 9, 0.00
1734735249, 7735631, 0, 41, 0, 0, 0.14%, 7, 0, 9, 0.00
1734735254, 7751335, 0, 41, 0, 0, 0.14%, 7, 0, 9, 0.00
1734735260, 7767114, 0, 41, 0, 0, 0.14%, 7, 0, 9, 0.00
