# unix_time, cycles_done, cur_path, paths_total, pending_total, pending_favs, map_size, unique_crashes, unique_hangs, max_depth, execs_per_sec
1734791529, 0, 0, 10, 10, 1, 0.01%, 0, 0, 1, 36.04
1734791535, 0, 3, 10, 10, 1, 0.01%, 0, 0, 1, 38.11
1734791550, 1, 0, 10, 3, 0, 0.01%, 0, 0, 1, 44.89
1734791555, 1, 1, 10, 2, 0, 0.01%, 0, 0, 1, 45.94
1734791560, 1, 2, 10, 1, 0, 0.01%, 0, 0, 1, 44.56
1734791565, 1, 3, 10, 0, 0, 0.01%, 0, 0, 1, 45.14
1734791575, 1, 4, 10, 0, 0, 0.01%, 0, 0, 1, 46.13
1734791580, 1, 5, 10, 0, 0, 0.01%, 0, 0, 1, 47.87
1734791585, 1, 6, 10, 0, 0, 0.01%, 0, 0, 1, 47.04
1734791590, 1, 7, 10, 0, 0, 0.01%, 0, 0, 1, 44.85
1734791595, 1, 8, 10, 0, 0, 0.01%, 0, 0, 1, 45.85
1734791601, 1, 9, 10, 0, 0, 0.01%, 0, 0, 1, 43.54
1734791606, 2, 0, 10, 0, 0, 0.01%, 0, 0, 1, 45.26
1734791611, 2, 1, 10, 0, 0, 0.01%, 0, 0, 1, 45.21
1734791616, 2, 2, 10, 0, 0, 0.01%, 0, 0, 1, 43.56
1734791626, 2, 3, 10, 0, 0, 0.01%, 0, 0, 1, 42.32
1734791631, 2, 4, 10, 0, 0, 0.01%, 0, 0, 1, 43.64
1734791636, 2, 5, 10, 0, 0, 0.01%, 0, 0, 1, 44.55
1734791641, 2, 6, 10, 0, 0, 0.01%, 0, 0, 1, 45.91
1734791647, 2, 7, 10, 0, 0, 0.01%, 0, 0, 1, 45.91
1734791652, 2, 8, 10, 0, 0, 0.01%, 0, 0, 1, 46.17
1734791657, 2, 9, 10, 0, 0, 0.01%, 0, 0, 1, 45.87
1734791662, 3, 0, 10, 0, 0, 0.01%, 0, 0, 1, 46.62
1734791667, 3, 1, 10, 0, 0, 0.01%, 0, 0, 1, 45.05
1734791677, 3, 2, 10, 0, 0, 0.01%, 0, 0, 1, 43.19
1734791682, 3, 3, 10, 0, 0, 0.01%, 0, 0, 1, 41.74
1734791687, 3, 4, 10, 0, 0, 0.01%, 0, 0, 1, 44.21
1734791692, 3, 5, 10, 0, 0, 0.01%, 0, 0, 1, 44.97
1734791697, 3, 6, 10, 0, 0, 0.01%, 0, 0, 1, 42.97
1734791702, 3, 7, 10, 0, 0, 0.01%, 0, 0, 1, 43.46
1734791713, 3, 8, 10, 0, 0, 0.01%, 0, 0, 1, 45.23
1734791718, 3, 9, 10, 0, 0, 0.01%, 0, 0, 1, 44.09
1734791723, 4, 0, 10, 0, 0, 0.01%, 0, 0, 1, 42.90
1734791728, 4, 1, 10, 0, 0, 0.01%, 0, 0, 1, 43.39
1734791733, 4, 2, 10, 0, 0, 0.01%, 0, 0, 1, 43.32
1734791738, 4, 3, 10, 0, 0, 0.01%, 0, 0, 1, 44.13
1734791743, 4, 4, 10, 0, 0, 0.01%, 0, 0, 1, 44.05
1734791748, 4, 5, 10, 0, 0, 0.01%, 0, 0, 1, 45.86
1734791758, 4, 6, 10, 0, 0, 0.01%, 0, 0, 1, 44.14
1734791763, 4, 7, 10, 0, 0, 0.01%, 0, 0, 1, 46.91
1734791768, 4, 8, 10, 0, 0, 0.01%, 0, 0, 1, 46.36
1734791773, 4, 9, 10, 0, 0, 0.01%, 0, 0, 1, 45.28
1734791778, 5, 0, 10, 0, 0, 0.01%, 0, 0, 1, 44.96
1734791784, 5, 1, 10, 0, 0, 0.01%, 0, 0, 1, 45.55
1734791789, 5, 2, 10, 0, 0, 0.01%, 0, 0, 1, 45.54
1734791794, 5, 3, 10, 0, 0, 0.01%, 0, 0, 1, 43.13
1734791804, 5, 4, 10, 0, 0, 0.01%, 0, 0, 1, 45.67
1734791809, 5, 5, 10, 0, 0, 0.01%, 0, 0, 1, 45.14
1734791814, 5, 6, 10, 0, 0, 0.01%, 0, 0, 1, 47.21
1734791819, 5, 7, 10, 0, 0, 0.01%, 0, 0, 1, 44.51
1734791824, 5, 8, 10, 0, 0, 0.01%, 0, 0, 1, 49.36
1734791829, 5, 9, 10, 0, 0, 0.01%, 0, 0, 1, 45.35
1734791834, 6, 0, 10, 0, 0, 0.01%, 0, 0, 1, 46.34
1734791839, 6, 1, 10, 0, 0, 0.01%, 0, 0, 1, 46.13
1734791844, 6, 2, 10, 0, 0, 0.01%, 0, 0, 1, 45.03
1734791854, 6, 3, 10, 0, 0, 0.01%, 0, 0, 1, 44.67
1734791860, 6, 4, 10, 0, 0, 0.01%, 0, 0, 1, 44.28
1734791865, 6, 5, 10, 0, 0, 0.01%, 0, 0, 1, 43.41
1734791870, 6, 6, 10, 0, 0, 0.01%, 0, 0, 1, 43.22
1734791875, 6, 7, 10, 0, 0, 0.01%, 0, 0, 1, 45.32
1734791880, 6, 8, 10, 0, 0, 0.01%, 0, 0, 1, 46.09
1734791885, 6, 9, 10, 0, 0, 0.01%, 0, 0, 1, 46.64
1734791890, 7, 0, 10, 0, 0, 0.01%, 0, 0, 1, 47.09
1734791900, 7, 1, 10, 0, 0, 0.01%, 0, 0, 1, 44.72
1734791905, 7, 2, 10, 0, 0, 0.01%, 0, 0, 1, 43.98
1734791910, 7, 3, 10, 0, 0, 0.01%, 0, 0, 1, 44.36
1734791915, 7, 4, 10, 0, 0, 0.01%, 0, 0, 1, 43.84
1734791920, 7, 5, 10, 0, 0, 0.01%, 0, 0, 1, 45.52
1734791926, 7, 6, 10, 0, 0, 0.01%, 0, 0, 1, 46.29
1734791931, 7, 7, 10, 0, 0, 0.01%, 0, 0, 1, 46.28
1734791941, 7, 8, 10, 0, 0, 0.01%, 0, 0, 1, 43.74
1734791946, 7, 9, 10, 0, 0, 0.01%, 0, 0, 1, 44.13
1734791951, 8, 0, 10, 0, 0, 0.01%, 0, 0, 1, 45.05
1734791956, 8, 1, 10, 0, 0, 0.01%, 0, 0, 1, 46.02
1734791961, 8, 2, 10, 0, 0, 0.01%, 0, 0, 1, 42.96
1734791966, 8, 3, 10, 0, 0, 0.01%, 0, 0, 1, 45.22
1734791971, 8, 4, 10, 0, 0, 0.01%, 0, 0, 1, 44.69
1734791976, 8, 5, 10, 0, 0, 0.01%, 0, 0, 1, 43.10
1734791982, 8, 6, 10, 0, 0, 0.01%, 0, 0, 1, 45.89
1734791992, 8, 7, 10, 0, 0, 0.01%, 0, 0, 1, 46.26
1734791997, 8, 8, 10, 0, 0, 0.01%, 0, 0, 1, 46.12
1734792002, 8, 9, 10, 0, 0, 0.01%, 0, 0, 1, 46.25
1734792007, 9, 0, 10, 0, 0, 0.01%, 0, 0, 1, 46.30
1734792012, 9, 1, 10, 0, 0, 0.01%, 0, 0, 1, 44.79
1734792017, 9, 2, 10, 0, 0, 0.01%, 0, 0, 1, 46.34
1734792022, 9, 3, 10, 0, 0, 0.01%, 0, 0, 1, 45.26
1734792027, 9, 4, 10, 0, 0, 0.01%, 0, 0, 1, 46.68
1734792037, 9, 5, 10, 0, 0, 0.01%, 0, 0, 1, 44.38
1734792043, 9, 6, 10, 0, 0, 0.01%, 0, 0, 1, 45.23
1734792048, 9, 7, 10, 0, 0, 0.01%, 0, 0, 1, 46.47
1734792053, 9, 8, 10, 0, 0, 0.01%, 0, 0, 1, 44.20
1734792058, 9, 9, 10, 0, 0, 0.01%, 0, 0, 1, 45.17
1734792063, 10, 0, 10, 0, 0, 0.01%, 0, 0, 1, 46.22
1734792068, 10, 1, 10, 0, 0, 0.01%, 0, 0, 1, 45.13
1734792073, 10, 2, 10, 0, 0, 0.01%, 0, 0, 1, 43.23
1734792083, 10, 3, 10, 0, 0, 0.01%, 0, 0, 1, 45.84
1734792088, 10, 4, 10, 0, 0, 0.01%, 0, 0, 1, 43.66
1734792093, 10, 5, 10, 0, 0, 0.01%, 0, 0, 1, 45.60
1734792098, 10, 6, 10, 0, 0, 0.01%, 0, 0, 1, 44.70
1734792103, 10, 7, 10, 0, 0, 0.01%, 0, 0, 1, 44.43
1734792108, 10, 8, 10, 0, 0, 0.01%, 0, 0, 1, 44.50
1734792113, 10, 9, 10, 0, 0, 0.01%, 0, 0, 1, 45.90
1734792118, 11, 0, 10, 0, 0, 0.01%, 0, 0, 1, 44.42
1734792129, 11, 1, 10, 0, 0, 0.01%, 0, 0, 1, 46.23
1734792134, 11, 2, 10, 0, 0, 0.01%, 0, 0, 1, 47.20
1734792139, 11, 3, 10, 0, 0, 0.01%, 0, 0, 1, 47.35
1734792144, 11, 4, 10, 0, 0, 0.01%, 0, 0, 1, 48.95
1734792149, 11, 5, 10, 0, 0, 0.01%, 0, 0, 1, 50.54
1734792154, 11, 6, 10, 0, 0, 0.01%, 0, 0, 1, 46.24
1734792159, 11, 7, 10, 0, 0, 0.01%, 0, 0, 1, 47.74
1734792164, 11, 8, 10, 0, 0, 0.01%, 0, 0, 1, 45.37
1734792169, 11, 9, 10, 0, 0, 0.01%, 0, 0, 1, 48.11
1734792174, 12, 0, 10, 0, 0, 0.01%, 0, 0, 1, 45.71
1734792179, 12, 1, 10, 0, 0, 0.01%, 0, 0, 1, 51.71
1734792184, 12, 2, 10, 0, 0, 0.01%, 0, 0, 1, 49.22
1734792189, 12, 3, 10, 0, 0, 0.01%, 0, 0, 1, 46.08
1734792194, 12, 4, 10, 0, 0, 0.01%, 0, 0, 1, 48.16
1734792199, 12, 5, 10, 0, 0, 0.01%, 0, 0, 1, 46.29
1734792204, 12, 6, 10, 0, 0, 0.01%, 0, 0, 1, 47.98
1734792215, 12, 7, 10, 0, 0, 0.01%, 0, 0, 1, 48.43
1734792220, 12, 8, 10, 0, 0, 0.01%, 0, 0, 1, 47.20
1734792225, 12, 9, 10, 0, 0, 0.01%, 0, 0, 1, 47.99
1734792230, 13, 0, 10, 0, 0, 0.01%, 0, 0, 1, 46.70
1734792235, 13, 1, 10, 0, 0, 0.01%, 0, 0, 1, 47.76
1734792240, 13, 2, 10, 0, 0, 0.01%, 0, 0, 1, 47.84
1734792245, 13, 3, 10, 0, 0, 0.01%, 0, 0, 1, 47.08
1734792250, 13, 4, 10, 0, 0, 0.01%, 0, 0, 1, 45.41
1734792255, 13, 5, 10, 0, 0, 0.01%, 0, 0, 1, 49.10
1734792260, 13, 6, 10, 0, 0, 0.01%, 0, 0, 1, 48.89
1734792265, 13, 7, 10, 0, 0, 0.01%, 0, 0, 1, 48.17
1734792270, 13, 8, 10, 0, 0, 0.01%, 0, 0, 1, 47.46
1734792275, 13, 9, 10, 0, 0, 0.01%, 0, 0, 1, 49.15
1734792280, 14, 0, 10, 0, 0, 0.01%, 0, 0, 1, 46.30
1734792285, 14, 1, 10, 0, 0, 0.01%, 0, 0, 1, 50.19
1734792296, 14, 2, 10, 0, 0, 0.01%, 0, 0, 1, 46.60
1734792301, 14, 3, 10, 0, 0, 0.01%, 0, 0, 1, 48.41
1734792306, 14, 4, 10, 0, 0, 0.01%, 0, 0, 1, 49.97
1734792311, 14, 5, 10, 0, 0, 0.01%, 0, 0, 1, 47.51
1734792316, 14, 6, 10, 0, 0, 0.01%, 0, 0, 1, 47.49
1734792321, 14, 7, 10, 0, 0, 0.01%, 0, 0, 1, 46.47
1734792326, 14, 8, 10, 0, 0, 0.01%, 0, 0, 1, 47.17
1734792331, 14, 9, 10, 0, 0, 0.01%, 0, 0, 1, 47.58
1734792336, 15, 0, 10, 0, 0, 0.01%, 0, 0, 1, 48.10
1734792341, 15, 1, 10, 0, 0, 0.01%, 0, 0, 1, 49.37
1734792346, 15, 2, 10, 0, 0, 0.01%, 0, 0, 1, 47.99
1734792351, 15, 3, 10, 0, 0, 0.01%, 0, 0, 1, 47.91
1734792357, 15, 4, 10, 0, 0, 0.01%, 0, 0, 1, 46.54
1734792377, 15, 5, 10, 0, 0, 0.01%, 0, 0, 1, 43.13
1734792397, 15, 6, 10, 0, 0, 0.01%, 0, 0, 1, 43.76
1734792418, 15, 7, 10, 0, 0, 0.01%, 0, 0, 1, 43.49
1734792438, 15, 8, 10, 0, 0, 0.01%, 0, 0, 1, 41.10
1734792458, 15, 9, 10, 0, 0, 0.01%, 0, 0, 1, 40.67
1734792479, 16, 0, 10, 0, 0, 0.01%, 0, 0, 1, 40.86
1734792499, 16, 1, 10, 0, 0, 0.01%, 0, 0, 1, 43.66
1734792520, 16, 2, 10, 0, 0, 0.01%, 0, 0, 1, 48.04
1734792525, 16, 3, 10, 0, 0, 0.01%, 0, 0, 1, 47.71
1734792530, 16, 4, 10, 0, 0, 0.01%, 0, 0, 1, 49.69
1734792535, 16, 5, 10, 0, 0, 0.01%, 0, 0, 1, 47.33
1734792540, 16, 6, 10, 0, 0, 0.01%, 0, 0, 1, 49.09
1734792545, 16, 7, 10, 0, 0, 0.01%, 0, 0, 1, 50.98
1734792550, 16, 8, 10, 0, 0, 0.01%, 0, 0, 1, 47.41
1734792555, 16, 10, 11, 1, 1, 0.14%, 1, 0, 2, 50.86
1734792565, 16, 10, 13, 3, 1, 0.14%, 3, 0, 3, 51.12
1734792687, 16, 12, 14, 2, 1, 0.14%, 4, 0, 4, 69.89
1734792764, 16, 13, 14, 1, 1, 0.14%, 4, 0, 4, 75.04
1734792784, 16, 13, 15, 2, 1, 0.14%, 4, 0, 5, 51.65
1734792921, 18, 11, 15, 0, 0, 0.14%, 4, 0, 5, 53.68
1734792926, 18, 11, 16, 1, 0, 0.14%, 5, 0, 5, 58.14
1734792977, 18, 15, 16, 1, 1, 0.14%, 5, 0, 5, 75.19
1734792997, 18, 15, 17, 2, 1, 0.14%, 5, 0, 5, 53.38
1734793002, 18, 15, 18, 3, 1, 0.14%, 5, 0, 5, 49.41
1734793139, 18, 16, 18, 2, 1, 0.14%, 5, 0, 5, 57.26
1734793174, 18, 16, 19, 3, 1, 0.14%, 5, 0, 6, 56.47
1734793180, 18, 16, 20, 4, 1, 0.14%, 5, 0, 6, 53.34
1734793210, 18, 16, 21, 5, 1, 0.14%, 5, 0, 6, 56.25
1734793302, 18, 19, 21, 4, 2, 0.14%, 5, 0, 6, 75.28
1734793419, 18, 19, 22, 5, 2, 0.14%, 5, 0, 7, 109.92
1734793424, 18, 19, 24, 7, 2, 0.14%, 5, 0, 7, 76.52
1734793510, 18, 20, 24, 6, 2, 0.14%, 5, 0, 7, 67.67
1734793525, 18, 20, 25, 7, 2, 0.14%, 5, 0, 7, 76.50
1734793550, 18, 20, 26, 8, 2, 0.14%, 5, 0, 7, 56.74
1734793601, 18, 20, 27, 9, 2, 0.14%, 5, 0, 7, 60.68
1734793662, 18, 20, 28, 10, 2, 0.14%, 5, 0, 7, 56.78
1734793667, 18, 26, 28, 8, 1, 0.14%, 5, 0, 7, 62.35
1734793708, 18, 26, 29, 9, 1, 0.14%, 5, 0, 8, 61.61
1734793794, 18, 28, 29, 8, 1, 0.14%, 5, 0, 8, 87.62
1734793850, 18, 28, 30, 9, 1, 0.14%, 5, 0, 9, 60.10
1734793885, 18, 28, 31, 10, 1, 0.14%, 5, 0, 9, 59.89
1734793916, 18, 28, 32, 11, 1, 0.14%, 5, 0, 9, 60.00
1734793921, 18, 28, 33, 12, 1, 0.14%, 5, 0, 9, 60.20
1734793926, 18, 28, 34, 13, 1, 0.14%, 5, 0, 9, 60.62
1734793957, 18, 29, 34, 12, 2, 0.14%, 5, 0, 9, 78.62
1734794038, 18, 29, 35, 13, 2, 0.14%, 5, 0, 10, 67.69
1734794124, 18, 34, 35, 12, 1, 0.14%, 5, 0, 10, 73.09
1734794232, 19, 27, 35, 11, 0, 0.14%, 5, 0, 10, 86.89
1734794272, 19, 27, 36, 12, 0, 0.14%, 5, 0, 10, 66.40
1734794354, 19, 35, 36, 11, 1, 0.14%, 5, 0, 10, 46.53
1734794507, 19, 35, 38, 13, 1, 0.14%, 6, 0, 10, 118.26
1734795459, 19, 37, 38, 12, 1, 0.14%, 6, 0, 10, 57.07
1734795464, 20, 17, 38, 11, 0, 0.14%, 6, 0, 10, 77.02
1734795546, 20, 30, 38, 8, 0, 0.14%, 6, 0, 10, 56.32
1734795637, 21, 24, 38, 6, 0, 0.14%, 6, 0, 10, 59.57
1734795713, 21, 32, 38, 4, 0, 0.14%, 6, 0, 10, 49.48
1734795718, 21, 33, 38, 3, 0, 0.14%, 6, 0, 10, 86.52
1734795937, 24, 18, 38, 2, 0, 0.14%, 6, 0, 10, 52.07
1734795943, 24, 34, 38, 1, 0, 0.14%, 6, 0, 10, 64.48
1734795963, 25, 17, 38, 1, 0, 0.14%, 6, 0, 10, 58.57
1734795983, 25, 34, 38, 0, 0, 0.14%, 6, 0, 10, 65.27
1734796003, 26, 18, 38, 0, 0, 0.14%, 6, 0, 10, 70.66
1734796079, 26, 31, 38, 0, 0, 0.14%, 6, 0, 10, 74.47
1734796400, 26, 34, 38, 0, 0, 0.14%, 6, 0, 10, 62.00
1734796435, 27, 25, 38, 0, 0, 0.14%, 6, 0, 10, 95.58
1734796506, 27, 34, 38, 0, 0, 0.14%, 6, 0, 10, 62.93
1734796542, 28, 34, 38, 0, 0, 0.14%, 6, 0, 10, 59.86
1734796577, 29, 34, 38, 0, 0, 0.14%, 6, 0, 10, 62.47
1734796618, 30, 34, 38, 0, 0, 0.14%, 6, 0, 10, 62.25
1734796659, 31, 34, 38, 0, 0, 0.14%, 6, 0, 10, 61.06
1734796694, 32, 34, 38, 0, 0, 0.14%, 6, 0, 10, 62.45
1734796735, 33, 18, 38, 0, 0, 0.14%, 6, 0, 10, 52.58
1734796740, 33, 34, 38, 0, 0, 0.14%, 6, 0, 10, 61.46
1734796780, 34, 18, 38, 0, 0, 0.14%, 6, 0, 10, 61.23
1734796791, 34, 34, 38, 0, 0, 0.14%, 6, 0, 10, 64.08
1734796831, 35, 18, 38, 0, 0, 0.14%, 6, 0, 10, 64.01
1734796847, 36, 18, 38, 0, 0, 0.14%, 6, 0, 10, 59.56
1734796887, 37, 18, 38, 0, 0, 0.14%, 6, 0, 10, 66.12
1734796923, 38, 17, 38, 0, 0, 0.14%, 6, 0, 10, 54.43
1734796943, 38, 18, 38, 0, 0, 0.14%, 6, 0, 10, 58.10
1734796983, 39, 18, 38, 0, 0, 0.14%, 6, 0, 10, 64.42
1734797019, 44, 20, 38, 0, 0, 0.14%, 6, 0, 10, 65.88
1734797029, 52, 17, 38, 0, 0, 0.14%, 6, 0, 10, 59.84
1734797059, 56, 17, 38, 0, 0, 0.14%, 6, 0, 10, 63.61
1734797090, 73, 12, 38, 0, 0, 0.14%, 6, 0, 10, 59.26
1734797095, 73, 19, 38, 0, 0, 0.14%, 6, 0, 10, 69.60
1734797105, 77, 13, 38, 0, 0, 0.14%, 6, 0, 10, 62.14
1734797110, 83, 14, 38, 0, 0, 0.14%, 6, 0, 10, 60.51
1734797141, 87, 19, 38, 0, 0, 0.14%, 6, 0, 10, 72.46
1734797161, 91, 19, 38, 0, 0, 0.14%, 6, 0, 10, 62.73
1734797197, 96, 11, 38, 0, 0, 0.14%, 6, 0, 10, 63.66
1734797207, 96, 33, 38, 0, 0, 0.14%, 6, 0, 10, 61.43
1734797212, 97, 11, 38, 0, 0, 0.14%, 6, 0, 10, 57.07
1734797217, 97, 33, 38, 0, 0, 0.14%, 6, 0, 10, 64.99
1734797237, 98, 17, 38, 0, 0, 0.14%, 6, 0, 10, 62.52
1734797273, 100, 19, 38, 0, 0, 0.14%, 6, 0, 10, 60.90
1734797308, 101, 20, 38, 0, 0, 0.14%, 6, 0, 10, 62.90
1734797338, 101, 25, 38, 0, 0, 0.14%, 6, 0, 10, 62.30
1734797353, 101, 33, 38, 0, 0, 0.14%, 6, 0, 10, 69.00
1734797389, 102, 25, 38, 0, 0, 0.14%, 6, 0, 10, 57.04
1734797419, 105, 24, 38, 0, 0, 0.14%, 6, 0, 10, 60.74
1734797450, 109, 17, 38, 0, 0, 0.14%, 6, 0, 10, 64.84
1734797485, 114, 19, 38, 0, 0, 0.14%, 6, 0, 10, 74.50
1734797521, 117, 10, 38, 0, 0, 0.14%, 6, 0, 10, 60.78
1734797526, 118, 24, 38, 0, 0, 0.14%, 6, 0, 10, 59.62
1734797536, 119, 11, 38, 0, 0, 0.14%, 6, 0, 10, 64.57
1734797546, 119, 30, 38, 0, 0, 0.14%, 6, 0, 10, 61.62
1734797556, 122, 24, 38, 0, 0, 0.14%, 6, 0, 10, 58.35
1734797597, 125, 13, 38, 0, 0, 0.14%, 6, 0, 10, 54.49
1734797612, 125, 20, 38, 0, 0, 0.14%, 6, 0, 10, 59.45
1734797642, 125, 37, 38, 0, 0, 0.14%, 6, 0, 10, 118.51
1734797973, 127, 26, 38, 0, 0, 0.14%, 6, 0, 10, 60.13
1734797984, 129, 17, 38, 0, 0, 0.14%, 6, 0, 10, 69.06
1734798019, 133, 11, 38, 0, 0, 0.14%, 6, 0, 10, 56.40
1734798039, 133, 25, 38, 0, 0, 0.14%, 6, 0, 10, 61.29
1734798070, 139, 17, 38, 0, 0, 0.14%, 6, 0, 10, 63.78
1734798106, 140, 22, 38, 0, 0, 0.14%, 6, 0, 10, 74.13
1734798187, 141, 12, 38, 0, 0, 0.14%, 6, 0, 10, 61.95
1734798192, 142, 17, 38, 0, 0, 0.14%, 6, 0, 10, 62.83
1734798228, 142, 33, 38, 0, 0, 0.14%, 6, 0, 10, 69.65
1734798263, 143, 16, 38, 0, 0, 0.14%, 6, 0, 10, 60.30
1734798273, 145, 13, 38, 0, 0, 0.14%, 6, 0, 10, 54.73
1734798298, 145, 19, 38, 0, 0, 0.14%, 6, 0, 10, 71.11
1734798339, 146, 25, 38, 0, 0, 0.14%, 6, 0, 10, 59.44
1734798374, 147, 11, 38, 0, 0, 0.14%, 6, 0, 10, 58.56
1734798415, 147, 20, 38, 0, 0, 0.14%, 6, 0, 10, 63.41
1734798450, 147, 21, 38, 0, 0, 0.14%, 6, 0, 10, 83.01
1734798537, 151, 13, 38, 0, 0, 0.14%, 6, 0, 10, 52.89
1734798577, 152, 25, 38, 0, 0, 0.14%, 6, 0, 10, 59.76
1734798618, 154, 23, 38, 0, 0, 0.14%, 6, 0, 10, 77.54
1734798674, 154, 26, 38, 0, 0, 0.14%, 6, 0, 10, 63.54
1734798694, 157, 17, 38, 0, 0, 0.14%, 6, 0, 10, 66.51
1734798729, 159, 23, 38, 0, 0, 0.14%, 6, 0, 10, 65.36
1734798745, 160, 11, 38, 0, 0, 0.14%, 6, 0, 10, 54.29
1734798785, 160, 21, 38, 0, 0, 0.14%, 6, 0, 10, 62.30
1734798816, 160, 37, 38, 0, 0, 0.14%, 6, 0, 10, 57.55
1734798821, 162, 16, 38, 0, 0, 0.14%, 6, 0, 10, 55.06
1734798836, 162, 19, 38, 0, 0, 0.14%, 6, 0, 10, 70.14
1734798872, 163, 12, 38, 0, 0, 0.14%, 6, 0, 10, 57.41
1734798882, 163, 13, 38, 0, 0, 0.14%, 6, 0, 10, 56.45
1734798922, 163, 25, 38, 0, 0, 0.14%, 6, 0, 10, 60.92
1734798958, 164, 24, 38, 0, 0, 0.14%, 6, 0, 10, 63.54
1734798999, 165, 10, 38, 0, 0, 0.14%, 6, 0, 10, 58.29
1734799004, 166, 21, 38, 0, 0, 0.14%, 6, 0, 10, 65.49
1734799034, 167, 21, 38, 0, 0, 0.14%, 6, 0, 10, 57.59
1734799069, 168, 11, 38, 0, 0, 0.14%, 6, 0, 10, 55.57
1734799110, 169, 16, 38, 0, 0, 0.14%, 6, 0, 10, 62.40
1734799146, 170, 16, 38, 0, 0, 0.14%, 6, 0, 10, 55.30
1734799186, 170, 30, 38, 0, 0, 0.14%, 6, 0, 10, 61.72
1734799207, 171, 10, 38, 0, 0, 0.14%, 6, 0, 10, 56.67
1734799217, 171, 37, 38, 0, 0, 0.14%, 6, 0, 10, 63.32
1734799232, 173, 24, 38, 0, 0, 0.14%, 6, 0, 10, 60.55
1734799268, 174, 11, 38, 0, 0, 0.14%, 6, 0, 10, 57.60
1734799308, 174, 33, 38, 0, 0, 0.14%, 6, 0, 10, 55.25
1734799344, 174, 37, 38, 0, 0, 0.14%, 6, 0, 10, 66.33
1734799379, 175, 17, 38, 0, 0, 0.14%, 6, 0, 10, 65.53
1734799419, 176, 13, 38, 0, 0, 0.14%, 6, 0, 10, 56.46
1734799455, 176, 33, 38, 0, 0, 0.14%, 6, 0, 10, 57.79
1734799495, 177, 30, 38, 0, 0, 0.14%, 6, 0, 10, 55.58
1734799531, 179, 37, 38, 0, 0, 0.14%, 6, 0, 10, 61.65
1734799572, 182, 12, 38, 0, 0, 0.14%, 6, 0, 10, 58.92
1734799592, 182, 26, 38, 0, 0, 0.14%, 6, 0, 10, 62.27
1734799623, 184, 15, 38, 0, 0, 0.14%, 6, 0, 10, 66.43
1734799628, 184, 27, 38, 0, 0, 0.14%, 6, 0, 10, 58.88
1734799638, 185, 25, 38, 0, 0, 0.14%, 6, 0, 10, 53.80
1734799674, 186, 19, 38, 0, 0, 0.14%, 6, 0, 10, 65.56
1734799709, 187, 27, 38, 0, 0, 0.14%, 6, 0, 10, 65.87
1734799720, 188, 16, 38, 0, 0, 0.14%, 6, 0, 10, 58.47
1734799755, 188, 19, 38, 0, 0, 0.14%, 6, 0, 10, 79.61
1734799760, 188, 19, 39, 1, 0, 0.14%, 7, 0, 10, 79.23
1734799801, 188, 38, 39, 1, 1, 0.14%, 7, 0, 10, 69.38
1734800076, 189, 16, 39, 0, 0, 0.14%, 7, 0, 10, 61.73
1734800111, 189, 23, 39, 0, 0, 0.14%, 7, 0, 10, 75.49
1734800132, 189, 33, 39, 0, 0, 0.14%, 7, 0, 10, 65.81
1734800167, 190, 33, 39, 0, 0, 0.14%, 7, 0, 10, 57.54
1734800203, 192, 24, 39, 0, 0, 0.14%, 7, 0, 10, 59.72
1734800243, 192, 26, 39, 0, 0, 0.14%, 7, 0, 10, 61.18
1734800284, 193, 15, 39, 0, 0, 0.14%, 7, 0, 10, 59.35
1734800289, 193, 20, 39, 0, 0, 0.14%, 7, 0, 10, 60.91
1734800330, 193, 27, 39, 0, 0, 0.14%, 7, 0, 10, 60.57
1734800350, 193, 30, 39, 0, 0, 0.14%, 7, 0, 10, 65.79
1734800391, 194, 16, 39, 0, 0, 0.14%, 7, 0, 10, 62.16
1734800426, 194, 27, 39, 0, 0, 0.14%, 7, 0, 10, 63.43
1734800461, 195, 12, 39, 0, 0, 0.14%, 7, 0, 10, 66.39
1734800497, 195, 26, 39, 0, 0, 0.14%, 7, 0, 10, 61.99
1734800537, 195, 30, 39, 0, 0, 0.14%, 7, 0, 10, 60.98
1734800573, 195, 36, 39, 0, 0, 0.14%, 7, 0, 10, 98.47
1734800914, 198, 27, 39, 0, 0, 0.14%, 7, 0, 10, 64.77
1734800950, 198, 38, 39, 0, 0, 0.14%, 7, 0, 10, 75.57
1734800975, 199, 24, 39, 0, 0, 0.14%, 7, 0, 10, 67.44
1734801011, 199, 38, 39, 0, 0, 0.14%, 7, 0, 10, 73.23
1734801046, 200, 11, 39, 0, 0, 0.14%, 7, 0, 10, 54.12
1734801082, 200, 22, 39, 0, 0, 0.14%, 7, 0, 10, 66.57
1734801097, 200, 36, 39, 0, 0, 0.14%, 7, 0, 10, 68.02
1734801102, 200, 38, 39, 0, 0, 0.14%, 7, 0, 10, 66.22
1734801138, 201, 13, 39, 0, 0, 0.14%, 7, 0, 10, 63.06
1734801173, 201, 28, 39, 0, 0, 0.14%, 7, 0, 10, 68.35
1734801183, 201, 38, 39, 0, 0, 0.14%, 7, 0, 10, 70.57
1734801219, 202, 26, 39, 0, 0, 0.14%, 7, 0, 10, 60.18
1734801254, 202, 38, 39, 0, 0, 0.14%, 7, 0, 10, 62.66
1734801290, 203, 38, 39, 0, 0, 0.14%, 7, 0, 10, 72.27
1734801326, 204, 10, 39, 0, 0, 0.14%, 7, 0, 10, 60.15
1734801341, 205, 14, 39, 0, 0, 0.14%, 7, 0, 10, 61.80
1734801351, 205, 15, 39, 0, 0, 0.14%, 7, 0, 10, 56.21
1734801366, 205, 23, 39, 0, 0, 0.14%, 7, 0, 10, 70.10
1734801402, 205, 25, 39, 0, 0, 0.14%, 7, 0, 10, 61.49
1734801442, 206, 21, 39, 0, 0, 0.14%, 7, 0, 10, 64.30
1734801478, 207, 25, 39, 0, 0, 0.14%, 7, 0, 10, 64.03
1734801518, 207, 26, 39, 0, 0, 0.14%, 7, 0, 10, 61.83
1734801554, 208, 14, 39, 0, 0, 0.14%, 7, 0, 10, 60.60
1734801564, 208, 26, 39, 0, 0, 0.14%, 7, 0, 10, 65.61
1734801604, 208, 30, 39, 0, 0, 0.14%, 7, 0, 10, 67.83
1734801640, 208, 36, 39, 0, 0, 0.14%, 7, 0, 10, 73.15
1734801660, 209, 25, 39, 0, 0, 0.14%, 7, 0, 10, 64.21
1734801696, 213, 16, 39, 0, 0, 0.14%, 7, 0, 10, 53.85
1734801736, 213, 21, 39, 0, 0, 0.14%, 7, 0, 10, 63.62
1734801772, 216, 25, 39, 0, 0, 0.14%, 7, 0, 10, 64.13
1734801812, 217, 12, 39, 0, 0, 0.14%, 7, 0, 10, 60.45
1734801848, 217, 29, 39, 0, 0, 0.14%, 7, 0, 10, 72.10
1734801858, 219, 10, 39, 0, 0, 0.14%, 7, 0, 10, 58.22
1734801893, 221, 37, 39, 0, 0, 0.14%, 7, 0, 10, 62.67
1734801929, 222, 24, 39, 0, 0, 0.14%, 7, 0, 10, 63.96
1734801960, 223, 14, 39, 0, 0, 0.14%, 7, 0, 10, 67.55
1734801980, 225, 27, 39, 0, 0, 0.14%, 7, 0, 10, 65.41
1734802016, 226, 12, 39, 0, 0, 0.14%, 7, 0, 10, 62.20
1734802056, 227, 14, 39, 0, 0, 0.14%, 7, 0, 10, 56.74
1734802096, 228, 10, 39, 0, 0, 0.14%, 7, 0, 10, 54.08
1734802132, 229, 16, 39, 0, 0, 0.14%, 7, 0, 10, 66.19
1734802173, 230, 17, 39, 0, 0, 0.14%, 7, 0, 10, 63.92
1734802208, 236, 29, 39, 0, 0, 0.14%, 7, 0, 10, 68.91
1734802228, 236, 37, 39, 0, 0, 0.14%, 7, 0, 10, 69.10
1734802264, 237, 19, 39, 0, 0, 0.14%, 7, 0, 10, 75.98
1734802299, 237, 26, 39, 0, 0, 0.14%, 7, 0, 10, 66.94
1734802335, 237, 37, 39, 0, 0, 0.14%, 7, 0, 10, 64.32
1734802375, 239, 24, 39, 0, 0, 0.14%, 7, 0, 10, 63.13
1734802411, 239, 29, 39, 0, 0, 0.14%, 7, 0, 10, 68.73
1734802447, 240, 12, 39, 0, 0, 0.14%, 7, 0, 10, 57.19
1734802482, 240, 17, 39, 0, 0, 0.14%, 7, 0, 10, 60.32
1734802523, 241, 14, 39, 0, 0, 0.14%, 7, 0, 10, 61.29
1734802559, 241, 26, 39, 0, 0, 0.14%, 7, 0, 10, 61.87
1734802599, 242, 13, 39, 0, 0, 0.14%, 7, 0, 10, 60.14
1734802635, 242, 36, 39, 0, 0, 0.14%, 7, 0, 10, 69.27
1734802670, 243, 28, 39, 0, 0, 0.14%, 7, 0, 10, 65.85
1734802685, 245, 14, 39, 0, 0, 0.14%, 7, 0, 10, 61.99
1734802721, 245, 36, 39, 0, 0, 0.14%, 7, 0, 10, 55.97
1734802751, 246, 12, 39, 0, 0, 0.14%, 7, 0, 10, 64.38
1734802792, 246, 22, 39, 0, 0, 0.14%, 7, 0, 10, 70.98
1734802807, 247, 24, 39, 0, 0, 0.14%, 7, 0, 10, 60.44
1734802843, 248, 24, 39, 0, 0, 0.14%, 7, 0, 10, 68.00
1734802883, 248, 27, 39, 0, 0, 0.14%, 7, 0, 10, 60.25
1734802919, 249, 25, 39, 0, 0, 0.14%, 7, 0, 10, 61.08
1734802960, 250, 22, 39, 0, 0, 0.14%, 7, 0, 10, 60.74
1734802985, 250, 24, 39, 0, 0, 0.14%, 7, 0, 10, 57.43
1734803026, 252, 27, 39, 0, 0, 0.14%, 7, 0, 10, 69.21
1734803061, 253, 24, 39, 0, 0, 0.14%, 7, 0, 10, 58.63
1734803096, 253, 25, 39, 0, 0, 0.14%, 7, 0, 10, 66.76
1734803102, 254, 22, 39, 0, 0, 0.14%, 7, 0, 10, 70.03
1734803142, 254, 29, 39, 0, 0, 0.14%, 7, 0, 10, 71.73
1734803178, 257, 20, 39, 0, 0, 0.14%, 7, 0, 10, 65.79
1734803213, 257, 25, 39, 0, 0, 0.14%, 7, 0, 10, 64.31
1734803223, 258, 10, 39, 0, 0, 0.14%, 7, 0, 10, 56.57
1734803259, 260, 21, 39, 0, 0, 0.14%, 7, 0, 10, 66.03
1734803294, 262, 19, 39, 0, 0, 0.14%, 7, 0, 10, 65.51
1734803329, 262, 28, 39, 0, 0, 0.14%, 7, 0, 10, 63.79
1734803365, 263, 15, 39, 0, 0, 0.14%, 7, 0, 10, 57.66
1734803390, 263, 29, 39, 0, 0, 0.14%, 7, 0, 10, 57.77
1734803426, 264, 25, 39, 0, 0, 0.14%, 7, 0, 10, 65.81
1734803436, 268, 20, 39, 0, 0, 0.14%, 7, 0, 10, 63.31
1734803471, 269, 30, 39, 0, 0, 0.14%, 7, 0, 10, 57.73
1734803512, 275, 30, 39, 0, 0, 0.14%, 7, 0, 10, 64.17
1734803547, 277, 36, 39, 0, 0, 0.14%, 7, 0, 10, 63.00
1734803588, 279, 14, 39, 0, 0, 0.14%, 7, 0, 10, 62.39
1734803624, 281, 30, 39, 0, 0, 0.14%, 7, 0, 10, 64.14
1734803659, 282, 21, 39, 0, 0, 0.14%, 7, 0, 10, 54.24
1734803699, 284, 28, 39, 0, 0, 0.14%, 7, 0, 10, 65.18
1734803735, 285, 28, 39, 0, 0, 0.14%, 7, 0, 10, 62.05
1734803770, 286, 23, 39, 0, 0, 0.14%, 7, 0, 10, 68.12
1734803806, 288, 20, 39, 0, 0, 0.14%, 7, 0, 10, 62.30
1734803846, 290, 13, 39, 0, 0, 0.14%, 7, 0, 10, 54.37
1734803887, 291, 22, 39, 0, 0, 0.14%, 7, 0, 10, 68.38
1734803923, 292, 21, 39, 0, 0, 0.14%, 7, 0, 10, 66.28
1734803958, 292, 22, 39, 0, 0, 0.14%, 7, 0, 10, 65.69
1734803994, 293, 11, 39, 0, 0, 0.14%, 7, 0, 10, 69.03
1734804034, 294, 20, 39, 0, 0, 0.14%, 7, 0, 10, 67.13
1734804070, 295, 15, 39, 0, 0, 0.14%, 7, 0, 10, 58.91
1734804105, 296, 31, 39, 0, 0, 0.14%, 7, 0, 10, 73.23
1734804110, 297, 15, 39, 0, 0, 0.14%, 7, 0, 10, 64.86
1734804151, 300, 29, 39, 0, 0, 0.14%, 7, 0, 10, 68.21
1734804187, 302, 21, 39, 0, 0, 0.14%, 7, 0, 10, 68.55
1734804222, 302, 23, 39, 0, 0, 0.14%, 7, 0, 10, 65.98
1734804263, 303, 29, 39, 0, 0, 0.14%, 7, 0, 10, 67.21
1734804299, 304, 24, 39, 0, 0, 0.14%, 7, 0, 10, 59.83
1734804304, 305, 20, 39, 0, 0, 0.14%, 7, 0, 10, 57.21
1734804345, 309, 23, 39, 0, 0, 0.14%, 7, 0, 10, 68.78
1734804380, 309, 31, 39, 0, 0, 0.14%, 7, 0, 10, 55.47
1734804396, 310, 24, 39, 0, 0, 0.14%, 7, 0, 10, 60.47
1734804401, 312, 29, 39, 0, 0, 0.14%, 7, 0, 10, 66.78
1734804437, 313, 31, 39, 0, 0, 0.14%, 7, 0, 10, 64.51
1734804462, 315, 25, 39, 0, 0, 0.14%, 7, 0, 10, 62.30
1734804472, 318, 35, 39, 0, 0, 0.14%, 7, 0, 10, 62.54
1734804477, 320, 15, 39, 0, 0, 0.14%, 7, 0, 10, 57.35
1734804513, 320, 20, 39, 0, 0, 0.14%, 7, 0, 10, 62.67
1734804548, 320, 28, 39, 0, 0, 0.14%, 7, 0, 10, 67.11
1734804589, 320, 36, 39, 0, 0, 0.14%, 7, 0, 10, 65.72
1734804624, 322, 15, 39, 0, 0, 0.14%, 7, 0, 10, 54.28
1734804665, 327, 21, 39, 0, 0, 0.14%, 7, 0, 10, 62.85
1734804705, 328, 31, 39, 0, 0, 0.14%, 7, 0, 10, 64.51
1734804741, 328, 32, 39, 0, 0, 0.14%, 7, 0, 10, 81.71
1734804807, 329, 13, 39, 0, 0, 0.14%, 7, 0, 10, 57.18
1734804842, 330, 11, 39, 0, 0, 0.14%, 7, 0, 10, 59.76
1734804883, 330, 21, 39, 0, 0, 0.14%, 7, 0, 10, 61.73
1734804918, 330, 31, 39, 0, 0, 0.14%, 7, 0, 10, 59.79
1734804959, 333, 24, 39, 0, 0, 0.14%, 7, 0, 10, 61.47
1734804964, 333, 25, 39, 0, 0, 0.14%, 7, 0, 10, 58.05
1734804974, 336, 31, 39, 0, 0, 0.14%, 7, 0, 10, 76.70
1734805010, 337, 20, 39, 0, 0, 0.14%, 7, 0, 10, 58.47
1734805050, 337, 32, 39, 0, 0, 0.14%, 7, 0, 10, 66.21
1734805060, 338, 28, 39, 0, 0, 0.14%, 7, 0, 10, 62.37
1734805101, 339, 21, 39, 0, 0, 0.14%, 7, 0, 10, 67.74
1734805136, 340, 35, 39, 0, 0, 0.14%, 7, 0, 10, 72.44
1734805157, 344, 25, 39, 0, 0, 0.14%, 7, 0, 10, 60.23
1734805167, 344, 31, 39, 0, 0, 0.14%, 7, 0, 10, 74.07
1734805202, 345, 13, 39, 0, 0, 0.14%, 7, 0, 10, 57.63
1734805243, 346, 32, 39, 0, 0, 0.14%, 7, 0, 10, 67.38
1734805273, 348, 21, 39, 0, 0, 0.14%, 7, 0, 10, 64.54
1734805309, 348, 29, 39, 0, 0, 0.14%, 7, 0, 10, 62.31
1734805350, 356, 21, 39, 0, 0, 0.14%, 7, 0, 10, 66.21
1734805355, 357, 22, 39, 0, 0, 0.14%, 7, 0, 10, 63.23
1734805395, 360, 21, 39, 0, 0, 0.14%, 7, 0, 10, 61.94
1734805400, 361, 21, 39, 0, 0, 0.14%, 7, 0, 10, 57.14
1734805410, 367, 21, 39, 0, 0, 0.14%, 7, 0, 10, 65.10
1734805415, 369, 23, 39, 0, 0, 0.14%, 7, 0, 10, 60.57
1734805456, 376, 21, 39, 0, 0, 0.14%, 7, 0, 10, 63.70
1734805462, 387, 22, 39, 0, 0, 0.14%, 7, 0, 10, 62.59
1734805502, 389, 22, 39, 0, 0, 0.14%, 7, 0, 10, 63.67
1734805538, 392, 32, 39, 0, 0, 0.14%, 7, 0, 10, 56.44
1734805578, 393, 22, 39, 0, 0, 0.14%, 7, 0, 10, 64.41
1734805614, 394, 22, 39, 0, 0, 0.14%, 7, 0, 10, 67.82
1734805649, 398, 25, 39, 0, 0, 0.14%, 7, 0, 10, 65.03
1734805659, 401, 24, 39, 0, 0, 0.14%, 7, 0, 10, 62.22
1734805664, 404, 15, 39, 0, 0, 0.14%, 7, 0, 10, 56.02
1734805705, 404, 23, 39, 0, 0, 0.14%, 7, 0, 10, 63.90
1734805745, 407, 32, 39, 0, 0, 0.14%, 7, 0, 10, 63.41
1734805781, 409, 23, 39, 0, 0, 0.14%, 7, 0, 10, 67.52
1734805822, 409, 24, 39, 0, 0, 0.14%, 7, 0, 10, 59.98
1734805827, 413, 25, 39, 0, 0, 0.14%, 7, 0, 10, 57.46
1734805832, 420, 24, 39, 0, 0, 0.14%, 7, 0, 10, 60.37
1734805842, 423, 21, 39, 0, 0, 0.14%, 7, 0, 10, 61.41
1734805847, 454, 21, 39, 0, 0, 0.14%, 7, 0, 10, 61.06
1734805857, 458, 21, 39, 0, 0, 0.14%, 7, 0, 10, 65.47
1734805862, 469, 21, 39, 0, 0, 0.14%, 7, 0, 10, 63.59
1734805867, 470, 21, 39, 0, 0, 0.14%, 7, 0, 10, 59.67
1734805878, 479, 24, 39, 0, 0, 0.14%, 7, 0, 10, 57.88
1734805883, 492, 21, 39, 0, 0, 0.14%, 7, 0, 10, 60.52
1734805893, 534, 24, 39, 0, 0, 0.14%, 7, 0, 10, 60.94
1734805898, 539, 21, 39, 0, 0, 0.14%, 7, 0, 10, 61.87
1734805908, 567, 24, 39, 0, 0, 0.14%, 7, 0, 10, 60.23
1734805913, 570, 24, 39, 0, 0, 0.14%, 7, 0, 10, 58.21
1734805923, 571, 21, 39, 0, 0, 0.14%, 7, 0, 10, 62.19
1734805929, 587, 21, 39, 0, 0, 0.14%, 7, 0, 10, 65.05
1734805934, 588, 21, 39, 0, 0, 0.14%, 7, 0, 10, 65.15
1734805944, 616, 21, 39, 0, 0, 0.14%, 7, 0, 10, 61.72
1734805949, 618, 21, 39, 0, 0, 0.14%, 7, 0, 10, 63.10
1734805954, 631, 21, 39, 0, 0, 0.14%, 7, 0, 10, 64.63
1734805964, 634, 21, 39, 0, 0, 0.14%, 7, 0, 10, 61.00
1734805969, 664, 21, 39, 0, 0, 0.14%, 7, 0, 10, 64.48
1734805975, 674, 21, 39, 0, 0, 0.14%, 7, 0, 10, 64.98
1734805985, 677, 21, 39, 0, 0, 0.14%, 7, 0, 10, 62.74
1734805990, 698, 21, 39, 0, 0, 0.14%, 7, 0, 10, 61.59
1734806000, 733, 21, 39, 0, 0, 0.14%, 7, 0, 10, 62.72
1734806005, 804, 21, 39, 0, 0, 0.14%, 7, 0, 10, 63.34
1734806015, 812, 21, 39, 0, 0, 0.14%, 7, 0, 10, 59.05
1734806021, 829, 21, 39, 0, 0, 0.14%, 7, 0, 10, 62.61
1734806026, 833, 21, 39, 0, 0, 0.14%, 7, 0, 10, 64.24
1734806036, 846, 21, 39, 0, 0, 0.14%, 7, 0, 10, 62.48
1734806041, 857, 21, 39, 0, 0, 0.14%, 7, 0, 10, 63.91
1734806046, 908, 21, 39, 0, 0, 0.14%, 7, 0, 10, 65.21
1734806056, 948, 21, 39, 0, 0, 0.14%, 7, 0, 10, 62.61
1734806061, 953, 21, 39, 0, 0, 0.14%, 7, 0, 10, 62.86
1734806071, 977, 21, 39, 0, 0, 0.14%, 7, 0, 10, 60.99
1734806076, 1004, 21, 39, 0, 0, 0.14%, 7, 0, 10, 61.76
1734806081, 1011, 21, 39, 0, 0, 0.14%, 7, 0, 10, 63.66
1734806091, 1020, 21, 39, 0, 0, 0.14%, 7, 0, 10, 58.37
1734806096, 1045, 21, 39, 0, 0, 0.14%, 7, 0, 10, 63.51
1734806101, 1054, 21, 39, 0, 0, 0.14%, 7, 0, 10, 65.89
1734806111, 1062, 21, 39, 0, 0, 0.14%, 7, 0, 10, 61.94
1734806117, 1064, 21, 39, 0, 0, 0.14%, 7, 0, 10, 64.96
1734806127, 1087, 21, 39, 0, 0, 0.14%, 7, 0, 10, 61.05
1734806132, 1102, 21, 39, 0, 0, 0.14%, 7, 0, 10, 66.66
1734806137, 1107, 21, 39, 0, 0, 0.14%, 7, 0, 10, 65.21
1734806147, 1112, 21, 39, 0, 0, 0.14%, 7, 0, 10, 62.12
1734806152, 1120, 21, 39, 0, 0, 0.14%, 7, 0, 10, 62.37
1734806157, 1145, 21, 39, 0, 0, 0.14%, 7, 0, 10, 62.79
1734806168, 1167, 21, 39, 0, 0, 0.14%, 7, 0, 10, 63.00
1734806173, 1168, 21, 39, 0, 0, 0.14%, 7, 0, 10, 66.36
1734806178, 1179, 21, 39, 0, 0, 0.14%, 7, 0, 10, 64.66
1734806188, 1201, 21, 39, 0, 0, 0.14%, 7, 0, 10, 66.92
1734806193, 1206, 21, 39, 0, 0, 0.14%, 7, 0, 10, 62.12
1734806203, 1261, 21, 39, 0, 0, 0.14%, 7, 0, 10, 62.78
1734806208, 1263, 21, 39, 0, 0, 0.14%, 7, 0, 10, 60.58
1734806218, 1270, 21, 39, 0, 0, 0.14%, 7, 0, 10, 62.92
1734806223, 1274, 21, 39, 0, 0, 0.14%, 7, 0, 10, 62.76
1734806228, 1321, 21, 39, 0, 0, 0.14%, 7, 0, 10, 62.78
1734806239, 1323, 21, 39, 0, 0, 0.14%, 7, 0, 10, 60.28
1734806244, 1331, 21, 39, 0, 0, 0.14%, 7, 0, 10, 61.46
1734806254, 1359, 21, 39, 0, 0, 0.14%, 7, 0, 10, 64.21
1734806259, 1366, 21, 39, 0, 0, 0.14%, 7, 0, 10, 61.51
1734806264, 1375, 21, 39, 0, 0, 0.14%, 7, 0, 10, 64.28
1734806274, 1386, 21, 39, 0, 0, 0.14%, 7, 0, 10, 57.91
1734806279, 1419, 21, 39, 0, 0, 0.14%, 7, 0, 10, 64.91
1734806284, 1454, 21, 39, 0, 0, 0.14%, 7, 0, 10, 62.31
1734806294, 1467, 21, 39, 0, 0, 0.14%, 7, 0, 10, 59.66
1734806300, 1470, 21, 39, 0, 0, 0.14%, 7, 0, 10, 64.05
1734806305, 1480, 21, 39, 0, 0, 0.14%, 7, 0, 10, 61.43
1734806315, 1482, 21, 39, 0, 0, 0.14%, 7, 0, 10, 62.02
1734806320, 1486, 21, 39, 0, 0, 0.14%, 7, 0, 10, 63.41
1734806330, 1556, 21, 39, 0, 0, 0.14%, 7, 0, 10, 62.15
1734806335, 1597, 21, 39, 0, 0, 0.14%, 7, 0, 10, 61.84
1734806340, 1607, 21, 39, 0, 0, 0.14%, 7, 0, 10, 62.04
1734806350, 1611, 21, 39, 0, 0, 0.14%, 7, 0, 10, 60.28
1734806356, 1688, 21, 39, 0, 0, 0.14%, 7, 0, 10, 62.58
1734806361, 1710, 21, 39, 0, 0, 0.14%, 7, 0, 10, 68.54
1734806371, 1742, 21, 39, 0, 0, 0.14%, 7, 0, 10, 62.93
1734806376, 1758, 21, 39, 0, 0, 0.14%, 7, 0, 10, 59.11
1734806386, 11084, 0, 39, 0, 0, 0.14%, 7, 0, 10, 0.00
1734806391, 24346, 0, 39, 0, 0, 0.14%, 7, 0, 10, 0.00
1734806396, 37591, 0, 39, 0, 0, 0.14%, 7, 0, 10, 0.00
1734806402, 50862, 0, 39, 0, 0, 0.14%, 7, 0, 10, 0.00
1734806407, 64121, 0, 39, 0, 0, 0.14%, 7, 0, 10, 0.00
1734806412, 77440, 0, 39, 0, 0, 0.14%, 7, 0, 10, 0.00
1734806417, 90723, 0, 39, 0, 0, 0.14%, 7, 0, 10, 0.00
1734806422, 103996, 0, 39, 0, 0, 0.14%, 7, 0, 10, 0.00
1734806428, 117263, 0, 39, 0, 0, 0.14%, 7, 0, 10, 0.00
1734806433, 130479, 0, 39, 0, 0, 0.14%, 7, 0, 10, 0.00
1734806438, 143724, 0, 39, 0, 0, 0.14%, 7, 0, 10, 0.00
1734806443, 156973, 0, 39, 0, 0, 0.14%, 7, 0, 10, 0.00
1734806448, 170244, 0, 39, 0, 0, 0.14%, 7, 0, 10, 0.00
1734806454, 183493, 0, 39, 0, 0, 0.14%, 7, 0, 10, 0.00
1734806459, 196742, 0, 39, 0, 0, 0.14%, 7, 0, 10, 0.00
1734806464, 210028, 0, 39, 0, 0, 0.14%, 7, 0, 10, 0.00
1734806469, 223271, 0, 39, 0, 0, 0.14%, 7, 0, 10, 0.00
1734806474, 236593, 0, 39, 0, 0, 0.14%, 7, 0, 10, 0.00
1734806480, 249857, 0, 39, 0, 0, 0.14%, 7, 0, 10, 0.00
1734806485, 263145, 0, 39, 0, 0, 0.14%, 7, 0, 10, 0.00
1734806490, 276409, 0, 39, 0, 0, 0.14%, 7, 0, 10, 0.00
1734806495, 289661, 0, 39, 0, 0, 0.14%, 7, 0, 10, 0.00
1734806500, 302959, 0, 39, 0, 0, 0.14%, 7, 0, 10, 0.00
1734806506, 316243, 0, 39, 0, 0, 0.14%, 7, 0, 10, 0.00
1734806511, 329479, 0, 39, 0, 0, 0.14%, 7, 0, 10, 0.00
1734806516, 342746, 0, 39, 0, 0, 0.14%, 7, 0, 10, 0.00
1734806521, 355936, 0, 39, 0, 0, 0.14%, 7, 0, 10, 0.00
1734806526, 369183, 0, 39, 0, 0, 0.14%, 7, 0, 10, 0.00
1734806532, 382397, 0, 39, 0, 0, 0.14%, 7, 0, 10, 0.00
1734806537, 395669, 0, 39, 0, 0, 0.14%, 7, 0, 10, 0.00
1734806542, 408880, 0, 39, 0, 0, 0.14%, 7, 0, 10, 0.00
1734806547, 422147, 0, 39, 0, 0, 0.14%, 7, 0, 10, 0.00
1734806552, 435411, 0, 39, 0, 0, 0.14%, 7, 0, 10, 0.00
1734806558, 448658, 0, 39, 0, 0, 0.14%, 7, 0, 10, 0.00
1734806563, 461916, 0, 39, 0, 0, 0.14%, 7, 0, 10, 0.00
1734806568, 475187, 0, 39, 0, 0, 0.14%, 7, 0, 10, 0.00
1734806573, 488499, 0, 39, 0, 0, 0.14%, 7, 0, 10, 0.00
1734806578, 501796, 0, 39, 0, 0, 0.14%, 7, 0, 10, 0.00
1734806584, 515035, 0, 39, 0, 0, 0.14%, 7, 0, 10, 0.00
1734806589, 528281, 0, 39, 0, 0, 0.14%, 7, 0, 10, 0.00
1734806594, 541557, 0, 39, 0, 0, 0.14%, 7, 0, 10, 0.00
1734806599, 554863, 0, 39, 0, 0, 0.14%, 7, 0, 10, 0.00
1734806604, 568093, 0, 39, 0, 0, 0.14%, 7, 0, 10, 0.00
1734806610, 581435, 0, 39, 0, 0, 0.14%, 7, 0, 10, 0.00
1734806615, 594698, 0, 39, 0, 0, 0.14%, 7, 0, 10, 0.00
1734806620, 607983, 0, 39, 0, 0, 0.14%, 7, 0, 10, 0.00
1734806625, 621204, 0, 39, 0, 0, 0.14%, 7, 0, 10, 0.00
1734806630, 634445, 0, 39, 0, 0, 0.14%, 7, 0, 10, 0.00
1734806636, 647754, 0, 39, 0, 0, 0.14%, 7, 0, 10, 0.00
1734806641, 661009, 0, 39, 0, 0, 0.14%, 7, 0, 10, 0.00
1734806646, 674261, 0, 39, 0, 0, 0.14%, 7, 0, 10, 0.00
1734806651, 687485, 0, 39, 0, 0, 0.14%, 7, 0, 10, 0.00
1734806656, 700765, 0, 39, 0, 0, 0.14%, 7, 0, 10, 0.00
1734806662, 713977, 0, 39, 0, 0, 0.14%, 7, 0, 10, 0.00
1734806667, 727215, 0, 39, 0, 0, 0.14%, 7, 0, 10, 0.00
1734806672, 740477, 0, 39, 0, 0, 0.14%, 7, 0, 10, 0.00
1734806677, 753769, 0, 39, 0, 0, 0.14%, 7, 0, 10, 0.00
1734806682, 767033, 0, 39, 0, 0, 0.14%, 7, 0, 10, 0.00
1734806688, 780290, 0, 39, 0, 0, 0.14%, 7, 0, 10, 0.00
1734806693, 793602, 0, 39, 0, 0, 0.14%, 7, 0, 10, 0.00
1734806698, 806829, 0, 39, 0, 0, 0.14%, 7, 0, 10, 0.00
1734806703, 820660, 0, 39, 0, 0, 0.14%, 7, 0, 10, 0.00
1734806708, 833960, 0, 39, 0, 0, 0.14%, 7, 0, 10, 0.00
1734806714, 847182, 0, 39, 0, 0, 0.14%, 7, 0, 10, 0.00
1734806719, 860389, 0, 39, 0, 0, 0.14%, 7, 0, 10, 0.00
1734806724, 873584, 0, 39, 0, 0, 0.14%, 7, 0, 10, 0.00
1734806729, 886818, 0, 39, 0, 0, 0.14%, 7, 0, 10, 0.00
1734806734, 900056, 0, 39, 0, 0, 0.14%, 7, 0, 10, 0.00
1734806740, 913295, 0, 39, 0, 0, 0.14%, 7, 0, 10, 0.00
1734806745, 926617, 0, 39, 0, 0, 0.14%, 7, 0, 10, 0.00
1734806750, 939919, 0, 39, 0, 0, 0.14%, 7, 0, 10, 0.00
1734806755, 953209, 0, 39, 0, 0, 0.14%, 7, 0, 10, 0.00
1734806760, 966500, 0, 39, 0, 0, 0.14%, 7, 0, 10, 0.00
1734806766, 979751, 0, 39, 0, 0, 0.14%, 7, 0, 10, 0.00
1734806771, 993014, 0, 39, 0, 0, 0.14%, 7, 0, 10, 0.00
1734806776, 1006258, 0, 39, 0, 0, 0.14%, 7, 0, 10, 0.00
1734806781, 1019515, 0, 39, 0, 0, 0.14%, 7, 0, 10, 0.00
1734806786, 1032741, 0, 39, 0, 0, 0.14%, 7, 0, 10, 0.00
1734806792, 1046082, 0, 39, 0, 0, 0.14%, 7, 0, 10, 0.00
1734806797, 1059352, 0, 39, 0, 0, 0.14%, 7, 0, 10, 0.00
1734806802, 1072605, 0, 39, 0, 0, 0.14%, 7, 0, 10, 0.00
1734806807, 1085884, 0, 39, 0, 0, 0.14%, 7, 0, 10, 0.00
1734806812, 1099140, 0, 39, 0, 0, 0.14%, 7, 0, 10, 0.00
1734806818, 1112440, 0, 39, 0, 0, 0.14%, 7, 0, 10, 0.00
1734806823, 1125692, 0, 39, 0, 0, 0.14%, 7, 0, 10, 0.00
1734806828, 1138947, 0, 39, 0, 0, 0.14%, 7, 0, 10, 0.00
1734806833, 1152176, 0, 39, 0, 0, 0.14%, 7, 0, 10, 0.00
1734806838, 1165431, 0, 39, 0, 0, 0.14%, 7, 0, 10, 0.00
1734806844, 1178668, 0, 39, 0, 0, 0.14%, 7, 0, 10, 0.00
1734806849, 1191953, 0, 39, 0, 0, 0.14%, 7, 0, 10, 0.00
1734806854, 1205194, 0, 39, 0, 0, 0.14%, 7, 0, 10, 0.00
1734806859, 1218415, 0, 39, 0, 0, 0.14%, 7, 0, 10, 0.00
1734806864, 1231661, 0, 39, 0, 0, 0.14%, 7, 0, 10, 0.00
1734806870, 1244980, 0, 39, 0, 0, 0.14%, 7, 0, 10, 0.00
1734806875, 1258230, 0, 39, 0, 0, 0.14%, 7, 0, 10, 0.00
1734806880, 1271528, 0, 39, 0, 0, 0.14%, 7, 0, 10, 0.00
1734806885, 1285381, 0, 39, 0, 0, 0.14%, 7, 0, 10, 0.00
1734806890, 1298695, 0, 39, 0, 0, 0.14%, 7, 0, 10, 0.00
1734806896, 1311972, 0, 39, 0, 0, 0.14%, 7, 0, 10, 0.00
1734806901, 1325215, 0, 39, 0, 0, 0.14%, 7, 0, 10, 0.00
1734806906, 1338471, 0, 39, 0, 0, 0.14%, 7, 0, 10, 0.00
1734806911, 1351753, 0, 39, 0, 0, 0.14%, 7, 0, 10, 0.00
1734806916, 1365007, 0, 39, 0, 0, 0.14%, 7, 0, 10, 0.00
1734806922, 1378320, 0, 39, 0, 0, 0.14%, 7, 0, 10, 0.00
1734806927, 1391539, 0, 39, 0, 0, 0.14%, 7, 0, 10, 0.00
1734806932, 1404840, 0, 39, 0, 0, 0.14%, 7, 0, 10, 0.00
1734806937, 1418123, 0, 39, 0, 0, 0.14%, 7, 0, 10, 0.00
1734806942, 1431367, 0, 39, 0, 0, 0.14%, 7, 0, 10, 0.00
1734806948, 1444644, 0, 39, 0, 0, 0.14%, 7, 0, 10, 0.00
1734806953, 1457875, 0, 39, 0, 0, 0.14%, 7, 0, 10, 0.00
1734806958, 1471190, 0, 39, 0, 0, 0.14%, 7, 0, 10, 0.00
1734806963, 1484482, 0, 39, 0, 0, 0.14%, 7, 0, 10, 0.00
1734806968, 1497784, 0, 39, 0, 0, 0.14%, 7, 0, 10, 0.00
1734806974, 1511065, 0, 39, 0, 0, 0.14%, 7, 0, 10, 0.00
1734806979, 1524309, 0, 39, 0, 0, 0.14%, 7, 0, 10, 0.00
1734806984, 1537598, 0, 39, 0, 0, 0.14%, 7, 0, 10, 0.00
1734806989, 1550833, 0, 39, 0, 0, 0.14%, 7, 0, 10, 0.00
1734806994, 1564113, 0, 39, 0, 0, 0.14%, 7, 0, 10, 0.00
1734807000, 1577371, 0, 39, 0, 0, 0.14%, 7, 0, 10, 0.00
1734807005, 1590667, 0, 39, 0, 0, 0.14%, 7, 0, 10, 0.00
1734807010, 1603908, 0, 39, 0, 0, 0.14%, 7, 0, 10, 0.00
1734807015, 1617131, 0, 39, 0, 0, 0.14%, 7, 0, 10, 0.00
1734807020, 1630382, 0, 39, 0, 0, 0.14%, 7, 0, 10, 0.00
1734807026, 1643685, 0, 39, 0, 0, 0.14%, 7, 0, 10, 0.00
1734807031, 1656946, 0, 39, 0, 0, 0.14%, 7, 0, 10, 0.00
1734807036, 1670243, 0, 39, 0, 0, 0.14%, 7, 0, 10, 0.00
1734807041, 1683455, 0, 39, 0, 0, 0.14%, 7, 0, 10, 0.00
1734807046, 1696734, 0, 39, 0, 0, 0.14%, 7, 0, 10, 0.00
1734807052, 1709959, 0, 39, 0, 0, 0.14%, 7, 0, 10, 0.00
1734807057, 1723174, 0, 39, 0, 0, 0.14%, 7, 0, 10, 0.00
1734807062, 1736501, 0, 39, 0, 0, 0.14%, 7, 0, 10, 0.00
1734807067, 1749812, 0, 39, 0, 0, 0.14%, 7, 0, 10, 0.00
1734807072, 1763023, 0, 39, 0, 0, 0.14%, 7, 0, 10, 0.00
1734807078, 1776210, 0, 39, 0, 0, 0.14%, 7, 0, 10, 0.00
1734807083, 1789442, 0, 39, 0, 0, 0.14%, 7, 0, 10, 0.00
1734807088, 1802715, 0, 39, 0, 0, 0.14%, 7, 0, 10, 0.00
1734807093, 1815958, 0, 39, 0, 0, 0.14%, 7, 0, 10, 0.00
1734807098, 1829234, 0, 39, 0, 0, 0.14%, 7, 0, 10, 0.00
1734807104, 1842513, 0, 39, 0, 0, 0.14%, 7, 0, 10, 0.00
1734807109, 1855740, 0, 39, 0, 0, 0.14%, 7, 0, 10, 0.00
1734807114, 1868967, 0, 39, 0, 0, 0.14%, 7, 0, 10, 0.00
1734807119, 1882209, 0, 39, 0, 0, 0.14%, 7, 0, 10, 0.00
1734807124, 1896016, 0, 39, 0, 0, 0.14%, 7, 0, 10, 0.00
1734807130, 1909233, 0, 39, 0, 0, 0.14%, 7, 0, 10, 0.00
1734807135, 1922486, 0, 39, 0, 0, 0.14%, 7, 0, 10, 0.00
1734807140, 1935728, 0, 39, 0, 0, 0.14%, 7, 0, 10, 0.00
1734807145, 1948943, 0, 39, 0, 0, 0.14%, 7, 0, 10, 0.00
1734807150, 1962206, 0, 39, 0, 0, 0.14%, 7, 0, 10, 0.00
1734807156, 1975432, 0, 39, 0, 0, 0.14%, 7, 0, 10, 0.00
1734807161, 1988664, 0, 39, 0, 0, 0.14%, 7, 0, 10, 0.00
1734807166, 2001847, 0, 39, 0, 0, 0.14%, 7, 0, 10, 0.00
1734807171, 2015104, 0, 39, 0, 0, 0.14%, 7, 0, 10, 0.00
1734807176, 2029403, 0, 39, 0, 0, 0.14%, 7, 0, 10, 0.00
1734807182, 2042602, 0, 39, 0, 0, 0.14%, 7, 0, 10, 0.00
1734807187, 2055812, 0, 39, 0, 0, 0.14%, 7, 0, 10, 0.00
1734807192, 2069052, 0, 39, 0, 0, 0.14%, 7, 0, 10, 0.00
1734807197, 2082348, 0, 39, 0, 0, 0.14%, 7, 0, 10, 0.00
1734807202, 2095583, 0, 39, 0, 0, 0.14%, 7, 0, 10, 0.00
1734807208, 2108834, 0, 39, 0, 0, 0.14%, 7, 0, 10, 0.00
1734807213, 2122114, 0, 39, 0, 0, 0.14%, 7, 0, 10, 0.00
1734807218, 2135309, 0, 39, 0, 0, 0.14%, 7, 0, 10, 0.00
1734807223, 2148559, 0, 39, 0, 0, 0.14%, 7, 0, 10, 0.00
1734807228, 2161779, 0, 39, 0, 0, 0.14%, 7, 0, 10, 0.00
1734807234, 2175002, 0, 39, 0, 0, 0.14%, 7, 0, 10, 0.00
1734807239, 2188291, 0, 39, 0, 0, 0.14%, 7, 0, 10, 0.00
1734807244, 2201571, 0, 39, 0, 0, 0.14%, 7, 0, 10, 0.00
1734807249, 2214805, 0, 39, 0, 0, 0.14%, 7, 0, 10, 0.00
1734807254, 2228012, 0, 39, 0, 0, 0.14%, 7, 0, 10, 0.00
1734807260, 2241258, 0, 39, 0, 0, 0.14%, 7, 0, 10, 0.00
1734807265, 2254521, 0, 39, 0, 0, 0.14%, 7, 0, 10, 0.00
1734807270, 2267788, 0, 39, 0, 0, 0.14%, 7, 0, 10, 0.00
1734807275, 2281020, 0, 39, 0, 0, 0.14%, 7, 0, 10, 0.00
1734807280, 2294318, 0, 39, 0, 0, 0.14%, 7, 0, 10, 0.00
1734807286, 2307549, 0, 39, 0, 0, 0.14%, 7, 0, 10, 0.00
1734807291, 2320823, 0, 39, 0, 0, 0.14%, 7, 0, 10, 0.00
1734807296, 2334601, 0, 39, 0, 0, 0.14%, 7, 0, 10, 0.00
1734807301, 2347863, 0, 39, 0, 0, 0.14%, 7, 0, 10, 0.00
1734807306, 2361148, 0, 39, 0, 0, 0.14%, 7, 0, 10, 0.00
1734807312, 2374366, 0, 39, 0, 0, 0.14%, 7, 0, 10, 0.00
1734807317, 2387618, 0, 39, 0, 0, 0.14%, 7, 0, 10, 0.00
1734807322, 2400854, 0, 39, 0, 0, 0.14%, 7, 0, 10, 0.00
1734807327, 2414105, 0, 39, 0, 0, 0.14%, 7, 0, 10, 0.00
1734807332, 2427360, 0, 39, 0, 0, 0.14%, 7, 0, 10, 0.00
1734807338, 2440610, 0, 39, 0, 0, 0.14%, 7, 0, 10, 0.00
1734807343, 2453877, 0, 39, 0, 0, 0.14%, 7, 0, 10, 0.00
1734807348, 2467024, 0, 39, 0, 0, 0.14%, 7, 0, 10, 0.00
1734807353, 2480229, 0, 39, 0, 0, 0.14%, 7, 0, 10, 0.00
1734807358, 2493497, 0, 39, 0, 0, 0.14%, 7, 0, 10, 0.00
1734807364, 2506723, 0, 39, 0, 0, 0.14%, 7, 0, 10, 0.00
1734807369, 2519967, 0, 39, 0, 0, 0.14%, 7, 0, 10, 0.00
1734807374, 2533238, 0, 39, 0, 0, 0.14%, 7, 0, 10, 0.00
1734807379, 2546460, 0, 39, 0, 0, 0.14%, 7, 0, 10, 0.00
1734807384, 2559710, 0, 39, 0, 0, 0.14%, 7, 0, 10, 0.00
1734807390, 2572971, 0, 39, 0, 0, 0.14%, 7, 0, 10, 0.00
1734807395, 2586271, 0, 39, 0, 0, 0.14%, 7, 0, 10, 0.00
1734807400, 2599520, 0, 39, 0, 0, 0.14%, 7, 0, 10, 0.00
1734807405, 2612757, 0, 39, 0, 0, 0.14%, 7, 0, 10, 0.00
1734807410, 2626033, 0, 39, 0, 0, 0.14%, 7, 0, 10, 0.00
1734807416, 2639296, 0, 39, 0, 0, 0.14%, 7, 0, 10, 0.00
1734807421, 2653111, 0, 39, 0, 0, 0.14%, 7, 0, 10, 0.00
1734807426, 2666397, 0, 39, 0, 0, 0.14%, 7, 0, 10, 0.00
1734807431, 2679690, 0, 39, 0, 0, 0.14%, 7, 0, 10, 0.00
1734807436, 2692975, 0, 39, 0, 0, 0.14%, 7, 0, 10, 0.00
1734807442, 2706227, 0, 39, 0, 0, 0.14%, 7, 0, 10, 0.00
1734807447, 2719440, 0, 39, 0, 0, 0.14%, 7, 0, 10, 0.00
1734807452, 2732738, 0, 39, 0, 0, 0.14%, 7, 0, 10, 0.00
1734807457, 2746006, 0, 39, 0, 0, 0.14%, 7, 0, 10, 0.00
1734807462, 2759261, 0, 39, 0, 0, 0.14%, 7, 0, 10, 0.00
1734807468, 2772494, 0, 39, 0, 0, 0.14%, 7, 0, 10, 0.00
1734807473, 2785716, 0, 39, 0, 0, 0.14%, 7, 0, 10, 0.00
1734807478, 2798970, 0, 39, 0, 0, 0.14%, 7, 0, 10, 0.00
1734807483, 2812275, 0, 39, 0, 0, 0.14%, 7, 0, 10, 0.00
1734807488, 2825528, 0, 39, 0, 0, 0.14%, 7, 0, 10, 0.00
1734807494, 2838810, 0, 39, 0, 0, 0.14%, 7, 0, 10, 0.00
1734807499, 2852026, 0, 39, 0, 0, 0.14%, 7, 0, 10, 0.00
1734807504, 2865272, 0, 39, 0, 0, 0.14%, 7, 0, 10, 0.00
1734807509, 2878551, 0, 39, 0, 0, 0.14%, 7, 0, 10, 0.00
1734807514, 2891805, 0, 39, 0, 0, 0.14%, 7, 0, 10, 0.00
1734807520, 2905095, 0, 39, 0, 0, 0.14%, 7, 0, 10, 0.00
1734807525, 2918328, 0, 39, 0, 0, 0.14%, 7, 0, 10, 0.00
1734807530, 2931524, 0, 39, 0, 0, 0.14%, 7, 0, 10, 0.00
1734807535, 2944811, 0, 39, 0, 0, 0.14%, 7, 0, 10, 0.00
1734807540, 2958097, 0, 39, 0, 0, 0.14%, 7, 0, 10, 0.00
1734807546, 2971363, 0, 39, 0, 0, 0.14%, 7, 0, 10, 0.00
1734807551, 2984612, 0, 39, 0, 0, 0.14%, 7, 0, 10, 0.00
1734807556, 2997849, 0, 39, 0, 0, 0.14%, 7, 0, 10, 0.00
1734807561, 3011144, 0, 39, 0, 0, 0.14%, 7, 0, 10, 0.00
1734807566, 3024387, 0, 39, 0, 0, 0.14%, 7, 0, 10, 0.00
1734807572, 3037659, 0, 39, 0, 0, 0.14%, 7, 0, 10, 0.00
1734807577, 3050871, 0, 39, 0, 0, 0.14%, 7, 0, 10, 0.00
1734807582, 3064188, 0, 39, 0, 0, 0.14%, 7, 0, 10, 0.00
1734807587, 3077440, 0, 39, 0, 0, 0.14%, 7, 0, 10, 0.00
1734807592, 3090677, 0, 39, 0, 0, 0.14%, 7, 0, 10, 0.00
1734807598, 3103920, 0, 39, 0, 0, 0.14%, 7, 0, 10, 0.00
1734807603, 3117209, 0, 39, 0, 0, 0.14%, 7, 0, 10, 0.00
1734807608, 3130458, 0, 39, 0, 0, 0.14%, 7, 0, 10, 0.00
1734807613, 3143713, 0, 39, 0, 0, 0.14%, 7, 0, 10, 0.00
1734807618, 3156973, 0, 39, 0, 0, 0.14%, 7, 0, 10, 0.00
1734807624, 3170246, 0, 39, 0, 0, 0.14%, 7, 0, 10, 0.00
1734807629, 3183460, 0, 39, 0, 0, 0.14%, 7, 0, 10, 0.00
1734807634, 3197211, 0, 39, 0, 0, 0.14%, 7, 0, 10, 0.00
1734807639, 3210459, 0, 39, 0, 0, 0.14%, 7, 0, 10, 0.00
1734807644, 3223716, 0, 39, 0, 0, 0.14%, 7, 0, 10, 0.00
1734807650, 3236936, 0, 39, 0, 0, 0.14%, 7, 0, 10, 0.00
1734807655, 3250218, 0, 39, 0, 0, 0.14%, 7, 0, 10, 0.00
1734807660, 3263461, 0, 39, 0, 0, 0.14%, 7, 0, 10, 0.00
1734807665, 3276745, 0, 39, 0, 0, 0.14%, 7, 0, 10, 0.00
1734807670, 3289973, 0, 39, 0, 0, 0.14%, 7, 0, 10, 0.00
1734807676, 3303227, 0, 39, 0, 0, 0.14%, 7, 0, 10, 0.00
1734807681, 3316485, 0, 39, 0, 0, 0.14%, 7, 0, 10, 0.00
1734807686, 3329767, 0, 39, 0, 0, 0.14%, 7, 0, 10, 0.00
1734807691, 3343092, 0, 39, 0, 0, 0.14%, 7, 0, 10, 0.00
1734807696, 3356333, 0, 39, 0, 0, 0.14%, 7, 0, 10, 0.00
1734807702, 3369546, 0, 39, 0, 0, 0.14%, 7, 0, 10, 0.00
1734807707, 3382814, 0, 39, 0, 0, 0.14%, 7, 0, 10, 0.00
1734807712, 3396085, 0, 39, 0, 0, 0.14%, 7, 0, 10, 0.00
1734807717, 3409323, 0, 39, 0, 0, 0.14%, 7, 0, 10, 0.00
1734807722, 3422534, 0, 39, 0, 0, 0.14%, 7, 0, 10, 0.00
1734807728, 3436316, 0, 39, 0, 0, 0.14%, 7, 0, 10, 0.00
1734807733, 3449539, 0, 39, 0, 0, 0.14%, 7, 0, 10, 0.00
1734807738, 3462821, 0, 39, 0, 0, 0.14%, 7, 0, 10, 0.00
1734807743, 3475980, 0, 39, 0, 0, 0.14%, 7, 0, 10, 0.00
1734807748, 3489230, 0, 39, 0, 0, 0.14%, 7, 0, 10, 0.00
1734807754, 3502471, 0, 39, 0, 0, 0.14%, 7, 0, 10, 0.00
1734807759, 3515773, 0, 39, 0, 0, 0.14%, 7, 0, 10, 0.00
1734807764, 3529029, 0, 39, 0, 0, 0.14%, 7, 0, 10, 0.00
1734807769, 3542297, 0, 39, 0, 0, 0.14%, 7, 0, 10, 0.00
1734807774, 3555536, 0, 39, 0, 0, 0.14%, 7, 0, 10, 0.00
1734807780, 3568780, 0, 39, 0, 0, 0.14%, 7, 0, 10, 0.00
1734807785, 3582065, 0, 39, 0, 0, 0.14%, 7, 0, 10, 0.00
1734807790, 3595307, 0, 39, 0, 0, 0.14%, 7, 0, 10, 0.00
1734807795, 3608549, 0, 39, 0, 0, 0.14%, 7, 0, 10, 0.00
1734807800, 3621779, 0, 39, 0, 0, 0.14%, 7, 0, 10, 0.00
1734807806, 3635519, 0, 39, 0, 0, 0.14%, 7, 0, 10, 0.00
1734807811, 3648763, 0, 39, 0, 0, 0.14%, 7, 0, 10, 0.00
1734807816, 3662047, 0, 39, 0, 0, 0.14%, 7, 0, 10, 0.00
1734807821, 3675245, 0, 39, 0, 0, 0.14%, 7, 0, 10, 0.00
1734807826, 3688502, 0, 39, 0, 0, 0.14%, 7, 0, 10, 0.00
1734807832, 3702273, 0, 39, 0, 0, 0.14%, 7, 0, 10, 0.00
1734807837, 3715482, 0, 39, 0, 0, 0.14%, 7, 0, 10, 0.00
1734807842, 3728728, 0, 39, 0, 0, 0.14%, 7, 0, 10, 0.00
1734807847, 3741954, 0, 39, 0, 0, 0.14%, 7, 0, 10, 0.00
1734807852, 3755203, 0, 39, 0, 0, 0.14%, 7, 0, 10, 0.00
1734807858, 3768418, 0, 39, 0, 0, 0.14%, 7, 0, 10, 0.00
1734807863, 3781653, 0, 39, 0, 0, 0.14%, 7, 0, 10, 0.00
1734807868, 3794849, 0, 39, 0, 0, 0.14%, 7, 0, 10, 0.00
1734807873, 3808646, 0, 39, 0, 0, 0.14%, 7, 0, 10, 0.00
1734807878, 3821926, 0, 39, 0, 0, 0.14%, 7, 0, 10, 0.00
1734807884, 3835181, 0, 39, 0, 0, 0.14%, 7, 0, 10, 0.00
1734807889, 3848421, 0, 39, 0, 0, 0.14%, 7, 0, 10, 0.00
1734807894, 3861631, 0, 39, 0, 0, 0.14%, 7, 0, 10, 0.00
1734807899, 3874846, 0, 39, 0, 0, 0.14%, 7, 0, 10, 0.00
1734807904, 3888132, 0, 39, 0, 0, 0.14%, 7, 0, 10, 0.00
1734807910, 3901435, 0, 39, 0, 0, 0.14%, 7, 0, 10, 0.00
1734807915, 3914662, 0, 39, 0, 0, 0.14%, 7, 0, 10, 0.00
1734807920, 3927918, 0, 39, 0, 0, 0.14%, 7, 0, 10, 0.00
1734807925, 3941211, 0, 39, 0, 0, 0.14%, 7, 0, 10, 0.00
1734807930, 3954465, 0, 39, 0, 0, 0.14%, 7, 0, 10, 0.00
1734807936, 3967776, 0, 39, 0, 0, 0.14%, 7, 0, 10, 0.00
1734807941, 3981009, 0, 39, 0, 0, 0.14%, 7, 0, 10, 0.00
1734807946, 3994267, 0, 39, 0, 0, 0.14%, 7, 0, 10, 0.00
1734807951, 4007554, 0, 39, 0, 0, 0.14%, 7, 0, 10, 0.00
1734807956, 4020824, 0, 39, 0, 0, 0.14%, 7, 0, 10, 0.00
1734807962, 4034623, 0, 39, 0, 0, 0.14%, 7, 0, 10, 0.00
1734807967, 4047830, 0, 39, 0, 0, 0.14%, 7, 0, 10, 0.00
1734807972, 4061051, 0, 39, 0, 0, 0.14%, 7, 0, 10, 0.00
1734807977, 4074276, 0, 39, 0, 0, 0.14%, 7, 0, 10, 0.00
1734807982, 4087499, 0, 39, 0, 0, 0.14%, 7, 0, 10, 0.00
1734807988, 4100738, 0, 39, 0, 0, 0.14%, 7, 0, 10, 0.00
1734807993, 4113999, 0, 39, 0, 0, 0.14%, 7, 0, 10, 0.00
1734807998, 4127241, 0, 39, 0, 0, 0.14%, 7, 0, 10, 0.00
1734808003, 4140459, 0, 39, 0, 0, 0.14%, 7, 0, 10, 0.00
1734808008, 4154250, 0, 39, 0, 0, 0.14%, 7, 0, 10, 0.00
1734808014, 4167507, 0, 39, 0, 0, 0.14%, 7, 0, 10, 0.00
1734808019, 4180820, 0, 39, 0, 0, 0.14%, 7, 0, 10, 0.00
1734808024, 4194042, 0, 39, 0, 0, 0.14%, 7, 0, 10, 0.00
1734808029, 4207272, 0, 39, 0, 0, 0.14%, 7, 0, 10, 0.00
1734808034, 4220528, 0, 39, 0, 0, 0.14%, 7, 0, 10, 0.00
1734808040, 4233741, 0, 39, 0, 0, 0.14%, 7, 0, 10, 0.00
1734808045, 4247525, 0, 39, 0, 0, 0.14%, 7, 0, 10, 0.00
1734808050, 4260774, 0, 39, 0, 0, 0.14%, 7, 0, 10, 0.00
1734808055, 4274542, 0, 39, 0, 0, 0.14%, 7, 0, 10, 0.00
1734808060, 4287760, 0, 39, 0, 0, 0.14%, 7, 0, 10, 0.00
1734808066, 4301614, 0, 39, 0, 0, 0.14%, 7, 0, 10, 0.00
1734808071, 4315354, 0, 39, 0, 0, 0.14%, 7, 0, 10, 0.00
1734808076, 4328619, 0, 39, 0, 0, 0.14%, 7, 0, 10, 0.00
1734808081, 4341827, 0, 39, 0, 0, 0.14%, 7, 0, 10, 0.00
1734808086, 4355080, 0, 39, 0, 0, 0.14%, 7, 0, 10, 0.00
1734808092, 4368314, 0, 39, 0, 0, 0.14%, 7, 0, 10, 0.00
1734808097, 4382068, 0, 39, 0, 0, 0.14%, 7, 0, 10, 0.00
1734808102, 4395803, 0, 39, 0, 0, 0.14%, 7, 0, 10, 0.00
1734808107, 4409095, 0, 39, 0, 0, 0.14%, 7, 0, 10, 0.00
1734808112, 4422346, 0, 39, 0, 0, 0.14%, 7, 0, 10, 0.00
1734808118, 4435608, 0, 39, 0, 0, 0.14%, 7, 0, 10, 0.00
1734808123, 4448830, 0, 39, 0, 0, 0.14%, 7, 0, 10, 0.00
1734808128, 4462101, 0, 39, 0, 0, 0.14%, 7, 0, 10, 0.00
1734808133, 4475362, 0, 39, 0, 0, 0.14%, 7, 0, 10, 0.00
1734808138, 4488579, 0, 39, 0, 0, 0.14%, 7, 0, 10, 0.00
1734808144, 4501781, 0, 39, 0, 0, 0.14%, 7, 0, 10, 0.00
1734808149, 4515052, 0, 39, 0, 0, 0.14%, 7, 0, 10, 0.00
1734808154, 4528853, 0, 39, 0, 0, 0.14%, 7, 0, 10, 0.00
1734808159, 4542094, 0, 39, 0, 0, 0.14%, 7, 0, 10, 0.00
1734808164, 4555381, 0, 39, 0, 0, 0.14%, 7, 0, 10, 0.00
1734808170, 4568614, 0, 39, 0, 0, 0.14%, 7, 0, 10, 0.00
1734808175, 4581868, 0, 39, 0, 0, 0.14%, 7, 0, 10, 0.00
1734808180, 4595096, 0, 39, 0, 0, 0.14%, 7, 0, 10, 0.00
1734808185, 4608371, 0, 39, 0, 0, 0.14%, 7, 0, 10, 0.00
1734808190, 4621617, 0, 39, 0, 0, 0.14%, 7, 0, 10, 0.00
1734808196, 4634881, 0, 39, 0, 0, 0.14%, 7, 0, 10, 0.00
1734808201, 4648077, 0, 39, 0, 0, 0.14%, 7, 0, 10, 0.00
1734808206, 4661331, 0, 39, 0, 0, 0.14%, 7, 0, 10, 0.00
1734808211, 4674594, 0, 39, 0, 0, 0.14%, 7, 0, 10, 0.00
1734808216, 4687834, 0, 39, 0, 0, 0.14%, 7, 0, 10, 0.00
1734808222, 4701052, 0, 39, 0, 0, 0.14%, 7, 0, 10, 0.00
1734808227, 4714321, 0, 39, 0, 0, 0.14%, 7, 0, 10, 0.00
1734808232, 4728090, 0, 39, 0, 0, 0.14%, 7, 0, 10, 0.00
1734808237, 4741329, 0, 39, 0, 0, 0.14%, 7, 0, 10, 0.00
1734808242, 4754551, 0, 39, 0, 0, 0.14%, 7, 0, 10, 0.00
1734808248, 4767817, 0, 39, 0, 0, 0.14%, 7, 0, 10, 0.00
1734808253, 4781164, 0, 39, 0, 0, 0.14%, 7, 0, 10, 0.00
1734808258, 4794942, 0, 39, 0, 0, 0.14%, 7, 0, 10, 0.00
1734808263, 4808215, 0, 39, 0, 0, 0.14%, 7, 0, 10, 0.00
1734808268, 4821500, 0, 39, 0, 0, 0.14%, 7, 0, 10, 0.00
1734808274, 4834779, 0, 39, 0, 0, 0.14%, 7, 0, 10, 0.00
1734808279, 4848019, 0, 39, 0, 0, 0.14%, 7, 0, 10, 0.00
1734808284, 4861281, 0, 39, 0, 0, 0.14%, 7, 0, 10, 0.00
1734808289, 4874563, 0, 39, 0, 0, 0.14%, 7, 0, 10, 0.00
1734808294, 4887811, 0, 39, 0, 0, 0.14%, 7, 0, 10, 0.00
1734808300, 4901541, 0, 39, 0, 0, 0.14%, 7, 0, 10, 0.00
1734808305, 4914801, 0, 39, 0, 0, 0.14%, 7, 0, 10, 0.00
1734808310, 4928070, 0, 39, 0, 0, 0.14%, 7, 0, 10, 0.00
1734808315, 4941331, 0, 39, 0, 0, 0.14%, 7, 0, 10, 0.00
1734808320, 4954547, 0, 39, 0, 0, 0.14%, 7, 0, 10, 0.00
1734808326, 4967857, 0, 39, 0, 0, 0.14%, 7, 0, 10, 0.00
1734808331, 4981129, 0, 39, 0, 0, 0.14%, 7, 0, 10, 0.00
1734808336, 4994337, 0, 39, 0, 0, 0.14%, 7, 0, 10, 0.00
1734808341, 5007589, 0, 39, 0, 0, 0.14%, 7, 0, 10, 0.00
1734808346, 5020847, 0, 39, 0, 0, 0.14%, 7, 0, 10, 0.00
1734808352, 5034041, 0, 39, 0, 0, 0.14%, 7, 0, 10, 0.00
1734808357, 5047297, 0, 39, 0, 0, 0.14%, 7, 0, 10, 0.00
1734808362, 5060489, 0, 39, 0, 0, 0.14%, 7, 0, 10, 0.00
1734808367, 5073790, 0, 39, 0, 0, 0.14%, 7, 0, 10, 0.00
1734808372, 5087053, 0, 39, 0, 0, 0.14%, 7, 0, 10, 0.00
1734808378, 5100209, 0, 39, 0, 0, 0.14%, 7, 0, 10, 0.00
1734808383, 5113435, 0, 39, 0, 0, 0.14%, 7, 0, 10, 0.00
1734808388, 5126722, 0, 39, 0, 0, 0.14%, 7, 0, 10, 0.00
1734808393, 5139982, 0, 39, 0, 0, 0.14%, 7, 0, 10, 0.00
1734808398, 5153177, 0, 39, 0, 0, 0.14%, 7, 0, 10, 0.00
1734808404, 5166460, 0, 39, 0, 0, 0.14%, 7, 0, 10, 0.00
1734808409, 5179699, 0, 39, 0, 0, 0.14%, 7, 0, 10, 0.00
1734808414, 5194018, 0, 39, 0, 0, 0.14%, 7, 0, 10, 0.00
1734808419, 5207288, 0, 39, 0, 0, 0.14%, 7, 0, 10, 0.00
1734808424, 5220512, 0, 39, 0, 0, 0.14%, 7, 0, 10, 0.00
1734808430, 5234286, 0, 39, 0, 0, 0.14%, 7, 0, 10, 0.00
1734808435, 5247525, 0, 39, 0, 0, 0.14%, 7, 0, 10, 0.00
1734808440, 5260804, 0, 39, 0, 0, 0.14%, 7, 0, 10, 0.00
1734808445, 5274071, 0, 39, 0, 0, 0.14%, 7, 0, 10, 0.00
1734808450, 5287265, 0, 39, 0, 0, 0.14%, 7, 0, 10, 0.00
1734808456, 5301039, 0, 39, 0, 0, 0.14%, 7, 0, 10, 0.00
1734808461, 5314820, 0, 39, 0, 0, 0.14%, 7, 0, 10, 0.00
1734808466, 5328533, 0, 39, 0, 0, 0.14%, 7, 0, 10, 0.00
1734808471, 5341790, 0, 39, 0, 0, 0.14%, 7, 0, 10, 0.00
1734808476, 5355584, 0, 39, 0, 0, 0.14%, 7, 0, 10, 0.00
1734808482, 5368799, 0, 39, 0, 0, 0.14%, 7, 0, 10, 0.00
1734808487, 5381997, 0, 39, 0, 0, 0.14%, 7, 0, 10, 0.00
1734808492, 5395241, 0, 39, 0, 0, 0.14%, 7, 0, 10, 0.00
1734808497, 5408423, 0, 39, 0, 0, 0.14%, 7, 0, 10, 0.00
1734808502, 5421585, 0, 39, 0, 0, 0.14%, 7, 0, 10, 0.00
1734808508, 5435380, 0, 39, 0, 0, 0.14%, 7, 0, 10, 0.00
1734808513, 5448571, 0, 39, 0, 0, 0.14%, 7, 0, 10, 0.00
1734808518, 5461803, 0, 39, 0, 0, 0.14%, 7, 0, 10, 0.00
1734808523, 5475038, 0, 39, 0, 0, 0.14%, 7, 0, 10, 0.00
1734808528, 5488303, 0, 39, 0, 0, 0.14%, 7, 0, 10, 0.00
1734808534, 5501464, 0, 39, 0, 0, 0.14%, 7, 0, 10, 0.00
1734808539, 5515197, 0, 39, 0, 0, 0.14%, 7, 0, 10, 0.00
1734808544, 5528429, 0, 39, 0, 0, 0.14%, 7, 0, 10, 0.00
1734808549, 5541612, 0, 39, 0, 0, 0.14%, 7, 0, 10, 0.00
1734808554, 5554842, 0, 39, 0, 0, 0.14%, 7, 0, 10, 0.00
1734808560, 5568099, 0, 39, 0, 0, 0.14%, 7, 0, 10, 0.00
1734808565, 5581315, 0, 39, 0, 0, 0.14%, 7, 0, 10, 0.00
1734808570, 5595156, 0, 39, 0, 0, 0.14%, 7, 0, 10, 0.00
1734808575, 5608349, 0, 39, 0, 0, 0.14%, 7, 0, 10, 0.00
1734808580, 5621539, 0, 39, 0, 0, 0.14%, 7, 0, 10, 0.00
1734808586, 5634721, 0, 39, 0, 0, 0.14%, 7, 0, 10, 0.00
1734808591, 5647974, 0, 39, 0, 0, 0.14%, 7, 0, 10, 0.00
1734808596, 5661752, 0, 39, 0, 0, 0.14%, 7, 0, 10, 0.00
1734808601, 5675078, 0, 39, 0, 0, 0.14%, 7, 0, 10, 0.00
1734808606, 5688304, 0, 39, 0, 0, 0.14%, 7, 0, 10, 0.00
1734808612, 5701536, 0, 39, 0, 0, 0.14%, 7, 0, 10, 0.00
1734808617, 5714740, 0, 39, 0, 0, 0.14%, 7, 0, 10, 0.00
1734808622, 5728032, 0, 39, 0, 0, 0.14%, 7, 0, 10, 0.00
1734808627, 5741257, 0, 39, 0, 0, 0.14%, 7, 0, 10, 0.00
1734808632, 5754517, 0, 39, 0, 0, 0.14%, 7, 0, 10, 0.00
1734808638, 5767767, 0, 39, 0, 0, 0.14%, 7, 0, 10, 0.00
1734808643, 5781001, 0, 39, 0, 0, 0.14%, 7, 0, 10, 0.00
1734808648, 5794201, 0, 39, 0, 0, 0.14%, 7, 0, 10, 0.00
1734808653, 5807400, 0, 39, 0, 0, 0.14%, 7, 0, 10, 0.00
1734808658, 5820615, 0, 39, 0, 0, 0.14%, 7, 0, 10, 0.00
1734808664, 5833823, 0, 39, 0, 0, 0.14%, 7, 0, 10, 0.00
1734808669, 5847591, 0, 39, 0, 0, 0.14%, 7, 0, 10, 0.00
1734808674, 5861375, 0, 39, 0, 0, 0.14%, 7, 0, 10, 0.00
1734808679, 5874594, 0, 39, 0, 0, 0.14%, 7, 0, 10, 0.00
1734808684, 5887824, 0, 39, 0, 0, 0.14%, 7, 0, 10, 0.00
1734808690, 5901065, 0, 39, 0, 0, 0.14%, 7, 0, 10, 0.00
1734808695, 5914249, 0, 39, 0, 0, 0.14%, 7, 0, 10, 0.00
1734808700, 5927600, 0, 39, 0, 0, 0.14%, 7, 0, 10, 0.00
1734808705, 5941262, 0, 39, 0, 0, 0.14%, 7, 0, 10, 0.00
1734808710, 5955626, 0, 39, 0, 0, 0.14%, 7, 0, 10, 0.00
1734808716, 5968880, 0, 39, 0, 0, 0.14%, 7, 0, 10, 0.00
1734808721, 5982090, 0, 39, 0, 0, 0.14%, 7, 0, 10, 0.00
1734808726, 5995299, 0, 39, 0, 0, 0.14%, 7, 0, 10, 0.00
1734808731, 6008555, 0, 39, 0, 0, 0.14%, 7, 0, 10, 0.00
1734808736, 6021781, 0, 39, 0, 0, 0.14%, 7, 0, 10, 0.00
1734808742, 6035044, 0, 39, 0, 0, 0.14%, 7, 0, 10, 0.00
1734808747, 6048297, 0, 39, 0, 0, 0.14%, 7, 0, 10, 0.00
1734808752, 6061606, 0, 39, 0, 0, 0.14%, 7, 0, 10, 0.00
1734808757, 6074847, 0, 39, 0, 0, 0.14%, 7, 0, 10, 0.00
1734808762, 6088059, 0, 39, 0, 0, 0.14%, 7, 0, 10, 0.00
1734808768, 6101305, 0, 39, 0, 0, 0.14%, 7, 0, 10, 0.00
1734808773, 6115087, 0, 39, 0, 0, 0.14%, 7, 0, 10, 0.00
1734808778, 6128383, 0, 39, 0, 0, 0.14%, 7, 0, 10, 0.00
1734808783, 6142180, 0, 39, 0, 0, 0.14%, 7, 0, 10, 0.00
1734808788, 6155421, 0, 39, 0, 0, 0.14%, 7, 0, 10, 0.00
1734808794, 6168696, 0, 39, 0, 0, 0.14%, 7, 0, 10, 0.00
1734808799, 6181996, 0, 39, 0, 0, 0.14%, 7, 0, 10, 0.00
1734808804, 6195231, 0, 39, 0, 0, 0.14%, 7, 0, 10, 0.00
1734808809, 6208481, 0, 39, 0, 0, 0.14%, 7, 0, 10, 0.00
1734808814, 6221713, 0, 39, 0, 0, 0.14%, 7, 0, 10, 0.00
1734808820, 6234957, 0, 39, 0, 0, 0.14%, 7, 0, 10, 0.00
1734808825, 6248260, 0, 39, 0, 0, 0.14%, 7, 0, 10, 0.00
1734808830, 6261504, 0, 39, 0, 0, 0.14%, 7, 0, 10, 0.00
1734808835, 6274739, 0, 39, 0, 0, 0.14%, 7, 0, 10, 0.00
1734808840, 6287990, 0, 39, 0, 0, 0.14%, 7, 0, 10, 0.00
1734808846, 6301201, 0, 39, 0, 0, 0.14%, 7, 0, 10, 0.00
1734808851, 6314448, 0, 39, 0, 0, 0.14%, 7, 0, 10, 0.00
1734808856, 6327722, 0, 39, 0, 0, 0.14%, 7, 0, 10, 0.00
1734808861, 6340998, 0, 39, 0, 0, 0.14%, 7, 0, 10, 0.00
1734808866, 6354227, 0, 39, 0, 0, 0.14%, 7, 0, 10, 0.00
1734808872, 6367438, 0, 39, 0, 0, 0.14%, 7, 0, 10, 0.00
1734808877, 6380687, 0, 39, 0, 0, 0.14%, 7, 0, 10, 0.00
1734808882, 6393931, 0, 39, 0, 0, 0.14%, 7, 0, 10, 0.00
1734808887, 6407174, 0, 39, 0, 0, 0.14%, 7, 0, 10, 0.00
1734808892, 6420406, 0, 39, 0, 0, 0.14%, 7, 0, 10, 0.00
1734808898, 6433641, 0, 39, 0, 0, 0.14%, 7, 0, 10, 0.00
1734808903, 6446876, 0, 39, 0, 0, 0.14%, 7, 0, 10, 0.00
1734808908, 6460126, 0, 39, 0, 0, 0.14%, 7, 0, 10, 0.00
1734808913, 6473924, 0, 39, 0, 0, 0.14%, 7, 0, 10, 0.00
1734808918, 6487185, 0, 39, 0, 0, 0.14%, 7, 0, 10, 0.00
1734808924, 6500433, 0, 39, 0, 0, 0.14%, 7, 0, 10, 0.00
1734808929, 6513689, 0, 39, 0, 0, 0.14%, 7, 0, 10, 0.00
1734808934, 6526913, 0, 39, 0, 0, 0.14%, 7, 0, 10, 0.00
1734808939, 6540164, 0, 39, 0, 0, 0.14%, 7, 0, 10, 0.00
1734808944, 6553405, 0, 39, 0, 0, 0.14%, 7, 0, 10, 0.00
1734808950, 6566692, 0, 39, 0, 0, 0.14%, 7, 0, 10, 0.00
1734808955, 6579914, 0, 39, 0, 0, 0.14%, 7, 0, 10, 0.00
1734808960, 6593190, 0, 39, 0, 0, 0.14%, 7, 0, 10, 0.00
1734808965, 6606448, 0, 39, 0, 0, 0.14%, 7, 0, 10, 0.00
1734808970, 6620176, 0, 39, 0, 0, 0.14%, 7, 0, 10, 0.00
1734808976, 6633455, 0, 39, 0, 0, 0.14%, 7, 0, 10, 0.00
1734808981, 6646699, 0, 39, 0, 0, 0.14%, 7, 0, 10, 0.00
1734808986, 6660498, 0, 39, 0, 0, 0.14%, 7, 0, 10, 0.00
1734808991, 6673676, 0, 39, 0, 0, 0.14%, 7, 0, 10, 0.00
1734808996, 6686855, 0, 39, 0, 0, 0.14%, 7, 0, 10, 0.00
1734809002, 6700655, 0, 39, 0, 0, 0.14%, 7, 0, 10, 0.00
1734809007, 6713828, 0, 39, 0, 0, 0.14%, 7, 0, 10, 0.00
1734809012, 6727553, 0, 39, 0, 0, 0.14%, 7, 0, 10, 0.00
1734809017, 6740825, 0, 39, 0, 0, 0.14%, 7, 0, 10, 0.00
1734809022, 6754040, 0, 39, 0, 0, 0.14%, 7, 0, 10, 0.00
1734809028, 6767773, 0, 39, 0, 0, 0.14%, 7, 0, 10, 0.00
1734809033, 6781045, 0, 39, 0, 0, 0.14%, 7, 0, 10, 0.00
1734809038, 6794851, 0, 39, 0, 0, 0.14%, 7, 0, 10, 0.00
1734809043, 6808127, 0, 39, 0, 0, 0.14%, 7, 0, 10, 0.00
1734809048, 6821866, 0, 39, 0, 0, 0.14%, 7, 0, 10, 0.00
1734809054, 6835068, 0, 39, 0, 0, 0.14%, 7, 0, 10, 0.00
1734809059, 6848304, 0, 39, 0, 0, 0.14%, 7, 0, 10, 0.00
1734809064, 6861531, 0, 39, 0, 0, 0.14%, 7, 0, 10, 0.00
1734809069, 6874742, 0, 39, 0, 0, 0.14%, 7, 0, 10, 0.00
1734809074, 6887953, 0, 39, 0, 0, 0.14%, 7, 0, 10, 0.00
1734809080, 6901199, 0, 39, 0, 0, 0.14%, 7, 0, 10, 0.00
1734809085, 6914486, 0, 39, 0, 0, 0.14%, 7, 0, 10, 0.00
1734809090, 6928218, 0, 39, 0, 0, 0.14%, 7, 0, 10, 0.00
1734809095, 6941983, 0, 39, 0, 0, 0.14%, 7, 0, 10, 0.00
1734809100, 6955219, 0, 39, 0, 0, 0.14%, 7, 0, 10, 0.00
1734809106, 6968478, 0, 39, 0, 0, 0.14%, 7, 0, 10, 0.00
1734809111, 6981735, 0, 39, 0, 0, 0.14%, 7, 0, 10, 0.00
1734809116, 6994948, 0, 39, 0, 0, 0.14%, 7, 0, 10, 0.00
1734809121, 7008200, 0, 39, 0, 0, 0.14%, 7, 0, 10, 0.00
1734809126, 7021941, 0, 39, 0, 0, 0.14%, 7, 0, 10, 0.00
1734809132, 7035177, 0, 39, 0, 0, 0.14%, 7, 0, 10, 0.00
1734809137, 7048396, 0, 39, 0, 0, 0.14%, 7, 0, 10, 0.00
1734809142, 7061661, 0, 39, 0, 0, 0.14%, 7, 0, 10, 0.00
1734809147, 7075930, 0, 39, 0, 0, 0.14%, 7, 0, 10, 0.00
1734809152, 7089668, 0, 39, 0, 0, 0.14%, 7, 0, 10, 0.00
1734809158, 7102934, 0, 39, 0, 0, 0.14%, 7, 0, 10, 0.00
1734809163, 7116150, 0, 39, 0, 0, 0.14%, 7, 0, 10, 0.00
1734809168, 7129392, 0, 39, 0, 0, 0.14%, 7, 0, 10, 0.00
1734809173, 7142639, 0, 39, 0, 0, 0.14%, 7, 0, 10, 0.00
1734809178, 7155844, 0, 39, 0, 0, 0.14%, 7, 0, 10, 0.00
1734809184, 7170050, 0, 39, 0, 0, 0.14%, 7, 0, 10, 0.00
1734809189, 7183747, 0, 39, 0, 0, 0.14%, 7, 0, 10, 0.00
1734809194, 7196933, 0, 39, 0, 0, 0.14%, 7, 0, 10, 0.00
1734809199, 7210692, 0, 39, 0, 0, 0.14%, 7, 0, 10, 0.00
1734809204, 7223890, 0, 39, 0, 0, 0.14%, 7, 0, 10, 0.00
1734809210, 7237155, 0, 39, 0, 0, 0.14%, 7, 0, 10, 0.00
1734809215, 7250418, 0, 39, 0, 0, 0.14%, 7, 0, 10, 0.00
1734809220, 7263695, 0, 39, 0, 0, 0.14%, 7, 0, 10, 0.00
1734809225, 7277485, 0, 39, 0, 0, 0.14%, 7, 0, 10, 0.00
1734809230, 7290729, 0, 39, 0, 0, 0.14%, 7, 0, 10, 0.00
1734809236, 7304001, 0, 39, 0, 0, 0.14%, 7, 0, 10, 0.00
1734809241, 7317225, 0, 39, 0, 0, 0.14%, 7, 0, 10, 0.00
1734809246, 7330504, 0, 39, 0, 0, 0.14%, 7, 0, 10, 0.00
1734809251, 7343768, 0, 39, 0, 0, 0.14%, 7, 0, 10, 0.00
1734809256, 7356989, 0, 39, 0, 0, 0.14%, 7, 0, 10, 0.00
1734809262, 7370264, 0, 39, 0, 0, 0.14%, 7, 0, 10, 0.00
1734809267, 7383508, 0, 39, 0, 0, 0.14%, 7, 0, 10, 0.00
1734809272, 7397304, 0, 39, 0, 0, 0.14%, 7, 0, 10, 0.00
1734809277, 7410488, 0, 39, 0, 0, 0.14%, 7, 0, 10, 0.00
1734809282, 7423688, 0, 39, 0, 0, 0.14%, 7, 0, 10, 0.00
1734809288, 7436869, 0, 39, 0, 0, 0.14%, 7, 0, 10, 0.00
1734809293, 7450107, 0, 39, 0, 0, 0.14%, 7, 0, 10, 0.00
1734809298, 7463394, 0, 39, 0, 0, 0.14%, 7, 0, 10, 0.00
1734809303, 7476633, 0, 39, 0, 0, 0.14%, 7, 0, 10, 0.00
1734809308, 7489857, 0, 39, 0, 0, 0.14%, 7, 0, 10, 0.00
1734809314, 7503103, 0, 39, 0, 0, 0.14%, 7, 0, 10, 0.00
1734809319, 7516925, 0, 39, 0, 0, 0.14%, 7, 0, 10, 0.00
1734809324, 7530157, 0, 39, 0, 0, 0.14%, 7, 0, 10, 0.00
1734809329, 7543952, 0, 39, 0, 0, 0.14%, 7, 0, 10, 0.00
1734809334, 7557736, 0, 39, 0, 0, 0.14%, 7, 0, 10, 0.00
1734809340, 7571009, 0, 39, 0, 0, 0.14%, 7, 0, 10, 0.00
1734809345, 7584771, 0, 39, 0, 0, 0.14%, 7, 0, 10, 0.00
1734809350, 7598295, 0, 39, 0, 0, 0.14%, 7, 0, 10, 0.00
1734809355, 7611795, 0, 39, 0, 0, 0.14%, 7, 0, 10, 0.00
1734809360, 7624979, 0, 39, 0, 0, 0.14%, 7, 0, 10, 0.00
1734809366, 7638210, 0, 39, 0, 0, 0.14%, 7, 0, 10, 0.00
1734809371, 7651422, 0, 39, 0, 0, 0.14%, 7, 0, 10, 0.00
1734809376, 7664729, 0, 39, 0, 0, 0.14%, 7, 0, 10, 0.00
1734809381, 7678035, 0, 39, 0, 0, 0.14%, 7, 0, 10, 0.00
1734809386, 7691250, 0, 39, 0, 0, 0.14%, 7, 0, 10, 0.00
1734809392, 7704476, 0, 39, 0, 0, 0.14%, 7, 0, 10, 0.00
1734809397, 7717656, 0, 39, 0, 0, 0.14%, 7, 0, 10, 0.00
1734809402, 7730833, 0, 39, 0, 0, 0.14%, 7, 0, 10, 0.00
1734809407, 7744054, 0, 39, 0, 0, 0.14%, 7, 0, 10, 0.00
1734809412, 7757305, 0, 39, 0, 0, 0.14%, 7, 0, 10, 0.00
1734809418, 7770573, 0, 39, 0, 0, 0.14%, 7, 0, 10, 0.00
1734809423, 7783831, 0, 39, 0, 0, 0.14%, 7, 0, 10, 0.00
1734809428, 7797070, 0, 39, 0, 0, 0.14%, 7, 0, 10, 0.00
1734809433, 7811358, 0, 39, 0, 0, 0.14%, 7, 0, 10, 0.00
1734809438, 7824581, 0, 39, 0, 0, 0.14%, 7, 0, 10, 0.00
1734809444, 7838395, 0, 39, 0, 0, 0.14%, 7, 0, 10, 0.00
1734809449, 7851625, 0, 39, 0, 0, 0.14%, 7, 0, 10, 0.00
1734809454, 7864869, 0, 39, 0, 0, 0.14%, 7, 0, 10, 0.00
1734809459, 7878162, 0, 39, 0, 0, 0.14%, 7, 0, 10, 0.00
1734809464, 7891412, 0, 39, 0, 0, 0.14%, 7, 0, 10, 0.00
1734809470, 7904643, 0, 39, 0, 0, 0.14%, 7, 0, 10, 0.00
1734809475, 7917879, 0, 39, 0, 0, 0.14%, 7, 0, 10, 0.00
1734809480, 7931146, 0, 39, 0, 0, 0.14%, 7, 0, 10, 0.00
1734809485, 7944383, 0, 39, 0, 0, 0.14%, 7, 0, 10, 0.00
1734809490, 7957599, 0, 39, 0, 0, 0.14%, 7, 0, 10, 0.00
1734809496, 7970832, 0, 39, 0, 0, 0.14%, 7, 0, 10, 0.00
1734809501, 7984068, 0, 39, 0, 0, 0.14%, 7, 0, 10, 0.00
1734809506, 7997304, 0, 39, 0, 0, 0.14%, 7, 0, 10, 0.00
1734809511, 8011085, 0, 39, 0, 0, 0.14%, 7, 0, 10, 0.00
1734809516, 8024356, 0, 39, 0, 0, 0.14%, 7, 0, 10, 0.00
1734809522, 8037605, 0, 39, 0, 0, 0.14%, 7, 0, 10, 0.00
