# unix_time, cycles_done, cur_path, paths_total, pending_total, pending_favs, map_size, unique_crashes, unique_hangs, max_depth, execs_per_sec
1733785384, 0, 0, 10, 10, 1, 0.01%, 0, 0, 1, 36.28
1733785389, 0, 3, 10, 10, 1, 0.01%, 0, 0, 1, 36.35
1733785404, 1, 0, 10, 3, 0, 0.01%, 0, 0, 1, 44.69
1733785409, 1, 1, 11, 3, 0, 0.14%, 1, 0, 2, 43.68
1733785420, 1, 10, 11, 2, 1, 0.14%, 1, 0, 2, 53.36
1733785460, 5, 10, 11, 1, 0, 0.14%, 1, 0, 2, 46.20
1733785470, 6, 10, 11, 1, 0, 0.14%, 1, 0, 2, 44.92
1733785491, 7, 10, 11, 1, 0, 0.14%, 1, 0, 2, 45.62
1733785521, 8, 10, 11, 1, 0, 0.14%, 1, 0, 2, 45.08
1733785572, 9, 10, 11, 1, 0, 0.14%, 1, 0, 2, 43.90
1733785623, 10, 10, 11, 1, 0, 0.14%, 1, 0, 2, 44.91
1733785633, 10, 10, 12, 2, 0, 0.14%, 2, 0, 3, 46.25
1733785689, 10, 11, 12, 2, 1, 0.14%, 2, 0, 3, 52.28
1733785694, 10, 11, 13, 3, 1, 0.14%, 3, 0, 4, 58.26
1733785704, 10, 11, 14, 4, 1, 0.14%, 3, 0, 4, 47.85
1733785821, 10, 12, 14, 3, 2, 0.14%, 3, 0, 4, 58.92
1733785836, 10, 12, 15, 4, 2, 0.14%, 3, 0, 5, 46.94
1733785887, 10, 12, 16, 5, 2, 0.14%, 3, 0, 5, 45.85
1733785933, 10, 12, 17, 6, 2, 0.14%, 4, 0, 5, 47.77
1733785994, 10, 13, 17, 5, 3, 0.14%, 4, 0, 5, 81.13
1733786029, 10, 13, 18, 6, 3, 0.14%, 4, 0, 5, 51.06
1733786039, 10, 13, 19, 7, 3, 0.14%, 4, 0, 5, 49.96
1733786100, 10, 13, 20, 8, 3, 0.14%, 4, 0, 5, 50.86
1733786146, 10, 13, 21, 9, 3, 0.14%, 4, 0, 5, 54.69
1733786156, 10, 15, 21, 8, 3, 0.14%, 4, 0, 5, 72.31
1733786227, 10, 15, 22, 9, 3, 0.14%, 4, 0, 6, 51.75
1733786232, 10, 16, 23, 9, 2, 0.14%, 4, 0, 6, 52.90
1733786237, 10, 16, 24, 10, 2, 0.14%, 5, 0, 6, 62.86
1733786314, 10, 20, 24, 9, 2, 0.14%, 5, 0, 6, 82.22
1733786344, 10, 20, 25, 10, 2, 0.14%, 5, 0, 6, 56.62
1733786380, 10, 20, 26, 11, 2, 0.14%, 5, 0, 6, 55.23
1733786400, 10, 20, 27, 12, 2, 0.14%, 5, 0, 6, 56.05
1733786415, 10, 20, 28, 13, 2, 0.14%, 5, 0, 6, 57.52
1733786425, 10, 20, 29, 14, 2, 0.14%, 5, 0, 6, 57.49
1733786435, 10, 28, 29, 12, 1, 0.14%, 5, 0, 6, 61.50
1733786527, 10, 28, 30, 13, 1, 0.14%, 5, 0, 7, 56.83
1733786542, 10, 29, 30, 12, 1, 0.14%, 5, 0, 7, 87.91
1733786624, 11, 10, 30, 11, 0, 0.14%, 5, 0, 7, 52.31
1733786639, 11, 18, 30, 11, 0, 0.14%, 5, 0, 7, 85.37
1733786705, 11, 18, 31, 12, 0, 0.14%, 5, 0, 7, 60.77
1733786766, 11, 30, 31, 11, 1, 0.14%, 5, 0, 7, 52.29
1733787242, 11, 30, 32, 12, 1, 0.14%, 5, 0, 7, 81.98
1733787282, 11, 30, 33, 13, 1, 0.14%, 6, 0, 7, 79.43
1733787313, 11, 32, 33, 12, 1, 0.14%, 6, 0, 7, 47.09
1733787733, 12, 14, 33, 11, 0, 0.14%, 6, 0, 7, 63.71
1733787785, 12, 14, 34, 12, 0, 0.14%, 6, 0, 7, 59.91
1733787855, 12, 14, 35, 13, 0, 0.14%, 6, 0, 7, 56.19
1733787876, 12, 34, 35, 12, 1, 0.14%, 6, 0, 7, 76.32
1733787957, 13, 17, 35, 11, 0, 0.14%, 6, 0, 7, 62.23
1733787962, 15, 10, 35, 9, 0, 0.14%, 6, 0, 7, 51.00
1733787977, 15, 33, 35, 8, 0, 0.14%, 6, 0, 7, 53.65
1733788064, 15, 33, 36, 9, 0, 0.14%, 6, 0, 7, 58.42
1733788135, 15, 35, 36, 8, 1, 0.14%, 6, 0, 7, 46.32
1733788247, 15, 35, 37, 9, 1, 0.14%, 7, 0, 8, 108.59
1733788679, 15, 36, 37, 8, 1, 0.14%, 7, 0, 8, 43.36
1733788684, 16, 31, 37, 6, 0, 0.14%, 7, 0, 8, 36.46
1733788689, 20, 26, 37, 2, 0, 0.14%, 7, 0, 8, 66.33
1733788740, 20, 34, 37, 2, 0, 0.14%, 7, 0, 8, 57.85
1733788751, 21, 34, 37, 2, 0, 0.14%, 7, 0, 8, 58.00
1733788766, 21, 36, 37, 2, 0, 0.14%, 7, 0, 8, 105.64
1733789120, 22, 34, 37, 1, 0, 0.14%, 7, 0, 8, 55.46
1733789155, 23, 22, 37, 1, 0, 0.14%, 7, 0, 8, 59.48
1733789364, 23, 34, 37, 0, 0, 0.14%, 7, 0, 8, 56.47
1733789405, 24, 34, 37, 0, 0, 0.14%, 7, 0, 8, 57.67
1733789440, 24, 34, 38, 1, 0, 0.14%, 7, 0, 8, 54.48
1733789445, 24, 37, 38, 1, 1, 0.14%, 7, 0, 8, 69.73
1733789527, 24, 37, 39, 2, 1, 0.14%, 7, 0, 8, 68.35
1733789542, 24, 37, 40, 3, 1, 0.14%, 7, 0, 8, 67.32
1733789613, 25, 10, 40, 1, 0, 0.14%, 7, 0, 8, 56.68
1733789628, 25, 26, 40, 1, 0, 0.14%, 7, 0, 8, 55.60
1733789633, 25, 38, 40, 1, 0, 0.14%, 7, 0, 8, 77.75
1733789770, 26, 26, 40, 1, 0, 0.14%, 7, 0, 8, 69.13
1733789780, 27, 26, 40, 1, 0, 0.14%, 7, 0, 8, 59.51
1733789801, 27, 34, 40, 1, 0, 0.14%, 7, 0, 8, 54.02
1733789841, 28, 26, 40, 1, 0, 0.14%, 7, 0, 8, 62.26
1733789882, 28, 34, 40, 1, 0, 0.14%, 7, 0, 8, 53.70
1733789922, 29, 26, 40, 1, 0, 0.14%, 7, 0, 8, 58.93
1733789958, 29, 39, 40, 1, 0, 0.14%, 7, 0, 8, 87.56
1733790034, 29, 39, 41, 2, 0, 0.14%, 7, 0, 9, 63.71
1733790146, 29, 40, 41, 1, 1, 0.14%, 7, 0, 9, 52.78
1733790476, 33, 25, 41, 0, 0, 0.14%, 7, 0, 9, 87.70
1733790655, 34, 10, 41, 0, 0, 0.14%, 7, 0, 9, 51.95
1733790685, 34, 36, 41, 0, 0, 0.14%, 7, 0, 9, 59.60
1733790690, 34, 38, 41, 0, 0, 0.14%, 7, 0, 9, 58.37
1733790705, 35, 34, 41, 0, 0, 0.14%, 7, 0, 9, 56.69
1733790746, 36, 26, 41, 0, 0, 0.14%, 7, 0, 9, 60.73
1733790787, 36, 40, 41, 0, 0, 0.14%, 7, 0, 9, 72.02
1733790807, 37, 40, 41, 0, 0, 0.14%, 7, 0, 9, 68.19
1733790827, 38, 40, 41, 0, 0, 0.14%, 7, 0, 9, 70.67
1733790863, 39, 40, 41, 0, 0, 0.14%, 7, 0, 9, 62.96
1733790904, 40, 40, 41, 0, 0, 0.14%, 7, 0, 9, 72.28
1733790939, 41, 40, 41, 0, 0, 0.14%, 7, 0, 9, 71.20
1733790975, 42, 40, 41, 0, 0, 0.14%, 7, 0, 9, 58.77
1733791010, 43, 40, 41, 0, 0, 0.14%, 7, 0, 9, 61.92
1733791046, 44, 40, 41, 0, 0, 0.14%, 7, 0, 9, 74.37
1733791081, 52, 36, 41, 0, 0, 0.14%, 7, 0, 9, 54.38
1733791097, 55, 34, 41, 0, 0, 0.14%, 7, 0, 9, 57.28
1733791132, 60, 26, 41, 0, 0, 0.14%, 7, 0, 9, 54.45
1733791173, 64, 31, 41, 0, 0, 0.14%, 7, 0, 9, 54.08
1733791597, 66, 26, 41, 0, 0, 0.14%, 7, 0, 9, 56.99
1733791638, 66, 36, 41, 0, 0, 0.14%, 7, 0, 9, 63.74
1733791663, 69, 16, 41, 0, 0, 0.14%, 7, 0, 9, 52.91
1733791673, 69, 36, 41, 0, 0, 0.14%, 7, 0, 9, 64.86
1733791709, 74, 26, 41, 0, 0, 0.14%, 7, 0, 9, 60.50
1733791744, 79, 38, 41, 0, 0, 0.14%, 7, 0, 9, 59.74
1733791769, 80, 10, 41, 0, 0, 0.14%, 7, 0, 9, 54.29
1733791800, 81, 29, 41, 0, 0, 0.14%, 7, 0, 9, 62.96
1733791805, 86, 29, 41, 0, 0, 0.14%, 7, 0, 9, 63.89
1733791815, 89, 10, 41, 0, 0, 0.14%, 7, 0, 9, 57.00
1733791851, 89, 19, 41, 0, 0, 0.14%, 7, 0, 9, 61.99
1733791886, 90, 18, 41, 0, 0, 0.14%, 7, 0, 9, 58.47
1733791892, 91, 16, 41, 0, 0, 0.14%, 7, 0, 9, 58.96
1733791902, 93, 36, 41, 0, 0, 0.14%, 7, 0, 9, 66.05
1733791942, 96, 33, 41, 0, 0, 0.14%, 7, 0, 9, 57.51
1733791947, 98, 33, 41, 0, 0, 0.14%, 7, 0, 9, 60.14
1733791962, 102, 29, 41, 0, 0, 0.14%, 7, 0, 9, 62.15
1733791983, 104, 27, 41, 0, 0, 0.14%, 7, 0, 9, 63.97
1733792028, 107, 29, 41, 0, 0, 0.14%, 7, 0, 9, 62.29
1733792064, 107, 36, 41, 0, 0, 0.14%, 7, 0, 9, 63.94
1733792099, 108, 23, 41, 0, 0, 0.14%, 7, 0, 9, 62.38
1733792130, 112, 38, 41, 0, 0, 0.14%, 7, 0, 9, 63.99
1733792166, 123, 11, 41, 0, 0, 0.14%, 7, 0, 9, 57.40
1733792171, 127, 36, 41, 0, 0, 0.14%, 7, 0, 9, 63.75
1733792206, 129, 19, 41, 0, 0, 0.14%, 7, 0, 9, 56.35
1733792211, 129, 33, 41, 0, 0, 0.14%, 7, 0, 9, 58.12
1733792242, 131, 23, 41, 0, 0, 0.14%, 7, 0, 9, 51.13
1733792252, 132, 29, 41, 0, 0, 0.14%, 7, 0, 9, 61.49
1733792292, 134, 28, 41, 0, 0, 0.14%, 7, 0, 9, 59.98
1733792298, 135, 19, 41, 0, 0, 0.14%, 7, 0, 9, 57.17
1733792313, 137, 33, 41, 0, 0, 0.14%, 7, 0, 9, 63.60
1733792348, 138, 18, 41, 0, 0, 0.14%, 7, 0, 9, 54.83
1733792363, 138, 33, 41, 0, 0, 0.14%, 7, 0, 9, 60.72
1733792404, 142, 33, 41, 0, 0, 0.14%, 7, 0, 9, 62.52
1733792439, 145, 12, 41, 0, 0, 0.14%, 7, 0, 9, 55.22
1733792449, 145, 22, 41, 0, 0, 0.14%, 7, 0, 9, 57.34
1733792455, 145, 28, 41, 0, 0, 0.14%, 7, 0, 9, 57.78
1733792470, 146, 22, 41, 0, 0, 0.14%, 7, 0, 9, 62.28
1733792480, 149, 19, 41, 0, 0, 0.14%, 7, 0, 9, 51.78
1733792505, 154, 11, 41, 0, 0, 0.14%, 7, 0, 9, 59.86
1733792510, 158, 20, 41, 0, 0, 0.14%, 7, 0, 9, 59.72
1733792520, 159, 20, 41, 0, 0, 0.14%, 7, 0, 9, 59.38
1733792535, 159, 27, 41, 0, 0, 0.14%, 7, 0, 9, 59.54
1733792540, 160, 22, 41, 0, 0, 0.14%, 7, 0, 9, 62.12
1733792566, 160, 27, 41, 0, 0, 0.14%, 7, 0, 9, 53.59
1733792581, 164, 13, 41, 0, 0, 0.14%, 7, 0, 9, 62.29
1733792586, 164, 18, 41, 0, 0, 0.14%, 7, 0, 9, 67.13
1733792616, 164, 38, 41, 0, 0, 0.14%, 7, 0, 9, 67.49
1733792652, 166, 28, 41, 0, 0, 0.14%, 7, 0, 9, 63.21
1733792687, 171, 18, 41, 0, 0, 0.14%, 7, 0, 9, 60.09
1733792728, 173, 29, 41, 0, 0, 0.14%, 7, 0, 9, 59.54
1733792763, 176, 39, 41, 0, 0, 0.14%, 7, 0, 9, 67.78
1733792773, 179, 39, 41, 0, 0, 0.14%, 7, 0, 9, 60.59
1733792794, 180, 38, 41, 0, 0, 0.14%, 7, 0, 9, 65.47
1733792834, 181, 27, 41, 0, 0, 0.14%, 7, 0, 9, 57.38
1733792865, 182, 22, 41, 0, 0, 0.14%, 7, 0, 9, 60.33
1733792905, 183, 24, 41, 0, 0, 0.14%, 7, 0, 9, 92.73
1733792925, 183, 38, 41, 0, 0, 0.14%, 7, 0, 9, 59.41
1733792966, 186, 28, 41, 0, 0, 0.14%, 7, 0, 9, 59.41
1733793007, 187, 27, 41, 0, 0, 0.14%, 7, 0, 9, 54.19
1733793048, 189, 29, 41, 0, 0, 0.14%, 7, 0, 9, 59.60
1733793083, 189, 33, 41, 0, 0, 0.14%, 7, 0, 9, 54.26
1733793124, 189, 39, 41, 0, 0, 0.14%, 7, 0, 9, 62.79
1733793159, 191, 37, 41, 0, 0, 0.14%, 7, 0, 9, 62.41
1733793170, 192, 18, 41, 0, 0, 0.14%, 7, 0, 9, 64.72
1733793205, 192, 21, 41, 0, 0, 0.14%, 7, 0, 9, 79.06
1733793266, 192, 24, 41, 0, 0, 0.14%, 7, 0, 9, 59.36
1733793276, 192, 33, 41, 0, 0, 0.14%, 7, 0, 9, 62.65
1733793317, 193, 22, 41, 0, 0, 0.14%, 7, 0, 9, 62.07
1733793352, 194, 29, 41, 0, 0, 0.14%, 7, 0, 9, 60.71
1733793388, 195, 19, 41, 0, 0, 0.14%, 7, 0, 9, 55.10
1733793428, 196, 23, 41, 0, 0, 0.14%, 7, 0, 9, 57.11
1733793444, 196, 39, 41, 0, 0, 0.14%, 7, 0, 9, 66.84
1733793484, 197, 39, 41, 0, 0, 0.14%, 7, 0, 9, 62.89
1733793525, 198, 19, 41, 0, 0, 0.14%, 7, 0, 9, 51.99
1733793566, 198, 28, 41, 0, 0, 0.14%, 7, 0, 9, 56.57
1733793606, 199, 20, 41, 0, 0, 0.14%, 7, 0, 9, 58.46
1733793637, 201, 11, 41, 0, 0, 0.14%, 7, 0, 9, 54.73
1733793647, 202, 16, 41, 0, 0, 0.14%, 7, 0, 9, 53.88
1733793662, 208, 12, 41, 0, 0, 0.14%, 7, 0, 9, 55.41
1733793677, 209, 27, 41, 0, 0, 0.14%, 7, 0, 9, 60.25
1733793713, 210, 23, 41, 0, 0, 0.14%, 7, 0, 9, 60.42
1733793753, 211, 14, 41, 0, 0, 0.14%, 7, 0, 9, 67.07
1733793758, 212, 27, 41, 0, 0, 0.14%, 7, 0, 9, 58.38
1733793799, 215, 33, 41, 0, 0, 0.14%, 7, 0, 9, 54.11
1733793840, 216, 28, 41, 0, 0, 0.14%, 7, 0, 9, 59.62
1733793875, 217, 16, 41, 0, 0, 0.14%, 7, 0, 9, 55.45
1733793906, 217, 19, 41, 0, 0, 0.14%, 7, 0, 9, 64.86
1733793946, 217, 20, 41, 0, 0, 0.14%, 7, 0, 9, 58.58
1733793981, 217, 28, 41, 0, 0, 0.14%, 7, 0, 9, 56.33
1733794022, 217, 38, 41, 0, 0, 0.14%, 7, 0, 9, 61.09
1733794062, 220, 30, 41, 0, 0, 0.14%, 7, 0, 9, 61.31
1733794068, 221, 25, 41, 0, 0, 0.14%, 7, 0, 9, 62.79
1733794073, 222, 13, 41, 0, 0, 0.14%, 7, 0, 9, 58.30
1733794078, 222, 29, 41, 0, 0, 0.14%, 7, 0, 9, 59.75
1733794118, 223, 37, 41, 0, 0, 0.14%, 7, 0, 9, 65.57
1733794134, 224, 11, 41, 0, 0, 0.14%, 7, 0, 9, 53.47
1733794149, 224, 30, 41, 0, 0, 0.14%, 7, 0, 9, 66.86
1733794154, 225, 24, 41, 0, 0, 0.14%, 7, 0, 9, 61.09
1733794174, 226, 11, 41, 0, 0, 0.14%, 7, 0, 9, 55.18
1733794199, 226, 25, 41, 0, 0, 0.14%, 7, 0, 9, 67.50
1733794210, 227, 39, 41, 0, 0, 0.14%, 7, 0, 9, 59.29
1733794250, 228, 16, 41, 0, 0, 0.14%, 7, 0, 9, 51.36
1733794296, 231, 25, 41, 0, 0, 0.14%, 7, 0, 9, 61.99
1733794321, 232, 12, 41, 0, 0, 0.14%, 7, 0, 9, 55.83
1733794347, 232, 14, 41, 0, 0, 0.14%, 7, 0, 9, 53.64
1733794357, 233, 11, 41, 0, 0, 0.14%, 7, 0, 9, 57.28
1733794397, 233, 24, 41, 0, 0, 0.14%, 7, 0, 9, 56.22
1733794438, 234, 13, 41, 0, 0, 0.14%, 7, 0, 9, 59.10
1733794453, 234, 20, 41, 0, 0, 0.14%, 7, 0, 9, 59.60
1733794493, 234, 37, 41, 0, 0, 0.14%, 7, 0, 9, 64.85
1733794529, 235, 13, 41, 0, 0, 0.14%, 7, 0, 9, 60.02
1733794559, 235, 20, 41, 0, 0, 0.14%, 7, 0, 9, 55.76
1733794600, 236, 11, 41, 0, 0, 0.14%, 7, 0, 9, 51.89
1733794635, 236, 16, 41, 0, 0, 0.14%, 7, 0, 9, 56.96
1733794676, 239, 23, 41, 0, 0, 0.14%, 7, 0, 9, 60.24
1733794717, 239, 30, 41, 0, 0, 0.14%, 7, 0, 9, 72.69
1733794737, 240, 27, 41, 0, 0, 0.14%, 7, 0, 9, 59.93
1733794778, 241, 19, 41, 0, 0, 0.14%, 7, 0, 9, 56.48
1733794813, 242, 23, 41, 0, 0, 0.14%, 7, 0, 9, 52.08
1733794854, 243, 30, 41, 0, 0, 0.14%, 7, 0, 9, 57.57
1733794890, 243, 37, 41, 0, 0, 0.14%, 7, 0, 9, 53.00
1733794930, 245, 20, 41, 0, 0, 0.14%, 7, 0, 9, 62.75
1733794966, 248, 23, 41, 0, 0, 0.14%, 7, 0, 9, 56.11
1733795007, 251, 32, 41, 0, 0, 0.14%, 7, 0, 9, 68.11
1733795012, 252, 14, 41, 0, 0, 0.14%, 7, 0, 9, 63.03
1733795032, 253, 16, 41, 0, 0, 0.14%, 7, 0, 9, 55.95
1733795078, 253, 18, 41, 0, 0, 0.14%, 7, 0, 9, 63.77
1733795113, 254, 25, 41, 0, 0, 0.14%, 7, 0, 9, 62.40
1733795154, 255, 32, 41, 0, 0, 0.14%, 7, 0, 9, 76.99
1733795169, 256, 11, 41, 0, 0, 0.14%, 7, 0, 9, 53.74
1733795204, 256, 14, 41, 0, 0, 0.14%, 7, 0, 9, 53.63
1733795240, 256, 24, 41, 0, 0, 0.14%, 7, 0, 9, 63.42
1733795280, 256, 37, 41, 0, 0, 0.14%, 7, 0, 9, 63.28
1733795321, 257, 22, 41, 0, 0, 0.14%, 7, 0, 9, 64.69
1733795356, 258, 25, 41, 0, 0, 0.14%, 7, 0, 9, 58.09
1733795397, 259, 12, 41, 0, 0, 0.14%, 7, 0, 9, 55.44
1733795433, 261, 29, 41, 0, 0, 0.14%, 7, 0, 9, 54.20
1733795473, 262, 13, 41, 0, 0, 0.14%, 7, 0, 9, 53.51
1733795509, 262, 30, 41, 0, 0, 0.14%, 7, 0, 9, 75.48
1733795544, 264, 35, 41, 0, 0, 0.14%, 7, 0, 9, 63.74
1733795549, 266, 31, 41, 0, 0, 0.14%, 7, 0, 9, 63.47
1733795554, 266, 32, 41, 0, 0, 0.14%, 7, 0, 9, 80.43
1733795585, 266, 37, 41, 0, 0, 0.14%, 7, 0, 9, 61.56
1733795625, 269, 23, 41, 0, 0, 0.14%, 7, 0, 9, 55.30
1733795666, 270, 12, 41, 0, 0, 0.14%, 7, 0, 9, 59.26
1733795707, 271, 32, 41, 0, 0, 0.14%, 7, 0, 9, 76.08
1733795737, 274, 30, 41, 0, 0, 0.14%, 7, 0, 9, 70.07
1733795773, 274, 32, 41, 0, 0, 0.14%, 7, 0, 9, 67.43
1733795809, 278, 39, 41, 0, 0, 0.14%, 7, 0, 9, 62.82
1733795844, 279, 24, 41, 0, 0, 0.14%, 7, 0, 9, 63.16
1733795885, 280, 13, 41, 0, 0, 0.14%, 7, 0, 9, 56.96
1733795920, 283, 37, 41, 0, 0, 0.14%, 7, 0, 9, 67.84
1733795956, 284, 21, 41, 0, 0, 0.14%, 7, 0, 9, 60.03
1733795961, 286, 12, 41, 0, 0, 0.14%, 7, 0, 9, 54.40
1733796001, 286, 18, 41, 0, 0, 0.14%, 7, 0, 9, 66.77
1733796037, 287, 35, 41, 0, 0, 0.14%, 7, 0, 9, 69.85
1733796052, 287, 37, 41, 0, 0, 0.14%, 7, 0, 9, 65.62
1733796088, 288, 18, 41, 0, 0, 0.14%, 7, 0, 9, 59.12
1733796129, 289, 21, 41, 0, 0, 0.14%, 7, 0, 9, 58.65
1733796139, 290, 14, 41, 0, 0, 0.14%, 7, 0, 9, 63.13
1733796174, 292, 16, 41, 0, 0, 0.14%, 7, 0, 9, 53.72
1733796220, 296, 39, 41, 0, 0, 0.14%, 7, 0, 9, 70.88
1733796255, 299, 21, 41, 0, 0, 0.14%, 7, 0, 9, 62.78
1733796276, 300, 15, 41, 0, 0, 0.14%, 7, 0, 9, 61.93
1733796281, 300, 22, 41, 0, 0, 0.14%, 7, 0, 9, 62.22
1733796316, 300, 24, 41, 0, 0, 0.14%, 7, 0, 9, 59.82
1733796357, 301, 14, 41, 0, 0, 0.14%, 7, 0, 9, 60.01
1733796397, 303, 16, 41, 0, 0, 0.14%, 7, 0, 9, 56.73
1733796438, 305, 15, 41, 0, 0, 0.14%, 7, 0, 9, 56.81
1733796448, 305, 23, 41, 0, 0, 0.14%, 7, 0, 9, 54.91
1733796489, 305, 32, 41, 0, 0, 0.14%, 7, 0, 9, 66.75
1733796524, 306, 15, 41, 0, 0, 0.14%, 7, 0, 9, 61.12
1733796545, 306, 21, 41, 0, 0, 0.14%, 7, 0, 9, 59.41
1733796581, 306, 35, 41, 0, 0, 0.14%, 7, 0, 9, 75.56
1733796611, 309, 13, 41, 0, 0, 0.14%, 7, 0, 9, 57.12
1733796652, 312, 16, 41, 0, 0, 0.14%, 7, 0, 9, 53.38
1733796693, 321, 39, 41, 0, 0, 0.14%, 7, 0, 9, 61.77
1733796728, 322, 13, 41, 0, 0, 0.14%, 7, 0, 9, 57.26
1733796764, 322, 14, 41, 0, 0, 0.14%, 7, 0, 9, 58.67
1733796804, 324, 15, 41, 0, 0, 0.14%, 7, 0, 9, 57.16
1733796845, 326, 15, 41, 0, 0, 0.14%, 7, 0, 9, 54.05
1733796885, 329, 38, 41, 0, 0, 0.14%, 7, 0, 9, 61.02
1733796926, 330, 31, 41, 0, 0, 0.14%, 7, 0, 9, 73.48
1733796936, 336, 20, 41, 0, 0, 0.14%, 7, 0, 9, 60.96
1733796977, 340, 15, 41, 0, 0, 0.14%, 7, 0, 9, 60.62
1733797012, 340, 21, 41, 0, 0, 0.14%, 7, 0, 9, 59.50
1733797048, 340, 31, 41, 0, 0, 0.14%, 7, 0, 9, 72.07
1733797083, 342, 25, 41, 0, 0, 0.14%, 7, 0, 9, 63.89
1733797124, 342, 38, 41, 0, 0, 0.14%, 7, 0, 9, 64.29
1733797159, 344, 14, 41, 0, 0, 0.14%, 7, 0, 9, 59.82
1733797200, 346, 31, 41, 0, 0, 0.14%, 7, 0, 9, 73.96
1733797235, 349, 24, 41, 0, 0, 0.14%, 7, 0, 9, 60.40
1733797276, 352, 12, 41, 0, 0, 0.14%, 7, 0, 9, 56.49
1733797306, 352, 21, 41, 0, 0, 0.14%, 7, 0, 9, 63.37
1733797342, 353, 15, 41, 0, 0, 0.14%, 7, 0, 9, 59.82
1733797377, 355, 21, 41, 0, 0, 0.14%, 7, 0, 9, 66.75
1733797418, 355, 31, 41, 0, 0, 0.14%, 7, 0, 9, 62.92
1733797454, 356, 31, 41, 0, 0, 0.14%, 7, 0, 9, 72.14
1733797489, 356, 37, 41, 0, 0, 0.14%, 7, 0, 9, 63.03
1733797525, 358, 20, 41, 0, 0, 0.14%, 7, 0, 9, 59.25
1733797565, 363, 23, 41, 0, 0, 0.14%, 7, 0, 9, 55.92
1733797606, 364, 23, 41, 0, 0, 0.14%, 7, 0, 9, 56.61
1733797641, 367, 17, 41, 0, 0, 0.14%, 7, 0, 9, 71.34
1733797697, 368, 16, 41, 0, 0, 0.14%, 7, 0, 9, 58.84
1733797738, 369, 24, 41, 0, 0, 0.14%, 7, 0, 9, 60.95
1733797773, 373, 24, 41, 0, 0, 0.14%, 7, 0, 9, 64.66
1733797814, 378, 16, 41, 0, 0, 0.14%, 7, 0, 9, 54.52
1733797849, 386, 17, 41, 0, 0, 0.14%, 7, 0, 9, 60.72
1733797860, 387, 23, 41, 0, 0, 0.14%, 7, 0, 9, 60.98
1733797900, 388, 23, 41, 0, 0, 0.14%, 7, 0, 9, 55.00
1733797941, 392, 17, 41, 0, 0, 0.14%, 7, 0, 9, 59.93
1733797961, 401, 23, 41, 0, 0, 0.14%, 7, 0, 9, 55.82
1733797966, 409, 23, 41, 0, 0, 0.14%, 7, 0, 9, 52.79
1733797971, 410, 23, 41, 0, 0, 0.14%, 7, 0, 9, 55.38
1733797977, 414, 23, 41, 0, 0, 0.14%, 7, 0, 9, 57.92
1733797982, 423, 23, 41, 0, 0, 0.14%, 7, 0, 9, 57.45
1733797987, 429, 17, 41, 0, 0, 0.14%, 7, 0, 9, 61.65
1733798027, 431, 17, 41, 0, 0, 0.14%, 7, 0, 9, 58.94
1733798062, 444, 23, 41, 0, 0, 0.14%, 7, 0, 9, 60.22
1733798067, 486, 23, 41, 0, 0, 0.14%, 7, 0, 9, 62.28
1733798072, 501, 23, 41, 0, 0, 0.14%, 7, 0, 9, 60.28
1733798078, 549, 23, 41, 0, 0, 0.14%, 7, 0, 9, 60.74
1733798083, 559, 23, 41, 0, 0, 0.14%, 7, 0, 9, 57.36
1733798088, 610, 23, 41, 0, 0, 0.14%, 7, 0, 9, 56.35
1733798098, 642, 23, 41, 0, 0, 0.14%, 7, 0, 9, 58.60
1733798103, 715, 23, 41, 0, 0, 0.14%, 7, 0, 9, 57.49
1733798108, 721, 23, 41, 0, 0, 0.14%, 7, 0, 9, 55.74
1733798113, 774, 23, 41, 0, 0, 0.14%, 7, 0, 9, 53.25
1733798118, 791, 23, 41, 0, 0, 0.14%, 7, 0, 9, 50.78
1733798123, 804, 23, 41, 0, 0, 0.14%, 7, 0, 9, 57.58
1733798133, 819, 23, 41, 0, 0, 0.14%, 7, 0, 9, 61.64
1733798138, 827, 23, 41, 0, 0, 0.14%, 7, 0, 9, 59.82
1733798143, 911, 23, 41, 0, 0, 0.14%, 7, 0, 9, 56.95
1733798148, 912, 23, 41, 0, 0, 0.14%, 7, 0, 9, 57.86
1733798154, 923, 23, 41, 0, 0, 0.14%, 7, 0, 9, 56.52
1733798159, 927, 23, 41, 0, 0, 0.14%, 7, 0, 9, 55.07
1733798169, 21519, 0, 41, 0, 0, 0.14%, 7, 0, 9, 0.00
1733798174, 42394, 0, 41, 0, 0, 0.14%, 7, 0, 9, 0.00
1733798179, 63251, 0, 41, 0, 0, 0.14%, 7, 0, 9, 0.00
1733798184, 84135, 0, 41, 0, 0, 0.14%, 7, 0, 9, 0.00
1733798190, 105008, 0, 41, 0, 0, 0.14%, 7, 0, 9, 0.00
1733798195, 125859, 0, 41, 0, 0, 0.14%, 7, 0, 9, 0.00
1733798200, 146761, 0, 41, 0, 0, 0.14%, 7, 0, 9, 0.00
1733798205, 167669, 0, 41, 0, 0, 0.14%, 7, 0, 9, 0.00
1733798210, 188594, 0, 41, 0, 0, 0.14%, 7, 0, 9, 0.00
1733798216, 209484, 0, 41, 0, 0, 0.14%, 7, 0, 9, 0.00
1733798221, 230492, 0, 41, 0, 0, 0.14%, 7, 0, 9, 0.00
1733798226, 251498, 0, 41, 0, 0, 0.14%, 7, 0, 9, 0.00
1733798231, 272457, 0, 41, 0, 0, 0.14%, 7, 0, 9, 0.00
1733798236, 293402, 0, 41, 0, 0, 0.14%, 7, 0, 9, 0.00
1733798242, 314292, 0, 41, 0, 0, 0.14%, 7, 0, 9, 0.00
1733798247, 335177, 0, 41, 0, 0, 0.14%, 7, 0, 9, 0.00
1733798252, 356239, 0, 41, 0, 0, 0.14%, 7, 0, 9, 0.00
1733798257, 377213, 0, 41, 0, 0, 0.14%, 7, 0, 9, 0.00
1733798262, 398099, 0, 41, 0, 0, 0.14%, 7, 0, 9, 0.00
1733798268, 419060, 0, 41, 0, 0, 0.14%, 7, 0, 9, 0.00
1733798273, 439967, 0, 41, 0, 0, 0.14%, 7, 0, 9, 0.00
1733798278, 460821, 0, 41, 0, 0, 0.14%, 7, 0, 9, 0.00
1733798283, 481721, 0, 41, 0, 0, 0.14%, 7, 0, 9, 0.00
1733798288, 502622, 0, 41, 0, 0, 0.14%, 7, 0, 9, 0.00
1733798294, 523468, 0, 41, 0, 0, 0.14%, 7, 0, 9, 0.00
1733798299, 544396, 0, 41, 0, 0, 0.14%, 7, 0, 9, 0.00
1733798304, 565461, 0, 41, 0, 0, 0.14%, 7, 0, 9, 0.00
1733798309, 586344, 0, 41, 0, 0, 0.14%, 7, 0, 9, 0.00
1733798314, 607242, 0, 41, 0, 0, 0.14%, 7, 0, 9, 0.00
1733798320, 628111, 0, 41, 0, 0, 0.14%, 7, 0, 9, 0.00
1733798325, 649021, 0, 41, 0, 0, 0.14%, 7, 0, 9, 0.00
1733798330, 669990, 0, 41, 0, 0, 0.14%, 7, 0, 9, 0.00
1733798335, 690928, 0, 41, 0, 0, 0.14%, 7, 0, 9, 0.00
1733798340, 711865, 0, 41, 0, 0, 0.14%, 7, 0, 9, 0.00
1733798346, 732666, 0, 41, 0, 0, 0.14%, 7, 0, 9, 0.00
1733798351, 753596, 0, 41, 0, 0, 0.14%, 7, 0, 9, 0.00
1733798356, 774508, 0, 41, 0, 0, 0.14%, 7, 0, 9, 0.00
1733798361, 795543, 0, 41, 0, 0, 0.14%, 7, 0, 9, 0.00
1733798366, 816535, 0, 41, 0, 0, 0.14%, 7, 0, 9, 0.00
1733798372, 837463, 0, 41, 0, 0, 0.14%, 7, 0, 9, 0.00
1733798377, 858290, 0, 41, 0, 0, 0.14%, 7, 0, 9, 0.00
1733798382, 879224, 0, 41, 0, 0, 0.14%, 7, 0, 9, 0.00
1733798387, 900137, 0, 41, 0, 0, 0.14%, 7, 0, 9, 0.00
1733798392, 921054, 0, 41, 0, 0, 0.14%, 7, 0, 9, 0.00
1733798398, 942079, 0, 41, 0, 0, 0.14%, 7, 0, 9, 0.00
1733798403, 962949, 0, 41, 0, 0, 0.14%, 7, 0, 9, 0.00
1733798408, 983840, 0, 41, 0, 0, 0.14%, 7, 0, 9, 0.00
1733798413, 1004741, 0, 41, 0, 0, 0.14%, 7, 0, 9, 0.00
1733798418, 1025652, 0, 41, 0, 0, 0.14%, 7, 0, 9, 0.00
1733798424, 1046413, 0, 41, 0, 0, 0.14%, 7, 0, 9, 0.00
1733798429, 1067320, 0, 41, 0, 0, 0.14%, 7, 0, 9, 0.00
1733798434, 1088198, 0, 41, 0, 0, 0.14%, 7, 0, 9, 0.00
1733798439, 1109103, 0, 41, 0, 0, 0.14%, 7, 0, 9, 0.00
1733798444, 1130073, 0, 41, 0, 0, 0.14%, 7, 0, 9, 0.00
1733798450, 1151071, 0, 41, 0, 0, 0.14%, 7, 0, 9, 0.00
1733798455, 1172097, 0, 41, 0, 0, 0.14%, 7, 0, 9, 0.00
1733798460, 1193089, 0, 41, 0, 0, 0.14%, 7, 0, 9, 0.00
1733798465, 1214096, 0, 41, 0, 0, 0.14%, 7, 0, 9, 0.00
1733798470, 1234991, 0, 41, 0, 0, 0.14%, 7, 0, 9, 0.00
1733798476, 1255857, 0, 41, 0, 0, 0.14%, 7, 0, 9, 0.00
1733798481, 1276755, 0, 41, 0, 0, 0.14%, 7, 0, 9, 0.00
1733798486, 1297691, 0, 41, 0, 0, 0.14%, 7, 0, 9, 0.00
1733798491, 1318639, 0, 41, 0, 0, 0.14%, 7, 0, 9, 0.00
1733798496, 1339562, 0, 41, 0, 0, 0.14%, 7, 0, 9, 0.00
1733798502, 1360500, 0, 41, 0, 0, 0.14%, 7, 0, 9, 0.00
1733798507, 1381573, 0, 41, 0, 0, 0.14%, 7, 0, 9, 0.00
1733798512, 1402575, 0, 41, 0, 0, 0.14%, 7, 0, 9, 0.00
1733798517, 1423466, 0, 41, 0, 0, 0.14%, 7, 0, 9, 0.00
1733798522, 1444238, 0, 41, 0, 0, 0.14%, 7, 0, 9, 0.00
1733798528, 1465134, 0, 41, 0, 0, 0.14%, 7, 0, 9, 0.00
1733798533, 1486086, 0, 41, 0, 0, 0.14%, 7, 0, 9, 0.00
1733798538, 1507012, 0, 41, 0, 0, 0.14%, 7, 0, 9, 0.00
1733798543, 1527986, 0, 41, 0, 0, 0.14%, 7, 0, 9, 0.00
1733798548, 1548879, 0, 41, 0, 0, 0.14%, 7, 0, 9, 0.00
1733798554, 1569796, 0, 41, 0, 0, 0.14%, 7, 0, 9, 0.00
1733798559, 1590738, 0, 41, 0, 0, 0.14%, 7, 0, 9, 0.00
1733798564, 1611663, 0, 41, 0, 0, 0.14%, 7, 0, 9, 0.00
1733798569, 1632580, 0, 41, 0, 0, 0.14%, 7, 0, 9, 0.00
1733798574, 1653454, 0, 41, 0, 0, 0.14%, 7, 0, 9, 0.00
1733798580, 1674396, 0, 41, 0, 0, 0.14%, 7, 0, 9, 0.00
1733798585, 1695229, 0, 41, 0, 0, 0.14%, 7, 0, 9, 0.00
1733798590, 1716186, 0, 41, 0, 0, 0.14%, 7, 0, 9, 0.00
1733798595, 1737086, 0, 41, 0, 0, 0.14%, 7, 0, 9, 0.00
1733798600, 1758099, 0, 41, 0, 0, 0.14%, 7, 0, 9, 0.00
1733798606, 1778919, 0, 41, 0, 0, 0.14%, 7, 0, 9, 0.00
1733798611, 1799961, 0, 41, 0, 0, 0.14%, 7, 0, 9, 0.00
1733798616, 1820821, 0, 41, 0, 0, 0.14%, 7, 0, 9, 0.00
1733798621, 1841718, 0, 41, 0, 0, 0.14%, 7, 0, 9, 0.00
1733798626, 1862617, 0, 41, 0, 0, 0.14%, 7, 0, 9, 0.00
1733798632, 1883454, 0, 41, 0, 0, 0.14%, 7, 0, 9, 0.00
1733798637, 1904420, 0, 41, 0, 0, 0.14%, 7, 0, 9, 0.00
1733798642, 1925425, 0, 41, 0, 0, 0.14%, 7, 0, 9, 0.00
1733798647, 1946311, 0, 41, 0, 0, 0.14%, 7, 0, 9, 0.00
1733798652, 1967342, 0, 41, 0, 0, 0.14%, 7, 0, 9, 0.00
1733798658, 1988266, 0, 41, 0, 0, 0.14%, 7, 0, 9, 0.00
1733798663, 2009095, 0, 41, 0, 0, 0.14%, 7, 0, 9, 0.00
1733798668, 2029966, 0, 41, 0, 0, 0.14%, 7, 0, 9, 0.00
1733798673, 2050799, 0, 41, 0, 0, 0.14%, 7, 0, 9, 0.00
1733798678, 2071680, 0, 41, 0, 0, 0.14%, 7, 0, 9, 0.00
1733798684, 2092560, 0, 41, 0, 0, 0.14%, 7, 0, 9, 0.00
1733798689, 2113440, 0, 41, 0, 0, 0.14%, 7, 0, 9, 0.00
1733798694, 2134335, 0, 41, 0, 0, 0.14%, 7, 0, 9, 0.00
1733798699, 2155208, 0, 41, 0, 0, 0.14%, 7, 0, 9, 0.00
1733798704, 2176048, 0, 41, 0, 0, 0.14%, 7, 0, 9, 0.00
1733798710, 2196949, 0, 41, 0, 0, 0.14%, 7, 0, 9, 0.00
1733798715, 2217914, 0, 41, 0, 0, 0.14%, 7, 0, 9, 0.00
1733798720, 2238846, 0, 41, 0, 0, 0.14%, 7, 0, 9, 0.00
1733798725, 2259762, 0, 41, 0, 0, 0.14%, 7, 0, 9, 0.00
1733798730, 2280704, 0, 41, 0, 0, 0.14%, 7, 0, 9, 0.00
1733798736, 2301684, 0, 41, 0, 0, 0.14%, 7, 0, 9, 0.00
1733798741, 2322591, 0, 41, 0, 0, 0.14%, 7, 0, 9, 0.00
1733798746, 2343572, 0, 41, 0, 0, 0.14%, 7, 0, 9, 0.00
1733798751, 2364476, 0, 41, 0, 0, 0.14%, 7, 0, 9, 0.00
1733798756, 2385276, 0, 41, 0, 0, 0.14%, 7, 0, 9, 0.00
1733798762, 2406183, 0, 41, 0, 0, 0.14%, 7, 0, 9, 0.00
1733798767, 2427072, 0, 41, 0, 0, 0.14%, 7, 0, 9, 0.00
1733798772, 2447970, 0, 41, 0, 0, 0.14%, 7, 0, 9, 0.00
1733798777, 2468797, 0, 41, 0, 0, 0.14%, 7, 0, 9, 0.00
1733798782, 2489700, 0, 41, 0, 0, 0.14%, 7, 0, 9, 0.00
1733798788, 2510690, 0, 41, 0, 0, 0.14%, 7, 0, 9, 0.00
1733798793, 2531665, 0, 41, 0, 0, 0.14%, 7, 0, 9, 0.00
1733798798, 2552647, 0, 41, 0, 0, 0.14%, 7, 0, 9, 0.00
1733798803, 2573530, 0, 41, 0, 0, 0.14%, 7, 0, 9, 0.00
1733798808, 2594429, 0, 41, 0, 0, 0.14%, 7, 0, 9, 0.00
1733798814, 2615324, 0, 41, 0, 0, 0.14%, 7, 0, 9, 0.00
1733798819, 2636204, 0, 41, 0, 0, 0.14%, 7, 0, 9, 0.00
1733798824, 2657158, 0, 41, 0, 0, 0.14%, 7, 0, 9, 0.00
1733798829, 2678065, 0, 41, 0, 0, 0.14%, 7, 0, 9, 0.00
1733798834, 2698955, 0, 41, 0, 0, 0.14%, 7, 0, 9, 0.00
1733798840, 2719889, 0, 41, 0, 0, 0.14%, 7, 0, 9, 0.00
1733798845, 2740875, 0, 41, 0, 0, 0.14%, 7, 0, 9, 0.00
1733798850, 2761671, 0, 41, 0, 0, 0.14%, 7, 0, 9, 0.00
1733798855, 2782495, 0, 41, 0, 0, 0.14%, 7, 0, 9, 0.00
1733798860, 2803443, 0, 41, 0, 0, 0.14%, 7, 0, 9, 0.00
1733798866, 2824311, 0, 41, 0, 0, 0.14%, 7, 0, 9, 0.00
1733798871, 2845280, 0, 41, 0, 0, 0.14%, 7, 0, 9, 0.00
1733798876, 2866097, 0, 41, 0, 0, 0.14%, 7, 0, 9, 0.00
1733798881, 2887148, 0, 41, 0, 0, 0.14%, 7, 0, 9, 0.00
1733798886, 2907973, 0, 41, 0, 0, 0.14%, 7, 0, 9, 0.00
1733798892, 2928835, 0, 41, 0, 0, 0.14%, 7, 0, 9, 0.00
1733798897, 2949754, 0, 41, 0, 0, 0.14%, 7, 0, 9, 0.00
1733798902, 2970685, 0, 41, 0, 0, 0.14%, 7, 0, 9, 0.00
1733798907, 2991655, 0, 41, 0, 0, 0.14%, 7, 0, 9, 0.00
1733798912, 3012587, 0, 41, 0, 0, 0.14%, 7, 0, 9, 0.00
1733798918, 3033618, 0, 41, 0, 0, 0.14%, 7, 0, 9, 0.00
1733798923, 3054457, 0, 41, 0, 0, 0.14%, 7, 0, 9, 0.00
1733798928, 3075369, 0, 41, 0, 0, 0.14%, 7, 0, 9, 0.00
1733798933, 3096312, 0, 41, 0, 0, 0.14%, 7, 0, 9, 0.00
1733798938, 3117227, 0, 41, 0, 0, 0.14%, 7, 0, 9, 0.00
1733798944, 3138038, 0, 41, 0, 0, 0.14%, 7, 0, 9, 0.00
1733798949, 3158983, 0, 41, 0, 0, 0.14%, 7, 0, 9, 0.00
1733798954, 3179900, 0, 41, 0, 0, 0.14%, 7, 0, 9, 0.00
1733798959, 3200733, 0, 41, 0, 0, 0.14%, 7, 0, 9, 0.00
1733798964, 3221490, 0, 41, 0, 0, 0.14%, 7, 0, 9, 0.00
1733798970, 3242414, 0, 41, 0, 0, 0.14%, 7, 0, 9, 0.00
1733798975, 3263366, 0, 41, 0, 0, 0.14%, 7, 0, 9, 0.00
1733798980, 3284264, 0, 41, 0, 0, 0.14%, 7, 0, 9, 0.00
1733798985, 3305118, 0, 41, 0, 0, 0.14%, 7, 0, 9, 0.00
1733798990, 3326046, 0, 41, 0, 0, 0.14%, 7, 0, 9, 0.00
1733798996, 3346943, 0, 41, 0, 0, 0.14%, 7, 0, 9, 0.00
1733799001, 3367923, 0, 41, 0, 0, 0.14%, 7, 0, 9, 0.00
1733799006, 3388723, 0, 41, 0, 0, 0.14%, 7, 0, 9, 0.00
1733799011, 3409543, 0, 41, 0, 0, 0.14%, 7, 0, 9, 0.00
1733799016, 3430419, 0, 41, 0, 0, 0.14%, 7, 0, 9, 0.00
1733799022, 3451475, 0, 41, 0, 0, 0.14%, 7, 0, 9, 0.00
1733799027, 3472466, 0, 41, 0, 0, 0.14%, 7, 0, 9, 0.00
1733799032, 3493326, 0, 41, 0, 0, 0.14%, 7, 0, 9, 0.00
1733799037, 3514287, 0, 41, 0, 0, 0.14%, 7, 0, 9, 0.00
1733799042, 3535205, 0, 41, 0, 0, 0.14%, 7, 0, 9, 0.00
1733799048, 3556142, 0, 41, 0, 0, 0.14%, 7, 0, 9, 0.00
1733799053, 3577206, 0, 41, 0, 0, 0.14%, 7, 0, 9, 0.00
1733799058, 3598077, 0, 41, 0, 0, 0.14%, 7, 0, 9, 0.00
1733799063, 3618958, 0, 41, 0, 0, 0.14%, 7, 0, 9, 0.00
1733799068, 3639905, 0, 41, 0, 0, 0.14%, 7, 0, 9, 0.00
1733799074, 3660808, 0, 41, 0, 0, 0.14%, 7, 0, 9, 0.00
1733799079, 3681695, 0, 41, 0, 0, 0.14%, 7, 0, 9, 0.00
1733799084, 3702499, 0, 41, 0, 0, 0.14%, 7, 0, 9, 0.00
1733799089, 3723452, 0, 41, 0, 0, 0.14%, 7, 0, 9, 0.00
1733799094, 3744455, 0, 41, 0, 0, 0.14%, 7, 0, 9, 0.00
1733799100, 3765295, 0, 41, 0, 0, 0.14%, 7, 0, 9, 0.00
1733799105, 3786113, 0, 41, 0, 0, 0.14%, 7, 0, 9, 0.00
1733799110, 3806914, 0, 41, 0, 0, 0.14%, 7, 0, 9, 0.00
1733799115, 3827914, 0, 41, 0, 0, 0.14%, 7, 0, 9, 0.00
1733799120, 3848720, 0, 41, 0, 0, 0.14%, 7, 0, 9, 0.00
1733799126, 3869649, 0, 41, 0, 0, 0.14%, 7, 0, 9, 0.00
1733799131, 3890499, 0, 41, 0, 0, 0.14%, 7, 0, 9, 0.00
1733799136, 3911487, 0, 41, 0, 0, 0.14%, 7, 0, 9, 0.00
1733799141, 3932405, 0, 41, 0, 0, 0.14%, 7, 0, 9, 0.00
1733799146, 3953231, 0, 41, 0, 0, 0.14%, 7, 0, 9, 0.00
1733799152, 3974164, 0, 41, 0, 0, 0.14%, 7, 0, 9, 0.00
1733799157, 3995125, 0, 41, 0, 0, 0.14%, 7, 0, 9, 0.00
1733799162, 4015993, 0, 41, 0, 0, 0.14%, 7, 0, 9, 0.00
1733799167, 4036814, 0, 41, 0, 0, 0.14%, 7, 0, 9, 0.00
1733799172, 4057769, 0, 41, 0, 0, 0.14%, 7, 0, 9, 0.00
1733799178, 4078710, 0, 41, 0, 0, 0.14%, 7, 0, 9, 0.00
1733799183, 4099601, 0, 41, 0, 0, 0.14%, 7, 0, 9, 0.00
1733799188, 4120427, 0, 41, 0, 0, 0.14%, 7, 0, 9, 0.00
1733799193, 4141316, 0, 41, 0, 0, 0.14%, 7, 0, 9, 0.00
1733799198, 4162336, 0, 41, 0, 0, 0.14%, 7, 0, 9, 0.00
1733799204, 4183224, 0, 41, 0, 0, 0.14%, 7, 0, 9, 0.00
1733799209, 4204215, 0, 41, 0, 0, 0.14%, 7, 0, 9, 0.00
1733799214, 4225158, 0, 41, 0, 0, 0.14%, 7, 0, 9, 0.00
1733799219, 4246119, 0, 41, 0, 0, 0.14%, 7, 0, 9, 0.00
1733799224, 4267125, 0, 41, 0, 0, 0.14%, 7, 0, 9, 0.00
1733799230, 4288049, 0, 41, 0, 0, 0.14%, 7, 0, 9, 0.00
1733799235, 4308918, 0, 41, 0, 0, 0.14%, 7, 0, 9, 0.00
1733799240, 4329879, 0, 41, 0, 0, 0.14%, 7, 0, 9, 0.00
1733799245, 4351008, 0, 41, 0, 0, 0.14%, 7, 0, 9, 0.00
1733799250, 4371985, 0, 41, 0, 0, 0.14%, 7, 0, 9, 0.00
1733799256, 4392714, 0, 41, 0, 0, 0.14%, 7, 0, 9, 0.00
1733799261, 4413618, 0, 41, 0, 0, 0.14%, 7, 0, 9, 0.00
1733799266, 4434478, 0, 41, 0, 0, 0.14%, 7, 0, 9, 0.00
1733799271, 4455412, 0, 41, 0, 0, 0.14%, 7, 0, 9, 0.00
1733799276, 4476330, 0, 41, 0, 0, 0.14%, 7, 0, 9, 0.00
1733799282, 4497258, 0, 41, 0, 0, 0.14%, 7, 0, 9, 0.00
1733799287, 4518204, 0, 41, 0, 0, 0.14%, 7, 0, 9, 0.00
1733799292, 4539197, 0, 41, 0, 0, 0.14%, 7, 0, 9, 0.00
1733799297, 4560065, 0, 41, 0, 0, 0.14%, 7, 0, 9, 0.00
1733799302, 4581035, 0, 41, 0, 0, 0.14%, 7, 0, 9, 0.00
1733799308, 4602044, 0, 41, 0, 0, 0.14%, 7, 0, 9, 0.00
1733799313, 4623045, 0, 41, 0, 0, 0.14%, 7, 0, 9, 0.00
1733799318, 4643961, 0, 41, 0, 0, 0.14%, 7, 0, 9, 0.00
1733799323, 4664883, 0, 41, 0, 0, 0.14%, 7, 0, 9, 0.00
1733799328, 4685725, 0, 41, 0, 0, 0.14%, 7, 0, 9, 0.00
1733799334, 4706615, 0, 41, 0, 0, 0.14%, 7, 0, 9, 0.00
1733799339, 4727497, 0, 41, 0, 0, 0.14%, 7, 0, 9, 0.00
1733799344, 4748439, 0, 41, 0, 0, 0.14%, 7, 0, 9, 0.00
1733799349, 4769291, 0, 41, 0, 0, 0.14%, 7, 0, 9, 0.00
1733799354, 4790357, 0, 41, 0, 0, 0.14%, 7, 0, 9, 0.00
1733799360, 4811378, 0, 41, 0, 0, 0.14%, 7, 0, 9, 0.00
1733799365, 4832368, 0, 41, 0, 0, 0.14%, 7, 0, 9, 0.00
1733799370, 4853179, 0, 41, 0, 0, 0.14%, 7, 0, 9, 0.00
1733799375, 4874147, 0, 41, 0, 0, 0.14%, 7, 0, 9, 0.00
1733799380, 4895070, 0, 41, 0, 0, 0.14%, 7, 0, 9, 0.00
1733799386, 4916000, 0, 41, 0, 0, 0.14%, 7, 0, 9, 0.00
1733799391, 4936863, 0, 41, 0, 0, 0.14%, 7, 0, 9, 0.00
1733799396, 4957750, 0, 41, 0, 0, 0.14%, 7, 0, 9, 0.00
1733799401, 4978568, 0, 41, 0, 0, 0.14%, 7, 0, 9, 0.00
1733799406, 4999464, 0, 41, 0, 0, 0.14%, 7, 0, 9, 0.00
1733799412, 5020336, 0, 41, 0, 0, 0.14%, 7, 0, 9, 0.00
1733799417, 5041278, 0, 41, 0, 0, 0.14%, 7, 0, 9, 0.00
1733799422, 5062246, 0, 41, 0, 0, 0.14%, 7, 0, 9, 0.00
1733799427, 5083117, 0, 41, 0, 0, 0.14%, 7, 0, 9, 0.00
1733799432, 5104176, 0, 41, 0, 0, 0.14%, 7, 0, 9, 0.00
1733799438, 5125216, 0, 41, 0, 0, 0.14%, 7, 0, 9, 0.00
1733799443, 5146252, 0, 41, 0, 0, 0.14%, 7, 0, 9, 0.00
1733799448, 5167117, 0, 41, 0, 0, 0.14%, 7, 0, 9, 0.00
1733799453, 5188149, 0, 41, 0, 0, 0.14%, 7, 0, 9, 0.00
1733799458, 5209070, 0, 41, 0, 0, 0.14%, 7, 0, 9, 0.00
1733799464, 5229972, 0, 41, 0, 0, 0.14%, 7, 0, 9, 0.00
1733799469, 5250864, 0, 41, 0, 0, 0.14%, 7, 0, 9, 0.00
1733799474, 5271708, 0, 41, 0, 0, 0.14%, 7, 0, 9, 0.00
1733799479, 5292530, 0, 41, 0, 0, 0.14%, 7, 0, 9, 0.00
1733799484, 5313422, 0, 41, 0, 0, 0.14%, 7, 0, 9, 0.00
1733799490, 5334280, 0, 41, 0, 0, 0.14%, 7, 0, 9, 0.00
1733799495, 5355200, 0, 41, 0, 0, 0.14%, 7, 0, 9, 0.00
1733799500, 5376097, 0, 41, 0, 0, 0.14%, 7, 0, 9, 0.00
1733799505, 5396988, 0, 41, 0, 0, 0.14%, 7, 0, 9, 0.00
1733799510, 5417913, 0, 41, 0, 0, 0.14%, 7, 0, 9, 0.00
1733799516, 5438851, 0, 41, 0, 0, 0.14%, 7, 0, 9, 0.00
1733799521, 5459772, 0, 41, 0, 0, 0.14%, 7, 0, 9, 0.00
1733799526, 5480695, 0, 41, 0, 0, 0.14%, 7, 0, 9, 0.00
1733799531, 5501512, 0, 41, 0, 0, 0.14%, 7, 0, 9, 0.00
1733799536, 5522483, 0, 41, 0, 0, 0.14%, 7, 0, 9, 0.00
1733799542, 5543425, 0, 41, 0, 0, 0.14%, 7, 0, 9, 0.00
1733799547, 5564277, 0, 41, 0, 0, 0.14%, 7, 0, 9, 0.00
1733799552, 5585163, 0, 41, 0, 0, 0.14%, 7, 0, 9, 0.00
1733799557, 5606061, 0, 41, 0, 0, 0.14%, 7, 0, 9, 0.00
1733799562, 5627084, 0, 41, 0, 0, 0.14%, 7, 0, 9, 0.00
1733799568, 5648012, 0, 41, 0, 0, 0.14%, 7, 0, 9, 0.00
1733799573, 5668945, 0, 41, 0, 0, 0.14%, 7, 0, 9, 0.00
1733799578, 5689815, 0, 41, 0, 0, 0.14%, 7, 0, 9, 0.00
1733799583, 5710879, 0, 41, 0, 0, 0.14%, 7, 0, 9, 0.00
1733799588, 5731769, 0, 41, 0, 0, 0.14%, 7, 0, 9, 0.00
1733799594, 5752690, 0, 41, 0, 0, 0.14%, 7, 0, 9, 0.00
1733799599, 5773678, 0, 41, 0, 0, 0.14%, 7, 0, 9, 0.00
1733799604, 5794620, 0, 41, 0, 0, 0.14%, 7, 0, 9, 0.00
1733799609, 5815538, 0, 41, 0, 0, 0.14%, 7, 0, 9, 0.00
1733799614, 5836368, 0, 41, 0, 0, 0.14%, 7, 0, 9, 0.00
1733799620, 5857207, 0, 41, 0, 0, 0.14%, 7, 0, 9, 0.00
1733799625, 5878099, 0, 41, 0, 0, 0.14%, 7, 0, 9, 0.00
1733799630, 5898979, 0, 41, 0, 0, 0.14%, 7, 0, 9, 0.00
1733799635, 5919879, 0, 41, 0, 0, 0.14%, 7, 0, 9, 0.00
1733799640, 5940864, 0, 41, 0, 0, 0.14%, 7, 0, 9, 0.00
1733799646, 5961817, 0, 41, 0, 0, 0.14%, 7, 0, 9, 0.00
1733799651, 5982748, 0, 41, 0, 0, 0.14%, 7, 0, 9, 0.00
1733799656, 6003729, 0, 41, 0, 0, 0.14%, 7, 0, 9, 0.00
1733799661, 6024482, 0, 41, 0, 0, 0.14%, 7, 0, 9, 0.00
1733799666, 6045252, 0, 41, 0, 0, 0.14%, 7, 0, 9, 0.00
1733799672, 6066171, 0, 41, 0, 0, 0.14%, 7, 0, 9, 0.00
1733799677, 6087104, 0, 41, 0, 0, 0.14%, 7, 0, 9, 0.00
1733799682, 6108068, 0, 41, 0, 0, 0.14%, 7, 0, 9, 0.00
1733799687, 6129087, 0, 41, 0, 0, 0.14%, 7, 0, 9, 0.00
1733799692, 6150070, 0, 41, 0, 0, 0.14%, 7, 0, 9, 0.00
1733799698, 6170983, 0, 41, 0, 0, 0.14%, 7, 0, 9, 0.00
1733799703, 6191958, 0, 41, 0, 0, 0.14%, 7, 0, 9, 0.00
1733799708, 6212926, 0, 41, 0, 0, 0.14%, 7, 0, 9, 0.00
1733799713, 6233765, 0, 41, 0, 0, 0.14%, 7, 0, 9, 0.00
1733799718, 6254588, 0, 41, 0, 0, 0.14%, 7, 0, 9, 0.00
1733799724, 6275520, 0, 41, 0, 0, 0.14%, 7, 0, 9, 0.00
1733799729, 6296449, 0, 41, 0, 0, 0.14%, 7, 0, 9, 0.00
1733799734, 6317341, 0, 41, 0, 0, 0.14%, 7, 0, 9, 0.00
1733799739, 6338275, 0, 41, 0, 0, 0.14%, 7, 0, 9, 0.00
1733799744, 6359186, 0, 41, 0, 0, 0.14%, 7, 0, 9, 0.00
1733799750, 6380101, 0, 41, 0, 0, 0.14%, 7, 0, 9, 0.00
1733799755, 6400997, 0, 41, 0, 0, 0.14%, 7, 0, 9, 0.00
1733799760, 6421945, 0, 41, 0, 0, 0.14%, 7, 0, 9, 0.00
1733799765, 6442910, 0, 41, 0, 0, 0.14%, 7, 0, 9, 0.00
1733799770, 6463850, 0, 41, 0, 0, 0.14%, 7, 0, 9, 0.00
1733799776, 6484653, 0, 41, 0, 0, 0.14%, 7, 0, 9, 0.00
1733799781, 6505541, 0, 41, 0, 0, 0.14%, 7, 0, 9, 0.00
1733799786, 6526432, 0, 41, 0, 0, 0.14%, 7, 0, 9, 0.00
1733799791, 6547319, 0, 41, 0, 0, 0.14%, 7, 0, 9, 0.00
1733799796, 6568287, 0, 41, 0, 0, 0.14%, 7, 0, 9, 0.00
1733799802, 6589265, 0, 41, 0, 0, 0.14%, 7, 0, 9, 0.00
1733799807, 6610258, 0, 41, 0, 0, 0.14%, 7, 0, 9, 0.00
1733799812, 6631247, 0, 41, 0, 0, 0.14%, 7, 0, 9, 0.00
1733799817, 6652128, 0, 41, 0, 0, 0.14%, 7, 0, 9, 0.00
1733799822, 6673016, 0, 41, 0, 0, 0.14%, 7, 0, 9, 0.00
1733799828, 6693835, 0, 41, 0, 0, 0.14%, 7, 0, 9, 0.00
1733799833, 6714714, 0, 41, 0, 0, 0.14%, 7, 0, 9, 0.00
1733799838, 6735576, 0, 41, 0, 0, 0.14%, 7, 0, 9, 0.00
1733799843, 6756419, 0, 41, 0, 0, 0.14%, 7, 0, 9, 0.00
1733799848, 6777271, 0, 41, 0, 0, 0.14%, 7, 0, 9, 0.00
1733799854, 6798205, 0, 41, 0, 0, 0.14%, 7, 0, 9, 0.00
1733799859, 6819273, 0, 41, 0, 0, 0.14%, 7, 0, 9, 0.00
1733799864, 6840094, 0, 41, 0, 0, 0.14%, 7, 0, 9, 0.00
1733799869, 6860911, 0, 41, 0, 0, 0.14%, 7, 0, 9, 0.00
1733799874, 6881760, 0, 41, 0, 0, 0.14%, 7, 0, 9, 0.00
1733799880, 6902700, 0, 41, 0, 0, 0.14%, 7, 0, 9, 0.00
1733799885, 6923500, 0, 41, 0, 0, 0.14%, 7, 0, 9, 0.00
1733799890, 6944446, 0, 41, 0, 0, 0.14%, 7, 0, 9, 0.00
1733799895, 6965382, 0, 41, 0, 0, 0.14%, 7, 0, 9, 0.00
1733799900, 6986309, 0, 41, 0, 0, 0.14%, 7, 0, 9, 0.00
1733799906, 7007102, 0, 41, 0, 0, 0.14%, 7, 0, 9, 0.00
1733799911, 7027948, 0, 41, 0, 0, 0.14%, 7, 0, 9, 0.00
1733799916, 7048817, 0, 41, 0, 0, 0.14%, 7, 0, 9, 0.00
1733799921, 7069743, 0, 41, 0, 0, 0.14%, 7, 0, 9, 0.00
1733799926, 7090626, 0, 41, 0, 0, 0.14%, 7, 0, 9, 0.00
1733799932, 7111591, 0, 41, 0, 0, 0.14%, 7, 0, 9, 0.00
1733799937, 7132506, 0, 41, 0, 0, 0.14%, 7, 0, 9, 0.00
1733799942, 7153353, 0, 41, 0, 0, 0.14%, 7, 0, 9, 0.00
1733799947, 7174296, 0, 41, 0, 0, 0.14%, 7, 0, 9, 0.00
1733799952, 7195164, 0, 41, 0, 0, 0.14%, 7, 0, 9, 0.00
1733799958, 7216180, 0, 41, 0, 0, 0.14%, 7, 0, 9, 0.00
1733799963, 7237220, 0, 41, 0, 0, 0.14%, 7, 0, 9, 0.00
1733799968, 7258063, 0, 41, 0, 0, 0.14%, 7, 0, 9, 0.00
1733799973, 7279047, 0, 41, 0, 0, 0.14%, 7, 0, 9, 0.00
1733799978, 7299959, 0, 41, 0, 0, 0.14%, 7, 0, 9, 0.00
1733799984, 7320853, 0, 41, 0, 0, 0.14%, 7, 0, 9, 0.00
1733799989, 7341668, 0, 41, 0, 0, 0.14%, 7, 0, 9, 0.00
1733799994, 7362574, 0, 41, 0, 0, 0.14%, 7, 0, 9, 0.00
1733799999, 7383484, 0, 41, 0, 0, 0.14%, 7, 0, 9, 0.00
1733800004, 7404302, 0, 41, 0, 0, 0.14%, 7, 0, 9, 0.00
1733800010, 7425191, 0, 41, 0, 0, 0.14%, 7, 0, 9, 0.00
1733800015, 7446150, 0, 41, 0, 0, 0.14%, 7, 0, 9, 0.00
1733800020, 7467036, 0, 41, 0, 0, 0.14%, 7, 0, 9, 0.00
1733800025, 7487822, 0, 41, 0, 0, 0.14%, 7, 0, 9, 0.00
1733800030, 7508634, 0, 41, 0, 0, 0.14%, 7, 0, 9, 0.00
1733800036, 7529507, 0, 41, 0, 0, 0.14%, 7, 0, 9, 0.00
1733800041, 7550383, 0, 41, 0, 0, 0.14%, 7, 0, 9, 0.00
1733800046, 7571242, 0, 41, 0, 0, 0.14%, 7, 0, 9, 0.00
1733800051, 7592146, 0, 41, 0, 0, 0.14%, 7, 0, 9, 0.00
1733800056, 7613015, 0, 41, 0, 0, 0.14%, 7, 0, 9, 0.00
1733800062, 7633883, 0, 41, 0, 0, 0.14%, 7, 0, 9, 0.00
1733800067, 7654824, 0, 41, 0, 0, 0.14%, 7, 0, 9, 0.00
1733800072, 7675677, 0, 41, 0, 0, 0.14%, 7, 0, 9, 0.00
1733800077, 7696677, 0, 41, 0, 0, 0.14%, 7, 0, 9, 0.00
1733800082, 7717559, 0, 41, 0, 0, 0.14%, 7, 0, 9, 0.00
1733800088, 7738416, 0, 41, 0, 0, 0.14%, 7, 0, 9, 0.00
1733800093, 7759374, 0, 41, 0, 0, 0.14%, 7, 0, 9, 0.00
1733800098, 7780213, 0, 41, 0, 0, 0.14%, 7, 0, 9, 0.00
1733800103, 7801164, 0, 41, 0, 0, 0.14%, 7, 0, 9, 0.00
1733800108, 7822051, 0, 41, 0, 0, 0.14%, 7, 0, 9, 0.00
1733800114, 7842939, 0, 41, 0, 0, 0.14%, 7, 0, 9, 0.00
1733800119, 7863891, 0, 41, 0, 0, 0.14%, 7, 0, 9, 0.00
1733800124, 7884917, 0, 41, 0, 0, 0.14%, 7, 0, 9, 0.00
1733800129, 7905763, 0, 41, 0, 0, 0.14%, 7, 0, 9, 0.00
1733800134, 7926630, 0, 41, 0, 0, 0.14%, 7, 0, 9, 0.00
1733800140, 7947660, 0, 41, 0, 0, 0.14%, 7, 0, 9, 0.00
1733800145, 7968592, 0, 41, 0, 0, 0.14%, 7, 0, 9, 0.00
1733800150, 7989402, 0, 41, 0, 0, 0.14%, 7, 0, 9, 0.00
1733800155, 8010246, 0, 41, 0, 0, 0.14%, 7, 0, 9, 0.00
1733800160, 8031140, 0, 41, 0, 0, 0.14%, 7, 0, 9, 0.00
1733800166, 8051974, 0, 41, 0, 0, 0.14%, 7, 0, 9, 0.00
1733800171, 8072900, 0, 41, 0, 0, 0.14%, 7, 0, 9, 0.00
1733800176, 8093821, 0, 41, 0, 0, 0.14%, 7, 0, 9, 0.00
1733800181, 8114796, 0, 41, 0, 0, 0.14%, 7, 0, 9, 0.00
1733800186, 8135624, 0, 41, 0, 0, 0.14%, 7, 0, 9, 0.00
1733800192, 8156389, 0, 41, 0, 0, 0.14%, 7, 0, 9, 0.00
1733800197, 8177252, 0, 41, 0, 0, 0.14%, 7, 0, 9, 0.00
1733800202, 8198133, 0, 41, 0, 0, 0.14%, 7, 0, 9, 0.00
1733800207, 8219097, 0, 41, 0, 0, 0.14%, 7, 0, 9, 0.00
1733800212, 8240131, 0, 41, 0, 0, 0.14%, 7, 0, 9, 0.00
1733800218, 8261055, 0, 41, 0, 0, 0.14%, 7, 0, 9, 0.00
1733800223, 8281860, 0, 41, 0, 0, 0.14%, 7, 0, 9, 0.00
1733800228, 8302640, 0, 41, 0, 0, 0.14%, 7, 0, 9, 0.00
1733800233, 8323434, 0, 41, 0, 0, 0.14%, 7, 0, 9, 0.00
1733800238, 8344277, 0, 41, 0, 0, 0.14%, 7, 0, 9, 0.00
1733800244, 8365244, 0, 41, 0, 0, 0.14%, 7, 0, 9, 0.00
1733800249, 8386151, 0, 41, 0, 0, 0.14%, 7, 0, 9, 0.00
1733800254, 8407149, 0, 41, 0, 0, 0.14%, 7, 0, 9, 0.00
1733800259, 8428082, 0, 41, 0, 0, 0.14%, 7, 0, 9, 0.00
1733800264, 8448986, 0, 41, 0, 0, 0.14%, 7, 0, 9, 0.00
1733800270, 8469946, 0, 41, 0, 0, 0.14%, 7, 0, 9, 0.00
1733800275, 8490823, 0, 41, 0, 0, 0.14%, 7, 0, 9, 0.00
1733800280, 8511744, 0, 41, 0, 0, 0.14%, 7, 0, 9, 0.00
1733800285, 8532591, 0, 41, 0, 0, 0.14%, 7, 0, 9, 0.00
1733800290, 8553504, 0, 41, 0, 0, 0.14%, 7, 0, 9, 0.00
1733800296, 8574502, 0, 41, 0, 0, 0.14%, 7, 0, 9, 0.00
1733800301, 8595364, 0, 41, 0, 0, 0.14%, 7, 0, 9, 0.00
1733800306, 8616317, 0, 41, 0, 0, 0.14%, 7, 0, 9, 0.00
1733800311, 8637319, 0, 41, 0, 0, 0.14%, 7, 0, 9, 0.00
1733800316, 8658180, 0, 41, 0, 0, 0.14%, 7, 0, 9, 0.00
1733800322, 8679150, 0, 41, 0, 0, 0.14%, 7, 0, 9, 0.00
1733800327, 8700088, 0, 41, 0, 0, 0.14%, 7, 0, 9, 0.00
1733800332, 8721019, 0, 41, 0, 0, 0.14%, 7, 0, 9, 0.00
1733800337, 8742032, 0, 41, 0, 0, 0.14%, 7, 0, 9, 0.00
1733800342, 8762885, 0, 41, 0, 0, 0.14%, 7, 0, 9, 0.00
1733800348, 8783714, 0, 41, 0, 0, 0.14%, 7, 0, 9, 0.00
1733800353, 8804564, 0, 41, 0, 0, 0.14%, 7, 0, 9, 0.00
1733800358, 8825536, 0, 41, 0, 0, 0.14%, 7, 0, 9, 0.00
1733800363, 8846360, 0, 41, 0, 0, 0.14%, 7, 0, 9, 0.00
1733800368, 8867207, 0, 41, 0, 0, 0.14%, 7, 0, 9, 0.00
1733800374, 8888026, 0, 41, 0, 0, 0.14%, 7, 0, 9, 0.00
1733800379, 8908794, 0, 41, 0, 0, 0.14%, 7, 0, 9, 0.00
1733800384, 8929537, 0, 41, 0, 0, 0.14%, 7, 0, 9, 0.00
1733800389, 8950456, 0, 41, 0, 0, 0.14%, 7, 0, 9, 0.00
1733800394, 8971409, 0, 41, 0, 0, 0.14%, 7, 0, 9, 0.00
1733800400, 8992288, 0, 41, 0, 0, 0.14%, 7, 0, 9, 0.00
1733800405, 9013164, 0, 41, 0, 0, 0.14%, 7, 0, 9, 0.00
1733800410, 9033940, 0, 41, 0, 0, 0.14%, 7, 0, 9, 0.00
1733800415, 9054770, 0, 41, 0, 0, 0.14%, 7, 0, 9, 0.00
1733800420, 9075630, 0, 41, 0, 0, 0.14%, 7, 0, 9, 0.00
1733800426, 9096576, 0, 41, 0, 0, 0.14%, 7, 0, 9, 0.00
1733800431, 9117528, 0, 41, 0, 0, 0.14%, 7, 0, 9, 0.00
1733800436, 9138379, 0, 41, 0, 0, 0.14%, 7, 0, 9, 0.00
1733800441, 9159295, 0, 41, 0, 0, 0.14%, 7, 0, 9, 0.00
1733800446, 9180239, 0, 41, 0, 0, 0.14%, 7, 0, 9, 0.00
1733800452, 9201039, 0, 41, 0, 0, 0.14%, 7, 0, 9, 0.00
1733800457, 9221885, 0, 41, 0, 0, 0.14%, 7, 0, 9, 0.00
1733800462, 9242791, 0, 41, 0, 0, 0.14%, 7, 0, 9, 0.00
1733800467, 9263750, 0, 41, 0, 0, 0.14%, 7, 0, 9, 0.00
1733800472, 9284677, 0, 41, 0, 0, 0.14%, 7, 0, 9, 0.00
1733800478, 9305510, 0, 41, 0, 0, 0.14%, 7, 0, 9, 0.00
1733800483, 9326412, 0, 41, 0, 0, 0.14%, 7, 0, 9, 0.00
1733800488, 9347281, 0, 41, 0, 0, 0.14%, 7, 0, 9, 0.00
1733800493, 9368265, 0, 41, 0, 0, 0.14%, 7, 0, 9, 0.00
1733800498, 9389212, 0, 41, 0, 0, 0.14%, 7, 0, 9, 0.00
1733800504, 9410098, 0, 41, 0, 0, 0.14%, 7, 0, 9, 0.00
1733800509, 9430985, 0, 41, 0, 0, 0.14%, 7, 0, 9, 0.00
1733800514, 9451915, 0, 41, 0, 0, 0.14%, 7, 0, 9, 0.00
1733800519, 9472810, 0, 41, 0, 0, 0.14%, 7, 0, 9, 0.00
1733800524, 9493651, 0, 41, 0, 0, 0.14%, 7, 0, 9, 0.00
1733800530, 9514506, 0, 41, 0, 0, 0.14%, 7, 0, 9, 0.00
1733800535, 9535389, 0, 41, 0, 0, 0.14%, 7, 0, 9, 0.00
1733800540, 9556300, 0, 41, 0, 0, 0.14%, 7, 0, 9, 0.00
1733800545, 9577145, 0, 41, 0, 0, 0.14%, 7, 0, 9, 0.00
1733800550, 9597988, 0, 41, 0, 0, 0.14%, 7, 0, 9, 0.00
1733800556, 9618927, 0, 41, 0, 0, 0.14%, 7, 0, 9, 0.00
1733800561, 9639800, 0, 41, 0, 0, 0.14%, 7, 0, 9, 0.00
1733800566, 9660830, 0, 41, 0, 0, 0.14%, 7, 0, 9, 0.00
1733800571, 9681713, 0, 41, 0, 0, 0.14%, 7, 0, 9, 0.00
1733800576, 9702686, 0, 41, 0, 0, 0.14%, 7, 0, 9, 0.00
1733800582, 9723468, 0, 41, 0, 0, 0.14%, 7, 0, 9, 0.00
1733800587, 9744333, 0, 41, 0, 0, 0.14%, 7, 0, 9, 0.00
1733800592, 9765227, 0, 41, 0, 0, 0.14%, 7, 0, 9, 0.00
1733800597, 9786050, 0, 41, 0, 0, 0.14%, 7, 0, 9, 0.00
1733800602, 9806981, 0, 41, 0, 0, 0.14%, 7, 0, 9, 0.00
1733800608, 9827937, 0, 41, 0, 0, 0.14%, 7, 0, 9, 0.00
1733800613, 9848896, 0, 41, 0, 0, 0.14%, 7, 0, 9, 0.00
1733800618, 9869827, 0, 41, 0, 0, 0.14%, 7, 0, 9, 0.00
1733800623, 9890727, 0, 41, 0, 0, 0.14%, 7, 0, 9, 0.00
1733800628, 9911575, 0, 41, 0, 0, 0.14%, 7, 0, 9, 0.00
1733800634, 9932448, 0, 41, 0, 0, 0.14%, 7, 0, 9, 0.00
1733800639, 9953313, 0, 41, 0, 0, 0.14%, 7, 0, 9, 0.00
1733800644, 9974259, 0, 41, 0, 0, 0.14%, 7, 0, 9, 0.00
1733800649, 9995099, 0, 41, 0, 0, 0.14%, 7, 0, 9, 0.00
1733800654, 10015853, 0, 41, 0, 0, 0.14%, 7, 0, 9, 0.00
1733800660, 10036831, 0, 41, 0, 0, 0.14%, 7, 0, 9, 0.00
1733800665, 10057672, 0, 41, 0, 0, 0.14%, 7, 0, 9, 0.00
1733800670, 10078530, 0, 41, 0, 0, 0.14%, 7, 0, 9, 0.00
1733800675, 10099441, 0, 41, 0, 0, 0.14%, 7, 0, 9, 0.00
1733800680, 10120379, 0, 41, 0, 0, 0.14%, 7, 0, 9, 0.00
1733800686, 10141195, 0, 41, 0, 0, 0.14%, 7, 0, 9, 0.00
1733800691, 10162237, 0, 41, 0, 0, 0.14%, 7, 0, 9, 0.00
1733800696, 10183213, 0, 41, 0, 0, 0.14%, 7, 0, 9, 0.00
1733800701, 10204015, 0, 41, 0, 0, 0.14%, 7, 0, 9, 0.00
1733800706, 10225030, 0, 41, 0, 0, 0.14%, 7, 0, 9, 0.00
1733800712, 10245946, 0, 41, 0, 0, 0.14%, 7, 0, 9, 0.00
1733800717, 10266770, 0, 41, 0, 0, 0.14%, 7, 0, 9, 0.00
1733800722, 10287660, 0, 41, 0, 0, 0.14%, 7, 0, 9, 0.00
1733800727, 10308493, 0, 41, 0, 0, 0.14%, 7, 0, 9, 0.00
1733800732, 10329368, 0, 41, 0, 0, 0.14%, 7, 0, 9, 0.00
1733800738, 10350350, 0, 41, 0, 0, 0.14%, 7, 0, 9, 0.00
1733800743, 10371116, 0, 41, 0, 0, 0.14%, 7, 0, 9, 0.00
1733800748, 10392094, 0, 41, 0, 0, 0.14%, 7, 0, 9, 0.00
1733800753, 10412897, 0, 41, 0, 0, 0.14%, 7, 0, 9, 0.00
1733800758, 10433717, 0, 41, 0, 0, 0.14%, 7, 0, 9, 0.00
1733800764, 10454687, 0, 41, 0, 0, 0.14%, 7, 0, 9, 0.00
1733800769, 10475642, 0, 41, 0, 0, 0.14%, 7, 0, 9, 0.00
1733800774, 10496460, 0, 41, 0, 0, 0.14%, 7, 0, 9, 0.00
1733800779, 10517356, 0, 41, 0, 0, 0.14%, 7, 0, 9, 0.00
1733800784, 10538215, 0, 41, 0, 0, 0.14%, 7, 0, 9, 0.00
1733800790, 10559115, 0, 41, 0, 0, 0.14%, 7, 0, 9, 0.00
1733800795, 10579989, 0, 41, 0, 0, 0.14%, 7, 0, 9, 0.00
1733800800, 10600905, 0, 41, 0, 0, 0.14%, 7, 0, 9, 0.00
1733800805, 10621823, 0, 41, 0, 0, 0.14%, 7, 0, 9, 0.00
1733800810, 10642735, 0, 41, 0, 0, 0.14%, 7, 0, 9, 0.00
1733800816, 10663723, 0, 41, 0, 0, 0.14%, 7, 0, 9, 0.00
1733800821, 10684649, 0, 41, 0, 0, 0.14%, 7, 0, 9, 0.00
1733800826, 10705616, 0, 41, 0, 0, 0.14%, 7, 0, 9, 0.00
1733800831, 10726474, 0, 41, 0, 0, 0.14%, 7, 0, 9, 0.00
1733800836, 10747344, 0, 41, 0, 0, 0.14%, 7, 0, 9, 0.00
1733800842, 10768131, 0, 41, 0, 0, 0.14%, 7, 0, 9, 0.00
1733800847, 10789078, 0, 41, 0, 0, 0.14%, 7, 0, 9, 0.00
1733800852, 10810090, 0, 41, 0, 0, 0.14%, 7, 0, 9, 0.00
1733800857, 10830969, 0, 41, 0, 0, 0.14%, 7, 0, 9, 0.00
1733800862, 10851828, 0, 41, 0, 0, 0.14%, 7, 0, 9, 0.00
1733800868, 10872743, 0, 41, 0, 0, 0.14%, 7, 0, 9, 0.00
1733800873, 10893769, 0, 41, 0, 0, 0.14%, 7, 0, 9, 0.00
1733800878, 10914671, 0, 41, 0, 0, 0.14%, 7, 0, 9, 0.00
1733800883, 10935604, 0, 41, 0, 0, 0.14%, 7, 0, 9, 0.00
1733800888, 10956586, 0, 41, 0, 0, 0.14%, 7, 0, 9, 0.00
1733800894, 10977452, 0, 41, 0, 0, 0.14%, 7, 0, 9, 0.00
1733800899, 10998297, 0, 41, 0, 0, 0.14%, 7, 0, 9, 0.00
1733800904, 11019221, 0, 41, 0, 0, 0.14%, 7, 0, 9, 0.00
1733800909, 11040072, 0, 41, 0, 0, 0.14%, 7, 0, 9, 0.00
1733800914, 11060972, 0, 41, 0, 0, 0.14%, 7, 0, 9, 0.00
1733800920, 11081947, 0, 41, 0, 0, 0.14%, 7, 0, 9, 0.00
1733800925, 11102909, 0, 41, 0, 0, 0.14%, 7, 0, 9, 0.00
1733800930, 11123725, 0, 41, 0, 0, 0.14%, 7, 0, 9, 0.00
1733800935, 11144654, 0, 41, 0, 0, 0.14%, 7, 0, 9, 0.00
1733800940, 11165556, 0, 41, 0, 0, 0.14%, 7, 0, 9, 0.00
1733800946, 11186375, 0, 41, 0, 0, 0.14%, 7, 0, 9, 0.00
1733800951, 11207287, 0, 41, 0, 0, 0.14%, 7, 0, 9, 0.00
1733800956, 11228158, 0, 41, 0, 0, 0.14%, 7, 0, 9, 0.00
1733800961, 11249019, 0, 41, 0, 0, 0.14%, 7, 0, 9, 0.00
1733800966, 11269916, 0, 41, 0, 0, 0.14%, 7, 0, 9, 0.00
1733800972, 11290956, 0, 41, 0, 0, 0.14%, 7, 0, 9, 0.00
1733800977, 11311776, 0, 41, 0, 0, 0.14%, 7, 0, 9, 0.00
1733800982, 11332590, 0, 41, 0, 0, 0.14%, 7, 0, 9, 0.00
1733800987, 11353454, 0, 41, 0, 0, 0.14%, 7, 0, 9, 0.00
1733800992, 11374205, 0, 41, 0, 0, 0.14%, 7, 0, 9, 0.00
1733800998, 11395175, 0, 41, 0, 0, 0.14%, 7, 0, 9, 0.00
1733801003, 11416176, 0, 41, 0, 0, 0.14%, 7, 0, 9, 0.00
1733801008, 11437065, 0, 41, 0, 0, 0.14%, 7, 0, 9, 0.00
1733801013, 11457962, 0, 41, 0, 0, 0.14%, 7, 0, 9, 0.00
1733801018, 11478813, 0, 41, 0, 0, 0.14%, 7, 0, 9, 0.00
1733801024, 11499724, 0, 41, 0, 0, 0.14%, 7, 0, 9, 0.00
1733801029, 11520631, 0, 41, 0, 0, 0.14%, 7, 0, 9, 0.00
1733801034, 11541462, 0, 41, 0, 0, 0.14%, 7, 0, 9, 0.00
1733801039, 11562412, 0, 41, 0, 0, 0.14%, 7, 0, 9, 0.00
1733801044, 11583335, 0, 41, 0, 0, 0.14%, 7, 0, 9, 0.00
1733801050, 11604162, 0, 41, 0, 0, 0.14%, 7, 0, 9, 0.00
1733801055, 11625096, 0, 41, 0, 0, 0.14%, 7, 0, 9, 0.00
1733801060, 11646040, 0, 41, 0, 0, 0.14%, 7, 0, 9, 0.00
1733801065, 11667040, 0, 41, 0, 0, 0.14%, 7, 0, 9, 0.00
1733801070, 11687891, 0, 41, 0, 0, 0.14%, 7, 0, 9, 0.00
1733801076, 11708872, 0, 41, 0, 0, 0.14%, 7, 0, 9, 0.00
1733801081, 11729773, 0, 41, 0, 0, 0.14%, 7, 0, 9, 0.00
1733801086, 11750692, 0, 41, 0, 0, 0.14%, 7, 0, 9, 0.00
1733801091, 11771730, 0, 41, 0, 0, 0.14%, 7, 0, 9, 0.00
1733801096, 11792728, 0, 41, 0, 0, 0.14%, 7, 0, 9, 0.00
1733801102, 11813758, 0, 41, 0, 0, 0.14%, 7, 0, 9, 0.00
1733801107, 11834575, 0, 41, 0, 0, 0.14%, 7, 0, 9, 0.00
1733801112, 11855550, 0, 41, 0, 0, 0.14%, 7, 0, 9, 0.00
1733801117, 11876395, 0, 41, 0, 0, 0.14%, 7, 0, 9, 0.00
1733801122, 11897294, 0, 41, 0, 0, 0.14%, 7, 0, 9, 0.00
1733801128, 11918349, 0, 41, 0, 0, 0.14%, 7, 0, 9, 0.00
1733801133, 11939294, 0, 41, 0, 0, 0.14%, 7, 0, 9, 0.00
1733801138, 11960198, 0, 41, 0, 0, 0.14%, 7, 0, 9, 0.00
1733801143, 11981087, 0, 41, 0, 0, 0.14%, 7, 0, 9, 0.00
1733801148, 12002003, 0, 41, 0, 0, 0.14%, 7, 0, 9, 0.00
1733801154, 12022961, 0, 41, 0, 0, 0.14%, 7, 0, 9, 0.00
1733801159, 12043900, 0, 41, 0, 0, 0.14%, 7, 0, 9, 0.00
1733801164, 12064713, 0, 41, 0, 0, 0.14%, 7, 0, 9, 0.00
1733801169, 12085476, 0, 41, 0, 0, 0.14%, 7, 0, 9, 0.00
1733801174, 12106417, 0, 41, 0, 0, 0.14%, 7, 0, 9, 0.00
1733801180, 12127320, 0, 41, 0, 0, 0.14%, 7, 0, 9, 0.00
1733801185, 12148198, 0, 41, 0, 0, 0.14%, 7, 0, 9, 0.00
1733801190, 12169170, 0, 41, 0, 0, 0.14%, 7, 0, 9, 0.00
1733801195, 12190049, 0, 41, 0, 0, 0.14%, 7, 0, 9, 0.00
1733801200, 12210971, 0, 41, 0, 0, 0.14%, 7, 0, 9, 0.00
1733801206, 12232088, 0, 41, 0, 0, 0.14%, 7, 0, 9, 0.00
1733801211, 12252882, 0, 41, 0, 0, 0.14%, 7, 0, 9, 0.00
1733801216, 12273781, 0, 41, 0, 0, 0.14%, 7, 0, 9, 0.00
1733801221, 12294690, 0, 41, 0, 0, 0.14%, 7, 0, 9, 0.00
1733801226, 12315673, 0, 41, 0, 0, 0.14%, 7, 0, 9, 0.00
1733801232, 12336577, 0, 41, 0, 0, 0.14%, 7, 0, 9, 0.00
1733801237, 12357546, 0, 41, 0, 0, 0.14%, 7, 0, 9, 0.00
1733801242, 12378434, 0, 41, 0, 0, 0.14%, 7, 0, 9, 0.00
1733801247, 12399233, 0, 41, 0, 0, 0.14%, 7, 0, 9, 0.00
1733801252, 12420179, 0, 41, 0, 0, 0.14%, 7, 0, 9, 0.00
1733801258, 12441089, 0, 41, 0, 0, 0.14%, 7, 0, 9, 0.00
1733801263, 12461931, 0, 41, 0, 0, 0.14%, 7, 0, 9, 0.00
1733801268, 12482767, 0, 41, 0, 0, 0.14%, 7, 0, 9, 0.00
1733801273, 12503800, 0, 41, 0, 0, 0.14%, 7, 0, 9, 0.00
1733801278, 12524750, 0, 41, 0, 0, 0.14%, 7, 0, 9, 0.00
1733801284, 12545681, 0, 41, 0, 0, 0.14%, 7, 0, 9, 0.00
1733801289, 12566690, 0, 41, 0, 0, 0.14%, 7, 0, 9, 0.00
1733801294, 12587440, 0, 41, 0, 0, 0.14%, 7, 0, 9, 0.00
1733801299, 12608218, 0, 41, 0, 0, 0.14%, 7, 0, 9, 0.00
1733801304, 12629137, 0, 41, 0, 0, 0.14%, 7, 0, 9, 0.00
1733801310, 12650013, 0, 41, 0, 0, 0.14%, 7, 0, 9, 0.00
1733801315, 12670851, 0, 41, 0, 0, 0.14%, 7, 0, 9, 0.00
1733801320, 12691686, 0, 41, 0, 0, 0.14%, 7, 0, 9, 0.00
1733801325, 12712453, 0, 41, 0, 0, 0.14%, 7, 0, 9, 0.00
1733801330, 12733354, 0, 41, 0, 0, 0.14%, 7, 0, 9, 0.00
1733801336, 12754391, 0, 41, 0, 0, 0.14%, 7, 0, 9, 0.00
1733801341, 12775244, 0, 41, 0, 0, 0.14%, 7, 0, 9, 0.00
1733801346, 12796093, 0, 41, 0, 0, 0.14%, 7, 0, 9, 0.00
1733801351, 12816906, 0, 41, 0, 0, 0.14%, 7, 0, 9, 0.00
1733801356, 12837938, 0, 41, 0, 0, 0.14%, 7, 0, 9, 0.00
1733801362, 12858839, 0, 41, 0, 0, 0.14%, 7, 0, 9, 0.00
1733801367, 12879755, 0, 41, 0, 0, 0.14%, 7, 0, 9, 0.00
1733801372, 12900717, 0, 41, 0, 0, 0.14%, 7, 0, 9, 0.00
1733801377, 12921641, 0, 41, 0, 0, 0.14%, 7, 0, 9, 0.00
1733801382, 12942500, 0, 41, 0, 0, 0.14%, 7, 0, 9, 0.00
1733801388, 12963437, 0, 41, 0, 0, 0.14%, 7, 0, 9, 0.00
1733801393, 12984359, 0, 41, 0, 0, 0.14%, 7, 0, 9, 0.00
1733801398, 13005185, 0, 41, 0, 0, 0.14%, 7, 0, 9, 0.00
1733801403, 13026072, 0, 41, 0, 0, 0.14%, 7, 0, 9, 0.00
1733801408, 13046970, 0, 41, 0, 0, 0.14%, 7, 0, 9, 0.00
1733801414, 13067798, 0, 41, 0, 0, 0.14%, 7, 0, 9, 0.00
1733801419, 13088643, 0, 41, 0, 0, 0.14%, 7, 0, 9, 0.00
1733801424, 13109601, 0, 41, 0, 0, 0.14%, 7, 0, 9, 0.00
1733801429, 13130590, 0, 41, 0, 0, 0.14%, 7, 0, 9, 0.00
1733801434, 13151451, 0, 41, 0, 0, 0.14%, 7, 0, 9, 0.00
1733801440, 13172369, 0, 41, 0, 0, 0.14%, 7, 0, 9, 0.00
1733801445, 13193122, 0, 41, 0, 0, 0.14%, 7, 0, 9, 0.00
1733801450, 13214020, 0, 41, 0, 0, 0.14%, 7, 0, 9, 0.00
1733801455, 13234967, 0, 41, 0, 0, 0.14%, 7, 0, 9, 0.00
1733801460, 13255946, 0, 41, 0, 0, 0.14%, 7, 0, 9, 0.00
1733801466, 13276869, 0, 41, 0, 0, 0.14%, 7, 0, 9, 0.00
1733801471, 13297701, 0, 41, 0, 0, 0.14%, 7, 0, 9, 0.00
1733801476, 13318680, 0, 41, 0, 0, 0.14%, 7, 0, 9, 0.00
1733801481, 13339585, 0, 41, 0, 0, 0.14%, 7, 0, 9, 0.00
1733801486, 13360561, 0, 41, 0, 0, 0.14%, 7, 0, 9, 0.00
1733801492, 13381349, 0, 41, 0, 0, 0.14%, 7, 0, 9, 0.00
1733801497, 13402309, 0, 41, 0, 0, 0.14%, 7, 0, 9, 0.00
1733801502, 13423208, 0, 41, 0, 0, 0.14%, 7, 0, 9, 0.00
1733801507, 13444086, 0, 41, 0, 0, 0.14%, 7, 0, 9, 0.00
1733801512, 13464982, 0, 41, 0, 0, 0.14%, 7, 0, 9, 0.00
1733801518, 13485969, 0, 41, 0, 0, 0.14%, 7, 0, 9, 0.00
1733801523, 13506913, 0, 41, 0, 0, 0.14%, 7, 0, 9, 0.00
1733801528, 13527819, 0, 41, 0, 0, 0.14%, 7, 0, 9, 0.00
1733801533, 13548760, 0, 41, 0, 0, 0.14%, 7, 0, 9, 0.00
1733801538, 13569689, 0, 41, 0, 0, 0.14%, 7, 0, 9, 0.00
1733801544, 13590572, 0, 41, 0, 0, 0.14%, 7, 0, 9, 0.00
1733801549, 13611418, 0, 41, 0, 0, 0.14%, 7, 0, 9, 0.00
1733801554, 13632248, 0, 41, 0, 0, 0.14%, 7, 0, 9, 0.00
1733801559, 13653182, 0, 41, 0, 0, 0.14%, 7, 0, 9, 0.00
1733801564, 13674210, 0, 41, 0, 0, 0.14%, 7, 0, 9, 0.00
1733801570, 13695112, 0, 41, 0, 0, 0.14%, 7, 0, 9, 0.00
1733801575, 13716184, 0, 41, 0, 0, 0.14%, 7, 0, 9, 0.00
1733801580, 13737006, 0, 41, 0, 0, 0.14%, 7, 0, 9, 0.00
1733801585, 13757969, 0, 41, 0, 0, 0.14%, 7, 0, 9, 0.00
1733801590, 13778888, 0, 41, 0, 0, 0.14%, 7, 0, 9, 0.00
1733801596, 13799777, 0, 41, 0, 0, 0.14%, 7, 0, 9, 0.00
1733801601, 13820575, 0, 41, 0, 0, 0.14%, 7, 0, 9, 0.00
1733801606, 13841526, 0, 41, 0, 0, 0.14%, 7, 0, 9, 0.00
1733801611, 13862337, 0, 41, 0, 0, 0.14%, 7, 0, 9, 0.00
1733801616, 13883289, 0, 41, 0, 0, 0.14%, 7, 0, 9, 0.00
1733801622, 13904229, 0, 41, 0, 0, 0.14%, 7, 0, 9, 0.00
1733801627, 13925027, 0, 41, 0, 0, 0.14%, 7, 0, 9, 0.00
1733801632, 13945989, 0, 41, 0, 0, 0.14%, 7, 0, 9, 0.00
1733801637, 13966875, 0, 41, 0, 0, 0.14%, 7, 0, 9, 0.00
1733801642, 13987883, 0, 41, 0, 0, 0.14%, 7, 0, 9, 0.00
1733801648, 14008724, 0, 41, 0, 0, 0.14%, 7, 0, 9, 0.00
1733801653, 14029593, 0, 41, 0, 0, 0.14%, 7, 0, 9, 0.00
1733801658, 14050474, 0, 41, 0, 0, 0.14%, 7, 0, 9, 0.00
1733801663, 14071405, 0, 41, 0, 0, 0.14%, 7, 0, 9, 0.00
1733801668, 14092337, 0, 41, 0, 0, 0.14%, 7, 0, 9, 0.00
1733801674, 14113184, 0, 41, 0, 0, 0.14%, 7, 0, 9, 0.00
1733801679, 14134048, 0, 41, 0, 0, 0.14%, 7, 0, 9, 0.00
1733801684, 14155006, 0, 41, 0, 0, 0.14%, 7, 0, 9, 0.00
1733801689, 14175941, 0, 41, 0, 0, 0.14%, 7, 0, 9, 0.00
1733801694, 14196923, 0, 41, 0, 0, 0.14%, 7, 0, 9, 0.00
1733801700, 14217893, 0, 41, 0, 0, 0.14%, 7, 0, 9, 0.00
1733801705, 14238784, 0, 41, 0, 0, 0.14%, 7, 0, 9, 0.00
1733801710, 14259821, 0, 41, 0, 0, 0.14%, 7, 0, 9, 0.00
1733801715, 14280791, 0, 41, 0, 0, 0.14%, 7, 0, 9, 0.00
1733801720, 14301654, 0, 41, 0, 0, 0.14%, 7, 0, 9, 0.00
1733801726, 14322539, 0, 41, 0, 0, 0.14%, 7, 0, 9, 0.00
1733801731, 14343550, 0, 41, 0, 0, 0.14%, 7, 0, 9, 0.00
1733801736, 14364367, 0, 41, 0, 0, 0.14%, 7, 0, 9, 0.00
1733801741, 14385352, 0, 41, 0, 0, 0.14%, 7, 0, 9, 0.00
1733801746, 14406313, 0, 41, 0, 0, 0.14%, 7, 0, 9, 0.00
1733801752, 14427175, 0, 41, 0, 0, 0.14%, 7, 0, 9, 0.00
1733801757, 14448049, 0, 41, 0, 0, 0.14%, 7, 0, 9, 0.00
1733801762, 14468906, 0, 41, 0, 0, 0.14%, 7, 0, 9, 0.00
1733801767, 14489811, 0, 41, 0, 0, 0.14%, 7, 0, 9, 0.00
1733801772, 14510725, 0, 41, 0, 0, 0.14%, 7, 0, 9, 0.00
1733801778, 14531609, 0, 41, 0, 0, 0.14%, 7, 0, 9, 0.00
1733801783, 14552572, 0, 41, 0, 0, 0.14%, 7, 0, 9, 0.00
1733801788, 14573461, 0, 41, 0, 0, 0.14%, 7, 0, 9, 0.00
1733801793, 14594404, 0, 41, 0, 0, 0.14%, 7, 0, 9, 0.00
1733801798, 14615378, 0, 41, 0, 0, 0.14%, 7, 0, 9, 0.00
1733801804, 14636239, 0, 41, 0, 0, 0.14%, 7, 0, 9, 0.00
1733801809, 14657182, 0, 41, 0, 0, 0.14%, 7, 0, 9, 0.00
1733801814, 14678043, 0, 41, 0, 0, 0.14%, 7, 0, 9, 0.00
1733801819, 14698896, 0, 41, 0, 0, 0.14%, 7, 0, 9, 0.00
1733801824, 14719835, 0, 41, 0, 0, 0.14%, 7, 0, 9, 0.00
1733801830, 14740762, 0, 41, 0, 0, 0.14%, 7, 0, 9, 0.00
1733801835, 14761655, 0, 41, 0, 0, 0.14%, 7, 0, 9, 0.00
1733801840, 14782474, 0, 41, 0, 0, 0.14%, 7, 0, 9, 0.00
1733801845, 14803359, 0, 41, 0, 0, 0.14%, 7, 0, 9, 0.00
1733801850, 14824312, 0, 41, 0, 0, 0.14%, 7, 0, 9, 0.00
1733801856, 14845231, 0, 41, 0, 0, 0.14%, 7, 0, 9, 0.00
1733801861, 14866223, 0, 41, 0, 0, 0.14%, 7, 0, 9, 0.00
1733801866, 14887082, 0, 41, 0, 0, 0.14%, 7, 0, 9, 0.00
1733801871, 14908016, 0, 41, 0, 0, 0.14%, 7, 0, 9, 0.00
1733801876, 14928837, 0, 41, 0, 0, 0.14%, 7, 0, 9, 0.00
1733801882, 14949846, 0, 41, 0, 0, 0.14%, 7, 0, 9, 0.00
1733801887, 14970714, 0, 41, 0, 0, 0.14%, 7, 0, 9, 0.00
1733801892, 14991597, 0, 41, 0, 0, 0.14%, 7, 0, 9, 0.00
1733801897, 15012536, 0, 41, 0, 0, 0.14%, 7, 0, 9, 0.00
1733801902, 15033420, 0, 41, 0, 0, 0.14%, 7, 0, 9, 0.00
1733801908, 15054444, 0, 41, 0, 0, 0.14%, 7, 0, 9, 0.00
1733801913, 15075223, 0, 41, 0, 0, 0.14%, 7, 0, 9, 0.00
1733801918, 15096148, 0, 41, 0, 0, 0.14%, 7, 0, 9, 0.00
1733801923, 15117020, 0, 41, 0, 0, 0.14%, 7, 0, 9, 0.00
1733801928, 15138041, 0, 41, 0, 0, 0.14%, 7, 0, 9, 0.00
1733801934, 15159019, 0, 41, 0, 0, 0.14%, 7, 0, 9, 0.00
1733801939, 15179948, 0, 41, 0, 0, 0.14%, 7, 0, 9, 0.00
1733801944, 15200919, 0, 41, 0, 0, 0.14%, 7, 0, 9, 0.00
1733801949, 15221822, 0, 41, 0, 0, 0.14%, 7, 0, 9, 0.00
1733801954, 15242718, 0, 41, 0, 0, 0.14%, 7, 0, 9, 0.00
1733801960, 15263620, 0, 41, 0, 0, 0.14%, 7, 0, 9, 0.00
1733801965, 15284493, 0, 41, 0, 0, 0.14%, 7, 0, 9, 0.00
1733801970, 15305407, 0, 41, 0, 0, 0.14%, 7, 0, 9, 0.00
1733801975, 15326299, 0, 41, 0, 0, 0.14%, 7, 0, 9, 0.00
1733801980, 15347061, 0, 41, 0, 0, 0.14%, 7, 0, 9, 0.00
1733801986, 15367887, 0, 41, 0, 0, 0.14%, 7, 0, 9, 0.00
1733801991, 15388694, 0, 41, 0, 0, 0.14%, 7, 0, 9, 0.00
1733801996, 15409579, 0, 41, 0, 0, 0.14%, 7, 0, 9, 0.00
1733802001, 15430515, 0, 41, 0, 0, 0.14%, 7, 0, 9, 0.00
1733802006, 15451417, 0, 41, 0, 0, 0.14%, 7, 0, 9, 0.00
1733802012, 15472418, 0, 41, 0, 0, 0.14%, 7, 0, 9, 0.00
1733802017, 15493340, 0, 41, 0, 0, 0.14%, 7, 0, 9, 0.00
1733802022, 15514216, 0, 41, 0, 0, 0.14%, 7, 0, 9, 0.00
1733802027, 15535307, 0, 41, 0, 0, 0.14%, 7, 0, 9, 0.00
1733802032, 15556197, 0, 41, 0, 0, 0.14%, 7, 0, 9, 0.00
1733802038, 15577257, 0, 41, 0, 0, 0.14%, 7, 0, 9, 0.00
1733802043, 15598182, 0, 41, 0, 0, 0.14%, 7, 0, 9, 0.00
1733802048, 15618945, 0, 41, 0, 0, 0.14%, 7, 0, 9, 0.00
1733802053, 15639885, 0, 41, 0, 0, 0.14%, 7, 0, 9, 0.00
1733802058, 15660800, 0, 41, 0, 0, 0.14%, 7, 0, 9, 0.00
1733802064, 15681749, 0, 41, 0, 0, 0.14%, 7, 0, 9, 0.00
1733802069, 15702576, 0, 41, 0, 0, 0.14%, 7, 0, 9, 0.00
1733802074, 15723586, 0, 41, 0, 0, 0.14%, 7, 0, 9, 0.00
1733802079, 15744518, 0, 41, 0, 0, 0.14%, 7, 0, 9, 0.00
1733802084, 15765475, 0, 41, 0, 0, 0.14%, 7, 0, 9, 0.00
1733802090, 15786342, 0, 41, 0, 0, 0.14%, 7, 0, 9, 0.00
1733802095, 15807292, 0, 41, 0, 0, 0.14%, 7, 0, 9, 0.00
1733802100, 15828207, 0, 41, 0, 0, 0.14%, 7, 0, 9, 0.00
1733802105, 15849224, 0, 41, 0, 0, 0.14%, 7, 0, 9, 0.00
1733802110, 15870103, 0, 41, 0, 0, 0.14%, 7, 0, 9, 0.00
1733802116, 15890932, 0, 41, 0, 0, 0.14%, 7, 0, 9, 0.00
1733802121, 15911836, 0, 41, 0, 0, 0.14%, 7, 0, 9, 0.00
1733802126, 15932762, 0, 41, 0, 0, 0.14%, 7, 0, 9, 0.00
1733802131, 15953604, 0, 41, 0, 0, 0.14%, 7, 0, 9, 0.00
1733802136, 15974489, 0, 41, 0, 0, 0.14%, 7, 0, 9, 0.00
1733802142, 15995401, 0, 41, 0, 0, 0.14%, 7, 0, 9, 0.00
1733802147, 16016351, 0, 41, 0, 0, 0.14%, 7, 0, 9, 0.00
1733802152, 16037253, 0, 41, 0, 0, 0.14%, 7, 0, 9, 0.00
1733802157, 16057999, 0, 41, 0, 0, 0.14%, 7, 0, 9, 0.00
1733802162, 16078959, 0, 41, 0, 0, 0.14%, 7, 0, 9, 0.00
1733802168, 16099894, 0, 41, 0, 0, 0.14%, 7, 0, 9, 0.00
1733802173, 16120761, 0, 41, 0, 0, 0.14%, 7, 0, 9, 0.00
1733802178, 16141735, 0, 41, 0, 0, 0.14%, 7, 0, 9, 0.00
1733802183, 16162696, 0, 41, 0, 0, 0.14%, 7, 0, 9, 0.00
1733802188, 16183543, 0, 41, 0, 0, 0.14%, 7, 0, 9, 0.00
1733802194, 16204406, 0, 41, 0, 0, 0.14%, 7, 0, 9, 0.00
1733802199, 16225397, 0, 41, 0, 0, 0.14%, 7, 0, 9, 0.00
1733802204, 16246344, 0, 41, 0, 0, 0.14%, 7, 0, 9, 0.00
1733802209, 16267315, 0, 41, 0, 0, 0.14%, 7, 0, 9, 0.00
1733802214, 16288138, 0, 41, 0, 0, 0.14%, 7, 0, 9, 0.00
1733802220, 16309122, 0, 41, 0, 0, 0.14%, 7, 0, 9, 0.00
1733802225, 16330070, 0, 41, 0, 0, 0.14%, 7, 0, 9, 0.00
1733802230, 16351081, 0, 41, 0, 0, 0.14%, 7, 0, 9, 0.00
1733802235, 16372065, 0, 41, 0, 0, 0.14%, 7, 0, 9, 0.00
1733802240, 16393052, 0, 41, 0, 0, 0.14%, 7, 0, 9, 0.00
1733802246, 16413996, 0, 41, 0, 0, 0.14%, 7, 0, 9, 0.00
1733802251, 16434909, 0, 41, 0, 0, 0.14%, 7, 0, 9, 0.00
1733802256, 16455826, 0, 41, 0, 0, 0.14%, 7, 0, 9, 0.00
1733802261, 16476752, 0, 41, 0, 0, 0.14%, 7, 0, 9, 0.00
1733802266, 16497740, 0, 41, 0, 0, 0.14%, 7, 0, 9, 0.00
1733802272, 16518713, 0, 41, 0, 0, 0.14%, 7, 0, 9, 0.00
1733802277, 16539659, 0, 41, 0, 0, 0.14%, 7, 0, 9, 0.00
1733802282, 16560555, 0, 41, 0, 0, 0.14%, 7, 0, 9, 0.00
1733802287, 16581406, 0, 41, 0, 0, 0.14%, 7, 0, 9, 0.00
1733802292, 16602261, 0, 41, 0, 0, 0.14%, 7, 0, 9, 0.00
1733802298, 16623177, 0, 41, 0, 0, 0.14%, 7, 0, 9, 0.00
1733802303, 16644133, 0, 41, 0, 0, 0.14%, 7, 0, 9, 0.00
1733802308, 16665017, 0, 41, 0, 0, 0.14%, 7, 0, 9, 0.00
1733802313, 16685843, 0, 41, 0, 0, 0.14%, 7, 0, 9, 0.00
1733802318, 16706752, 0, 41, 0, 0, 0.14%, 7, 0, 9, 0.00
1733802324, 16727699, 0, 41, 0, 0, 0.14%, 7, 0, 9, 0.00
1733802329, 16748587, 0, 41, 0, 0, 0.14%, 7, 0, 9, 0.00
1733802334, 16769507, 0, 41, 0, 0, 0.14%, 7, 0, 9, 0.00
1733802339, 16790475, 0, 41, 0, 0, 0.14%, 7, 0, 9, 0.00
1733802344, 16811375, 0, 41, 0, 0, 0.14%, 7, 0, 9, 0.00
1733802350, 16832353, 0, 41, 0, 0, 0.14%, 7, 0, 9, 0.00
1733802355, 16853355, 0, 41, 0, 0, 0.14%, 7, 0, 9, 0.00
1733802360, 16874403, 0, 41, 0, 0, 0.14%, 7, 0, 9, 0.00
1733802365, 16895236, 0, 41, 0, 0, 0.14%, 7, 0, 9, 0.00
1733802370, 16916129, 0, 41, 0, 0, 0.14%, 7, 0, 9, 0.00
1733802376, 16937144, 0, 41, 0, 0, 0.14%, 7, 0, 9, 0.00
1733802381, 16958065, 0, 41, 0, 0, 0.14%, 7, 0, 9, 0.00
1733802386, 16979038, 0, 41, 0, 0, 0.14%, 7, 0, 9, 0.00
1733802391, 16999960, 0, 41, 0, 0, 0.14%, 7, 0, 9, 0.00
1733802396, 17020932, 0, 41, 0, 0, 0.14%, 7, 0, 9, 0.00
1733802402, 17041850, 0, 41, 0, 0, 0.14%, 7, 0, 9, 0.00
1733802407, 17062801, 0, 41, 0, 0, 0.14%, 7, 0, 9, 0.00
1733802412, 17083740, 0, 41, 0, 0, 0.14%, 7, 0, 9, 0.00
1733802417, 17104604, 0, 41, 0, 0, 0.14%, 7, 0, 9, 0.00
1733802422, 17125375, 0, 41, 0, 0, 0.14%, 7, 0, 9, 0.00
1733802428, 17146226, 0, 41, 0, 0, 0.14%, 7, 0, 9, 0.00
1733802433, 17167074, 0, 41, 0, 0, 0.14%, 7, 0, 9, 0.00
1733802438, 17187909, 0, 41, 0, 0, 0.14%, 7, 0, 9, 0.00
1733802443, 17208726, 0, 41, 0, 0, 0.14%, 7, 0, 9, 0.00
1733802448, 17229697, 0, 41, 0, 0, 0.14%, 7, 0, 9, 0.00
1733802454, 17250572, 0, 41, 0, 0, 0.14%, 7, 0, 9, 0.00
1733802459, 17271526, 0, 41, 0, 0, 0.14%, 7, 0, 9, 0.00
1733802464, 17292397, 0, 41, 0, 0, 0.14%, 7, 0, 9, 0.00
1733802469, 17313329, 0, 41, 0, 0, 0.14%, 7, 0, 9, 0.00
1733802474, 17334243, 0, 41, 0, 0, 0.14%, 7, 0, 9, 0.00
1733802480, 17355263, 0, 41, 0, 0, 0.14%, 7, 0, 9, 0.00
1733802485, 17376137, 0, 41, 0, 0, 0.14%, 7, 0, 9, 0.00
1733802490, 17396988, 0, 41, 0, 0, 0.14%, 7, 0, 9, 0.00
1733802495, 17417907, 0, 41, 0, 0, 0.14%, 7, 0, 9, 0.00
1733802500, 17438824, 0, 41, 0, 0, 0.14%, 7, 0, 9, 0.00
1733802506, 17459719, 0, 41, 0, 0, 0.14%, 7, 0, 9, 0.00
1733802511, 17480768, 0, 41, 0, 0, 0.14%, 7, 0, 9, 0.00
1733802516, 17501740, 0, 41, 0, 0, 0.14%, 7, 0, 9, 0.00
1733802521, 17522703, 0, 41, 0, 0, 0.14%, 7, 0, 9, 0.00
1733802526, 17543521, 0, 41, 0, 0, 0.14%, 7, 0, 9, 0.00
1733802532, 17564322, 0, 41, 0, 0, 0.14%, 7, 0, 9, 0.00
1733802537, 17585277, 0, 41, 0, 0, 0.14%, 7, 0, 9, 0.00
1733802542, 17606252, 0, 41, 0, 0, 0.14%, 7, 0, 9, 0.00
1733802547, 17627219, 0, 41, 0, 0, 0.14%, 7, 0, 9, 0.00
1733802552, 17648041, 0, 41, 0, 0, 0.14%, 7, 0, 9, 0.00
1733802558, 17668962, 0, 41, 0, 0, 0.14%, 7, 0, 9, 0.00
1733802563, 17689977, 0, 41, 0, 0, 0.14%, 7, 0, 9, 0.00
1733802568, 17711017, 0, 41, 0, 0, 0.14%, 7, 0, 9, 0.00
1733802573, 17731963, 0, 41, 0, 0, 0.14%, 7, 0, 9, 0.00
1733802578, 17752879, 0, 41, 0, 0, 0.14%, 7, 0, 9, 0.00
1733802584, 17773807, 0, 41, 0, 0, 0.14%, 7, 0, 9, 0.00
1733802589, 17794651, 0, 41, 0, 0, 0.14%, 7, 0, 9, 0.00
1733802594, 17815660, 0, 41, 0, 0, 0.14%, 7, 0, 9, 0.00
1733802599, 17836642, 0, 41, 0, 0, 0.14%, 7, 0, 9, 0.00
1733802604, 17857565, 0, 41, 0, 0, 0.14%, 7, 0, 9, 0.00
1733802610, 17878477, 0, 41, 0, 0, 0.14%, 7, 0, 9, 0.00
1733802615, 17899339, 0, 41, 0, 0, 0.14%, 7, 0, 9, 0.00
1733802620, 17920285, 0, 41, 0, 0, 0.14%, 7, 0, 9, 0.00
1733802625, 17941234, 0, 41, 0, 0, 0.14%, 7, 0, 9, 0.00
1733802630, 17962176, 0, 41, 0, 0, 0.14%, 7, 0, 9, 0.00
1733802636, 17983189, 0, 41, 0, 0, 0.14%, 7, 0, 9, 0.00
1733802641, 18004190, 0, 41, 0, 0, 0.14%, 7, 0, 9, 0.00
1733802646, 18025193, 0, 41, 0, 0, 0.14%, 7, 0, 9, 0.00
1733802651, 18046053, 0, 41, 0, 0, 0.14%, 7, 0, 9, 0.00
1733802656, 18066908, 0, 41, 0, 0, 0.14%, 7, 0, 9, 0.00
1733802662, 18087801, 0, 41, 0, 0, 0.14%, 7, 0, 9, 0.00
1733802667, 18108775, 0, 41, 0, 0, 0.14%, 7, 0, 9, 0.00
1733802672, 18129651, 0, 41, 0, 0, 0.14%, 7, 0, 9, 0.00
1733802677, 18150581, 0, 41, 0, 0, 0.14%, 7, 0, 9, 0.00
1733802682, 18171417, 0, 41, 0, 0, 0.14%, 7, 0, 9, 0.00
1733802688, 18192386, 0, 41, 0, 0, 0.14%, 7, 0, 9, 0.00
1733802693, 18213276, 0, 41, 0, 0, 0.14%, 7, 0, 9, 0.00
1733802698, 18234160, 0, 41, 0, 0, 0.14%, 7, 0, 9, 0.00
1733802703, 18255080, 0, 41, 0, 0, 0.14%, 7, 0, 9, 0.00
1733802708, 18276049, 0, 41, 0, 0, 0.14%, 7, 0, 9, 0.00
1733802714, 18297069, 0, 41, 0, 0, 0.14%, 7, 0, 9, 0.00
1733802719, 18318011, 0, 41, 0, 0, 0.14%, 7, 0, 9, 0.00
1733802724, 18338950, 0, 41, 0, 0, 0.14%, 7, 0, 9, 0.00
1733802729, 18359900, 0, 41, 0, 0, 0.14%, 7, 0, 9, 0.00
1733802734, 18380843, 0, 41, 0, 0, 0.14%, 7, 0, 9, 0.00
1733802740, 18401745, 0, 41, 0, 0, 0.14%, 7, 0, 9, 0.00
1733802745, 18422679, 0, 41, 0, 0, 0.14%, 7, 0, 9, 0.00
1733802750, 18443573, 0, 41, 0, 0, 0.14%, 7, 0, 9, 0.00
1733802755, 18464509, 0, 41, 0, 0, 0.14%, 7, 0, 9, 0.00
1733802760, 18485464, 0, 41, 0, 0, 0.14%, 7, 0, 9, 0.00
1733802766, 18506389, 0, 41, 0, 0, 0.14%, 7, 0, 9, 0.00
1733802771, 18527157, 0, 41, 0, 0, 0.14%, 7, 0, 9, 0.00
1733802776, 18548067, 0, 41, 0, 0, 0.14%, 7, 0, 9, 0.00
1733802781, 18568902, 0, 41, 0, 0, 0.14%, 7, 0, 9, 0.00
1733802786, 18589823, 0, 41, 0, 0, 0.14%, 7, 0, 9, 0.00
1733802792, 18610734, 0, 41, 0, 0, 0.14%, 7, 0, 9, 0.00
1733802797, 18631616, 0, 41, 0, 0, 0.14%, 7, 0, 9, 0.00
1733802802, 18652508, 0, 41, 0, 0, 0.14%, 7, 0, 9, 0.00
1733802807, 18673488, 0, 41, 0, 0, 0.14%, 7, 0, 9, 0.00
1733802812, 18694414, 0, 41, 0, 0, 0.14%, 7, 0, 9, 0.00
1733802818, 18715368, 0, 41, 0, 0, 0.14%, 7, 0, 9, 0.00
1733802823, 18736272, 0, 41, 0, 0, 0.14%, 7, 0, 9, 0.00
1733802828, 18757224, 0, 41, 0, 0, 0.14%, 7, 0, 9, 0.00
1733802833, 18778175, 0, 41, 0, 0, 0.14%, 7, 0, 9, 0.00
1733802838, 18799210, 0, 41, 0, 0, 0.14%, 7, 0, 9, 0.00
1733802844, 18820109, 0, 41, 0, 0, 0.14%, 7, 0, 9, 0.00
1733802849, 18840993, 0, 41, 0, 0, 0.14%, 7, 0, 9, 0.00
1733802854, 18861973, 0, 41, 0, 0, 0.14%, 7, 0, 9, 0.00
1733802859, 18882991, 0, 41, 0, 0, 0.14%, 7, 0, 9, 0.00
1733802864, 18903873, 0, 41, 0, 0, 0.14%, 7, 0, 9, 0.00
1733802870, 18924716, 0, 41, 0, 0, 0.14%, 7, 0, 9, 0.00
1733802875, 18945597, 0, 41, 0, 0, 0.14%, 7, 0, 9, 0.00
1733802880, 18966461, 0, 41, 0, 0, 0.14%, 7, 0, 9, 0.00
1733802885, 18987324, 0, 41, 0, 0, 0.14%, 7, 0, 9, 0.00
1733802890, 19008223, 0, 41, 0, 0, 0.14%, 7, 0, 9, 0.00
1733802896, 19029130, 0, 41, 0, 0, 0.14%, 7, 0, 9, 0.00
1733802901, 19050035, 0, 41, 0, 0, 0.14%, 7, 0, 9, 0.00
1733802906, 19070917, 0, 41, 0, 0, 0.14%, 7, 0, 9, 0.00
1733802911, 19091732, 0, 41, 0, 0, 0.14%, 7, 0, 9, 0.00
1733802916, 19112705, 0, 41, 0, 0, 0.14%, 7, 0, 9, 0.00
1733802922, 19133550, 0, 41, 0, 0, 0.14%, 7, 0, 9, 0.00
1733802927, 19154368, 0, 41, 0, 0, 0.14%, 7, 0, 9, 0.00
1733802932, 19175358, 0, 41, 0, 0, 0.14%, 7, 0, 9, 0.00
1733802937, 19196329, 0, 41, 0, 0, 0.14%, 7, 0, 9, 0.00
1733802942, 19217258, 0, 41, 0, 0, 0.14%, 7, 0, 9, 0.00
1733802948, 19238158, 0, 41, 0, 0, 0.14%, 7, 0, 9, 0.00
1733802953, 19259075, 0, 41, 0, 0, 0.14%, 7, 0, 9, 0.00
1733802958, 19280083, 0, 41, 0, 0, 0.14%, 7, 0, 9, 0.00
1733802963, 19300927, 0, 41, 0, 0, 0.14%, 7, 0, 9, 0.00
1733802968, 19321860, 0, 41, 0, 0, 0.14%, 7, 0, 9, 0.00
1733802974, 19342819, 0, 41, 0, 0, 0.14%, 7, 0, 9, 0.00
1733802979, 19363792, 0, 41, 0, 0, 0.14%, 7, 0, 9, 0.00
1733802984, 19384629, 0, 41, 0, 0, 0.14%, 7, 0, 9, 0.00
1733802989, 19405513, 0, 41, 0, 0, 0.14%, 7, 0, 9, 0.00
1733802994, 19426285, 0, 41, 0, 0, 0.14%, 7, 0, 9, 0.00
1733803000, 19447165, 0, 41, 0, 0, 0.14%, 7, 0, 9, 0.00
1733803005, 19467949, 0, 41, 0, 0, 0.14%, 7, 0, 9, 0.00
1733803010, 19488898, 0, 41, 0, 0, 0.14%, 7, 0, 9, 0.00
1733803015, 19509733, 0, 41, 0, 0, 0.14%, 7, 0, 9, 0.00
1733803020, 19530613, 0, 41, 0, 0, 0.14%, 7, 0, 9, 0.00
1733803026, 19551547, 0, 41, 0, 0, 0.14%, 7, 0, 9, 0.00
1733803031, 19572412, 0, 41, 0, 0, 0.14%, 7, 0, 9, 0.00
1733803036, 19593292, 0, 41, 0, 0, 0.14%, 7, 0, 9, 0.00
1733803041, 19614048, 0, 41, 0, 0, 0.14%, 7, 0, 9, 0.00
1733803046, 19635128, 0, 41, 0, 0, 0.14%, 7, 0, 9, 0.00
1733803052, 19656083, 0, 41, 0, 0, 0.14%, 7, 0, 9, 0.00
1733803057, 19677037, 0, 41, 0, 0, 0.14%, 7, 0, 9, 0.00
1733803062, 19697955, 0, 41, 0, 0, 0.14%, 7, 0, 9, 0.00
1733803067, 19718826, 0, 41, 0, 0, 0.14%, 7, 0, 9, 0.00
1733803072, 19739679, 0, 41, 0, 0, 0.14%, 7, 0, 9, 0.00
1733803078, 19760581, 0, 41, 0, 0, 0.14%, 7, 0, 9, 0.00
1733803083, 19781497, 0, 41, 0, 0, 0.14%, 7, 0, 9, 0.00
1733803088, 19802368, 0, 41, 0, 0, 0.14%, 7, 0, 9, 0.00
1733803093, 19823268, 0, 41, 0, 0, 0.14%, 7, 0, 9, 0.00
1733803098, 19844191, 0, 41, 0, 0, 0.14%, 7, 0, 9, 0.00
1733803104, 19865097, 0, 41, 0, 0, 0.14%, 7, 0, 9, 0.00
1733803109, 19886009, 0, 41, 0, 0, 0.14%, 7, 0, 9, 0.00
1733803114, 19906904, 0, 41, 0, 0, 0.14%, 7, 0, 9, 0.00
1733803119, 19927741, 0, 41, 0, 0, 0.14%, 7, 0, 9, 0.00
1733803124, 19948647, 0, 41, 0, 0, 0.14%, 7, 0, 9, 0.00
1733803130, 19969518, 0, 41, 0, 0, 0.14%, 7, 0, 9, 0.00
1733803135, 19990431, 0, 41, 0, 0, 0.14%, 7, 0, 9, 0.00
1733803140, 20011257, 0, 41, 0, 0, 0.14%, 7, 0, 9, 0.00
1733803145, 20032187, 0, 41, 0, 0, 0.14%, 7, 0, 9, 0.00
1733803150, 20053243, 0, 41, 0, 0, 0.14%, 7, 0, 9, 0.00
1733803156, 20074218, 0, 41, 0, 0, 0.14%, 7, 0, 9, 0.00
1733803161, 20095193, 0, 41, 0, 0, 0.14%, 7, 0, 9, 0.00
1733803166, 20116079, 0, 41, 0, 0, 0.14%, 7, 0, 9, 0.00
1733803171, 20136986, 0, 41, 0, 0, 0.14%, 7, 0, 9, 0.00
1733803176, 20157861, 0, 41, 0, 0, 0.14%, 7, 0, 9, 0.00
1733803182, 20178816, 0, 41, 0, 0, 0.14%, 7, 0, 9, 0.00
1733803187, 20199694, 0, 41, 0, 0, 0.14%, 7, 0, 9, 0.00
1733803192, 20220588, 0, 41, 0, 0, 0.14%, 7, 0, 9, 0.00
1733803197, 20241561, 0, 41, 0, 0, 0.14%, 7, 0, 9, 0.00
1733803202, 20262522, 0, 41, 0, 0, 0.14%, 7, 0, 9, 0.00
1733803208, 20283372, 0, 41, 0, 0, 0.14%, 7, 0, 9, 0.00
1733803213, 20304313, 0, 41, 0, 0, 0.14%, 7, 0, 9, 0.00
1733803218, 20325141, 0, 41, 0, 0, 0.14%, 7, 0, 9, 0.00
1733803223, 20346002, 0, 41, 0, 0, 0.14%, 7, 0, 9, 0.00
1733803228, 20366878, 0, 41, 0, 0, 0.14%, 7, 0, 9, 0.00
1733803234, 20387926, 0, 41, 0, 0, 0.14%, 7, 0, 9, 0.00
1733803239, 20408797, 0, 41, 0, 0, 0.14%, 7, 0, 9, 0.00
1733803244, 20429778, 0, 41, 0, 0, 0.14%, 7, 0, 9, 0.00
1733803249, 20450608, 0, 41, 0, 0, 0.14%, 7, 0, 9, 0.00
1733803254, 20471468, 0, 41, 0, 0, 0.14%, 7, 0, 9, 0.00
1733803260, 20492411, 0, 41, 0, 0, 0.14%, 7, 0, 9, 0.00
1733803265, 20513368, 0, 41, 0, 0, 0.14%, 7, 0, 9, 0.00
1733803270, 20534348, 0, 41, 0, 0, 0.14%, 7, 0, 9, 0.00
1733803275, 20555267, 0, 41, 0, 0, 0.14%, 7, 0, 9, 0.00
1733803280, 20576122, 0, 41, 0, 0, 0.14%, 7, 0, 9, 0.00
1733803286, 20596966, 0, 41, 0, 0, 0.14%, 7, 0, 9, 0.00
1733803291, 20617827, 0, 41, 0, 0, 0.14%, 7, 0, 9, 0.00
1733803296, 20638771, 0, 41, 0, 0, 0.14%, 7, 0, 9, 0.00
1733803301, 20659635, 0, 41, 0, 0, 0.14%, 7, 0, 9, 0.00
1733803306, 20680517, 0, 41, 0, 0, 0.14%, 7, 0, 9, 0.00
1733803312, 20701473, 0, 41, 0, 0, 0.14%, 7, 0, 9, 0.00
1733803317, 20722395, 0, 41, 0, 0, 0.14%, 7, 0, 9, 0.00
1733803322, 20743426, 0, 41, 0, 0, 0.14%, 7, 0, 9, 0.00
1733803327, 20764369, 0, 41, 0, 0, 0.14%, 7, 0, 9, 0.00
1733803332, 20785333, 0, 41, 0, 0, 0.14%, 7, 0, 9, 0.00
1733803338, 20806208, 0, 41, 0, 0, 0.14%, 7, 0, 9, 0.00
1733803343, 20827210, 0, 41, 0, 0, 0.14%, 7, 0, 9, 0.00
1733803348, 20848012, 0, 41, 0, 0, 0.14%, 7, 0, 9, 0.00
1733803353, 20868915, 0, 41, 0, 0, 0.14%, 7, 0, 9, 0.00
1733803358, 20889881, 0, 41, 0, 0, 0.14%, 7, 0, 9, 0.00
1733803364, 20910891, 0, 41, 0, 0, 0.14%, 7, 0, 9, 0.00
1733803369, 20931844, 0, 41, 0, 0, 0.14%, 7, 0, 9, 0.00
1733803374, 20952762, 0, 41, 0, 0, 0.14%, 7, 0, 9, 0.00
