# unix_time, cycles_done, cur_path, paths_total, pending_total, pending_favs, map_size, unique_crashes, unique_hangs, max_depth, execs_per_sec
1734162071, 0, 0, 10, 10, 1, 0.01%, 0, 0, 1, 38.95
1734162076, 0, 2, 10, 10, 1, 0.01%, 0, 0, 1, 37.22
1734162091, 1, 0, 10, 2, 0, 0.01%, 0, 0, 1, 44.36
1734162096, 1, 1, 10, 1, 0, 0.01%, 0, 0, 1, 43.30
1734162106, 1, 2, 10, 0, 0, 0.01%, 0, 0, 1, 44.62
1734162111, 1, 3, 10, 0, 0, 0.01%, 0, 0, 1, 45.54
1734162116, 1, 4, 10, 0, 0, 0.01%, 0, 0, 1, 43.47
1734162121, 1, 5, 10, 0, 0, 0.01%, 0, 0, 1, 42.74
1734162126, 1, 6, 10, 0, 0, 0.01%, 0, 0, 1, 43.42
1734162131, 1, 7, 10, 0, 0, 0.01%, 0, 0, 1, 43.42
1734162142, 1, 8, 10, 0, 0, 0.01%, 0, 0, 1, 43.15
1734162147, 1, 9, 10, 0, 0, 0.01%, 0, 0, 1, 44.48
1734162152, 2, 0, 10, 0, 0, 0.01%, 0, 0, 1, 43.48
1734162157, 2, 1, 10, 0, 0, 0.01%, 0, 0, 1, 43.68
1734162162, 2, 2, 10, 0, 0, 0.01%, 0, 0, 1, 44.37
1734162167, 2, 3, 10, 0, 0, 0.01%, 0, 0, 1, 44.17
1734162172, 2, 4, 10, 0, 0, 0.01%, 0, 0, 1, 44.96
1734162182, 2, 5, 10, 0, 0, 0.01%, 0, 0, 1, 43.96
1734162187, 2, 6, 10, 0, 0, 0.01%, 0, 0, 1, 44.28
1734162192, 2, 7, 10, 0, 0, 0.01%, 0, 0, 1, 44.99
1734162197, 2, 8, 10, 0, 0, 0.01%, 0, 0, 1, 44.75
1734162202, 2, 9, 10, 0, 0, 0.01%, 0, 0, 1, 44.33
1734162207, 3, 0, 10, 0, 0, 0.01%, 0, 0, 1, 44.13
1734162212, 3, 1, 10, 0, 0, 0.01%, 0, 0, 1, 44.19
1734162223, 3, 2, 10, 0, 0, 0.01%, 0, 0, 1, 43.75
1734162228, 3, 3, 10, 0, 0, 0.01%, 0, 0, 1, 43.22
1734162233, 3, 4, 10, 0, 0, 0.01%, 0, 0, 1, 44.83
1734162238, 3, 5, 10, 0, 0, 0.01%, 0, 0, 1, 45.56
1734162243, 3, 6, 10, 0, 0, 0.01%, 0, 0, 1, 43.77
1734162248, 3, 7, 10, 0, 0, 0.01%, 0, 0, 1, 42.64
1734162258, 3, 8, 10, 0, 0, 0.01%, 0, 0, 1, 44.11
1734162263, 3, 9, 10, 0, 0, 0.01%, 0, 0, 1, 44.64
1734162268, 4, 0, 10, 0, 0, 0.01%, 0, 0, 1, 44.58
1734162273, 4, 1, 10, 0, 0, 0.01%, 0, 0, 1, 44.73
1734162278, 4, 2, 10, 0, 0, 0.01%, 0, 0, 1, 45.01
1734162283, 4, 3, 10, 0, 0, 0.01%, 0, 0, 1, 43.01
1734162289, 4, 4, 10, 0, 0, 0.01%, 0, 0, 1, 43.44
1734162299, 4, 5, 10, 0, 0, 0.01%, 0, 0, 1, 42.59
1734162304, 4, 6, 10, 0, 0, 0.01%, 0, 0, 1, 44.43
1734162309, 4, 7, 10, 0, 0, 0.01%, 0, 0, 1, 46.63
1734162314, 4, 8, 10, 0, 0, 0.01%, 0, 0, 1, 45.88
1734162319, 4, 9, 10, 0, 0, 0.01%, 0, 0, 1, 46.47
1734162324, 5, 0, 10, 0, 0, 0.01%, 0, 0, 1, 45.46
1734162329, 5, 1, 10, 0, 0, 0.01%, 0, 0, 1, 44.45
1734162334, 5, 2, 10, 0, 0, 0.01%, 0, 0, 1, 44.73
1734162344, 5, 3, 10, 0, 0, 0.01%, 0, 0, 1, 45.01
1734162349, 5, 4, 10, 0, 0, 0.01%, 0, 0, 1, 44.53
1734162355, 5, 5, 10, 0, 0, 0.01%, 0, 0, 1, 42.82
1734162360, 5, 6, 10, 0, 0, 0.01%, 0, 0, 1, 43.76
1734162365, 5, 7, 10, 0, 0, 0.01%, 0, 0, 1, 42.83
1734162370, 5, 8, 10, 0, 0, 0.01%, 0, 0, 1, 44.26
1734162375, 5, 9, 10, 0, 0, 0.01%, 0, 0, 1, 43.48
1734162385, 6, 0, 10, 0, 0, 0.01%, 0, 0, 1, 44.31
1734162390, 6, 1, 10, 0, 0, 0.01%, 0, 0, 1, 43.25
1734162395, 6, 2, 10, 0, 0, 0.01%, 0, 0, 1, 43.27
1734162401, 6, 3, 10, 0, 0, 0.01%, 0, 0, 1, 43.32
1734162406, 6, 4, 10, 0, 0, 0.01%, 0, 0, 1, 42.92
1734162411, 6, 5, 10, 0, 0, 0.01%, 0, 0, 1, 44.76
1734162421, 6, 6, 10, 0, 0, 0.01%, 0, 0, 1, 45.99
1734162426, 6, 7, 10, 0, 0, 0.01%, 0, 0, 1, 42.68
1734162431, 6, 8, 10, 0, 0, 0.01%, 0, 0, 1, 42.95
1734162436, 6, 9, 10, 0, 0, 0.01%, 0, 0, 1, 43.19
1734162441, 7, 0, 10, 0, 0, 0.01%, 0, 0, 1, 44.46
1734162446, 7, 1, 10, 0, 0, 0.01%, 0, 0, 1, 44.75
1734162451, 7, 2, 10, 0, 0, 0.01%, 0, 0, 1, 43.27
1734162461, 7, 3, 10, 0, 0, 0.01%, 0, 0, 1, 45.01
1734162466, 7, 4, 10, 0, 0, 0.01%, 0, 0, 1, 44.37
1734162472, 7, 5, 10, 0, 0, 0.01%, 0, 0, 1, 43.85
1734162477, 7, 6, 10, 0, 0, 0.01%, 0, 0, 1, 42.52
1734162482, 7, 7, 10, 0, 0, 0.01%, 0, 0, 1, 44.32
1734162487, 7, 8, 10, 0, 0, 0.01%, 0, 0, 1, 43.89
1734162492, 7, 9, 10, 0, 0, 0.01%, 0, 0, 1, 43.65
1734162502, 8, 0, 10, 0, 0, 0.01%, 0, 0, 1, 43.78
1734162507, 8, 1, 10, 0, 0, 0.01%, 0, 0, 1, 44.34
1734162512, 8, 2, 10, 0, 0, 0.01%, 0, 0, 1, 44.68
1734162517, 8, 3, 10, 0, 0, 0.01%, 0, 0, 1, 43.95
1734162522, 8, 4, 10, 0, 0, 0.01%, 0, 0, 1, 43.79
1734162527, 8, 5, 10, 0, 0, 0.01%, 0, 0, 1, 42.92
1734162537, 8, 6, 10, 0, 0, 0.01%, 0, 0, 1, 42.69
1734162542, 8, 7, 10, 0, 0, 0.01%, 0, 0, 1, 42.31
1734162547, 8, 8, 10, 0, 0, 0.01%, 0, 0, 1, 43.47
1734162553, 8, 9, 10, 0, 0, 0.01%, 0, 0, 1, 47.07
1734162558, 9, 0, 10, 0, 0, 0.01%, 0, 0, 1, 43.07
1734162563, 9, 1, 10, 0, 0, 0.01%, 0, 0, 1, 44.40
1734162568, 9, 2, 10, 0, 0, 0.01%, 0, 0, 1, 43.05
1734162578, 9, 3, 10, 0, 0, 0.01%, 0, 0, 1, 44.88
1734162583, 9, 4, 10, 0, 0, 0.01%, 0, 0, 1, 43.97
1734162588, 9, 5, 10, 0, 0, 0.01%, 0, 0, 1, 44.38
1734162593, 9, 6, 10, 0, 0, 0.01%, 0, 0, 1, 43.96
1734162598, 9, 7, 10, 0, 0, 0.01%, 0, 0, 1, 45.35
1734162603, 9, 8, 10, 0, 0, 0.01%, 0, 0, 1, 44.72
1734162608, 9, 9, 10, 0, 0, 0.01%, 0, 0, 1, 42.84
1734162618, 10, 0, 10, 0, 0, 0.01%, 0, 0, 1, 45.08
1734162624, 10, 1, 10, 0, 0, 0.01%, 0, 0, 1, 43.71
1734162629, 10, 2, 10, 0, 0, 0.01%, 0, 0, 1, 43.79
1734162634, 10, 3, 10, 0, 0, 0.01%, 0, 0, 1, 43.71
1734162639, 10, 4, 10, 0, 0, 0.01%, 0, 0, 1, 43.73
1734162644, 10, 5, 10, 0, 0, 0.01%, 0, 0, 1, 44.49
1734162649, 10, 6, 10, 0, 0, 0.01%, 0, 0, 1, 45.07
1734162659, 10, 7, 10, 0, 0, 0.01%, 0, 0, 1, 43.41
1734162664, 10, 8, 10, 0, 0, 0.01%, 0, 0, 1, 43.77
1734162669, 10, 9, 10, 0, 0, 0.01%, 0, 0, 1, 44.84
1734162674, 11, 0, 10, 0, 0, 0.01%, 0, 0, 1, 45.82
1734162679, 11, 1, 10, 0, 0, 0.01%, 0, 0, 1, 45.81
1734162684, 11, 2, 10, 0, 0, 0.01%, 0, 0, 1, 44.93
1734162689, 11, 3, 10, 0, 0, 0.01%, 0, 0, 1, 46.84
1734162695, 11, 4, 10, 0, 0, 0.01%, 0, 0, 1, 46.31
1734162700, 11, 5, 10, 0, 0, 0.01%, 0, 0, 1, 45.50
1734162710, 11, 6, 10, 0, 0, 0.01%, 0, 0, 1, 45.80
1734162715, 11, 7, 10, 0, 0, 0.01%, 0, 0, 1, 43.00
1734162720, 11, 8, 10, 0, 0, 0.01%, 0, 0, 1, 44.38
1734162725, 11, 9, 10, 0, 0, 0.01%, 0, 0, 1, 44.33
1734162730, 12, 0, 10, 0, 0, 0.01%, 0, 0, 1, 44.71
1734162735, 12, 1, 10, 0, 0, 0.01%, 0, 0, 1, 45.49
1734162740, 12, 2, 10, 0, 0, 0.01%, 0, 0, 1, 45.87
1734162745, 12, 3, 10, 0, 0, 0.01%, 0, 0, 1, 46.87
1734162750, 12, 4, 10, 0, 0, 0.01%, 0, 0, 1, 46.30
1734162761, 12, 5, 10, 0, 0, 0.01%, 0, 0, 1, 43.64
1734162766, 12, 6, 10, 0, 0, 0.01%, 0, 0, 1, 44.77
1734162771, 12, 7, 10, 0, 0, 0.01%, 0, 0, 1, 45.40
1734162776, 12, 8, 10, 0, 0, 0.01%, 0, 0, 1, 44.64
1734162781, 12, 9, 10, 0, 0, 0.01%, 0, 0, 1, 45.11
1734162786, 13, 0, 10, 0, 0, 0.01%, 0, 0, 1, 45.63
1734162791, 13, 1, 10, 0, 0, 0.01%, 0, 0, 1, 46.38
1734162796, 13, 2, 10, 0, 0, 0.01%, 0, 0, 1, 45.55
1734162801, 13, 3, 10, 0, 0, 0.01%, 0, 0, 1, 47.05
1734162806, 13, 4, 10, 0, 0, 0.01%, 0, 0, 1, 44.89
1734162816, 13, 5, 10, 0, 0, 0.01%, 0, 0, 1, 46.29
1734162821, 13, 6, 10, 0, 0, 0.01%, 0, 0, 1, 45.40
1734162826, 13, 7, 10, 0, 0, 0.01%, 0, 0, 1, 45.94
1734162832, 13, 8, 10, 0, 0, 0.01%, 0, 0, 1, 46.81
1734162837, 13, 9, 10, 0, 0, 0.01%, 0, 0, 1, 45.29
1734162842, 14, 0, 10, 0, 0, 0.01%, 0, 0, 1, 42.93
1734162847, 14, 1, 10, 0, 0, 0.01%, 0, 0, 1, 45.96
1734162852, 14, 2, 10, 0, 0, 0.01%, 0, 0, 1, 45.80
1734162862, 14, 3, 10, 0, 0, 0.01%, 0, 0, 1, 44.99
1734162867, 14, 4, 10, 0, 0, 0.01%, 0, 0, 1, 44.39
1734162872, 14, 5, 10, 0, 0, 0.01%, 0, 0, 1, 45.35
1734162877, 14, 6, 10, 0, 0, 0.01%, 0, 0, 1, 45.10
1734162882, 14, 7, 10, 0, 0, 0.01%, 0, 0, 1, 45.66
1734162887, 14, 8, 10, 0, 0, 0.01%, 0, 0, 1, 45.52
1734162892, 14, 9, 10, 0, 0, 0.01%, 0, 0, 1, 46.46
1734162897, 15, 0, 10, 0, 0, 0.01%, 0, 0, 1, 46.47
1734162903, 15, 1, 10, 0, 0, 0.01%, 0, 0, 1, 45.98
1734162908, 15, 2, 10, 0, 0, 0.01%, 0, 0, 1, 44.93
1734162918, 15, 3, 10, 0, 0, 0.01%, 0, 0, 1, 39.48
1734162938, 15, 4, 10, 0, 0, 0.01%, 0, 0, 1, 40.81
1734162958, 15, 5, 10, 0, 0, 0.01%, 0, 0, 1, 42.81
1734162979, 15, 6, 10, 0, 0, 0.01%, 0, 0, 1, 43.71
1734163004, 15, 7, 10, 0, 0, 0.01%, 0, 0, 1, 38.13
1734163024, 15, 8, 10, 0, 0, 0.01%, 0, 0, 1, 39.44
1734163045, 15, 9, 10, 0, 0, 0.01%, 0, 0, 1, 40.30
1734163065, 16, 0, 10, 0, 0, 0.01%, 0, 0, 1, 40.84
1734163086, 16, 1, 10, 0, 0, 0.01%, 0, 0, 1, 45.20
1734163091, 16, 2, 10, 0, 0, 0.01%, 0, 0, 1, 48.15
1734163096, 16, 3, 10, 0, 0, 0.01%, 0, 0, 1, 46.17
1734163106, 16, 4, 10, 0, 0, 0.01%, 0, 0, 1, 47.68
1734163111, 16, 5, 10, 0, 0, 0.01%, 0, 0, 1, 47.73
1734163116, 16, 6, 10, 0, 0, 0.01%, 0, 0, 1, 44.82
1734163121, 16, 7, 10, 0, 0, 0.01%, 0, 0, 1, 46.48
1734163126, 16, 8, 10, 0, 0, 0.01%, 0, 0, 1, 45.56
1734163131, 16, 9, 10, 0, 0, 0.01%, 0, 0, 1, 44.49
1734163136, 17, 0, 10, 0, 0, 0.01%, 0, 0, 1, 46.58
1734163141, 17, 1, 10, 0, 0, 0.01%, 0, 0, 1, 45.73
1734163146, 17, 2, 10, 0, 0, 0.01%, 0, 0, 1, 44.73
1734163152, 17, 3, 10, 0, 0, 0.01%, 0, 0, 1, 44.71
1734163162, 17, 4, 10, 0, 0, 0.01%, 0, 0, 1, 44.75
1734163167, 17, 5, 10, 0, 0, 0.01%, 0, 0, 1, 44.80
1734163172, 17, 6, 10, 0, 0, 0.01%, 0, 0, 1, 44.44
1734163177, 17, 7, 10, 0, 0, 0.01%, 0, 0, 1, 45.27
1734163182, 17, 8, 10, 0, 0, 0.01%, 0, 0, 1, 46.56
1734163187, 17, 9, 10, 0, 0, 0.01%, 0, 0, 1, 45.38
1734163192, 18, 0, 10, 0, 0, 0.01%, 0, 0, 1, 46.53
1734163197, 18, 1, 10, 0, 0, 0.01%, 0, 0, 1, 45.51
1734163202, 18, 2, 10, 0, 0, 0.01%, 0, 0, 1, 46.14
1734163212, 18, 3, 10, 0, 0, 0.01%, 0, 0, 1, 46.75
1734163218, 18, 4, 10, 0, 0, 0.01%, 0, 0, 1, 46.95
1734163223, 18, 5, 10, 0, 0, 0.01%, 0, 0, 1, 45.93
1734163228, 18, 6, 10, 0, 0, 0.01%, 0, 0, 1, 48.07
1734163233, 18, 7, 10, 0, 0, 0.01%, 0, 0, 1, 46.34
1734163238, 18, 8, 10, 0, 0, 0.01%, 0, 0, 1, 45.64
1734163243, 18, 9, 10, 0, 0, 0.01%, 0, 0, 1, 44.73
1734163248, 19, 0, 10, 0, 0, 0.01%, 0, 0, 1, 44.64
1734163253, 19, 1, 10, 0, 0, 0.01%, 0, 0, 1, 46.07
1734163258, 19, 2, 10, 0, 0, 0.01%, 0, 0, 1, 45.78
1734163268, 19, 3, 10, 0, 0, 0.01%, 0, 0, 1, 45.64
1734163273, 19, 4, 10, 0, 0, 0.01%, 0, 0, 1, 46.75
1734163278, 19, 5, 10, 0, 0, 0.01%, 0, 0, 1, 46.22
1734163283, 19, 6, 10, 0, 0, 0.01%, 0, 0, 1, 45.02
1734163289, 19, 7, 10, 0, 0, 0.01%, 0, 0, 1, 44.60
1734163294, 19, 8, 10, 0, 0, 0.01%, 0, 0, 1, 44.53
1734163299, 19, 9, 10, 0, 0, 0.01%, 0, 0, 1, 47.63
1734163304, 20, 0, 10, 0, 0, 0.01%, 0, 0, 1, 45.13
1734163309, 20, 1, 10, 0, 0, 0.01%, 0, 0, 1, 45.63
1734163319, 20, 2, 10, 0, 0, 0.01%, 0, 0, 1, 45.89
1734163324, 20, 3, 10, 0, 0, 0.01%, 0, 0, 1, 45.49
1734163329, 20, 4, 10, 0, 0, 0.01%, 0, 0, 1, 46.42
1734163334, 20, 5, 10, 0, 0, 0.01%, 0, 0, 1, 48.52
1734163339, 20, 6, 10, 0, 0, 0.01%, 0, 0, 1, 47.42
1734163344, 20, 7, 10, 0, 0, 0.01%, 0, 0, 1, 45.24
1734163349, 20, 8, 10, 0, 0, 0.01%, 0, 0, 1, 45.18
1734163355, 20, 9, 10, 0, 0, 0.01%, 0, 0, 1, 46.21
1734163360, 21, 0, 10, 0, 0, 0.01%, 0, 0, 1, 46.33
1734163365, 21, 1, 10, 0, 0, 0.01%, 0, 0, 1, 44.51
1734163370, 21, 2, 10, 0, 0, 0.01%, 0, 0, 1, 44.20
1734163380, 21, 3, 10, 0, 0, 0.01%, 0, 0, 1, 47.09
1734163385, 21, 4, 10, 0, 0, 0.01%, 0, 0, 1, 48.31
1734163390, 21, 5, 10, 0, 0, 0.01%, 0, 0, 1, 45.95
1734163395, 21, 6, 10, 0, 0, 0.01%, 0, 0, 1, 46.37
1734163400, 21, 7, 10, 0, 0, 0.01%, 0, 0, 1, 44.70
1734163405, 21, 8, 10, 0, 0, 0.01%, 0, 0, 1, 44.98
1734163410, 21, 9, 10, 0, 0, 0.01%, 0, 0, 1, 45.67
1734163415, 22, 0, 10, 0, 0, 0.01%, 0, 0, 1, 44.32
1734163420, 22, 1, 11, 1, 0, 0.14%, 0, 0, 2, 46.34
1734163426, 22, 1, 11, 1, 0, 0.14%, 1, 0, 2, 46.95
1734163431, 22, 10, 11, 1, 1, 0.14%, 1, 0, 2, 53.26
1734163436, 22, 10, 12, 2, 1, 0.14%, 2, 0, 3, 54.76
1734163512, 23, 11, 13, 1, 0, 0.14%, 3, 0, 4, 72.22
1734163548, 23, 11, 15, 3, 0, 0.14%, 3, 0, 4, 49.25
1734163553, 23, 11, 15, 3, 0, 0.14%, 4, 0, 4, 49.98
1734163594, 23, 11, 16, 4, 0, 0.14%, 4, 0, 4, 51.45
1734163624, 23, 11, 18, 6, 0, 0.14%, 4, 0, 4, 56.82
1734163640, 23, 12, 18, 6, 2, 0.14%, 4, 0, 4, 56.19
1734163741, 23, 12, 20, 8, 2, 0.14%, 4, 0, 5, 52.92
1734163747, 23, 14, 20, 7, 2, 0.14%, 4, 0, 5, 65.47
1734163762, 23, 14, 21, 8, 2, 0.14%, 5, 0, 5, 114.53
1734163844, 23, 14, 24, 11, 2, 0.14%, 5, 0, 5, 80.93
1734163849, 23, 14, 25, 12, 2, 0.14%, 5, 0, 5, 71.69
1734163854, 23, 14, 26, 13, 2, 0.14%, 5, 0, 5, 70.18
1734163935, 24, 15, 26, 10, 0, 0.14%, 5, 0, 5, 63.72
1734164017, 26, 12, 26, 4, 0, 0.14%, 5, 0, 5, 49.70
1734164052, 26, 18, 26, 4, 0, 0.14%, 5, 0, 5, 83.38
1734164144, 27, 12, 26, 2, 0, 0.14%, 5, 0, 5, 51.17
1734164174, 28, 12, 26, 1, 0, 0.14%, 5, 0, 5, 50.72
1734164210, 29, 12, 26, 1, 0, 0.14%, 5, 0, 5, 52.52
1734164256, 30, 12, 26, 1, 0, 0.14%, 5, 0, 5, 51.15
1734164261, 30, 12, 27, 2, 0, 0.14%, 5, 0, 5, 50.14
1734164316, 30, 26, 27, 2, 1, 0.14%, 5, 0, 5, 58.94
1734164403, 31, 20, 27, 1, 0, 0.14%, 5, 0, 5, 105.74
1734164418, 31, 20, 28, 2, 0, 0.14%, 5, 0, 6, 112.94
1734164525, 38, 26, 28, 0, 0, 0.14%, 5, 0, 6, 51.48
1734164541, 38, 27, 28, 0, 0, 0.14%, 5, 0, 6, 77.00
1734164663, 39, 24, 28, 0, 0, 0.14%, 5, 0, 6, 61.72
1734164744, 39, 26, 28, 0, 0, 0.14%, 5, 0, 6, 50.42
1734164774, 39, 27, 29, 1, 0, 0.14%, 5, 0, 7, 50.08
1734164794, 39, 28, 29, 1, 1, 0.14%, 5, 0, 7, 65.75
1734164907, 39, 28, 30, 2, 1, 0.14%, 5, 0, 8, 69.36
1734164983, 39, 29, 30, 1, 1, 0.14%, 5, 0, 8, 53.53
1734164988, 40, 26, 30, 0, 0, 0.14%, 5, 0, 8, 49.02
1734165029, 40, 29, 30, 0, 0, 0.14%, 5, 0, 8, 75.35
1734165252, 40, 29, 31, 1, 0, 0.14%, 5, 0, 9, 47.29
1734165334, 41, 26, 31, 0, 0, 0.14%, 5, 0, 9, 47.43
1734165349, 41, 26, 32, 1, 0, 0.14%, 5, 0, 9, 55.84
1734165359, 41, 26, 33, 2, 0, 0.14%, 5, 0, 9, 53.56
1734165379, 41, 26, 35, 4, 0, 0.14%, 5, 0, 9, 62.36
1734165389, 41, 31, 35, 4, 1, 0.14%, 5, 0, 9, 64.61
1734165476, 42, 25, 35, 3, 0, 0.14%, 5, 0, 9, 60.10
1734165552, 42, 34, 35, 3, 0, 0.14%, 5, 0, 9, 78.95
1734165562, 42, 34, 37, 5, 0, 0.14%, 7, 0, 9, 77.85
1734165941, 42, 36, 37, 3, 0, 0.14%, 7, 0, 9, 44.33
1734165946, 43, 27, 37, 2, 0, 0.14%, 7, 0, 9, 67.61
1734165971, 44, 32, 37, 2, 0, 0.14%, 7, 0, 9, 58.44
1734166232, 46, 20, 37, 1, 0, 0.14%, 7, 0, 9, 63.10
1734166237, 48, 26, 37, 0, 0, 0.14%, 7, 0, 9, 57.23
1734166252, 48, 26, 38, 1, 0, 0.14%, 7, 0, 9, 54.89
1734166293, 48, 37, 38, 1, 1, 0.14%, 7, 0, 9, 57.63
1734166999, 53, 35, 38, 0, 0, 0.14%, 7, 0, 9, 92.59
1734167341, 55, 37, 38, 0, 0, 0.14%, 7, 0, 9, 72.65
1734167366, 56, 37, 38, 0, 0, 0.14%, 7, 0, 9, 74.42
1734167402, 57, 30, 38, 0, 0, 0.14%, 7, 0, 9, 110.09
1734167722, 57, 37, 38, 0, 0, 0.14%, 7, 0, 9, 82.11
1734167728, 57, 37, 39, 1, 0, 0.14%, 8, 0, 9, 84.78
1734167768, 58, 35, 39, 1, 0, 0.14%, 8, 0, 9, 60.86
1734167773, 58, 37, 39, 1, 0, 0.14%, 8, 0, 9, 72.38
1734167809, 58, 38, 39, 1, 0, 0.14%, 8, 0, 9, 46.21
1734168109, 59, 27, 39, 0, 0, 0.14%, 8, 0, 9, 69.23
1734168134, 59, 35, 39, 0, 0, 0.14%, 8, 0, 9, 63.53
1734168144, 59, 37, 39, 0, 0, 0.14%, 8, 0, 9, 65.72
1734168180, 60, 35, 39, 0, 0, 0.14%, 8, 0, 9, 62.62
1734168205, 60, 37, 39, 0, 0, 0.14%, 8, 0, 9, 79.21
1734168236, 61, 35, 39, 0, 0, 0.14%, 8, 0, 9, 62.41
1734168276, 61, 37, 39, 0, 0, 0.14%, 8, 0, 9, 75.54
1734168312, 62, 27, 39, 0, 0, 0.14%, 8, 0, 9, 74.37
1734168347, 62, 35, 39, 0, 0, 0.14%, 8, 0, 9, 64.96
1734168378, 62, 37, 39, 0, 0, 0.14%, 8, 0, 9, 60.10
1734168414, 63, 20, 39, 0, 0, 0.14%, 8, 0, 9, 68.86
1734168429, 63, 37, 39, 0, 0, 0.14%, 8, 0, 9, 72.72
1734168464, 67, 13, 39, 0, 0, 0.14%, 8, 0, 9, 80.31
1734168648, 70, 22, 39, 0, 0, 0.14%, 8, 0, 9, 65.26
1734168704, 71, 27, 39, 0, 0, 0.14%, 8, 0, 9, 75.63
1734168739, 75, 22, 39, 0, 0, 0.14%, 8, 0, 9, 58.86
1734168750, 81, 26, 39, 0, 0, 0.14%, 8, 0, 9, 57.39
1734168785, 85, 22, 39, 0, 0, 0.14%, 8, 0, 9, 65.30
1734168805, 85, 27, 39, 0, 0, 0.14%, 8, 0, 9, 69.52
1734168841, 89, 31, 39, 0, 0, 0.14%, 8, 0, 9, 56.96
1734168856, 94, 24, 39, 0, 0, 0.14%, 8, 0, 9, 64.34
1734168876, 94, 27, 39, 0, 0, 0.14%, 8, 0, 9, 69.51
1734168911, 96, 26, 39, 0, 0, 0.14%, 8, 0, 9, 57.83
1734168952, 98, 12, 39, 0, 0, 0.14%, 8, 0, 9, 55.76
1734168957, 98, 31, 39, 0, 0, 0.14%, 8, 0, 9, 55.66
1734168998, 99, 27, 39, 0, 0, 0.14%, 8, 0, 9, 68.78
1734169033, 102, 22, 39, 0, 0, 0.14%, 8, 0, 9, 61.47
1734169069, 102, 24, 39, 0, 0, 0.14%, 8, 0, 9, 61.02
1734169079, 106, 22, 39, 0, 0, 0.14%, 8, 0, 9, 61.73
1734169120, 108, 20, 39, 0, 0, 0.14%, 8, 0, 9, 70.60
1734169145, 112, 26, 39, 0, 0, 0.14%, 8, 0, 9, 59.50
1734169191, 115, 20, 39, 0, 0, 0.14%, 8, 0, 9, 72.07
1734169226, 115, 31, 39, 0, 0, 0.14%, 8, 0, 9, 60.01
1734169267, 115, 38, 39, 0, 0, 0.14%, 8, 0, 9, 74.84
1734169292, 116, 20, 39, 0, 0, 0.14%, 8, 0, 9, 72.33
1734169323, 118, 38, 39, 0, 0, 0.14%, 8, 0, 9, 56.99
1734169358, 119, 20, 39, 0, 0, 0.14%, 8, 0, 9, 68.82
1734169399, 120, 20, 39, 0, 0, 0.14%, 8, 0, 9, 69.21
1734169435, 123, 36, 39, 0, 0, 0.14%, 8, 0, 9, 91.80
1734169776, 124, 18, 39, 0, 0, 0.14%, 8, 0, 9, 56.09
1734169786, 125, 22, 39, 0, 0, 0.14%, 8, 0, 9, 57.60
1734169827, 128, 31, 39, 0, 0, 0.14%, 8, 0, 9, 62.67
1734169862, 130, 20, 39, 0, 0, 0.14%, 8, 0, 9, 71.39
1734169898, 130, 31, 39, 0, 0, 0.14%, 8, 0, 9, 60.85
1734169933, 131, 26, 39, 0, 0, 0.14%, 8, 0, 9, 58.70
1734169974, 134, 12, 39, 0, 0, 0.14%, 8, 0, 9, 59.19
1734169979, 138, 23, 39, 0, 0, 0.14%, 8, 0, 9, 85.74
1734170040, 139, 38, 39, 0, 0, 0.14%, 8, 0, 9, 73.08
1734170076, 140, 13, 39, 0, 0, 0.14%, 8, 0, 9, 61.33
1734170081, 142, 11, 39, 0, 0, 0.14%, 8, 0, 9, 61.69
1734170086, 142, 12, 39, 0, 0, 0.14%, 8, 0, 9, 59.34
1734170101, 151, 18, 39, 0, 0, 0.14%, 8, 0, 9, 63.03
1734170111, 153, 11, 39, 0, 0, 0.14%, 8, 0, 9, 61.60
1734170122, 153, 12, 39, 0, 0, 0.14%, 8, 0, 9, 55.05
1734170142, 154, 30, 39, 0, 0, 0.14%, 8, 0, 9, 65.03
1734170152, 155, 22, 39, 0, 0, 0.14%, 8, 0, 9, 58.87
1734170193, 155, 23, 39, 0, 0, 0.14%, 8, 0, 9, 59.94
1734170203, 156, 38, 39, 0, 0, 0.14%, 8, 0, 9, 69.73
1734170239, 159, 18, 39, 0, 0, 0.14%, 8, 0, 9, 64.14
1734170269, 159, 30, 39, 0, 0, 0.14%, 8, 0, 9, 68.49
1734170300, 160, 24, 39, 0, 0, 0.14%, 8, 0, 9, 59.67
1734170320, 160, 25, 39, 0, 0, 0.14%, 8, 0, 9, 56.61
1734170330, 162, 32, 39, 0, 0, 0.14%, 8, 0, 9, 64.96
1734170340, 163, 12, 39, 0, 0, 0.14%, 8, 0, 9, 55.34
1734170370, 163, 13, 39, 0, 0, 0.14%, 8, 0, 9, 56.48
1734170386, 163, 24, 39, 0, 0, 0.14%, 8, 0, 9, 58.42
1734170426, 169, 22, 39, 0, 0, 0.14%, 8, 0, 9, 60.69
1734170462, 170, 18, 39, 0, 0, 0.14%, 8, 0, 9, 61.82
1734170497, 171, 30, 39, 0, 0, 0.14%, 8, 0, 9, 70.15
1734170533, 175, 19, 39, 0, 0, 0.14%, 8, 0, 9, 72.82
1734170568, 175, 30, 39, 0, 0, 0.14%, 8, 0, 9, 69.13
1734170604, 176, 24, 39, 0, 0, 0.14%, 8, 0, 9, 59.50
1734170639, 176, 38, 39, 0, 0, 0.14%, 8, 0, 9, 59.76
1734170680, 177, 23, 39, 0, 0, 0.14%, 8, 0, 9, 62.92
1734170705, 177, 38, 39, 0, 0, 0.14%, 8, 0, 9, 73.86
1734170740, 180, 32, 39, 0, 0, 0.14%, 8, 0, 9, 58.92
1734170756, 183, 18, 39, 0, 0, 0.14%, 8, 0, 9, 55.15
1734170791, 183, 31, 39, 0, 0, 0.14%, 8, 0, 9, 53.35
1734170832, 186, 19, 39, 0, 0, 0.14%, 8, 0, 9, 57.63
1734170842, 186, 22, 39, 0, 0, 0.14%, 8, 0, 9, 56.83
1734170877, 187, 25, 39, 0, 0, 0.14%, 8, 0, 9, 66.12
1734170898, 188, 18, 39, 0, 0, 0.14%, 8, 0, 9, 57.70
1734170933, 188, 30, 39, 0, 0, 0.14%, 8, 0, 9, 52.86
1734170969, 189, 36, 39, 0, 0, 0.14%, 8, 0, 9, 66.86
1734170979, 190, 19, 39, 0, 0, 0.14%, 8, 0, 9, 58.97
1734170994, 194, 18, 39, 0, 0, 0.14%, 8, 0, 9, 56.60
1734171035, 195, 12, 39, 0, 0, 0.14%, 8, 0, 9, 52.37
1734171070, 195, 22, 39, 0, 0, 0.14%, 8, 0, 9, 52.87
1734171111, 196, 11, 39, 0, 0, 0.14%, 8, 0, 9, 61.76
1734171121, 196, 24, 39, 0, 0, 0.14%, 8, 0, 9, 59.30
1734171162, 196, 32, 39, 0, 0, 0.14%, 8, 0, 9, 60.73
1734171197, 198, 19, 39, 0, 0, 0.14%, 8, 0, 9, 56.71
1734171233, 199, 31, 39, 0, 0, 0.14%, 8, 0, 9, 61.38
1734171273, 200, 25, 39, 0, 0, 0.14%, 8, 0, 9, 57.63
1734171308, 201, 36, 39, 0, 0, 0.14%, 8, 0, 9, 66.19
1734171319, 201, 38, 39, 0, 0, 0.14%, 8, 0, 9, 74.31
1734171354, 202, 18, 39, 0, 0, 0.14%, 8, 0, 9, 58.55
1734171395, 202, 22, 39, 0, 0, 0.14%, 8, 0, 9, 59.02
1734171430, 202, 23, 39, 0, 0, 0.14%, 8, 0, 9, 63.44
1734171461, 202, 25, 39, 0, 0, 0.14%, 8, 0, 9, 60.03
1734171491, 202, 38, 39, 0, 0, 0.14%, 8, 0, 9, 64.11
1734171532, 204, 31, 39, 0, 0, 0.14%, 8, 0, 9, 60.43
1734171567, 207, 19, 39, 0, 0, 0.14%, 8, 0, 9, 62.03
1734171598, 210, 11, 39, 0, 0, 0.14%, 8, 0, 9, 60.34
1734171623, 210, 19, 39, 0, 0, 0.14%, 8, 0, 9, 60.95
1734171659, 214, 31, 39, 0, 0, 0.14%, 8, 0, 9, 63.69
1734171694, 215, 36, 39, 0, 0, 0.14%, 8, 0, 9, 62.25
1734171714, 215, 38, 39, 0, 0, 0.14%, 8, 0, 9, 59.94
1734171750, 216, 12, 39, 0, 0, 0.14%, 8, 0, 9, 65.47
1734171786, 216, 25, 39, 0, 0, 0.14%, 8, 0, 9, 61.68
1734171826, 217, 16, 39, 0, 0, 0.14%, 8, 0, 9, 87.33
1734171877, 217, 24, 39, 0, 0, 0.14%, 8, 0, 9, 55.45
1734171918, 219, 28, 39, 0, 0, 0.14%, 8, 0, 9, 75.23
1734171943, 220, 11, 39, 0, 0, 0.14%, 8, 0, 9, 59.27
1734171983, 220, 19, 39, 0, 0, 0.14%, 8, 0, 9, 59.86
1734172024, 225, 13, 39, 0, 0, 0.14%, 8, 0, 9, 71.32
1734172055, 225, 23, 39, 0, 0, 0.14%, 8, 0, 9, 63.76
1734172091, 227, 17, 39, 0, 0, 0.14%, 8, 0, 9, 84.09
1734172116, 229, 13, 39, 0, 0, 0.14%, 8, 0, 9, 60.45
1734172151, 229, 18, 39, 0, 0, 0.14%, 8, 0, 9, 64.07
1734172192, 231, 25, 39, 0, 0, 0.14%, 8, 0, 9, 57.24
1734172227, 232, 36, 39, 0, 0, 0.14%, 8, 0, 9, 66.75
1734172263, 233, 11, 39, 0, 0, 0.14%, 8, 0, 9, 59.03
1734172298, 233, 22, 39, 0, 0, 0.14%, 8, 0, 9, 56.99
1734172339, 234, 17, 39, 0, 0, 0.14%, 8, 0, 9, 59.53
1734172344, 235, 12, 39, 0, 0, 0.14%, 8, 0, 9, 58.12
1734172379, 235, 24, 39, 0, 0, 0.14%, 8, 0, 9, 54.96
1734172420, 235, 25, 39, 0, 0, 0.14%, 8, 0, 9, 62.80
1734172455, 236, 31, 39, 0, 0, 0.14%, 8, 0, 9, 62.53
1734172496, 239, 25, 39, 0, 0, 0.14%, 8, 0, 9, 60.38
1734172531, 240, 38, 39, 0, 0, 0.14%, 8, 0, 9, 66.20
1734172567, 241, 15, 39, 0, 0, 0.14%, 8, 0, 9, 61.94
1734172572, 244, 28, 39, 0, 0, 0.14%, 8, 0, 9, 56.25
1734172597, 245, 28, 39, 0, 0, 0.14%, 8, 0, 9, 68.17
1734172637, 246, 28, 39, 0, 0, 0.14%, 8, 0, 9, 72.86
1734172673, 248, 21, 39, 0, 0, 0.14%, 8, 0, 9, 90.32
1734172724, 249, 21, 39, 0, 0, 0.14%, 8, 0, 9, 63.38
1734172734, 249, 24, 39, 0, 0, 0.14%, 8, 0, 9, 57.00
1734172774, 250, 13, 39, 0, 0, 0.14%, 8, 0, 9, 58.47
1734172815, 250, 16, 39, 0, 0, 0.14%, 8, 0, 9, 63.01
1734172820, 253, 25, 39, 0, 0, 0.14%, 8, 0, 9, 57.00
1734172861, 254, 23, 39, 0, 0, 0.14%, 8, 0, 9, 60.74
1734172901, 256, 25, 39, 0, 0, 0.14%, 8, 0, 9, 57.73
1734172942, 258, 10, 39, 0, 0, 0.14%, 8, 0, 9, 61.37
1734172947, 258, 21, 39, 0, 0, 0.14%, 8, 0, 9, 66.91
1734172962, 259, 13, 39, 0, 0, 0.14%, 8, 0, 9, 69.30
1734173003, 262, 36, 39, 0, 0, 0.14%, 8, 0, 9, 64.08
1734173038, 264, 11, 39, 0, 0, 0.14%, 8, 0, 9, 58.87
1734173074, 266, 32, 39, 0, 0, 0.14%, 8, 0, 9, 61.52
1734173114, 269, 10, 39, 0, 0, 0.14%, 8, 0, 9, 58.23
1734173119, 269, 29, 39, 0, 0, 0.14%, 8, 0, 9, 64.20
1734173140, 270, 28, 39, 0, 0, 0.14%, 8, 0, 9, 69.77
1734173175, 273, 38, 39, 0, 0, 0.14%, 8, 0, 9, 72.14
1734173211, 275, 25, 39, 0, 0, 0.14%, 8, 0, 9, 60.67
1734173246, 276, 15, 39, 0, 0, 0.14%, 8, 0, 9, 66.49
1734173256, 277, 24, 39, 0, 0, 0.14%, 8, 0, 9, 53.89
1734173297, 280, 28, 39, 0, 0, 0.14%, 8, 0, 9, 69.27
1734173333, 282, 17, 39, 0, 0, 0.14%, 8, 0, 9, 61.36
1734173343, 287, 21, 39, 0, 0, 0.14%, 8, 0, 9, 62.68
1734173379, 289, 32, 39, 0, 0, 0.14%, 8, 0, 9, 64.88
1734173419, 290, 24, 39, 0, 0, 0.14%, 8, 0, 9, 59.21
1734173455, 292, 21, 39, 0, 0, 0.14%, 8, 0, 9, 68.23
1734173491, 295, 13, 39, 0, 0, 0.14%, 8, 0, 9, 61.19
1734173531, 298, 14, 39, 0, 0, 0.14%, 8, 0, 9, 66.02
1734173536, 298, 16, 39, 0, 0, 0.14%, 8, 0, 9, 66.23
1734173551, 298, 23, 39, 0, 0, 0.14%, 8, 0, 9, 60.87
1734173592, 299, 16, 39, 0, 0, 0.14%, 8, 0, 9, 69.21
1734173623, 300, 21, 39, 0, 0, 0.14%, 8, 0, 9, 63.36
1734173658, 301, 17, 39, 0, 0, 0.14%, 8, 0, 9, 64.06
1734173673, 302, 15, 39, 0, 0, 0.14%, 8, 0, 9, 58.09
1734173694, 303, 17, 39, 0, 0, 0.14%, 8, 0, 9, 57.08
1734173729, 305, 14, 39, 0, 0, 0.14%, 8, 0, 9, 64.12
1734173734, 306, 32, 39, 0, 0, 0.14%, 8, 0, 9, 57.72
1734173770, 308, 10, 39, 0, 0, 0.14%, 8, 0, 9, 63.55
1734173785, 308, 29, 39, 0, 0, 0.14%, 8, 0, 9, 69.45
1734173821, 313, 17, 39, 0, 0, 0.14%, 8, 0, 9, 59.69
1734173861, 316, 23, 39, 0, 0, 0.14%, 8, 0, 9, 58.81
1734173897, 319, 28, 39, 0, 0, 0.14%, 8, 0, 9, 71.21
1734173933, 320, 16, 39, 0, 0, 0.14%, 8, 0, 9, 69.00
1734173968, 321, 10, 39, 0, 0, 0.14%, 8, 0, 9, 56.22
1734173993, 321, 15, 39, 0, 0, 0.14%, 8, 0, 9, 62.72
1734174034, 321, 23, 39, 0, 0, 0.14%, 8, 0, 9, 60.82
1734174070, 322, 19, 39, 0, 0, 0.14%, 8, 0, 9, 67.35
1734174105, 324, 15, 39, 0, 0, 0.14%, 8, 0, 9, 61.36
1734174141, 324, 24, 39, 0, 0, 0.14%, 8, 0, 9, 59.77
1734174181, 327, 28, 39, 0, 0, 0.14%, 8, 0, 9, 71.07
1734174217, 331, 15, 39, 0, 0, 0.14%, 8, 0, 9, 61.34
1734174257, 333, 14, 39, 0, 0, 0.14%, 8, 0, 9, 63.41
1734174278, 337, 29, 39, 0, 0, 0.14%, 8, 0, 9, 61.86
1734174313, 338, 19, 39, 0, 0, 0.14%, 8, 0, 9, 59.55
1734174354, 339, 23, 39, 0, 0, 0.14%, 8, 0, 9, 64.34
1734174389, 344, 34, 39, 0, 0, 0.14%, 8, 0, 9, 70.44
1734174394, 345, 23, 39, 0, 0, 0.14%, 8, 0, 9, 62.15
1734174435, 346, 33, 39, 0, 0, 0.14%, 8, 0, 9, 67.63
1734174532, 354, 21, 39, 0, 0, 0.14%, 8, 0, 9, 65.16
1734174567, 355, 38, 39, 0, 0, 0.14%, 8, 0, 9, 68.29
1734174603, 356, 38, 39, 0, 0, 0.14%, 8, 0, 9, 63.12
1734174643, 357, 38, 39, 0, 0, 0.14%, 8, 0, 9, 71.74
1734174679, 358, 38, 39, 0, 0, 0.14%, 8, 0, 9, 66.46
1734174694, 359, 14, 39, 0, 0, 0.14%, 8, 0, 9, 69.50
1734174730, 360, 13, 39, 0, 0, 0.14%, 8, 0, 9, 68.86
1734174760, 361, 14, 39, 0, 0, 0.14%, 8, 0, 9, 63.07
1734174796, 362, 14, 39, 0, 0, 0.14%, 8, 0, 9, 63.67
1734174837, 366, 34, 39, 0, 0, 0.14%, 8, 0, 9, 61.92
1734174847, 366, 38, 39, 0, 0, 0.14%, 8, 0, 9, 66.64
1734174857, 367, 17, 39, 0, 0, 0.14%, 8, 0, 9, 61.03
1734174897, 369, 21, 39, 0, 0, 0.14%, 8, 0, 9, 65.58
1734174933, 373, 14, 39, 0, 0, 0.14%, 8, 0, 9, 72.10
1734174968, 375, 33, 39, 0, 0, 0.14%, 8, 0, 9, 58.34
1734174974, 376, 38, 39, 0, 0, 0.14%, 8, 0, 9, 69.64
1734174989, 377, 10, 39, 0, 0, 0.14%, 8, 0, 9, 55.60
1734175029, 379, 29, 39, 0, 0, 0.14%, 8, 0, 9, 72.52
1734175060, 380, 21, 39, 0, 0, 0.14%, 8, 0, 9, 68.03
1734175100, 385, 29, 39, 0, 0, 0.14%, 8, 0, 9, 74.27
1734175136, 385, 34, 39, 0, 0, 0.14%, 8, 0, 9, 62.19
1734175161, 397, 34, 39, 0, 0, 0.14%, 8, 0, 9, 66.60
1734175192, 403, 14, 39, 0, 0, 0.14%, 8, 0, 9, 65.05
1734175233, 411, 29, 39, 0, 0, 0.14%, 8, 0, 9, 66.70
1734175268, 417, 38, 39, 0, 0, 0.14%, 8, 0, 9, 76.71
1734175283, 419, 17, 39, 0, 0, 0.14%, 8, 0, 9, 60.67
1734175319, 434, 34, 39, 0, 0, 0.14%, 8, 0, 9, 62.71
1734175354, 435, 33, 39, 0, 0, 0.14%, 8, 0, 9, 64.68
1734175370, 491, 38, 39, 0, 0, 0.14%, 8, 0, 9, 62.44
1734175385, 493, 38, 39, 0, 0, 0.14%, 8, 0, 9, 65.81
1734175395, 494, 38, 39, 0, 0, 0.14%, 8, 0, 9, 64.82
1734175410, 526, 38, 39, 0, 0, 0.14%, 8, 0, 9, 69.81
1734175426, 535, 38, 39, 0, 0, 0.14%, 8, 0, 9, 74.03
1734175441, 537, 33, 39, 0, 0, 0.14%, 8, 0, 9, 58.37
1734175472, 575, 38, 39, 0, 0, 0.14%, 8, 0, 9, 66.03
1734175487, 595, 38, 39, 0, 0, 0.14%, 8, 0, 9, 66.81
1734175502, 647, 38, 39, 0, 0, 0.14%, 8, 0, 9, 70.69
1734175512, 664, 38, 39, 0, 0, 0.14%, 8, 0, 9, 68.70
1734175527, 665, 38, 39, 0, 0, 0.14%, 8, 0, 9, 73.42
1734175538, 700, 38, 39, 0, 0, 0.14%, 8, 0, 9, 68.31
1734175548, 725, 38, 39, 0, 0, 0.14%, 8, 0, 9, 63.94
1734175553, 734, 38, 39, 0, 0, 0.14%, 8, 0, 9, 63.84
1734175558, 742, 38, 39, 0, 0, 0.14%, 8, 0, 9, 60.70
1734175568, 747, 38, 39, 0, 0, 0.14%, 8, 0, 9, 63.49
1734175573, 761, 38, 39, 0, 0, 0.14%, 8, 0, 9, 65.05
1734175583, 813, 38, 39, 0, 0, 0.14%, 8, 0, 9, 63.91
1734175589, 829, 38, 39, 0, 0, 0.14%, 8, 0, 9, 65.63
1734175594, 861, 38, 39, 0, 0, 0.14%, 8, 0, 9, 70.62
1734175599, 915, 38, 39, 0, 0, 0.14%, 8, 0, 9, 66.77
1734175609, 916, 38, 39, 0, 0, 0.14%, 8, 0, 9, 62.32
1734175614, 944, 38, 39, 0, 0, 0.14%, 8, 0, 9, 67.97
1734175619, 960, 38, 39, 0, 0, 0.14%, 8, 0, 9, 62.50
1734175629, 969, 38, 39, 0, 0, 0.14%, 8, 0, 9, 64.71
1734175634, 987, 38, 39, 0, 0, 0.14%, 8, 0, 9, 70.64
1734175639, 1006, 38, 39, 0, 0, 0.14%, 8, 0, 9, 67.22
1734175649, 1024, 38, 39, 0, 0, 0.14%, 8, 0, 9, 66.41
1734175654, 1028, 38, 39, 0, 0, 0.14%, 8, 0, 9, 70.28
1734175659, 1037, 38, 39, 0, 0, 0.14%, 8, 0, 9, 70.60
1734175670, 1048, 38, 39, 0, 0, 0.14%, 8, 0, 9, 60.53
1734175675, 1085, 38, 39, 0, 0, 0.14%, 8, 0, 9, 66.26
1734175680, 1097, 38, 39, 0, 0, 0.14%, 8, 0, 9, 69.18
1734175685, 1102, 38, 39, 0, 0, 0.14%, 8, 0, 9, 64.30
1734175695, 1123, 38, 39, 0, 0, 0.14%, 8, 0, 9, 69.11
1734175700, 1142, 38, 39, 0, 0, 0.14%, 8, 0, 9, 71.65
1734175705, 1147, 38, 39, 0, 0, 0.14%, 8, 0, 9, 71.40
1734175715, 1153, 38, 39, 0, 0, 0.14%, 8, 0, 9, 70.30
1734175720, 1196, 38, 39, 0, 0, 0.14%, 8, 0, 9, 70.69
1734175725, 1218, 38, 39, 0, 0, 0.14%, 8, 0, 9, 69.26
1734175730, 1219, 38, 39, 0, 0, 0.14%, 8, 0, 9, 65.36
1734175740, 1241, 38, 39, 0, 0, 0.14%, 8, 0, 9, 65.51
1734175745, 1283, 38, 39, 0, 0, 0.14%, 8, 0, 9, 68.15
1734175750, 1291, 38, 39, 0, 0, 0.14%, 8, 0, 9, 64.42
1734175761, 1335, 38, 39, 0, 0, 0.14%, 8, 0, 9, 66.71
1734175766, 1357, 38, 39, 0, 0, 0.14%, 8, 0, 9, 66.37
1734175771, 1363, 38, 39, 0, 0, 0.14%, 8, 0, 9, 57.62
1734175781, 1388, 38, 39, 0, 0, 0.14%, 8, 0, 9, 61.97
1734175786, 1410, 38, 39, 0, 0, 0.14%, 8, 0, 9, 71.68
1734175791, 1477, 38, 39, 0, 0, 0.14%, 8, 0, 9, 69.98
1734175801, 1495, 38, 39, 0, 0, 0.14%, 8, 0, 9, 67.03
1734175806, 1529, 38, 39, 0, 0, 0.14%, 8, 0, 9, 64.18
1734175811, 1536, 38, 39, 0, 0, 0.14%, 8, 0, 9, 64.38
1734175821, 1550, 38, 39, 0, 0, 0.14%, 8, 0, 9, 65.83
1734175827, 1591, 38, 39, 0, 0, 0.14%, 8, 0, 9, 67.05
1734175832, 1605, 38, 39, 0, 0, 0.14%, 8, 0, 9, 64.82
1734175842, 1654, 38, 39, 0, 0, 0.14%, 8, 0, 9, 61.54
1734175847, 1684, 38, 39, 0, 0, 0.14%, 8, 0, 9, 71.15
1734175852, 1701, 38, 39, 0, 0, 0.14%, 8, 0, 9, 71.37
1734175857, 1707, 38, 39, 0, 0, 0.14%, 8, 0, 9, 64.53
1734175867, 1735, 38, 39, 0, 0, 0.14%, 8, 0, 9, 65.29
1734175872, 1744, 38, 39, 0, 0, 0.14%, 8, 0, 9, 70.15
1734175877, 1755, 38, 39, 0, 0, 0.14%, 8, 0, 9, 63.83
1734175887, 1763, 38, 39, 0, 0, 0.14%, 8, 0, 9, 66.86
1734175893, 1786, 38, 39, 0, 0, 0.14%, 8, 0, 9, 65.88
1734175898, 1846, 38, 39, 0, 0, 0.14%, 8, 0, 9, 62.82
1734175908, 1848, 38, 39, 0, 0, 0.14%, 8, 0, 9, 62.50
1734175913, 1858, 38, 39, 0, 0, 0.14%, 8, 0, 9, 69.68
1734175918, 1895, 38, 39, 0, 0, 0.14%, 8, 0, 9, 65.82
1734175928, 1930, 38, 39, 0, 0, 0.14%, 8, 0, 9, 64.87
1734175933, 1954, 38, 39, 0, 0, 0.14%, 8, 0, 9, 67.30
1734175938, 1958, 38, 39, 0, 0, 0.14%, 8, 0, 9, 72.89
1734175948, 1982, 38, 39, 0, 0, 0.14%, 8, 0, 9, 63.36
1734175953, 1995, 38, 39, 0, 0, 0.14%, 8, 0, 9, 69.05
1734175958, 1997, 38, 39, 0, 0, 0.14%, 8, 0, 9, 59.16
1734175968, 2003, 38, 39, 0, 0, 0.14%, 8, 0, 9, 60.81
1734175974, 2017, 38, 39, 0, 0, 0.14%, 8, 0, 9, 64.50
1734175979, 2025, 38, 39, 0, 0, 0.14%, 8, 0, 9, 67.38
1734175989, 2034, 38, 39, 0, 0, 0.14%, 8, 0, 9, 67.33
1734175994, 2073, 38, 39, 0, 0, 0.14%, 8, 0, 9, 72.00
1734175999, 2083, 38, 39, 0, 0, 0.14%, 8, 0, 9, 65.30
1734176009, 2092, 38, 39, 0, 0, 0.14%, 8, 0, 9, 63.15
1734176014, 2113, 38, 39, 0, 0, 0.14%, 8, 0, 9, 64.20
1734176019, 2159, 38, 39, 0, 0, 0.14%, 8, 0, 9, 65.45
1734176029, 2168, 38, 39, 0, 0, 0.14%, 8, 0, 9, 68.27
1734176034, 2219, 38, 39, 0, 0, 0.14%, 8, 0, 9, 66.10
1734176039, 2224, 38, 39, 0, 0, 0.14%, 8, 0, 9, 67.16
1734176049, 2239, 38, 39, 0, 0, 0.14%, 8, 0, 9, 65.24
1734176054, 2248, 38, 39, 0, 0, 0.14%, 8, 0, 9, 65.58
1734176059, 2273, 38, 39, 0, 0, 0.14%, 8, 0, 9, 64.26
1734176070, 2285, 38, 39, 0, 0, 0.14%, 8, 0, 9, 68.56
1734176075, 2336, 38, 39, 0, 0, 0.14%, 8, 0, 9, 69.50
1734176080, 2389, 38, 39, 0, 0, 0.14%, 8, 0, 9, 63.94
1734176090, 2390, 38, 39, 0, 0, 0.14%, 8, 0, 9, 62.35
1734176095, 2409, 38, 39, 0, 0, 0.14%, 8, 0, 9, 66.78
1734176100, 2410, 38, 39, 0, 0, 0.14%, 8, 0, 9, 73.30
1734176110, 2422, 38, 39, 0, 0, 0.14%, 8, 0, 9, 59.84
1734176115, 2427, 38, 39, 0, 0, 0.14%, 8, 0, 9, 67.61
1734176120, 2444, 38, 39, 0, 0, 0.14%, 8, 0, 9, 73.04
1734176130, 2445, 38, 39, 0, 0, 0.14%, 8, 0, 9, 59.51
1734176135, 2484, 38, 39, 0, 0, 0.14%, 8, 0, 9, 65.55
1734176141, 2492, 38, 39, 0, 0, 0.14%, 8, 0, 9, 63.69
1734176151, 2518, 38, 39, 0, 0, 0.14%, 8, 0, 9, 63.94
1734176156, 2524, 38, 39, 0, 0, 0.14%, 8, 0, 9, 66.77
1734176161, 2552, 38, 39, 0, 0, 0.14%, 8, 0, 9, 63.94
1734176171, 2561, 38, 39, 0, 0, 0.14%, 8, 0, 9, 67.76
1734176176, 2577, 38, 39, 0, 0, 0.14%, 8, 0, 9, 64.43
1734176181, 2615, 38, 39, 0, 0, 0.14%, 8, 0, 9, 65.68
1734176191, 2626, 38, 39, 0, 0, 0.14%, 8, 0, 9, 64.59
1734176196, 2638, 38, 39, 0, 0, 0.14%, 8, 0, 9, 69.22
1734176201, 2652, 38, 39, 0, 0, 0.14%, 8, 0, 9, 62.15
1734176211, 2692, 38, 39, 0, 0, 0.14%, 8, 0, 9, 64.34
1734176216, 2705, 38, 39, 0, 0, 0.14%, 8, 0, 9, 68.73
1734176222, 2716, 38, 39, 0, 0, 0.14%, 8, 0, 9, 65.94
1734176232, 2741, 38, 39, 0, 0, 0.14%, 8, 0, 9, 65.13
1734176237, 2744, 38, 39, 0, 0, 0.14%, 8, 0, 9, 66.71
1734176242, 2747, 38, 39, 0, 0, 0.14%, 8, 0, 9, 75.34
1734176247, 2779, 38, 39, 0, 0, 0.14%, 8, 0, 9, 66.92
1734176257, 2828, 38, 39, 0, 0, 0.14%, 8, 0, 9, 67.35
1734176262, 2844, 38, 39, 0, 0, 0.14%, 8, 0, 9, 66.75
1734176268, 2860, 38, 39, 0, 0, 0.14%, 8, 0, 9, 71.32
1734176278, 2916, 38, 39, 0, 0, 0.14%, 8, 0, 9, 63.67
1734176283, 2935, 38, 39, 0, 0, 0.14%, 8, 0, 9, 66.29
1734176288, 2940, 38, 39, 0, 0, 0.14%, 8, 0, 9, 71.39
1734176293, 2957, 38, 39, 0, 0, 0.14%, 8, 0, 9, 63.63
1734176303, 2963, 38, 39, 0, 0, 0.14%, 8, 0, 9, 64.22
1734176308, 2983, 38, 39, 0, 0, 0.14%, 8, 0, 9, 72.80
1734176313, 2999, 38, 39, 0, 0, 0.14%, 8, 0, 9, 67.69
1734176324, 3013, 38, 39, 0, 0, 0.14%, 8, 0, 9, 64.92
1734176329, 3035, 38, 39, 0, 0, 0.14%, 8, 0, 9, 65.12
1734176334, 3043, 38, 39, 0, 0, 0.14%, 8, 0, 9, 64.04
1734176344, 3075, 38, 39, 0, 0, 0.14%, 8, 0, 9, 70.20
1734176349, 3102, 38, 39, 0, 0, 0.14%, 8, 0, 9, 69.35
1734176354, 3110, 38, 39, 0, 0, 0.14%, 8, 0, 9, 68.20
1734176359, 3134, 38, 39, 0, 0, 0.14%, 8, 0, 9, 56.10
1734176369, 3140, 38, 39, 0, 0, 0.14%, 8, 0, 9, 64.84
1734176374, 3156, 38, 39, 0, 0, 0.14%, 8, 0, 9, 66.21
1734176379, 3172, 38, 39, 0, 0, 0.14%, 8, 0, 9, 59.54
1734176389, 3174, 38, 39, 0, 0, 0.14%, 8, 0, 9, 66.65
1734176394, 3184, 38, 39, 0, 0, 0.14%, 8, 0, 9, 69.46
1734176399, 3193, 38, 39, 0, 0, 0.14%, 8, 0, 9, 59.68
1734176409, 3201, 38, 39, 0, 0, 0.14%, 8, 0, 9, 66.45
1734176414, 3206, 38, 39, 0, 0, 0.14%, 8, 0, 9, 70.41
1734176420, 3210, 38, 39, 0, 0, 0.14%, 8, 0, 9, 61.78
1734176430, 3218, 38, 39, 0, 0, 0.14%, 8, 0, 9, 62.36
1734176435, 3227, 38, 39, 0, 0, 0.14%, 8, 0, 9, 67.25
1734176445, 3250, 38, 39, 0, 0, 0.14%, 8, 0, 9, 66.45
1734176450, 3271, 38, 39, 0, 0, 0.14%, 8, 0, 9, 71.82
1734176455, 3280, 38, 39, 0, 0, 0.14%, 8, 0, 9, 70.98
1734176460, 3286, 38, 39, 0, 0, 0.14%, 8, 0, 9, 68.72
1734176465, 3291, 38, 39, 0, 0, 0.14%, 8, 0, 9, 68.02
1734176475, 3323, 38, 39, 0, 0, 0.14%, 8, 0, 9, 64.63
1734176480, 3330, 38, 39, 0, 0, 0.14%, 8, 0, 9, 67.86
1734176485, 3343, 38, 39, 0, 0, 0.14%, 8, 0, 9, 65.68
1734176496, 3361, 38, 39, 0, 0, 0.14%, 8, 0, 9, 67.92
1734176501, 3379, 38, 39, 0, 0, 0.14%, 8, 0, 9, 68.19
1734176506, 3398, 38, 39, 0, 0, 0.14%, 8, 0, 9, 71.03
1734176516, 3424, 38, 39, 0, 0, 0.14%, 8, 0, 9, 60.20
1734176521, 3426, 38, 39, 0, 0, 0.14%, 8, 0, 9, 64.82
1734176527, 3446, 38, 39, 0, 0, 0.14%, 8, 0, 9, 60.86
1734176537, 3496, 38, 39, 0, 0, 0.14%, 8, 0, 9, 69.55
1734176542, 3498, 38, 39, 0, 0, 0.14%, 8, 0, 9, 70.25
1734176547, 3529, 38, 39, 0, 0, 0.14%, 8, 0, 9, 68.83
1734176552, 3536, 38, 39, 0, 0, 0.14%, 8, 0, 9, 67.56
1734176562, 3562, 38, 39, 0, 0, 0.14%, 8, 0, 9, 65.74
1734176567, 3613, 38, 39, 0, 0, 0.14%, 8, 0, 9, 69.92
1734176572, 3639, 38, 39, 0, 0, 0.14%, 8, 0, 9, 67.29
1734176582, 3653, 38, 39, 0, 0, 0.14%, 8, 0, 9, 65.24
1734176588, 3710, 38, 39, 0, 0, 0.14%, 8, 0, 9, 65.03
1734176593, 3719, 38, 39, 0, 0, 0.14%, 8, 0, 9, 67.78
1734176603, 3764, 38, 39, 0, 0, 0.14%, 8, 0, 9, 63.70
1734176608, 3768, 38, 39, 0, 0, 0.14%, 8, 0, 9, 64.00
1734176613, 3774, 38, 39, 0, 0, 0.14%, 8, 0, 9, 68.11
1734176623, 3812, 38, 39, 0, 0, 0.14%, 8, 0, 9, 64.95
1734176628, 3827, 38, 39, 0, 0, 0.14%, 8, 0, 9, 67.42
1734176633, 3829, 38, 39, 0, 0, 0.14%, 8, 0, 9, 63.71
1734176643, 3839, 38, 39, 0, 0, 0.14%, 8, 0, 9, 68.08
1734176648, 3864, 38, 39, 0, 0, 0.14%, 8, 0, 9, 68.26
1734176653, 3877, 38, 39, 0, 0, 0.14%, 8, 0, 9, 72.75
1734176663, 3943, 38, 39, 0, 0, 0.14%, 8, 0, 9, 61.29
1734176668, 3957, 38, 39, 0, 0, 0.14%, 8, 0, 9, 65.53
1734176673, 3969, 38, 39, 0, 0, 0.14%, 8, 0, 9, 66.08
1734176684, 3970, 38, 39, 0, 0, 0.14%, 8, 0, 9, 63.11
1734176689, 3974, 38, 39, 0, 0, 0.14%, 8, 0, 9, 66.83
1734176694, 3979, 38, 39, 0, 0, 0.14%, 8, 0, 9, 66.49
1734176704, 3982, 38, 39, 0, 0, 0.14%, 8, 0, 9, 67.27
1734176709, 4018, 38, 39, 0, 0, 0.14%, 8, 0, 9, 61.19
1734176714, 4024, 38, 39, 0, 0, 0.14%, 8, 0, 9, 64.52
1734176724, 4069, 38, 39, 0, 0, 0.14%, 8, 0, 9, 65.65
1734176729, 4082, 38, 39, 0, 0, 0.14%, 8, 0, 9, 67.23
1734176734, 4097, 38, 39, 0, 0, 0.14%, 8, 0, 9, 65.84
1734176744, 4098, 38, 39, 0, 0, 0.14%, 8, 0, 9, 61.89
1734176749, 4099, 38, 39, 0, 0, 0.14%, 8, 0, 9, 69.26
1734176760, 4108, 38, 39, 0, 0, 0.14%, 8, 0, 9, 64.90
1734176765, 4112, 38, 39, 0, 0, 0.14%, 8, 0, 9, 62.44
1734176770, 4173, 38, 39, 0, 0, 0.14%, 8, 0, 9, 66.35
1734176780, 4238, 38, 39, 0, 0, 0.14%, 8, 0, 9, 65.82
1734176785, 4250, 38, 39, 0, 0, 0.14%, 8, 0, 9, 66.03
1734176790, 4270, 38, 39, 0, 0, 0.14%, 8, 0, 9, 61.88
1734176800, 4310, 38, 39, 0, 0, 0.14%, 8, 0, 9, 58.51
1734176805, 4321, 38, 39, 0, 0, 0.14%, 8, 0, 9, 64.20
1734176815, 4347, 38, 39, 0, 0, 0.14%, 8, 0, 9, 61.90
1734176820, 4353, 38, 39, 0, 0, 0.14%, 8, 0, 9, 62.81
1734176826, 4355, 38, 39, 0, 0, 0.14%, 8, 0, 9, 65.71
1734176836, 4362, 38, 39, 0, 0, 0.14%, 8, 0, 9, 65.98
1734176841, 4370, 38, 39, 0, 0, 0.14%, 8, 0, 9, 65.99
1734176846, 4426, 38, 39, 0, 0, 0.14%, 8, 0, 9, 66.83
1734176856, 4434, 38, 39, 0, 0, 0.14%, 8, 0, 9, 65.52
1734176861, 4448, 38, 39, 0, 0, 0.14%, 8, 0, 9, 66.51
1734176866, 4458, 38, 39, 0, 0, 0.14%, 8, 0, 9, 61.99
1734176876, 4459, 38, 39, 0, 0, 0.14%, 8, 0, 9, 67.00
1734176881, 4463, 38, 39, 0, 0, 0.14%, 8, 0, 9, 64.84
1734176886, 4465, 38, 39, 0, 0, 0.14%, 8, 0, 9, 63.88
1734176896, 4470, 38, 39, 0, 0, 0.14%, 8, 0, 9, 66.43
1734176901, 4480, 38, 39, 0, 0, 0.14%, 8, 0, 9, 67.09
1734176906, 4523, 38, 39, 0, 0, 0.14%, 8, 0, 9, 59.16
1734176916, 4525, 38, 39, 0, 0, 0.14%, 8, 0, 9, 63.46
1734176922, 4572, 38, 39, 0, 0, 0.14%, 8, 0, 9, 69.06
1734176927, 4575, 38, 39, 0, 0, 0.14%, 8, 0, 9, 68.85
1734176937, 4608, 38, 39, 0, 0, 0.14%, 8, 0, 9, 64.54
1734176942, 4659, 38, 39, 0, 0, 0.14%, 8, 0, 9, 66.16
1734176947, 4671, 38, 39, 0, 0, 0.14%, 8, 0, 9, 62.27
1734176957, 4672, 38, 39, 0, 0, 0.14%, 8, 0, 9, 66.89
1734176962, 4708, 38, 39, 0, 0, 0.14%, 8, 0, 9, 65.78
1734176967, 4715, 38, 39, 0, 0, 0.14%, 8, 0, 9, 66.13
1734176978, 4721, 38, 39, 0, 0, 0.14%, 8, 0, 9, 66.66
1734176983, 4762, 38, 39, 0, 0, 0.14%, 8, 0, 9, 72.08
1734176988, 4774, 38, 39, 0, 0, 0.14%, 8, 0, 9, 68.98
1734176993, 4786, 38, 39, 0, 0, 0.14%, 8, 0, 9, 67.84
1734177003, 4825, 38, 39, 0, 0, 0.14%, 8, 0, 9, 68.10
1734177008, 4832, 38, 39, 0, 0, 0.14%, 8, 0, 9, 68.65
1734177013, 4854, 38, 39, 0, 0, 0.14%, 8, 0, 9, 69.83
1734177023, 4890, 38, 39, 0, 0, 0.14%, 8, 0, 9, 60.19
1734177028, 4913, 38, 39, 0, 0, 0.14%, 8, 0, 9, 69.63
1734177033, 4915, 38, 39, 0, 0, 0.14%, 8, 0, 9, 61.91
1734177044, 4978, 38, 39, 0, 0, 0.14%, 8, 0, 9, 62.01
1734177049, 5068, 38, 39, 0, 0, 0.14%, 8, 0, 9, 67.79
1734177054, 5081, 38, 39, 0, 0, 0.14%, 8, 0, 9, 68.10
1734177064, 5082, 38, 39, 0, 0, 0.14%, 8, 0, 9, 65.97
1734177069, 5083, 38, 39, 0, 0, 0.14%, 8, 0, 9, 65.72
1734177074, 5086, 38, 39, 0, 0, 0.14%, 8, 0, 9, 68.23
1734177084, 5102, 38, 39, 0, 0, 0.14%, 8, 0, 9, 63.18
1734177089, 5110, 38, 39, 0, 0, 0.14%, 8, 0, 9, 64.81
1734177094, 5113, 38, 39, 0, 0, 0.14%, 8, 0, 9, 67.96
1734177104, 5146, 38, 39, 0, 0, 0.14%, 8, 0, 9, 64.32
1734177110, 5153, 38, 39, 0, 0, 0.14%, 8, 0, 9, 68.26
1734177115, 5166, 38, 39, 0, 0, 0.14%, 8, 0, 9, 69.73
1734177120, 5186, 38, 39, 0, 0, 0.14%, 8, 0, 9, 66.27
1734177130, 5195, 38, 39, 0, 0, 0.14%, 8, 0, 9, 63.39
1734177135, 5213, 38, 39, 0, 0, 0.14%, 8, 0, 9, 63.42
1734177145, 5235, 38, 39, 0, 0, 0.14%, 8, 0, 9, 64.91
1734177150, 5240, 38, 39, 0, 0, 0.14%, 8, 0, 9, 71.49
1734177155, 5255, 38, 39, 0, 0, 0.14%, 8, 0, 9, 70.14
1734177160, 5263, 38, 39, 0, 0, 0.14%, 8, 0, 9, 62.59
1734177170, 5306, 38, 39, 0, 0, 0.14%, 8, 0, 9, 71.22
1734177175, 5335, 38, 39, 0, 0, 0.14%, 8, 0, 9, 68.92
1734177181, 5351, 38, 39, 0, 0, 0.14%, 8, 0, 9, 59.08
1734177191, 5433, 38, 39, 0, 0, 0.14%, 8, 0, 9, 64.42
1734177196, 5473, 38, 39, 0, 0, 0.14%, 8, 0, 9, 67.40
1734177201, 5483, 38, 39, 0, 0, 0.14%, 8, 0, 9, 62.62
1734177211, 5517, 38, 39, 0, 0, 0.14%, 8, 0, 9, 66.76
1734177216, 5530, 38, 39, 0, 0, 0.14%, 8, 0, 9, 71.39
1734177221, 5541, 38, 39, 0, 0, 0.14%, 8, 0, 9, 68.19
1734177231, 5573, 38, 39, 0, 0, 0.14%, 8, 0, 9, 63.49
1734177236, 5594, 38, 39, 0, 0, 0.14%, 8, 0, 9, 68.47
1734177241, 5618, 38, 39, 0, 0, 0.14%, 8, 0, 9, 61.06
1734177251, 5639, 38, 39, 0, 0, 0.14%, 8, 0, 9, 63.23
1734177257, 5644, 38, 39, 0, 0, 0.14%, 8, 0, 9, 65.20
1734177262, 5652, 38, 39, 0, 0, 0.14%, 8, 0, 9, 69.99
1734177272, 5681, 38, 39, 0, 0, 0.14%, 8, 0, 9, 63.83
1734177277, 5684, 38, 39, 0, 0, 0.14%, 8, 0, 9, 64.86
1734177282, 5697, 38, 39, 0, 0, 0.14%, 8, 0, 9, 68.01
1734177287, 5709, 38, 39, 0, 0, 0.14%, 8, 0, 9, 63.94
1734177297, 5710, 38, 39, 0, 0, 0.14%, 8, 0, 9, 64.13
1734177302, 5712, 38, 39, 0, 0, 0.14%, 8, 0, 9, 66.91
1734177313, 5751, 38, 39, 0, 0, 0.14%, 8, 0, 9, 60.21
1734177318, 5752, 38, 39, 0, 0, 0.14%, 8, 0, 9, 67.02
1734177323, 5791, 38, 39, 0, 0, 0.14%, 8, 0, 9, 69.68
1734177328, 5814, 38, 39, 0, 0, 0.14%, 8, 0, 9, 60.39
1734177338, 5824, 38, 39, 0, 0, 0.14%, 8, 0, 9, 64.76
1734177343, 5860, 38, 39, 0, 0, 0.14%, 8, 0, 9, 67.84
1734177348, 5901, 38, 39, 0, 0, 0.14%, 8, 0, 9, 64.64
1734177358, 5915, 38, 39, 0, 0, 0.14%, 8, 0, 9, 66.29
1734177363, 5916, 38, 39, 0, 0, 0.14%, 8, 0, 9, 68.83
1734177368, 5925, 38, 39, 0, 0, 0.14%, 8, 0, 9, 72.84
1734177374, 5944, 38, 39, 0, 0, 0.14%, 8, 0, 9, 60.78
1734177384, 5956, 38, 39, 0, 0, 0.14%, 8, 0, 9, 65.05
1734177389, 5962, 38, 39, 0, 0, 0.14%, 8, 0, 9, 71.45
1734177394, 5965, 38, 39, 0, 0, 0.14%, 8, 0, 9, 64.68
1734177404, 5974, 38, 39, 0, 0, 0.14%, 8, 0, 9, 63.53
1734177409, 5992, 38, 39, 0, 0, 0.14%, 8, 0, 9, 70.04
1734177414, 5993, 38, 39, 0, 0, 0.14%, 8, 0, 9, 63.15
1734177424, 5998, 38, 39, 0, 0, 0.14%, 8, 0, 9, 67.17
1734177429, 6049, 38, 39, 0, 0, 0.14%, 8, 0, 9, 70.77
1734177435, 6069, 38, 39, 0, 0, 0.14%, 8, 0, 9, 63.27
1734177445, 6074, 38, 39, 0, 0, 0.14%, 8, 0, 9, 62.15
1734177450, 6142, 38, 39, 0, 0, 0.14%, 8, 0, 9, 69.40
1734177455, 6172, 38, 39, 0, 0, 0.14%, 8, 0, 9, 63.82
1734177465, 6177, 38, 39, 0, 0, 0.14%, 8, 0, 9, 65.04
1734177470, 6188, 38, 39, 0, 0, 0.14%, 8, 0, 9, 61.33
1734177480, 6195, 38, 39, 0, 0, 0.14%, 8, 0, 9, 60.55
1734177485, 6256, 38, 39, 0, 0, 0.14%, 8, 0, 9, 65.24
1734177490, 6263, 38, 39, 0, 0, 0.14%, 8, 0, 9, 65.71
1734177500, 6282, 38, 39, 0, 0, 0.14%, 8, 0, 9, 66.76
1734177505, 6289, 38, 39, 0, 0, 0.14%, 8, 0, 9, 69.67
1734177510, 6318, 38, 39, 0, 0, 0.14%, 8, 0, 9, 69.47
1734177515, 6350, 38, 39, 0, 0, 0.14%, 8, 0, 9, 61.97
1734177526, 6365, 38, 39, 0, 0, 0.14%, 8, 0, 9, 64.35
1734177531, 6379, 38, 39, 0, 0, 0.14%, 8, 0, 9, 71.36
1734177541, 6387, 38, 39, 0, 0, 0.14%, 8, 0, 9, 62.42
1734177546, 6391, 38, 39, 0, 0, 0.14%, 8, 0, 9, 59.55
1734177551, 6422, 38, 39, 0, 0, 0.14%, 8, 0, 9, 58.27
1734177561, 6453, 38, 39, 0, 0, 0.14%, 8, 0, 9, 68.34
1734177566, 6482, 38, 39, 0, 0, 0.14%, 8, 0, 9, 69.01
1734177571, 6487, 38, 39, 0, 0, 0.14%, 8, 0, 9, 69.47
1734177581, 6537, 38, 39, 0, 0, 0.14%, 8, 0, 9, 64.63
1734177586, 6539, 38, 39, 0, 0, 0.14%, 8, 0, 9, 67.18
1734177591, 6540, 38, 39, 0, 0, 0.14%, 8, 0, 9, 61.61
1734177602, 6580, 38, 39, 0, 0, 0.14%, 8, 0, 9, 64.48
1734177607, 6585, 38, 39, 0, 0, 0.14%, 8, 0, 9, 69.74
1734177612, 6598, 38, 39, 0, 0, 0.14%, 8, 0, 9, 66.95
1734177622, 6608, 38, 39, 0, 0, 0.14%, 8, 0, 9, 65.14
1734177627, 6639, 38, 39, 0, 0, 0.14%, 8, 0, 9, 67.24
1734177632, 6651, 38, 39, 0, 0, 0.14%, 8, 0, 9, 65.44
1734177642, 6692, 38, 39, 0, 0, 0.14%, 8, 0, 9, 62.51
1734177647, 6823, 38, 39, 0, 0, 0.14%, 8, 0, 9, 70.78
1734177652, 6833, 38, 39, 0, 0, 0.14%, 8, 0, 9, 62.49
1734177662, 6834, 38, 39, 0, 0, 0.14%, 8, 0, 9, 65.87
1734177667, 6844, 38, 39, 0, 0, 0.14%, 8, 0, 9, 70.85
1734177672, 6852, 38, 39, 0, 0, 0.14%, 8, 0, 9, 68.85
1734177683, 6858, 38, 39, 0, 0, 0.14%, 8, 0, 9, 65.57
1734177688, 6903, 38, 39, 0, 0, 0.14%, 8, 0, 9, 65.95
1734177693, 6958, 38, 39, 0, 0, 0.14%, 8, 0, 9, 69.60
1734177698, 7055, 38, 39, 0, 0, 0.14%, 8, 0, 9, 62.76
1734177708, 7075, 38, 39, 0, 0, 0.14%, 8, 0, 9, 63.74
1734177713, 7076, 38, 39, 0, 0, 0.14%, 8, 0, 9, 69.96
1734177718, 7087, 38, 39, 0, 0, 0.14%, 8, 0, 9, 72.26
1734177728, 7088, 38, 39, 0, 0, 0.14%, 8, 0, 9, 63.53
1734177733, 7117, 38, 39, 0, 0, 0.14%, 8, 0, 9, 63.93
1734177738, 7205, 38, 39, 0, 0, 0.14%, 8, 0, 9, 62.98
1734177749, 7217, 38, 39, 0, 0, 0.14%, 8, 0, 9, 67.68
1734177754, 7263, 38, 39, 0, 0, 0.14%, 8, 0, 9, 67.94
1734177759, 7275, 38, 39, 0, 0, 0.14%, 8, 0, 9, 65.21
1734177769, 7367, 38, 39, 0, 0, 0.14%, 8, 0, 9, 66.11
1734177774, 7398, 38, 39, 0, 0, 0.14%, 8, 0, 9, 71.26
1734177779, 7409, 38, 39, 0, 0, 0.14%, 8, 0, 9, 68.03
1734177789, 7411, 38, 39, 0, 0, 0.14%, 8, 0, 9, 70.77
1734177794, 7412, 38, 39, 0, 0, 0.14%, 8, 0, 9, 68.96
1734177799, 7432, 38, 39, 0, 0, 0.14%, 8, 0, 9, 67.51
1734177809, 7437, 38, 39, 0, 0, 0.14%, 8, 0, 9, 66.78
1734177814, 7451, 38, 39, 0, 0, 0.14%, 8, 0, 9, 61.30
1734177819, 7461, 38, 39, 0, 0, 0.14%, 8, 0, 9, 62.64
1734177829, 7489, 38, 39, 0, 0, 0.14%, 8, 0, 9, 63.42
1734177834, 7511, 38, 39, 0, 0, 0.14%, 8, 0, 9, 67.50
1734177840, 7513, 38, 39, 0, 0, 0.14%, 8, 0, 9, 65.01
1734177850, 7534, 38, 39, 0, 0, 0.14%, 8, 0, 9, 64.86
1734177855, 7582, 38, 39, 0, 0, 0.14%, 8, 0, 9, 69.64
1734177860, 7608, 38, 39, 0, 0, 0.14%, 8, 0, 9, 72.15
1734177865, 7619, 38, 39, 0, 0, 0.14%, 8, 0, 9, 65.97
1734177875, 7626, 38, 39, 0, 0, 0.14%, 8, 0, 9, 62.01
1734177880, 7631, 38, 39, 0, 0, 0.14%, 8, 0, 9, 68.54
1734177885, 7641, 38, 39, 0, 0, 0.14%, 8, 0, 9, 67.78
1734177896, 7648, 38, 39, 0, 0, 0.14%, 8, 0, 9, 67.56
1734177901, 7676, 38, 39, 0, 0, 0.14%, 8, 0, 9, 69.85
1734177906, 12452, 0, 39, 0, 0, 0.14%, 8, 0, 9, 0.00
1734177911, 28652, 0, 39, 0, 0, 0.14%, 8, 0, 9, 0.00
1734177916, 44812, 0, 39, 0, 0, 0.14%, 8, 0, 9, 0.00
1734177922, 61041, 0, 39, 0, 0, 0.14%, 8, 0, 9, 0.00
1734177927, 77329, 0, 39, 0, 0, 0.14%, 8, 0, 9, 0.00
1734177932, 93505, 0, 39, 0, 0, 0.14%, 8, 0, 9, 0.00
1734177937, 109761, 0, 39, 0, 0, 0.14%, 8, 0, 9, 0.00
1734177942, 126024, 0, 39, 0, 0, 0.14%, 8, 0, 9, 0.00
1734177948, 142108, 0, 39, 0, 0, 0.14%, 8, 0, 9, 0.00
1734177953, 158268, 0, 39, 0, 0, 0.14%, 8, 0, 9, 0.00
1734177958, 174519, 0, 39, 0, 0, 0.14%, 8, 0, 9, 0.00
1734177963, 190733, 0, 39, 0, 0, 0.14%, 8, 0, 9, 0.00
1734177968, 206910, 0, 39, 0, 0, 0.14%, 8, 0, 9, 0.00
1734177974, 223133, 0, 39, 0, 0, 0.14%, 8, 0, 9, 0.00
1734177979, 239356, 0, 39, 0, 0, 0.14%, 8, 0, 9, 0.00
1734177984, 255549, 0, 39, 0, 0, 0.14%, 8, 0, 9, 0.00
1734177989, 271773, 0, 39, 0, 0, 0.14%, 8, 0, 9, 0.00
1734177994, 288041, 0, 39, 0, 0, 0.14%, 8, 0, 9, 0.00
1734178000, 304254, 0, 39, 0, 0, 0.14%, 8, 0, 9, 0.00
1734178005, 320334, 0, 39, 0, 0, 0.14%, 8, 0, 9, 0.00
1734178010, 336522, 0, 39, 0, 0, 0.14%, 8, 0, 9, 0.00
1734178015, 352740, 0, 39, 0, 0, 0.14%, 8, 0, 9, 0.00
1734178020, 368863, 0, 39, 0, 0, 0.14%, 8, 0, 9, 0.00
1734178026, 385080, 0, 39, 0, 0, 0.14%, 8, 0, 9, 0.00
1734178031, 400934, 0, 39, 0, 0, 0.14%, 8, 0, 9, 0.00
1734178036, 416986, 0, 39, 0, 0, 0.14%, 8, 0, 9, 0.00
1734178041, 433191, 0, 39, 0, 0, 0.14%, 8, 0, 9, 0.00
1734178046, 449328, 0, 39, 0, 0, 0.14%, 8, 0, 9, 0.00
1734178052, 465547, 0, 39, 0, 0, 0.14%, 8, 0, 9, 0.00
1734178057, 481739, 0, 39, 0, 0, 0.14%, 8, 0, 9, 0.00
1734178062, 497834, 0, 39, 0, 0, 0.14%, 8, 0, 9, 0.00
1734178067, 514130, 0, 39, 0, 0, 0.14%, 8, 0, 9, 0.00
1734178072, 530351, 0, 39, 0, 0, 0.14%, 8, 0, 9, 0.00
1734178078, 546525, 0, 39, 0, 0, 0.14%, 8, 0, 9, 0.00
1734178083, 562775, 0, 39, 0, 0, 0.14%, 8, 0, 9, 0.00
1734178088, 578943, 0, 39, 0, 0, 0.14%, 8, 0, 9, 0.00
1734178093, 595184, 0, 39, 0, 0, 0.14%, 8, 0, 9, 0.00
1734178098, 611385, 0, 39, 0, 0, 0.14%, 8, 0, 9, 0.00
1734178104, 627573, 0, 39, 0, 0, 0.14%, 8, 0, 9, 0.00
1734178109, 643730, 0, 39, 0, 0, 0.14%, 8, 0, 9, 0.00
1734178114, 659865, 0, 39, 0, 0, 0.14%, 8, 0, 9, 0.00
1734178119, 676110, 0, 39, 0, 0, 0.14%, 8, 0, 9, 0.00
1734178124, 692195, 0, 39, 0, 0, 0.14%, 8, 0, 9, 0.00
1734178130, 708377, 0, 39, 0, 0, 0.14%, 8, 0, 9, 0.00
1734178135, 724588, 0, 39, 0, 0, 0.14%, 8, 0, 9, 0.00
1734178140, 740807, 0, 39, 0, 0, 0.14%, 8, 0, 9, 0.00
1734178145, 756940, 0, 39, 0, 0, 0.14%, 8, 0, 9, 0.00
1734178150, 773205, 0, 39, 0, 0, 0.14%, 8, 0, 9, 0.00
1734178156, 789373, 0, 39, 0, 0, 0.14%, 8, 0, 9, 0.00
1734178161, 805571, 0, 39, 0, 0, 0.14%, 8, 0, 9, 0.00
1734178166, 821767, 0, 39, 0, 0, 0.14%, 8, 0, 9, 0.00
1734178171, 837866, 0, 39, 0, 0, 0.14%, 8, 0, 9, 0.00
1734178176, 854106, 0, 39, 0, 0, 0.14%, 8, 0, 9, 0.00
1734178182, 870299, 0, 39, 0, 0, 0.14%, 8, 0, 9, 0.00
1734178187, 886530, 0, 39, 0, 0, 0.14%, 8, 0, 9, 0.00
1734178192, 902664, 0, 39, 0, 0, 0.14%, 8, 0, 9, 0.00
1734178197, 918914, 0, 39, 0, 0, 0.14%, 8, 0, 9, 0.00
1734178202, 935178, 0, 39, 0, 0, 0.14%, 8, 0, 9, 0.00
1734178208, 951384, 0, 39, 0, 0, 0.14%, 8, 0, 9, 0.00
1734178213, 967586, 0, 39, 0, 0, 0.14%, 8, 0, 9, 0.00
1734178218, 983750, 0, 39, 0, 0, 0.14%, 8, 0, 9, 0.00
1734178223, 999923, 0, 39, 0, 0, 0.14%, 8, 0, 9, 0.00
1734178228, 1016139, 0, 39, 0, 0, 0.14%, 8, 0, 9, 0.00
1734178234, 1032354, 0, 39, 0, 0, 0.14%, 8, 0, 9, 0.00
1734178239, 1048479, 0, 39, 0, 0, 0.14%, 8, 0, 9, 0.00
1734178244, 1064708, 0, 39, 0, 0, 0.14%, 8, 0, 9, 0.00
1734178249, 1080832, 0, 39, 0, 0, 0.14%, 8, 0, 9, 0.00
1734178254, 1097028, 0, 39, 0, 0, 0.14%, 8, 0, 9, 0.00
1734178260, 1113240, 0, 39, 0, 0, 0.14%, 8, 0, 9, 0.00
1734178265, 1129436, 0, 39, 0, 0, 0.14%, 8, 0, 9, 0.00
1734178270, 1145679, 0, 39, 0, 0, 0.14%, 8, 0, 9, 0.00
1734178275, 1161892, 0, 39, 0, 0, 0.14%, 8, 0, 9, 0.00
1734178280, 1178103, 0, 39, 0, 0, 0.14%, 8, 0, 9, 0.00
1734178286, 1194346, 0, 39, 0, 0, 0.14%, 8, 0, 9, 0.00
1734178291, 1210564, 0, 39, 0, 0, 0.14%, 8, 0, 9, 0.00
1734178296, 1226730, 0, 39, 0, 0, 0.14%, 8, 0, 9, 0.00
1734178301, 1242915, 0, 39, 0, 0, 0.14%, 8, 0, 9, 0.00
1734178306, 1259150, 0, 39, 0, 0, 0.14%, 8, 0, 9, 0.00
1734178312, 1275350, 0, 39, 0, 0, 0.14%, 8, 0, 9, 0.00
1734178317, 1291530, 0, 39, 0, 0, 0.14%, 8, 0, 9, 0.00
1734178322, 1307675, 0, 39, 0, 0, 0.14%, 8, 0, 9, 0.00
1734178327, 1323795, 0, 39, 0, 0, 0.14%, 8, 0, 9, 0.00
1734178332, 1340001, 0, 39, 0, 0, 0.14%, 8, 0, 9, 0.00
1734178338, 1356197, 0, 39, 0, 0, 0.14%, 8, 0, 9, 0.00
1734178343, 1372444, 0, 39, 0, 0, 0.14%, 8, 0, 9, 0.00
1734178348, 1388630, 0, 39, 0, 0, 0.14%, 8, 0, 9, 0.00
1734178353, 1404879, 0, 39, 0, 0, 0.14%, 8, 0, 9, 0.00
1734178358, 1421128, 0, 39, 0, 0, 0.14%, 8, 0, 9, 0.00
1734178364, 1437368, 0, 39, 0, 0, 0.14%, 8, 0, 9, 0.00
1734178369, 1453614, 0, 39, 0, 0, 0.14%, 8, 0, 9, 0.00
1734178374, 1469844, 0, 39, 0, 0, 0.14%, 8, 0, 9, 0.00
1734178379, 1486022, 0, 39, 0, 0, 0.14%, 8, 0, 9, 0.00
1734178384, 1502219, 0, 39, 0, 0, 0.14%, 8, 0, 9, 0.00
1734178390, 1518415, 0, 39, 0, 0, 0.14%, 8, 0, 9, 0.00
1734178395, 1534562, 0, 39, 0, 0, 0.14%, 8, 0, 9, 0.00
1734178400, 1550804, 0, 39, 0, 0, 0.14%, 8, 0, 9, 0.00
1734178405, 1566962, 0, 39, 0, 0, 0.14%, 8, 0, 9, 0.00
1734178410, 1583107, 0, 39, 0, 0, 0.14%, 8, 0, 9, 0.00
1734178416, 1599324, 0, 39, 0, 0, 0.14%, 8, 0, 9, 0.00
1734178421, 1615535, 0, 39, 0, 0, 0.14%, 8, 0, 9, 0.00
1734178426, 1631792, 0, 39, 0, 0, 0.14%, 8, 0, 9, 0.00
1734178431, 1648033, 0, 39, 0, 0, 0.14%, 8, 0, 9, 0.00
1734178436, 1664242, 0, 39, 0, 0, 0.14%, 8, 0, 9, 0.00
1734178442, 1680450, 0, 39, 0, 0, 0.14%, 8, 0, 9, 0.00
1734178447, 1696665, 0, 39, 0, 0, 0.14%, 8, 0, 9, 0.00
1734178452, 1712913, 0, 39, 0, 0, 0.14%, 8, 0, 9, 0.00
1734178457, 1729089, 0, 39, 0, 0, 0.14%, 8, 0, 9, 0.00
1734178462, 1745333, 0, 39, 0, 0, 0.14%, 8, 0, 9, 0.00
1734178468, 1761469, 0, 39, 0, 0, 0.14%, 8, 0, 9, 0.00
1734178473, 1777605, 0, 39, 0, 0, 0.14%, 8, 0, 9, 0.00
1734178478, 1793823, 0, 39, 0, 0, 0.14%, 8, 0, 9, 0.00
1734178483, 1810029, 0, 39, 0, 0, 0.14%, 8, 0, 9, 0.00
1734178488, 1826152, 0, 39, 0, 0, 0.14%, 8, 0, 9, 0.00
1734178494, 1842395, 0, 39, 0, 0, 0.14%, 8, 0, 9, 0.00
1734178499, 1858530, 0, 39, 0, 0, 0.14%, 8, 0, 9, 0.00
1734178504, 1874720, 0, 39, 0, 0, 0.14%, 8, 0, 9, 0.00
1734178509, 1890903, 0, 39, 0, 0, 0.14%, 8, 0, 9, 0.00
1734178514, 1907052, 0, 39, 0, 0, 0.14%, 8, 0, 9, 0.00
1734178520, 1923264, 0, 39, 0, 0, 0.14%, 8, 0, 9, 0.00
1734178525, 1939460, 0, 39, 0, 0, 0.14%, 8, 0, 9, 0.00
1734178530, 1955624, 0, 39, 0, 0, 0.14%, 8, 0, 9, 0.00
1734178535, 1971775, 0, 39, 0, 0, 0.14%, 8, 0, 9, 0.00
1734178540, 1987924, 0, 39, 0, 0, 0.14%, 8, 0, 9, 0.00
1734178546, 2004156, 0, 39, 0, 0, 0.14%, 8, 0, 9, 0.00
1734178551, 2020302, 0, 39, 0, 0, 0.14%, 8, 0, 9, 0.00
1734178556, 2036570, 0, 39, 0, 0, 0.14%, 8, 0, 9, 0.00
1734178561, 2052776, 0, 39, 0, 0, 0.14%, 8, 0, 9, 0.00
1734178566, 2069004, 0, 39, 0, 0, 0.14%, 8, 0, 9, 0.00
1734178572, 2085194, 0, 39, 0, 0, 0.14%, 8, 0, 9, 0.00
1734178577, 2101366, 0, 39, 0, 0, 0.14%, 8, 0, 9, 0.00
1734178582, 2117585, 0, 39, 0, 0, 0.14%, 8, 0, 9, 0.00
1734178587, 2133811, 0, 39, 0, 0, 0.14%, 8, 0, 9, 0.00
1734178592, 2150055, 0, 39, 0, 0, 0.14%, 8, 0, 9, 0.00
1734178598, 2166151, 0, 39, 0, 0, 0.14%, 8, 0, 9, 0.00
1734178603, 2182313, 0, 39, 0, 0, 0.14%, 8, 0, 9, 0.00
1734178608, 2198537, 0, 39, 0, 0, 0.14%, 8, 0, 9, 0.00
1734178613, 2214694, 0, 39, 0, 0, 0.14%, 8, 0, 9, 0.00
1734178618, 2230891, 0, 39, 0, 0, 0.14%, 8, 0, 9, 0.00
1734178624, 2247070, 0, 39, 0, 0, 0.14%, 8, 0, 9, 0.00
1734178629, 2263258, 0, 39, 0, 0, 0.14%, 8, 0, 9, 0.00
1734178634, 2279487, 0, 39, 0, 0, 0.14%, 8, 0, 9, 0.00
1734178639, 2295744, 0, 39, 0, 0, 0.14%, 8, 0, 9, 0.00
1734178644, 2311895, 0, 39, 0, 0, 0.14%, 8, 0, 9, 0.00
1734178650, 2328073, 0, 39, 0, 0, 0.14%, 8, 0, 9, 0.00
1734178655, 2344329, 0, 39, 0, 0, 0.14%, 8, 0, 9, 0.00
1734178660, 2360508, 0, 39, 0, 0, 0.14%, 8, 0, 9, 0.00
1734178665, 2376716, 0, 39, 0, 0, 0.14%, 8, 0, 9, 0.00
1734178670, 2392975, 0, 39, 0, 0, 0.14%, 8, 0, 9, 0.00
1734178676, 2409191, 0, 39, 0, 0, 0.14%, 8, 0, 9, 0.00
1734178681, 2425380, 0, 39, 0, 0, 0.14%, 8, 0, 9, 0.00
1734178686, 2441671, 0, 39, 0, 0, 0.14%, 8, 0, 9, 0.00
1734178691, 2457899, 0, 39, 0, 0, 0.14%, 8, 0, 9, 0.00
1734178696, 2474139, 0, 39, 0, 0, 0.14%, 8, 0, 9, 0.00
1734178702, 2490363, 0, 39, 0, 0, 0.14%, 8, 0, 9, 0.00
1734178707, 2506538, 0, 39, 0, 0, 0.14%, 8, 0, 9, 0.00
1734178712, 2522755, 0, 39, 0, 0, 0.14%, 8, 0, 9, 0.00
1734178717, 2538972, 0, 39, 0, 0, 0.14%, 8, 0, 9, 0.00
1734178722, 2555166, 0, 39, 0, 0, 0.14%, 8, 0, 9, 0.00
1734178728, 2571422, 0, 39, 0, 0, 0.14%, 8, 0, 9, 0.00
1734178733, 2587598, 0, 39, 0, 0, 0.14%, 8, 0, 9, 0.00
1734178738, 2603794, 0, 39, 0, 0, 0.14%, 8, 0, 9, 0.00
1734178743, 2620042, 0, 39, 0, 0, 0.14%, 8, 0, 9, 0.00
1734178748, 2636142, 0, 39, 0, 0, 0.14%, 8, 0, 9, 0.00
1734178754, 2652221, 0, 39, 0, 0, 0.14%, 8, 0, 9, 0.00
1734178759, 2668385, 0, 39, 0, 0, 0.14%, 8, 0, 9, 0.00
1734178764, 2684583, 0, 39, 0, 0, 0.14%, 8, 0, 9, 0.00
1734178769, 2700806, 0, 39, 0, 0, 0.14%, 8, 0, 9, 0.00
1734178774, 2717029, 0, 39, 0, 0, 0.14%, 8, 0, 9, 0.00
1734178780, 2733202, 0, 39, 0, 0, 0.14%, 8, 0, 9, 0.00
1734178785, 2749382, 0, 39, 0, 0, 0.14%, 8, 0, 9, 0.00
1734178790, 2765574, 0, 39, 0, 0, 0.14%, 8, 0, 9, 0.00
1734178795, 2781779, 0, 39, 0, 0, 0.14%, 8, 0, 9, 0.00
1734178800, 2798023, 0, 39, 0, 0, 0.14%, 8, 0, 9, 0.00
1734178806, 2814197, 0, 39, 0, 0, 0.14%, 8, 0, 9, 0.00
1734178811, 2830402, 0, 39, 0, 0, 0.14%, 8, 0, 9, 0.00
1734178816, 2846672, 0, 39, 0, 0, 0.14%, 8, 0, 9, 0.00
1734178821, 2862851, 0, 39, 0, 0, 0.14%, 8, 0, 9, 0.00
1734178826, 2879064, 0, 39, 0, 0, 0.14%, 8, 0, 9, 0.00
1734178832, 2895280, 0, 39, 0, 0, 0.14%, 8, 0, 9, 0.00
1734178837, 2911482, 0, 39, 0, 0, 0.14%, 8, 0, 9, 0.00
1734178842, 2927678, 0, 39, 0, 0, 0.14%, 8, 0, 9, 0.00
1734178847, 2943857, 0, 39, 0, 0, 0.14%, 8, 0, 9, 0.00
1734178852, 2960032, 0, 39, 0, 0, 0.14%, 8, 0, 9, 0.00
1734178858, 2976239, 0, 39, 0, 0, 0.14%, 8, 0, 9, 0.00
1734178863, 2992407, 0, 39, 0, 0, 0.14%, 8, 0, 9, 0.00
1734178868, 3008524, 0, 39, 0, 0, 0.14%, 8, 0, 9, 0.00
1734178873, 3024707, 0, 39, 0, 0, 0.14%, 8, 0, 9, 0.00
1734178878, 3040892, 0, 39, 0, 0, 0.14%, 8, 0, 9, 0.00
1734178884, 3057104, 0, 39, 0, 0, 0.14%, 8, 0, 9, 0.00
1734178889, 3073262, 0, 39, 0, 0, 0.14%, 8, 0, 9, 0.00
1734178894, 3089541, 0, 39, 0, 0, 0.14%, 8, 0, 9, 0.00
1734178899, 3105770, 0, 39, 0, 0, 0.14%, 8, 0, 9, 0.00
1734178904, 3121953, 0, 39, 0, 0, 0.14%, 8, 0, 9, 0.00
1734178910, 3138158, 0, 39, 0, 0, 0.14%, 8, 0, 9, 0.00
1734178915, 3154419, 0, 39, 0, 0, 0.14%, 8, 0, 9, 0.00
1734178920, 3170597, 0, 39, 0, 0, 0.14%, 8, 0, 9, 0.00
1734178925, 3186711, 0, 39, 0, 0, 0.14%, 8, 0, 9, 0.00
1734178930, 3202961, 0, 39, 0, 0, 0.14%, 8, 0, 9, 0.00
1734178936, 3219244, 0, 39, 0, 0, 0.14%, 8, 0, 9, 0.00
1734178941, 3235529, 0, 39, 0, 0, 0.14%, 8, 0, 9, 0.00
1734178946, 3251740, 0, 39, 0, 0, 0.14%, 8, 0, 9, 0.00
1734178951, 3267952, 0, 39, 0, 0, 0.14%, 8, 0, 9, 0.00
1734178956, 3284219, 0, 39, 0, 0, 0.14%, 8, 0, 9, 0.00
1734178962, 3300441, 0, 39, 0, 0, 0.14%, 8, 0, 9, 0.00
1734178967, 3316624, 0, 39, 0, 0, 0.14%, 8, 0, 9, 0.00
1734178972, 3332860, 0, 39, 0, 0, 0.14%, 8, 0, 9, 0.00
1734178977, 3349039, 0, 39, 0, 0, 0.14%, 8, 0, 9, 0.00
1734178982, 3365186, 0, 39, 0, 0, 0.14%, 8, 0, 9, 0.00
1734178988, 3381381, 0, 39, 0, 0, 0.14%, 8, 0, 9, 0.00
1734178993, 3397621, 0, 39, 0, 0, 0.14%, 8, 0, 9, 0.00
1734178998, 3413901, 0, 39, 0, 0, 0.14%, 8, 0, 9, 0.00
1734179003, 3430101, 0, 39, 0, 0, 0.14%, 8, 0, 9, 0.00
1734179008, 3446380, 0, 39, 0, 0, 0.14%, 8, 0, 9, 0.00
1734179014, 3462603, 0, 39, 0, 0, 0.14%, 8, 0, 9, 0.00
1734179019, 3478840, 0, 39, 0, 0, 0.14%, 8, 0, 9, 0.00
1734179024, 3495013, 0, 39, 0, 0, 0.14%, 8, 0, 9, 0.00
1734179029, 3511166, 0, 39, 0, 0, 0.14%, 8, 0, 9, 0.00
1734179034, 3527461, 0, 39, 0, 0, 0.14%, 8, 0, 9, 0.00
1734179040, 3543641, 0, 39, 0, 0, 0.14%, 8, 0, 9, 0.00
1734179045, 3559847, 0, 39, 0, 0, 0.14%, 8, 0, 9, 0.00
1734179050, 3576082, 0, 39, 0, 0, 0.14%, 8, 0, 9, 0.00
1734179055, 3592291, 0, 39, 0, 0, 0.14%, 8, 0, 9, 0.00
1734179060, 3608508, 0, 39, 0, 0, 0.14%, 8, 0, 9, 0.00
1734179066, 3624759, 0, 39, 0, 0, 0.14%, 8, 0, 9, 0.00
1734179071, 3640991, 0, 39, 0, 0, 0.14%, 8, 0, 9, 0.00
1734179076, 3657127, 0, 39, 0, 0, 0.14%, 8, 0, 9, 0.00
1734179081, 3673372, 0, 39, 0, 0, 0.14%, 8, 0, 9, 0.00
1734179086, 3689597, 0, 39, 0, 0, 0.14%, 8, 0, 9, 0.00
1734179092, 3705853, 0, 39, 0, 0, 0.14%, 8, 0, 9, 0.00
1734179097, 3722107, 0, 39, 0, 0, 0.14%, 8, 0, 9, 0.00
1734179102, 3738269, 0, 39, 0, 0, 0.14%, 8, 0, 9, 0.00
1734179107, 3754448, 0, 39, 0, 0, 0.14%, 8, 0, 9, 0.00
1734179112, 3770614, 0, 39, 0, 0, 0.14%, 8, 0, 9, 0.00
1734179118, 3786848, 0, 39, 0, 0, 0.14%, 8, 0, 9, 0.00
1734179123, 3803132, 0, 39, 0, 0, 0.14%, 8, 0, 9, 0.00
1734179128, 3819378, 0, 39, 0, 0, 0.14%, 8, 0, 9, 0.00
1734179133, 3835554, 0, 39, 0, 0, 0.14%, 8, 0, 9, 0.00
1734179138, 3851690, 0, 39, 0, 0, 0.14%, 8, 0, 9, 0.00
1734179144, 3867871, 0, 39, 0, 0, 0.14%, 8, 0, 9, 0.00
1734179149, 3884064, 0, 39, 0, 0, 0.14%, 8, 0, 9, 0.00
1734179154, 3900312, 0, 39, 0, 0, 0.14%, 8, 0, 9, 0.00
1734179159, 3916510, 0, 39, 0, 0, 0.14%, 8, 0, 9, 0.00
1734179164, 3932784, 0, 39, 0, 0, 0.14%, 8, 0, 9, 0.00
1734179170, 3948956, 0, 39, 0, 0, 0.14%, 8, 0, 9, 0.00
1734179175, 3965170, 0, 39, 0, 0, 0.14%, 8, 0, 9, 0.00
1734179180, 3981312, 0, 39, 0, 0, 0.14%, 8, 0, 9, 0.00
1734179185, 3997515, 0, 39, 0, 0, 0.14%, 8, 0, 9, 0.00
1734179190, 4013672, 0, 39, 0, 0, 0.14%, 8, 0, 9, 0.00
1734179196, 4029775, 0, 39, 0, 0, 0.14%, 8, 0, 9, 0.00
1734179201, 4045926, 0, 39, 0, 0, 0.14%, 8, 0, 9, 0.00
1734179206, 4062126, 0, 39, 0, 0, 0.14%, 8, 0, 9, 0.00
1734179211, 4078272, 0, 39, 0, 0, 0.14%, 8, 0, 9, 0.00
1734179216, 4094431, 0, 39, 0, 0, 0.14%, 8, 0, 9, 0.00
1734179222, 4110621, 0, 39, 0, 0, 0.14%, 8, 0, 9, 0.00
1734179227, 4126848, 0, 39, 0, 0, 0.14%, 8, 0, 9, 0.00
1734179232, 4143091, 0, 39, 0, 0, 0.14%, 8, 0, 9, 0.00
1734179237, 4159310, 0, 39, 0, 0, 0.14%, 8, 0, 9, 0.00
1734179242, 4175530, 0, 39, 0, 0, 0.14%, 8, 0, 9, 0.00
1734179248, 4191791, 0, 39, 0, 0, 0.14%, 8, 0, 9, 0.00
1734179253, 4208014, 0, 39, 0, 0, 0.14%, 8, 0, 9, 0.00
1734179258, 4224171, 0, 39, 0, 0, 0.14%, 8, 0, 9, 0.00
1734179263, 4240400, 0, 39, 0, 0, 0.14%, 8, 0, 9, 0.00
1734179268, 4256561, 0, 39, 0, 0, 0.14%, 8, 0, 9, 0.00
1734179274, 4272748, 0, 39, 0, 0, 0.14%, 8, 0, 9, 0.00
1734179279, 4289062, 0, 39, 0, 0, 0.14%, 8, 0, 9, 0.00
1734179284, 4305229, 0, 39, 0, 0, 0.14%, 8, 0, 9, 0.00
1734179289, 4321454, 0, 39, 0, 0, 0.14%, 8, 0, 9, 0.00
1734179294, 4337546, 0, 39, 0, 0, 0.14%, 8, 0, 9, 0.00
1734179300, 4353760, 0, 39, 0, 0, 0.14%, 8, 0, 9, 0.00
1734179305, 4369953, 0, 39, 0, 0, 0.14%, 8, 0, 9, 0.00
1734179310, 4386210, 0, 39, 0, 0, 0.14%, 8, 0, 9, 0.00
1734179315, 4402436, 0, 39, 0, 0, 0.14%, 8, 0, 9, 0.00
1734179320, 4418607, 0, 39, 0, 0, 0.14%, 8, 0, 9, 0.00
1734179326, 4434804, 0, 39, 0, 0, 0.14%, 8, 0, 9, 0.00
1734179331, 4451010, 0, 39, 0, 0, 0.14%, 8, 0, 9, 0.00
1734179336, 4467180, 0, 39, 0, 0, 0.14%, 8, 0, 9, 0.00
1734179341, 4483398, 0, 39, 0, 0, 0.14%, 8, 0, 9, 0.00
1734179346, 4499629, 0, 39, 0, 0, 0.14%, 8, 0, 9, 0.00
1734179352, 4515842, 0, 39, 0, 0, 0.14%, 8, 0, 9, 0.00
1734179357, 4532029, 0, 39, 0, 0, 0.14%, 8, 0, 9, 0.00
1734179362, 4548191, 0, 39, 0, 0, 0.14%, 8, 0, 9, 0.00
1734179367, 4564360, 0, 39, 0, 0, 0.14%, 8, 0, 9, 0.00
1734179372, 4580496, 0, 39, 0, 0, 0.14%, 8, 0, 9, 0.00
1734179378, 4596693, 0, 39, 0, 0, 0.14%, 8, 0, 9, 0.00
1734179383, 4612873, 0, 39, 0, 0, 0.14%, 8, 0, 9, 0.00
1734179388, 4629044, 0, 39, 0, 0, 0.14%, 8, 0, 9, 0.00
1734179393, 4645169, 0, 39, 0, 0, 0.14%, 8, 0, 9, 0.00
1734179398, 4661356, 0, 39, 0, 0, 0.14%, 8, 0, 9, 0.00
1734179404, 4677502, 0, 39, 0, 0, 0.14%, 8, 0, 9, 0.00
1734179409, 4693756, 0, 39, 0, 0, 0.14%, 8, 0, 9, 0.00
1734179414, 4709946, 0, 39, 0, 0, 0.14%, 8, 0, 9, 0.00
1734179419, 4726174, 0, 39, 0, 0, 0.14%, 8, 0, 9, 0.00
1734179424, 4742364, 0, 39, 0, 0, 0.14%, 8, 0, 9, 0.00
1734179430, 4758557, 0, 39, 0, 0, 0.14%, 8, 0, 9, 0.00
1734179435, 4774750, 0, 39, 0, 0, 0.14%, 8, 0, 9, 0.00
1734179440, 4790938, 0, 39, 0, 0, 0.14%, 8, 0, 9, 0.00
1734179445, 4807047, 0, 39, 0, 0, 0.14%, 8, 0, 9, 0.00
1734179450, 4823195, 0, 39, 0, 0, 0.14%, 8, 0, 9, 0.00
1734179456, 4839363, 0, 39, 0, 0, 0.14%, 8, 0, 9, 0.00
1734179461, 4855520, 0, 39, 0, 0, 0.14%, 8, 0, 9, 0.00
1734179466, 4871835, 0, 39, 0, 0, 0.14%, 8, 0, 9, 0.00
1734179471, 4888106, 0, 39, 0, 0, 0.14%, 8, 0, 9, 0.00
1734179476, 4904310, 0, 39, 0, 0, 0.14%, 8, 0, 9, 0.00
1734179482, 4920442, 0, 39, 0, 0, 0.14%, 8, 0, 9, 0.00
1734179487, 4936644, 0, 39, 0, 0, 0.14%, 8, 0, 9, 0.00
1734179492, 4952780, 0, 39, 0, 0, 0.14%, 8, 0, 9, 0.00
1734179497, 4968943, 0, 39, 0, 0, 0.14%, 8, 0, 9, 0.00
1734179502, 4985169, 0, 39, 0, 0, 0.14%, 8, 0, 9, 0.00
1734179508, 5001348, 0, 39, 0, 0, 0.14%, 8, 0, 9, 0.00
1734179513, 5017575, 0, 39, 0, 0, 0.14%, 8, 0, 9, 0.00
1734179518, 5033792, 0, 39, 0, 0, 0.14%, 8, 0, 9, 0.00
1734179523, 5049994, 0, 39, 0, 0, 0.14%, 8, 0, 9, 0.00
1734179528, 5066242, 0, 39, 0, 0, 0.14%, 8, 0, 9, 0.00
1734179534, 5082427, 0, 39, 0, 0, 0.14%, 8, 0, 9, 0.00
1734179539, 5098524, 0, 39, 0, 0, 0.14%, 8, 0, 9, 0.00
1734179544, 5114703, 0, 39, 0, 0, 0.14%, 8, 0, 9, 0.00
1734179549, 5130879, 0, 39, 0, 0, 0.14%, 8, 0, 9, 0.00
1734179554, 5147116, 0, 39, 0, 0, 0.14%, 8, 0, 9, 0.00
1734179560, 5163231, 0, 39, 0, 0, 0.14%, 8, 0, 9, 0.00
1734179565, 5179413, 0, 39, 0, 0, 0.14%, 8, 0, 9, 0.00
1734179570, 5195579, 0, 39, 0, 0, 0.14%, 8, 0, 9, 0.00
1734179575, 5211776, 0, 39, 0, 0, 0.14%, 8, 0, 9, 0.00
1734179580, 5227935, 0, 39, 0, 0, 0.14%, 8, 0, 9, 0.00
1734179586, 5244084, 0, 39, 0, 0, 0.14%, 8, 0, 9, 0.00
1734179591, 5260309, 0, 39, 0, 0, 0.14%, 8, 0, 9, 0.00
1734179596, 5276442, 0, 39, 0, 0, 0.14%, 8, 0, 9, 0.00
1734179601, 5292630, 0, 39, 0, 0, 0.14%, 8, 0, 9, 0.00
1734179606, 5308807, 0, 39, 0, 0, 0.14%, 8, 0, 9, 0.00
1734179612, 5324982, 0, 39, 0, 0, 0.14%, 8, 0, 9, 0.00
1734179617, 5341196, 0, 39, 0, 0, 0.14%, 8, 0, 9, 0.00
1734179622, 5357386, 0, 39, 0, 0, 0.14%, 8, 0, 9, 0.00
1734179627, 5373634, 0, 39, 0, 0, 0.14%, 8, 0, 9, 0.00
1734179632, 5389827, 0, 39, 0, 0, 0.14%, 8, 0, 9, 0.00
1734179638, 5405978, 0, 39, 0, 0, 0.14%, 8, 0, 9, 0.00
1734179643, 5422117, 0, 39, 0, 0, 0.14%, 8, 0, 9, 0.00
1734179648, 5438334, 0, 39, 0, 0, 0.14%, 8, 0, 9, 0.00
1734179653, 5454554, 0, 39, 0, 0, 0.14%, 8, 0, 9, 0.00
1734179658, 5470713, 0, 39, 0, 0, 0.14%, 8, 0, 9, 0.00
1734179664, 5486941, 0, 39, 0, 0, 0.14%, 8, 0, 9, 0.00
1734179669, 5503179, 0, 39, 0, 0, 0.14%, 8, 0, 9, 0.00
1734179674, 5519469, 0, 39, 0, 0, 0.14%, 8, 0, 9, 0.00
1734179679, 5535706, 0, 39, 0, 0, 0.14%, 8, 0, 9, 0.00
1734179684, 5551905, 0, 39, 0, 0, 0.14%, 8, 0, 9, 0.00
1734179690, 5568089, 0, 39, 0, 0, 0.14%, 8, 0, 9, 0.00
1734179695, 5584314, 0, 39, 0, 0, 0.14%, 8, 0, 9, 0.00
1734179700, 5600509, 0, 39, 0, 0, 0.14%, 8, 0, 9, 0.00
1734179705, 5616651, 0, 39, 0, 0, 0.14%, 8, 0, 9, 0.00
1734179710, 5632722, 0, 39, 0, 0, 0.14%, 8, 0, 9, 0.00
1734179716, 5648989, 0, 39, 0, 0, 0.14%, 8, 0, 9, 0.00
1734179721, 5665204, 0, 39, 0, 0, 0.14%, 8, 0, 9, 0.00
1734179726, 5681414, 0, 39, 0, 0, 0.14%, 8, 0, 9, 0.00
1734179731, 5697655, 0, 39, 0, 0, 0.14%, 8, 0, 9, 0.00
1734179736, 5713849, 0, 39, 0, 0, 0.14%, 8, 0, 9, 0.00
1734179742, 5730067, 0, 39, 0, 0, 0.14%, 8, 0, 9, 0.00
1734179747, 5746268, 0, 39, 0, 0, 0.14%, 8, 0, 9, 0.00
1734179752, 5762473, 0, 39, 0, 0, 0.14%, 8, 0, 9, 0.00
1734179757, 5778661, 0, 39, 0, 0, 0.14%, 8, 0, 9, 0.00
1734179762, 5794890, 0, 39, 0, 0, 0.14%, 8, 0, 9, 0.00
1734179768, 5811096, 0, 39, 0, 0, 0.14%, 8, 0, 9, 0.00
1734179773, 5827298, 0, 39, 0, 0, 0.14%, 8, 0, 9, 0.00
1734179778, 5843600, 0, 39, 0, 0, 0.14%, 8, 0, 9, 0.00
1734179783, 5859850, 0, 39, 0, 0, 0.14%, 8, 0, 9, 0.00
1734179788, 5876138, 0, 39, 0, 0, 0.14%, 8, 0, 9, 0.00
1734179794, 5892337, 0, 39, 0, 0, 0.14%, 8, 0, 9, 0.00
1734179799, 5908532, 0, 39, 0, 0, 0.14%, 8, 0, 9, 0.00
1734179804, 5924739, 0, 39, 0, 0, 0.14%, 8, 0, 9, 0.00
1734179809, 5940933, 0, 39, 0, 0, 0.14%, 8, 0, 9, 0.00
1734179814, 5957194, 0, 39, 0, 0, 0.14%, 8, 0, 9, 0.00
1734179820, 5973417, 0, 39, 0, 0, 0.14%, 8, 0, 9, 0.00
1734179825, 5989597, 0, 39, 0, 0, 0.14%, 8, 0, 9, 0.00
1734179830, 6005773, 0, 39, 0, 0, 0.14%, 8, 0, 9, 0.00
1734179835, 6021968, 0, 39, 0, 0, 0.14%, 8, 0, 9, 0.00
1734179840, 6038143, 0, 39, 0, 0, 0.14%, 8, 0, 9, 0.00
1734179846, 6054367, 0, 39, 0, 0, 0.14%, 8, 0, 9, 0.00
1734179851, 6070521, 0, 39, 0, 0, 0.14%, 8, 0, 9, 0.00
1734179856, 6086693, 0, 39, 0, 0, 0.14%, 8, 0, 9, 0.00
1734179861, 6102973, 0, 39, 0, 0, 0.14%, 8, 0, 9, 0.00
1734179866, 6119097, 0, 39, 0, 0, 0.14%, 8, 0, 9, 0.00
1734179872, 6135244, 0, 39, 0, 0, 0.14%, 8, 0, 9, 0.00
1734179877, 6151464, 0, 39, 0, 0, 0.14%, 8, 0, 9, 0.00
1734179882, 6167597, 0, 39, 0, 0, 0.14%, 8, 0, 9, 0.00
1734179887, 6183713, 0, 39, 0, 0, 0.14%, 8, 0, 9, 0.00
1734179892, 6199960, 0, 39, 0, 0, 0.14%, 8, 0, 9, 0.00
1734179898, 6216126, 0, 39, 0, 0, 0.14%, 8, 0, 9, 0.00
1734179903, 6232268, 0, 39, 0, 0, 0.14%, 8, 0, 9, 0.00
1734179908, 6248492, 0, 39, 0, 0, 0.14%, 8, 0, 9, 0.00
1734179913, 6264666, 0, 39, 0, 0, 0.14%, 8, 0, 9, 0.00
1734179918, 6280819, 0, 39, 0, 0, 0.14%, 8, 0, 9, 0.00
1734179924, 6297054, 0, 39, 0, 0, 0.14%, 8, 0, 9, 0.00
1734179929, 6313246, 0, 39, 0, 0, 0.14%, 8, 0, 9, 0.00
1734179934, 6329473, 0, 39, 0, 0, 0.14%, 8, 0, 9, 0.00
1734179939, 6345667, 0, 39, 0, 0, 0.14%, 8, 0, 9, 0.00
1734179944, 6361961, 0, 39, 0, 0, 0.14%, 8, 0, 9, 0.00
1734179950, 6378113, 0, 39, 0, 0, 0.14%, 8, 0, 9, 0.00
1734179955, 6394266, 0, 39, 0, 0, 0.14%, 8, 0, 9, 0.00
1734179960, 6410538, 0, 39, 0, 0, 0.14%, 8, 0, 9, 0.00
1734179965, 6426737, 0, 39, 0, 0, 0.14%, 8, 0, 9, 0.00
1734179970, 6442864, 0, 39, 0, 0, 0.14%, 8, 0, 9, 0.00
1734179976, 6459049, 0, 39, 0, 0, 0.14%, 8, 0, 9, 0.00
1734179981, 6475208, 0, 39, 0, 0, 0.14%, 8, 0, 9, 0.00
1734179986, 6491363, 0, 39, 0, 0, 0.14%, 8, 0, 9, 0.00
1734179991, 6507525, 0, 39, 0, 0, 0.14%, 8, 0, 9, 0.00
1734179996, 6523663, 0, 39, 0, 0, 0.14%, 8, 0, 9, 0.00
1734180002, 6539872, 0, 39, 0, 0, 0.14%, 8, 0, 9, 0.00
1734180007, 6556086, 0, 39, 0, 0, 0.14%, 8, 0, 9, 0.00
1734180012, 6572250, 0, 39, 0, 0, 0.14%, 8, 0, 9, 0.00
1734180017, 6588439, 0, 39, 0, 0, 0.14%, 8, 0, 9, 0.00
1734180022, 6604643, 0, 39, 0, 0, 0.14%, 8, 0, 9, 0.00
1734180028, 6620812, 0, 39, 0, 0, 0.14%, 8, 0, 9, 0.00
1734180033, 6637005, 0, 39, 0, 0, 0.14%, 8, 0, 9, 0.00
1734180038, 6653209, 0, 39, 0, 0, 0.14%, 8, 0, 9, 0.00
1734180043, 6669453, 0, 39, 0, 0, 0.14%, 8, 0, 9, 0.00
1734180048, 6685663, 0, 39, 0, 0, 0.14%, 8, 0, 9, 0.00
1734180054, 6701886, 0, 39, 0, 0, 0.14%, 8, 0, 9, 0.00
1734180059, 6718031, 0, 39, 0, 0, 0.14%, 8, 0, 9, 0.00
1734180064, 6734251, 0, 39, 0, 0, 0.14%, 8, 0, 9, 0.00
