# unix_time, cycles_done, cur_path, paths_total, pending_total, pending_favs, map_size, unique_crashes, unique_hangs, max_depth, execs_per_sec
1735406877, 0, 0, 10, 10, 1, 0.01%, 0, 0, 1, 38.31
1735406882, 0, 3, 10, 10, 1, 0.01%, 0, 0, 1, 37.65
1735406897, 1, 0, 10, 3, 0, 0.01%, 0, 0, 1, 44.75
1735406902, 1, 1, 10, 2, 0, 0.01%, 0, 0, 1, 47.25
1735406907, 1, 2, 10, 1, 0, 0.01%, 0, 0, 1, 44.62
1735406912, 1, 3, 10, 0, 0, 0.01%, 0, 0, 1, 46.04
1735406923, 1, 4, 10, 0, 0, 0.01%, 0, 0, 1, 48.73
1735406928, 1, 5, 10, 0, 0, 0.01%, 0, 0, 1, 46.70
1735406933, 1, 6, 10, 0, 0, 0.01%, 0, 0, 1, 46.99
1735406938, 1, 7, 10, 0, 0, 0.01%, 0, 0, 1, 43.83
1735406943, 1, 8, 10, 0, 0, 0.01%, 0, 0, 1, 46.79
1735406948, 1, 9, 10, 0, 0, 0.01%, 0, 0, 1, 47.45
1735406953, 2, 0, 10, 0, 0, 0.01%, 0, 0, 1, 43.44
1735406958, 2, 1, 10, 0, 0, 0.01%, 0, 0, 1, 43.98
1735406963, 2, 2, 10, 0, 0, 0.01%, 0, 0, 1, 44.86
1735406968, 2, 3, 10, 0, 0, 0.01%, 0, 0, 1, 46.50
1735406979, 2, 4, 10, 0, 0, 0.01%, 0, 0, 1, 45.88
1735406984, 2, 5, 10, 0, 0, 0.01%, 0, 0, 1, 44.30
1735406989, 2, 6, 10, 0, 0, 0.01%, 0, 0, 1, 45.94
1735406994, 2, 7, 10, 0, 0, 0.01%, 0, 0, 1, 45.73
1735406999, 2, 8, 10, 0, 0, 0.01%, 0, 0, 1, 44.24
1735407004, 2, 9, 10, 0, 0, 0.01%, 0, 0, 1, 46.46
1735407009, 3, 0, 10, 0, 0, 0.01%, 0, 0, 1, 46.07
1735407014, 3, 1, 10, 0, 0, 0.01%, 0, 0, 1, 46.36
1735407019, 3, 2, 10, 0, 0, 0.01%, 0, 0, 1, 47.38
1735407024, 3, 3, 10, 0, 0, 0.01%, 0, 0, 1, 45.57
1735407029, 3, 4, 10, 0, 0, 0.01%, 0, 0, 1, 47.00
1735407040, 3, 5, 10, 0, 0, 0.01%, 0, 0, 1, 45.79
1735407045, 3, 6, 10, 0, 0, 0.01%, 0, 0, 1, 45.01
1735407050, 3, 7, 10, 0, 0, 0.01%, 0, 0, 1, 45.92
1735407055, 3, 8, 10, 0, 0, 0.01%, 0, 0, 1, 43.94
1735407060, 3, 9, 10, 0, 0, 0.01%, 0, 0, 1, 43.48
1735407065, 4, 0, 10, 0, 0, 0.01%, 0, 0, 1, 46.37
1735407070, 4, 1, 10, 0, 0, 0.01%, 0, 0, 1, 46.47
1735407075, 4, 2, 10, 0, 0, 0.01%, 0, 0, 1, 47.24
1735407080, 4, 3, 10, 0, 0, 0.01%, 0, 0, 1, 44.05
1735407085, 4, 4, 10, 0, 0, 0.01%, 0, 0, 1, 46.66
1735407096, 4, 5, 10, 0, 0, 0.01%, 0, 0, 1, 45.66
1735407101, 4, 6, 10, 0, 0, 0.01%, 0, 0, 1, 47.30
1735407106, 4, 7, 10, 0, 0, 0.01%, 0, 0, 1, 46.66
1735407111, 4, 8, 10, 0, 0, 0.01%, 0, 0, 1, 44.32
1735407116, 4, 9, 10, 0, 0, 0.01%, 0, 0, 1, 47.03
1735407121, 5, 0, 10, 0, 0, 0.01%, 0, 0, 1, 43.71
1735407126, 5, 1, 10, 0, 0, 0.01%, 0, 0, 1, 44.22
1735407131, 5, 2, 10, 0, 0, 0.01%, 0, 0, 1, 44.88
1735407136, 5, 3, 10, 0, 0, 0.01%, 0, 0, 1, 46.31
1735407146, 5, 4, 10, 0, 0, 0.01%, 0, 0, 1, 45.90
1735407151, 5, 5, 10, 0, 0, 0.01%, 0, 0, 1, 46.66
1735407156, 5, 6, 10, 0, 0, 0.01%, 0, 0, 1, 48.32
1735407161, 5, 7, 10, 0, 0, 0.01%, 0, 0, 1, 46.30
1735407167, 5, 8, 10, 0, 0, 0.01%, 0, 0, 1, 45.70
1735407172, 5, 9, 10, 0, 0, 0.01%, 0, 0, 1, 43.83
1735407177, 6, 0, 10, 0, 0, 0.01%, 0, 0, 1, 48.52
1735407182, 6, 1, 10, 0, 0, 0.01%, 0, 0, 1, 48.36
1735407187, 6, 2, 10, 0, 0, 0.01%, 0, 0, 1, 47.29
1735407192, 6, 3, 10, 0, 0, 0.01%, 0, 0, 1, 45.49
1735407197, 6, 3, 11, 1, 0, 0.14%, 1, 0, 2, 44.92
1735407202, 6, 10, 11, 1, 1, 0.14%, 1, 0, 2, 54.97
1735407278, 11, 10, 11, 0, 0, 0.14%, 1, 0, 2, 47.06
1735407288, 12, 10, 11, 0, 0, 0.14%, 1, 0, 2, 45.18
1735407309, 13, 10, 11, 0, 0, 0.14%, 1, 0, 2, 44.75
1735407339, 14, 10, 12, 1, 0, 0.14%, 2, 0, 3, 49.64
1735407395, 14, 10, 13, 2, 0, 0.14%, 2, 0, 3, 52.11
1735407405, 15, 12, 13, 1, 0, 0.14%, 2, 0, 3, 63.22
1735407410, 15, 12, 14, 2, 0, 0.14%, 3, 0, 4, 61.14
1735407415, 15, 12, 15, 3, 0, 0.14%, 4, 0, 4, 85.92
1735407435, 15, 12, 16, 4, 0, 0.14%, 4, 0, 4, 52.66
1735407440, 15, 12, 17, 5, 0, 0.14%, 4, 0, 4, 53.71
1735407456, 15, 12, 18, 6, 0, 0.14%, 4, 0, 4, 56.34
1735407517, 15, 12, 20, 8, 0, 0.14%, 4, 0, 4, 52.77
1735407527, 16, 13, 20, 6, 0, 0.14%, 4, 0, 4, 60.17
1735407532, 16, 13, 21, 7, 0, 0.14%, 4, 0, 5, 85.84
1735407593, 16, 13, 22, 8, 0, 0.14%, 4, 0, 5, 54.51
1735407603, 16, 20, 22, 8, 2, 0.14%, 4, 0, 5, 90.32
1735407614, 16, 20, 23, 9, 2, 0.14%, 5, 0, 6, 77.26
1735407624, 16, 20, 24, 10, 2, 0.14%, 5, 0, 6, 60.00
1735407639, 16, 20, 25, 11, 2, 0.14%, 5, 0, 6, 56.53
1735407675, 16, 20, 26, 12, 2, 0.14%, 5, 0, 6, 59.75
1735407695, 16, 20, 27, 13, 2, 0.14%, 5, 0, 6, 60.61
1735407700, 16, 20, 29, 15, 2, 0.14%, 5, 0, 6, 59.54
1735407705, 16, 20, 30, 16, 2, 0.14%, 6, 0, 6, 55.82
1735407720, 16, 24, 30, 15, 2, 0.14%, 6, 0, 6, 53.70
1735407791, 16, 24, 31, 16, 2, 0.14%, 6, 0, 7, 51.82
1735407796, 17, 18, 31, 12, 0, 0.14%, 6, 0, 7, 49.50
1735407801, 17, 30, 31, 11, 0, 0.14%, 6, 0, 7, 84.78
1735407892, 18, 15, 31, 9, 0, 0.14%, 6, 0, 7, 94.62
1735407979, 18, 27, 31, 6, 0, 0.14%, 6, 0, 7, 51.11
1735407984, 19, 26, 31, 5, 0, 0.14%, 6, 0, 7, 58.12
1735408467, 19, 26, 32, 6, 0, 0.14%, 6, 0, 7, 103.71
1735408472, 19, 26, 33, 7, 0, 0.14%, 6, 0, 7, 94.62
1735408493, 19, 26, 34, 8, 0, 0.14%, 7, 0, 7, 84.09
1735408544, 19, 33, 34, 6, 1, 0.14%, 7, 0, 7, 41.65
1735409163, 21, 31, 34, 5, 0, 0.14%, 7, 0, 7, 48.63
1735409168, 22, 15, 34, 4, 0, 0.14%, 7, 0, 7, 41.09
1735409183, 22, 29, 34, 3, 0, 0.14%, 7, 0, 7, 50.36
1735409880, 23, 15, 34, 2, 0, 0.14%, 7, 0, 7, 59.55
1735409895, 23, 32, 34, 2, 0, 0.14%, 7, 0, 7, 65.79
1735409941, 23, 32, 35, 3, 0, 0.14%, 7, 0, 8, 66.81
1735409951, 23, 34, 35, 3, 1, 0.14%, 7, 0, 8, 96.63
1735410058, 25, 25, 35, 1, 0, 0.14%, 7, 0, 8, 69.48
1735410088, 26, 22, 35, 1, 0, 0.14%, 7, 0, 8, 54.99
1735410099, 26, 25, 35, 0, 0, 0.14%, 7, 0, 8, 48.05
1735410104, 27, 25, 35, 0, 0, 0.14%, 7, 0, 8, 60.47
1735410119, 28, 25, 35, 0, 0, 0.14%, 7, 0, 8, 61.00
1735410155, 29, 25, 35, 0, 0, 0.14%, 7, 0, 8, 57.65
1735410195, 29, 34, 35, 0, 0, 0.14%, 7, 0, 8, 70.27
1735410216, 30, 25, 35, 0, 0, 0.14%, 7, 0, 8, 61.83
1735410251, 30, 34, 35, 0, 0, 0.14%, 7, 0, 8, 64.77
1735410276, 31, 25, 35, 0, 0, 0.14%, 7, 0, 8, 59.24
1735410312, 31, 34, 35, 0, 0, 0.14%, 7, 0, 8, 62.92
1735410322, 31, 34, 36, 1, 0, 0.14%, 7, 0, 9, 67.35
1735410352, 31, 35, 36, 1, 1, 0.14%, 7, 0, 9, 55.77
1735410358, 32, 25, 36, 0, 0, 0.14%, 7, 0, 9, 50.89
1735410398, 33, 25, 36, 0, 0, 0.14%, 7, 0, 9, 61.15
1735410438, 34, 16, 36, 0, 0, 0.14%, 7, 0, 9, 70.73
1735410484, 36, 35, 36, 0, 0, 0.14%, 7, 0, 9, 82.94
1735410892, 36, 35, 37, 1, 0, 0.14%, 7, 0, 10, 80.36
1735410902, 36, 35, 38, 2, 0, 0.14%, 7, 0, 10, 84.90
1735410988, 36, 37, 38, 2, 1, 0.14%, 7, 0, 10, 73.05
1735411314, 39, 36, 38, 0, 0, 0.14%, 7, 0, 10, 104.96
1735411629, 44, 24, 38, 0, 0, 0.14%, 7, 0, 10, 68.03
1735411654, 48, 36, 38, 0, 0, 0.14%, 7, 0, 10, 72.54
1735411664, 49, 36, 38, 0, 0, 0.14%, 7, 0, 10, 75.85
1735411690, 50, 36, 38, 0, 0, 0.14%, 7, 0, 10, 80.08
1735411720, 51, 36, 38, 0, 0, 0.14%, 7, 0, 10, 64.11
1735411756, 52, 36, 38, 0, 0, 0.14%, 7, 0, 10, 82.78
1735411786, 53, 36, 38, 0, 0, 0.14%, 7, 0, 10, 72.61
1735411817, 59, 15, 38, 0, 0, 0.14%, 7, 0, 10, 70.45
1735411842, 60, 10, 38, 0, 0, 0.14%, 7, 0, 10, 62.13
1735411857, 63, 15, 38, 0, 0, 0.14%, 7, 0, 10, 76.84
1735411888, 64, 10, 38, 0, 0, 0.14%, 7, 0, 10, 67.44
1735411908, 68, 15, 38, 0, 0, 0.14%, 7, 0, 10, 72.62
1735411939, 80, 17, 38, 0, 0, 0.14%, 7, 0, 10, 74.94
1735411969, 80, 33, 38, 0, 0, 0.14%, 7, 0, 10, 74.43
1735411974, 83, 23, 38, 0, 0, 0.14%, 7, 0, 10, 82.52
1735412005, 83, 24, 38, 0, 0, 0.14%, 7, 0, 10, 63.20
1735412010, 83, 33, 38, 0, 0, 0.14%, 7, 0, 10, 81.65
1735412020, 84, 24, 38, 0, 0, 0.14%, 7, 0, 10, 69.65
1735412041, 86, 10, 38, 0, 0, 0.14%, 7, 0, 10, 66.26
1735412076, 86, 34, 38, 0, 0, 0.14%, 7, 0, 10, 70.71
1735412086, 88, 15, 38, 0, 0, 0.14%, 7, 0, 10, 66.53
1735412122, 92, 24, 38, 0, 0, 0.14%, 7, 0, 10, 71.38
1735412157, 95, 15, 38, 0, 0, 0.14%, 7, 0, 10, 75.13
1735412188, 102, 15, 38, 0, 0, 0.14%, 7, 0, 10, 60.55
1735412223, 102, 32, 38, 0, 0, 0.14%, 7, 0, 10, 65.52
1735412228, 104, 17, 38, 0, 0, 0.14%, 7, 0, 10, 69.60
1735412238, 116, 32, 38, 0, 0, 0.14%, 7, 0, 10, 65.50
1735412248, 117, 15, 38, 0, 0, 0.14%, 7, 0, 10, 69.26
1735412284, 117, 20, 38, 0, 0, 0.14%, 7, 0, 10, 63.82
1735412289, 123, 20, 38, 0, 0, 0.14%, 7, 0, 10, 63.99
1735412310, 125, 32, 38, 0, 0, 0.14%, 7, 0, 10, 65.00
1735412345, 128, 15, 38, 0, 0, 0.14%, 7, 0, 10, 71.16
1735412375, 129, 34, 38, 0, 0, 0.14%, 7, 0, 10, 73.55
1735412401, 132, 17, 38, 0, 0, 0.14%, 7, 0, 10, 74.82
1735412411, 133, 20, 38, 0, 0, 0.14%, 7, 0, 10, 66.70
1735412441, 133, 24, 38, 0, 0, 0.14%, 7, 0, 10, 64.71
1735412482, 134, 10, 38, 0, 0, 0.14%, 7, 0, 10, 60.38
1735412518, 134, 24, 38, 0, 0, 0.14%, 7, 0, 10, 64.72
1735412553, 137, 34, 38, 0, 0, 0.14%, 7, 0, 10, 75.19
1735412584, 139, 17, 38, 0, 0, 0.14%, 7, 0, 10, 70.12
1735412609, 140, 15, 38, 0, 0, 0.14%, 7, 0, 10, 71.53
1735412640, 140, 28, 38, 0, 0, 0.14%, 7, 0, 10, 82.07
1735412701, 143, 32, 38, 0, 0, 0.14%, 7, 0, 10, 67.91
1735412732, 143, 33, 38, 0, 0, 0.14%, 7, 0, 10, 91.92
1735412758, 146, 11, 38, 0, 0, 0.14%, 7, 0, 10, 65.21
1735412768, 148, 16, 38, 0, 0, 0.14%, 7, 0, 10, 64.97
1735412773, 148, 20, 38, 0, 0, 0.14%, 7, 0, 10, 63.21
1735412808, 148, 33, 38, 0, 0, 0.14%, 7, 0, 10, 79.22
1735412839, 149, 11, 38, 0, 0, 0.14%, 7, 0, 10, 71.77
1735412844, 153, 11, 38, 0, 0, 0.14%, 7, 0, 10, 60.36
1735412854, 153, 18, 38, 0, 0, 0.14%, 7, 0, 10, 102.11
1735412879, 153, 32, 38, 0, 0, 0.14%, 7, 0, 10, 68.03
1735412910, 156, 33, 38, 0, 0, 0.14%, 7, 0, 10, 89.55
1735412945, 157, 28, 38, 0, 0, 0.14%, 7, 0, 10, 66.97
1735412950, 159, 17, 38, 0, 0, 0.14%, 7, 0, 10, 60.68
1735412986, 161, 32, 38, 0, 0, 0.14%, 7, 0, 10, 67.54
1735413022, 161, 34, 38, 0, 0, 0.14%, 7, 0, 10, 69.04
1735413057, 163, 21, 38, 0, 0, 0.14%, 7, 0, 10, 99.59
1735413108, 165, 18, 38, 0, 0, 0.14%, 7, 0, 10, 68.55
1735413113, 169, 28, 38, 0, 0, 0.14%, 7, 0, 10, 78.21
1735413123, 170, 16, 38, 0, 0, 0.14%, 7, 0, 10, 68.76
1735413134, 170, 31, 38, 0, 0, 0.14%, 7, 0, 10, 94.32
1735413816, 172, 10, 38, 0, 0, 0.14%, 7, 0, 10, 66.66
1735413851, 173, 10, 38, 0, 0, 0.14%, 7, 0, 10, 76.86
1735413892, 173, 28, 38, 0, 0, 0.14%, 7, 0, 10, 74.72
1735413922, 175, 10, 38, 0, 0, 0.14%, 7, 0, 10, 60.36
1735413958, 177, 17, 38, 0, 0, 0.14%, 7, 0, 10, 59.55
1735413998, 178, 19, 38, 0, 0, 0.14%, 7, 0, 10, 87.45
1735414034, 182, 21, 38, 0, 0, 0.14%, 7, 0, 10, 71.67
1735414039, 182, 27, 38, 0, 0, 0.14%, 7, 0, 10, 87.95
1735414110, 182, 33, 38, 0, 0, 0.14%, 7, 0, 10, 96.28
1735414141, 184, 28, 38, 0, 0, 0.14%, 7, 0, 10, 73.97
1735414171, 184, 34, 38, 0, 0, 0.14%, 7, 0, 10, 59.48
1735414207, 185, 18, 38, 0, 0, 0.14%, 7, 0, 10, 69.10
1735414222, 185, 24, 38, 0, 0, 0.14%, 7, 0, 10, 61.02
1735414258, 186, 20, 38, 0, 0, 0.14%, 7, 0, 10, 71.60
1735414293, 187, 23, 38, 0, 0, 0.14%, 7, 0, 10, 62.37
1735414298, 188, 23, 38, 0, 0, 0.14%, 7, 0, 10, 67.34
1735414313, 190, 18, 38, 0, 0, 0.14%, 7, 0, 10, 65.69
1735414339, 190, 26, 38, 0, 0, 0.14%, 7, 0, 10, 75.19
1735414344, 191, 13, 38, 0, 0, 0.14%, 7, 0, 10, 68.34
1735414349, 191, 23, 38, 0, 0, 0.14%, 7, 0, 10, 64.90
1735414374, 192, 24, 38, 0, 0, 0.14%, 7, 0, 10, 67.58
1735414410, 192, 26, 38, 0, 0, 0.14%, 7, 0, 10, 74.40
1735414430, 194, 20, 38, 0, 0, 0.14%, 7, 0, 10, 65.74
1735414466, 194, 21, 38, 0, 0, 0.14%, 7, 0, 10, 65.89
1735414471, 195, 17, 38, 0, 0, 0.14%, 7, 0, 10, 66.93
1735414507, 196, 37, 38, 0, 0, 0.14%, 7, 0, 10, 87.04
1735414517, 197, 18, 38, 0, 0, 0.14%, 7, 0, 10, 67.97
1735414548, 197, 34, 38, 0, 0, 0.14%, 7, 0, 10, 70.90
1735414583, 199, 23, 38, 0, 0, 0.14%, 7, 0, 10, 63.63
1735414619, 200, 18, 38, 0, 0, 0.14%, 7, 0, 10, 67.17
1735414654, 201, 26, 38, 0, 0, 0.14%, 7, 0, 10, 89.16
1735414685, 202, 32, 38, 0, 0, 0.14%, 7, 0, 10, 67.77
1735414720, 203, 16, 38, 0, 0, 0.14%, 7, 0, 10, 58.21
1735414736, 205, 11, 38, 0, 0, 0.14%, 7, 0, 10, 70.18
1735414756, 208, 32, 38, 0, 0, 0.14%, 7, 0, 10, 71.70
1735414786, 209, 12, 38, 0, 0, 0.14%, 7, 0, 10, 73.05
1735414791, 209, 13, 38, 0, 0, 0.14%, 7, 0, 10, 67.68
1735414806, 209, 19, 38, 0, 0, 0.14%, 7, 0, 10, 67.57
1735414811, 210, 12, 38, 0, 0, 0.14%, 7, 0, 10, 70.42
1735414817, 210, 19, 38, 0, 0, 0.14%, 7, 0, 10, 64.82
1735414832, 210, 23, 38, 0, 0, 0.14%, 7, 0, 10, 63.74
1735414873, 211, 28, 38, 0, 0, 0.14%, 7, 0, 10, 70.68
1735414903, 212, 26, 38, 0, 0, 0.14%, 7, 0, 10, 83.63
1735414934, 214, 28, 38, 0, 0, 0.14%, 7, 0, 10, 67.67
1735414969, 214, 30, 38, 0, 0, 0.14%, 7, 0, 10, 59.29
1735414979, 215, 16, 38, 0, 0, 0.14%, 7, 0, 10, 60.71
1735415015, 217, 12, 38, 0, 0, 0.14%, 7, 0, 10, 65.20
1735415025, 217, 22, 38, 0, 0, 0.14%, 7, 0, 10, 76.75
1735416508, 217, 28, 38, 0, 0, 0.14%, 7, 0, 10, 73.57
1735416544, 218, 18, 38, 0, 0, 0.14%, 7, 0, 10, 64.96
1735416575, 218, 22, 38, 0, 0, 0.14%, 7, 0, 10, 75.73
1735416580, 218, 23, 38, 0, 0, 0.14%, 7, 0, 10, 68.70
1735416615, 218, 24, 38, 0, 0, 0.14%, 7, 0, 10, 65.28
1735416650, 218, 31, 38, 0, 0, 0.14%, 7, 0, 10, 79.12
1735416656, 219, 24, 38, 0, 0, 0.14%, 7, 0, 10, 71.37
1735416691, 219, 31, 38, 0, 0, 0.14%, 7, 0, 10, 85.53
1735416711, 220, 33, 38, 0, 0, 0.14%, 7, 0, 10, 92.81
1735416742, 221, 26, 38, 0, 0, 0.14%, 7, 0, 10, 82.66
1735416773, 221, 35, 38, 0, 0, 0.14%, 7, 0, 10, 82.80
1735416783, 222, 16, 38, 0, 0, 0.14%, 7, 0, 10, 65.45
1735416818, 222, 17, 38, 0, 0, 0.14%, 7, 0, 10, 70.90
1735416854, 223, 11, 38, 0, 0, 0.14%, 7, 0, 10, 62.50
1735416884, 223, 12, 38, 0, 0, 0.14%, 7, 0, 10, 68.50
1735416915, 223, 31, 38, 0, 0, 0.14%, 7, 0, 10, 85.21
1735416945, 223, 37, 38, 0, 0, 0.14%, 7, 0, 10, 70.52
1735416976, 224, 18, 38, 0, 0, 0.14%, 7, 0, 10, 65.21
1735417007, 224, 26, 38, 0, 0, 0.14%, 7, 0, 10, 72.36
1735417042, 224, 35, 38, 0, 0, 0.14%, 7, 0, 10, 73.12
1735417068, 224, 37, 38, 0, 0, 0.14%, 7, 0, 10, 69.62
1735417104, 225, 11, 38, 0, 0, 0.14%, 7, 0, 10, 59.79
1735417139, 226, 16, 38, 0, 0, 0.14%, 7, 0, 10, 73.11
1735417180, 226, 24, 38, 0, 0, 0.14%, 7, 0, 10, 61.95
1735417215, 226, 26, 38, 0, 0, 0.14%, 7, 0, 10, 90.85
1735417246, 227, 18, 38, 0, 0, 0.14%, 7, 0, 10, 66.77
1735417276, 227, 21, 38, 0, 0, 0.14%, 7, 0, 10, 64.81
1735417296, 227, 35, 38, 0, 0, 0.14%, 7, 0, 10, 71.76
1735417327, 228, 21, 38, 0, 0, 0.14%, 7, 0, 10, 74.59
1735417368, 228, 28, 38, 0, 0, 0.14%, 7, 0, 10, 70.98
1735417403, 230, 19, 38, 0, 0, 0.14%, 7, 0, 10, 69.92
1735417424, 230, 23, 38, 0, 0, 0.14%, 7, 0, 10, 66.77
1735417459, 230, 24, 38, 0, 0, 0.14%, 7, 0, 10, 72.89
1735417495, 231, 14, 38, 0, 0, 0.14%, 7, 0, 10, 79.91
1735417521, 232, 17, 38, 0, 0, 0.14%, 7, 0, 10, 67.56
1735417556, 234, 24, 38, 0, 0, 0.14%, 7, 0, 10, 65.57
1735417592, 237, 12, 38, 0, 0, 0.14%, 7, 0, 10, 68.83
1735417627, 237, 18, 38, 0, 0, 0.14%, 7, 0, 10, 64.91
1735417658, 238, 24, 38, 0, 0, 0.14%, 7, 0, 10, 62.89
1735417663, 239, 12, 38, 0, 0, 0.14%, 7, 0, 10, 70.32
