# unix_time, cycles_done, cur_path, paths_total, pending_total, pending_favs, map_size, unique_crashes, unique_hangs, max_depth, execs_per_sec
1733585709, 0, 0, 10, 10, 1, 0.01%, 0, 0, 1, 35.99
1733585714, 0, 4, 10, 10, 1, 0.01%, 0, 0, 1, 35.95
1733585729, 1, 0, 10, 4, 0, 0.01%, 0, 0, 1, 44.33
1733585735, 1, 1, 10, 3, 0, 0.01%, 0, 0, 1, 44.36
1733585740, 1, 2, 10, 2, 0, 0.01%, 0, 0, 1, 42.35
1733585750, 1, 3, 10, 1, 0, 0.01%, 0, 0, 1, 44.64
1733585755, 1, 4, 10, 0, 0, 0.01%, 0, 0, 1, 43.45
1733585760, 1, 5, 10, 0, 0, 0.01%, 0, 0, 1, 42.77
1733585765, 1, 6, 10, 0, 0, 0.01%, 0, 0, 1, 44.75
1733585770, 1, 7, 10, 0, 0, 0.01%, 0, 0, 1, 43.12
1733585775, 1, 8, 10, 0, 0, 0.01%, 0, 0, 1, 43.85
1733585785, 1, 9, 10, 0, 0, 0.01%, 0, 0, 1, 43.80
1733585790, 2, 0, 10, 0, 0, 0.01%, 0, 0, 1, 44.12
1733585796, 2, 1, 10, 0, 0, 0.01%, 0, 0, 1, 43.91
1733585801, 2, 2, 10, 0, 0, 0.01%, 0, 0, 1, 44.19
1733585806, 2, 3, 10, 0, 0, 0.01%, 0, 0, 1, 43.29
1733585811, 2, 4, 10, 0, 0, 0.01%, 0, 0, 1, 42.55
1733585816, 2, 5, 10, 0, 0, 0.01%, 0, 0, 1, 44.17
1733585826, 2, 6, 10, 0, 0, 0.01%, 0, 0, 1, 44.35
1733585831, 2, 7, 10, 0, 0, 0.01%, 0, 0, 1, 44.34
1733585836, 2, 8, 10, 0, 0, 0.01%, 0, 0, 1, 43.87
1733585841, 2, 9, 10, 0, 0, 0.01%, 0, 0, 1, 43.79
1733585846, 3, 0, 10, 0, 0, 0.01%, 0, 0, 1, 44.29
1733585851, 3, 1, 10, 0, 0, 0.01%, 0, 0, 1, 45.81
1733585857, 3, 2, 10, 0, 0, 0.01%, 0, 0, 1, 44.05
1733585867, 3, 3, 10, 0, 0, 0.01%, 0, 0, 1, 43.96
1733585872, 3, 4, 10, 0, 0, 0.01%, 0, 0, 1, 43.12
1733585877, 3, 5, 10, 0, 0, 0.01%, 0, 0, 1, 43.56
1733585882, 3, 6, 10, 0, 0, 0.01%, 0, 0, 1, 42.72
1733585887, 3, 7, 10, 0, 0, 0.01%, 0, 0, 1, 43.04
1733585892, 3, 8, 10, 0, 0, 0.01%, 0, 0, 1, 43.58
1733585897, 3, 9, 10, 0, 0, 0.01%, 0, 0, 1, 44.43
1733585908, 4, 0, 10, 0, 0, 0.01%, 0, 0, 1, 45.64
1733585913, 4, 1, 10, 0, 0, 0.01%, 0, 0, 1, 43.92
1733585918, 4, 2, 10, 0, 0, 0.01%, 0, 0, 1, 43.87
1733585923, 4, 3, 10, 0, 0, 0.01%, 0, 0, 1, 45.40
1733585928, 4, 4, 10, 0, 0, 0.01%, 0, 0, 1, 43.33
1733585933, 4, 5, 10, 0, 0, 0.01%, 0, 0, 1, 43.93
1733585938, 4, 6, 10, 0, 0, 0.01%, 0, 0, 1, 41.90
1733585948, 4, 7, 10, 0, 0, 0.01%, 0, 0, 1, 44.05
1733585953, 4, 8, 10, 0, 0, 0.01%, 0, 0, 1, 43.16
1733585958, 4, 9, 10, 0, 0, 0.01%, 0, 0, 1, 43.62
1733585963, 5, 0, 10, 0, 0, 0.01%, 0, 0, 1, 43.06
1733585968, 5, 1, 10, 0, 0, 0.01%, 0, 0, 1, 43.20
1733585973, 5, 2, 10, 0, 0, 0.01%, 0, 0, 1, 43.61
1733585984, 5, 3, 10, 0, 0, 0.01%, 0, 0, 1, 43.81
1733585989, 5, 4, 10, 0, 0, 0.01%, 0, 0, 1, 45.53
1733585994, 5, 5, 10, 0, 0, 0.01%, 0, 0, 1, 43.78
1733585999, 5, 6, 10, 0, 0, 0.01%, 0, 0, 1, 44.07
1733586004, 5, 7, 10, 0, 0, 0.01%, 0, 0, 1, 44.04
1733586009, 5, 8, 10, 0, 0, 0.01%, 0, 0, 1, 44.06
1733586014, 5, 9, 10, 0, 0, 0.01%, 0, 0, 1, 43.59
1733586024, 6, 0, 10, 0, 0, 0.01%, 0, 0, 1, 43.41
1733586029, 6, 1, 10, 0, 0, 0.01%, 0, 0, 1, 41.84
1733586034, 6, 2, 10, 0, 0, 0.01%, 0, 0, 1, 43.22
1733586039, 6, 3, 10, 0, 0, 0.01%, 0, 0, 1, 43.22
1733586044, 6, 4, 10, 0, 0, 0.01%, 0, 0, 1, 42.41
1733586049, 6, 5, 10, 0, 0, 0.01%, 0, 0, 1, 43.24
1733586060, 6, 6, 10, 0, 0, 0.01%, 0, 0, 1, 42.76
1733586065, 6, 7, 10, 0, 0, 0.01%, 0, 0, 1, 42.71
1733586070, 6, 8, 10, 0, 0, 0.01%, 0, 0, 1, 44.01
1733586075, 6, 9, 10, 0, 0, 0.01%, 0, 0, 1, 44.36
1733586080, 7, 0, 10, 0, 0, 0.01%, 0, 0, 1, 43.42
1733586085, 7, 1, 10, 0, 0, 0.01%, 0, 0, 1, 43.65
1733586095, 7, 2, 10, 0, 0, 0.01%, 0, 0, 1, 44.65
1733586100, 7, 3, 10, 0, 0, 0.01%, 0, 0, 1, 43.96
1733586105, 7, 4, 10, 0, 0, 0.01%, 0, 0, 1, 42.93
1733586110, 7, 5, 10, 0, 0, 0.01%, 0, 0, 1, 42.35
1733586115, 7, 6, 10, 0, 0, 0.01%, 0, 0, 1, 43.24
1733586120, 7, 7, 10, 0, 0, 0.01%, 0, 0, 1, 42.55
1733586131, 7, 8, 10, 0, 0, 0.01%, 0, 0, 1, 42.57
1733586136, 7, 9, 10, 0, 0, 0.01%, 0, 0, 1, 43.31
1733586141, 8, 0, 10, 0, 0, 0.01%, 0, 0, 1, 42.19
1733586146, 8, 1, 10, 0, 0, 0.01%, 0, 0, 1, 43.84
1733586151, 8, 2, 10, 0, 0, 0.01%, 0, 0, 1, 45.04
1733586156, 8, 3, 10, 0, 0, 0.01%, 0, 0, 1, 43.72
1733586166, 8, 4, 10, 0, 0, 0.01%, 0, 0, 1, 43.39
1733586171, 8, 5, 10, 0, 0, 0.01%, 0, 0, 1, 44.75
1733586176, 8, 6, 10, 0, 0, 0.01%, 0, 0, 1, 45.62
1733586181, 8, 7, 10, 0, 0, 0.01%, 0, 0, 1, 44.71
1733586186, 8, 8, 10, 0, 0, 0.01%, 0, 0, 1, 42.52
1733586191, 8, 9, 10, 0, 0, 0.01%, 0, 0, 1, 44.54
1733586197, 9, 0, 10, 0, 0, 0.01%, 0, 0, 1, 45.03
1733586207, 9, 1, 10, 0, 0, 0.01%, 0, 0, 1, 42.66
1733586212, 9, 2, 10, 0, 0, 0.01%, 0, 0, 1, 43.53
1733586217, 9, 3, 10, 0, 0, 0.01%, 0, 0, 1, 42.26
1733586222, 9, 4, 10, 0, 0, 0.01%, 0, 0, 1, 42.39
1733586227, 9, 5, 10, 0, 0, 0.01%, 0, 0, 1, 43.16
1733586232, 9, 6, 10, 0, 0, 0.01%, 0, 0, 1, 42.76
1733586242, 9, 7, 10, 0, 0, 0.01%, 0, 0, 1, 43.92
1733586247, 9, 8, 10, 0, 0, 0.01%, 0, 0, 1, 44.61
1733586252, 9, 9, 10, 0, 0, 0.01%, 0, 0, 1, 43.41
1733586257, 10, 0, 10, 0, 0, 0.01%, 0, 0, 1, 43.68
1733586263, 10, 1, 10, 0, 0, 0.01%, 0, 0, 1, 43.96
1733586268, 12, 10, 12, 1, 0, 0.14%, 2, 0, 3, 48.27
1733586273, 12, 10, 13, 2, 0, 0.14%, 3, 0, 3, 61.10
1733586313, 12, 12, 13, 1, 1, 0.14%, 3, 0, 3, 49.53
1733586354, 12, 12, 14, 2, 1, 0.14%, 4, 0, 4, 50.61
1733586410, 12, 12, 15, 3, 1, 0.14%, 5, 0, 4, 47.86
1733586445, 12, 13, 15, 2, 2, 0.14%, 5, 0, 4, 61.78
1733586547, 12, 14, 15, 1, 1, 0.14%, 5, 0, 4, 55.18
1733586552, 12, 14, 16, 2, 1, 0.14%, 5, 0, 5, 70.62
1733586572, 12, 14, 17, 3, 1, 0.14%, 5, 0, 5, 55.60
1733586659, 12, 14, 18, 4, 1, 0.14%, 5, 0, 5, 55.16
1733586664, 12, 14, 19, 5, 1, 0.14%, 5, 0, 5, 54.22
1733586684, 12, 14, 21, 7, 1, 0.14%, 5, 0, 5, 60.45
1733586714, 12, 18, 21, 6, 2, 0.14%, 5, 0, 5, 81.05
1733586806, 12, 19, 22, 6, 1, 0.14%, 5, 0, 6, 70.51
1733586907, 12, 19, 23, 7, 1, 0.14%, 5, 0, 6, 59.34
1733586978, 12, 22, 23, 6, 1, 0.14%, 5, 0, 6, 70.93
1733586994, 12, 22, 24, 7, 1, 0.14%, 5, 0, 7, 104.36
1733587070, 12, 22, 25, 8, 1, 0.14%, 5, 0, 7, 55.10
1733587090, 12, 22, 26, 9, 1, 0.14%, 5, 0, 7, 53.32
1733587156, 12, 25, 26, 7, 1, 0.14%, 5, 0, 7, 55.39
1733587462, 12, 25, 28, 9, 1, 0.14%, 5, 0, 8, 51.06
1733587468, 12, 25, 29, 10, 1, 0.14%, 6, 0, 8, 70.49
1733587473, 12, 25, 30, 11, 1, 0.14%, 6, 0, 8, 76.06
1733587483, 12, 25, 31, 12, 1, 0.14%, 6, 0, 8, 78.30
1733587488, 12, 25, 32, 13, 1, 0.14%, 6, 0, 8, 77.96
1733587503, 12, 25, 34, 15, 1, 0.14%, 6, 0, 8, 75.16
1733587508, 12, 25, 35, 16, 1, 0.14%, 6, 0, 8, 78.84
1733587544, 13, 26, 35, 11, 0, 0.14%, 6, 0, 8, 49.60
1733587830, 13, 26, 36, 12, 0, 0.14%, 7, 0, 9, 73.63
1733587931, 13, 35, 36, 11, 1, 0.14%, 7, 0, 9, 50.93
1733588187, 13, 35, 37, 12, 1, 0.14%, 8, 0, 10, 73.73
1733588207, 13, 35, 38, 13, 1, 0.14%, 8, 0, 10, 80.05
1733588248, 13, 35, 39, 14, 1, 0.14%, 8, 0, 10, 75.50
1733588289, 13, 38, 39, 13, 1, 0.14%, 8, 0, 10, 64.17
1733588606, 14, 21, 39, 12, 0, 0.14%, 8, 0, 10, 53.19
1733588612, 15, 31, 39, 10, 0, 0.14%, 8, 0, 10, 46.40
1733588760, 15, 32, 39, 9, 0, 0.14%, 8, 0, 10, 48.76
1733589159, 16, 24, 39, 7, 0, 0.14%, 8, 0, 10, 77.32
1733589282, 18, 27, 39, 5, 0, 0.14%, 8, 0, 10, 45.39
1733589287, 18, 28, 39, 4, 0, 0.14%, 8, 0, 10, 69.38
1733589649, 18, 29, 39, 3, 0, 0.14%, 8, 0, 10, 52.94
1733589654, 18, 36, 39, 2, 0, 0.14%, 8, 0, 10, 76.86
1733589992, 19, 29, 39, 2, 0, 0.14%, 8, 0, 10, 80.68
1733590611, 22, 37, 39, 2, 0, 0.14%, 8, 0, 10, 61.18
1733590898, 22, 37, 40, 3, 0, 0.14%, 8, 0, 11, 57.40
1733591004, 22, 39, 40, 2, 1, 0.14%, 8, 0, 11, 65.33
1733591463, 33, 39, 40, 1, 0, 0.14%, 8, 0, 11, 82.82
1733591473, 34, 39, 40, 1, 0, 0.14%, 8, 0, 11, 76.54
1733591503, 35, 39, 40, 0, 0, 0.14%, 8, 0, 11, 78.69
1733591539, 36, 16, 40, 0, 0, 0.14%, 8, 0, 11, 94.75
1733591590, 36, 17, 40, 0, 0, 0.14%, 8, 0, 11, 102.89
1733591795, 36, 39, 40, 0, 0, 0.14%, 8, 0, 11, 80.70
1733591825, 37, 39, 40, 0, 0, 0.14%, 8, 0, 11, 67.50
1733591860, 38, 30, 40, 0, 0, 0.14%, 8, 0, 11, 71.55
1733592594, 42, 16, 40, 0, 0, 0.14%, 8, 0, 11, 60.84
1733592599, 42, 34, 40, 0, 0, 0.14%, 8, 0, 11, 71.43
1733593042, 43, 16, 40, 0, 0, 0.14%, 8, 0, 11, 71.55
1733593052, 44, 16, 40, 0, 0, 0.14%, 8, 0, 11, 63.10
1733593077, 45, 16, 40, 0, 0, 0.14%, 8, 0, 11, 61.59
1733593113, 46, 16, 40, 0, 0, 0.14%, 8, 0, 11, 58.55
1733593149, 47, 16, 40, 0, 0, 0.14%, 8, 0, 11, 70.39
1733593184, 48, 16, 40, 0, 0, 0.14%, 8, 0, 11, 68.40
1733593220, 49, 16, 40, 0, 0, 0.14%, 8, 0, 11, 63.90
1733593255, 49, 33, 40, 0, 0, 0.14%, 8, 0, 11, 68.73
1733593353, 50, 16, 40, 0, 0, 0.14%, 8, 0, 11, 67.47
1733593388, 71, 11, 40, 0, 0, 0.14%, 8, 0, 11, 68.99
1733593404, 79, 27, 40, 0, 0, 0.14%, 8, 0, 11, 84.92
1733593796, 87, 21, 40, 0, 0, 0.14%, 8, 0, 11, 70.92
1733593883, 99, 15, 40, 0, 0, 0.14%, 8, 0, 11, 88.59
1733593903, 109, 11, 40, 0, 0, 0.14%, 8, 0, 11, 62.69
1733593909, 122, 24, 40, 0, 0, 0.14%, 8, 0, 11, 64.63
1733593914, 127, 34, 40, 0, 0, 0.14%, 8, 0, 11, 66.76
1733593924, 129, 22, 40, 0, 0, 0.14%, 8, 0, 11, 66.19
1733593929, 130, 24, 40, 0, 0, 0.14%, 8, 0, 11, 65.24
1733593944, 130, 27, 40, 0, 0, 0.14%, 8, 0, 11, 73.32
1733593955, 132, 30, 40, 0, 0, 0.14%, 8, 0, 11, 74.80
1733593965, 133, 13, 40, 0, 0, 0.14%, 8, 0, 11, 61.74
1733593970, 133, 15, 40, 0, 0, 0.14%, 8, 0, 11, 63.26
1733593980, 136, 21, 40, 0, 0, 0.14%, 8, 0, 11, 61.28
1733593985, 138, 21, 40, 0, 0, 0.14%, 8, 0, 11, 61.56
1733593995, 139, 24, 40, 0, 0, 0.14%, 8, 0, 11, 63.97
1733594026, 142, 21, 40, 0, 0, 0.14%, 8, 0, 11, 59.55
1733594051, 142, 30, 40, 0, 0, 0.14%, 8, 0, 11, 71.51
1733594082, 143, 12, 40, 0, 0, 0.14%, 8, 0, 11, 60.29
1733594087, 145, 32, 40, 0, 0, 0.14%, 8, 0, 11, 71.76
1733594097, 147, 21, 40, 0, 0, 0.14%, 8, 0, 11, 63.30
1733594133, 149, 24, 40, 0, 0, 0.14%, 8, 0, 11, 63.78
1733594168, 155, 10, 40, 0, 0, 0.14%, 8, 0, 11, 62.34
1733594173, 155, 22, 40, 0, 0, 0.14%, 8, 0, 11, 60.43
1733594189, 156, 14, 40, 0, 0, 0.14%, 8, 0, 11, 62.25
1733594194, 156, 32, 40, 0, 0, 0.14%, 8, 0, 11, 70.45
1733594214, 158, 12, 40, 0, 0, 0.14%, 8, 0, 11, 59.87
1733594229, 158, 14, 40, 0, 0, 0.14%, 8, 0, 11, 57.71
1733594239, 158, 22, 40, 0, 0, 0.14%, 8, 0, 11, 62.72
1733594264, 159, 15, 40, 0, 0, 0.14%, 8, 0, 11, 56.73
1733594285, 160, 14, 40, 0, 0, 0.14%, 8, 0, 11, 62.37
1733594310, 160, 22, 40, 0, 0, 0.14%, 8, 0, 11, 57.23
1733594346, 160, 30, 40, 0, 0, 0.14%, 8, 0, 11, 63.35
1733594381, 162, 11, 40, 0, 0, 0.14%, 8, 0, 11, 58.19
1733594386, 162, 17, 40, 0, 0, 0.14%, 8, 0, 11, 58.78
1733594392, 163, 14, 40, 0, 0, 0.14%, 8, 0, 11, 59.52
1733594432, 163, 17, 40, 0, 0, 0.14%, 8, 0, 11, 62.87
1733594443, 164, 21, 40, 0, 0, 0.14%, 8, 0, 11, 65.69
1733594483, 164, 22, 40, 0, 0, 0.14%, 8, 0, 11, 61.45
1733594519, 165, 13, 40, 0, 0, 0.14%, 8, 0, 11, 65.51
1733594524, 166, 23, 40, 0, 0, 0.14%, 8, 0, 11, 59.28
1733594529, 167, 10, 40, 0, 0, 0.14%, 8, 0, 11, 63.49
1733594534, 169, 32, 40, 0, 0, 0.14%, 8, 0, 11, 71.99
1733594569, 171, 12, 40, 0, 0, 0.14%, 8, 0, 11, 63.13
1733594600, 173, 14, 40, 0, 0, 0.14%, 8, 0, 11, 61.74
1733594635, 173, 31, 40, 0, 0, 0.14%, 8, 0, 11, 65.31
1733594645, 174, 29, 40, 0, 0, 0.14%, 8, 0, 11, 67.20
1733594650, 175, 21, 40, 0, 0, 0.14%, 8, 0, 11, 66.82
1733594691, 178, 32, 40, 0, 0, 0.14%, 8, 0, 11, 65.28
1733594727, 179, 17, 40, 0, 0, 0.14%, 8, 0, 11, 65.96
1733594757, 179, 29, 40, 0, 0, 0.14%, 8, 0, 11, 69.77
1733594777, 180, 17, 40, 0, 0, 0.14%, 8, 0, 11, 69.22
1733594813, 180, 22, 40, 0, 0, 0.14%, 8, 0, 11, 61.45
1733594848, 180, 31, 40, 0, 0, 0.14%, 8, 0, 11, 64.51
1733594869, 181, 20, 40, 0, 0, 0.14%, 8, 0, 11, 77.76
1733594925, 182, 20, 40, 0, 0, 0.14%, 8, 0, 11, 63.78
1733594935, 184, 20, 40, 0, 0, 0.14%, 8, 0, 11, 62.73
1733594955, 186, 17, 40, 0, 0, 0.14%, 8, 0, 11, 68.77
1733594991, 186, 23, 40, 0, 0, 0.14%, 8, 0, 11, 79.63
1733595042, 187, 31, 40, 0, 0, 0.14%, 8, 0, 11, 66.94
1733595083, 188, 13, 40, 0, 0, 0.14%, 8, 0, 11, 55.74
1733595093, 189, 17, 40, 0, 0, 0.14%, 8, 0, 11, 62.76
1733595128, 192, 20, 40, 0, 0, 0.14%, 8, 0, 11, 63.40
1733595164, 193, 13, 40, 0, 0, 0.14%, 8, 0, 11, 59.83
1733595189, 194, 15, 40, 0, 0, 0.14%, 8, 0, 11, 65.83
1733595209, 196, 10, 40, 0, 0, 0.14%, 8, 0, 11, 70.74
1733595219, 197, 23, 40, 0, 0, 0.14%, 8, 0, 11, 58.44
1733595235, 199, 10, 40, 0, 0, 0.14%, 8, 0, 11, 59.23
1733595255, 199, 32, 40, 0, 0, 0.14%, 8, 0, 11, 74.09
1733595285, 199, 35, 40, 0, 0, 0.14%, 8, 0, 11, 75.90
1733595290, 202, 20, 40, 0, 0, 0.14%, 8, 0, 11, 66.68
1733595331, 202, 24, 40, 0, 0, 0.14%, 8, 0, 11, 68.68
1733595366, 203, 27, 40, 0, 0, 0.14%, 8, 0, 11, 73.66
1733595387, 203, 28, 40, 0, 0, 0.14%, 8, 0, 11, 69.91
1733595392, 204, 28, 40, 0, 0, 0.14%, 8, 0, 11, 69.65
1733595407, 205, 14, 40, 0, 0, 0.14%, 8, 0, 11, 63.71
1733595443, 205, 20, 40, 0, 0, 0.14%, 8, 0, 11, 66.10
1733595483, 205, 24, 40, 0, 0, 0.14%, 8, 0, 11, 71.18
1733595514, 207, 12, 40, 0, 0, 0.14%, 8, 0, 11, 63.25
1733595554, 207, 28, 40, 0, 0, 0.14%, 8, 0, 11, 69.36
1733595580, 207, 31, 40, 0, 0, 0.14%, 8, 0, 11, 69.27
1733595615, 208, 28, 40, 0, 0, 0.14%, 8, 0, 11, 75.20
1733595651, 208, 31, 40, 0, 0, 0.14%, 8, 0, 11, 63.69
1733595687, 210, 24, 40, 0, 0, 0.14%, 8, 0, 11, 68.67
1733595722, 210, 34, 40, 0, 0, 0.14%, 8, 0, 11, 76.55
1733595743, 214, 11, 40, 0, 0, 0.14%, 8, 0, 11, 57.15
1733595753, 218, 14, 40, 0, 0, 0.14%, 8, 0, 11, 60.09
1733595788, 219, 32, 40, 0, 0, 0.14%, 8, 0, 11, 63.34
1733595824, 221, 32, 40, 0, 0, 0.14%, 8, 0, 11, 78.10
1733595860, 223, 11, 40, 0, 0, 0.14%, 8, 0, 11, 56.43
1733595880, 226, 11, 40, 0, 0, 0.14%, 8, 0, 11, 60.03
1733595916, 227, 17, 40, 0, 0, 0.14%, 8, 0, 11, 81.31
1733595951, 227, 27, 40, 0, 0, 0.14%, 8, 0, 11, 76.34
1733595987, 228, 36, 40, 0, 0, 0.14%, 8, 0, 11, 71.82
1733595992, 230, 11, 40, 0, 0, 0.14%, 8, 0, 11, 60.24
1733596027, 230, 15, 40, 0, 0, 0.14%, 8, 0, 11, 60.25
1733596058, 231, 28, 40, 0, 0, 0.14%, 8, 0, 11, 71.70
1733596093, 232, 27, 40, 0, 0, 0.14%, 8, 0, 11, 70.37
1733596129, 235, 29, 40, 0, 0, 0.14%, 8, 0, 11, 79.99
1733596164, 236, 29, 40, 0, 0, 0.14%, 8, 0, 11, 76.85
1733596200, 237, 37, 40, 0, 0, 0.14%, 8, 0, 11, 60.34
1733596210, 238, 27, 40, 0, 0, 0.14%, 8, 0, 11, 63.98
1733596245, 239, 19, 40, 0, 0, 0.14%, 8, 0, 11, 61.61
1733596250, 239, 26, 40, 0, 0, 0.14%, 8, 0, 11, 73.99
1733596261, 239, 27, 40, 0, 0, 0.14%, 8, 0, 11, 73.23
1733596301, 241, 11, 40, 0, 0, 0.14%, 8, 0, 11, 54.88
1733596337, 242, 13, 40, 0, 0, 0.14%, 8, 0, 11, 58.93
1733596377, 243, 17, 40, 0, 0, 0.14%, 8, 0, 11, 60.59
1733596412, 243, 23, 40, 0, 0, 0.14%, 8, 0, 11, 65.30
1733596438, 243, 31, 40, 0, 0, 0.14%, 8, 0, 11, 59.01
1733596473, 244, 28, 40, 0, 0, 0.14%, 8, 0, 11, 67.50
1733596509, 244, 31, 40, 0, 0, 0.14%, 8, 0, 11, 52.81
1733596550, 244, 36, 40, 0, 0, 0.14%, 8, 0, 11, 79.09
1733596565, 245, 26, 40, 0, 0, 0.14%, 8, 0, 11, 77.86
1733596585, 246, 15, 40, 0, 0, 0.14%, 8, 0, 11, 56.55
1733596621, 246, 35, 40, 0, 0, 0.14%, 8, 0, 11, 73.60
1733596631, 247, 26, 40, 0, 0, 0.14%, 8, 0, 11, 76.89
1733596667, 247, 29, 40, 0, 0, 0.14%, 8, 0, 11, 70.48
1733596702, 249, 31, 40, 0, 0, 0.14%, 8, 0, 11, 67.44
1733596737, 250, 12, 40, 0, 0, 0.14%, 8, 0, 11, 58.72
1733596778, 250, 36, 40, 0, 0, 0.14%, 8, 0, 11, 64.85
1733596814, 251, 18, 40, 0, 0, 0.14%, 8, 0, 11, 59.84
1733596819, 251, 35, 40, 0, 0, 0.14%, 8, 0, 11, 76.22
1733596844, 253, 36, 40, 0, 0, 0.14%, 8, 0, 11, 76.06
1733596880, 256, 23, 40, 0, 0, 0.14%, 8, 0, 11, 62.86
1733596916, 258, 15, 40, 0, 0, 0.14%, 8, 0, 11, 62.85
1733596951, 259, 20, 40, 0, 0, 0.14%, 8, 0, 11, 63.29
1733596987, 259, 36, 40, 0, 0, 0.14%, 8, 0, 11, 65.23
1733597022, 259, 37, 40, 0, 0, 0.14%, 8, 0, 11, 69.45
1733597053, 260, 12, 40, 0, 0, 0.14%, 8, 0, 11, 58.69
1733597088, 265, 11, 40, 0, 0, 0.14%, 8, 0, 11, 67.78
1733597124, 265, 38, 40, 0, 0, 0.14%, 8, 0, 11, 73.43
1733597134, 266, 26, 40, 0, 0, 0.14%, 8, 0, 11, 67.04
1733597170, 266, 28, 40, 0, 0, 0.14%, 8, 0, 11, 58.97
1733597205, 268, 11, 40, 0, 0, 0.14%, 8, 0, 11, 64.04
1733597246, 269, 26, 40, 0, 0, 0.14%, 8, 0, 11, 80.04
1733597281, 270, 10, 40, 0, 0, 0.14%, 8, 0, 11, 56.36
1733597312, 271, 38, 40, 0, 0, 0.14%, 8, 0, 11, 72.78
1733597332, 272, 35, 40, 0, 0, 0.14%, 8, 0, 11, 77.40
1733597363, 273, 37, 40, 0, 0, 0.14%, 8, 0, 11, 67.28
1733597398, 281, 38, 40, 0, 0, 0.14%, 8, 0, 11, 70.36
1733597434, 282, 38, 40, 0, 0, 0.14%, 8, 0, 11, 67.46
1733597469, 286, 13, 40, 0, 0, 0.14%, 8, 0, 11, 60.35
1733597510, 286, 26, 40, 0, 0, 0.14%, 8, 0, 11, 76.77
1733597545, 286, 29, 40, 0, 0, 0.14%, 8, 0, 11, 80.15
1733597576, 289, 19, 40, 0, 0, 0.14%, 8, 0, 11, 66.30
1733597586, 291, 11, 40, 0, 0, 0.14%, 8, 0, 11, 64.62
1733597626, 291, 25, 40, 0, 0, 0.14%, 8, 0, 11, 70.28
1733597636, 292, 10, 40, 0, 0, 0.14%, 8, 0, 11, 61.54
1733597672, 292, 11, 40, 0, 0, 0.14%, 8, 0, 11, 58.60
1733597707, 292, 15, 40, 0, 0, 0.14%, 8, 0, 11, 65.53
1733597738, 292, 23, 40, 0, 0, 0.14%, 8, 0, 11, 68.97
1733597774, 292, 37, 40, 0, 0, 0.14%, 8, 0, 11, 68.77
1733597809, 293, 10, 40, 0, 0, 0.14%, 8, 0, 11, 62.66
1733597845, 293, 25, 40, 0, 0, 0.14%, 8, 0, 11, 71.41
1733597860, 294, 18, 40, 0, 0, 0.14%, 8, 0, 11, 67.27
1733597870, 295, 19, 40, 0, 0, 0.14%, 8, 0, 11, 63.52
1733597895, 297, 10, 40, 0, 0, 0.14%, 8, 0, 11, 54.91
1733597931, 298, 37, 40, 0, 0, 0.14%, 8, 0, 11, 73.32
1733597967, 299, 13, 40, 0, 0, 0.14%, 8, 0, 11, 59.78
1733598002, 299, 26, 40, 0, 0, 0.14%, 8, 0, 11, 76.33
1733598037, 301, 20, 40, 0, 0, 0.14%, 8, 0, 11, 64.37
1733598073, 302, 35, 40, 0, 0, 0.14%, 8, 0, 11, 76.42
1733598108, 306, 23, 40, 0, 0, 0.14%, 8, 0, 11, 59.43
1733598139, 307, 19, 40, 0, 0, 0.14%, 8, 0, 11, 58.84
1733598179, 309, 12, 40, 0, 0, 0.14%, 8, 0, 11, 55.61
1733598215, 310, 25, 40, 0, 0, 0.14%, 8, 0, 11, 71.21
1733598245, 310, 35, 40, 0, 0, 0.14%, 8, 0, 11, 66.31
1733598281, 311, 33, 40, 0, 0, 0.14%, 8, 0, 11, 61.38
1733598291, 313, 25, 40, 0, 0, 0.14%, 8, 0, 11, 69.67
1733598327, 315, 19, 40, 0, 0, 0.14%, 8, 0, 11, 62.39
1733598362, 316, 34, 40, 0, 0, 0.14%, 8, 0, 11, 68.60
1733598398, 318, 18, 40, 0, 0, 0.14%, 8, 0, 11, 61.46
1733598418, 318, 19, 40, 0, 0, 0.14%, 8, 0, 11, 64.73
1733598458, 321, 25, 40, 0, 0, 0.14%, 8, 0, 11, 70.03
1733598494, 322, 34, 40, 0, 0, 0.14%, 8, 0, 11, 70.19
1733598529, 324, 38, 40, 0, 0, 0.14%, 8, 0, 11, 70.24
1733598565, 325, 34, 40, 0, 0, 0.14%, 8, 0, 11, 75.54
1733598595, 328, 18, 40, 0, 0, 0.14%, 8, 0, 11, 67.32
1733598631, 331, 38, 40, 0, 0, 0.14%, 8, 0, 11, 70.18
1733598666, 334, 33, 40, 0, 0, 0.14%, 8, 0, 11, 58.40
1733598686, 336, 25, 40, 0, 0, 0.14%, 8, 0, 11, 62.50
1733598722, 341, 34, 40, 0, 0, 0.14%, 8, 0, 11, 68.44
1733598757, 342, 13, 40, 0, 0, 0.14%, 8, 0, 11, 60.97
1733598798, 343, 12, 40, 0, 0, 0.14%, 8, 0, 11, 57.82
1733598833, 348, 35, 40, 0, 0, 0.14%, 8, 0, 11, 60.82
1733598869, 349, 18, 40, 0, 0, 0.14%, 8, 0, 11, 63.29
1733598910, 356, 23, 40, 0, 0, 0.14%, 8, 0, 11, 61.98
1733598940, 362, 12, 40, 0, 0, 0.14%, 8, 0, 11, 60.68
1733598980, 375, 13, 40, 0, 0, 0.14%, 8, 0, 11, 56.74
1733599016, 380, 33, 40, 0, 0, 0.14%, 8, 0, 11, 69.24
1733599057, 385, 12, 40, 0, 0, 0.14%, 8, 0, 11, 55.92
1733599092, 385, 18, 40, 0, 0, 0.14%, 8, 0, 11, 68.64
1733599133, 398, 18, 40, 0, 0, 0.14%, 8, 0, 11, 64.32
1733599168, 409, 33, 40, 0, 0, 0.14%, 8, 0, 11, 64.96
1733599203, 410, 33, 40, 0, 0, 0.14%, 8, 0, 11, 68.66
1733599239, 433, 13, 40, 0, 0, 0.14%, 8, 0, 11, 64.20
1733599280, 437, 13, 40, 0, 0, 0.14%, 8, 0, 11, 54.33
1733599320, 449, 13, 40, 0, 0, 0.14%, 8, 0, 11, 56.65
1733599361, 449, 33, 40, 0, 0, 0.14%, 8, 0, 11, 61.03
1733599396, 452, 33, 40, 0, 0, 0.14%, 8, 0, 11, 53.54
1733599437, 13534, 0, 40, 0, 0, 0.14%, 8, 0, 11, 0.00
1733599442, 29772, 0, 40, 0, 0, 0.14%, 8, 0, 11, 0.00
1733599447, 45966, 0, 40, 0, 0, 0.14%, 8, 0, 11, 0.00
1733599453, 62147, 0, 40, 0, 0, 0.14%, 8, 0, 11, 0.00
1733599458, 78403, 0, 40, 0, 0, 0.14%, 8, 0, 11, 0.00
1733599463, 94555, 0, 40, 0, 0, 0.14%, 8, 0, 11, 0.00
1733599468, 110842, 0, 40, 0, 0, 0.14%, 8, 0, 11, 0.00
1733599473, 126993, 0, 40, 0, 0, 0.14%, 8, 0, 11, 0.00
1733599479, 143188, 0, 40, 0, 0, 0.14%, 8, 0, 11, 0.00
1733599484, 159317, 0, 40, 0, 0, 0.14%, 8, 0, 11, 0.00
1733599489, 175515, 0, 40, 0, 0, 0.14%, 8, 0, 11, 0.00
1733599494, 191692, 0, 40, 0, 0, 0.14%, 8, 0, 11, 0.00
1733599499, 207879, 0, 40, 0, 0, 0.14%, 8, 0, 11, 0.00
1733599505, 224148, 0, 40, 0, 0, 0.14%, 8, 0, 11, 0.00
1733599510, 240375, 0, 40, 0, 0, 0.14%, 8, 0, 11, 0.00
1733599515, 256644, 0, 40, 0, 0, 0.14%, 8, 0, 11, 0.00
1733599520, 272773, 0, 40, 0, 0, 0.14%, 8, 0, 11, 0.00
1733599525, 288957, 0, 40, 0, 0, 0.14%, 8, 0, 11, 0.00
1733599531, 305155, 0, 40, 0, 0, 0.14%, 8, 0, 11, 0.00
1733599536, 321386, 0, 40, 0, 0, 0.14%, 8, 0, 11, 0.00
1733599541, 337509, 0, 40, 0, 0, 0.14%, 8, 0, 11, 0.00
1733599546, 353801, 0, 40, 0, 0, 0.14%, 8, 0, 11, 0.00
1733599551, 370023, 0, 40, 0, 0, 0.14%, 8, 0, 11, 0.00
1733599557, 386199, 0, 40, 0, 0, 0.14%, 8, 0, 11, 0.00
1733599562, 402393, 0, 40, 0, 0, 0.14%, 8, 0, 11, 0.00
1733599567, 418662, 0, 40, 0, 0, 0.14%, 8, 0, 11, 0.00
1733599572, 434880, 0, 40, 0, 0, 0.14%, 8, 0, 11, 0.00
1733599577, 451118, 0, 40, 0, 0, 0.14%, 8, 0, 11, 0.00
1733599583, 467338, 0, 40, 0, 0, 0.14%, 8, 0, 11, 0.00
1733599588, 483580, 0, 40, 0, 0, 0.14%, 8, 0, 11, 0.00
1733599593, 499771, 0, 40, 0, 0, 0.14%, 8, 0, 11, 0.00
1733599598, 515976, 0, 40, 0, 0, 0.14%, 8, 0, 11, 0.00
1733599603, 532229, 0, 40, 0, 0, 0.14%, 8, 0, 11, 0.00
1733599609, 548421, 0, 40, 0, 0, 0.14%, 8, 0, 11, 0.00
1733599614, 564633, 0, 40, 0, 0, 0.14%, 8, 0, 11, 0.00
1733599619, 580857, 0, 40, 0, 0, 0.14%, 8, 0, 11, 0.00
1733599624, 597068, 0, 40, 0, 0, 0.14%, 8, 0, 11, 0.00
1733599629, 613241, 0, 40, 0, 0, 0.14%, 8, 0, 11, 0.00
1733599635, 629449, 0, 40, 0, 0, 0.14%, 8, 0, 11, 0.00
1733599640, 645580, 0, 40, 0, 0, 0.14%, 8, 0, 11, 0.00
1733599645, 661793, 0, 40, 0, 0, 0.14%, 8, 0, 11, 0.00
1733599650, 678007, 0, 40, 0, 0, 0.14%, 8, 0, 11, 0.00
1733599655, 694122, 0, 40, 0, 0, 0.14%, 8, 0, 11, 0.00
1733599661, 710336, 0, 40, 0, 0, 0.14%, 8, 0, 11, 0.00
1733599666, 726513, 0, 40, 0, 0, 0.14%, 8, 0, 11, 0.00
1733599671, 742796, 0, 40, 0, 0, 0.14%, 8, 0, 11, 0.00
1733599676, 758934, 0, 40, 0, 0, 0.14%, 8, 0, 11, 0.00
1733599681, 775130, 0, 40, 0, 0, 0.14%, 8, 0, 11, 0.00
1733599687, 791374, 0, 40, 0, 0, 0.14%, 8, 0, 11, 0.00
1733599692, 807549, 0, 40, 0, 0, 0.14%, 8, 0, 11, 0.00
1733599697, 823718, 0, 40, 0, 0, 0.14%, 8, 0, 11, 0.00
1733599702, 839871, 0, 40, 0, 0, 0.14%, 8, 0, 11, 0.00
1733599707, 856079, 0, 40, 0, 0, 0.14%, 8, 0, 11, 0.00
1733599713, 872268, 0, 40, 0, 0, 0.14%, 8, 0, 11, 0.00
1733599718, 888495, 0, 40, 0, 0, 0.14%, 8, 0, 11, 0.00
1733599723, 904655, 0, 40, 0, 0, 0.14%, 8, 0, 11, 0.00
1733599728, 920870, 0, 40, 0, 0, 0.14%, 8, 0, 11, 0.00
1733599733, 937033, 0, 40, 0, 0, 0.14%, 8, 0, 11, 0.00
1733599739, 953179, 0, 40, 0, 0, 0.14%, 8, 0, 11, 0.00
1733599744, 969378, 0, 40, 0, 0, 0.14%, 8, 0, 11, 0.00
1733599749, 985501, 0, 40, 0, 0, 0.14%, 8, 0, 11, 0.00
1733599754, 1001725, 0, 40, 0, 0, 0.14%, 8, 0, 11, 0.00
1733599759, 1017989, 0, 40, 0, 0, 0.14%, 8, 0, 11, 0.00
1733599765, 1034236, 0, 40, 0, 0, 0.14%, 8, 0, 11, 0.00
1733599770, 1050486, 0, 40, 0, 0, 0.14%, 8, 0, 11, 0.00
1733599775, 1066774, 0, 40, 0, 0, 0.14%, 8, 0, 11, 0.00
1733599780, 1083012, 0, 40, 0, 0, 0.14%, 8, 0, 11, 0.00
1733599785, 1099176, 0, 40, 0, 0, 0.14%, 8, 0, 11, 0.00
1733599791, 1115355, 0, 40, 0, 0, 0.14%, 8, 0, 11, 0.00
1733599796, 1131507, 0, 40, 0, 0, 0.14%, 8, 0, 11, 0.00
1733599801, 1147694, 0, 40, 0, 0, 0.14%, 8, 0, 11, 0.00
1733599806, 1163852, 0, 40, 0, 0, 0.14%, 8, 0, 11, 0.00
1733599811, 1180147, 0, 40, 0, 0, 0.14%, 8, 0, 11, 0.00
1733599817, 1196341, 0, 40, 0, 0, 0.14%, 8, 0, 11, 0.00
1733599822, 1212498, 0, 40, 0, 0, 0.14%, 8, 0, 11, 0.00
1733599827, 1228702, 0, 40, 0, 0, 0.14%, 8, 0, 11, 0.00
1733599832, 1244871, 0, 40, 0, 0, 0.14%, 8, 0, 11, 0.00
1733599837, 1261081, 0, 40, 0, 0, 0.14%, 8, 0, 11, 0.00
1733599843, 1277289, 0, 40, 0, 0, 0.14%, 8, 0, 11, 0.00
1733599848, 1293534, 0, 40, 0, 0, 0.14%, 8, 0, 11, 0.00
1733599853, 1309735, 0, 40, 0, 0, 0.14%, 8, 0, 11, 0.00
1733599858, 1325951, 0, 40, 0, 0, 0.14%, 8, 0, 11, 0.00
1733599863, 1342183, 0, 40, 0, 0, 0.14%, 8, 0, 11, 0.00
1733599869, 1358372, 0, 40, 0, 0, 0.14%, 8, 0, 11, 0.00
1733599874, 1374527, 0, 40, 0, 0, 0.14%, 8, 0, 11, 0.00
1733599879, 1390717, 0, 40, 0, 0, 0.14%, 8, 0, 11, 0.00
1733599884, 1406999, 0, 40, 0, 0, 0.14%, 8, 0, 11, 0.00
1733599889, 1423162, 0, 40, 0, 0, 0.14%, 8, 0, 11, 0.00
1733599895, 1439337, 0, 40, 0, 0, 0.14%, 8, 0, 11, 0.00
1733599900, 1455487, 0, 40, 0, 0, 0.14%, 8, 0, 11, 0.00
1733599905, 1471764, 0, 40, 0, 0, 0.14%, 8, 0, 11, 0.00
1733599910, 1487909, 0, 40, 0, 0, 0.14%, 8, 0, 11, 0.00
1733599915, 1504121, 0, 40, 0, 0, 0.14%, 8, 0, 11, 0.00
1733599921, 1520312, 0, 40, 0, 0, 0.14%, 8, 0, 11, 0.00
1733599926, 1536542, 0, 40, 0, 0, 0.14%, 8, 0, 11, 0.00
1733599931, 1552742, 0, 40, 0, 0, 0.14%, 8, 0, 11, 0.00
1733599936, 1568987, 0, 40, 0, 0, 0.14%, 8, 0, 11, 0.00
1733599941, 1585188, 0, 40, 0, 0, 0.14%, 8, 0, 11, 0.00
1733599947, 1601360, 0, 40, 0, 0, 0.14%, 8, 0, 11, 0.00
1733599952, 1617545, 0, 40, 0, 0, 0.14%, 8, 0, 11, 0.00
1733599957, 1633754, 0, 40, 0, 0, 0.14%, 8, 0, 11, 0.00
1733599962, 1649982, 0, 40, 0, 0, 0.14%, 8, 0, 11, 0.00
1733599967, 1666153, 0, 40, 0, 0, 0.14%, 8, 0, 11, 0.00
1733599973, 1682403, 0, 40, 0, 0, 0.14%, 8, 0, 11, 0.00
1733599978, 1698668, 0, 40, 0, 0, 0.14%, 8, 0, 11, 0.00
1733599983, 1714807, 0, 40, 0, 0, 0.14%, 8, 0, 11, 0.00
1733599988, 1731000, 0, 40, 0, 0, 0.14%, 8, 0, 11, 0.00
1733599993, 1747191, 0, 40, 0, 0, 0.14%, 8, 0, 11, 0.00
1733599999, 1763370, 0, 40, 0, 0, 0.14%, 8, 0, 11, 0.00
1733600004, 1779602, 0, 40, 0, 0, 0.14%, 8, 0, 11, 0.00
1733600009, 1795712, 0, 40, 0, 0, 0.14%, 8, 0, 11, 0.00
1733600014, 1811914, 0, 40, 0, 0, 0.14%, 8, 0, 11, 0.00
1733600019, 1828117, 0, 40, 0, 0, 0.14%, 8, 0, 11, 0.00
1733600025, 1844346, 0, 40, 0, 0, 0.14%, 8, 0, 11, 0.00
1733600030, 1860536, 0, 40, 0, 0, 0.14%, 8, 0, 11, 0.00
1733600035, 1876779, 0, 40, 0, 0, 0.14%, 8, 0, 11, 0.00
1733600040, 1892967, 0, 40, 0, 0, 0.14%, 8, 0, 11, 0.00
1733600045, 1909071, 0, 40, 0, 0, 0.14%, 8, 0, 11, 0.00
1733600051, 1925201, 0, 40, 0, 0, 0.14%, 8, 0, 11, 0.00
1733600056, 1941384, 0, 40, 0, 0, 0.14%, 8, 0, 11, 0.00
1733600061, 1957618, 0, 40, 0, 0, 0.14%, 8, 0, 11, 0.00
1733600066, 1973794, 0, 40, 0, 0, 0.14%, 8, 0, 11, 0.00
1733600071, 1990030, 0, 40, 0, 0, 0.14%, 8, 0, 11, 0.00
1733600077, 2006209, 0, 40, 0, 0, 0.14%, 8, 0, 11, 0.00
1733600082, 2022332, 0, 40, 0, 0, 0.14%, 8, 0, 11, 0.00
1733600087, 2038546, 0, 40, 0, 0, 0.14%, 8, 0, 11, 0.00
1733600092, 2054751, 0, 40, 0, 0, 0.14%, 8, 0, 11, 0.00
1733600097, 2070982, 0, 40, 0, 0, 0.14%, 8, 0, 11, 0.00
1733600103, 2087265, 0, 40, 0, 0, 0.14%, 8, 0, 11, 0.00
1733600108, 2103451, 0, 40, 0, 0, 0.14%, 8, 0, 11, 0.00
1733600113, 2119635, 0, 40, 0, 0, 0.14%, 8, 0, 11, 0.00
1733600118, 2135828, 0, 40, 0, 0, 0.14%, 8, 0, 11, 0.00
1733600123, 2151989, 0, 40, 0, 0, 0.14%, 8, 0, 11, 0.00
1733600129, 2168160, 0, 40, 0, 0, 0.14%, 8, 0, 11, 0.00
1733600134, 2184430, 0, 40, 0, 0, 0.14%, 8, 0, 11, 0.00
1733600139, 2200597, 0, 40, 0, 0, 0.14%, 8, 0, 11, 0.00
1733600144, 2216793, 0, 40, 0, 0, 0.14%, 8, 0, 11, 0.00
1733600149, 2233023, 0, 40, 0, 0, 0.14%, 8, 0, 11, 0.00
1733600155, 2249190, 0, 40, 0, 0, 0.14%, 8, 0, 11, 0.00
1733600160, 2265349, 0, 40, 0, 0, 0.14%, 8, 0, 11, 0.00
1733600165, 2281572, 0, 40, 0, 0, 0.14%, 8, 0, 11, 0.00
1733600170, 2297811, 0, 40, 0, 0, 0.14%, 8, 0, 11, 0.00
1733600175, 2313993, 0, 40, 0, 0, 0.14%, 8, 0, 11, 0.00
1733600181, 2330156, 0, 40, 0, 0, 0.14%, 8, 0, 11, 0.00
1733600186, 2346248, 0, 40, 0, 0, 0.14%, 8, 0, 11, 0.00
1733600191, 2362479, 0, 40, 0, 0, 0.14%, 8, 0, 11, 0.00
1733600196, 2378678, 0, 40, 0, 0, 0.14%, 8, 0, 11, 0.00
1733600201, 2394934, 0, 40, 0, 0, 0.14%, 8, 0, 11, 0.00
1733600207, 2411121, 0, 40, 0, 0, 0.14%, 8, 0, 11, 0.00
1733600212, 2427299, 0, 40, 0, 0, 0.14%, 8, 0, 11, 0.00
1733600217, 2443508, 0, 40, 0, 0, 0.14%, 8, 0, 11, 0.00
1733600222, 2459676, 0, 40, 0, 0, 0.14%, 8, 0, 11, 0.00
1733600227, 2475858, 0, 40, 0, 0, 0.14%, 8, 0, 11, 0.00
1733600233, 2492060, 0, 40, 0, 0, 0.14%, 8, 0, 11, 0.00
1733600238, 2508226, 0, 40, 0, 0, 0.14%, 8, 0, 11, 0.00
1733600243, 2524425, 0, 40, 0, 0, 0.14%, 8, 0, 11, 0.00
1733600248, 2540676, 0, 40, 0, 0, 0.14%, 8, 0, 11, 0.00
1733600253, 2556879, 0, 40, 0, 0, 0.14%, 8, 0, 11, 0.00
1733600259, 2573058, 0, 40, 0, 0, 0.14%, 8, 0, 11, 0.00
1733600264, 2589203, 0, 40, 0, 0, 0.14%, 8, 0, 11, 0.00
1733600269, 2605422, 0, 40, 0, 0, 0.14%, 8, 0, 11, 0.00
1733600274, 2621669, 0, 40, 0, 0, 0.14%, 8, 0, 11, 0.00
1733600279, 2637895, 0, 40, 0, 0, 0.14%, 8, 0, 11, 0.00
1733600285, 2654167, 0, 40, 0, 0, 0.14%, 8, 0, 11, 0.00
1733600290, 2670387, 0, 40, 0, 0, 0.14%, 8, 0, 11, 0.00
1733600295, 2686562, 0, 40, 0, 0, 0.14%, 8, 0, 11, 0.00
1733600300, 2702774, 0, 40, 0, 0, 0.14%, 8, 0, 11, 0.00
1733600305, 2718959, 0, 40, 0, 0, 0.14%, 8, 0, 11, 0.00
1733600311, 2735204, 0, 40, 0, 0, 0.14%, 8, 0, 11, 0.00
1733600316, 2751352, 0, 40, 0, 0, 0.14%, 8, 0, 11, 0.00
1733600321, 2767541, 0, 40, 0, 0, 0.14%, 8, 0, 11, 0.00
1733600326, 2783807, 0, 40, 0, 0, 0.14%, 8, 0, 11, 0.00
1733600331, 2800112, 0, 40, 0, 0, 0.14%, 8, 0, 11, 0.00
1733600337, 2816295, 0, 40, 0, 0, 0.14%, 8, 0, 11, 0.00
1733600342, 2832502, 0, 40, 0, 0, 0.14%, 8, 0, 11, 0.00
1733600347, 2848674, 0, 40, 0, 0, 0.14%, 8, 0, 11, 0.00
1733600352, 2864864, 0, 40, 0, 0, 0.14%, 8, 0, 11, 0.00
1733600357, 2881033, 0, 40, 0, 0, 0.14%, 8, 0, 11, 0.00
1733600363, 2897180, 0, 40, 0, 0, 0.14%, 8, 0, 11, 0.00
1733600368, 2913378, 0, 40, 0, 0, 0.14%, 8, 0, 11, 0.00
1733600373, 2929559, 0, 40, 0, 0, 0.14%, 8, 0, 11, 0.00
1733600378, 2945767, 0, 40, 0, 0, 0.14%, 8, 0, 11, 0.00
1733600383, 2962007, 0, 40, 0, 0, 0.14%, 8, 0, 11, 0.00
1733600389, 2978207, 0, 40, 0, 0, 0.14%, 8, 0, 11, 0.00
1733600394, 2994393, 0, 40, 0, 0, 0.14%, 8, 0, 11, 0.00
1733600399, 3010668, 0, 40, 0, 0, 0.14%, 8, 0, 11, 0.00
1733600404, 3026859, 0, 40, 0, 0, 0.14%, 8, 0, 11, 0.00
1733600409, 3043035, 0, 40, 0, 0, 0.14%, 8, 0, 11, 0.00
1733600415, 3059241, 0, 40, 0, 0, 0.14%, 8, 0, 11, 0.00
1733600420, 3075476, 0, 40, 0, 0, 0.14%, 8, 0, 11, 0.00
1733600425, 3091623, 0, 40, 0, 0, 0.14%, 8, 0, 11, 0.00
1733600430, 3107853, 0, 40, 0, 0, 0.14%, 8, 0, 11, 0.00
1733600435, 3124059, 0, 40, 0, 0, 0.14%, 8, 0, 11, 0.00
1733600441, 3140250, 0, 40, 0, 0, 0.14%, 8, 0, 11, 0.00
1733600446, 3156519, 0, 40, 0, 0, 0.14%, 8, 0, 11, 0.00
1733600451, 3172775, 0, 40, 0, 0, 0.14%, 8, 0, 11, 0.00
1733600456, 3188974, 0, 40, 0, 0, 0.14%, 8, 0, 11, 0.00
1733600461, 3205175, 0, 40, 0, 0, 0.14%, 8, 0, 11, 0.00
1733600467, 3221398, 0, 40, 0, 0, 0.14%, 8, 0, 11, 0.00
1733600472, 3237675, 0, 40, 0, 0, 0.14%, 8, 0, 11, 0.00
1733600477, 3253883, 0, 40, 0, 0, 0.14%, 8, 0, 11, 0.00
1733600482, 3270137, 0, 40, 0, 0, 0.14%, 8, 0, 11, 0.00
1733600487, 3286318, 0, 40, 0, 0, 0.14%, 8, 0, 11, 0.00
1733600493, 3302465, 0, 40, 0, 0, 0.14%, 8, 0, 11, 0.00
1733600498, 3318662, 0, 40, 0, 0, 0.14%, 8, 0, 11, 0.00
1733600503, 3334906, 0, 40, 0, 0, 0.14%, 8, 0, 11, 0.00
1733600508, 3351138, 0, 40, 0, 0, 0.14%, 8, 0, 11, 0.00
1733600513, 3367347, 0, 40, 0, 0, 0.14%, 8, 0, 11, 0.00
1733600519, 3383616, 0, 40, 0, 0, 0.14%, 8, 0, 11, 0.00
1733600524, 3399788, 0, 40, 0, 0, 0.14%, 8, 0, 11, 0.00
1733600529, 3416019, 0, 40, 0, 0, 0.14%, 8, 0, 11, 0.00
1733600534, 3432285, 0, 40, 0, 0, 0.14%, 8, 0, 11, 0.00
1733600539, 3448465, 0, 40, 0, 0, 0.14%, 8, 0, 11, 0.00
1733600545, 3464599, 0, 40, 0, 0, 0.14%, 8, 0, 11, 0.00
1733600550, 3480778, 0, 40, 0, 0, 0.14%, 8, 0, 11, 0.00
1733600555, 3496934, 0, 40, 0, 0, 0.14%, 8, 0, 11, 0.00
1733600560, 3513222, 0, 40, 0, 0, 0.14%, 8, 0, 11, 0.00
1733600565, 3529434, 0, 40, 0, 0, 0.14%, 8, 0, 11, 0.00
1733600571, 3545726, 0, 40, 0, 0, 0.14%, 8, 0, 11, 0.00
1733600576, 3561851, 0, 40, 0, 0, 0.14%, 8, 0, 11, 0.00
1733600581, 3578069, 0, 40, 0, 0, 0.14%, 8, 0, 11, 0.00
1733600586, 3594253, 0, 40, 0, 0, 0.14%, 8, 0, 11, 0.00
1733600591, 3610457, 0, 40, 0, 0, 0.14%, 8, 0, 11, 0.00
1733600597, 3626684, 0, 40, 0, 0, 0.14%, 8, 0, 11, 0.00
1733600602, 3642929, 0, 40, 0, 0, 0.14%, 8, 0, 11, 0.00
1733600607, 3659146, 0, 40, 0, 0, 0.14%, 8, 0, 11, 0.00
1733600612, 3675383, 0, 40, 0, 0, 0.14%, 8, 0, 11, 0.00
1733600617, 3691601, 0, 40, 0, 0, 0.14%, 8, 0, 11, 0.00
1733600623, 3707731, 0, 40, 0, 0, 0.14%, 8, 0, 11, 0.00
1733600628, 3723897, 0, 40, 0, 0, 0.14%, 8, 0, 11, 0.00
1733600633, 3740111, 0, 40, 0, 0, 0.14%, 8, 0, 11, 0.00
1733600638, 3756295, 0, 40, 0, 0, 0.14%, 8, 0, 11, 0.00
1733600643, 3772493, 0, 40, 0, 0, 0.14%, 8, 0, 11, 0.00
1733600649, 3788811, 0, 40, 0, 0, 0.14%, 8, 0, 11, 0.00
1733600654, 3805049, 0, 40, 0, 0, 0.14%, 8, 0, 11, 0.00
1733600659, 3821180, 0, 40, 0, 0, 0.14%, 8, 0, 11, 0.00
1733600664, 3837445, 0, 40, 0, 0, 0.14%, 8, 0, 11, 0.00
1733600669, 3853661, 0, 40, 0, 0, 0.14%, 8, 0, 11, 0.00
1733600675, 3869947, 0, 40, 0, 0, 0.14%, 8, 0, 11, 0.00
1733600680, 3886109, 0, 40, 0, 0, 0.14%, 8, 0, 11, 0.00
1733600685, 3902333, 0, 40, 0, 0, 0.14%, 8, 0, 11, 0.00
1733600690, 3918608, 0, 40, 0, 0, 0.14%, 8, 0, 11, 0.00
1733600695, 3934795, 0, 40, 0, 0, 0.14%, 8, 0, 11, 0.00
1733600701, 3950976, 0, 40, 0, 0, 0.14%, 8, 0, 11, 0.00
1733600706, 3967118, 0, 40, 0, 0, 0.14%, 8, 0, 11, 0.00
1733600711, 3983342, 0, 40, 0, 0, 0.14%, 8, 0, 11, 0.00
1733600716, 3999601, 0, 40, 0, 0, 0.14%, 8, 0, 11, 0.00
1733600721, 4015850, 0, 40, 0, 0, 0.14%, 8, 0, 11, 0.00
1733600727, 4031990, 0, 40, 0, 0, 0.14%, 8, 0, 11, 0.00
1733600732, 4048199, 0, 40, 0, 0, 0.14%, 8, 0, 11, 0.00
1733600737, 4064419, 0, 40, 0, 0, 0.14%, 8, 0, 11, 0.00
1733600742, 4080635, 0, 40, 0, 0, 0.14%, 8, 0, 11, 0.00
1733600747, 4096904, 0, 40, 0, 0, 0.14%, 8, 0, 11, 0.00
1733600753, 4113198, 0, 40, 0, 0, 0.14%, 8, 0, 11, 0.00
1733600758, 4129417, 0, 40, 0, 0, 0.14%, 8, 0, 11, 0.00
1733600763, 4145626, 0, 40, 0, 0, 0.14%, 8, 0, 11, 0.00
1733600768, 4161782, 0, 40, 0, 0, 0.14%, 8, 0, 11, 0.00
1733600773, 4178009, 0, 40, 0, 0, 0.14%, 8, 0, 11, 0.00
1733600779, 4194240, 0, 40, 0, 0, 0.14%, 8, 0, 11, 0.00
1733600784, 4210437, 0, 40, 0, 0, 0.14%, 8, 0, 11, 0.00
1733600789, 4226655, 0, 40, 0, 0, 0.14%, 8, 0, 11, 0.00
1733600794, 4242919, 0, 40, 0, 0, 0.14%, 8, 0, 11, 0.00
1733600799, 4259073, 0, 40, 0, 0, 0.14%, 8, 0, 11, 0.00
1733600805, 4275250, 0, 40, 0, 0, 0.14%, 8, 0, 11, 0.00
1733600810, 4291443, 0, 40, 0, 0, 0.14%, 8, 0, 11, 0.00
1733600815, 4307565, 0, 40, 0, 0, 0.14%, 8, 0, 11, 0.00
1733600820, 4323713, 0, 40, 0, 0, 0.14%, 8, 0, 11, 0.00
1733600825, 4339965, 0, 40, 0, 0, 0.14%, 8, 0, 11, 0.00
1733600831, 4356198, 0, 40, 0, 0, 0.14%, 8, 0, 11, 0.00
1733600836, 4372506, 0, 40, 0, 0, 0.14%, 8, 0, 11, 0.00
1733600841, 4388683, 0, 40, 0, 0, 0.14%, 8, 0, 11, 0.00
1733600846, 4404906, 0, 40, 0, 0, 0.14%, 8, 0, 11, 0.00
1733600851, 4421136, 0, 40, 0, 0, 0.14%, 8, 0, 11, 0.00
1733600857, 4437338, 0, 40, 0, 0, 0.14%, 8, 0, 11, 0.00
1733600862, 4453568, 0, 40, 0, 0, 0.14%, 8, 0, 11, 0.00
1733600867, 4469720, 0, 40, 0, 0, 0.14%, 8, 0, 11, 0.00
1733600872, 4485934, 0, 40, 0, 0, 0.14%, 8, 0, 11, 0.00
1733600877, 4502151, 0, 40, 0, 0, 0.14%, 8, 0, 11, 0.00
1733600883, 4518360, 0, 40, 0, 0, 0.14%, 8, 0, 11, 0.00
1733600888, 4534512, 0, 40, 0, 0, 0.14%, 8, 0, 11, 0.00
1733600893, 4550689, 0, 40, 0, 0, 0.14%, 8, 0, 11, 0.00
1733600898, 4566917, 0, 40, 0, 0, 0.14%, 8, 0, 11, 0.00
1733600903, 4583131, 0, 40, 0, 0, 0.14%, 8, 0, 11, 0.00
1733600909, 4599403, 0, 40, 0, 0, 0.14%, 8, 0, 11, 0.00
1733600914, 4615615, 0, 40, 0, 0, 0.14%, 8, 0, 11, 0.00
1733600919, 4631783, 0, 40, 0, 0, 0.14%, 8, 0, 11, 0.00
1733600924, 4648016, 0, 40, 0, 0, 0.14%, 8, 0, 11, 0.00
1733600929, 4664241, 0, 40, 0, 0, 0.14%, 8, 0, 11, 0.00
1733600935, 4680498, 0, 40, 0, 0, 0.14%, 8, 0, 11, 0.00
1733600940, 4696822, 0, 40, 0, 0, 0.14%, 8, 0, 11, 0.00
1733600945, 4713057, 0, 40, 0, 0, 0.14%, 8, 0, 11, 0.00
1733600950, 4729272, 0, 40, 0, 0, 0.14%, 8, 0, 11, 0.00
1733600955, 4745509, 0, 40, 0, 0, 0.14%, 8, 0, 11, 0.00
1733600961, 4761775, 0, 40, 0, 0, 0.14%, 8, 0, 11, 0.00
1733600966, 4778000, 0, 40, 0, 0, 0.14%, 8, 0, 11, 0.00
1733600971, 4794197, 0, 40, 0, 0, 0.14%, 8, 0, 11, 0.00
1733600976, 4810421, 0, 40, 0, 0, 0.14%, 8, 0, 11, 0.00
1733600981, 4826620, 0, 40, 0, 0, 0.14%, 8, 0, 11, 0.00
1733600987, 4842900, 0, 40, 0, 0, 0.14%, 8, 0, 11, 0.00
1733600992, 4859115, 0, 40, 0, 0, 0.14%, 8, 0, 11, 0.00
1733600997, 4875333, 0, 40, 0, 0, 0.14%, 8, 0, 11, 0.00
1733601002, 4891528, 0, 40, 0, 0, 0.14%, 8, 0, 11, 0.00
1733601007, 4907768, 0, 40, 0, 0, 0.14%, 8, 0, 11, 0.00
1733601013, 4923949, 0, 40, 0, 0, 0.14%, 8, 0, 11, 0.00
1733601018, 4940161, 0, 40, 0, 0, 0.14%, 8, 0, 11, 0.00
1733601023, 4956326, 0, 40, 0, 0, 0.14%, 8, 0, 11, 0.00
1733601028, 4972586, 0, 40, 0, 0, 0.14%, 8, 0, 11, 0.00
1733601033, 4988783, 0, 40, 0, 0, 0.14%, 8, 0, 11, 0.00
1733601039, 5004969, 0, 40, 0, 0, 0.14%, 8, 0, 11, 0.00
1733601044, 5021150, 0, 40, 0, 0, 0.14%, 8, 0, 11, 0.00
1733601049, 5037356, 0, 40, 0, 0, 0.14%, 8, 0, 11, 0.00
1733601054, 5053591, 0, 40, 0, 0, 0.14%, 8, 0, 11, 0.00
1733601059, 5069825, 0, 40, 0, 0, 0.14%, 8, 0, 11, 0.00
1733601065, 5086068, 0, 40, 0, 0, 0.14%, 8, 0, 11, 0.00
1733601070, 5102285, 0, 40, 0, 0, 0.14%, 8, 0, 11, 0.00
1733601075, 5118452, 0, 40, 0, 0, 0.14%, 8, 0, 11, 0.00
1733601080, 5134680, 0, 40, 0, 0, 0.14%, 8, 0, 11, 0.00
1733601085, 5150795, 0, 40, 0, 0, 0.14%, 8, 0, 11, 0.00
1733601091, 5166986, 0, 40, 0, 0, 0.14%, 8, 0, 11, 0.00
1733601096, 5183213, 0, 40, 0, 0, 0.14%, 8, 0, 11, 0.00
1733601101, 5199505, 0, 40, 0, 0, 0.14%, 8, 0, 11, 0.00
1733601106, 5215678, 0, 40, 0, 0, 0.14%, 8, 0, 11, 0.00
1733601111, 5231885, 0, 40, 0, 0, 0.14%, 8, 0, 11, 0.00
1733601117, 5248159, 0, 40, 0, 0, 0.14%, 8, 0, 11, 0.00
1733601122, 5264409, 0, 40, 0, 0, 0.14%, 8, 0, 11, 0.00
1733601127, 5280640, 0, 40, 0, 0, 0.14%, 8, 0, 11, 0.00
1733601132, 5296869, 0, 40, 0, 0, 0.14%, 8, 0, 11, 0.00
1733601137, 5313047, 0, 40, 0, 0, 0.14%, 8, 0, 11, 0.00
1733601143, 5329256, 0, 40, 0, 0, 0.14%, 8, 0, 11, 0.00
1733601148, 5345484, 0, 40, 0, 0, 0.14%, 8, 0, 11, 0.00
1733601153, 5361751, 0, 40, 0, 0, 0.14%, 8, 0, 11, 0.00
1733601158, 5377900, 0, 40, 0, 0, 0.14%, 8, 0, 11, 0.00
1733601163, 5394105, 0, 40, 0, 0, 0.14%, 8, 0, 11, 0.00
1733601169, 5410319, 0, 40, 0, 0, 0.14%, 8, 0, 11, 0.00
1733601174, 5426511, 0, 40, 0, 0, 0.14%, 8, 0, 11, 0.00
1733601179, 5442814, 0, 40, 0, 0, 0.14%, 8, 0, 11, 0.00
1733601184, 5459047, 0, 40, 0, 0, 0.14%, 8, 0, 11, 0.00
1733601189, 5475172, 0, 40, 0, 0, 0.14%, 8, 0, 11, 0.00
1733601195, 5491405, 0, 40, 0, 0, 0.14%, 8, 0, 11, 0.00
1733601200, 5507612, 0, 40, 0, 0, 0.14%, 8, 0, 11, 0.00
1733601205, 5523881, 0, 40, 0, 0, 0.14%, 8, 0, 11, 0.00
1733601210, 5540095, 0, 40, 0, 0, 0.14%, 8, 0, 11, 0.00
1733601215, 5556312, 0, 40, 0, 0, 0.14%, 8, 0, 11, 0.00
1733601221, 5572519, 0, 40, 0, 0, 0.14%, 8, 0, 11, 0.00
1733601226, 5588725, 0, 40, 0, 0, 0.14%, 8, 0, 11, 0.00
1733601231, 5604923, 0, 40, 0, 0, 0.14%, 8, 0, 11, 0.00
1733601236, 5621117, 0, 40, 0, 0, 0.14%, 8, 0, 11, 0.00
1733601241, 5637364, 0, 40, 0, 0, 0.14%, 8, 0, 11, 0.00
1733601247, 5653490, 0, 40, 0, 0, 0.14%, 8, 0, 11, 0.00
1733601252, 5669735, 0, 40, 0, 0, 0.14%, 8, 0, 11, 0.00
1733601257, 5685867, 0, 40, 0, 0, 0.14%, 8, 0, 11, 0.00
1733601262, 5702039, 0, 40, 0, 0, 0.14%, 8, 0, 11, 0.00
1733601267, 5718285, 0, 40, 0, 0, 0.14%, 8, 0, 11, 0.00
1733601273, 5734505, 0, 40, 0, 0, 0.14%, 8, 0, 11, 0.00
1733601278, 5750680, 0, 40, 0, 0, 0.14%, 8, 0, 11, 0.00
1733601283, 5766883, 0, 40, 0, 0, 0.14%, 8, 0, 11, 0.00
1733601288, 5783085, 0, 40, 0, 0, 0.14%, 8, 0, 11, 0.00
1733601293, 5799320, 0, 40, 0, 0, 0.14%, 8, 0, 11, 0.00
1733601299, 5815503, 0, 40, 0, 0, 0.14%, 8, 0, 11, 0.00
1733601304, 5831702, 0, 40, 0, 0, 0.14%, 8, 0, 11, 0.00
1733601309, 5847996, 0, 40, 0, 0, 0.14%, 8, 0, 11, 0.00
1733601314, 5864192, 0, 40, 0, 0, 0.14%, 8, 0, 11, 0.00
1733601319, 5880439, 0, 40, 0, 0, 0.14%, 8, 0, 11, 0.00
1733601325, 5896642, 0, 40, 0, 0, 0.14%, 8, 0, 11, 0.00
1733601330, 5912855, 0, 40, 0, 0, 0.14%, 8, 0, 11, 0.00
1733601335, 5929117, 0, 40, 0, 0, 0.14%, 8, 0, 11, 0.00
1733601340, 5945386, 0, 40, 0, 0, 0.14%, 8, 0, 11, 0.00
1733601345, 5961649, 0, 40, 0, 0, 0.14%, 8, 0, 11, 0.00
1733601351, 5977834, 0, 40, 0, 0, 0.14%, 8, 0, 11, 0.00
1733601356, 5994018, 0, 40, 0, 0, 0.14%, 8, 0, 11, 0.00
1733601361, 6010200, 0, 40, 0, 0, 0.14%, 8, 0, 11, 0.00
1733601366, 6026392, 0, 40, 0, 0, 0.14%, 8, 0, 11, 0.00
1733601371, 6042581, 0, 40, 0, 0, 0.14%, 8, 0, 11, 0.00
1733601377, 6058836, 0, 40, 0, 0, 0.14%, 8, 0, 11, 0.00
1733601382, 6075109, 0, 40, 0, 0, 0.14%, 8, 0, 11, 0.00
1733601387, 6091313, 0, 40, 0, 0, 0.14%, 8, 0, 11, 0.00
1733601392, 6107606, 0, 40, 0, 0, 0.14%, 8, 0, 11, 0.00
1733601397, 6123796, 0, 40, 0, 0, 0.14%, 8, 0, 11, 0.00
1733601403, 6140060, 0, 40, 0, 0, 0.14%, 8, 0, 11, 0.00
1733601408, 6156228, 0, 40, 0, 0, 0.14%, 8, 0, 11, 0.00
1733601413, 6172492, 0, 40, 0, 0, 0.14%, 8, 0, 11, 0.00
1733601418, 6188893, 0, 40, 0, 0, 0.14%, 8, 0, 11, 0.00
1733601423, 6205154, 0, 40, 0, 0, 0.14%, 8, 0, 11, 0.00
1733601429, 6221401, 0, 40, 0, 0, 0.14%, 8, 0, 11, 0.00
1733601434, 6237666, 0, 40, 0, 0, 0.14%, 8, 0, 11, 0.00
1733601439, 6253896, 0, 40, 0, 0, 0.14%, 8, 0, 11, 0.00
1733601444, 6270177, 0, 40, 0, 0, 0.14%, 8, 0, 11, 0.00
1733601449, 6286420, 0, 40, 0, 0, 0.14%, 8, 0, 11, 0.00
1733601455, 6302631, 0, 40, 0, 0, 0.14%, 8, 0, 11, 0.00
1733601460, 6318770, 0, 40, 0, 0, 0.14%, 8, 0, 11, 0.00
1733601465, 6334976, 0, 40, 0, 0, 0.14%, 8, 0, 11, 0.00
1733601470, 6351246, 0, 40, 0, 0, 0.14%, 8, 0, 11, 0.00
1733601475, 6367518, 0, 40, 0, 0, 0.14%, 8, 0, 11, 0.00
1733601481, 6383715, 0, 40, 0, 0, 0.14%, 8, 0, 11, 0.00
1733601486, 6399969, 0, 40, 0, 0, 0.14%, 8, 0, 11, 0.00
1733601491, 6416201, 0, 40, 0, 0, 0.14%, 8, 0, 11, 0.00
1733601496, 6432421, 0, 40, 0, 0, 0.14%, 8, 0, 11, 0.00
1733601501, 6448623, 0, 40, 0, 0, 0.14%, 8, 0, 11, 0.00
1733601507, 6464821, 0, 40, 0, 0, 0.14%, 8, 0, 11, 0.00
1733601512, 6481050, 0, 40, 0, 0, 0.14%, 8, 0, 11, 0.00
1733601517, 6497329, 0, 40, 0, 0, 0.14%, 8, 0, 11, 0.00
1733601522, 6513494, 0, 40, 0, 0, 0.14%, 8, 0, 11, 0.00
1733601527, 6529690, 0, 40, 0, 0, 0.14%, 8, 0, 11, 0.00
1733601533, 6545808, 0, 40, 0, 0, 0.14%, 8, 0, 11, 0.00
1733601538, 6561952, 0, 40, 0, 0, 0.14%, 8, 0, 11, 0.00
1733601543, 6578137, 0, 40, 0, 0, 0.14%, 8, 0, 11, 0.00
1733601548, 6594336, 0, 40, 0, 0, 0.14%, 8, 0, 11, 0.00
1733601553, 6610510, 0, 40, 0, 0, 0.14%, 8, 0, 11, 0.00
1733601559, 6626669, 0, 40, 0, 0, 0.14%, 8, 0, 11, 0.00
1733601564, 6642845, 0, 40, 0, 0, 0.14%, 8, 0, 11, 0.00
1733601569, 6659072, 0, 40, 0, 0, 0.14%, 8, 0, 11, 0.00
1733601574, 6675241, 0, 40, 0, 0, 0.14%, 8, 0, 11, 0.00
1733601579, 6691460, 0, 40, 0, 0, 0.14%, 8, 0, 11, 0.00
1733601585, 6707710, 0, 40, 0, 0, 0.14%, 8, 0, 11, 0.00
1733601590, 6723975, 0, 40, 0, 0, 0.14%, 8, 0, 11, 0.00
1733601595, 6740184, 0, 40, 0, 0, 0.14%, 8, 0, 11, 0.00
1733601600, 6756436, 0, 40, 0, 0, 0.14%, 8, 0, 11, 0.00
1733601605, 6772679, 0, 40, 0, 0, 0.14%, 8, 0, 11, 0.00
1733601611, 6788904, 0, 40, 0, 0, 0.14%, 8, 0, 11, 0.00
1733601616, 6805134, 0, 40, 0, 0, 0.14%, 8, 0, 11, 0.00
1733601621, 6821324, 0, 40, 0, 0, 0.14%, 8, 0, 11, 0.00
1733601626, 6837558, 0, 40, 0, 0, 0.14%, 8, 0, 11, 0.00
1733601631, 6853829, 0, 40, 0, 0, 0.14%, 8, 0, 11, 0.00
1733601637, 6870008, 0, 40, 0, 0, 0.14%, 8, 0, 11, 0.00
1733601642, 6886219, 0, 40, 0, 0, 0.14%, 8, 0, 11, 0.00
1733601647, 6902386, 0, 40, 0, 0, 0.14%, 8, 0, 11, 0.00
1733601652, 6918632, 0, 40, 0, 0, 0.14%, 8, 0, 11, 0.00
1733601657, 6934846, 0, 40, 0, 0, 0.14%, 8, 0, 11, 0.00
1733601663, 6951113, 0, 40, 0, 0, 0.14%, 8, 0, 11, 0.00
1733601668, 6967341, 0, 40, 0, 0, 0.14%, 8, 0, 11, 0.00
1733601673, 6983599, 0, 40, 0, 0, 0.14%, 8, 0, 11, 0.00
1733601678, 6999830, 0, 40, 0, 0, 0.14%, 8, 0, 11, 0.00
1733601683, 7016032, 0, 40, 0, 0, 0.14%, 8, 0, 11, 0.00
1733601689, 7032340, 0, 40, 0, 0, 0.14%, 8, 0, 11, 0.00
1733601694, 7048520, 0, 40, 0, 0, 0.14%, 8, 0, 11, 0.00
1733601699, 7064777, 0, 40, 0, 0, 0.14%, 8, 0, 11, 0.00
1733601704, 7080904, 0, 40, 0, 0, 0.14%, 8, 0, 11, 0.00
1733601709, 7097174, 0, 40, 0, 0, 0.14%, 8, 0, 11, 0.00
1733601715, 7113419, 0, 40, 0, 0, 0.14%, 8, 0, 11, 0.00
1733601720, 7129651, 0, 40, 0, 0, 0.14%, 8, 0, 11, 0.00
1733601725, 7145857, 0, 40, 0, 0, 0.14%, 8, 0, 11, 0.00
1733601730, 7162103, 0, 40, 0, 0, 0.14%, 8, 0, 11, 0.00
1733601735, 7178278, 0, 40, 0, 0, 0.14%, 8, 0, 11, 0.00
1733601741, 7194495, 0, 40, 0, 0, 0.14%, 8, 0, 11, 0.00
1733601746, 7210724, 0, 40, 0, 0, 0.14%, 8, 0, 11, 0.00
1733601751, 7227025, 0, 40, 0, 0, 0.14%, 8, 0, 11, 0.00
1733601756, 7243287, 0, 40, 0, 0, 0.14%, 8, 0, 11, 0.00
1733601761, 7259516, 0, 40, 0, 0, 0.14%, 8, 0, 11, 0.00
1733601767, 7275696, 0, 40, 0, 0, 0.14%, 8, 0, 11, 0.00
1733601772, 7291813, 0, 40, 0, 0, 0.14%, 8, 0, 11, 0.00
1733601777, 7308013, 0, 40, 0, 0, 0.14%, 8, 0, 11, 0.00
1733601782, 7324230, 0, 40, 0, 0, 0.14%, 8, 0, 11, 0.00
1733601787, 7340381, 0, 40, 0, 0, 0.14%, 8, 0, 11, 0.00
1733601793, 7356568, 0, 40, 0, 0, 0.14%, 8, 0, 11, 0.00
1733601798, 7372729, 0, 40, 0, 0, 0.14%, 8, 0, 11, 0.00
1733601803, 7388911, 0, 40, 0, 0, 0.14%, 8, 0, 11, 0.00
1733601808, 7405171, 0, 40, 0, 0, 0.14%, 8, 0, 11, 0.00
1733601813, 7421397, 0, 40, 0, 0, 0.14%, 8, 0, 11, 0.00
1733601819, 7437639, 0, 40, 0, 0, 0.14%, 8, 0, 11, 0.00
1733601824, 7453860, 0, 40, 0, 0, 0.14%, 8, 0, 11, 0.00
1733601829, 7470101, 0, 40, 0, 0, 0.14%, 8, 0, 11, 0.00
1733601834, 7486323, 0, 40, 0, 0, 0.14%, 8, 0, 11, 0.00
1733601839, 7502497, 0, 40, 0, 0, 0.14%, 8, 0, 11, 0.00
1733601845, 7518719, 0, 40, 0, 0, 0.14%, 8, 0, 11, 0.00
1733601850, 7534871, 0, 40, 0, 0, 0.14%, 8, 0, 11, 0.00
1733601855, 7551078, 0, 40, 0, 0, 0.14%, 8, 0, 11, 0.00
1733601860, 7567333, 0, 40, 0, 0, 0.14%, 8, 0, 11, 0.00
1733601865, 7583613, 0, 40, 0, 0, 0.14%, 8, 0, 11, 0.00
1733601871, 7599795, 0, 40, 0, 0, 0.14%, 8, 0, 11, 0.00
1733601876, 7615954, 0, 40, 0, 0, 0.14%, 8, 0, 11, 0.00
1733601881, 7632158, 0, 40, 0, 0, 0.14%, 8, 0, 11, 0.00
1733601886, 7648295, 0, 40, 0, 0, 0.14%, 8, 0, 11, 0.00
1733601891, 7664516, 0, 40, 0, 0, 0.14%, 8, 0, 11, 0.00
1733601897, 7680773, 0, 40, 0, 0, 0.14%, 8, 0, 11, 0.00
1733601902, 7697025, 0, 40, 0, 0, 0.14%, 8, 0, 11, 0.00
1733601907, 7713242, 0, 40, 0, 0, 0.14%, 8, 0, 11, 0.00
1733601912, 7729513, 0, 40, 0, 0, 0.14%, 8, 0, 11, 0.00
1733601917, 7745724, 0, 40, 0, 0, 0.14%, 8, 0, 11, 0.00
1733601923, 7761934, 0, 40, 0, 0, 0.14%, 8, 0, 11, 0.00
1733601928, 7778257, 0, 40, 0, 0, 0.14%, 8, 0, 11, 0.00
1733601933, 7794441, 0, 40, 0, 0, 0.14%, 8, 0, 11, 0.00
1733601938, 7810650, 0, 40, 0, 0, 0.14%, 8, 0, 11, 0.00
1733601943, 7826906, 0, 40, 0, 0, 0.14%, 8, 0, 11, 0.00
1733601949, 7843043, 0, 40, 0, 0, 0.14%, 8, 0, 11, 0.00
1733601954, 7859282, 0, 40, 0, 0, 0.14%, 8, 0, 11, 0.00
1733601959, 7875525, 0, 40, 0, 0, 0.14%, 8, 0, 11, 0.00
1733601964, 7891804, 0, 40, 0, 0, 0.14%, 8, 0, 11, 0.00
1733601969, 7908011, 0, 40, 0, 0, 0.14%, 8, 0, 11, 0.00
1733601975, 7924239, 0, 40, 0, 0, 0.14%, 8, 0, 11, 0.00
1733601980, 7940415, 0, 40, 0, 0, 0.14%, 8, 0, 11, 0.00
1733601985, 7956691, 0, 40, 0, 0, 0.14%, 8, 0, 11, 0.00
1733601990, 7972910, 0, 40, 0, 0, 0.14%, 8, 0, 11, 0.00
1733601995, 7989115, 0, 40, 0, 0, 0.14%, 8, 0, 11, 0.00
1733602001, 8005244, 0, 40, 0, 0, 0.14%, 8, 0, 11, 0.00
1733602006, 8021384, 0, 40, 0, 0, 0.14%, 8, 0, 11, 0.00
1733602011, 8037574, 0, 40, 0, 0, 0.14%, 8, 0, 11, 0.00
1733602016, 8053795, 0, 40, 0, 0, 0.14%, 8, 0, 11, 0.00
1733602021, 8069918, 0, 40, 0, 0, 0.14%, 8, 0, 11, 0.00
1733602027, 8086075, 0, 40, 0, 0, 0.14%, 8, 0, 11, 0.00
1733602032, 8102313, 0, 40, 0, 0, 0.14%, 8, 0, 11, 0.00
1733602037, 8118566, 0, 40, 0, 0, 0.14%, 8, 0, 11, 0.00
1733602042, 8134785, 0, 40, 0, 0, 0.14%, 8, 0, 11, 0.00
1733602047, 8151036, 0, 40, 0, 0, 0.14%, 8, 0, 11, 0.00
1733602053, 8167245, 0, 40, 0, 0, 0.14%, 8, 0, 11, 0.00
1733602058, 8183493, 0, 40, 0, 0, 0.14%, 8, 0, 11, 0.00
1733602063, 8199821, 0, 40, 0, 0, 0.14%, 8, 0, 11, 0.00
1733602068, 8216103, 0, 40, 0, 0, 0.14%, 8, 0, 11, 0.00
1733602073, 8232287, 0, 40, 0, 0, 0.14%, 8, 0, 11, 0.00
1733602079, 8248457, 0, 40, 0, 0, 0.14%, 8, 0, 11, 0.00
1733602084, 8264656, 0, 40, 0, 0, 0.14%, 8, 0, 11, 0.00
1733602089, 8280925, 0, 40, 0, 0, 0.14%, 8, 0, 11, 0.00
1733602094, 8297091, 0, 40, 0, 0, 0.14%, 8, 0, 11, 0.00
1733602099, 8313344, 0, 40, 0, 0, 0.14%, 8, 0, 11, 0.00
1733602105, 8329569, 0, 40, 0, 0, 0.14%, 8, 0, 11, 0.00
1733602110, 8345755, 0, 40, 0, 0, 0.14%, 8, 0, 11, 0.00
1733602115, 8361872, 0, 40, 0, 0, 0.14%, 8, 0, 11, 0.00
1733602120, 8378081, 0, 40, 0, 0, 0.14%, 8, 0, 11, 0.00
1733602125, 8394312, 0, 40, 0, 0, 0.14%, 8, 0, 11, 0.00
1733602131, 8410478, 0, 40, 0, 0, 0.14%, 8, 0, 11, 0.00
1733602136, 8426692, 0, 40, 0, 0, 0.14%, 8, 0, 11, 0.00
1733602141, 8442910, 0, 40, 0, 0, 0.14%, 8, 0, 11, 0.00
1733602146, 8459049, 0, 40, 0, 0, 0.14%, 8, 0, 11, 0.00
1733602151, 8475304, 0, 40, 0, 0, 0.14%, 8, 0, 11, 0.00
1733602157, 8491453, 0, 40, 0, 0, 0.14%, 8, 0, 11, 0.00
1733602162, 8507688, 0, 40, 0, 0, 0.14%, 8, 0, 11, 0.00
1733602167, 8523894, 0, 40, 0, 0, 0.14%, 8, 0, 11, 0.00
1733602172, 8540139, 0, 40, 0, 0, 0.14%, 8, 0, 11, 0.00
1733602177, 8556304, 0, 40, 0, 0, 0.14%, 8, 0, 11, 0.00
1733602183, 8572469, 0, 40, 0, 0, 0.14%, 8, 0, 11, 0.00
1733602188, 8588730, 0, 40, 0, 0, 0.14%, 8, 0, 11, 0.00
1733602193, 8604978, 0, 40, 0, 0, 0.14%, 8, 0, 11, 0.00
1733602198, 8621272, 0, 40, 0, 0, 0.14%, 8, 0, 11, 0.00
1733602203, 8637458, 0, 40, 0, 0, 0.14%, 8, 0, 11, 0.00
1733602209, 8653712, 0, 40, 0, 0, 0.14%, 8, 0, 11, 0.00
1733602214, 8669953, 0, 40, 0, 0, 0.14%, 8, 0, 11, 0.00
1733602219, 8686173, 0, 40, 0, 0, 0.14%, 8, 0, 11, 0.00
1733602224, 8702442, 0, 40, 0, 0, 0.14%, 8, 0, 11, 0.00
1733602229, 8718658, 0, 40, 0, 0, 0.14%, 8, 0, 11, 0.00
1733602235, 8734819, 0, 40, 0, 0, 0.14%, 8, 0, 11, 0.00
1733602240, 8751043, 0, 40, 0, 0, 0.14%, 8, 0, 11, 0.00
1733602245, 8767340, 0, 40, 0, 0, 0.14%, 8, 0, 11, 0.00
1733602250, 8783573, 0, 40, 0, 0, 0.14%, 8, 0, 11, 0.00
1733602255, 8799757, 0, 40, 0, 0, 0.14%, 8, 0, 11, 0.00
1733602261, 8815966, 0, 40, 0, 0, 0.14%, 8, 0, 11, 0.00
1733602266, 8832243, 0, 40, 0, 0, 0.14%, 8, 0, 11, 0.00
1733602271, 8848473, 0, 40, 0, 0, 0.14%, 8, 0, 11, 0.00
1733602276, 8864727, 0, 40, 0, 0, 0.14%, 8, 0, 11, 0.00
1733602281, 8880911, 0, 40, 0, 0, 0.14%, 8, 0, 11, 0.00
1733602287, 8897232, 0, 40, 0, 0, 0.14%, 8, 0, 11, 0.00
1733602292, 8913437, 0, 40, 0, 0, 0.14%, 8, 0, 11, 0.00
1733602297, 8929661, 0, 40, 0, 0, 0.14%, 8, 0, 11, 0.00
1733602302, 8945956, 0, 40, 0, 0, 0.14%, 8, 0, 11, 0.00
1733602307, 8962189, 0, 40, 0, 0, 0.14%, 8, 0, 11, 0.00
1733602313, 8978420, 0, 40, 0, 0, 0.14%, 8, 0, 11, 0.00
1733602318, 8994638, 0, 40, 0, 0, 0.14%, 8, 0, 11, 0.00
1733602323, 9010867, 0, 40, 0, 0, 0.14%, 8, 0, 11, 0.00
1733602328, 9027094, 0, 40, 0, 0, 0.14%, 8, 0, 11, 0.00
1733602333, 9043296, 0, 40, 0, 0, 0.14%, 8, 0, 11, 0.00
1733602339, 9059623, 0, 40, 0, 0, 0.14%, 8, 0, 11, 0.00
1733602344, 9075837, 0, 40, 0, 0, 0.14%, 8, 0, 11, 0.00
1733602349, 9092019, 0, 40, 0, 0, 0.14%, 8, 0, 11, 0.00
1733602354, 9108256, 0, 40, 0, 0, 0.14%, 8, 0, 11, 0.00
1733602359, 9124368, 0, 40, 0, 0, 0.14%, 8, 0, 11, 0.00
1733602365, 9140557, 0, 40, 0, 0, 0.14%, 8, 0, 11, 0.00
1733602370, 9156716, 0, 40, 0, 0, 0.14%, 8, 0, 11, 0.00
1733602375, 9172916, 0, 40, 0, 0, 0.14%, 8, 0, 11, 0.00
1733602380, 9189141, 0, 40, 0, 0, 0.14%, 8, 0, 11, 0.00
1733602385, 9205423, 0, 40, 0, 0, 0.14%, 8, 0, 11, 0.00
1733602391, 9221647, 0, 40, 0, 0, 0.14%, 8, 0, 11, 0.00
1733602396, 9237897, 0, 40, 0, 0, 0.14%, 8, 0, 11, 0.00
1733602401, 9254067, 0, 40, 0, 0, 0.14%, 8, 0, 11, 0.00
1733602406, 9270275, 0, 40, 0, 0, 0.14%, 8, 0, 11, 0.00
1733602411, 9286526, 0, 40, 0, 0, 0.14%, 8, 0, 11, 0.00
1733602417, 9302733, 0, 40, 0, 0, 0.14%, 8, 0, 11, 0.00
1733602422, 9318965, 0, 40, 0, 0, 0.14%, 8, 0, 11, 0.00
1733602427, 9335247, 0, 40, 0, 0, 0.14%, 8, 0, 11, 0.00
1733602432, 9351445, 0, 40, 0, 0, 0.14%, 8, 0, 11, 0.00
1733602437, 9367695, 0, 40, 0, 0, 0.14%, 8, 0, 11, 0.00
1733602443, 9383906, 0, 40, 0, 0, 0.14%, 8, 0, 11, 0.00
1733602448, 9400112, 0, 40, 0, 0, 0.14%, 8, 0, 11, 0.00
1733602453, 9416358, 0, 40, 0, 0, 0.14%, 8, 0, 11, 0.00
1733602458, 9432574, 0, 40, 0, 0, 0.14%, 8, 0, 11, 0.00
1733602463, 9448796, 0, 40, 0, 0, 0.14%, 8, 0, 11, 0.00
1733602469, 9465007, 0, 40, 0, 0, 0.14%, 8, 0, 11, 0.00
1733602474, 9481234, 0, 40, 0, 0, 0.14%, 8, 0, 11, 0.00
1733602479, 9497551, 0, 40, 0, 0, 0.14%, 8, 0, 11, 0.00
1733602484, 9513772, 0, 40, 0, 0, 0.14%, 8, 0, 11, 0.00
1733602489, 9529984, 0, 40, 0, 0, 0.14%, 8, 0, 11, 0.00
1733602495, 9546190, 0, 40, 0, 0, 0.14%, 8, 0, 11, 0.00
1733602500, 9562398, 0, 40, 0, 0, 0.14%, 8, 0, 11, 0.00
1733602505, 9578621, 0, 40, 0, 0, 0.14%, 8, 0, 11, 0.00
1733602510, 9594871, 0, 40, 0, 0, 0.14%, 8, 0, 11, 0.00
1733602515, 9611086, 0, 40, 0, 0, 0.14%, 8, 0, 11, 0.00
1733602521, 9627350, 0, 40, 0, 0, 0.14%, 8, 0, 11, 0.00
1733602526, 9643527, 0, 40, 0, 0, 0.14%, 8, 0, 11, 0.00
1733602531, 9659742, 0, 40, 0, 0, 0.14%, 8, 0, 11, 0.00
1733602536, 9675989, 0, 40, 0, 0, 0.14%, 8, 0, 11, 0.00
1733602541, 9692208, 0, 40, 0, 0, 0.14%, 8, 0, 11, 0.00
1733602547, 9708333, 0, 40, 0, 0, 0.14%, 8, 0, 11, 0.00
1733602552, 9724651, 0, 40, 0, 0, 0.14%, 8, 0, 11, 0.00
1733602557, 9740874, 0, 40, 0, 0, 0.14%, 8, 0, 11, 0.00
1733602562, 9757010, 0, 40, 0, 0, 0.14%, 8, 0, 11, 0.00
1733602567, 9773272, 0, 40, 0, 0, 0.14%, 8, 0, 11, 0.00
1733602573, 9789473, 0, 40, 0, 0, 0.14%, 8, 0, 11, 0.00
1733602578, 9805727, 0, 40, 0, 0, 0.14%, 8, 0, 11, 0.00
1733602583, 9821939, 0, 40, 0, 0, 0.14%, 8, 0, 11, 0.00
1733602588, 9838173, 0, 40, 0, 0, 0.14%, 8, 0, 11, 0.00
1733602593, 9854390, 0, 40, 0, 0, 0.14%, 8, 0, 11, 0.00
1733602599, 9870639, 0, 40, 0, 0, 0.14%, 8, 0, 11, 0.00
1733602604, 9886850, 0, 40, 0, 0, 0.14%, 8, 0, 11, 0.00
1733602609, 9903091, 0, 40, 0, 0, 0.14%, 8, 0, 11, 0.00
1733602614, 9919357, 0, 40, 0, 0, 0.14%, 8, 0, 11, 0.00
1733602619, 9935524, 0, 40, 0, 0, 0.14%, 8, 0, 11, 0.00
1733602625, 9951633, 0, 40, 0, 0, 0.14%, 8, 0, 11, 0.00
1733602630, 9967861, 0, 40, 0, 0, 0.14%, 8, 0, 11, 0.00
1733602635, 9984113, 0, 40, 0, 0, 0.14%, 8, 0, 11, 0.00
1733602640, 10000337, 0, 40, 0, 0, 0.14%, 8, 0, 11, 0.00
1733602645, 10016612, 0, 40, 0, 0, 0.14%, 8, 0, 11, 0.00
1733602651, 10032817, 0, 40, 0, 0, 0.14%, 8, 0, 11, 0.00
1733602656, 10049065, 0, 40, 0, 0, 0.14%, 8, 0, 11, 0.00
1733602661, 10065195, 0, 40, 0, 0, 0.14%, 8, 0, 11, 0.00
1733602666, 10081385, 0, 40, 0, 0, 0.14%, 8, 0, 11, 0.00
1733602671, 10097520, 0, 40, 0, 0, 0.14%, 8, 0, 11, 0.00
1733602677, 10113742, 0, 40, 0, 0, 0.14%, 8, 0, 11, 0.00
1733602682, 10130001, 0, 40, 0, 0, 0.14%, 8, 0, 11, 0.00
1733602687, 10146142, 0, 40, 0, 0, 0.14%, 8, 0, 11, 0.00
1733602692, 10162335, 0, 40, 0, 0, 0.14%, 8, 0, 11, 0.00
1733602697, 10178584, 0, 40, 0, 0, 0.14%, 8, 0, 11, 0.00
1733602703, 10194774, 0, 40, 0, 0, 0.14%, 8, 0, 11, 0.00
1733602708, 10211019, 0, 40, 0, 0, 0.14%, 8, 0, 11, 0.00
1733602713, 10227221, 0, 40, 0, 0, 0.14%, 8, 0, 11, 0.00
1733602718, 10243429, 0, 40, 0, 0, 0.14%, 8, 0, 11, 0.00
1733602723, 10259591, 0, 40, 0, 0, 0.14%, 8, 0, 11, 0.00
1733602729, 10275838, 0, 40, 0, 0, 0.14%, 8, 0, 11, 0.00
1733602734, 10292060, 0, 40, 0, 0, 0.14%, 8, 0, 11, 0.00
1733602739, 10308318, 0, 40, 0, 0, 0.14%, 8, 0, 11, 0.00
1733602744, 10324493, 0, 40, 0, 0, 0.14%, 8, 0, 11, 0.00
1733602749, 10340760, 0, 40, 0, 0, 0.14%, 8, 0, 11, 0.00
1733602755, 10356922, 0, 40, 0, 0, 0.14%, 8, 0, 11, 0.00
1733602760, 10373153, 0, 40, 0, 0, 0.14%, 8, 0, 11, 0.00
1733602765, 10389368, 0, 40, 0, 0, 0.14%, 8, 0, 11, 0.00
1733602770, 10405573, 0, 40, 0, 0, 0.14%, 8, 0, 11, 0.00
1733602775, 10421741, 0, 40, 0, 0, 0.14%, 8, 0, 11, 0.00
1733602781, 10437882, 0, 40, 0, 0, 0.14%, 8, 0, 11, 0.00
1733602786, 10454079, 0, 40, 0, 0, 0.14%, 8, 0, 11, 0.00
1733602791, 10470311, 0, 40, 0, 0, 0.14%, 8, 0, 11, 0.00
1733602796, 10486536, 0, 40, 0, 0, 0.14%, 8, 0, 11, 0.00
1733602801, 10502738, 0, 40, 0, 0, 0.14%, 8, 0, 11, 0.00
1733602807, 10518919, 0, 40, 0, 0, 0.14%, 8, 0, 11, 0.00
1733602812, 10535142, 0, 40, 0, 0, 0.14%, 8, 0, 11, 0.00
1733602817, 10551369, 0, 40, 0, 0, 0.14%, 8, 0, 11, 0.00
1733602822, 10567554, 0, 40, 0, 0, 0.14%, 8, 0, 11, 0.00
1733602827, 10583719, 0, 40, 0, 0, 0.14%, 8, 0, 11, 0.00
1733602833, 10599990, 0, 40, 0, 0, 0.14%, 8, 0, 11, 0.00
1733602838, 10616234, 0, 40, 0, 0, 0.14%, 8, 0, 11, 0.00
1733602843, 10632472, 0, 40, 0, 0, 0.14%, 8, 0, 11, 0.00
1733602848, 10648686, 0, 40, 0, 0, 0.14%, 8, 0, 11, 0.00
1733602853, 10664934, 0, 40, 0, 0, 0.14%, 8, 0, 11, 0.00
1733602859, 10681184, 0, 40, 0, 0, 0.14%, 8, 0, 11, 0.00
1733602864, 10697358, 0, 40, 0, 0, 0.14%, 8, 0, 11, 0.00
1733602869, 10713621, 0, 40, 0, 0, 0.14%, 8, 0, 11, 0.00
1733602874, 10729809, 0, 40, 0, 0, 0.14%, 8, 0, 11, 0.00
1733602879, 10746014, 0, 40, 0, 0, 0.14%, 8, 0, 11, 0.00
1733602885, 10762262, 0, 40, 0, 0, 0.14%, 8, 0, 11, 0.00
1733602890, 10778492, 0, 40, 0, 0, 0.14%, 8, 0, 11, 0.00
1733602895, 10794673, 0, 40, 0, 0, 0.14%, 8, 0, 11, 0.00
1733602900, 10810938, 0, 40, 0, 0, 0.14%, 8, 0, 11, 0.00
1733602905, 10827139, 0, 40, 0, 0, 0.14%, 8, 0, 11, 0.00
1733602911, 10843396, 0, 40, 0, 0, 0.14%, 8, 0, 11, 0.00
1733602916, 10859588, 0, 40, 0, 0, 0.14%, 8, 0, 11, 0.00
1733602921, 10875757, 0, 40, 0, 0, 0.14%, 8, 0, 11, 0.00
1733602926, 10891868, 0, 40, 0, 0, 0.14%, 8, 0, 11, 0.00
1733602931, 10908100, 0, 40, 0, 0, 0.14%, 8, 0, 11, 0.00
1733602937, 10924359, 0, 40, 0, 0, 0.14%, 8, 0, 11, 0.00
1733602942, 10940516, 0, 40, 0, 0, 0.14%, 8, 0, 11, 0.00
1733602947, 10956777, 0, 40, 0, 0, 0.14%, 8, 0, 11, 0.00
1733602952, 10972938, 0, 40, 0, 0, 0.14%, 8, 0, 11, 0.00
1733602957, 10989165, 0, 40, 0, 0, 0.14%, 8, 0, 11, 0.00
1733602963, 11005408, 0, 40, 0, 0, 0.14%, 8, 0, 11, 0.00
1733602968, 11021660, 0, 40, 0, 0, 0.14%, 8, 0, 11, 0.00
1733602973, 11037858, 0, 40, 0, 0, 0.14%, 8, 0, 11, 0.00
1733602978, 11054109, 0, 40, 0, 0, 0.14%, 8, 0, 11, 0.00
1733602983, 11070300, 0, 40, 0, 0, 0.14%, 8, 0, 11, 0.00
1733602989, 11086536, 0, 40, 0, 0, 0.14%, 8, 0, 11, 0.00
1733602994, 11102836, 0, 40, 0, 0, 0.14%, 8, 0, 11, 0.00
1733602999, 11118995, 0, 40, 0, 0, 0.14%, 8, 0, 11, 0.00
1733603004, 11135262, 0, 40, 0, 0, 0.14%, 8, 0, 11, 0.00
1733603009, 11151397, 0, 40, 0, 0, 0.14%, 8, 0, 11, 0.00
1733603015, 11167580, 0, 40, 0, 0, 0.14%, 8, 0, 11, 0.00
1733603020, 11183887, 0, 40, 0, 0, 0.14%, 8, 0, 11, 0.00
1733603025, 11200018, 0, 40, 0, 0, 0.14%, 8, 0, 11, 0.00
1733603030, 11216299, 0, 40, 0, 0, 0.14%, 8, 0, 11, 0.00
1733603035, 11232484, 0, 40, 0, 0, 0.14%, 8, 0, 11, 0.00
1733603041, 11248724, 0, 40, 0, 0, 0.14%, 8, 0, 11, 0.00
1733603046, 11264990, 0, 40, 0, 0, 0.14%, 8, 0, 11, 0.00
1733603051, 11281289, 0, 40, 0, 0, 0.14%, 8, 0, 11, 0.00
1733603056, 11297476, 0, 40, 0, 0, 0.14%, 8, 0, 11, 0.00
1733603061, 11313599, 0, 40, 0, 0, 0.14%, 8, 0, 11, 0.00
1733603067, 11329834, 0, 40, 0, 0, 0.14%, 8, 0, 11, 0.00
1733603072, 11346058, 0, 40, 0, 0, 0.14%, 8, 0, 11, 0.00
1733603077, 11362269, 0, 40, 0, 0, 0.14%, 8, 0, 11, 0.00
1733603082, 11378430, 0, 40, 0, 0, 0.14%, 8, 0, 11, 0.00
1733603087, 11394628, 0, 40, 0, 0, 0.14%, 8, 0, 11, 0.00
1733603093, 11410870, 0, 40, 0, 0, 0.14%, 8, 0, 11, 0.00
1733603098, 11427039, 0, 40, 0, 0, 0.14%, 8, 0, 11, 0.00
1733603103, 11443264, 0, 40, 0, 0, 0.14%, 8, 0, 11, 0.00
1733603108, 11459524, 0, 40, 0, 0, 0.14%, 8, 0, 11, 0.00
1733603113, 11475705, 0, 40, 0, 0, 0.14%, 8, 0, 11, 0.00
1733603119, 11491951, 0, 40, 0, 0, 0.14%, 8, 0, 11, 0.00
1733603124, 11508140, 0, 40, 0, 0, 0.14%, 8, 0, 11, 0.00
1733603129, 11524416, 0, 40, 0, 0, 0.14%, 8, 0, 11, 0.00
1733603134, 11540723, 0, 40, 0, 0, 0.14%, 8, 0, 11, 0.00
1733603139, 11556931, 0, 40, 0, 0, 0.14%, 8, 0, 11, 0.00
1733603145, 11573185, 0, 40, 0, 0, 0.14%, 8, 0, 11, 0.00
1733603150, 11589366, 0, 40, 0, 0, 0.14%, 8, 0, 11, 0.00
1733603155, 11605576, 0, 40, 0, 0, 0.14%, 8, 0, 11, 0.00
1733603160, 11621778, 0, 40, 0, 0, 0.14%, 8, 0, 11, 0.00
1733603165, 11638071, 0, 40, 0, 0, 0.14%, 8, 0, 11, 0.00
1733603171, 11654235, 0, 40, 0, 0, 0.14%, 8, 0, 11, 0.00
1733603176, 11670498, 0, 40, 0, 0, 0.14%, 8, 0, 11, 0.00
1733603181, 11686639, 0, 40, 0, 0, 0.14%, 8, 0, 11, 0.00
1733603186, 11702885, 0, 40, 0, 0, 0.14%, 8, 0, 11, 0.00
1733603191, 11719130, 0, 40, 0, 0, 0.14%, 8, 0, 11, 0.00
1733603197, 11735396, 0, 40, 0, 0, 0.14%, 8, 0, 11, 0.00
1733603202, 11751636, 0, 40, 0, 0, 0.14%, 8, 0, 11, 0.00
1733603207, 11767827, 0, 40, 0, 0, 0.14%, 8, 0, 11, 0.00
1733603212, 11784109, 0, 40, 0, 0, 0.14%, 8, 0, 11, 0.00
1733603217, 11800324, 0, 40, 0, 0, 0.14%, 8, 0, 11, 0.00
1733603223, 11816520, 0, 40, 0, 0, 0.14%, 8, 0, 11, 0.00
1733603228, 11832742, 0, 40, 0, 0, 0.14%, 8, 0, 11, 0.00
1733603233, 11848988, 0, 40, 0, 0, 0.14%, 8, 0, 11, 0.00
1733603238, 11865227, 0, 40, 0, 0, 0.14%, 8, 0, 11, 0.00
1733603243, 11881479, 0, 40, 0, 0, 0.14%, 8, 0, 11, 0.00
1733603249, 11897665, 0, 40, 0, 0, 0.14%, 8, 0, 11, 0.00
1733603254, 11913830, 0, 40, 0, 0, 0.14%, 8, 0, 11, 0.00
1733603259, 11929974, 0, 40, 0, 0, 0.14%, 8, 0, 11, 0.00
1733603264, 11946184, 0, 40, 0, 0, 0.14%, 8, 0, 11, 0.00
1733603269, 11962457, 0, 40, 0, 0, 0.14%, 8, 0, 11, 0.00
1733603275, 11978677, 0, 40, 0, 0, 0.14%, 8, 0, 11, 0.00
1733603280, 11994885, 0, 40, 0, 0, 0.14%, 8, 0, 11, 0.00
1733603285, 12011195, 0, 40, 0, 0, 0.14%, 8, 0, 11, 0.00
1733603290, 12027386, 0, 40, 0, 0, 0.14%, 8, 0, 11, 0.00
1733603295, 12043563, 0, 40, 0, 0, 0.14%, 8, 0, 11, 0.00
1733603301, 12059825, 0, 40, 0, 0, 0.14%, 8, 0, 11, 0.00
1733603306, 12076084, 0, 40, 0, 0, 0.14%, 8, 0, 11, 0.00
1733603311, 12092327, 0, 40, 0, 0, 0.14%, 8, 0, 11, 0.00
1733603316, 12108594, 0, 40, 0, 0, 0.14%, 8, 0, 11, 0.00
1733603321, 12124762, 0, 40, 0, 0, 0.14%, 8, 0, 11, 0.00
1733603327, 12141023, 0, 40, 0, 0, 0.14%, 8, 0, 11, 0.00
1733603332, 12157182, 0, 40, 0, 0, 0.14%, 8, 0, 11, 0.00
1733603337, 12173402, 0, 40, 0, 0, 0.14%, 8, 0, 11, 0.00
1733603342, 12189652, 0, 40, 0, 0, 0.14%, 8, 0, 11, 0.00
1733603347, 12205911, 0, 40, 0, 0, 0.14%, 8, 0, 11, 0.00
1733603353, 12222129, 0, 40, 0, 0, 0.14%, 8, 0, 11, 0.00
1733603358, 12238321, 0, 40, 0, 0, 0.14%, 8, 0, 11, 0.00
1733603363, 12254436, 0, 40, 0, 0, 0.14%, 8, 0, 11, 0.00
1733603368, 12270595, 0, 40, 0, 0, 0.14%, 8, 0, 11, 0.00
1733603373, 12286868, 0, 40, 0, 0, 0.14%, 8, 0, 11, 0.00
1733603379, 12303129, 0, 40, 0, 0, 0.14%, 8, 0, 11, 0.00
1733603384, 12319382, 0, 40, 0, 0, 0.14%, 8, 0, 11, 0.00
1733603389, 12335634, 0, 40, 0, 0, 0.14%, 8, 0, 11, 0.00
1733603394, 12351841, 0, 40, 0, 0, 0.14%, 8, 0, 11, 0.00
1733603399, 12368043, 0, 40, 0, 0, 0.14%, 8, 0, 11, 0.00
1733603405, 12384222, 0, 40, 0, 0, 0.14%, 8, 0, 11, 0.00
1733603410, 12400483, 0, 40, 0, 0, 0.14%, 8, 0, 11, 0.00
1733603415, 12416659, 0, 40, 0, 0, 0.14%, 8, 0, 11, 0.00
1733603420, 12432801, 0, 40, 0, 0, 0.14%, 8, 0, 11, 0.00
1733603425, 12448966, 0, 40, 0, 0, 0.14%, 8, 0, 11, 0.00
1733603431, 12465238, 0, 40, 0, 0, 0.14%, 8, 0, 11, 0.00
1733603436, 12481601, 0, 40, 0, 0, 0.14%, 8, 0, 11, 0.00
1733603441, 12497839, 0, 40, 0, 0, 0.14%, 8, 0, 11, 0.00
1733603446, 12514033, 0, 40, 0, 0, 0.14%, 8, 0, 11, 0.00
1733603451, 12530241, 0, 40, 0, 0, 0.14%, 8, 0, 11, 0.00
1733603457, 12546484, 0, 40, 0, 0, 0.14%, 8, 0, 11, 0.00
1733603462, 12562664, 0, 40, 0, 0, 0.14%, 8, 0, 11, 0.00
1733603467, 12578876, 0, 40, 0, 0, 0.14%, 8, 0, 11, 0.00
1733603472, 12595128, 0, 40, 0, 0, 0.14%, 8, 0, 11, 0.00
1733603477, 12611293, 0, 40, 0, 0, 0.14%, 8, 0, 11, 0.00
1733603483, 12627453, 0, 40, 0, 0, 0.14%, 8, 0, 11, 0.00
1733603488, 12643678, 0, 40, 0, 0, 0.14%, 8, 0, 11, 0.00
1733603493, 12659953, 0, 40, 0, 0, 0.14%, 8, 0, 11, 0.00
1733603498, 12676175, 0, 40, 0, 0, 0.14%, 8, 0, 11, 0.00
1733603503, 12692358, 0, 40, 0, 0, 0.14%, 8, 0, 11, 0.00
1733603509, 12708495, 0, 40, 0, 0, 0.14%, 8, 0, 11, 0.00
1733603514, 12724565, 0, 40, 0, 0, 0.14%, 8, 0, 11, 0.00
1733603519, 12740774, 0, 40, 0, 0, 0.14%, 8, 0, 11, 0.00
1733603524, 12757013, 0, 40, 0, 0, 0.14%, 8, 0, 11, 0.00
1733603529, 12773230, 0, 40, 0, 0, 0.14%, 8, 0, 11, 0.00
1733603535, 12789443, 0, 40, 0, 0, 0.14%, 8, 0, 11, 0.00
1733603540, 12805689, 0, 40, 0, 0, 0.14%, 8, 0, 11, 0.00
1733603545, 12821909, 0, 40, 0, 0, 0.14%, 8, 0, 11, 0.00
1733603550, 12838142, 0, 40, 0, 0, 0.14%, 8, 0, 11, 0.00
1733603555, 12854328, 0, 40, 0, 0, 0.14%, 8, 0, 11, 0.00
1733603561, 12870486, 0, 40, 0, 0, 0.14%, 8, 0, 11, 0.00
1733603566, 12886708, 0, 40, 0, 0, 0.14%, 8, 0, 11, 0.00
1733603571, 12902947, 0, 40, 0, 0, 0.14%, 8, 0, 11, 0.00
1733603576, 12919119, 0, 40, 0, 0, 0.14%, 8, 0, 11, 0.00
1733603581, 12935354, 0, 40, 0, 0, 0.14%, 8, 0, 11, 0.00
1733603587, 12951643, 0, 40, 0, 0, 0.14%, 8, 0, 11, 0.00
1733603592, 12967852, 0, 40, 0, 0, 0.14%, 8, 0, 11, 0.00
1733603597, 12984017, 0, 40, 0, 0, 0.14%, 8, 0, 11, 0.00
1733603602, 13000182, 0, 40, 0, 0, 0.14%, 8, 0, 11, 0.00
1733603607, 13016449, 0, 40, 0, 0, 0.14%, 8, 0, 11, 0.00
1733603613, 13032651, 0, 40, 0, 0, 0.14%, 8, 0, 11, 0.00
1733603618, 13048824, 0, 40, 0, 0, 0.14%, 8, 0, 11, 0.00
1733603623, 13065141, 0, 40, 0, 0, 0.14%, 8, 0, 11, 0.00
1733603628, 13081439, 0, 40, 0, 0, 0.14%, 8, 0, 11, 0.00
1733603633, 13097624, 0, 40, 0, 0, 0.14%, 8, 0, 11, 0.00
1733603639, 13113868, 0, 40, 0, 0, 0.14%, 8, 0, 11, 0.00
1733603644, 13130090, 0, 40, 0, 0, 0.14%, 8, 0, 11, 0.00
1733603649, 13146367, 0, 40, 0, 0, 0.14%, 8, 0, 11, 0.00
1733603654, 13162522, 0, 40, 0, 0, 0.14%, 8, 0, 11, 0.00
1733603659, 13178752, 0, 40, 0, 0, 0.14%, 8, 0, 11, 0.00
1733603665, 13194926, 0, 40, 0, 0, 0.14%, 8, 0, 11, 0.00
1733603670, 13211136, 0, 40, 0, 0, 0.14%, 8, 0, 11, 0.00
1733603675, 13227374, 0, 40, 0, 0, 0.14%, 8, 0, 11, 0.00
1733603680, 13243642, 0, 40, 0, 0, 0.14%, 8, 0, 11, 0.00
1733603685, 13259848, 0, 40, 0, 0, 0.14%, 8, 0, 11, 0.00
1733603691, 13276083, 0, 40, 0, 0, 0.14%, 8, 0, 11, 0.00
1733603696, 13292338, 0, 40, 0, 0, 0.14%, 8, 0, 11, 0.00
1733603701, 13308568, 0, 40, 0, 0, 0.14%, 8, 0, 11, 0.00
