# unix_time, cycles_done, cur_path, paths_total, pending_total, pending_favs, map_size, unique_crashes, unique_hangs, max_depth, execs_per_sec
1735342077, 0, 0, 10, 10, 1, 0.01%, 0, 0, 1, 35.73
1735342082, 0, 4, 10, 10, 1, 0.01%, 0, 0, 1, 36.53
1735342097, 1, 0, 10, 4, 0, 0.01%, 0, 0, 1, 43.52
1735342103, 1, 1, 10, 3, 0, 0.01%, 0, 0, 1, 44.15
1735342108, 1, 2, 10, 2, 0, 0.01%, 0, 0, 1, 43.18
1735342118, 1, 3, 10, 1, 0, 0.01%, 0, 0, 1, 44.82
1735342123, 1, 4, 10, 0, 0, 0.01%, 0, 0, 1, 44.76
1735342128, 1, 5, 10, 0, 0, 0.01%, 0, 0, 1, 44.07
1735342133, 1, 6, 10, 0, 0, 0.01%, 0, 0, 1, 44.91
1735342138, 1, 7, 10, 0, 0, 0.01%, 0, 0, 1, 43.44
1735342143, 1, 8, 10, 0, 0, 0.01%, 0, 0, 1, 48.70
1735342148, 1, 10, 11, 1, 1, 0.14%, 1, 0, 2, 50.15
1735342215, 6, 10, 11, 0, 0, 0.14%, 1, 0, 2, 49.18
1735342225, 7, 10, 11, 0, 0, 0.14%, 1, 0, 2, 43.53
1735342255, 8, 10, 11, 0, 0, 0.14%, 1, 0, 2, 43.57
1735342301, 9, 10, 11, 0, 0, 0.14%, 1, 0, 2, 48.41
1735342306, 9, 10, 12, 1, 0, 0.14%, 2, 0, 3, 46.51
1735342362, 9, 11, 13, 2, 1, 0.14%, 3, 0, 4, 54.07
1735342397, 9, 11, 14, 3, 1, 0.14%, 3, 0, 4, 48.01
1735342489, 9, 12, 14, 2, 2, 0.14%, 3, 0, 4, 65.03
1735342586, 9, 13, 15, 2, 1, 0.14%, 3, 0, 5, 59.41
1735342631, 9, 13, 16, 3, 1, 0.14%, 3, 0, 5, 55.36
1735342652, 9, 13, 17, 4, 1, 0.14%, 4, 0, 5, 55.28
1735342723, 9, 13, 18, 5, 1, 0.14%, 4, 0, 5, 55.17
1735342753, 9, 17, 19, 5, 1, 0.14%, 5, 0, 6, 57.66
1735342794, 9, 17, 20, 6, 1, 0.14%, 5, 0, 6, 56.03
1735342804, 9, 17, 21, 7, 1, 0.14%, 5, 0, 6, 54.55
1735342814, 9, 17, 22, 8, 1, 0.14%, 5, 0, 6, 59.18
1735342880, 9, 17, 23, 9, 1, 0.14%, 6, 0, 6, 55.44
1735342896, 9, 17, 24, 10, 1, 0.14%, 6, 0, 6, 60.13
1735342911, 9, 21, 24, 8, 0, 0.14%, 6, 0, 6, 54.07
1735342946, 9, 21, 25, 9, 0, 0.14%, 6, 0, 7, 56.90
1735343043, 9, 21, 26, 10, 0, 0.14%, 6, 0, 7, 67.96
1735343053, 9, 24, 26, 9, 0, 0.14%, 6, 0, 7, 40.34
1735344566, 10, 12, 26, 8, 0, 0.14%, 6, 0, 7, 55.00
1735344606, 10, 18, 27, 9, 0, 0.14%, 6, 0, 7, 84.69
1735344677, 10, 26, 27, 9, 1, 0.14%, 6, 0, 7, 71.04
1735344693, 10, 26, 28, 10, 1, 0.14%, 6, 0, 8, 65.98
1735344713, 10, 26, 29, 11, 1, 0.14%, 6, 0, 8, 58.54
1735344769, 10, 26, 30, 12, 1, 0.14%, 7, 0, 8, 54.16
1735344799, 10, 28, 30, 11, 1, 0.14%, 7, 0, 8, 92.55
1735344835, 10, 28, 31, 12, 1, 0.14%, 7, 0, 9, 55.17
1735344885, 10, 28, 32, 13, 1, 0.14%, 7, 0, 9, 57.36
1735344915, 10, 28, 33, 14, 1, 0.14%, 7, 0, 9, 59.05
1735344951, 10, 28, 34, 15, 1, 0.14%, 7, 0, 9, 62.71
1735344956, 10, 31, 34, 14, 1, 0.14%, 7, 0, 9, 88.41
1735345053, 11, 12, 34, 13, 0, 0.14%, 7, 0, 9, 56.67
1735345088, 11, 33, 34, 12, 0, 0.14%, 7, 0, 9, 82.38
1735345205, 11, 33, 35, 13, 0, 0.14%, 7, 0, 10, 51.71
1735345215, 11, 34, 35, 12, 1, 0.14%, 7, 0, 10, 76.29
1735345256, 11, 34, 36, 13, 1, 0.14%, 7, 0, 11, 68.95
1735345373, 12, 15, 36, 11, 0, 0.14%, 7, 0, 11, 86.64
1735345454, 12, 19, 36, 9, 0, 0.14%, 7, 0, 11, 65.63
1735345663, 13, 25, 36, 6, 0, 0.14%, 7, 0, 11, 50.94
1735345668, 14, 12, 36, 5, 0, 0.14%, 7, 0, 11, 46.77
1735345683, 14, 25, 36, 5, 0, 0.14%, 7, 0, 11, 87.53
1735345832, 14, 25, 38, 7, 0, 0.14%, 8, 0, 11, 109.80
1735346582, 15, 10, 38, 6, 0, 0.14%, 8, 0, 11, 58.70
1735346587, 15, 35, 38, 6, 0, 0.14%, 8, 0, 11, 84.99
1735346663, 16, 29, 38, 6, 0, 0.14%, 8, 0, 11, 111.45
1735346917, 16, 30, 38, 5, 0, 0.14%, 8, 0, 11, 51.38
1735347598, 17, 22, 38, 4, 0, 0.14%, 8, 0, 11, 72.41
1735347812, 17, 22, 39, 5, 0, 0.14%, 9, 0, 11, 82.13
1735347863, 17, 38, 39, 4, 1, 0.14%, 9, 0, 11, 61.15
1735348129, 18, 37, 39, 3, 0, 0.14%, 9, 0, 11, 58.91
1735348134, 19, 23, 39, 1, 0, 0.14%, 9, 0, 11, 88.16
1735348200, 22, 12, 39, 0, 0, 0.14%, 9, 0, 11, 58.73
1735348221, 24, 32, 39, 0, 0, 0.14%, 9, 0, 11, 77.23
1735348282, 25, 10, 39, 0, 0, 0.14%, 9, 0, 11, 57.78
1735348292, 25, 37, 39, 0, 0, 0.14%, 9, 0, 11, 79.00
1735348623, 26, 29, 39, 0, 0, 0.14%, 9, 0, 11, 71.22
1735348639, 28, 29, 39, 0, 0, 0.14%, 9, 0, 11, 76.39
1735348664, 28, 37, 39, 0, 0, 0.14%, 9, 0, 11, 69.19
1735348669, 29, 32, 39, 0, 0, 0.14%, 9, 0, 11, 68.13
1735348679, 29, 37, 39, 0, 0, 0.14%, 9, 0, 11, 68.79
1735348699, 30, 32, 39, 0, 0, 0.14%, 9, 0, 11, 66.57
1735348719, 30, 37, 39, 0, 0, 0.14%, 9, 0, 11, 70.02
1735348755, 31, 12, 39, 0, 0, 0.14%, 9, 0, 11, 55.95
1735348780, 31, 16, 39, 0, 0, 0.14%, 9, 0, 11, 85.73
1735348847, 31, 32, 39, 0, 0, 0.14%, 9, 0, 11, 63.26
1735348882, 31, 37, 39, 0, 0, 0.14%, 9, 0, 11, 69.84
1735348923, 32, 32, 39, 0, 0, 0.14%, 9, 0, 11, 63.06
1735348958, 32, 37, 39, 0, 0, 0.14%, 9, 0, 11, 69.15
1735348989, 33, 32, 39, 0, 0, 0.14%, 9, 0, 11, 65.18
1735349029, 33, 37, 39, 0, 0, 0.14%, 9, 0, 11, 66.65
1735349065, 34, 32, 39, 0, 0, 0.14%, 9, 0, 11, 60.27
1735349100, 34, 33, 39, 0, 0, 0.14%, 9, 0, 11, 62.99
1735349121, 35, 32, 39, 0, 0, 0.14%, 9, 0, 11, 67.33
1735349161, 35, 34, 39, 0, 0, 0.14%, 9, 0, 11, 67.89
1735349177, 38, 10, 39, 0, 0, 0.14%, 9, 0, 11, 59.23
1735349197, 45, 29, 39, 0, 0, 0.14%, 9, 0, 11, 72.55
1735349227, 46, 33, 39, 0, 0, 0.14%, 9, 0, 11, 69.49
1735349258, 47, 10, 39, 0, 0, 0.14%, 9, 0, 11, 73.41
1735349294, 50, 35, 39, 0, 0, 0.14%, 9, 0, 11, 65.48
1735349314, 58, 26, 39, 0, 0, 0.14%, 9, 0, 11, 62.30
1735349319, 64, 10, 39, 0, 0, 0.14%, 9, 0, 11, 59.76
1735349355, 66, 12, 39, 0, 0, 0.14%, 9, 0, 11, 59.23
1735349380, 67, 33, 39, 0, 0, 0.14%, 9, 0, 11, 63.33
1735349421, 68, 30, 39, 0, 0, 0.14%, 9, 0, 11, 71.32
1735349426, 69, 33, 39, 0, 0, 0.14%, 9, 0, 11, 64.04
1735349461, 70, 35, 39, 0, 0, 0.14%, 9, 0, 11, 64.11
1735349492, 72, 29, 39, 0, 0, 0.14%, 9, 0, 11, 63.71
1735349517, 73, 29, 39, 0, 0, 0.14%, 9, 0, 11, 72.94
1735349553, 74, 12, 39, 0, 0, 0.14%, 9, 0, 11, 58.05
1735349588, 75, 30, 39, 0, 0, 0.14%, 9, 0, 11, 61.64
1735349608, 79, 12, 39, 0, 0, 0.14%, 9, 0, 11, 62.19
1735349644, 80, 12, 39, 0, 0, 0.14%, 9, 0, 11, 60.13
1735349684, 80, 29, 39, 0, 0, 0.14%, 9, 0, 11, 72.47
1735349720, 82, 10, 39, 0, 0, 0.14%, 9, 0, 11, 61.03
1735349755, 82, 29, 39, 0, 0, 0.14%, 9, 0, 11, 80.52
1735349791, 86, 26, 39, 0, 0, 0.14%, 9, 0, 11, 60.23
1735349796, 87, 11, 39, 0, 0, 0.14%, 9, 0, 11, 61.64
1735349801, 87, 31, 39, 0, 0, 0.14%, 9, 0, 11, 58.83
1735349811, 88, 30, 39, 0, 0, 0.14%, 9, 0, 11, 67.97
1735349846, 88, 35, 39, 0, 0, 0.14%, 9, 0, 11, 61.80
1735349882, 90, 34, 39, 0, 0, 0.14%, 9, 0, 11, 69.35
1735349917, 91, 10, 39, 0, 0, 0.14%, 9, 0, 11, 61.52
1735349947, 92, 12, 39, 0, 0, 0.14%, 9, 0, 11, 66.61
1735349983, 94, 20, 39, 0, 0, 0.14%, 9, 0, 11, 69.69
1735350003, 97, 34, 39, 0, 0, 0.14%, 9, 0, 11, 69.58
1735350039, 98, 28, 39, 0, 0, 0.14%, 9, 0, 11, 58.69
1735350049, 100, 35, 39, 0, 0, 0.14%, 9, 0, 11, 63.32
1735350084, 102, 12, 39, 0, 0, 0.14%, 9, 0, 11, 59.78
1735350125, 102, 34, 39, 0, 0, 0.14%, 9, 0, 11, 74.06
1735350160, 103, 29, 39, 0, 0, 0.14%, 9, 0, 11, 68.62
1735350196, 104, 30, 39, 0, 0, 0.14%, 9, 0, 11, 76.84
1735350226, 105, 11, 39, 0, 0, 0.14%, 9, 0, 11, 66.99
1735350236, 105, 18, 39, 0, 0, 0.14%, 9, 0, 11, 62.07
1735350241, 106, 33, 39, 0, 0, 0.14%, 9, 0, 11, 66.40
1735350277, 107, 18, 39, 0, 0, 0.14%, 9, 0, 11, 65.88
1735350297, 111, 31, 39, 0, 0, 0.14%, 9, 0, 11, 66.17
1735350317, 114, 18, 39, 0, 0, 0.14%, 9, 0, 11, 58.84
1735350353, 114, 20, 39, 0, 0, 0.14%, 9, 0, 11, 70.99
1735350358, 115, 11, 39, 0, 0, 0.14%, 9, 0, 11, 62.56
1735350368, 115, 34, 39, 0, 0, 0.14%, 9, 0, 11, 64.50
1735350404, 116, 13, 39, 0, 0, 0.14%, 9, 0, 11, 68.73
1735350409, 116, 17, 39, 0, 0, 0.14%, 9, 0, 11, 60.70
1735350414, 117, 11, 39, 0, 0, 0.14%, 9, 0, 11, 60.22
1735350445, 118, 20, 39, 0, 0, 0.14%, 9, 0, 11, 67.66
1735350455, 118, 30, 39, 0, 0, 0.14%, 9, 0, 11, 67.83
1735350491, 118, 33, 39, 0, 0, 0.14%, 9, 0, 11, 69.63
1735350526, 119, 29, 39, 0, 0, 0.14%, 9, 0, 11, 83.12
1735350557, 121, 16, 39, 0, 0, 0.14%, 9, 0, 11, 68.77
1735350562, 122, 11, 39, 0, 0, 0.14%, 9, 0, 11, 60.70
1735350603, 122, 31, 39, 0, 0, 0.14%, 9, 0, 11, 67.36
1735350638, 125, 35, 39, 0, 0, 0.14%, 9, 0, 11, 69.40
1735350674, 126, 33, 39, 0, 0, 0.14%, 9, 0, 11, 68.78
1735350709, 127, 30, 39, 0, 0, 0.14%, 9, 0, 11, 78.05
1735350745, 129, 16, 39, 0, 0, 0.14%, 9, 0, 11, 68.21
1735350760, 129, 33, 39, 0, 0, 0.14%, 9, 0, 11, 69.10
1735350795, 130, 16, 39, 0, 0, 0.14%, 9, 0, 11, 64.86
1735350826, 130, 31, 39, 0, 0, 0.14%, 9, 0, 11, 61.74
1735350861, 132, 30, 39, 0, 0, 0.14%, 9, 0, 11, 75.76
1735350897, 133, 15, 39, 0, 0, 0.14%, 9, 0, 11, 62.26
1735350902, 133, 18, 39, 0, 0, 0.14%, 9, 0, 11, 61.76
1735350938, 134, 20, 39, 0, 0, 0.14%, 9, 0, 11, 61.91
1735350958, 134, 31, 39, 0, 0, 0.14%, 9, 0, 11, 60.29
1735350994, 136, 30, 39, 0, 0, 0.14%, 9, 0, 11, 83.31
1735351029, 137, 15, 39, 0, 0, 0.14%, 9, 0, 11, 64.75
1735351039, 138, 12, 39, 0, 0, 0.14%, 9, 0, 11, 60.43
1735351074, 139, 11, 39, 0, 0, 0.14%, 9, 0, 11, 71.49
1735351110, 139, 13, 39, 0, 0, 0.14%, 9, 0, 11, 62.10
1735351120, 139, 16, 39, 0, 0, 0.14%, 9, 0, 11, 67.72
1735351156, 141, 16, 39, 0, 0, 0.14%, 9, 0, 11, 65.51
1735351192, 142, 19, 39, 0, 0, 0.14%, 9, 0, 11, 74.69
1735351197, 144, 19, 39, 0, 0, 0.14%, 9, 0, 11, 71.75
1735351207, 144, 33, 39, 0, 0, 0.14%, 9, 0, 11, 71.12
1735351242, 147, 14, 39, 0, 0, 0.14%, 9, 0, 11, 70.37
1735351263, 147, 20, 39, 0, 0, 0.14%, 9, 0, 11, 63.41
1735351303, 147, 34, 39, 0, 0, 0.14%, 9, 0, 11, 68.63
1735351334, 148, 12, 39, 0, 0, 0.14%, 9, 0, 11, 65.16
1735351374, 148, 20, 39, 0, 0, 0.14%, 9, 0, 11, 59.39
1735351410, 148, 26, 39, 0, 0, 0.14%, 9, 0, 11, 58.45
1735351420, 148, 28, 39, 0, 0, 0.14%, 9, 0, 11, 60.02
1735351440, 148, 35, 39, 0, 0, 0.14%, 9, 0, 11, 68.64
1735351475, 149, 16, 39, 0, 0, 0.14%, 9, 0, 11, 72.46
1735351511, 149, 28, 39, 0, 0, 0.14%, 9, 0, 11, 61.90
1735351546, 150, 23, 39, 0, 0, 0.14%, 9, 0, 11, 66.44
1735351552, 156, 16, 39, 0, 0, 0.14%, 9, 0, 11, 69.40
1735351587, 156, 26, 39, 0, 0, 0.14%, 9, 0, 11, 63.72
1735351608, 158, 33, 39, 0, 0, 0.14%, 9, 0, 11, 69.73
1735351643, 161, 34, 39, 0, 0, 0.14%, 9, 0, 11, 71.70
1735351679, 162, 17, 39, 0, 0, 0.14%, 9, 0, 11, 59.93
1735351694, 164, 29, 39, 0, 0, 0.14%, 9, 0, 11, 79.29
1735351725, 165, 17, 39, 0, 0, 0.14%, 9, 0, 11, 68.18
1735351755, 166, 15, 39, 0, 0, 0.14%, 9, 0, 11, 70.22
1735351786, 166, 20, 39, 0, 0, 0.14%, 9, 0, 11, 62.57
1735351821, 168, 27, 39, 0, 0, 0.14%, 9, 0, 11, 88.54
1735351898, 168, 36, 39, 0, 0, 0.14%, 9, 0, 11, 91.33
1735352239, 169, 16, 39, 0, 0, 0.14%, 9, 0, 11, 67.44
1735352275, 169, 17, 39, 0, 0, 0.14%, 9, 0, 11, 64.41
1735352311, 170, 11, 39, 0, 0, 0.14%, 9, 0, 11, 57.23
1735352341, 171, 15, 39, 0, 0, 0.14%, 9, 0, 11, 64.43
1735352377, 172, 13, 39, 0, 0, 0.14%, 9, 0, 11, 70.58
1735352387, 172, 35, 39, 0, 0, 0.14%, 9, 0, 11, 61.96
1735352428, 174, 20, 39, 0, 0, 0.14%, 9, 0, 11, 62.46
1735352469, 175, 15, 39, 0, 0, 0.14%, 9, 0, 11, 65.08
1735352504, 176, 23, 39, 0, 0, 0.14%, 9, 0, 11, 62.61
1735352519, 176, 27, 39, 0, 0, 0.14%, 9, 0, 11, 67.24
1735352539, 176, 31, 39, 0, 0, 0.14%, 9, 0, 11, 62.90
1735352575, 178, 35, 39, 0, 0, 0.14%, 9, 0, 11, 64.93
1735352610, 179, 14, 39, 0, 0, 0.14%, 9, 0, 11, 67.80
1735352620, 179, 18, 39, 0, 0, 0.14%, 9, 0, 11, 67.22
1735352656, 179, 31, 39, 0, 0, 0.14%, 9, 0, 11, 64.23
1735352691, 181, 11, 39, 0, 0, 0.14%, 9, 0, 11, 67.33
1735352732, 182, 15, 39, 0, 0, 0.14%, 9, 0, 11, 66.73
1735352767, 183, 12, 39, 0, 0, 0.14%, 9, 0, 11, 58.06
1735352803, 183, 27, 39, 0, 0, 0.14%, 9, 0, 11, 66.91
1735352839, 183, 30, 39, 0, 0, 0.14%, 9, 0, 11, 75.63
