# unix_time, cycles_done, cur_path, paths_total, pending_total, pending_favs, map_size, unique_crashes, unique_hangs, max_depth, execs_per_sec
1735754370, 0, 0, 10, 10, 1, 0.01%, 0, 0, 1, 35.87
1735754376, 0, 2, 10, 10, 1, 0.01%, 0, 0, 1, 36.84
1735754391, 1, 0, 10, 2, 0, 0.01%, 0, 0, 1, 46.37
1735754396, 1, 1, 10, 1, 0, 0.01%, 0, 0, 1, 45.04
1735754401, 1, 2, 10, 0, 0, 0.01%, 0, 0, 1, 44.96
1735754406, 1, 3, 10, 0, 0, 0.01%, 0, 0, 1, 45.79
1735754416, 1, 4, 10, 0, 0, 0.01%, 0, 0, 1, 47.18
1735754421, 1, 5, 10, 0, 0, 0.01%, 0, 0, 1, 46.23
1735754426, 1, 6, 10, 0, 0, 0.01%, 0, 0, 1, 48.11
1735754431, 1, 7, 10, 0, 0, 0.01%, 0, 0, 1, 45.43
1735754436, 1, 8, 10, 0, 0, 0.01%, 0, 0, 1, 44.58
1735754441, 1, 9, 10, 0, 0, 0.01%, 0, 0, 1, 45.45
1735754446, 2, 0, 10, 0, 0, 0.01%, 0, 0, 1, 44.99
1735754451, 2, 1, 10, 0, 0, 0.01%, 0, 0, 1, 46.95
1735754456, 2, 2, 10, 0, 0, 0.01%, 0, 0, 1, 47.79
1735754461, 2, 3, 10, 0, 0, 0.01%, 0, 0, 1, 47.85
1735754472, 2, 4, 10, 0, 0, 0.01%, 0, 0, 1, 45.61
1735754477, 2, 5, 10, 0, 0, 0.01%, 0, 0, 1, 46.36
1735754482, 2, 6, 10, 0, 0, 0.01%, 0, 0, 1, 44.70
1735754487, 2, 7, 10, 0, 0, 0.01%, 0, 0, 1, 47.41
1735754492, 2, 8, 10, 0, 0, 0.01%, 0, 0, 1, 45.06
1735754497, 2, 9, 10, 0, 0, 0.01%, 0, 0, 1, 45.04
1735754502, 3, 0, 10, 0, 0, 0.01%, 0, 0, 1, 43.88
1735754507, 3, 1, 10, 0, 0, 0.01%, 0, 0, 1, 45.05
1735754517, 3, 2, 10, 0, 0, 0.01%, 0, 0, 1, 44.97
1735754522, 3, 3, 10, 0, 0, 0.01%, 0, 0, 1, 43.47
1735754527, 3, 4, 10, 0, 0, 0.01%, 0, 0, 1, 44.79
1735754532, 3, 5, 10, 0, 0, 0.01%, 0, 0, 1, 43.76
1735754537, 3, 6, 10, 0, 0, 0.01%, 0, 0, 1, 46.42
1735754543, 3, 7, 10, 0, 0, 0.01%, 0, 0, 1, 45.59
1735754548, 3, 8, 10, 0, 0, 0.01%, 0, 0, 1, 43.66
1735754553, 3, 9, 10, 0, 0, 0.01%, 0, 0, 1, 44.10
1735754563, 4, 0, 10, 0, 0, 0.01%, 0, 0, 1, 45.87
1735754568, 4, 1, 10, 0, 0, 0.01%, 0, 0, 1, 45.96
1735754573, 4, 2, 10, 0, 0, 0.01%, 0, 0, 1, 45.43
1735754578, 4, 3, 10, 0, 0, 0.01%, 0, 0, 1, 45.60
1735754583, 4, 4, 10, 0, 0, 0.01%, 0, 0, 1, 43.07
1735754588, 4, 5, 10, 0, 0, 0.01%, 0, 0, 1, 46.22
1735754593, 4, 6, 10, 0, 0, 0.01%, 0, 0, 1, 44.60
1735754598, 4, 7, 10, 0, 0, 0.01%, 0, 0, 1, 45.84
1735754608, 4, 8, 10, 0, 0, 0.01%, 0, 0, 1, 48.06
1735754613, 4, 9, 10, 0, 0, 0.01%, 0, 0, 1, 44.45
1735754618, 5, 0, 10, 0, 0, 0.01%, 0, 0, 1, 45.50
1735754624, 5, 1, 10, 0, 0, 0.01%, 0, 0, 1, 46.71
1735754629, 5, 2, 10, 0, 0, 0.01%, 0, 0, 1, 46.72
1735754634, 5, 3, 10, 0, 0, 0.01%, 0, 0, 1, 45.56
1735754639, 5, 4, 10, 0, 0, 0.01%, 0, 0, 1, 49.54
1735754644, 5, 5, 10, 0, 0, 0.01%, 0, 0, 1, 46.82
1735754649, 5, 6, 10, 0, 0, 0.01%, 0, 0, 1, 46.00
1735754654, 5, 7, 10, 0, 0, 0.01%, 0, 0, 1, 44.61
1735754659, 5, 8, 10, 0, 0, 0.01%, 0, 0, 1, 45.20
1735754669, 5, 9, 10, 0, 0, 0.01%, 0, 0, 1, 44.70
1735754674, 6, 0, 10, 0, 0, 0.01%, 0, 0, 1, 46.34
1735754679, 6, 1, 10, 0, 0, 0.01%, 0, 0, 1, 44.80
1735754684, 6, 2, 10, 0, 0, 0.01%, 0, 0, 1, 44.13
1735754689, 6, 3, 10, 0, 0, 0.01%, 0, 0, 1, 47.31
1735754694, 6, 4, 10, 0, 0, 0.01%, 0, 0, 1, 44.99
1735754699, 6, 5, 10, 0, 0, 0.01%, 0, 0, 1, 46.15
1735754704, 6, 6, 10, 0, 0, 0.01%, 0, 0, 1, 45.88
1735754715, 6, 7, 10, 0, 0, 0.01%, 0, 0, 1, 43.49
1735754720, 6, 8, 10, 0, 0, 0.01%, 0, 0, 1, 46.98
1735754725, 6, 9, 10, 0, 0, 0.01%, 0, 0, 1, 46.51
1735754730, 7, 0, 10, 0, 0, 0.01%, 0, 0, 1, 47.30
1735754735, 7, 1, 10, 0, 0, 0.01%, 0, 0, 1, 44.83
1735754740, 7, 2, 10, 0, 0, 0.01%, 0, 0, 1, 44.73
1735754745, 7, 3, 10, 0, 0, 0.01%, 0, 0, 1, 47.70
1735754750, 7, 4, 10, 0, 0, 0.01%, 0, 0, 1, 44.93
1735754755, 7, 5, 10, 0, 0, 0.01%, 0, 0, 1, 47.13
1735754760, 7, 6, 10, 0, 0, 0.01%, 0, 0, 1, 45.23
1735754770, 7, 7, 10, 0, 0, 0.01%, 0, 0, 1, 45.93
1735754775, 7, 8, 10, 0, 0, 0.01%, 0, 0, 1, 44.52
1735754780, 7, 9, 10, 0, 0, 0.01%, 0, 0, 1, 45.90
1735754786, 8, 0, 10, 0, 0, 0.01%, 0, 0, 1, 46.56
1735754791, 8, 1, 10, 0, 0, 0.01%, 0, 0, 1, 44.14
1735754796, 8, 2, 10, 0, 0, 0.01%, 0, 0, 1, 45.40
1735754801, 8, 3, 10, 0, 0, 0.01%, 0, 0, 1, 45.16
1735754806, 8, 4, 10, 0, 0, 0.01%, 0, 0, 1, 45.78
1735754811, 8, 5, 10, 0, 0, 0.01%, 0, 0, 1, 48.43
1735754816, 8, 6, 10, 0, 0, 0.01%, 0, 0, 1, 46.50
1735754821, 8, 7, 10, 0, 0, 0.01%, 0, 0, 1, 46.94
1735754831, 8, 8, 10, 0, 0, 0.01%, 0, 0, 1, 47.68
1735754836, 8, 9, 10, 0, 0, 0.01%, 0, 0, 1, 47.72
1735754841, 9, 0, 10, 0, 0, 0.01%, 0, 0, 1, 45.61
1735754847, 9, 1, 10, 0, 0, 0.01%, 0, 0, 1, 46.15
1735754852, 9, 2, 10, 0, 0, 0.01%, 0, 0, 1, 47.18
1735754857, 9, 3, 10, 0, 0, 0.01%, 0, 0, 1, 45.84
1735754862, 9, 4, 10, 0, 0, 0.01%, 0, 0, 1, 45.12
1735754867, 9, 5, 10, 0, 0, 0.01%, 0, 0, 1, 46.04
1735754872, 9, 6, 10, 0, 0, 0.01%, 0, 0, 1, 44.12
1735754877, 9, 7, 10, 0, 0, 0.01%, 0, 0, 1, 46.16
1735754887, 9, 8, 10, 0, 0, 0.01%, 0, 0, 1, 46.20
1735754892, 9, 9, 10, 0, 0, 0.01%, 0, 0, 1, 45.65
1735754897, 10, 0, 10, 0, 0, 0.01%, 0, 0, 1, 49.10
1735754902, 10, 1, 10, 0, 0, 0.01%, 0, 0, 1, 45.60
1735754907, 10, 2, 10, 0, 0, 0.01%, 0, 0, 1, 43.61
1735754912, 10, 3, 10, 0, 0, 0.01%, 0, 0, 1, 43.61
1735754917, 10, 4, 10, 0, 0, 0.01%, 0, 0, 1, 43.51
1735754923, 10, 5, 10, 0, 0, 0.01%, 0, 0, 1, 44.21
1735754933, 10, 6, 10, 0, 0, 0.01%, 0, 0, 1, 45.11
1735754938, 10, 7, 10, 0, 0, 0.01%, 0, 0, 1, 43.86
1735754943, 10, 8, 10, 0, 0, 0.01%, 0, 0, 1, 46.93
1735754948, 10, 9, 10, 0, 0, 0.01%, 0, 0, 1, 45.83
1735754953, 11, 0, 10, 0, 0, 0.01%, 0, 0, 1, 48.34
1735754958, 11, 1, 10, 0, 0, 0.01%, 0, 0, 1, 45.92
1735754963, 11, 2, 10, 0, 0, 0.01%, 0, 0, 1, 46.23
1735754968, 11, 3, 10, 0, 0, 0.01%, 0, 0, 1, 43.54
1735754973, 11, 4, 10, 0, 0, 0.01%, 0, 0, 1, 45.95
1735754983, 11, 5, 10, 0, 0, 0.01%, 0, 0, 1, 47.16
1735754988, 11, 6, 10, 0, 0, 0.01%, 0, 0, 1, 47.40
1735754993, 11, 7, 10, 0, 0, 0.01%, 0, 0, 1, 46.04
1735754998, 11, 8, 10, 0, 0, 0.01%, 0, 0, 1, 46.75
1735755003, 11, 9, 10, 0, 0, 0.01%, 0, 0, 1, 46.58
1735755009, 12, 0, 10, 0, 0, 0.01%, 0, 0, 1, 49.30
1735755014, 12, 1, 10, 0, 0, 0.01%, 0, 0, 1, 47.84
1735755019, 12, 2, 10, 0, 0, 0.01%, 0, 0, 1, 49.41
1735755024, 12, 3, 10, 0, 0, 0.01%, 0, 0, 1, 47.16
1735755029, 12, 4, 10, 0, 0, 0.01%, 0, 0, 1, 48.80
1735755034, 12, 5, 10, 0, 0, 0.01%, 0, 0, 1, 46.47
1735755039, 12, 6, 10, 0, 0, 0.01%, 0, 0, 1, 46.50
1735755044, 12, 7, 10, 0, 0, 0.01%, 0, 0, 1, 46.25
1735755049, 12, 8, 10, 0, 0, 0.01%, 0, 0, 1, 49.16
1735755054, 12, 9, 10, 0, 0, 0.01%, 0, 0, 1, 47.45
1735755059, 13, 0, 10, 0, 0, 0.01%, 0, 0, 1, 50.01
1735755065, 13, 1, 10, 0, 0, 0.01%, 0, 0, 1, 47.91
1735755070, 13, 2, 10, 0, 0, 0.01%, 0, 0, 1, 48.64
1735755080, 13, 3, 10, 0, 0, 0.01%, 0, 0, 1, 47.97
1735755085, 13, 4, 10, 0, 0, 0.01%, 0, 0, 1, 48.22
1735755090, 13, 5, 10, 0, 0, 0.01%, 0, 0, 1, 48.57
1735755095, 13, 6, 10, 0, 0, 0.01%, 0, 0, 1, 49.59
1735755100, 13, 7, 10, 0, 0, 0.01%, 0, 0, 1, 48.59
1735755105, 13, 8, 10, 0, 0, 0.01%, 0, 0, 1, 46.84
1735755110, 13, 9, 10, 0, 0, 0.01%, 0, 0, 1, 51.14
1735755116, 14, 0, 10, 0, 0, 0.01%, 0, 0, 1, 47.24
1735755121, 14, 1, 10, 0, 0, 0.01%, 0, 0, 1, 48.09
1735755126, 14, 2, 10, 0, 0, 0.01%, 0, 0, 1, 47.24
1735755131, 14, 3, 10, 0, 0, 0.01%, 0, 0, 1, 50.14
1735755136, 14, 4, 10, 0, 0, 0.01%, 0, 0, 1, 45.79
1735755141, 14, 5, 10, 0, 0, 0.01%, 0, 0, 1, 47.71
1735755146, 14, 6, 10, 0, 0, 0.01%, 0, 0, 1, 47.39
1735755151, 14, 7, 10, 0, 0, 0.01%, 0, 0, 1, 47.69
1735755156, 14, 8, 10, 0, 0, 0.01%, 0, 0, 1, 46.11
1735755161, 14, 9, 10, 0, 0, 0.01%, 0, 0, 1, 46.02
1735755166, 15, 0, 10, 0, 0, 0.01%, 0, 0, 1, 46.12
1735755171, 15, 1, 10, 0, 0, 0.01%, 0, 0, 1, 47.32
1735755182, 15, 2, 10, 0, 0, 0.01%, 0, 0, 1, 48.02
1735755187, 15, 3, 10, 0, 0, 0.01%, 0, 0, 1, 41.18
1735755207, 15, 4, 10, 0, 0, 0.01%, 0, 0, 1, 40.48
1735755227, 15, 5, 10, 0, 0, 0.01%, 0, 0, 1, 42.13
1735755248, 15, 6, 10, 0, 0, 0.01%, 0, 0, 1, 43.06
1735755268, 15, 7, 10, 0, 0, 0.01%, 0, 0, 1, 42.89
1735755288, 15, 8, 10, 0, 0, 0.01%, 0, 0, 1, 40.07
1735755308, 15, 9, 10, 0, 0, 0.01%, 0, 0, 1, 40.66
1735755328, 16, 0, 10, 0, 0, 0.01%, 0, 0, 1, 40.88
1735755349, 16, 1, 10, 0, 0, 0.01%, 0, 0, 1, 47.72
1735755354, 16, 2, 10, 0, 0, 0.01%, 0, 0, 1, 46.47
1735755359, 16, 3, 10, 0, 0, 0.01%, 0, 0, 1, 45.52
1735755364, 16, 4, 10, 0, 0, 0.01%, 0, 0, 1, 47.20
1735755369, 16, 5, 10, 0, 0, 0.01%, 0, 0, 1, 45.94
1735755374, 16, 6, 10, 0, 0, 0.01%, 0, 0, 1, 47.98
1735755379, 16, 7, 10, 0, 0, 0.01%, 0, 0, 1, 44.53
1735755384, 16, 8, 10, 0, 0, 0.01%, 0, 0, 1, 49.31
1735755389, 16, 9, 10, 0, 0, 0.01%, 0, 0, 1, 45.87
1735755394, 17, 0, 10, 0, 0, 0.01%, 0, 0, 1, 43.60
1735755399, 17, 1, 10, 0, 0, 0.01%, 0, 0, 1, 48.17
1735755404, 17, 2, 10, 0, 0, 0.01%, 0, 0, 1, 46.19
1735755409, 17, 3, 10, 0, 0, 0.01%, 0, 0, 1, 50.66
1735755419, 17, 4, 10, 0, 0, 0.01%, 0, 0, 1, 47.02
1735755425, 17, 5, 10, 0, 0, 0.01%, 0, 0, 1, 45.57
1735755430, 17, 6, 10, 0, 0, 0.01%, 0, 0, 1, 46.74
1735755435, 17, 7, 10, 0, 0, 0.01%, 0, 0, 1, 46.55
1735755440, 17, 8, 10, 0, 0, 0.01%, 0, 0, 1, 46.95
1735755445, 17, 9, 10, 0, 0, 0.01%, 0, 0, 1, 46.50
1735755450, 18, 0, 10, 0, 0, 0.01%, 0, 0, 1, 47.84
1735755455, 18, 1, 10, 0, 0, 0.01%, 0, 0, 1, 48.69
1735755460, 18, 2, 10, 0, 0, 0.01%, 0, 0, 1, 50.36
1735755465, 18, 3, 10, 0, 0, 0.01%, 0, 0, 1, 46.99
1735755470, 18, 4, 10, 0, 0, 0.01%, 0, 0, 1, 47.61
1735755475, 18, 5, 10, 0, 0, 0.01%, 0, 0, 1, 50.12
1735755480, 18, 6, 10, 0, 0, 0.01%, 0, 0, 1, 48.91
1735755485, 18, 7, 10, 0, 0, 0.01%, 0, 0, 1, 50.24
1735755490, 18, 8, 10, 0, 0, 0.01%, 0, 0, 1, 46.84
1735755496, 18, 9, 10, 0, 0, 0.01%, 0, 0, 1, 47.39
1735755506, 19, 0, 10, 0, 0, 0.01%, 0, 0, 1, 47.55
1735755511, 19, 1, 10, 0, 0, 0.01%, 0, 0, 1, 47.18
1735755516, 19, 2, 10, 0, 0, 0.01%, 0, 0, 1, 48.05
1735755521, 19, 3, 10, 0, 0, 0.01%, 0, 0, 1, 47.38
1735755526, 19, 4, 10, 0, 0, 0.01%, 0, 0, 1, 49.97
1735755531, 19, 5, 10, 0, 0, 0.01%, 0, 0, 1, 48.29
1735755536, 19, 6, 10, 0, 0, 0.01%, 0, 0, 1, 49.14
1735755541, 19, 7, 10, 0, 0, 0.01%, 0, 0, 1, 46.60
1735755546, 19, 8, 10, 0, 0, 0.01%, 0, 0, 1, 47.07
1735755551, 19, 9, 10, 0, 0, 0.01%, 0, 0, 1, 47.01
1735755556, 20, 0, 10, 0, 0, 0.01%, 0, 0, 1, 46.56
1735755561, 20, 1, 10, 0, 0, 0.01%, 0, 0, 1, 51.16
1735755566, 20, 2, 10, 0, 0, 0.01%, 0, 0, 1, 49.61
1735755571, 20, 3, 10, 0, 0, 0.01%, 0, 0, 1, 47.43
1735755576, 20, 4, 10, 0, 0, 0.01%, 0, 0, 1, 46.50
1735755581, 20, 5, 10, 0, 0, 0.01%, 0, 0, 1, 46.51
1735755592, 20, 6, 10, 0, 0, 0.01%, 0, 0, 1, 45.93
1735755597, 20, 7, 10, 0, 0, 0.01%, 0, 0, 1, 46.29
1735755602, 20, 8, 10, 0, 0, 0.01%, 0, 0, 1, 46.35
1735755607, 20, 9, 10, 0, 0, 0.01%, 0, 0, 1, 44.82
1735755612, 21, 0, 10, 0, 0, 0.01%, 0, 0, 1, 46.34
1735755617, 21, 1, 10, 0, 0, 0.01%, 0, 0, 1, 46.74
1735755622, 21, 2, 10, 0, 0, 0.01%, 0, 0, 1, 48.15
1735755627, 21, 3, 10, 0, 0, 0.01%, 0, 0, 1, 47.59
1735755632, 21, 4, 10, 0, 0, 0.01%, 0, 0, 1, 46.87
1735755637, 21, 5, 10, 0, 0, 0.01%, 0, 0, 1, 47.24
1735755642, 21, 6, 10, 0, 0, 0.01%, 0, 0, 1, 48.20
1735755647, 21, 7, 10, 0, 0, 0.01%, 0, 0, 1, 49.16
1735755652, 21, 8, 10, 0, 0, 0.01%, 0, 0, 1, 47.13
1735755657, 21, 9, 10, 0, 0, 0.01%, 0, 0, 1, 48.83
1735755662, 22, 0, 10, 0, 0, 0.01%, 0, 0, 1, 46.80
1735755672, 22, 1, 10, 0, 0, 0.01%, 0, 0, 1, 46.74
1735755677, 22, 2, 10, 0, 0, 0.01%, 0, 0, 1, 49.55
1735755682, 22, 3, 10, 0, 0, 0.01%, 0, 0, 1, 49.11
1735755688, 22, 4, 10, 0, 0, 0.01%, 0, 0, 1, 48.37
1735755693, 22, 5, 10, 0, 0, 0.01%, 0, 0, 1, 47.60
1735755698, 22, 6, 10, 0, 0, 0.01%, 0, 0, 1, 45.73
1735755703, 22, 7, 10, 0, 0, 0.01%, 0, 0, 1, 49.06
1735755708, 22, 8, 10, 0, 0, 0.01%, 0, 0, 1, 46.72
1735755713, 22, 9, 10, 0, 0, 0.01%, 0, 0, 1, 50.66
1735755718, 23, 0, 10, 0, 0, 0.01%, 0, 0, 1, 49.21
1735755723, 23, 1, 10, 0, 0, 0.01%, 0, 0, 1, 51.79
1735755728, 23, 2, 10, 0, 0, 0.01%, 0, 0, 1, 47.31
1735755733, 23, 3, 10, 0, 0, 0.01%, 0, 0, 1, 46.99
1735755738, 23, 4, 10, 0, 0, 0.01%, 0, 0, 1, 48.96
1735755743, 23, 5, 10, 0, 0, 0.01%, 0, 0, 1, 46.68
1735755748, 23, 6, 10, 0, 0, 0.01%, 0, 0, 1, 48.16
1735755753, 23, 7, 10, 0, 0, 0.01%, 0, 0, 1, 46.61
1735755759, 23, 8, 10, 0, 0, 0.01%, 0, 0, 1, 45.15
1735755764, 23, 9, 10, 0, 0, 0.01%, 0, 0, 1, 48.26
1735755774, 24, 0, 10, 0, 0, 0.01%, 0, 0, 1, 47.83
1735755779, 24, 1, 10, 0, 0, 0.01%, 0, 0, 1, 47.00
1735755784, 24, 2, 10, 0, 0, 0.01%, 0, 0, 1, 50.26
1735755789, 24, 3, 10, 0, 0, 0.01%, 0, 0, 1, 46.67
1735755794, 24, 4, 10, 0, 0, 0.01%, 0, 0, 1, 48.51
1735755799, 24, 5, 10, 0, 0, 0.01%, 0, 0, 1, 48.32
1735755804, 24, 6, 10, 0, 0, 0.01%, 0, 0, 1, 47.11
1735755809, 24, 7, 10, 0, 0, 0.01%, 0, 0, 1, 47.36
1735755814, 24, 8, 10, 0, 0, 0.01%, 0, 0, 1, 48.27
1735755819, 24, 9, 10, 0, 0, 0.01%, 0, 0, 1, 47.07
1735755824, 25, 0, 10, 0, 0, 0.01%, 0, 0, 1, 45.78
1735755830, 25, 1, 10, 0, 0, 0.01%, 0, 0, 1, 51.42
1735755835, 25, 2, 10, 0, 0, 0.01%, 0, 0, 1, 48.44
1735755840, 25, 3, 10, 0, 0, 0.01%, 0, 0, 1, 48.57
1735755845, 25, 4, 10, 0, 0, 0.01%, 0, 0, 1, 48.35
1735755850, 25, 5, 10, 0, 0, 0.01%, 0, 0, 1, 48.10
1735755855, 25, 6, 10, 0, 0, 0.01%, 0, 0, 1, 49.24
1735755860, 25, 7, 10, 0, 0, 0.01%, 0, 0, 1, 46.84
1735755865, 25, 8, 11, 1, 0, 0.14%, 1, 0, 2, 47.75
1735755875, 25, 10, 11, 1, 1, 0.14%, 1, 0, 2, 53.34
1735755881, 25, 10, 12, 2, 1, 0.14%, 1, 0, 3, 54.36
1735755886, 25, 10, 12, 2, 1, 0.14%, 2, 0, 3, 51.24
1735755957, 25, 11, 13, 2, 1, 0.14%, 3, 0, 4, 65.08
1735755977, 25, 11, 14, 3, 1, 0.14%, 3, 0, 4, 52.50
1735756074, 25, 12, 14, 2, 2, 0.14%, 3, 0, 4, 72.39
1735756084, 25, 12, 15, 3, 2, 0.14%, 4, 0, 5, 53.27
1735756109, 25, 12, 16, 4, 2, 0.14%, 4, 0, 5, 49.50
1735756165, 25, 12, 17, 5, 2, 0.14%, 4, 0, 5, 52.89
1735756220, 25, 12, 18, 6, 2, 0.14%, 4, 0, 5, 46.91
1735756225, 25, 12, 25, 13, 2, 0.14%, 4, 0, 5, 59.48
1735756231, 25, 12, 26, 14, 2, 0.14%, 5, 0, 5, 62.92
1735756236, 25, 15, 26, 13, 2, 0.14%, 5, 0, 5, 51.54
1735756241, 25, 16, 26, 12, 2, 0.14%, 5, 0, 5, 38.01
1735756246, 25, 19, 26, 11, 1, 0.14%, 5, 0, 5, 48.23
1735756332, 25, 19, 27, 12, 1, 0.14%, 5, 0, 6, 50.62
1735756337, 26, 14, 27, 10, 0, 0.14%, 5, 0, 6, 80.57
1735756347, 26, 14, 28, 11, 0, 0.14%, 6, 0, 6, 107.63
1735756577, 26, 14, 30, 13, 0, 0.14%, 6, 0, 6, 99.98
1735756583, 26, 14, 33, 16, 0, 0.14%, 6, 0, 6, 78.78
1735756654, 26, 23, 33, 15, 2, 0.14%, 6, 0, 6, 83.61
1735756740, 26, 29, 34, 15, 2, 0.14%, 6, 0, 7, 77.98
1735756776, 26, 29, 35, 16, 2, 0.14%, 6, 0, 7, 70.14
1735756837, 26, 29, 36, 17, 2, 0.14%, 6, 0, 7, 71.83
1735756858, 26, 35, 36, 16, 1, 0.14%, 6, 0, 7, 91.78
1735756863, 26, 35, 37, 17, 1, 0.14%, 6, 0, 8, 106.30
1735756893, 26, 35, 38, 18, 1, 0.14%, 6, 0, 8, 72.29
1735756979, 26, 37, 38, 17, 1, 0.14%, 6, 0, 8, 101.43
1735757138, 29, 20, 38, 9, 0, 0.14%, 6, 0, 8, 42.71
1735757295, 29, 20, 39, 10, 0, 0.14%, 7, 0, 8, 123.50
1735758185, 30, 34, 39, 6, 0, 0.14%, 7, 0, 8, 80.22
1735758282, 31, 24, 39, 6, 0, 0.14%, 7, 0, 8, 53.68
1735759212, 31, 30, 39, 5, 0, 0.14%, 7, 0, 8, 84.05
1735759268, 35, 38, 39, 2, 0, 0.14%, 7, 0, 8, 69.78
1735759625, 36, 34, 39, 2, 0, 0.14%, 7, 0, 8, 67.85
1735759635, 37, 34, 39, 2, 0, 0.14%, 7, 0, 8, 63.25
1735759650, 38, 34, 39, 2, 0, 0.14%, 7, 0, 8, 70.20
1735759685, 39, 34, 39, 2, 0, 0.14%, 7, 0, 8, 65.59
1735759721, 39, 38, 39, 2, 0, 0.14%, 7, 0, 8, 60.29
1735759726, 40, 24, 39, 2, 0, 0.14%, 7, 0, 8, 69.93
1735759731, 40, 34, 39, 1, 0, 0.14%, 7, 0, 8, 62.51
1735759766, 40, 38, 39, 1, 0, 0.14%, 7, 0, 8, 66.02
1735759776, 41, 22, 39, 1, 0, 0.14%, 7, 0, 8, 60.72
1735759781, 41, 34, 39, 0, 0, 0.14%, 7, 0, 8, 57.11
1735759817, 42, 34, 39, 0, 0, 0.14%, 7, 0, 8, 62.81
1735759852, 43, 34, 39, 0, 0, 0.14%, 7, 0, 8, 64.49
1735759887, 44, 30, 39, 0, 0, 0.14%, 7, 0, 8, 67.55
1735759908, 44, 32, 39, 0, 0, 0.14%, 7, 0, 8, 120.84
1735760147, 44, 32, 40, 1, 0, 0.14%, 8, 0, 8, 77.43
1735760208, 44, 39, 40, 1, 1, 0.14%, 8, 0, 8, 85.42
1735760709, 49, 34, 40, 0, 0, 0.14%, 8, 0, 8, 62.33
1735760745, 50, 22, 40, 0, 0, 0.14%, 8, 0, 8, 93.20
1735761253, 53, 22, 40, 0, 0, 0.14%, 8, 0, 8, 69.85
1735761258, 54, 22, 40, 0, 0, 0.14%, 8, 0, 8, 71.23
1735761263, 55, 22, 40, 0, 0, 0.14%, 8, 0, 8, 78.72
1735761283, 55, 39, 40, 0, 0, 0.14%, 8, 0, 8, 65.13
1735761289, 56, 22, 40, 0, 0, 0.14%, 8, 0, 8, 72.55
1735761314, 56, 39, 40, 0, 0, 0.14%, 8, 0, 8, 70.62
1735761324, 57, 29, 40, 0, 0, 0.14%, 8, 0, 8, 68.69
1735761350, 57, 39, 40, 0, 0, 0.14%, 8, 0, 8, 77.41
1735761370, 58, 39, 40, 0, 0, 0.14%, 8, 0, 8, 80.97
1735761406, 59, 39, 40, 0, 0, 0.14%, 8, 0, 8, 83.30
1735761436, 60, 24, 40, 0, 0, 0.14%, 8, 0, 8, 68.57
1735761441, 61, 30, 40, 0, 0, 0.14%, 8, 0, 8, 64.58
1735761477, 65, 36, 40, 0, 0, 0.14%, 8, 0, 8, 73.81
1735761578, 66, 30, 40, 0, 0, 0.14%, 8, 0, 8, 54.50
1735761619, 75, 29, 40, 0, 0, 0.14%, 8, 0, 8, 66.93
1735761649, 77, 38, 40, 0, 0, 0.14%, 8, 0, 8, 67.70
1735761680, 80, 29, 40, 0, 0, 0.14%, 8, 0, 8, 62.92
1735761710, 80, 30, 40, 0, 0, 0.14%, 8, 0, 8, 73.79
1735761751, 95, 16, 40, 0, 0, 0.14%, 8, 0, 8, 133.02
1735762471, 101, 24, 40, 0, 0, 0.14%, 8, 0, 8, 80.07
1735762486, 101, 36, 40, 0, 0, 0.14%, 8, 0, 8, 63.98
1735762506, 102, 24, 40, 0, 0, 0.14%, 8, 0, 8, 78.97
1735762537, 104, 29, 40, 0, 0, 0.14%, 8, 0, 8, 67.56
1735762573, 104, 30, 40, 0, 0, 0.14%, 8, 0, 8, 63.57
1735762603, 106, 29, 40, 0, 0, 0.14%, 8, 0, 8, 73.74
1735762639, 107, 30, 40, 0, 0, 0.14%, 8, 0, 8, 72.79
1735762669, 108, 30, 40, 0, 0, 0.14%, 8, 0, 8, 64.32
1735762709, 111, 31, 40, 0, 0, 0.14%, 8, 0, 8, 73.83
1735762760, 112, 16, 40, 0, 0, 0.14%, 8, 0, 8, 72.94
1735762765, 112, 31, 40, 0, 0, 0.14%, 8, 0, 8, 66.36
1735762785, 114, 30, 40, 0, 0, 0.14%, 8, 0, 8, 64.50
1735762821, 123, 24, 40, 0, 0, 0.14%, 8, 0, 8, 71.91
1735762851, 127, 32, 40, 0, 0, 0.14%, 8, 0, 8, 73.96
1735762862, 128, 24, 40, 0, 0, 0.14%, 8, 0, 8, 83.12
1735762892, 135, 11, 40, 0, 0, 0.14%, 8, 0, 8, 61.06
1735762897, 135, 19, 40, 0, 0, 0.14%, 8, 0, 8, 66.50
1735762902, 135, 24, 40, 0, 0, 0.14%, 8, 0, 8, 78.33
1735762928, 135, 31, 40, 0, 0, 0.14%, 8, 0, 8, 62.85
1735762948, 136, 32, 40, 0, 0, 0.14%, 8, 0, 8, 74.94
1735762973, 138, 11, 40, 0, 0, 0.14%, 8, 0, 8, 59.65
1735762978, 138, 31, 40, 0, 0, 0.14%, 8, 0, 8, 64.20
1735763014, 138, 38, 40, 0, 0, 0.14%, 8, 0, 8, 60.69
1735763055, 141, 32, 40, 0, 0, 0.14%, 8, 0, 8, 74.53
1735763080, 144, 35, 40, 0, 0, 0.14%, 8, 0, 8, 72.67
1735763090, 150, 14, 40, 0, 0, 0.14%, 8, 0, 8, 72.10
1735763096, 159, 27, 40, 0, 0, 0.14%, 8, 0, 8, 111.13
1735763361, 166, 19, 40, 0, 0, 0.14%, 8, 0, 8, 65.21
1735763376, 167, 11, 40, 0, 0, 0.14%, 8, 0, 8, 60.46
1735763381, 169, 16, 40, 0, 0, 0.14%, 8, 0, 8, 77.74
1735763397, 172, 19, 40, 0, 0, 0.14%, 8, 0, 8, 61.04
1735763422, 172, 32, 40, 0, 0, 0.14%, 8, 0, 8, 73.60
1735763458, 179, 35, 40, 0, 0, 0.14%, 8, 0, 8, 73.60
1735763473, 180, 35, 40, 0, 0, 0.14%, 8, 0, 8, 57.98
1735763508, 181, 10, 40, 0, 0, 0.14%, 8, 0, 8, 75.20
1735763513, 181, 29, 40, 0, 0, 0.14%, 8, 0, 8, 67.04
1735763549, 182, 32, 40, 0, 0, 0.14%, 8, 0, 8, 84.48
1735763585, 182, 38, 40, 0, 0, 0.14%, 8, 0, 8, 71.52
1735763615, 189, 31, 40, 0, 0, 0.14%, 8, 0, 8, 64.86
1735763650, 193, 11, 40, 0, 0, 0.14%, 8, 0, 8, 61.34
1735763666, 193, 38, 40, 0, 0, 0.14%, 8, 0, 8, 65.59
1735763701, 198, 27, 40, 0, 0, 0.14%, 8, 0, 8, 76.98
1735763711, 199, 16, 40, 0, 0, 0.14%, 8, 0, 8, 84.71
1735763737, 199, 35, 40, 0, 0, 0.14%, 8, 0, 8, 69.33
1735763772, 200, 12, 40, 0, 0, 0.14%, 8, 0, 8, 65.12
1735763777, 200, 13, 40, 0, 0, 0.14%, 8, 0, 8, 75.20
1735763793, 203, 27, 40, 0, 0, 0.14%, 8, 0, 8, 68.92
1735763818, 204, 23, 40, 0, 0, 0.14%, 8, 0, 8, 64.09
1735763823, 205, 14, 40, 0, 0, 0.14%, 8, 0, 8, 68.50
1735763828, 207, 11, 40, 0, 0, 0.14%, 8, 0, 8, 63.12
1735763858, 207, 12, 40, 0, 0, 0.14%, 8, 0, 8, 59.55
1735763863, 207, 35, 40, 0, 0, 0.14%, 8, 0, 8, 62.90
1735763899, 212, 29, 40, 0, 0, 0.14%, 8, 0, 8, 71.14
1735763935, 213, 23, 40, 0, 0, 0.14%, 8, 0, 8, 59.41
1735763950, 213, 26, 40, 0, 0, 0.14%, 8, 0, 8, 75.34
1735763986, 214, 23, 40, 0, 0, 0.14%, 8, 0, 8, 62.56
1735764011, 217, 33, 40, 0, 0, 0.14%, 8, 0, 8, 102.04
1735764067, 218, 10, 40, 0, 0, 0.14%, 8, 0, 8, 60.76
1735764073, 218, 33, 40, 0, 0, 0.14%, 8, 0, 8, 62.70
1735764083, 219, 12, 40, 0, 0, 0.14%, 8, 0, 8, 62.44
1735764108, 220, 30, 40, 0, 0, 0.14%, 8, 0, 8, 61.01
1735764143, 222, 31, 40, 0, 0, 0.14%, 8, 0, 8, 61.66
1735764179, 224, 10, 40, 0, 0, 0.14%, 8, 0, 8, 71.48
1735764194, 225, 14, 40, 0, 0, 0.14%, 8, 0, 8, 74.89
1735764204, 226, 31, 40, 0, 0, 0.14%, 8, 0, 8, 60.78
1735764240, 227, 14, 40, 0, 0, 0.14%, 8, 0, 8, 77.35
1735764260, 227, 28, 40, 0, 0, 0.14%, 8, 0, 8, 65.32
1735764311, 228, 29, 40, 0, 0, 0.14%, 8, 0, 8, 73.06
1735764347, 229, 26, 40, 0, 0, 0.14%, 8, 0, 8, 63.61
1735764352, 230, 19, 40, 0, 0, 0.14%, 8, 0, 8, 65.84
1735764387, 232, 14, 40, 0, 0, 0.14%, 8, 0, 8, 79.39
1735764423, 233, 10, 40, 0, 0, 0.14%, 8, 0, 8, 57.20
1735764443, 233, 12, 40, 0, 0, 0.14%, 8, 0, 8, 64.49
1735764479, 233, 33, 40, 0, 0, 0.14%, 8, 0, 8, 62.88
1735764494, 234, 26, 40, 0, 0, 0.14%, 8, 0, 8, 69.41
1735764499, 235, 30, 40, 0, 0, 0.14%, 8, 0, 8, 65.25
1735764535, 236, 19, 40, 0, 0, 0.14%, 8, 0, 8, 60.78
1735764575, 239, 29, 40, 0, 0, 0.14%, 8, 0, 8, 68.83
1735764606, 240, 12, 40, 0, 0, 0.14%, 8, 0, 8, 59.31
1735764642, 240, 35, 40, 0, 0, 0.14%, 8, 0, 8, 72.80
1735764677, 242, 19, 40, 0, 0, 0.14%, 8, 0, 8, 67.25
1735764713, 242, 27, 40, 0, 0, 0.14%, 8, 0, 8, 69.31
1735764749, 242, 32, 40, 0, 0, 0.14%, 8, 0, 8, 71.32
1735764784, 242, 35, 40, 0, 0, 0.14%, 8, 0, 8, 61.17
1735764819, 244, 13, 40, 0, 0, 0.14%, 8, 0, 8, 60.75
1735764830, 244, 28, 40, 0, 0, 0.14%, 8, 0, 8, 65.25
1735764850, 244, 32, 40, 0, 0, 0.14%, 8, 0, 8, 70.30
1735764880, 245, 20, 40, 0, 0, 0.14%, 8, 0, 8, 68.14
1735764885, 247, 14, 40, 0, 0, 0.14%, 8, 0, 8, 74.32
1735764916, 247, 37, 40, 0, 0, 0.14%, 8, 0, 8, 76.90
1735764926, 248, 31, 40, 0, 0, 0.14%, 8, 0, 8, 67.65
1735764961, 249, 31, 40, 0, 0, 0.14%, 8, 0, 8, 67.62
1735764997, 250, 10, 40, 0, 0, 0.14%, 8, 0, 8, 58.87
1735765038, 250, 19, 40, 0, 0, 0.14%, 8, 0, 8, 65.65
1735765068, 251, 20, 40, 0, 0, 0.14%, 8, 0, 8, 76.42
1735765079, 251, 32, 40, 0, 0, 0.14%, 8, 0, 8, 77.52
1735765114, 251, 33, 40, 0, 0, 0.14%, 8, 0, 8, 67.91
1735765140, 252, 26, 40, 0, 0, 0.14%, 8, 0, 8, 66.58
1735765155, 252, 35, 40, 0, 0, 0.14%, 8, 0, 8, 64.87
