# unix_time, cycles_done, cur_path, paths_total, pending_total, pending_favs, map_size, unique_crashes, unique_hangs, max_depth, execs_per_sec
1735819171, 0, 0, 10, 10, 1, 0.01%, 0, 0, 1, 35.94
1735819191, 1, 0, 10, 2, 0, 0.01%, 0, 0, 1, 44.61
1735819196, 1, 1, 10, 2, 0, 0.01%, 0, 0, 1, 42.54
1735819206, 1, 2, 10, 1, 0, 0.01%, 0, 0, 1, 44.11
1735819211, 1, 3, 10, 0, 0, 0.01%, 0, 0, 1, 43.36
1735819216, 1, 4, 10, 0, 0, 0.01%, 0, 0, 1, 45.69
1735819221, 1, 5, 10, 0, 0, 0.01%, 0, 0, 1, 44.55
1735819227, 1, 6, 10, 0, 0, 0.01%, 0, 0, 1, 44.43
1735819232, 1, 7, 10, 0, 0, 0.01%, 0, 0, 1, 42.63
1735819237, 1, 8, 10, 0, 0, 0.01%, 0, 0, 1, 44.19
1735819247, 1, 9, 10, 0, 0, 0.01%, 0, 0, 1, 42.26
1735819252, 2, 0, 10, 0, 0, 0.01%, 0, 0, 1, 43.45
1735819257, 2, 1, 10, 0, 0, 0.01%, 0, 0, 1, 44.67
1735819262, 2, 2, 10, 0, 0, 0.01%, 0, 0, 1, 43.71
1735819267, 2, 3, 10, 0, 0, 0.01%, 0, 0, 1, 42.61
1735819272, 2, 4, 10, 0, 0, 0.01%, 0, 0, 1, 44.87
1735819282, 2, 5, 10, 0, 0, 0.01%, 0, 0, 1, 46.40
1735819287, 2, 6, 10, 0, 0, 0.01%, 0, 0, 1, 44.06
1735819292, 2, 7, 10, 0, 0, 0.01%, 0, 0, 1, 43.68
1735819297, 2, 8, 10, 0, 0, 0.01%, 0, 0, 1, 43.62
1735819302, 2, 9, 10, 0, 0, 0.01%, 0, 0, 1, 43.85
1735819308, 3, 0, 10, 0, 0, 0.01%, 0, 0, 1, 42.76
1735819313, 3, 1, 10, 0, 0, 0.01%, 0, 0, 1, 44.20
1735819323, 3, 2, 10, 0, 0, 0.01%, 0, 0, 1, 44.75
1735819328, 3, 3, 10, 0, 0, 0.01%, 0, 0, 1, 43.06
1735819333, 3, 4, 10, 0, 0, 0.01%, 0, 0, 1, 45.06
1735819338, 3, 5, 10, 0, 0, 0.01%, 0, 0, 1, 44.29
1735819343, 3, 6, 10, 0, 0, 0.01%, 0, 0, 1, 43.95
1735819348, 3, 7, 10, 0, 0, 0.01%, 0, 0, 1, 43.54
1735819353, 3, 8, 10, 0, 0, 0.01%, 0, 0, 1, 45.65
1735819363, 3, 9, 10, 0, 0, 0.01%, 0, 0, 1, 45.89
1735819368, 4, 0, 10, 0, 0, 0.01%, 0, 0, 1, 44.62
1735819374, 4, 1, 10, 0, 0, 0.01%, 0, 0, 1, 44.02
1735819379, 4, 2, 10, 0, 0, 0.01%, 0, 0, 1, 46.21
1735819384, 4, 3, 10, 0, 0, 0.01%, 0, 0, 1, 44.49
1735819389, 4, 4, 10, 0, 0, 0.01%, 0, 0, 1, 45.55
1735819394, 4, 5, 10, 0, 0, 0.01%, 0, 0, 1, 42.93
1735819399, 4, 6, 10, 0, 0, 0.01%, 0, 0, 1, 45.61
1735819409, 4, 7, 10, 0, 0, 0.01%, 0, 0, 1, 44.95
1735819414, 4, 8, 10, 0, 0, 0.01%, 0, 0, 1, 44.89
1735819419, 4, 9, 10, 0, 0, 0.01%, 0, 0, 1, 43.45
1735819425, 5, 0, 10, 0, 0, 0.01%, 0, 0, 1, 43.29
1735819430, 5, 1, 10, 0, 0, 0.01%, 0, 0, 1, 43.53
1735819435, 5, 2, 10, 0, 0, 0.01%, 0, 0, 1, 44.73
1735819440, 5, 3, 10, 0, 0, 0.01%, 0, 0, 1, 44.77
1735819450, 5, 4, 10, 0, 0, 0.01%, 0, 0, 1, 43.67
1735819455, 5, 5, 10, 0, 0, 0.01%, 0, 0, 1, 43.70
1735819460, 5, 6, 10, 0, 0, 0.01%, 0, 0, 1, 41.40
1735819465, 5, 7, 10, 0, 0, 0.01%, 0, 0, 1, 43.46
1735819470, 5, 8, 10, 0, 0, 0.01%, 0, 0, 1, 43.54
1735819475, 5, 9, 10, 0, 0, 0.01%, 0, 0, 1, 44.63
1735819480, 6, 0, 10, 0, 0, 0.01%, 0, 0, 1, 44.53
1735819490, 6, 1, 10, 0, 0, 0.01%, 0, 0, 1, 42.84
1735819495, 6, 2, 10, 0, 0, 0.01%, 0, 0, 1, 42.70
1735819501, 6, 3, 10, 0, 0, 0.01%, 0, 0, 1, 42.26
1735819506, 6, 4, 10, 0, 0, 0.01%, 0, 0, 1, 43.37
1735819511, 6, 5, 10, 0, 0, 0.01%, 0, 0, 1, 43.67
1735819516, 6, 6, 10, 0, 0, 0.01%, 0, 0, 1, 44.31
1735819526, 6, 7, 10, 0, 0, 0.01%, 0, 0, 1, 43.64
1735819531, 6, 8, 10, 0, 0, 0.01%, 0, 0, 1, 43.03
1735819536, 6, 9, 10, 0, 0, 0.01%, 0, 0, 1, 44.12
1735819541, 7, 0, 10, 0, 0, 0.01%, 0, 0, 1, 43.42
1735819546, 7, 1, 10, 0, 0, 0.01%, 0, 0, 1, 43.83
1735819551, 7, 2, 10, 0, 0, 0.01%, 0, 0, 1, 44.74
1735819556, 7, 3, 10, 0, 0, 0.01%, 0, 0, 1, 46.50
1735819566, 7, 4, 10, 0, 0, 0.01%, 0, 0, 1, 44.89
1735819571, 7, 5, 10, 0, 0, 0.01%, 0, 0, 1, 43.34
1735819576, 7, 6, 10, 0, 0, 0.01%, 0, 0, 1, 46.48
1735819582, 7, 7, 10, 0, 0, 0.01%, 0, 0, 1, 45.11
1735819587, 7, 8, 10, 0, 0, 0.01%, 0, 0, 1, 46.04
1735819592, 7, 9, 10, 0, 0, 0.01%, 0, 0, 1, 43.68
1735819597, 8, 0, 10, 0, 0, 0.01%, 0, 0, 1, 42.52
1735819602, 8, 1, 10, 0, 0, 0.01%, 0, 0, 1, 44.17
1735819612, 8, 2, 10, 0, 0, 0.01%, 0, 0, 1, 42.30
1735819617, 8, 3, 10, 0, 0, 0.01%, 0, 0, 1, 43.08
1735819622, 8, 4, 10, 0, 0, 0.01%, 0, 0, 1, 43.66
1735819627, 8, 5, 10, 0, 0, 0.01%, 0, 0, 1, 42.96
1735819633, 8, 6, 10, 0, 0, 0.01%, 0, 0, 1, 43.42
1735819638, 8, 7, 10, 0, 0, 0.01%, 0, 0, 1, 43.52
1735819648, 8, 8, 10, 0, 0, 0.01%, 0, 0, 1, 44.47
1735819653, 8, 9, 10, 0, 0, 0.01%, 0, 0, 1, 43.64
1735819658, 9, 0, 10, 0, 0, 0.01%, 0, 0, 1, 43.59
1735819663, 9, 1, 10, 0, 0, 0.01%, 0, 0, 1, 44.11
1735819668, 9, 2, 10, 0, 0, 0.01%, 0, 0, 1, 45.30
1735819673, 9, 3, 10, 0, 0, 0.01%, 0, 0, 1, 43.65
1735819683, 9, 4, 10, 0, 0, 0.01%, 0, 0, 1, 43.55
1735819688, 9, 5, 10, 0, 0, 0.01%, 0, 0, 1, 44.81
1735819693, 9, 6, 10, 0, 0, 0.01%, 0, 0, 1, 43.94
1735819699, 9, 7, 10, 0, 0, 0.01%, 0, 0, 1, 42.67
1735819704, 9, 8, 10, 0, 0, 0.01%, 0, 0, 1, 45.15
1735819709, 9, 9, 10, 0, 0, 0.01%, 0, 0, 1, 42.44
1735819714, 10, 0, 10, 0, 0, 0.01%, 0, 0, 1, 41.93
1735819724, 10, 1, 10, 0, 0, 0.01%, 0, 0, 1, 43.13
1735819729, 10, 2, 10, 0, 0, 0.01%, 0, 0, 1, 43.57
1735819734, 10, 3, 10, 0, 0, 0.01%, 0, 0, 1, 43.55
1735819739, 10, 4, 10, 0, 0, 0.01%, 0, 0, 1, 42.82
1735819744, 10, 5, 10, 0, 0, 0.01%, 0, 0, 1, 43.82
1735819749, 10, 6, 10, 0, 0, 0.01%, 0, 0, 1, 43.08
1735819759, 10, 7, 10, 0, 0, 0.01%, 0, 0, 1, 44.52
1735819764, 10, 8, 10, 0, 0, 0.01%, 0, 0, 1, 45.14
1735819770, 10, 9, 10, 0, 0, 0.01%, 0, 0, 1, 45.96
1735819775, 11, 0, 10, 0, 0, 0.01%, 0, 0, 1, 46.47
1735819780, 11, 1, 10, 0, 0, 0.01%, 0, 0, 1, 45.66
1735819785, 11, 2, 10, 0, 0, 0.01%, 0, 0, 1, 45.11
1735819790, 11, 3, 10, 0, 0, 0.01%, 0, 0, 1, 45.87
1735819795, 11, 4, 10, 0, 0, 0.01%, 0, 0, 1, 43.58
1735819800, 11, 5, 10, 0, 0, 0.01%, 0, 0, 1, 45.36
1735819810, 11, 6, 10, 0, 0, 0.01%, 0, 0, 1, 45.80
1735819815, 11, 7, 10, 0, 0, 0.01%, 0, 0, 1, 45.99
1735819820, 11, 8, 10, 0, 0, 0.01%, 0, 0, 1, 44.94
1735819825, 11, 9, 10, 0, 0, 0.01%, 0, 0, 1, 46.16
1735819830, 12, 0, 10, 0, 0, 0.01%, 0, 0, 1, 45.45
1735819835, 12, 1, 10, 0, 0, 0.01%, 0, 0, 1, 44.26
1735819840, 12, 2, 10, 0, 0, 0.01%, 0, 0, 1, 46.29
1735819845, 12, 3, 10, 0, 0, 0.01%, 0, 0, 1, 47.06
1735819851, 12, 4, 10, 0, 0, 0.01%, 0, 0, 1, 45.78
1735819861, 12, 5, 10, 0, 0, 0.01%, 0, 0, 1, 45.61
1735819866, 12, 6, 10, 0, 0, 0.01%, 0, 0, 1, 43.82
1735819871, 12, 7, 10, 0, 0, 0.01%, 0, 0, 1, 45.57
1735819876, 12, 8, 10, 0, 0, 0.01%, 0, 0, 1, 44.92
1735819881, 12, 9, 10, 0, 0, 0.01%, 0, 0, 1, 45.69
1735819886, 13, 0, 10, 0, 0, 0.01%, 0, 0, 1, 46.09
1735819891, 13, 1, 10, 0, 0, 0.01%, 0, 0, 1, 46.69
1735819896, 13, 2, 10, 0, 0, 0.01%, 0, 0, 1, 45.26
1735819901, 13, 3, 10, 0, 0, 0.01%, 0, 0, 1, 45.99
1735819912, 13, 4, 10, 0, 0, 0.01%, 0, 0, 1, 44.38
1735819917, 13, 5, 10, 0, 0, 0.01%, 0, 0, 1, 44.61
1735819922, 13, 6, 10, 0, 0, 0.01%, 0, 0, 1, 43.22
1735819927, 13, 7, 10, 0, 0, 0.01%, 0, 0, 1, 46.05
1735819932, 13, 8, 10, 0, 0, 0.01%, 0, 0, 1, 43.80
1735819937, 13, 9, 10, 0, 0, 0.01%, 0, 0, 1, 45.95
1735819942, 14, 0, 10, 0, 0, 0.01%, 0, 0, 1, 45.35
1735819947, 14, 1, 10, 0, 0, 0.01%, 0, 0, 1, 45.22
1735819957, 14, 2, 10, 0, 0, 0.01%, 0, 0, 1, 44.95
1735819962, 14, 3, 10, 0, 0, 0.01%, 0, 0, 1, 45.27
1735819967, 14, 4, 10, 0, 0, 0.01%, 0, 0, 1, 45.75
1735819972, 14, 5, 10, 0, 0, 0.01%, 0, 0, 1, 46.15
1735819978, 14, 6, 10, 0, 0, 0.01%, 0, 0, 1, 44.55
1735819983, 14, 7, 10, 0, 0, 0.01%, 0, 0, 1, 46.27
1735819988, 14, 8, 10, 0, 0, 0.01%, 0, 0, 1, 46.02
1735819993, 14, 9, 10, 0, 0, 0.01%, 0, 0, 1, 45.42
1735819998, 15, 0, 10, 0, 0, 0.01%, 0, 0, 1, 45.48
1735820008, 15, 1, 10, 0, 0, 0.01%, 0, 0, 1, 46.97
1735820013, 15, 2, 10, 0, 0, 0.01%, 0, 0, 1, 45.14
1735820018, 15, 3, 10, 0, 0, 0.01%, 0, 0, 1, 39.54
1735820039, 15, 4, 10, 0, 0, 0.01%, 0, 0, 1, 41.37
1735820059, 15, 5, 10, 0, 0, 0.01%, 0, 0, 1, 43.00
1735820079, 15, 6, 10, 0, 0, 0.01%, 0, 0, 1, 44.66
1735820100, 15, 7, 10, 0, 0, 0.01%, 0, 0, 1, 45.32
1735820125, 15, 8, 10, 0, 0, 0.01%, 0, 0, 1, 38.52
1735820145, 15, 9, 10, 0, 0, 0.01%, 0, 0, 1, 39.36
1735820166, 16, 0, 10, 0, 0, 0.01%, 0, 0, 1, 46.53
1735820171, 16, 1, 10, 0, 0, 0.01%, 0, 0, 1, 40.52
1735820191, 16, 2, 10, 0, 0, 0.01%, 0, 0, 1, 46.26
1735820196, 16, 3, 10, 0, 0, 0.01%, 0, 0, 1, 49.53
1735820201, 16, 4, 10, 0, 0, 0.01%, 0, 0, 1, 46.16
1735820206, 16, 5, 10, 0, 0, 0.01%, 0, 0, 1, 45.15
1735820212, 16, 6, 10, 0, 0, 0.01%, 0, 0, 1, 45.83
1735820222, 16, 7, 10, 0, 0, 0.01%, 0, 0, 1, 44.85
1735820227, 16, 8, 10, 0, 0, 0.01%, 0, 0, 1, 44.84
1735820232, 16, 9, 10, 0, 0, 0.01%, 0, 0, 1, 45.58
1735820237, 17, 0, 10, 0, 0, 0.01%, 0, 0, 1, 43.60
1735820242, 17, 1, 10, 0, 0, 0.01%, 0, 0, 1, 44.12
1735820247, 17, 2, 10, 0, 0, 0.01%, 0, 0, 1, 45.45
1735820252, 17, 3, 10, 0, 0, 0.01%, 0, 0, 1, 45.92
1735820257, 17, 4, 10, 0, 0, 0.01%, 0, 0, 1, 46.56
1735820262, 17, 5, 10, 0, 0, 0.01%, 0, 0, 1, 49.17
1735820267, 17, 6, 10, 0, 0, 0.01%, 0, 0, 1, 47.32
1735820277, 17, 7, 10, 0, 0, 0.01%, 0, 0, 1, 45.54
1735820282, 17, 8, 10, 0, 0, 0.01%, 0, 0, 1, 45.09
1735820287, 17, 9, 10, 0, 0, 0.01%, 0, 0, 1, 47.78
1735820292, 18, 0, 10, 0, 0, 0.01%, 0, 0, 1, 45.39
1735820298, 18, 1, 10, 0, 0, 0.01%, 0, 0, 1, 46.20
1735820303, 18, 2, 10, 0, 0, 0.01%, 0, 0, 1, 43.46
1735820308, 18, 3, 10, 0, 0, 0.01%, 0, 0, 1, 46.67
1735820313, 18, 4, 10, 0, 0, 0.01%, 0, 0, 1, 46.22
1735820318, 18, 5, 10, 0, 0, 0.01%, 0, 0, 1, 45.10
1735820323, 18, 6, 10, 0, 0, 0.01%, 0, 0, 1, 45.53
1735820333, 18, 7, 10, 0, 0, 0.01%, 0, 0, 1, 46.38
1735820338, 18, 8, 10, 0, 0, 0.01%, 0, 0, 1, 45.27
1735820343, 18, 9, 10, 0, 0, 0.01%, 0, 0, 1, 43.94
1735820348, 19, 0, 10, 0, 0, 0.01%, 0, 0, 1, 45.03
1735820353, 19, 1, 10, 0, 0, 0.01%, 0, 0, 1, 44.19
1735820358, 19, 2, 10, 0, 0, 0.01%, 0, 0, 1, 48.58
1735820363, 19, 3, 10, 0, 0, 0.01%, 0, 0, 1, 46.53
1735820368, 19, 4, 10, 0, 0, 0.01%, 0, 0, 1, 47.10
1735820373, 19, 5, 10, 0, 0, 0.01%, 0, 0, 1, 46.30
1735820384, 19, 6, 10, 0, 0, 0.01%, 0, 0, 1, 47.22
1735820389, 19, 7, 10, 0, 0, 0.01%, 0, 0, 1, 46.10
1735820394, 19, 8, 10, 0, 0, 0.01%, 0, 0, 1, 46.57
1735820399, 19, 9, 10, 0, 0, 0.01%, 0, 0, 1, 45.91
1735820404, 20, 0, 10, 0, 0, 0.01%, 0, 0, 1, 44.17
1735820409, 20, 1, 10, 0, 0, 0.01%, 0, 0, 1, 42.44
1735820414, 20, 2, 10, 0, 0, 0.01%, 0, 0, 1, 45.73
1735820419, 20, 3, 10, 0, 0, 0.01%, 0, 0, 1, 45.97
1735820424, 20, 4, 10, 0, 0, 0.01%, 0, 0, 1, 45.32
1735820434, 20, 5, 10, 0, 0, 0.01%, 0, 0, 1, 45.16
1735820440, 20, 6, 10, 0, 0, 0.01%, 0, 0, 1, 44.90
1735820445, 20, 7, 10, 0, 0, 0.01%, 0, 0, 1, 46.31
1735820450, 20, 8, 10, 0, 0, 0.01%, 0, 0, 1, 47.66
1735820455, 20, 9, 10, 0, 0, 0.01%, 0, 0, 1, 47.24
1735820460, 21, 0, 10, 0, 0, 0.01%, 0, 0, 1, 45.58
1735820465, 21, 1, 10, 0, 0, 0.01%, 0, 0, 1, 44.60
1735820470, 21, 2, 10, 0, 0, 0.01%, 0, 0, 1, 44.75
1735820475, 21, 3, 10, 0, 0, 0.01%, 0, 0, 1, 46.21
1735820480, 21, 4, 10, 0, 0, 0.01%, 0, 0, 1, 45.55
1735820490, 21, 5, 10, 0, 0, 0.01%, 0, 0, 1, 46.17
1735820495, 21, 6, 10, 0, 0, 0.01%, 0, 0, 1, 45.20
1735820500, 21, 7, 10, 0, 0, 0.01%, 0, 0, 1, 43.29
1735820505, 21, 8, 10, 0, 0, 0.01%, 0, 0, 1, 44.49
1735820510, 21, 9, 10, 0, 0, 0.01%, 0, 0, 1, 44.76
1735820515, 22, 0, 10, 0, 0, 0.01%, 0, 0, 1, 45.55
1735820520, 22, 1, 10, 0, 0, 0.01%, 0, 0, 1, 44.86
1735820531, 22, 2, 10, 0, 0, 0.01%, 0, 0, 1, 45.61
1735820536, 22, 3, 10, 0, 0, 0.01%, 0, 0, 1, 45.89
1735820541, 22, 4, 10, 0, 0, 0.01%, 0, 0, 1, 46.62
1735820546, 22, 5, 10, 0, 0, 0.01%, 0, 0, 1, 45.91
1735820551, 22, 6, 10, 0, 0, 0.01%, 0, 0, 1, 49.56
1735820556, 22, 7, 10, 0, 0, 0.01%, 0, 0, 1, 45.96
1735820561, 22, 8, 10, 0, 0, 0.01%, 0, 0, 1, 43.90
1735820566, 22, 9, 10, 0, 0, 0.01%, 0, 0, 1, 43.81
1735820571, 23, 0, 10, 0, 0, 0.01%, 0, 0, 1, 44.19
1735820576, 23, 1, 10, 0, 0, 0.01%, 0, 0, 1, 45.25
1735820586, 23, 2, 10, 0, 0, 0.01%, 0, 0, 1, 44.81
1735820592, 23, 3, 10, 0, 0, 0.01%, 0, 0, 1, 44.90
1735820597, 23, 4, 10, 0, 0, 0.01%, 0, 0, 1, 45.81
1735820602, 23, 5, 10, 0, 0, 0.01%, 0, 0, 1, 46.19
1735820607, 23, 6, 10, 0, 0, 0.01%, 0, 0, 1, 45.96
1735820612, 23, 7, 10, 0, 0, 0.01%, 0, 0, 1, 46.63
1735820617, 23, 8, 10, 0, 0, 0.01%, 0, 0, 1, 45.13
1735820622, 23, 9, 10, 0, 0, 0.01%, 0, 0, 1, 45.46
1735820627, 24, 0, 10, 0, 0, 0.01%, 0, 0, 1, 46.13
1735820637, 24, 1, 10, 0, 0, 0.01%, 0, 0, 1, 45.14
1735820642, 24, 2, 10, 0, 0, 0.01%, 0, 0, 1, 45.28
1735820647, 24, 3, 10, 0, 0, 0.01%, 0, 0, 1, 44.80
1735820652, 24, 4, 10, 0, 0, 0.01%, 0, 0, 1, 47.31
1735820657, 24, 5, 10, 0, 0, 0.01%, 0, 0, 1, 46.02
1735820662, 24, 6, 10, 0, 0, 0.01%, 0, 0, 1, 46.18
1735820667, 24, 7, 10, 0, 0, 0.01%, 0, 0, 1, 44.78
1735820672, 24, 8, 10, 0, 0, 0.01%, 0, 0, 1, 44.00
1735820677, 24, 9, 10, 0, 0, 0.01%, 0, 0, 1, 46.55
1735820682, 25, 0, 10, 0, 0, 0.01%, 0, 0, 1, 45.19
1735820693, 25, 1, 10, 0, 0, 0.01%, 0, 0, 1, 46.43
1735820698, 25, 2, 10, 0, 0, 0.01%, 0, 0, 1, 45.45
1735820703, 25, 3, 10, 0, 0, 0.01%, 0, 0, 1, 44.39
1735820708, 25, 4, 10, 0, 0, 0.01%, 0, 0, 1, 45.41
1735820713, 25, 5, 10, 0, 0, 0.01%, 0, 0, 1, 47.49
1735820718, 25, 6, 10, 0, 0, 0.01%, 0, 0, 1, 48.68
1735820723, 25, 7, 10, 0, 0, 0.01%, 0, 0, 1, 46.14
1735820728, 25, 8, 10, 0, 0, 0.01%, 0, 0, 1, 43.78
1735820733, 25, 9, 10, 0, 0, 0.01%, 0, 0, 1, 45.10
1735820738, 26, 0, 10, 0, 0, 0.01%, 0, 0, 1, 44.36
1735820743, 26, 1, 10, 0, 0, 0.01%, 0, 0, 1, 46.90
1735820753, 26, 2, 10, 0, 0, 0.01%, 0, 0, 1, 46.31
1735820758, 26, 3, 10, 0, 0, 0.01%, 0, 0, 1, 46.33
1735820763, 26, 4, 10, 0, 0, 0.01%, 0, 0, 1, 44.48
1735820768, 26, 5, 10, 0, 0, 0.01%, 0, 0, 1, 44.36
1735820774, 26, 6, 10, 0, 0, 0.01%, 0, 0, 1, 44.94
1735820779, 26, 7, 10, 0, 0, 0.01%, 0, 0, 1, 45.93
1735820784, 26, 8, 10, 0, 0, 0.01%, 0, 0, 1, 46.28
1735820789, 26, 9, 10, 0, 0, 0.01%, 0, 0, 1, 46.91
1735820794, 27, 0, 10, 0, 0, 0.01%, 0, 0, 1, 46.57
1735820799, 27, 1, 10, 0, 0, 0.01%, 0, 0, 1, 44.69
1735820804, 27, 2, 10, 0, 0, 0.01%, 0, 0, 1, 46.15
1735820814, 27, 3, 10, 0, 0, 0.01%, 0, 0, 1, 44.50
1735820819, 27, 4, 10, 0, 0, 0.01%, 0, 0, 1, 45.63
1735820824, 27, 5, 10, 0, 0, 0.01%, 0, 0, 1, 44.66
1735820830, 27, 6, 10, 0, 0, 0.01%, 0, 0, 1, 45.68
1735820835, 27, 7, 10, 0, 0, 0.01%, 0, 0, 1, 46.71
1735820840, 27, 8, 10, 0, 0, 0.01%, 0, 0, 1, 45.18
1735820845, 27, 9, 10, 0, 0, 0.01%, 0, 0, 1, 46.28
1735820850, 28, 0, 10, 0, 0, 0.01%, 0, 0, 1, 45.93
1735820855, 28, 1, 10, 0, 0, 0.01%, 0, 0, 1, 46.34
1735820865, 28, 2, 10, 0, 0, 0.01%, 0, 0, 1, 43.38
1735820870, 28, 3, 10, 0, 0, 0.01%, 0, 0, 1, 45.00
1735820875, 28, 4, 10, 0, 0, 0.01%, 0, 0, 1, 48.53
1735820880, 28, 5, 10, 0, 0, 0.01%, 0, 0, 1, 47.78
1735820885, 28, 6, 10, 0, 0, 0.01%, 0, 0, 1, 45.79
1735820890, 28, 7, 10, 0, 0, 0.01%, 0, 0, 1, 47.74
1735820895, 28, 8, 10, 0, 0, 0.01%, 0, 0, 1, 46.69
1735820901, 28, 9, 10, 0, 0, 0.01%, 0, 0, 1, 46.58
1735820906, 29, 0, 10, 0, 0, 0.01%, 0, 0, 1, 44.60
1735820911, 29, 1, 10, 0, 0, 0.01%, 0, 0, 1, 45.31
1735820921, 29, 2, 10, 0, 0, 0.01%, 0, 0, 1, 46.02
1735820926, 29, 3, 10, 0, 0, 0.01%, 0, 0, 1, 45.46
1735820931, 29, 4, 10, 0, 0, 0.01%, 0, 0, 1, 45.69
1735820936, 29, 5, 10, 0, 0, 0.01%, 0, 0, 1, 43.80
1735820941, 29, 6, 10, 0, 0, 0.01%, 0, 0, 1, 45.83
1735820946, 29, 7, 10, 0, 0, 0.01%, 0, 0, 1, 46.23
1735820951, 29, 8, 10, 0, 0, 0.01%, 0, 0, 1, 45.59
1735820956, 29, 9, 10, 0, 0, 0.01%, 0, 0, 1, 45.83
1735820961, 30, 0, 10, 0, 0, 0.01%, 0, 0, 1, 44.84
1735820971, 30, 1, 10, 0, 0, 0.01%, 0, 0, 1, 45.15
1735820976, 30, 2, 10, 0, 0, 0.01%, 0, 0, 1, 46.49
1735820982, 30, 3, 10, 0, 0, 0.01%, 0, 0, 1, 46.41
1735820987, 30, 4, 10, 0, 0, 0.01%, 0, 0, 1, 44.92
1735820992, 30, 5, 10, 0, 0, 0.01%, 0, 0, 1, 44.96
1735820997, 30, 6, 10, 0, 0, 0.01%, 0, 0, 1, 45.28
1735821002, 30, 7, 10, 0, 0, 0.01%, 0, 0, 1, 47.29
1735821007, 30, 8, 10, 0, 0, 0.01%, 0, 0, 1, 47.20
1735821012, 30, 9, 10, 0, 0, 0.01%, 0, 0, 1, 45.37
1735821017, 31, 0, 10, 0, 0, 0.01%, 0, 0, 1, 44.95
1735821027, 31, 1, 10, 0, 0, 0.01%, 0, 0, 1, 44.44
1735821032, 31, 2, 10, 0, 0, 0.01%, 0, 0, 1, 45.87
1735821037, 31, 3, 10, 0, 0, 0.01%, 0, 0, 1, 45.09
1735821042, 31, 4, 10, 0, 0, 0.01%, 0, 0, 1, 45.15
1735821047, 31, 5, 10, 0, 0, 0.01%, 0, 0, 1, 45.73
1735821052, 31, 6, 10, 0, 0, 0.01%, 0, 0, 1, 44.91
1735821057, 31, 7, 10, 0, 0, 0.01%, 0, 0, 1, 44.52
1735821063, 31, 8, 10, 0, 0, 0.01%, 0, 0, 1, 45.69
1735821073, 31, 9, 10, 0, 0, 0.01%, 0, 0, 1, 45.77
1735821078, 32, 0, 10, 0, 0, 0.01%, 0, 0, 1, 47.54
1735821083, 32, 1, 10, 0, 0, 0.01%, 0, 0, 1, 44.02
1735821088, 32, 2, 10, 0, 0, 0.01%, 0, 0, 1, 44.12
1735821093, 32, 3, 10, 0, 0, 0.01%, 0, 0, 1, 42.86
1735821098, 32, 4, 10, 0, 0, 0.01%, 0, 0, 1, 47.38
1735821103, 32, 5, 10, 0, 0, 0.01%, 0, 0, 1, 45.41
1735821108, 32, 6, 10, 0, 0, 0.01%, 0, 0, 1, 44.54
1735821113, 32, 7, 10, 0, 0, 0.01%, 0, 0, 1, 46.30
1735821118, 32, 8, 10, 0, 0, 0.01%, 0, 0, 1, 47.82
1735821128, 32, 9, 10, 0, 0, 0.01%, 0, 0, 1, 44.60
1735821133, 33, 0, 10, 0, 0, 0.01%, 0, 0, 1, 45.95
1735821138, 33, 1, 10, 0, 0, 0.01%, 0, 0, 1, 46.75
1735821144, 33, 2, 10, 0, 0, 0.01%, 0, 0, 1, 48.16
1735821149, 33, 3, 10, 0, 0, 0.01%, 0, 0, 1, 44.89
1735821154, 33, 4, 10, 0, 0, 0.01%, 0, 0, 1, 44.73
1735821159, 33, 5, 10, 0, 0, 0.01%, 0, 0, 1, 45.32
1735821164, 33, 6, 10, 0, 0, 0.01%, 0, 0, 1, 47.41
1735821169, 33, 7, 10, 0, 0, 0.01%, 0, 0, 1, 47.56
1735821174, 33, 8, 10, 0, 0, 0.01%, 0, 0, 1, 45.52
1735821184, 33, 9, 10, 0, 0, 0.01%, 0, 0, 1, 45.07
1735821189, 34, 0, 10, 0, 0, 0.01%, 0, 0, 1, 45.94
1735821194, 34, 1, 10, 0, 0, 0.01%, 0, 0, 1, 44.64
1735821199, 34, 2, 10, 0, 0, 0.01%, 0, 0, 1, 45.98
1735821205, 34, 3, 10, 0, 0, 0.01%, 0, 0, 1, 46.90
1735821210, 34, 4, 10, 0, 0, 0.01%, 0, 0, 1, 45.85
1735821215, 34, 5, 10, 0, 0, 0.01%, 0, 0, 1, 45.83
1735821220, 34, 6, 10, 0, 0, 0.01%, 0, 0, 1, 46.26
1735821225, 34, 7, 10, 0, 0, 0.01%, 0, 0, 1, 45.82
1735821230, 34, 8, 10, 0, 0, 0.01%, 0, 0, 1, 46.04
1735821235, 34, 9, 10, 0, 0, 0.01%, 0, 0, 1, 45.43
1735821245, 35, 0, 10, 0, 0, 0.01%, 0, 0, 1, 46.46
1735821250, 35, 1, 10, 0, 0, 0.01%, 0, 0, 1, 45.94
1735821255, 35, 2, 10, 0, 0, 0.01%, 0, 0, 1, 45.44
1735821260, 35, 3, 10, 0, 0, 0.01%, 0, 0, 1, 44.96
1735821265, 35, 4, 10, 0, 0, 0.01%, 0, 0, 1, 48.39
1735821270, 35, 5, 10, 0, 0, 0.01%, 0, 0, 1, 46.75
1735821276, 35, 6, 10, 0, 0, 0.01%, 0, 0, 1, 45.25
1735821281, 35, 7, 10, 0, 0, 0.01%, 0, 0, 1, 45.29
1735821286, 35, 8, 10, 0, 0, 0.01%, 0, 0, 1, 46.65
1735821291, 35, 9, 10, 0, 0, 0.01%, 0, 0, 1, 48.42
1735821301, 36, 0, 10, 0, 0, 0.01%, 0, 0, 1, 45.19
1735821306, 36, 1, 10, 0, 0, 0.01%, 0, 0, 1, 46.52
1735821311, 36, 2, 10, 0, 0, 0.01%, 0, 0, 1, 46.67
1735821316, 36, 3, 10, 0, 0, 0.01%, 0, 0, 1, 45.50
1735821321, 36, 4, 10, 0, 0, 0.01%, 0, 0, 1, 45.57
1735821326, 36, 5, 10, 0, 0, 0.01%, 0, 0, 1, 44.76
1735821331, 36, 6, 10, 0, 0, 0.01%, 0, 0, 1, 45.19
1735821337, 36, 7, 10, 0, 0, 0.01%, 0, 0, 1, 44.75
1735821342, 36, 8, 10, 0, 0, 0.01%, 0, 0, 1, 45.55
1735821352, 36, 9, 10, 0, 0, 0.01%, 0, 0, 1, 44.64
1735821357, 37, 0, 10, 0, 0, 0.01%, 0, 0, 1, 44.49
1735821362, 37, 1, 10, 0, 0, 0.01%, 0, 0, 1, 44.21
1735821367, 37, 2, 10, 0, 0, 0.01%, 0, 0, 1, 46.21
1735821372, 37, 3, 10, 0, 0, 0.01%, 0, 0, 1, 44.64
1735821377, 37, 4, 10, 0, 0, 0.01%, 0, 0, 1, 46.02
1735821382, 37, 5, 10, 0, 0, 0.01%, 0, 0, 1, 46.79
1735821387, 37, 6, 10, 0, 0, 0.01%, 0, 0, 1, 45.98
1735821392, 37, 7, 10, 0, 0, 0.01%, 0, 0, 1, 45.18
1735821402, 37, 8, 10, 0, 0, 0.01%, 0, 0, 1, 46.61
1735821407, 37, 9, 10, 0, 0, 0.01%, 0, 0, 1, 45.81
1735821412, 38, 0, 10, 0, 0, 0.01%, 0, 0, 1, 45.81
1735821417, 38, 1, 10, 0, 0, 0.01%, 0, 0, 1, 44.56
1735821423, 38, 2, 10, 0, 0, 0.01%, 0, 0, 1, 46.36
1735821428, 38, 3, 10, 0, 0, 0.01%, 0, 0, 1, 46.78
1735821433, 38, 4, 10, 0, 0, 0.01%, 0, 0, 1, 43.95
1735821438, 38, 5, 10, 0, 0, 0.01%, 0, 0, 1, 44.30
1735821443, 38, 6, 10, 0, 0, 0.01%, 0, 0, 1, 46.62
1735821453, 38, 7, 10, 0, 0, 0.01%, 0, 0, 1, 45.04
1735821458, 38, 8, 10, 0, 0, 0.01%, 0, 0, 1, 47.47
1735821463, 38, 9, 10, 0, 0, 0.01%, 0, 0, 1, 46.06
1735821469, 39, 0, 10, 0, 0, 0.01%, 0, 0, 1, 46.89
1735821474, 39, 1, 10, 0, 0, 0.01%, 0, 0, 1, 45.88
1735821479, 39, 2, 10, 0, 0, 0.01%, 0, 0, 1, 45.54
1735821484, 39, 3, 10, 0, 0, 0.01%, 0, 0, 1, 44.59
1735821489, 39, 4, 10, 0, 0, 0.01%, 0, 0, 1, 45.61
1735821494, 39, 5, 10, 0, 0, 0.01%, 0, 0, 1, 46.51
1735821499, 39, 6, 10, 0, 0, 0.01%, 0, 0, 1, 45.36
1735821509, 39, 7, 10, 0, 0, 0.01%, 0, 0, 1, 46.46
1735821514, 39, 8, 10, 0, 0, 0.01%, 0, 0, 1, 46.86
1735821519, 39, 9, 10, 0, 0, 0.01%, 0, 0, 1, 46.56
1735821524, 40, 0, 10, 0, 0, 0.01%, 0, 0, 1, 47.34
1735821529, 40, 1, 10, 0, 0, 0.01%, 0, 0, 1, 47.76
1735821534, 40, 2, 10, 0, 0, 0.01%, 0, 0, 1, 46.56
1735821540, 40, 3, 10, 0, 0, 0.01%, 0, 0, 1, 45.77
1735821545, 40, 4, 10, 0, 0, 0.01%, 0, 0, 1, 47.87
1735821550, 40, 5, 10, 0, 0, 0.01%, 0, 0, 1, 47.88
1735821555, 40, 6, 10, 0, 0, 0.01%, 0, 0, 1, 45.32
1735821565, 40, 7, 10, 0, 0, 0.01%, 0, 0, 1, 45.02
1735821570, 40, 8, 10, 0, 0, 0.01%, 0, 0, 1, 45.45
1735821575, 40, 9, 10, 0, 0, 0.01%, 0, 0, 1, 45.98
1735821580, 41, 0, 10, 0, 0, 0.01%, 0, 0, 1, 46.49
1735821585, 41, 1, 10, 0, 0, 0.01%, 0, 0, 1, 47.07
1735821590, 41, 2, 10, 0, 0, 0.01%, 0, 0, 1, 48.18
1735821595, 41, 3, 10, 0, 0, 0.01%, 0, 0, 1, 47.33
1735821600, 41, 4, 10, 0, 0, 0.01%, 0, 0, 1, 44.84
1735821605, 41, 5, 10, 0, 0, 0.01%, 0, 0, 1, 45.32
1735821611, 41, 6, 10, 0, 0, 0.01%, 0, 0, 1, 44.59
1735821616, 41, 7, 10, 0, 0, 0.01%, 0, 0, 1, 45.78
1735821626, 41, 8, 10, 0, 0, 0.01%, 0, 0, 1, 45.15
1735821631, 41, 9, 10, 0, 0, 0.01%, 0, 0, 1, 45.05
1735821636, 42, 0, 10, 0, 0, 0.01%, 0, 0, 1, 44.69
1735821641, 42, 1, 10, 0, 0, 0.01%, 0, 0, 1, 45.96
1735821646, 42, 2, 10, 0, 0, 0.01%, 0, 0, 1, 45.79
1735821651, 42, 3, 10, 0, 0, 0.01%, 0, 0, 1, 46.20
1735821657, 42, 4, 10, 0, 0, 0.01%, 0, 0, 1, 45.22
1735821662, 42, 5, 10, 0, 0, 0.01%, 0, 0, 1, 46.86
1735821667, 42, 6, 10, 0, 0, 0.01%, 0, 0, 1, 45.12
1735821672, 42, 7, 10, 0, 0, 0.01%, 0, 0, 1, 46.50
1735821682, 42, 8, 10, 0, 0, 0.01%, 0, 0, 1, 45.04
1735821687, 42, 9, 10, 0, 0, 0.01%, 0, 0, 1, 45.57
1735821692, 43, 0, 10, 0, 0, 0.01%, 0, 0, 1, 43.04
1735821697, 43, 1, 10, 0, 0, 0.01%, 0, 0, 1, 45.32
1735821702, 43, 2, 10, 0, 0, 0.01%, 0, 0, 1, 44.86
1735821707, 43, 3, 10, 0, 0, 0.01%, 0, 0, 1, 44.19
1735821712, 43, 4, 10, 0, 0, 0.01%, 0, 0, 1, 44.90
1735821717, 43, 5, 10, 0, 0, 0.01%, 0, 0, 1, 46.03
1735821727, 43, 6, 10, 0, 0, 0.01%, 0, 0, 1, 45.61
1735821732, 43, 7, 10, 0, 0, 0.01%, 0, 0, 1, 47.24
1735821737, 43, 8, 10, 0, 0, 0.01%, 0, 0, 1, 44.77
1735821743, 43, 9, 10, 0, 0, 0.01%, 0, 0, 1, 43.85
1735821748, 44, 0, 10, 0, 0, 0.01%, 0, 0, 1, 47.07
1735821753, 44, 1, 10, 0, 0, 0.01%, 0, 0, 1, 44.55
1735821758, 44, 2, 10, 0, 0, 0.01%, 0, 0, 1, 47.02
1735821763, 44, 3, 10, 0, 0, 0.01%, 0, 0, 1, 45.42
1735821768, 44, 4, 10, 0, 0, 0.01%, 0, 0, 1, 46.36
1735821773, 44, 5, 10, 0, 0, 0.01%, 0, 0, 1, 45.90
1735821783, 44, 6, 10, 0, 0, 0.01%, 0, 0, 1, 46.91
1735821788, 44, 7, 10, 0, 0, 0.01%, 0, 0, 1, 47.51
1735821793, 44, 8, 10, 0, 0, 0.01%, 0, 0, 1, 46.63
1735821798, 44, 9, 10, 0, 0, 0.01%, 0, 0, 1, 47.05
1735821803, 45, 0, 10, 0, 0, 0.01%, 0, 0, 1, 44.76
1735821808, 45, 1, 10, 0, 0, 0.01%, 0, 0, 1, 45.87
1735821813, 45, 2, 10, 0, 0, 0.01%, 0, 0, 1, 45.95
1735821818, 45, 3, 10, 0, 0, 0.01%, 0, 0, 1, 45.64
1735821823, 45, 4, 10, 0, 0, 0.01%, 0, 0, 1, 44.14
1735821829, 45, 5, 10, 0, 0, 0.01%, 0, 0, 1, 44.71
1735821839, 45, 6, 10, 0, 0, 0.01%, 0, 0, 1, 44.43
1735821844, 45, 7, 10, 0, 0, 0.01%, 0, 0, 1, 45.14
1735821849, 45, 8, 10, 0, 0, 0.01%, 0, 0, 1, 44.76
1735821854, 45, 9, 10, 0, 0, 0.01%, 0, 0, 1, 46.41
1735821859, 46, 0, 10, 0, 0, 0.01%, 0, 0, 1, 47.34
1735821864, 46, 1, 10, 0, 0, 0.01%, 0, 0, 1, 46.64
1735821869, 46, 2, 10, 0, 0, 0.01%, 0, 0, 1, 45.78
1735821874, 46, 3, 10, 0, 0, 0.01%, 0, 0, 1, 46.92
1735821879, 46, 4, 10, 0, 0, 0.01%, 0, 0, 1, 45.94
1735821884, 46, 5, 10, 0, 0, 0.01%, 0, 0, 1, 46.22
1735821895, 46, 6, 10, 0, 0, 0.01%, 0, 0, 1, 45.11
1735821900, 46, 7, 10, 0, 0, 0.01%, 0, 0, 1, 45.51
1735821905, 46, 8, 10, 0, 0, 0.01%, 0, 0, 1, 48.26
1735821910, 46, 9, 10, 0, 0, 0.01%, 0, 0, 1, 45.18
1735821915, 47, 0, 10, 0, 0, 0.01%, 0, 0, 1, 45.39
1735821920, 47, 1, 10, 0, 0, 0.01%, 0, 0, 1, 47.90
1735821925, 47, 2, 10, 0, 0, 0.01%, 0, 0, 1, 45.05
1735821930, 47, 3, 10, 0, 0, 0.01%, 0, 0, 1, 46.39
1735821935, 47, 4, 10, 0, 0, 0.01%, 0, 0, 1, 45.20
1735821940, 47, 5, 10, 0, 0, 0.01%, 0, 0, 1, 46.20
1735821945, 47, 6, 10, 0, 0, 0.01%, 0, 0, 1, 46.01
1735821956, 47, 7, 10, 0, 0, 0.01%, 0, 0, 1, 45.00
1735821961, 47, 8, 10, 0, 0, 0.01%, 0, 0, 1, 44.87
1735821966, 47, 9, 10, 0, 0, 0.01%, 0, 0, 1, 46.23
1735821971, 48, 0, 10, 0, 0, 0.01%, 0, 0, 1, 46.48
1735821976, 48, 1, 10, 0, 0, 0.01%, 0, 0, 1, 44.25
1735821981, 48, 2, 10, 0, 0, 0.01%, 0, 0, 1, 45.82
1735821986, 48, 3, 10, 0, 0, 0.01%, 0, 0, 1, 47.94
1735821991, 48, 4, 10, 0, 0, 0.01%, 0, 0, 1, 47.05
1735821996, 48, 5, 10, 0, 0, 0.01%, 0, 0, 1, 45.46
1735822001, 48, 6, 10, 0, 0, 0.01%, 0, 0, 1, 48.54
1735822006, 48, 7, 10, 0, 0, 0.01%, 0, 0, 1, 45.59
1735822017, 48, 8, 10, 0, 0, 0.01%, 0, 0, 1, 44.64
1735822022, 48, 9, 10, 0, 0, 0.01%, 0, 0, 1, 47.27
1735822027, 49, 0, 10, 0, 0, 0.01%, 0, 0, 1, 44.53
1735822032, 49, 1, 10, 0, 0, 0.01%, 0, 0, 1, 47.54
1735822037, 49, 2, 10, 0, 0, 0.01%, 0, 0, 1, 44.40
1735822042, 49, 3, 10, 0, 0, 0.01%, 0, 0, 1, 45.02
1735822047, 49, 4, 10, 0, 0, 0.01%, 0, 0, 1, 44.05
1735822052, 49, 5, 10, 0, 0, 0.01%, 0, 0, 1, 45.78
1735822062, 49, 6, 10, 0, 0, 0.01%, 0, 0, 1, 46.02
1735822067, 49, 7, 10, 0, 0, 0.01%, 0, 0, 1, 46.86
1735822072, 49, 8, 10, 0, 0, 0.01%, 0, 0, 1, 45.06
1735822078, 49, 9, 10, 0, 0, 0.01%, 0, 0, 1, 44.85
1735822083, 50, 0, 10, 0, 0, 0.01%, 0, 0, 1, 45.19
1735822088, 50, 1, 10, 0, 0, 0.01%, 0, 0, 1, 44.81
1735822093, 50, 2, 10, 0, 0, 0.01%, 0, 0, 1, 45.91
1735822098, 50, 3, 10, 0, 0, 0.01%, 0, 0, 1, 45.18
1735822103, 50, 4, 10, 0, 0, 0.01%, 0, 0, 1, 47.04
1735822113, 50, 5, 10, 0, 0, 0.01%, 0, 0, 1, 43.54
1735822118, 50, 6, 10, 0, 0, 0.01%, 0, 0, 1, 44.93
1735822123, 50, 7, 10, 0, 0, 0.01%, 0, 0, 1, 46.52
1735822128, 50, 8, 10, 0, 0, 0.01%, 0, 0, 1, 45.76
1735822133, 50, 9, 10, 0, 0, 0.01%, 0, 0, 1, 45.23
1735822138, 51, 0, 10, 0, 0, 0.01%, 0, 0, 1, 44.99
1735822143, 51, 1, 10, 0, 0, 0.01%, 0, 0, 1, 44.71
1735822149, 51, 2, 10, 0, 0, 0.01%, 0, 0, 1, 46.20
1735822154, 51, 3, 10, 0, 0, 0.01%, 0, 0, 1, 44.97
1735822164, 51, 4, 10, 0, 0, 0.01%, 0, 0, 1, 44.68
1735822169, 51, 5, 10, 0, 0, 0.01%, 0, 0, 1, 46.08
1735822174, 51, 6, 10, 0, 0, 0.01%, 0, 0, 1, 44.22
1735822179, 51, 7, 10, 0, 0, 0.01%, 0, 0, 1, 43.80
1735822184, 51, 8, 10, 0, 0, 0.01%, 0, 0, 1, 45.12
1735822189, 51, 9, 10, 0, 0, 0.01%, 0, 0, 1, 44.85
1735822194, 52, 0, 10, 0, 0, 0.01%, 0, 0, 1, 45.26
1735822204, 52, 1, 10, 0, 0, 0.01%, 0, 0, 1, 44.69
1735822209, 52, 2, 10, 0, 0, 0.01%, 0, 0, 1, 43.97
1735822214, 52, 3, 10, 0, 0, 0.01%, 0, 0, 1, 48.50
1735822220, 52, 4, 10, 0, 0, 0.01%, 0, 0, 1, 45.78
1735822225, 52, 5, 10, 0, 0, 0.01%, 0, 0, 1, 46.80
1735822230, 52, 6, 10, 0, 0, 0.01%, 0, 0, 1, 45.41
1735822235, 52, 7, 10, 0, 0, 0.01%, 0, 0, 1, 44.16
1735822240, 52, 8, 10, 0, 0, 0.01%, 0, 0, 1, 47.12
1735822245, 52, 9, 10, 0, 0, 0.01%, 0, 0, 1, 44.55
1735822250, 53, 0, 10, 0, 0, 0.01%, 0, 0, 1, 46.51
1735822260, 53, 1, 10, 0, 0, 0.01%, 0, 0, 1, 42.92
1735822265, 53, 2, 10, 0, 0, 0.01%, 0, 0, 1, 44.02
1735822270, 53, 3, 10, 0, 0, 0.01%, 0, 0, 1, 45.00
1735822275, 53, 4, 10, 0, 0, 0.01%, 0, 0, 1, 46.20
1735822280, 53, 5, 10, 0, 0, 0.01%, 0, 0, 1, 46.91
1735822286, 53, 6, 10, 0, 0, 0.01%, 0, 0, 1, 45.25
1735822291, 53, 7, 10, 0, 0, 0.01%, 0, 0, 1, 44.00
1735822296, 53, 8, 10, 0, 0, 0.01%, 0, 0, 1, 45.73
1735822306, 53, 9, 10, 0, 0, 0.01%, 0, 0, 1, 42.82
1735822311, 54, 0, 10, 0, 0, 0.01%, 0, 0, 1, 45.45
1735822316, 54, 1, 10, 0, 0, 0.01%, 0, 0, 1, 47.47
1735822321, 54, 2, 10, 0, 0, 0.01%, 0, 0, 1, 47.02
1735822326, 54, 3, 10, 0, 0, 0.01%, 0, 0, 1, 45.23
1735822331, 54, 4, 10, 0, 0, 0.01%, 0, 0, 1, 45.31
1735822336, 54, 5, 10, 0, 0, 0.01%, 0, 0, 1, 45.46
1735822342, 54, 6, 10, 0, 0, 0.01%, 0, 0, 1, 44.61
1735822347, 54, 7, 10, 0, 0, 0.01%, 0, 0, 1, 45.08
1735822352, 54, 8, 10, 0, 0, 0.01%, 0, 0, 1, 45.32
1735822362, 54, 9, 10, 0, 0, 0.01%, 0, 0, 1, 46.73
1735822367, 55, 0, 10, 0, 0, 0.01%, 0, 0, 1, 45.45
1735822372, 55, 1, 10, 0, 0, 0.01%, 0, 0, 1, 44.67
1735822377, 55, 2, 10, 0, 0, 0.01%, 0, 0, 1, 45.46
1735822382, 55, 3, 10, 0, 0, 0.01%, 0, 0, 1, 44.82
1735822387, 55, 4, 10, 0, 0, 0.01%, 0, 0, 1, 47.00
1735822392, 55, 5, 10, 0, 0, 0.01%, 0, 0, 1, 45.81
1735822398, 55, 6, 10, 0, 0, 0.01%, 0, 0, 1, 44.91
1735822403, 55, 7, 10, 0, 0, 0.01%, 0, 0, 1, 45.87
1735822413, 55, 8, 10, 0, 0, 0.01%, 0, 0, 1, 44.76
1735822418, 55, 9, 10, 0, 0, 0.01%, 0, 0, 1, 44.71
1735822423, 56, 0, 10, 0, 0, 0.01%, 0, 0, 1, 47.73
1735822428, 56, 1, 10, 0, 0, 0.01%, 0, 0, 1, 44.98
1735822433, 56, 2, 10, 0, 0, 0.01%, 0, 0, 1, 45.58
1735822438, 56, 3, 10, 0, 0, 0.01%, 0, 0, 1, 45.20
1735822443, 56, 4, 10, 0, 0, 0.01%, 0, 0, 1, 42.68
1735822448, 56, 5, 10, 0, 0, 0.01%, 0, 0, 1, 45.35
1735822453, 56, 6, 10, 0, 0, 0.01%, 0, 0, 1, 42.87
1735822464, 56, 7, 10, 0, 0, 0.01%, 0, 0, 1, 44.32
1735822469, 56, 8, 10, 0, 0, 0.01%, 0, 0, 1, 44.53
1735822474, 56, 9, 10, 0, 0, 0.01%, 0, 0, 1, 44.50
1735822479, 57, 0, 10, 0, 0, 0.01%, 0, 0, 1, 46.25
1735822484, 57, 1, 10, 0, 0, 0.01%, 0, 0, 1, 44.54
1735822489, 57, 2, 10, 0, 0, 0.01%, 0, 0, 1, 43.79
1735822494, 57, 3, 10, 0, 0, 0.01%, 0, 0, 1, 45.70
1735822499, 57, 4, 10, 0, 0, 0.01%, 0, 0, 1, 45.67
1735822509, 57, 5, 10, 0, 0, 0.01%, 0, 0, 1, 44.71
1735822515, 57, 6, 10, 0, 0, 0.01%, 0, 0, 1, 44.92
1735822520, 57, 7, 10, 0, 0, 0.01%, 0, 0, 1, 44.88
1735822525, 57, 8, 10, 0, 0, 0.01%, 0, 0, 1, 45.48
1735822530, 57, 9, 10, 0, 0, 0.01%, 0, 0, 1, 46.89
1735822535, 58, 0, 10, 0, 0, 0.01%, 0, 0, 1, 43.69
1735822540, 59, 10, 12, 1, 0, 0.14%, 2, 0, 3, 48.73
1735822545, 59, 10, 13, 2, 0, 0.14%, 3, 0, 3, 62.77
1735822581, 59, 10, 14, 3, 0, 0.14%, 4, 0, 3, 50.39
1735822586, 59, 10, 15, 4, 0, 0.14%, 5, 0, 3, 51.41
1735822672, 59, 12, 15, 3, 3, 0.14%, 5, 0, 3, 65.44
1735822722, 59, 13, 15, 2, 2, 0.14%, 5, 0, 3, 55.15
1735822758, 59, 13, 17, 4, 2, 0.14%, 5, 0, 4, 49.95
1735822793, 59, 13, 18, 5, 2, 0.14%, 5, 0, 4, 47.88
1735822874, 59, 15, 18, 3, 1, 0.14%, 5, 0, 4, 53.58
1735822885, 59, 15, 19, 4, 1, 0.14%, 5, 0, 5, 67.26
1735822966, 59, 15, 20, 5, 1, 0.14%, 5, 0, 5, 51.85
1735823037, 59, 18, 20, 4, 2, 0.14%, 5, 0, 5, 64.60
1735823067, 59, 18, 21, 5, 2, 0.14%, 5, 0, 6, 50.32
1735823158, 59, 19, 21, 4, 2, 0.14%, 5, 0, 6, 50.50
1735823179, 59, 19, 22, 5, 2, 0.14%, 5, 0, 6, 111.97
1735823255, 59, 19, 23, 6, 2, 0.14%, 5, 0, 6, 82.99
1735823260, 59, 19, 24, 7, 2, 0.14%, 5, 0, 6, 70.93
1735823321, 59, 19, 25, 8, 2, 0.14%, 6, 0, 6, 69.30
1735823347, 59, 24, 25, 6, 1, 0.14%, 6, 0, 6, 46.53
1735823484, 59, 24, 26, 7, 1, 0.14%, 6, 0, 7, 96.47
1735823590, 60, 16, 26, 5, 0, 0.14%, 6, 0, 7, 55.36
1735823671, 61, 20, 26, 3, 0, 0.14%, 6, 0, 7, 48.75
1735823687, 61, 20, 27, 4, 0, 0.14%, 6, 0, 7, 50.70
1735823758, 62, 12, 28, 4, 0, 0.14%, 6, 0, 7, 48.18
1735823783, 62, 27, 28, 4, 1, 0.14%, 6, 0, 7, 77.18
1735823849, 62, 27, 30, 6, 1, 0.14%, 6, 0, 7, 54.77
1735823854, 62, 27, 31, 7, 1, 0.14%, 6, 0, 7, 52.42
1735823870, 63, 30, 31, 4, 0, 0.14%, 6, 0, 7, 77.15
1735823941, 63, 30, 32, 5, 0, 0.14%, 6, 0, 7, 56.70
1735823951, 63, 30, 34, 7, 0, 0.14%, 6, 0, 7, 54.60
1735824007, 63, 30, 35, 8, 0, 0.14%, 6, 0, 7, 55.55
1735824022, 63, 32, 35, 8, 1, 0.14%, 6, 0, 7, 62.65
1735824078, 63, 32, 36, 9, 1, 0.14%, 6, 0, 7, 54.11
1735824174, 64, 31, 36, 6, 0, 0.14%, 6, 0, 7, 53.85
1735824180, 64, 35, 36, 5, 0, 0.14%, 6, 0, 7, 92.13
1735824256, 64, 35, 37, 6, 0, 0.14%, 6, 0, 8, 66.50
1735824338, 64, 36, 37, 6, 1, 0.14%, 6, 0, 8, 89.65
1735824409, 64, 36, 38, 7, 1, 0.14%, 6, 0, 9, 56.90
1735824414, 64, 36, 39, 8, 1, 0.14%, 6, 0, 9, 66.39
1735824521, 64, 38, 39, 7, 1, 0.14%, 6, 0, 9, 79.14
1735824629, 64, 38, 40, 8, 1, 0.14%, 6, 0, 10, 69.20
1735824705, 64, 39, 40, 7, 1, 0.14%, 6, 0, 10, 79.24
1735824991, 66, 33, 40, 4, 0, 0.14%, 6, 0, 10, 59.91
1735825006, 68, 33, 40, 2, 0, 0.14%, 6, 0, 10, 74.96
1735826910, 70, 34, 40, 1, 0, 0.14%, 6, 0, 10, 86.71
1735827026, 72, 39, 40, 0, 0, 0.14%, 6, 0, 10, 70.84
1735827062, 73, 39, 40, 0, 0, 0.14%, 6, 0, 10, 82.10
1735827092, 74, 39, 40, 0, 0, 0.14%, 6, 0, 10, 62.43
1735827128, 75, 14, 40, 0, 0, 0.14%, 6, 0, 10, 79.52
1735827153, 75, 39, 40, 0, 0, 0.14%, 6, 0, 10, 69.08
1735827189, 76, 39, 40, 0, 0, 0.14%, 6, 0, 10, 69.53
1735827224, 77, 28, 40, 0, 0, 0.14%, 6, 0, 10, 83.15
1735827312, 77, 34, 40, 0, 0, 0.14%, 6, 0, 10, 74.06
1735827332, 77, 39, 40, 0, 0, 0.14%, 6, 0, 10, 79.38
1735827362, 78, 34, 40, 0, 0, 0.14%, 6, 0, 10, 60.34
1735827398, 78, 39, 40, 0, 0, 0.14%, 6, 0, 10, 64.99
1735827433, 79, 34, 40, 0, 0, 0.14%, 6, 0, 10, 66.08
1735827469, 79, 39, 40, 0, 0, 0.14%, 6, 0, 10, 75.12
1735827499, 80, 34, 40, 0, 0, 0.14%, 6, 0, 10, 66.92
1735827535, 81, 34, 40, 0, 0, 0.14%, 6, 0, 10, 68.74
1735827570, 82, 34, 40, 0, 0, 0.14%, 6, 0, 10, 63.90
1735827606, 83, 34, 40, 0, 0, 0.14%, 6, 0, 10, 64.62
1735827636, 84, 14, 40, 0, 0, 0.14%, 6, 0, 10, 63.09
1735827647, 89, 25, 40, 0, 0, 0.14%, 6, 0, 10, 108.99
1735827835, 89, 25, 41, 1, 0, 0.14%, 7, 0, 10, 66.66
1735827886, 89, 40, 41, 1, 1, 0.14%, 7, 0, 10, 63.53
1735828120, 98, 40, 41, 0, 0, 0.14%, 7, 0, 10, 77.34
1735828145, 99, 14, 41, 0, 0, 0.14%, 7, 0, 10, 67.28
1735828166, 99, 40, 41, 0, 0, 0.14%, 7, 0, 10, 82.80
1735828196, 100, 40, 41, 0, 0, 0.14%, 7, 0, 10, 69.57
1735828237, 101, 40, 41, 0, 0, 0.14%, 7, 0, 10, 72.89
1735828267, 102, 40, 41, 0, 0, 0.14%, 7, 0, 10, 64.40
1735828303, 103, 14, 41, 0, 0, 0.14%, 7, 0, 10, 62.99
1735828344, 103, 40, 41, 0, 0, 0.14%, 7, 0, 10, 75.73
1735828374, 104, 40, 41, 0, 0, 0.14%, 7, 0, 10, 61.16
1735828410, 111, 17, 41, 0, 0, 0.14%, 7, 0, 10, 65.17
1735828466, 115, 37, 41, 0, 0, 0.14%, 7, 0, 10, 92.49
1735828614, 116, 14, 41, 0, 0, 0.14%, 7, 0, 10, 62.11
1735828655, 116, 31, 41, 0, 0, 0.14%, 7, 0, 10, 108.65
1735828902, 125, 13, 41, 0, 0, 0.14%, 7, 0, 10, 54.86
1735828912, 127, 16, 41, 0, 0, 0.14%, 7, 0, 10, 60.47
1735828932, 129, 16, 41, 0, 0, 0.14%, 7, 0, 10, 62.37
1735828968, 133, 16, 41, 0, 0, 0.14%, 7, 0, 10, 66.84
1735829003, 135, 14, 41, 0, 0, 0.14%, 7, 0, 10, 58.52
1735829044, 136, 13, 41, 0, 0, 0.14%, 7, 0, 10, 57.85
1735829059, 137, 18, 41, 0, 0, 0.14%, 7, 0, 10, 62.02
1735829080, 141, 14, 41, 0, 0, 0.14%, 7, 0, 10, 54.75
1735829115, 141, 16, 41, 0, 0, 0.14%, 7, 0, 10, 63.26
1735829151, 143, 18, 41, 0, 0, 0.14%, 7, 0, 10, 60.29
1735829192, 148, 22, 41, 0, 0, 0.14%, 7, 0, 10, 86.20
1735829248, 150, 12, 41, 0, 0, 0.14%, 7, 0, 10, 57.93
1735829253, 155, 22, 41, 0, 0, 0.14%, 7, 0, 10, 64.64
1735829273, 160, 26, 41, 0, 0, 0.14%, 7, 0, 10, 65.63
1735829329, 161, 21, 41, 0, 0, 0.14%, 7, 0, 10, 67.62
1735829466, 162, 12, 41, 0, 0, 0.14%, 7, 0, 10, 55.11
1735829482, 164, 22, 41, 0, 0, 0.14%, 7, 0, 10, 66.10
1735829522, 166, 13, 41, 0, 0, 0.14%, 7, 0, 10, 57.92
1735829557, 169, 26, 41, 0, 0, 0.14%, 7, 0, 10, 54.17
1735829578, 176, 37, 41, 0, 0, 0.14%, 7, 0, 10, 67.26
1735829613, 177, 23, 41, 0, 0, 0.14%, 7, 0, 10, 74.40
1735829685, 183, 21, 41, 0, 0, 0.14%, 7, 0, 10, 70.12
1735829705, 183, 37, 41, 0, 0, 0.14%, 7, 0, 10, 74.57
1735829740, 187, 26, 41, 0, 0, 0.14%, 7, 0, 10, 56.40
1735829776, 188, 21, 41, 0, 0, 0.14%, 7, 0, 10, 66.62
1735829806, 189, 24, 41, 0, 0, 0.14%, 7, 0, 10, 71.25
1735829821, 190, 14, 41, 0, 0, 0.14%, 7, 0, 10, 58.17
1735829862, 191, 35, 41, 0, 0, 0.14%, 7, 0, 10, 67.70
1735829882, 192, 18, 41, 0, 0, 0.14%, 7, 0, 10, 56.44
1735829913, 192, 27, 41, 0, 0, 0.14%, 7, 0, 10, 60.88
1735829933, 196, 12, 41, 0, 0, 0.14%, 7, 0, 10, 61.00
1735829963, 196, 14, 41, 0, 0, 0.14%, 7, 0, 10, 63.48
