# unix_time, cycles_done, cur_path, paths_total, pending_total, pending_favs, map_size, unique_crashes, unique_hangs, max_depth, execs_per_sec
1734353827, 0, 0, 10, 10, 1, 0.01%, 0, 0, 1, 36.07
1734353832, 0, 2, 10, 10, 1, 0.01%, 0, 0, 1, 37.18
1734353847, 1, 0, 10, 2, 0, 0.01%, 0, 0, 1, 44.98
1734353852, 1, 1, 10, 1, 0, 0.01%, 0, 0, 1, 46.81
1734353857, 1, 2, 10, 0, 0, 0.01%, 0, 0, 1, 45.06
1734353867, 1, 3, 10, 0, 0, 0.01%, 0, 0, 1, 45.58
1734353872, 1, 4, 10, 0, 0, 0.01%, 0, 0, 1, 43.88
1734353877, 1, 5, 10, 0, 0, 0.01%, 0, 0, 1, 45.04
1734353882, 1, 6, 10, 0, 0, 0.01%, 0, 0, 1, 47.49
1734353887, 1, 7, 10, 0, 0, 0.01%, 0, 0, 1, 45.33
1734353893, 1, 8, 10, 0, 0, 0.01%, 0, 0, 1, 46.17
1734353898, 1, 9, 10, 0, 0, 0.01%, 0, 0, 1, 47.10
1734353903, 2, 0, 10, 0, 0, 0.01%, 0, 0, 1, 45.36
1734353908, 2, 1, 10, 0, 0, 0.01%, 0, 0, 1, 44.80
1734353918, 2, 2, 10, 0, 0, 0.01%, 0, 0, 1, 45.04
1734353923, 2, 3, 10, 0, 0, 0.01%, 0, 0, 1, 44.94
1734353928, 2, 4, 10, 0, 0, 0.01%, 0, 0, 1, 44.61
1734353933, 2, 5, 10, 0, 0, 0.01%, 0, 0, 1, 43.99
1734353938, 2, 6, 10, 0, 0, 0.01%, 0, 0, 1, 46.89
1734353943, 2, 7, 10, 0, 0, 0.01%, 0, 0, 1, 45.40
1734353948, 2, 8, 10, 0, 0, 0.01%, 0, 0, 1, 47.13
1734353953, 2, 9, 10, 0, 0, 0.01%, 0, 0, 1, 44.64
1734353959, 3, 0, 10, 0, 0, 0.01%, 0, 0, 1, 46.65
1734353964, 3, 1, 10, 0, 0, 0.01%, 0, 0, 1, 45.61
1734353974, 3, 2, 10, 0, 0, 0.01%, 0, 0, 1, 45.41
1734353979, 3, 3, 10, 0, 0, 0.01%, 0, 0, 1, 46.14
1734353984, 3, 4, 10, 0, 0, 0.01%, 0, 0, 1, 45.23
1734353989, 3, 5, 10, 0, 0, 0.01%, 0, 0, 1, 49.24
1734353994, 3, 6, 10, 0, 0, 0.01%, 0, 0, 1, 45.68
1734353999, 3, 7, 10, 0, 0, 0.01%, 0, 0, 1, 46.92
1734354004, 3, 8, 10, 0, 0, 0.01%, 0, 0, 1, 45.62
1734354009, 3, 9, 10, 0, 0, 0.01%, 0, 0, 1, 45.06
1734354015, 4, 0, 10, 0, 0, 0.01%, 0, 0, 1, 43.30
1734354025, 4, 1, 10, 0, 0, 0.01%, 0, 0, 1, 45.45
1734354030, 4, 2, 10, 0, 0, 0.01%, 0, 0, 1, 45.62
1734354035, 4, 3, 10, 0, 0, 0.01%, 0, 0, 1, 45.38
1734354040, 4, 4, 10, 0, 0, 0.01%, 0, 0, 1, 44.43
1734354045, 4, 5, 10, 0, 0, 0.01%, 0, 0, 1, 44.96
1734354050, 4, 6, 10, 0, 0, 0.01%, 0, 0, 1, 44.77
1734354055, 4, 7, 10, 0, 0, 0.01%, 0, 0, 1, 46.34
1734354060, 4, 8, 10, 0, 0, 0.01%, 0, 0, 1, 46.86
1734354065, 4, 9, 10, 0, 0, 0.01%, 0, 0, 1, 45.18
1734354075, 5, 0, 10, 0, 0, 0.01%, 0, 0, 1, 44.62
1734354080, 5, 1, 10, 0, 0, 0.01%, 0, 0, 1, 45.82
1734354086, 5, 2, 10, 0, 0, 0.01%, 0, 0, 1, 44.43
1734354091, 5, 3, 10, 0, 0, 0.01%, 0, 0, 1, 44.96
1734354096, 5, 4, 10, 0, 0, 0.01%, 0, 0, 1, 44.90
1734354101, 5, 5, 10, 0, 0, 0.01%, 0, 0, 1, 44.40
1734354106, 5, 6, 10, 0, 0, 0.01%, 0, 0, 1, 45.42
1734354111, 5, 7, 10, 0, 0, 0.01%, 0, 0, 1, 46.91
1734354116, 5, 8, 10, 0, 0, 0.01%, 0, 0, 1, 46.36
1734354126, 5, 9, 10, 0, 0, 0.01%, 0, 0, 1, 45.29
1734354131, 6, 0, 10, 0, 0, 0.01%, 0, 0, 1, 47.34
1734354136, 6, 1, 10, 0, 0, 0.01%, 0, 0, 1, 43.50
1734354141, 6, 2, 10, 0, 0, 0.01%, 0, 0, 1, 43.11
1734354147, 6, 3, 10, 0, 0, 0.01%, 0, 0, 1, 43.63
1734354152, 6, 4, 10, 0, 0, 0.01%, 0, 0, 1, 46.63
1734354157, 6, 5, 10, 0, 0, 0.01%, 0, 0, 1, 44.94
1734354162, 6, 6, 10, 0, 0, 0.01%, 0, 0, 1, 47.13
1734354167, 6, 7, 10, 0, 0, 0.01%, 0, 0, 1, 46.30
1734354177, 6, 8, 10, 0, 0, 0.01%, 0, 0, 1, 44.79
1734354182, 6, 9, 10, 0, 0, 0.01%, 0, 0, 1, 44.54
1734354188, 7, 0, 10, 0, 0, 0.01%, 0, 0, 1, 44.28
1734354193, 7, 1, 10, 0, 0, 0.01%, 0, 0, 1, 44.03
1734354198, 7, 2, 10, 0, 0, 0.01%, 0, 0, 1, 43.31
1734354203, 7, 3, 10, 0, 0, 0.01%, 0, 0, 1, 43.68
1734354208, 7, 4, 10, 0, 0, 0.01%, 0, 0, 1, 44.72
1734354213, 7, 5, 10, 0, 0, 0.01%, 0, 0, 1, 46.08
1734354223, 7, 6, 10, 0, 0, 0.01%, 0, 0, 1, 45.12
1734354228, 7, 7, 10, 0, 0, 0.01%, 0, 0, 1, 47.73
1734354233, 7, 8, 10, 0, 0, 0.01%, 0, 0, 1, 45.27
1734354238, 7, 9, 10, 0, 0, 0.01%, 0, 0, 1, 47.21
1734354243, 8, 0, 10, 0, 0, 0.01%, 0, 0, 1, 45.72
1734354248, 8, 1, 10, 0, 0, 0.01%, 0, 0, 1, 45.66
1734354254, 8, 2, 10, 0, 0, 0.01%, 0, 0, 1, 45.52
1734354259, 8, 3, 10, 0, 0, 0.01%, 0, 0, 1, 47.26
1734354264, 8, 4, 10, 0, 0, 0.01%, 0, 0, 1, 47.64
1734354269, 8, 5, 10, 0, 0, 0.01%, 0, 0, 1, 47.72
1734354279, 8, 6, 10, 0, 0, 0.01%, 0, 0, 1, 43.68
1734354284, 8, 7, 10, 0, 0, 0.01%, 0, 0, 1, 45.55
1734354289, 8, 8, 10, 0, 0, 0.01%, 0, 0, 1, 44.89
1734354294, 8, 9, 10, 0, 0, 0.01%, 0, 0, 1, 44.82
1734354299, 9, 0, 10, 0, 0, 0.01%, 0, 0, 1, 45.50
1734354304, 9, 1, 10, 0, 0, 0.01%, 0, 0, 1, 44.45
1734354309, 9, 2, 10, 0, 0, 0.01%, 0, 0, 1, 45.60
1734354314, 9, 3, 10, 0, 0, 0.01%, 0, 0, 1, 45.06
1734354325, 9, 4, 10, 0, 0, 0.01%, 0, 0, 1, 45.21
1734354330, 9, 5, 10, 0, 0, 0.01%, 0, 0, 1, 42.85
1734354335, 9, 6, 10, 0, 0, 0.01%, 0, 0, 1, 44.80
1734354340, 9, 7, 10, 0, 0, 0.01%, 0, 0, 1, 45.03
1734354345, 9, 8, 10, 0, 0, 0.01%, 0, 0, 1, 45.75
1734354350, 9, 9, 10, 0, 0, 0.01%, 0, 0, 1, 43.46
1734354355, 10, 0, 10, 0, 0, 0.01%, 0, 0, 1, 45.99
1734354360, 10, 1, 10, 0, 0, 0.01%, 0, 0, 1, 44.16
1734354370, 10, 2, 10, 0, 0, 0.01%, 0, 0, 1, 45.66
1734354375, 10, 3, 10, 0, 0, 0.01%, 0, 0, 1, 46.27
1734354380, 10, 4, 10, 0, 0, 0.01%, 0, 0, 1, 45.98
1734354385, 10, 5, 10, 0, 0, 0.01%, 0, 0, 1, 46.00
1734354390, 10, 6, 10, 0, 0, 0.01%, 0, 0, 1, 46.42
1734354396, 10, 7, 10, 0, 0, 0.01%, 0, 0, 1, 47.23
1734354401, 10, 8, 10, 0, 0, 0.01%, 0, 0, 1, 45.11
1734354406, 10, 9, 10, 0, 0, 0.01%, 0, 0, 1, 45.90
1734354411, 11, 0, 10, 0, 0, 0.01%, 0, 0, 1, 44.49
1734354421, 11, 1, 10, 0, 0, 0.01%, 0, 0, 1, 46.49
1734354426, 11, 2, 10, 0, 0, 0.01%, 0, 0, 1, 45.37
1734354431, 11, 3, 10, 0, 0, 0.01%, 0, 0, 1, 48.92
1734354436, 11, 4, 10, 0, 0, 0.01%, 0, 0, 1, 46.83
1734354441, 11, 5, 10, 0, 0, 0.01%, 0, 0, 1, 48.60
1734354446, 11, 6, 10, 0, 0, 0.01%, 0, 0, 1, 48.03
1734354451, 11, 7, 10, 0, 0, 0.01%, 0, 0, 1, 45.02
1734354456, 11, 8, 10, 0, 0, 0.01%, 0, 0, 1, 46.42
1734354462, 11, 9, 10, 0, 0, 0.01%, 0, 0, 1, 46.26
1734354467, 12, 0, 10, 0, 0, 0.01%, 0, 0, 1, 48.27
1734354472, 12, 1, 10, 0, 0, 0.01%, 0, 0, 1, 47.53
1734354477, 12, 2, 10, 0, 0, 0.01%, 0, 0, 1, 46.40
1734354482, 12, 3, 10, 0, 0, 0.01%, 0, 0, 1, 47.24
1734354487, 12, 4, 10, 0, 0, 0.01%, 0, 0, 1, 46.70
1734354497, 12, 5, 10, 0, 0, 0.01%, 0, 0, 1, 48.03
1734354502, 12, 6, 10, 0, 0, 0.01%, 0, 0, 1, 46.86
1734354507, 12, 7, 10, 0, 0, 0.01%, 0, 0, 1, 45.30
1734354512, 12, 8, 10, 0, 0, 0.01%, 0, 0, 1, 48.90
1734354517, 12, 9, 10, 0, 0, 0.01%, 0, 0, 1, 47.10
1734354523, 13, 0, 10, 0, 0, 0.01%, 0, 0, 1, 46.09
1734354528, 13, 1, 10, 0, 0, 0.01%, 0, 0, 1, 46.02
1734354533, 13, 2, 10, 0, 0, 0.01%, 0, 0, 1, 46.82
1734354538, 13, 3, 10, 0, 0, 0.01%, 0, 0, 1, 45.37
1734354543, 13, 4, 10, 0, 0, 0.01%, 0, 0, 1, 47.75
1734354548, 13, 5, 10, 0, 0, 0.01%, 0, 0, 1, 45.97
1734354553, 13, 6, 10, 0, 0, 0.01%, 0, 0, 1, 48.15
1734354558, 13, 7, 10, 0, 0, 0.01%, 0, 0, 1, 48.66
1734354563, 13, 8, 10, 0, 0, 0.01%, 0, 0, 1, 47.45
1734354568, 13, 9, 10, 0, 0, 0.01%, 0, 0, 1, 46.43
1734354578, 14, 0, 10, 0, 0, 0.01%, 0, 0, 1, 47.36
1734354583, 14, 1, 10, 0, 0, 0.01%, 0, 0, 1, 45.46
1734354589, 14, 2, 10, 0, 0, 0.01%, 0, 0, 1, 48.28
1734354594, 14, 3, 10, 0, 0, 0.01%, 0, 0, 1, 44.73
1734354599, 14, 4, 10, 0, 0, 0.01%, 0, 0, 1, 47.44
1734354604, 14, 5, 10, 0, 0, 0.01%, 0, 0, 1, 47.44
1734354609, 14, 6, 10, 0, 0, 0.01%, 0, 0, 1, 46.50
1734354614, 14, 7, 10, 0, 0, 0.01%, 0, 0, 1, 48.34
1734354619, 14, 8, 10, 0, 0, 0.01%, 0, 0, 1, 49.04
1734354624, 14, 9, 10, 0, 0, 0.01%, 0, 0, 1, 47.20
1734354629, 15, 0, 10, 0, 0, 0.01%, 0, 0, 1, 47.26
1734354634, 15, 1, 10, 0, 0, 0.01%, 0, 0, 1, 47.95
1734354639, 15, 2, 10, 0, 0, 0.01%, 0, 0, 1, 47.28
1734354649, 15, 3, 10, 0, 0, 0.01%, 0, 0, 1, 38.79
1734354670, 15, 4, 10, 0, 0, 0.01%, 0, 0, 1, 39.89
1734354690, 15, 5, 10, 0, 0, 0.01%, 0, 0, 1, 41.22
1734354710, 15, 6, 10, 0, 0, 0.01%, 0, 0, 1, 43.13
1734354731, 15, 7, 10, 0, 0, 0.01%, 0, 0, 1, 42.69
1734354751, 15, 8, 10, 0, 0, 0.01%, 0, 0, 1, 41.95
1734354771, 15, 9, 10, 0, 0, 0.01%, 0, 0, 1, 42.62
1734354792, 16, 0, 10, 0, 0, 0.01%, 0, 0, 1, 41.97
1734354812, 16, 1, 10, 0, 0, 0.01%, 0, 0, 1, 45.80
1734354817, 16, 2, 10, 0, 0, 0.01%, 0, 0, 1, 46.72
1734354822, 16, 3, 10, 0, 0, 0.01%, 0, 0, 1, 46.50
1734354832, 16, 4, 10, 0, 0, 0.01%, 0, 0, 1, 44.42
1734354837, 16, 5, 10, 0, 0, 0.01%, 0, 0, 1, 44.82
1734354843, 16, 6, 10, 0, 0, 0.01%, 0, 0, 1, 47.56
1734354848, 16, 7, 10, 0, 0, 0.01%, 0, 0, 1, 47.58
1734354853, 16, 8, 10, 0, 0, 0.01%, 0, 0, 1, 48.85
1734354858, 16, 9, 10, 0, 0, 0.01%, 0, 0, 1, 46.06
1734354863, 17, 0, 10, 0, 0, 0.01%, 0, 0, 1, 45.88
1734354868, 17, 1, 10, 0, 0, 0.01%, 0, 0, 1, 44.62
1734354873, 17, 2, 10, 0, 0, 0.01%, 0, 0, 1, 47.29
1734354878, 17, 3, 10, 0, 0, 0.01%, 0, 0, 1, 46.28
1734354883, 17, 4, 10, 0, 0, 0.01%, 0, 0, 1, 46.41
1734354888, 17, 5, 10, 0, 0, 0.01%, 0, 0, 1, 46.67
1734354899, 17, 6, 10, 0, 0, 0.01%, 0, 0, 1, 45.76
1734354904, 17, 7, 10, 0, 0, 0.01%, 0, 0, 1, 45.13
1734354909, 17, 8, 10, 0, 0, 0.01%, 0, 0, 1, 45.91
1734354914, 17, 9, 10, 0, 0, 0.01%, 0, 0, 1, 44.23
1734354919, 18, 0, 10, 0, 0, 0.01%, 0, 0, 1, 45.96
1734354924, 18, 1, 10, 0, 0, 0.01%, 0, 0, 1, 45.61
1734354929, 18, 2, 10, 0, 0, 0.01%, 0, 0, 1, 48.89
1734354934, 18, 3, 10, 0, 0, 0.01%, 0, 0, 1, 49.03
1734354939, 18, 4, 10, 0, 0, 0.01%, 0, 0, 1, 49.77
1734354944, 18, 5, 10, 0, 0, 0.01%, 0, 0, 1, 47.71
1734354949, 18, 6, 10, 0, 0, 0.01%, 0, 0, 1, 46.03
1734354960, 18, 7, 10, 0, 0, 0.01%, 0, 0, 1, 49.59
1734354965, 18, 8, 10, 0, 0, 0.01%, 0, 0, 1, 47.47
1734354970, 18, 9, 10, 0, 0, 0.01%, 0, 0, 1, 47.34
1734354975, 19, 0, 10, 0, 0, 0.01%, 0, 0, 1, 46.75
1734354980, 19, 1, 10, 0, 0, 0.01%, 0, 0, 1, 47.77
1734354985, 19, 2, 10, 0, 0, 0.01%, 0, 0, 1, 45.58
1734354990, 19, 3, 10, 0, 0, 0.01%, 0, 0, 1, 45.69
1734354995, 19, 4, 10, 0, 0, 0.01%, 0, 0, 1, 46.21
1734355000, 19, 5, 10, 0, 0, 0.01%, 0, 0, 1, 45.88
1734355005, 19, 6, 10, 0, 0, 0.01%, 0, 0, 1, 47.53
1734355010, 19, 7, 10, 0, 0, 0.01%, 0, 0, 1, 48.56
1734355015, 19, 8, 10, 0, 0, 0.01%, 0, 0, 1, 47.39
1734355020, 19, 9, 10, 0, 0, 0.01%, 0, 0, 1, 45.05
1734355026, 20, 0, 10, 0, 0, 0.01%, 0, 0, 1, 47.39
1734355036, 20, 1, 10, 0, 0, 0.01%, 0, 0, 1, 48.19
1734355041, 20, 2, 10, 0, 0, 0.01%, 0, 0, 1, 46.30
1734355046, 20, 3, 10, 0, 0, 0.01%, 0, 0, 1, 48.11
1734355051, 20, 4, 10, 0, 0, 0.01%, 0, 0, 1, 47.83
1734355056, 20, 5, 10, 0, 0, 0.01%, 0, 0, 1, 46.58
1734355061, 20, 6, 10, 0, 0, 0.01%, 0, 0, 1, 46.68
1734355066, 20, 7, 10, 0, 0, 0.01%, 0, 0, 1, 48.24
1734355071, 20, 8, 10, 0, 0, 0.01%, 0, 0, 1, 46.12
1734355076, 20, 9, 10, 0, 0, 0.01%, 0, 0, 1, 47.78
1734355081, 21, 0, 10, 0, 0, 0.01%, 0, 0, 1, 46.47
1734355086, 21, 1, 10, 0, 0, 0.01%, 0, 0, 1, 45.49
1734355091, 21, 2, 10, 0, 0, 0.01%, 0, 0, 1, 46.79
1734355096, 21, 3, 10, 0, 0, 0.01%, 0, 0, 1, 49.43
1734355107, 21, 4, 10, 0, 0, 0.01%, 0, 0, 1, 48.64
1734355112, 21, 5, 10, 0, 0, 0.01%, 0, 0, 1, 48.46
1734355117, 21, 6, 10, 0, 0, 0.01%, 0, 0, 1, 47.84
1734355122, 21, 7, 10, 0, 0, 0.01%, 0, 0, 1, 48.72
1734355127, 21, 8, 10, 0, 0, 0.01%, 0, 0, 1, 45.08
1734355132, 21, 9, 10, 0, 0, 0.01%, 0, 0, 1, 48.97
1734355137, 22, 0, 10, 0, 0, 0.01%, 0, 0, 1, 49.04
1734355142, 22, 1, 10, 0, 0, 0.01%, 0, 0, 1, 47.38
1734355147, 22, 2, 10, 0, 0, 0.01%, 0, 0, 1, 47.24
1734355152, 22, 3, 10, 0, 0, 0.01%, 0, 0, 1, 46.67
1734355157, 22, 4, 10, 0, 0, 0.01%, 0, 0, 1, 47.15
1734355162, 22, 5, 10, 0, 0, 0.01%, 0, 0, 1, 49.57
1734355167, 22, 6, 10, 0, 0, 0.01%, 0, 0, 1, 46.08
1734355172, 22, 7, 10, 0, 0, 0.01%, 0, 0, 1, 46.92
1734355177, 22, 8, 10, 0, 0, 0.01%, 0, 0, 1, 47.49
1734355182, 22, 9, 10, 0, 0, 0.01%, 0, 0, 1, 45.87
1734355193, 23, 0, 10, 0, 0, 0.01%, 0, 0, 1, 47.23
1734355198, 23, 1, 10, 0, 0, 0.01%, 0, 0, 1, 47.77
1734355203, 23, 2, 10, 0, 0, 0.01%, 0, 0, 1, 47.43
1734355208, 23, 3, 10, 0, 0, 0.01%, 0, 0, 1, 46.11
1734355213, 23, 4, 10, 0, 0, 0.01%, 0, 0, 1, 45.27
1734355218, 23, 5, 10, 0, 0, 0.01%, 0, 0, 1, 45.89
1734355223, 23, 6, 10, 0, 0, 0.01%, 0, 0, 1, 46.30
1734355228, 23, 7, 10, 0, 0, 0.01%, 0, 0, 1, 47.12
1734355234, 23, 8, 10, 0, 0, 0.01%, 0, 0, 1, 45.28
1734355239, 23, 9, 10, 0, 0, 0.01%, 0, 0, 1, 46.21
1734355244, 24, 0, 10, 0, 0, 0.01%, 0, 0, 1, 47.59
1734355249, 24, 1, 10, 0, 0, 0.01%, 0, 0, 1, 47.58
1734355254, 24, 2, 10, 0, 0, 0.01%, 0, 0, 1, 47.17
1734355264, 24, 3, 10, 0, 0, 0.01%, 0, 0, 1, 45.22
1734355269, 24, 4, 10, 0, 0, 0.01%, 0, 0, 1, 45.02
1734355274, 24, 5, 10, 0, 0, 0.01%, 0, 0, 1, 44.17
1734355279, 24, 6, 10, 0, 0, 0.01%, 0, 0, 1, 46.49
1734355284, 24, 7, 10, 0, 0, 0.01%, 0, 0, 1, 47.03
1734355289, 24, 8, 10, 0, 0, 0.01%, 0, 0, 1, 47.60
1734355294, 24, 9, 10, 0, 0, 0.01%, 0, 0, 1, 47.97
1734355299, 25, 0, 10, 0, 0, 0.01%, 0, 0, 1, 45.60
1734355304, 25, 1, 10, 0, 0, 0.01%, 0, 0, 1, 47.22
1734355309, 25, 2, 10, 0, 0, 0.01%, 0, 0, 1, 45.87
1734355314, 25, 3, 10, 0, 0, 0.01%, 0, 0, 1, 46.52
1734355320, 25, 4, 10, 0, 0, 0.01%, 0, 0, 1, 47.39
1734355330, 25, 5, 10, 0, 0, 0.01%, 0, 0, 1, 45.05
1734355335, 25, 6, 10, 0, 0, 0.01%, 0, 0, 1, 48.76
1734355340, 25, 7, 10, 0, 0, 0.01%, 0, 0, 1, 46.73
1734355345, 25, 8, 10, 0, 0, 0.01%, 0, 0, 1, 47.89
1734355350, 25, 9, 10, 0, 0, 0.01%, 0, 0, 1, 50.05
1734355355, 26, 0, 10, 0, 0, 0.01%, 0, 0, 1, 48.05
1734355360, 26, 1, 10, 0, 0, 0.01%, 0, 0, 1, 46.54
1734355365, 26, 2, 10, 0, 0, 0.01%, 0, 0, 1, 47.22
1734355370, 26, 3, 10, 0, 0, 0.01%, 0, 0, 1, 47.92
1734355375, 26, 4, 10, 0, 0, 0.01%, 0, 0, 1, 45.25
1734355380, 26, 5, 10, 0, 0, 0.01%, 0, 0, 1, 47.94
1734355386, 26, 6, 10, 0, 0, 0.01%, 0, 0, 1, 46.18
1734355391, 26, 7, 10, 0, 0, 0.01%, 0, 0, 1, 45.50
1734355396, 26, 8, 10, 0, 0, 0.01%, 0, 0, 1, 46.42
1734355401, 26, 9, 10, 0, 0, 0.01%, 0, 0, 1, 50.00
1734355411, 27, 0, 10, 0, 0, 0.01%, 0, 0, 1, 45.86
1734355416, 27, 1, 10, 0, 0, 0.01%, 0, 0, 1, 46.43
1734355421, 27, 2, 10, 0, 0, 0.01%, 0, 0, 1, 48.70
1734355426, 27, 3, 10, 0, 0, 0.01%, 0, 0, 1, 46.41
1734355431, 27, 4, 10, 0, 0, 0.01%, 0, 0, 1, 47.40
1734355436, 27, 5, 10, 0, 0, 0.01%, 0, 0, 1, 46.43
1734355441, 27, 6, 10, 0, 0, 0.01%, 0, 0, 1, 45.67
1734355447, 27, 7, 10, 0, 0, 0.01%, 0, 0, 1, 47.11
1734355452, 27, 8, 10, 0, 0, 0.01%, 0, 0, 1, 48.10
1734355457, 27, 9, 10, 0, 0, 0.01%, 0, 0, 1, 47.78
1734355462, 28, 0, 10, 0, 0, 0.01%, 0, 0, 1, 47.46
1734355467, 28, 1, 10, 0, 0, 0.01%, 0, 0, 1, 44.26
1734355477, 28, 2, 10, 0, 0, 0.01%, 0, 0, 1, 46.49
1734355482, 28, 3, 10, 0, 0, 0.01%, 0, 0, 1, 45.37
1734355487, 28, 4, 10, 0, 0, 0.01%, 0, 0, 1, 47.34
1734355492, 28, 5, 10, 0, 0, 0.01%, 0, 0, 1, 45.23
1734355497, 28, 6, 10, 0, 0, 0.01%, 0, 0, 1, 48.46
1734355502, 28, 7, 10, 0, 0, 0.01%, 0, 0, 1, 47.19
1734355507, 28, 8, 10, 0, 0, 0.01%, 0, 0, 1, 45.70
1734355512, 28, 9, 10, 0, 0, 0.01%, 0, 0, 1, 46.82
1734355518, 29, 0, 10, 0, 0, 0.01%, 0, 0, 1, 47.77
1734355523, 29, 1, 10, 0, 0, 0.01%, 0, 0, 1, 48.34
1734355528, 29, 2, 10, 0, 0, 0.01%, 0, 0, 1, 49.66
1734355533, 29, 3, 10, 0, 0, 0.01%, 0, 0, 1, 48.72
1734355538, 29, 4, 10, 0, 0, 0.01%, 0, 0, 1, 48.45
1734355543, 29, 5, 10, 0, 0, 0.01%, 0, 0, 1, 46.46
1734355553, 29, 6, 10, 0, 0, 0.01%, 0, 0, 1, 46.03
1734355558, 29, 7, 10, 0, 0, 0.01%, 0, 0, 1, 47.41
1734355563, 29, 8, 10, 0, 0, 0.01%, 0, 0, 1, 48.97
1734355568, 29, 9, 10, 0, 0, 0.01%, 0, 0, 1, 47.04
1734355573, 30, 0, 10, 0, 0, 0.01%, 0, 0, 1, 49.01
1734355578, 30, 1, 10, 0, 0, 0.01%, 0, 0, 1, 46.62
1734355583, 30, 2, 10, 0, 0, 0.01%, 0, 0, 1, 45.92
1734355588, 30, 3, 10, 0, 0, 0.01%, 0, 0, 1, 49.59
1734355594, 30, 4, 10, 0, 0, 0.01%, 0, 0, 1, 46.45
1734355599, 30, 5, 10, 0, 0, 0.01%, 0, 0, 1, 47.97
1734355604, 30, 6, 10, 0, 0, 0.01%, 0, 0, 1, 47.33
1734355609, 30, 7, 10, 0, 0, 0.01%, 0, 0, 1, 46.47
1734355614, 30, 8, 10, 0, 0, 0.01%, 0, 0, 1, 45.03
1734355619, 30, 9, 10, 0, 0, 0.01%, 0, 0, 1, 48.57
1734355629, 31, 0, 10, 0, 0, 0.01%, 0, 0, 1, 47.98
1734355634, 31, 1, 10, 0, 0, 0.01%, 0, 0, 1, 47.82
1734355639, 31, 2, 10, 0, 0, 0.01%, 0, 0, 1, 50.02
1734355644, 31, 3, 10, 0, 0, 0.01%, 0, 0, 1, 45.42
1734355649, 31, 4, 10, 0, 0, 0.01%, 0, 0, 1, 48.86
1734355654, 31, 5, 10, 0, 0, 0.01%, 0, 0, 1, 45.82
1734355659, 31, 6, 10, 0, 0, 0.01%, 0, 0, 1, 47.40
1734355664, 31, 7, 10, 0, 0, 0.01%, 0, 0, 1, 47.05
1734355670, 31, 8, 10, 0, 0, 0.01%, 0, 0, 1, 49.67
1734355675, 31, 9, 10, 0, 0, 0.01%, 0, 0, 1, 49.83
1734355680, 32, 0, 10, 0, 0, 0.01%, 0, 0, 1, 49.90
1734355685, 32, 1, 10, 0, 0, 0.01%, 0, 0, 1, 47.07
1734355690, 32, 2, 10, 0, 0, 0.01%, 0, 0, 1, 48.19
1734355695, 32, 3, 10, 0, 0, 0.01%, 0, 0, 1, 45.75
1734355700, 32, 4, 10, 0, 0, 0.01%, 0, 0, 1, 44.65
1734355710, 32, 5, 10, 0, 0, 0.01%, 0, 0, 1, 44.30
1734355715, 32, 6, 10, 0, 0, 0.01%, 0, 0, 1, 49.90
1734355720, 32, 7, 10, 0, 0, 0.01%, 0, 0, 1, 45.30
1734355725, 32, 8, 10, 0, 0, 0.01%, 0, 0, 1, 45.20
1734355730, 32, 9, 10, 0, 0, 0.01%, 0, 0, 1, 45.89
1734355735, 33, 0, 10, 0, 0, 0.01%, 0, 0, 1, 46.16
1734355740, 33, 1, 10, 0, 0, 0.01%, 0, 0, 1, 47.57
1734355745, 33, 2, 10, 0, 0, 0.01%, 0, 0, 1, 48.52
1734355751, 33, 3, 10, 0, 0, 0.01%, 0, 0, 1, 46.70
1734355756, 33, 4, 10, 0, 0, 0.01%, 0, 0, 1, 46.82
1734355761, 33, 5, 10, 0, 0, 0.01%, 0, 0, 1, 49.53
1734355766, 33, 6, 10, 0, 0, 0.01%, 0, 0, 1, 49.62
1734355771, 33, 7, 10, 0, 0, 0.01%, 0, 0, 1, 48.77
1734355776, 33, 8, 10, 0, 0, 0.01%, 0, 0, 1, 47.69
1734355781, 33, 9, 10, 0, 0, 0.01%, 0, 0, 1, 46.24
1734355791, 34, 0, 10, 0, 0, 0.01%, 0, 0, 1, 47.89
1734355796, 34, 1, 10, 0, 0, 0.01%, 0, 0, 1, 47.63
1734355801, 34, 2, 10, 0, 0, 0.01%, 0, 0, 1, 47.27
1734355806, 34, 3, 10, 0, 0, 0.01%, 0, 0, 1, 47.39
1734355812, 34, 4, 10, 0, 0, 0.01%, 0, 0, 1, 45.92
1734355817, 34, 5, 10, 0, 0, 0.01%, 0, 0, 1, 48.68
1734355822, 34, 6, 10, 0, 0, 0.01%, 0, 0, 1, 47.56
1734355827, 34, 7, 10, 0, 0, 0.01%, 0, 0, 1, 47.69
1734355832, 34, 8, 10, 0, 0, 0.01%, 0, 0, 1, 47.86
1734355837, 34, 9, 10, 0, 0, 0.01%, 0, 0, 1, 46.55
1734355842, 35, 0, 10, 0, 0, 0.01%, 0, 0, 1, 47.33
1734355847, 35, 1, 10, 0, 0, 0.01%, 0, 0, 1, 49.09
1734355852, 35, 2, 10, 0, 0, 0.01%, 0, 0, 1, 46.72
1734355857, 35, 3, 10, 0, 0, 0.01%, 0, 0, 1, 47.62
1734355867, 35, 4, 10, 0, 0, 0.01%, 0, 0, 1, 46.41
1734355872, 35, 5, 10, 0, 0, 0.01%, 0, 0, 1, 45.24
1734355877, 35, 6, 10, 0, 0, 0.01%, 0, 0, 1, 46.79
1734355882, 35, 7, 10, 0, 0, 0.01%, 0, 0, 1, 47.68
1734355888, 35, 8, 10, 0, 0, 0.01%, 0, 0, 1, 48.66
1734355893, 35, 9, 10, 0, 0, 0.01%, 0, 0, 1, 48.31
1734355898, 36, 0, 10, 0, 0, 0.01%, 0, 0, 1, 45.98
1734355903, 36, 1, 10, 0, 0, 0.01%, 0, 0, 1, 47.76
1734355908, 36, 2, 10, 0, 0, 0.01%, 0, 0, 1, 47.18
1734355913, 36, 3, 10, 0, 0, 0.01%, 0, 0, 1, 47.69
1734355918, 36, 4, 10, 0, 0, 0.01%, 0, 0, 1, 48.94
1734355923, 36, 5, 10, 0, 0, 0.01%, 0, 0, 1, 47.52
1734355928, 36, 6, 10, 0, 0, 0.01%, 0, 0, 1, 46.77
1734355933, 36, 7, 10, 0, 0, 0.01%, 0, 0, 1, 47.41
1734355943, 36, 8, 10, 0, 0, 0.01%, 0, 0, 1, 47.27
1734355948, 36, 9, 10, 0, 0, 0.01%, 0, 0, 1, 47.64
1734355953, 37, 0, 10, 0, 0, 0.01%, 0, 0, 1, 47.99
1734355959, 37, 1, 10, 0, 0, 0.01%, 0, 0, 1, 47.87
1734355964, 37, 2, 10, 0, 0, 0.01%, 0, 0, 1, 46.85
1734355969, 37, 3, 10, 0, 0, 0.01%, 0, 0, 1, 46.93
1734355974, 37, 4, 10, 0, 0, 0.01%, 0, 0, 1, 47.52
1734355979, 37, 5, 10, 0, 0, 0.01%, 0, 0, 1, 45.72
1734355984, 37, 6, 10, 0, 0, 0.01%, 0, 0, 1, 47.01
1734355989, 37, 7, 10, 0, 0, 0.01%, 0, 0, 1, 46.21
1734355994, 37, 8, 10, 0, 0, 0.01%, 0, 0, 1, 47.66
1734355999, 37, 9, 10, 0, 0, 0.01%, 0, 0, 1, 46.39
1734356004, 38, 0, 10, 0, 0, 0.01%, 0, 0, 1, 46.00
1734356014, 38, 1, 10, 0, 0, 0.01%, 0, 0, 1, 45.40
1734356019, 38, 2, 10, 0, 0, 0.01%, 0, 0, 1, 48.67
1734356025, 38, 3, 10, 0, 0, 0.01%, 0, 0, 1, 46.78
1734356030, 38, 4, 10, 0, 0, 0.01%, 0, 0, 1, 45.30
1734356035, 38, 5, 10, 0, 0, 0.01%, 0, 0, 1, 44.76
1734356040, 38, 6, 10, 0, 0, 0.01%, 0, 0, 1, 44.96
1734356045, 38, 7, 10, 0, 0, 0.01%, 0, 0, 1, 47.99
1734356050, 38, 8, 10, 0, 0, 0.01%, 0, 0, 1, 45.87
1734356055, 38, 9, 10, 0, 0, 0.01%, 0, 0, 1, 45.33
1734356060, 39, 0, 10, 0, 0, 0.01%, 0, 0, 1, 45.72
1734356065, 39, 1, 10, 0, 0, 0.01%, 0, 0, 1, 45.94
1734356070, 39, 2, 10, 0, 0, 0.01%, 0, 0, 1, 46.68
1734356080, 39, 3, 10, 0, 0, 0.01%, 0, 0, 1, 46.93
1734356085, 39, 4, 10, 0, 0, 0.01%, 0, 0, 1, 45.30
1734356091, 39, 5, 10, 0, 0, 0.01%, 0, 0, 1, 46.40
1734356096, 39, 6, 10, 0, 0, 0.01%, 0, 0, 1, 48.31
1734356101, 39, 7, 10, 0, 0, 0.01%, 0, 0, 1, 47.86
1734356106, 39, 8, 10, 0, 0, 0.01%, 0, 0, 1, 47.63
1734356111, 39, 9, 10, 0, 0, 0.01%, 0, 0, 1, 47.75
1734356116, 40, 0, 10, 0, 0, 0.01%, 0, 0, 1, 46.97
1734356121, 40, 1, 10, 0, 0, 0.01%, 0, 0, 1, 44.72
1734356126, 40, 2, 10, 0, 0, 0.01%, 0, 0, 1, 48.81
1734356131, 40, 3, 10, 0, 0, 0.01%, 0, 0, 1, 47.19
1734356136, 40, 4, 10, 0, 0, 0.01%, 0, 0, 1, 48.87
1734356141, 40, 5, 10, 0, 0, 0.01%, 0, 0, 1, 47.35
1734356146, 40, 6, 10, 0, 0, 0.01%, 0, 0, 1, 48.69
1734356157, 40, 7, 10, 0, 0, 0.01%, 0, 0, 1, 46.67
1734356162, 40, 8, 10, 0, 0, 0.01%, 0, 0, 1, 49.79
1734356167, 40, 9, 10, 0, 0, 0.01%, 0, 0, 1, 49.20
1734356172, 41, 0, 10, 0, 0, 0.01%, 0, 0, 1, 47.59
1734356177, 41, 1, 10, 0, 0, 0.01%, 0, 0, 1, 44.64
1734356182, 41, 2, 10, 0, 0, 0.01%, 0, 0, 1, 44.92
1734356187, 41, 3, 10, 0, 0, 0.01%, 0, 0, 1, 47.26
1734356192, 41, 4, 10, 0, 0, 0.01%, 0, 0, 1, 48.49
1734356197, 41, 5, 10, 0, 0, 0.01%, 0, 0, 1, 45.89
1734356202, 41, 6, 10, 0, 0, 0.01%, 0, 0, 1, 45.30
1734356207, 41, 7, 10, 0, 0, 0.01%, 0, 0, 1, 45.18
1734356212, 41, 8, 10, 0, 0, 0.01%, 0, 0, 1, 47.34
1734356222, 41, 9, 10, 0, 0, 0.01%, 0, 0, 1, 44.98
1734356227, 42, 0, 10, 0, 0, 0.01%, 0, 0, 1, 44.12
1734356233, 42, 1, 10, 0, 0, 0.01%, 0, 0, 1, 46.00
1734356238, 42, 2, 10, 0, 0, 0.01%, 0, 0, 1, 48.02
1734356243, 42, 3, 10, 0, 0, 0.01%, 0, 0, 1, 46.93
1734356248, 42, 4, 10, 0, 0, 0.01%, 0, 0, 1, 45.94
1734356253, 42, 5, 10, 0, 0, 0.01%, 0, 0, 1, 46.90
1734356258, 42, 6, 10, 0, 0, 0.01%, 0, 0, 1, 49.82
1734356263, 42, 7, 10, 0, 0, 0.01%, 0, 0, 1, 47.85
1734356268, 42, 8, 10, 0, 0, 0.01%, 0, 0, 1, 45.23
1734356273, 42, 9, 10, 0, 0, 0.01%, 0, 0, 1, 44.98
1734356278, 43, 0, 10, 0, 0, 0.01%, 0, 0, 1, 46.27
1734356288, 43, 1, 10, 0, 0, 0.01%, 0, 0, 1, 47.70
1734356293, 43, 2, 10, 0, 0, 0.01%, 0, 0, 1, 47.24
1734356298, 43, 3, 10, 0, 0, 0.01%, 0, 0, 1, 47.67
1734356303, 43, 4, 10, 0, 0, 0.01%, 0, 0, 1, 45.39
1734356308, 43, 5, 10, 0, 0, 0.01%, 0, 0, 1, 45.53
1734356313, 43, 6, 10, 0, 0, 0.01%, 0, 0, 1, 47.72
1734356318, 43, 7, 10, 0, 0, 0.01%, 0, 0, 1, 44.45
1734356324, 43, 8, 10, 0, 0, 0.01%, 0, 0, 1, 50.20
1734356329, 43, 9, 10, 0, 0, 0.01%, 0, 0, 1, 48.27
1734356334, 44, 0, 10, 0, 0, 0.01%, 0, 0, 1, 45.22
1734356339, 44, 1, 10, 0, 0, 0.01%, 0, 0, 1, 44.83
1734356344, 44, 2, 10, 0, 0, 0.01%, 0, 0, 1, 46.87
1734356354, 44, 3, 10, 0, 0, 0.01%, 0, 0, 1, 49.05
1734356359, 44, 4, 10, 0, 0, 0.01%, 0, 0, 1, 49.59
1734356364, 44, 5, 10, 0, 0, 0.01%, 0, 0, 1, 46.40
1734356369, 44, 6, 10, 0, 0, 0.01%, 0, 0, 1, 48.42
1734356374, 44, 7, 10, 0, 0, 0.01%, 0, 0, 1, 45.97
1734356379, 44, 8, 10, 0, 0, 0.01%, 0, 0, 1, 46.38
1734356385, 44, 9, 10, 0, 0, 0.01%, 0, 0, 1, 50.19
1734356390, 45, 0, 10, 0, 0, 0.01%, 0, 0, 1, 45.36
1734356395, 45, 1, 10, 0, 0, 0.01%, 0, 0, 1, 48.97
1734356400, 45, 2, 10, 0, 0, 0.01%, 0, 0, 1, 46.94
1734356405, 45, 3, 10, 0, 0, 0.01%, 0, 0, 1, 45.06
1734356410, 45, 4, 10, 0, 0, 0.01%, 0, 0, 1, 47.64
1734356415, 45, 5, 10, 0, 0, 0.01%, 0, 0, 1, 47.35
1734356420, 45, 6, 10, 0, 0, 0.01%, 0, 0, 1, 46.19
1734356425, 45, 7, 10, 0, 0, 0.01%, 0, 0, 1, 46.25
1734356430, 45, 8, 10, 0, 0, 0.01%, 0, 0, 1, 49.56
1734356440, 45, 9, 10, 0, 0, 0.01%, 0, 0, 1, 47.11
1734356445, 46, 0, 10, 0, 0, 0.01%, 0, 0, 1, 47.24
1734356450, 46, 1, 10, 0, 0, 0.01%, 0, 0, 1, 45.58
1734356455, 46, 2, 10, 0, 0, 0.01%, 0, 0, 1, 46.37
1734356460, 46, 3, 10, 0, 0, 0.01%, 0, 0, 1, 44.75
1734356466, 46, 4, 10, 0, 0, 0.01%, 0, 0, 1, 47.64
1734356471, 46, 5, 10, 0, 0, 0.01%, 0, 0, 1, 48.22
1734356476, 46, 6, 10, 0, 0, 0.01%, 0, 0, 1, 48.89
1734356481, 46, 7, 10, 0, 0, 0.01%, 0, 0, 1, 47.18
1734356486, 46, 8, 10, 0, 0, 0.01%, 0, 0, 1, 48.23
1734356491, 46, 9, 10, 0, 0, 0.01%, 0, 0, 1, 47.38
1734356496, 47, 0, 10, 0, 0, 0.01%, 0, 0, 1, 48.90
1734356501, 47, 1, 10, 0, 0, 0.01%, 0, 0, 1, 48.72
1734356506, 47, 2, 10, 0, 0, 0.01%, 0, 0, 1, 47.69
1734356511, 47, 3, 10, 0, 0, 0.01%, 0, 0, 1, 48.24
1734356522, 47, 4, 10, 0, 0, 0.01%, 0, 0, 1, 46.73
1734356527, 47, 5, 10, 0, 0, 0.01%, 0, 0, 1, 43.39
1734356532, 47, 6, 10, 0, 0, 0.01%, 0, 0, 1, 46.18
1734356537, 47, 7, 10, 0, 0, 0.01%, 0, 0, 1, 45.69
1734356542, 47, 8, 10, 0, 0, 0.01%, 0, 0, 1, 47.43
1734356547, 47, 9, 10, 0, 0, 0.01%, 0, 0, 1, 50.30
1734356552, 48, 0, 10, 0, 0, 0.01%, 0, 0, 1, 48.97
1734356557, 48, 1, 10, 0, 0, 0.01%, 0, 0, 1, 45.96
1734356562, 48, 2, 10, 0, 0, 0.01%, 0, 0, 1, 48.39
1734356567, 48, 3, 10, 0, 0, 0.01%, 0, 0, 1, 49.15
1734356572, 48, 4, 10, 0, 0, 0.01%, 0, 0, 1, 46.83
1734356578, 48, 5, 10, 0, 0, 0.01%, 0, 0, 1, 48.30
1734356583, 48, 6, 10, 0, 0, 0.01%, 0, 0, 1, 46.39
1734356588, 48, 7, 10, 0, 0, 0.01%, 0, 0, 1, 46.94
1734356593, 48, 8, 10, 0, 0, 0.01%, 0, 0, 1, 47.81
1734356603, 48, 9, 10, 0, 0, 0.01%, 0, 0, 1, 47.23
1734356608, 49, 0, 10, 0, 0, 0.01%, 0, 0, 1, 45.39
1734356613, 49, 1, 10, 0, 0, 0.01%, 0, 0, 1, 46.27
1734356618, 49, 2, 10, 0, 0, 0.01%, 0, 0, 1, 45.62
1734356623, 49, 3, 10, 0, 0, 0.01%, 0, 0, 1, 46.75
1734356628, 49, 4, 10, 0, 0, 0.01%, 0, 0, 1, 47.81
1734356633, 49, 5, 10, 0, 0, 0.01%, 0, 0, 1, 46.17
1734356639, 49, 6, 10, 0, 0, 0.01%, 0, 0, 1, 49.74
1734356644, 49, 7, 10, 0, 0, 0.01%, 0, 0, 1, 47.24
1734356649, 49, 8, 10, 0, 0, 0.01%, 0, 0, 1, 47.13
1734356654, 49, 9, 10, 0, 0, 0.01%, 0, 0, 1, 46.83
1734356659, 50, 0, 10, 0, 0, 0.01%, 0, 0, 1, 47.04
1734356664, 50, 1, 10, 0, 0, 0.01%, 0, 0, 1, 47.17
1734356669, 50, 2, 10, 0, 0, 0.01%, 0, 0, 1, 47.07
1734356674, 50, 3, 10, 0, 0, 0.01%, 0, 0, 1, 47.49
1734356679, 50, 4, 10, 0, 0, 0.01%, 0, 0, 1, 50.63
1734356684, 50, 5, 10, 0, 0, 0.01%, 0, 0, 1, 48.31
1734356695, 50, 6, 10, 0, 0, 0.01%, 0, 0, 1, 47.68
1734356700, 50, 7, 10, 0, 0, 0.01%, 0, 0, 1, 46.83
1734356705, 50, 8, 10, 0, 0, 0.01%, 0, 0, 1, 47.01
1734356710, 50, 9, 10, 0, 0, 0.01%, 0, 0, 1, 47.86
1734356715, 51, 0, 10, 0, 0, 0.01%, 0, 0, 1, 45.24
1734356720, 51, 1, 10, 0, 0, 0.01%, 0, 0, 1, 47.44
1734356725, 51, 2, 10, 0, 0, 0.01%, 0, 0, 1, 46.46
1734356730, 51, 3, 10, 0, 0, 0.01%, 0, 0, 1, 47.71
1734356735, 51, 4, 10, 0, 0, 0.01%, 0, 0, 1, 46.24
1734356740, 51, 5, 10, 0, 0, 0.01%, 0, 0, 1, 47.71
1734356745, 51, 6, 10, 0, 0, 0.01%, 0, 0, 1, 45.96
1734356751, 51, 7, 10, 0, 0, 0.01%, 0, 0, 1, 46.44
1734356756, 51, 8, 10, 0, 0, 0.01%, 0, 0, 1, 46.74
1734356766, 51, 9, 10, 0, 0, 0.01%, 0, 0, 1, 48.91
1734356771, 52, 0, 10, 0, 0, 0.01%, 0, 0, 1, 49.84
1734356776, 52, 1, 10, 0, 0, 0.01%, 0, 0, 1, 49.17
1734356781, 52, 2, 10, 0, 0, 0.01%, 0, 0, 1, 48.04
1734356786, 52, 3, 10, 0, 0, 0.01%, 0, 0, 1, 47.43
1734356791, 52, 4, 10, 0, 0, 0.01%, 0, 0, 1, 46.75
1734356796, 52, 5, 10, 0, 0, 0.01%, 0, 0, 1, 47.16
1734356801, 52, 6, 10, 0, 0, 0.01%, 0, 0, 1, 47.29
1734356806, 52, 7, 10, 0, 0, 0.01%, 0, 0, 1, 48.54
1734356812, 52, 8, 10, 0, 0, 0.01%, 0, 0, 1, 47.13
1734356817, 52, 9, 10, 0, 0, 0.01%, 0, 0, 1, 46.12
1734356822, 53, 0, 10, 0, 0, 0.01%, 0, 0, 1, 48.45
1734356827, 53, 1, 10, 0, 0, 0.01%, 0, 0, 1, 47.06
1734356832, 53, 2, 10, 0, 0, 0.01%, 0, 0, 1, 48.61
1734356837, 53, 3, 10, 0, 0, 0.01%, 0, 0, 1, 47.93
1734356842, 53, 4, 10, 0, 0, 0.01%, 0, 0, 1, 49.16
1734356847, 53, 5, 10, 0, 0, 0.01%, 0, 0, 1, 48.03
1734356852, 53, 6, 10, 0, 0, 0.01%, 0, 0, 1, 46.80
1734356862, 53, 7, 10, 0, 0, 0.01%, 0, 0, 1, 48.13
1734356867, 53, 8, 10, 0, 0, 0.01%, 0, 0, 1, 46.49
1734356872, 53, 9, 10, 0, 0, 0.01%, 0, 0, 1, 44.71
1734356877, 54, 0, 10, 0, 0, 0.01%, 0, 0, 1, 47.44
1734356882, 54, 1, 10, 0, 0, 0.01%, 0, 0, 1, 46.54
1734356888, 54, 2, 10, 0, 0, 0.01%, 0, 0, 1, 47.00
1734356893, 54, 3, 10, 0, 0, 0.01%, 0, 0, 1, 45.57
1734356898, 54, 4, 10, 0, 0, 0.01%, 0, 0, 1, 46.57
1734356903, 54, 5, 10, 0, 0, 0.01%, 0, 0, 1, 48.52
1734356908, 54, 6, 10, 0, 0, 0.01%, 0, 0, 1, 48.04
1734356913, 54, 7, 10, 0, 0, 0.01%, 0, 0, 1, 46.42
1734356918, 54, 8, 10, 0, 0, 0.01%, 0, 0, 1, 48.31
1734356923, 54, 9, 10, 0, 0, 0.01%, 0, 0, 1, 45.13
1734356928, 55, 0, 10, 0, 0, 0.01%, 0, 0, 1, 47.10
1734356938, 55, 1, 10, 0, 0, 0.01%, 0, 0, 1, 47.21
1734356943, 55, 2, 10, 0, 0, 0.01%, 0, 0, 1, 45.90
1734356948, 55, 3, 10, 0, 0, 0.01%, 0, 0, 1, 46.78
1734356953, 55, 4, 10, 0, 0, 0.01%, 0, 0, 1, 46.76
1734356959, 55, 5, 10, 0, 0, 0.01%, 0, 0, 1, 47.49
1734356964, 55, 6, 10, 0, 0, 0.01%, 0, 0, 1, 45.21
1734356969, 55, 7, 10, 0, 0, 0.01%, 0, 0, 1, 47.50
1734356974, 55, 8, 10, 0, 0, 0.01%, 0, 0, 1, 47.18
1734356979, 55, 9, 10, 0, 0, 0.01%, 0, 0, 1, 47.57
1734356984, 56, 0, 10, 0, 0, 0.01%, 0, 0, 1, 45.70
1734356989, 56, 1, 10, 0, 0, 0.01%, 0, 0, 1, 44.89
1734356994, 56, 2, 10, 0, 0, 0.01%, 0, 0, 1, 46.88
1734357004, 56, 3, 10, 0, 0, 0.01%, 0, 0, 1, 46.35
1734357009, 56, 4, 10, 0, 0, 0.01%, 0, 0, 1, 45.45
1734357014, 56, 5, 10, 0, 0, 0.01%, 0, 0, 1, 47.05
1734357019, 56, 6, 10, 0, 0, 0.01%, 0, 0, 1, 46.58
1734357024, 56, 7, 10, 0, 0, 0.01%, 0, 0, 1, 46.43
1734357030, 56, 8, 10, 0, 0, 0.01%, 0, 0, 1, 47.78
1734357035, 56, 9, 10, 0, 0, 0.01%, 0, 0, 1, 47.03
1734357040, 57, 0, 10, 0, 0, 0.01%, 0, 0, 1, 46.36
1734357045, 57, 1, 10, 0, 0, 0.01%, 0, 0, 1, 46.33
1734357050, 57, 2, 10, 0, 0, 0.01%, 0, 0, 1, 48.64
1734357055, 57, 3, 10, 0, 0, 0.01%, 0, 0, 1, 46.29
1734357060, 57, 4, 10, 0, 0, 0.01%, 0, 0, 1, 46.35
1734357065, 57, 5, 10, 0, 0, 0.01%, 0, 0, 1, 47.66
1734357070, 57, 6, 10, 0, 0, 0.01%, 0, 0, 1, 46.54
1734357075, 57, 7, 10, 0, 0, 0.01%, 0, 0, 1, 49.09
1734357085, 57, 8, 10, 0, 0, 0.01%, 0, 0, 1, 45.64
1734357090, 57, 9, 10, 0, 0, 0.01%, 0, 0, 1, 45.12
1734357096, 58, 0, 10, 0, 0, 0.01%, 0, 0, 1, 44.69
1734357101, 58, 1, 10, 0, 0, 0.01%, 0, 0, 1, 47.19
1734357106, 58, 2, 10, 0, 0, 0.01%, 0, 0, 1, 46.57
1734357111, 58, 3, 10, 0, 0, 0.01%, 0, 0, 1, 50.65
1734357116, 58, 4, 10, 0, 0, 0.01%, 0, 0, 1, 47.86
1734357121, 58, 5, 10, 0, 0, 0.01%, 0, 0, 1, 47.00
1734357126, 58, 6, 10, 0, 0, 0.01%, 0, 0, 1, 47.54
1734357131, 58, 7, 10, 0, 0, 0.01%, 0, 0, 1, 48.28
1734357136, 58, 8, 10, 0, 0, 0.01%, 0, 0, 1, 49.26
1734357141, 58, 9, 10, 0, 0, 0.01%, 0, 0, 1, 49.13
1734357146, 59, 0, 10, 0, 0, 0.01%, 0, 0, 1, 47.33
1734357151, 59, 1, 10, 0, 0, 0.01%, 0, 0, 1, 48.89
1734357156, 59, 2, 10, 0, 0, 0.01%, 0, 0, 1, 46.95
1734357161, 59, 3, 10, 0, 0, 0.01%, 0, 0, 1, 46.59
1734357172, 59, 4, 10, 0, 0, 0.01%, 0, 0, 1, 46.32
1734357177, 59, 5, 10, 0, 0, 0.01%, 0, 0, 1, 46.06
1734357182, 59, 6, 10, 0, 0, 0.01%, 0, 0, 1, 45.10
1734357187, 59, 7, 10, 0, 0, 0.01%, 0, 0, 1, 45.92
1734357192, 59, 8, 10, 0, 0, 0.01%, 0, 0, 1, 45.72
1734357197, 59, 9, 10, 0, 0, 0.01%, 0, 0, 1, 46.45
1734357202, 60, 0, 10, 0, 0, 0.01%, 0, 0, 1, 46.96
1734357207, 60, 1, 10, 0, 0, 0.01%, 0, 0, 1, 46.85
1734357212, 60, 2, 10, 0, 0, 0.01%, 0, 0, 1, 47.26
1734357217, 60, 3, 10, 0, 0, 0.01%, 0, 0, 1, 45.60
1734357223, 60, 4, 10, 0, 0, 0.01%, 0, 0, 1, 46.61
1734357228, 60, 5, 10, 0, 0, 0.01%, 0, 0, 1, 46.20
1734357238, 60, 6, 10, 0, 0, 0.01%, 0, 0, 1, 45.65
1734357243, 60, 7, 10, 0, 0, 0.01%, 0, 0, 1, 43.60
1734357248, 60, 8, 10, 0, 0, 0.01%, 0, 0, 1, 46.20
1734357253, 60, 9, 10, 0, 0, 0.01%, 0, 0, 1, 47.41
1734357258, 61, 0, 10, 0, 0, 0.01%, 0, 0, 1, 48.40
1734357263, 61, 1, 10, 0, 0, 0.01%, 0, 0, 1, 49.59
1734357268, 61, 2, 10, 0, 0, 0.01%, 0, 0, 1, 47.16
1734357273, 61, 3, 10, 0, 0, 0.01%, 0, 0, 1, 46.84
1734357278, 61, 4, 10, 0, 0, 0.01%, 0, 0, 1, 50.10
1734357283, 61, 5, 10, 0, 0, 0.01%, 0, 0, 1, 47.75
1734357289, 61, 6, 10, 0, 0, 0.01%, 0, 0, 1, 47.79
1734357294, 61, 7, 10, 0, 0, 0.01%, 0, 0, 1, 48.04
1734357299, 61, 8, 10, 0, 0, 0.01%, 0, 0, 1, 47.50
1734357304, 61, 9, 10, 0, 0, 0.01%, 0, 0, 1, 46.48
1734357314, 62, 0, 10, 0, 0, 0.01%, 0, 0, 1, 45.07
1734357319, 62, 1, 10, 0, 0, 0.01%, 0, 0, 1, 46.32
1734357324, 62, 2, 10, 0, 0, 0.01%, 0, 0, 1, 45.65
1734357329, 62, 3, 10, 0, 0, 0.01%, 0, 0, 1, 45.22
1734357334, 62, 4, 10, 0, 0, 0.01%, 0, 0, 1, 47.82
1734357339, 62, 5, 10, 0, 0, 0.01%, 0, 0, 1, 46.99
1734357345, 62, 6, 10, 0, 0, 0.01%, 0, 0, 1, 48.39
1734357350, 62, 7, 10, 0, 0, 0.01%, 0, 0, 1, 47.43
1734357355, 62, 8, 10, 0, 0, 0.01%, 0, 0, 1, 44.65
1734357360, 62, 9, 10, 0, 0, 0.01%, 0, 0, 1, 46.99
1734357365, 63, 0, 10, 0, 0, 0.01%, 0, 0, 1, 46.37
1734357370, 63, 1, 10, 0, 0, 0.01%, 0, 0, 1, 47.31
1734357375, 63, 2, 10, 0, 0, 0.01%, 0, 0, 1, 48.03
1734357385, 63, 3, 10, 0, 0, 0.01%, 0, 0, 1, 47.57
1734357390, 63, 4, 10, 0, 0, 0.01%, 0, 0, 1, 47.67
1734357395, 63, 5, 10, 0, 0, 0.01%, 0, 0, 1, 47.24
1734357400, 63, 6, 10, 0, 0, 0.01%, 0, 0, 1, 47.07
1734357405, 63, 7, 10, 0, 0, 0.01%, 0, 0, 1, 46.81
1734357410, 63, 8, 10, 0, 0, 0.01%, 0, 0, 1, 45.85
1734357415, 63, 9, 10, 0, 0, 0.01%, 0, 0, 1, 48.48
1734357421, 64, 0, 10, 0, 0, 0.01%, 0, 0, 1, 46.99
1734357426, 64, 1, 10, 0, 0, 0.01%, 0, 0, 1, 46.77
1734357431, 64, 2, 10, 0, 0, 0.01%, 0, 0, 1, 47.90
1734357436, 64, 3, 10, 0, 0, 0.01%, 0, 0, 1, 44.44
1734357441, 64, 4, 10, 0, 0, 0.01%, 0, 0, 1, 46.47
1734357446, 64, 5, 10, 0, 0, 0.01%, 0, 0, 1, 45.49
1734357456, 64, 6, 10, 0, 0, 0.01%, 0, 0, 1, 46.69
1734357461, 64, 7, 10, 0, 0, 0.01%, 0, 0, 1, 46.25
1734357466, 64, 8, 10, 0, 0, 0.01%, 0, 0, 1, 48.20
1734357471, 64, 9, 10, 0, 0, 0.01%, 0, 0, 1, 47.28
1734357476, 65, 0, 10, 0, 0, 0.01%, 0, 0, 1, 47.44
1734357481, 65, 1, 10, 0, 0, 0.01%, 0, 0, 1, 47.82
1734357486, 65, 2, 10, 0, 0, 0.01%, 0, 0, 1, 47.36
1734357492, 65, 3, 10, 0, 0, 0.01%, 0, 0, 1, 48.53
1734357497, 65, 4, 10, 0, 0, 0.01%, 0, 0, 1, 47.87
1734357502, 65, 5, 10, 0, 0, 0.01%, 0, 0, 1, 47.12
1734357507, 65, 6, 10, 0, 0, 0.01%, 0, 0, 1, 46.72
1734357512, 65, 7, 10, 0, 0, 0.01%, 0, 0, 1, 48.13
1734357517, 65, 8, 10, 0, 0, 0.01%, 0, 0, 1, 45.70
1734357522, 65, 9, 10, 0, 0, 0.01%, 0, 0, 1, 46.54
1734357532, 66, 0, 10, 0, 0, 0.01%, 0, 0, 1, 46.50
1734357537, 66, 1, 10, 0, 0, 0.01%, 0, 0, 1, 45.53
1734357542, 66, 2, 10, 0, 0, 0.01%, 0, 0, 1, 43.36
1734357547, 66, 3, 10, 0, 0, 0.01%, 0, 0, 1, 47.29
1734357552, 66, 4, 10, 0, 0, 0.01%, 0, 0, 1, 46.41
1734357558, 66, 5, 10, 0, 0, 0.01%, 0, 0, 1, 47.38
1734357563, 66, 6, 10, 0, 0, 0.01%, 0, 0, 1, 48.73
1734357568, 66, 7, 10, 0, 0, 0.01%, 0, 0, 1, 48.53
1734357573, 66, 8, 10, 0, 0, 0.01%, 0, 0, 1, 46.86
1734357578, 66, 9, 10, 0, 0, 0.01%, 0, 0, 1, 45.29
1734357583, 67, 0, 10, 0, 0, 0.01%, 0, 0, 1, 46.93
1734357588, 67, 1, 10, 0, 0, 0.01%, 0, 0, 1, 47.67
1734357598, 67, 2, 10, 0, 0, 0.01%, 0, 0, 1, 49.55
1734357603, 67, 3, 10, 0, 0, 0.01%, 0, 0, 1, 50.53
1734357608, 67, 4, 10, 0, 0, 0.01%, 0, 0, 1, 48.01
1734357613, 67, 5, 10, 0, 0, 0.01%, 0, 0, 1, 45.09
1734357618, 67, 6, 10, 0, 0, 0.01%, 0, 0, 1, 48.63
1734357624, 67, 7, 10, 0, 0, 0.01%, 0, 0, 1, 47.92
1734357629, 67, 8, 10, 0, 0, 0.01%, 0, 0, 1, 46.22
1734357634, 67, 9, 10, 0, 0, 0.01%, 0, 0, 1, 45.19
1734357639, 68, 0, 10, 0, 0, 0.01%, 0, 0, 1, 45.95
1734357644, 68, 1, 10, 0, 0, 0.01%, 0, 0, 1, 46.97
1734357649, 68, 2, 10, 0, 0, 0.01%, 0, 0, 1, 47.18
1734357654, 68, 3, 10, 0, 0, 0.01%, 0, 0, 1, 47.51
1734357659, 68, 4, 10, 0, 0, 0.01%, 0, 0, 1, 46.34
1734357664, 68, 5, 10, 0, 0, 0.01%, 0, 0, 1, 46.65
1734357669, 68, 6, 10, 0, 0, 0.01%, 0, 0, 1, 47.06
1734357679, 68, 7, 10, 0, 0, 0.01%, 0, 0, 1, 46.90
1734357685, 68, 8, 10, 0, 0, 0.01%, 0, 0, 1, 47.39
1734357690, 68, 9, 10, 0, 0, 0.01%, 0, 0, 1, 48.19
1734357695, 69, 0, 10, 0, 0, 0.01%, 0, 0, 1, 50.87
1734357700, 69, 1, 10, 0, 0, 0.01%, 0, 0, 1, 48.90
1734357705, 69, 2, 10, 0, 0, 0.01%, 0, 0, 1, 46.45
1734357710, 69, 3, 10, 0, 0, 0.01%, 0, 0, 1, 50.28
1734357715, 69, 4, 10, 0, 0, 0.01%, 0, 0, 1, 47.25
1734357720, 69, 5, 10, 0, 0, 0.01%, 0, 0, 1, 46.95
1734357725, 69, 6, 10, 0, 0, 0.01%, 0, 0, 1, 45.43
1734357730, 69, 7, 10, 0, 0, 0.01%, 0, 0, 1, 48.97
1734357735, 69, 8, 10, 0, 0, 0.01%, 0, 0, 1, 48.03
1734357740, 69, 9, 10, 0, 0, 0.01%, 0, 0, 1, 47.24
1734357745, 70, 0, 10, 0, 0, 0.01%, 0, 0, 1, 45.57
1734357750, 70, 1, 10, 0, 0, 0.01%, 0, 0, 1, 46.07
1734357756, 70, 2, 10, 0, 0, 0.01%, 0, 0, 1, 48.52
1734357761, 70, 3, 10, 0, 0, 0.01%, 0, 0, 1, 49.62
1734357771, 70, 4, 10, 0, 0, 0.01%, 0, 0, 1, 45.60
1734357776, 70, 5, 10, 0, 0, 0.01%, 0, 0, 1, 49.69
1734357781, 70, 6, 10, 0, 0, 0.01%, 0, 0, 1, 48.36
1734357786, 70, 7, 10, 0, 0, 0.01%, 0, 0, 1, 50.72
1734357791, 70, 8, 10, 0, 0, 0.01%, 0, 0, 1, 46.26
1734357796, 70, 9, 10, 0, 0, 0.01%, 0, 0, 1, 47.26
1734357801, 71, 0, 10, 0, 0, 0.01%, 0, 0, 1, 47.38
1734357806, 71, 1, 10, 0, 0, 0.01%, 0, 0, 1, 46.47
1734357811, 71, 2, 10, 0, 0, 0.01%, 0, 0, 1, 44.33
1734357816, 71, 3, 10, 0, 0, 0.01%, 0, 0, 1, 46.32
1734357822, 71, 4, 10, 0, 0, 0.01%, 0, 0, 1, 48.03
1734357827, 71, 5, 10, 0, 0, 0.01%, 0, 0, 1, 45.12
1734357832, 71, 6, 10, 0, 0, 0.01%, 0, 0, 1, 46.96
1734357842, 71, 7, 10, 0, 0, 0.01%, 0, 0, 1, 46.24
1734357847, 71, 8, 10, 0, 0, 0.01%, 0, 0, 1, 46.60
1734357852, 71, 9, 10, 0, 0, 0.01%, 0, 0, 1, 48.07
1734357857, 72, 0, 10, 0, 0, 0.01%, 0, 0, 1, 47.41
1734357862, 72, 1, 10, 0, 0, 0.01%, 0, 0, 1, 47.91
1734357867, 72, 2, 10, 0, 0, 0.01%, 0, 0, 1, 46.21
1734357872, 72, 3, 10, 0, 0, 0.01%, 0, 0, 1, 45.24
1734357877, 72, 4, 10, 0, 0, 0.01%, 0, 0, 1, 45.65
1734357883, 72, 5, 10, 0, 0, 0.01%, 0, 0, 1, 47.02
1734357888, 72, 6, 10, 0, 0, 0.01%, 0, 0, 1, 46.81
1734357893, 72, 7, 10, 0, 0, 0.01%, 0, 0, 1, 44.51
1734357898, 72, 8, 10, 0, 0, 0.01%, 0, 0, 1, 47.91
1734357908, 72, 9, 10, 0, 0, 0.01%, 0, 0, 1, 49.01
1734357913, 73, 0, 10, 0, 0, 0.01%, 0, 0, 1, 46.07
1734357918, 73, 1, 10, 0, 0, 0.01%, 0, 0, 1, 46.60
1734357923, 73, 2, 10, 0, 0, 0.01%, 0, 0, 1, 45.44
1734357928, 73, 3, 10, 0, 0, 0.01%, 0, 0, 1, 48.02
1734357933, 73, 4, 10, 0, 0, 0.01%, 0, 0, 1, 47.16
1734357938, 73, 5, 10, 0, 0, 0.01%, 0, 0, 1, 46.24
1734357944, 73, 6, 10, 0, 0, 0.01%, 0, 0, 1, 50.49
1734357949, 73, 7, 10, 0, 0, 0.01%, 0, 0, 1, 46.19
1734357954, 73, 8, 10, 0, 0, 0.01%, 0, 0, 1, 46.03
1734357959, 73, 9, 10, 0, 0, 0.01%, 0, 0, 1, 47.28
1734357964, 74, 0, 10, 0, 0, 0.01%, 0, 0, 1, 48.06
1734357969, 74, 1, 10, 0, 0, 0.01%, 0, 0, 1, 45.62
1734357979, 74, 2, 10, 0, 0, 0.01%, 0, 0, 1, 46.37
1734357984, 74, 3, 11, 1, 0, 0.14%, 1, 0, 2, 47.59
1734357989, 74, 10, 13, 3, 1, 0.14%, 3, 0, 3, 72.61
1734358070, 74, 12, 13, 2, 1, 0.14%, 3, 0, 3, 63.31
1734358091, 74, 12, 14, 3, 1, 0.14%, 3, 0, 4, 49.98
1734358187, 74, 13, 14, 2, 1, 0.14%, 3, 0, 4, 51.62
1734358197, 74, 13, 17, 5, 1, 0.14%, 3, 0, 5, 96.48
1734358203, 74, 13, 19, 7, 1, 0.14%, 3, 0, 5, 105.77
1734358258, 74, 13, 20, 8, 1, 0.14%, 3, 0, 5, 58.10
1734358274, 74, 13, 21, 9, 1, 0.14%, 3, 0, 5, 62.41
1734358324, 74, 13, 22, 10, 1, 0.14%, 3, 0, 5, 57.60
1734358345, 74, 13, 23, 11, 1, 0.14%, 4, 0, 5, 57.02
1734358375, 74, 22, 24, 11, 1, 0.14%, 5, 0, 6, 79.54
1734358447, 74, 22, 25, 12, 1, 0.14%, 5, 0, 6, 58.86
1734358452, 74, 22, 26, 13, 1, 0.14%, 5, 0, 6, 67.28
1734358467, 74, 22, 27, 14, 1, 0.14%, 5, 0, 6, 64.19
1734358508, 74, 22, 28, 15, 1, 0.14%, 5, 0, 6, 65.21
1734358538, 74, 24, 28, 13, 2, 0.14%, 5, 0, 6, 56.16
1734358615, 75, 20, 28, 11, 0, 0.14%, 5, 0, 6, 84.05
1734358625, 75, 20, 30, 13, 0, 0.14%, 5, 0, 6, 105.03
1734358727, 77, 21, 30, 8, 0, 0.14%, 5, 0, 6, 51.28
1734358935, 77, 21, 31, 9, 0, 0.14%, 6, 0, 6, 67.82
1734358996, 77, 30, 31, 8, 1, 0.14%, 6, 0, 6, 53.23
1734359088, 77, 30, 32, 9, 1, 0.14%, 7, 0, 7, 113.52
1734359364, 77, 31, 32, 8, 1, 0.14%, 7, 0, 7, 51.29
1734359369, 80, 25, 32, 3, 0, 0.14%, 7, 0, 7, 78.97
1734359490, 81, 23, 32, 2, 0, 0.14%, 7, 0, 7, 65.66
1734359496, 81, 23, 33, 3, 0, 0.14%, 7, 0, 7, 91.46
1734359583, 81, 23, 34, 4, 0, 0.14%, 7, 0, 7, 68.98
1734359649, 81, 33, 34, 4, 1, 0.14%, 7, 0, 7, 55.88
1734360022, 81, 33, 35, 5, 1, 0.14%, 7, 0, 8, 68.99
1734360078, 81, 33, 36, 6, 1, 0.14%, 7, 0, 8, 75.38
1734360098, 81, 34, 36, 5, 2, 0.14%, 7, 0, 8, 66.25
1734360292, 81, 35, 36, 4, 1, 0.14%, 7, 0, 8, 55.43
1734360929, 81, 35, 37, 5, 1, 0.14%, 7, 0, 9, 82.71
1734360995, 81, 36, 37, 4, 1, 0.14%, 7, 0, 9, 46.13
1734362102, 93, 36, 37, 1, 0, 0.14%, 7, 0, 9, 68.44
1734362138, 94, 36, 37, 0, 0, 0.14%, 7, 0, 9, 73.86
1734362174, 95, 36, 37, 0, 0, 0.14%, 7, 0, 9, 82.32
1734362204, 96, 36, 37, 0, 0, 0.14%, 7, 0, 9, 69.97
1734362214, 96, 36, 38, 1, 0, 0.14%, 8, 0, 10, 86.87
1734362240, 96, 37, 38, 1, 1, 0.14%, 8, 0, 10, 52.62
1734362586, 106, 19, 38, 0, 0, 0.14%, 8, 0, 10, 94.81
1734362668, 106, 37, 38, 0, 0, 0.14%, 8, 0, 10, 69.85
1734362703, 107, 19, 38, 0, 0, 0.14%, 8, 0, 10, 57.21
1734362728, 107, 19, 39, 1, 0, 0.14%, 8, 0, 10, 57.39
1734362739, 107, 38, 39, 1, 1, 0.14%, 8, 0, 10, 56.10
1734362942, 108, 37, 39, 0, 0, 0.14%, 8, 0, 10, 68.74
1734362978, 109, 37, 39, 0, 0, 0.14%, 8, 0, 10, 66.64
1734363013, 110, 37, 39, 0, 0, 0.14%, 8, 0, 10, 80.73
1734363049, 110, 38, 39, 0, 0, 0.14%, 8, 0, 10, 72.01
1734363064, 111, 37, 39, 0, 0, 0.14%, 8, 0, 10, 69.63
1734363100, 111, 38, 39, 0, 0, 0.14%, 8, 0, 10, 68.57
1734363115, 112, 19, 39, 0, 0, 0.14%, 8, 0, 10, 63.27
1734363150, 112, 37, 39, 0, 0, 0.14%, 8, 0, 10, 58.74
1734363186, 112, 38, 39, 0, 0, 0.14%, 8, 0, 10, 69.07
1734363226, 113, 38, 39, 0, 0, 0.14%, 8, 0, 10, 71.64
1734363262, 114, 38, 39, 0, 0, 0.14%, 8, 0, 10, 69.03
1734363292, 115, 38, 39, 0, 0, 0.14%, 8, 0, 10, 64.35
1734363328, 116, 24, 39, 0, 0, 0.14%, 8, 0, 10, 65.03
1734363348, 116, 38, 39, 0, 0, 0.14%, 8, 0, 10, 70.19
1734363379, 117, 38, 39, 0, 0, 0.14%, 8, 0, 10, 77.06
1734363414, 118, 27, 39, 0, 0, 0.14%, 8, 0, 10, 68.20
1734363475, 118, 38, 39, 0, 0, 0.14%, 8, 0, 10, 75.60
1734363506, 119, 38, 39, 0, 0, 0.14%, 8, 0, 10, 65.86
1734363541, 120, 38, 39, 0, 0, 0.14%, 8, 0, 10, 55.46
1734363577, 121, 38, 39, 0, 0, 0.14%, 8, 0, 10, 71.76
1734363612, 122, 38, 39, 0, 0, 0.14%, 8, 0, 10, 73.10
1734363643, 123, 24, 39, 0, 0, 0.14%, 8, 0, 10, 56.64
1734363678, 123, 38, 39, 0, 0, 0.14%, 8, 0, 10, 73.02
1734363699, 124, 38, 39, 0, 0, 0.14%, 8, 0, 10, 67.37
1734363714, 125, 19, 39, 0, 0, 0.14%, 8, 0, 10, 67.74
1734363739, 125, 38, 39, 0, 0, 0.14%, 8, 0, 10, 67.54
1734363760, 126, 38, 39, 0, 0, 0.14%, 8, 0, 10, 72.41
1734363775, 127, 38, 39, 0, 0, 0.14%, 8, 0, 10, 62.19
1734363795, 128, 24, 39, 0, 0, 0.14%, 8, 0, 10, 59.74
1734363831, 132, 24, 39, 0, 0, 0.14%, 8, 0, 10, 64.47
1734363871, 139, 26, 39, 0, 0, 0.14%, 8, 0, 10, 72.02
1734363928, 140, 25, 39, 0, 0, 0.14%, 8, 0, 10, 68.92
1734363948, 156, 25, 39, 0, 0, 0.14%, 8, 0, 10, 64.89
1734363983, 159, 24, 39, 0, 0, 0.14%, 8, 0, 10, 61.88
1734364024, 160, 24, 39, 0, 0, 0.14%, 8, 0, 10, 56.04
1734364065, 164, 23, 39, 0, 0, 0.14%, 8, 0, 10, 71.15
1734364085, 169, 24, 39, 0, 0, 0.14%, 8, 0, 10, 58.17
1734364125, 171, 24, 39, 0, 0, 0.14%, 8, 0, 10, 55.74
1734364151, 171, 24, 40, 1, 0, 0.14%, 8, 0, 10, 62.82
1734364166, 171, 39, 40, 1, 1, 0.14%, 8, 0, 10, 85.54
1734364370, 171, 39, 41, 2, 1, 0.14%, 8, 0, 10, 79.25
1734364451, 173, 40, 41, 0, 0, 0.14%, 8, 0, 10, 104.58
1734364690, 179, 40, 41, 0, 0, 0.14%, 8, 0, 10, 75.52
1734364726, 180, 40, 41, 0, 0, 0.14%, 8, 0, 10, 74.84
1734364761, 181, 40, 41, 0, 0, 0.14%, 8, 0, 10, 76.84
1734364797, 182, 40, 41, 0, 0, 0.14%, 8, 0, 10, 75.89
1734364827, 183, 23, 41, 0, 0, 0.14%, 8, 0, 10, 63.24
1734364863, 183, 25, 41, 0, 0, 0.14%, 8, 0, 10, 63.94
1734364899, 183, 40, 41, 0, 0, 0.14%, 8, 0, 10, 71.79
1734364934, 184, 40, 41, 0, 0, 0.14%, 8, 0, 10, 70.01
1734364970, 185, 23, 41, 0, 0, 0.14%, 8, 0, 10, 55.66
1734365010, 185, 26, 41, 0, 0, 0.14%, 8, 0, 10, 62.39
1734365025, 185, 40, 41, 0, 0, 0.14%, 8, 0, 10, 62.85
1734365061, 186, 40, 41, 0, 0, 0.14%, 8, 0, 10, 77.41
1734365092, 188, 15, 41, 0, 0, 0.14%, 8, 0, 10, 70.13
1734365158, 189, 25, 41, 0, 0, 0.14%, 8, 0, 10, 68.32
1734365193, 195, 26, 41, 0, 0, 0.14%, 8, 0, 10, 61.39
1734365234, 196, 23, 41, 0, 0, 0.14%, 8, 0, 10, 59.18
1734365269, 196, 26, 41, 0, 0, 0.14%, 8, 0, 10, 63.56
1734365310, 196, 33, 41, 0, 0, 0.14%, 8, 0, 10, 78.41
1734365335, 198, 22, 41, 0, 0, 0.14%, 8, 0, 10, 70.03
1734365350, 202, 28, 41, 0, 0, 0.14%, 8, 0, 10, 85.24
1734365401, 203, 23, 41, 0, 0, 0.14%, 8, 0, 10, 59.08
1734365442, 204, 15, 41, 0, 0, 0.14%, 8, 0, 10, 59.74
1734365457, 207, 28, 41, 0, 0, 0.14%, 8, 0, 10, 60.23
1734365497, 211, 23, 41, 0, 0, 0.14%, 8, 0, 10, 71.08
1734365528, 211, 25, 41, 0, 0, 0.14%, 8, 0, 10, 73.17
1734365563, 212, 10, 41, 0, 0, 0.14%, 8, 0, 10, 70.78
1734365574, 212, 28, 41, 0, 0, 0.14%, 8, 0, 10, 63.19
1734365609, 214, 28, 41, 0, 0, 0.14%, 8, 0, 10, 63.97
1734365640, 215, 31, 41, 0, 0, 0.14%, 8, 0, 10, 69.80
1734366007, 217, 26, 41, 0, 0, 0.14%, 8, 0, 10, 60.31
1734366042, 218, 23, 41, 0, 0, 0.14%, 8, 0, 10, 67.12
1734366073, 219, 26, 41, 0, 0, 0.14%, 8, 0, 10, 60.72
1734366113, 219, 28, 41, 0, 0, 0.14%, 8, 0, 10, 65.15
1734366149, 221, 22, 41, 0, 0, 0.14%, 8, 0, 10, 69.23
1734366179, 222, 24, 41, 0, 0, 0.14%, 8, 0, 10, 61.12
1734366220, 223, 24, 41, 0, 0, 0.14%, 8, 0, 10, 62.69
1734366260, 226, 20, 41, 0, 0, 0.14%, 8, 0, 10, 69.06
1734366276, 227, 25, 41, 0, 0, 0.14%, 8, 0, 10, 68.36
1734366311, 228, 15, 41, 0, 0, 0.14%, 8, 0, 10, 58.92
1734366347, 228, 27, 41, 0, 0, 0.14%, 8, 0, 10, 64.00
1734366367, 230, 23, 41, 0, 0, 0.14%, 8, 0, 10, 68.21
1734366398, 232, 15, 41, 0, 0, 0.14%, 8, 0, 10, 61.71
1734366438, 236, 18, 41, 0, 0, 0.14%, 8, 0, 10, 67.91
1734366509, 240, 33, 41, 0, 0, 0.14%, 8, 0, 10, 72.87
1734366545, 242, 20, 41, 0, 0, 0.14%, 8, 0, 10, 63.57
1734366585, 242, 28, 41, 0, 0, 0.14%, 8, 0, 10, 60.79
1734366615, 242, 34, 41, 0, 0, 0.14%, 8, 0, 10, 63.66
1734366641, 243, 15, 41, 0, 0, 0.14%, 8, 0, 10, 59.94
1734366676, 243, 34, 41, 0, 0, 0.14%, 8, 0, 10, 73.03
1734366707, 246, 22, 41, 0, 0, 0.14%, 8, 0, 10, 76.34
1734366742, 252, 24, 41, 0, 0, 0.14%, 8, 0, 10, 63.68
1734366783, 254, 28, 41, 0, 0, 0.14%, 8, 0, 10, 60.85
1734366819, 256, 26, 41, 0, 0, 0.14%, 8, 0, 10, 62.57
1734366854, 256, 34, 41, 0, 0, 0.14%, 8, 0, 10, 75.61
1734366890, 258, 15, 41, 0, 0, 0.14%, 8, 0, 10, 60.12
1734366925, 261, 20, 41, 0, 0, 0.14%, 8, 0, 10, 65.03
1734366960, 261, 24, 41, 0, 0, 0.14%, 8, 0, 10, 53.70
1734366996, 263, 22, 41, 0, 0, 0.14%, 8, 0, 10, 64.80
1734367031, 264, 13, 41, 0, 0, 0.14%, 8, 0, 10, 65.03
1734367052, 264, 27, 41, 0, 0, 0.14%, 8, 0, 10, 65.17
1734367087, 266, 18, 41, 0, 0, 0.14%, 8, 0, 10, 64.72
1734367103, 266, 32, 41, 0, 0, 0.14%, 8, 0, 10, 85.86
1734367230, 266, 34, 41, 0, 0, 0.14%, 8, 0, 10, 82.99
1734367261, 267, 13, 41, 0, 0, 0.14%, 8, 0, 10, 66.87
1734367296, 269, 26, 41, 0, 0, 0.14%, 8, 0, 10, 66.42
1734367332, 269, 34, 41, 0, 0, 0.14%, 8, 0, 10, 81.54
1734367367, 273, 10, 41, 0, 0, 0.14%, 8, 0, 10, 56.01
1734367388, 273, 15, 41, 0, 0, 0.14%, 8, 0, 10, 58.62
1734367423, 273, 34, 41, 0, 0, 0.14%, 8, 0, 10, 70.71
1734367453, 274, 17, 41, 0, 0, 0.14%, 8, 0, 10, 70.51
1734367530, 276, 25, 41, 0, 0, 0.14%, 8, 0, 10, 70.27
1734367565, 276, 34, 41, 0, 0, 0.14%, 8, 0, 10, 70.28
1734367601, 278, 28, 41, 0, 0, 0.14%, 8, 0, 10, 62.78
1734367631, 279, 17, 41, 0, 0, 0.14%, 8, 0, 10, 67.52
1734367647, 279, 39, 41, 0, 0, 0.14%, 8, 0, 10, 62.88
1734367672, 280, 10, 41, 0, 0, 0.14%, 8, 0, 10, 61.89
1734367713, 284, 27, 41, 0, 0, 0.14%, 8, 0, 10, 65.85
1734367748, 285, 25, 41, 0, 0, 0.14%, 8, 0, 10, 61.64
1734367784, 285, 29, 41, 0, 0, 0.14%, 8, 0, 10, 75.81
1734367850, 286, 13, 41, 0, 0, 0.14%, 8, 0, 10, 63.40
1734367880, 286, 39, 41, 0, 0, 0.14%, 8, 0, 10, 74.53
1734367916, 289, 18, 41, 0, 0, 0.14%, 8, 0, 10, 58.15
1734367956, 290, 20, 41, 0, 0, 0.14%, 8, 0, 10, 63.28
1734367992, 291, 31, 41, 0, 0, 0.14%, 8, 0, 10, 67.85
1734368012, 292, 10, 41, 0, 0, 0.14%, 8, 0, 10, 58.05
1734368047, 292, 17, 41, 0, 0, 0.14%, 8, 0, 10, 62.21
1734368083, 295, 11, 41, 0, 0, 0.14%, 8, 0, 10, 69.42
1734368113, 295, 25, 41, 0, 0, 0.14%, 8, 0, 10, 73.06
1734368144, 295, 31, 41, 0, 0, 0.14%, 8, 0, 10, 64.34
1734368184, 296, 18, 41, 0, 0, 0.14%, 8, 0, 10, 57.19
1734368220, 296, 31, 41, 0, 0, 0.14%, 8, 0, 10, 64.80
1734368255, 297, 27, 41, 0, 0, 0.14%, 8, 0, 10, 57.24
1734368291, 297, 39, 41, 0, 0, 0.14%, 8, 0, 10, 76.29
1734368327, 298, 18, 41, 0, 0, 0.14%, 8, 0, 10, 60.64
1734368362, 299, 13, 41, 0, 0, 0.14%, 8, 0, 10, 63.90
1734368393, 299, 16, 41, 0, 0, 0.14%, 8, 0, 10, 72.98
1734368449, 299, 18, 41, 0, 0, 0.14%, 8, 0, 10, 68.37
1734368484, 301, 16, 41, 0, 0, 0.14%, 8, 0, 10, 66.62
1734368520, 301, 20, 41, 0, 0, 0.14%, 8, 0, 10, 64.00
1734368556, 302, 31, 41, 0, 0, 0.14%, 8, 0, 10, 71.77
1734368591, 304, 13, 41, 0, 0, 0.14%, 8, 0, 10, 59.13
1734368622, 304, 22, 41, 0, 0, 0.14%, 8, 0, 10, 69.77
1734368657, 305, 34, 41, 0, 0, 0.14%, 8, 0, 10, 72.45
1734368687, 306, 13, 41, 0, 0, 0.14%, 8, 0, 10, 72.58
1734368728, 306, 39, 41, 0, 0, 0.14%, 8, 0, 10, 75.83
1734368759, 308, 10, 41, 0, 0, 0.14%, 8, 0, 10, 59.36
1734368799, 309, 29, 41, 0, 0, 0.14%, 8, 0, 10, 66.24
1734368830, 312, 27, 41, 0, 0, 0.14%, 8, 0, 10, 64.97
1734368866, 313, 10, 41, 0, 0, 0.14%, 8, 0, 10, 66.57
1734368901, 316, 13, 41, 0, 0, 0.14%, 8, 0, 10, 65.78
1734368937, 319, 14, 41, 0, 0, 0.14%, 8, 0, 10, 58.73
1734369023, 319, 27, 41, 0, 0, 0.14%, 8, 0, 10, 62.83
1734369059, 320, 27, 41, 0, 0, 0.14%, 8, 0, 10, 67.46
1734369094, 323, 31, 41, 0, 0, 0.14%, 8, 0, 10, 70.33
1734369130, 324, 11, 41, 0, 0, 0.14%, 8, 0, 10, 66.06
1734369150, 325, 16, 41, 0, 0, 0.14%, 8, 0, 10, 63.15
1734369181, 326, 14, 41, 0, 0, 0.14%, 8, 0, 10, 62.48
1734369211, 326, 33, 41, 0, 0, 0.14%, 8, 0, 10, 72.76
1734369241, 328, 18, 41, 0, 0, 0.14%, 8, 0, 10, 67.18
1734369277, 329, 13, 41, 0, 0, 0.14%, 8, 0, 10, 66.81
1734369312, 332, 11, 41, 0, 0, 0.14%, 8, 0, 10, 61.81
1734369348, 332, 22, 41, 0, 0, 0.14%, 8, 0, 10, 65.00
1734369383, 334, 22, 41, 0, 0, 0.14%, 8, 0, 10, 59.94
1734369419, 335, 22, 41, 0, 0, 0.14%, 8, 0, 10, 65.43
1734369454, 336, 29, 41, 0, 0, 0.14%, 8, 0, 10, 65.42
1734369485, 337, 10, 41, 0, 0, 0.14%, 8, 0, 10, 65.47
1734369525, 337, 14, 41, 0, 0, 0.14%, 8, 0, 10, 56.80
1734369566, 338, 33, 41, 0, 0, 0.14%, 8, 0, 10, 76.95
1734369601, 340, 33, 41, 0, 0, 0.14%, 8, 0, 10, 73.72
1734369632, 342, 10, 41, 0, 0, 0.14%, 8, 0, 10, 64.98
1734369667, 343, 29, 41, 0, 0, 0.14%, 8, 0, 10, 66.13
1734369703, 344, 28, 41, 0, 0, 0.14%, 8, 0, 10, 66.24
1734369743, 344, 35, 41, 0, 0, 0.14%, 8, 0, 10, 77.42
1734369774, 346, 10, 41, 0, 0, 0.14%, 8, 0, 10, 64.72
1734369814, 347, 11, 41, 0, 0, 0.14%, 8, 0, 10, 61.60
1734369850, 348, 14, 41, 0, 0, 0.14%, 8, 0, 10, 58.14
1734369880, 353, 35, 41, 0, 0, 0.14%, 8, 0, 10, 80.13
1734369911, 354, 21, 41, 0, 0, 0.14%, 8, 0, 10, 68.43
1734369931, 355, 11, 41, 0, 0, 0.14%, 8, 0, 10, 59.51
1734369966, 360, 14, 41, 0, 0, 0.14%, 8, 0, 10, 62.56
1734370002, 364, 17, 41, 0, 0, 0.14%, 8, 0, 10, 61.70
1734370037, 366, 17, 41, 0, 0, 0.14%, 8, 0, 10, 58.52
1734370073, 368, 12, 41, 0, 0, 0.14%, 8, 0, 10, 54.03
1734370083, 370, 29, 41, 0, 0, 0.14%, 8, 0, 10, 57.87
1734370113, 374, 12, 41, 0, 0, 0.14%, 8, 0, 10, 57.70
1734370129, 375, 17, 41, 0, 0, 0.14%, 8, 0, 10, 61.92
1734370164, 375, 30, 41, 0, 0, 0.14%, 8, 0, 10, 68.82
1734370180, 377, 12, 41, 0, 0, 0.14%, 8, 0, 10, 61.08
1734370210, 380, 21, 41, 0, 0, 0.14%, 8, 0, 10, 62.38
1734370251, 381, 16, 41, 0, 0, 0.14%, 8, 0, 10, 62.37
1734370286, 381, 21, 41, 0, 0, 0.14%, 8, 0, 10, 68.04
1734370321, 381, 29, 41, 0, 0, 0.14%, 8, 0, 10, 63.87
1734370356, 382, 32, 41, 0, 0, 0.14%, 8, 0, 10, 75.23
1734370382, 384, 17, 41, 0, 0, 0.14%, 8, 0, 10, 61.45
1734370417, 387, 27, 41, 0, 0, 0.14%, 8, 0, 10, 64.56
1734370453, 391, 27, 41, 0, 0, 0.14%, 8, 0, 10, 66.83
1734370488, 392, 12, 41, 0, 0, 0.14%, 8, 0, 10, 60.83
1734370519, 397, 30, 41, 0, 0, 0.14%, 8, 0, 10, 67.52
1734370554, 399, 12, 41, 0, 0, 0.14%, 8, 0, 10, 61.18
1734370585, 399, 14, 41, 0, 0, 0.14%, 8, 0, 10, 68.77
1734370625, 399, 39, 41, 0, 0, 0.14%, 8, 0, 10, 63.02
1734370661, 402, 39, 41, 0, 0, 0.14%, 8, 0, 10, 75.69
1734370697, 404, 12, 41, 0, 0, 0.14%, 8, 0, 10, 60.65
1734370722, 404, 30, 41, 0, 0, 0.14%, 8, 0, 10, 69.50
1734370758, 409, 27, 41, 0, 0, 0.14%, 8, 0, 10, 59.91
1734370793, 414, 27, 41, 0, 0, 0.14%, 8, 0, 10, 68.90
1734370829, 417, 16, 41, 0, 0, 0.14%, 8, 0, 10, 63.37
1734370864, 417, 29, 41, 0, 0, 0.14%, 8, 0, 10, 62.87
1734370895, 424, 32, 41, 0, 0, 0.14%, 8, 0, 10, 64.44
1734370925, 426, 30, 41, 0, 0, 0.14%, 8, 0, 10, 76.56
1734370960, 428, 30, 41, 0, 0, 0.14%, 8, 0, 10, 62.58
1734371001, 429, 27, 41, 0, 0, 0.14%, 8, 0, 10, 61.09
1734371017, 429, 39, 41, 0, 0, 0.14%, 8, 0, 10, 65.67
1734371052, 438, 32, 41, 0, 0, 0.14%, 8, 0, 10, 72.08
1734371088, 441, 16, 41, 0, 0, 0.14%, 8, 0, 10, 64.22
1734371123, 441, 27, 41, 0, 0, 0.14%, 8, 0, 10, 59.58
1734371139, 448, 16, 41, 0, 0, 0.14%, 8, 0, 10, 61.43
1734371169, 448, 35, 41, 0, 0, 0.14%, 8, 0, 10, 61.62
1734371205, 449, 32, 41, 0, 0, 0.14%, 8, 0, 10, 74.36
1734371236, 450, 30, 41, 0, 0, 0.14%, 8, 0, 10, 66.52
1734371271, 451, 27, 41, 0, 0, 0.14%, 8, 0, 10, 62.85
1734371282, 465, 27, 41, 0, 0, 0.14%, 8, 0, 10, 68.67
1734371292, 469, 32, 41, 0, 0, 0.14%, 8, 0, 10, 72.27
1734371322, 469, 35, 41, 0, 0, 0.14%, 8, 0, 10, 77.16
1734371353, 475, 30, 41, 0, 0, 0.14%, 8, 0, 10, 63.05
1734371393, 480, 27, 41, 0, 0, 0.14%, 8, 0, 10, 61.68
1734371398, 497, 27, 41, 0, 0, 0.14%, 8, 0, 10, 60.75
1734371404, 500, 32, 41, 0, 0, 0.14%, 8, 0, 10, 69.33
1734371434, 501, 35, 41, 0, 0, 0.14%, 8, 0, 10, 80.25
1734371464, 533, 27, 41, 0, 0, 0.14%, 8, 0, 10, 67.08
1734371469, 554, 32, 41, 0, 0, 0.14%, 8, 0, 10, 68.96
1734371495, 558, 27, 41, 0, 0, 0.14%, 8, 0, 10, 65.70
1734371500, 566, 27, 41, 0, 0, 0.14%, 8, 0, 10, 61.67
1734371505, 573, 27, 41, 0, 0, 0.14%, 8, 0, 10, 67.13
1734371510, 579, 27, 41, 0, 0, 0.14%, 8, 0, 10, 61.72
1734371515, 590, 32, 41, 0, 0, 0.14%, 8, 0, 10, 69.27
1734371550, 594, 27, 41, 0, 0, 0.14%, 8, 0, 10, 60.56
1734371555, 613, 27, 41, 0, 0, 0.14%, 8, 0, 10, 66.60
1734371561, 644, 27, 41, 0, 0, 0.14%, 8, 0, 10, 65.86
1734371566, 717, 27, 41, 0, 0, 0.14%, 8, 0, 10, 67.17
1734371571, 814, 27, 41, 0, 0, 0.14%, 8, 0, 10, 66.49
1734371576, 818, 27, 41, 0, 0, 0.14%, 8, 0, 10, 69.30
1734371581, 837, 27, 41, 0, 0, 0.14%, 8, 0, 10, 64.38
1734371586, 1969, 0, 41, 0, 0, 0.14%, 8, 0, 10, 0.00
1734371591, 23689, 0, 41, 0, 0, 0.14%, 8, 0, 10, 0.00
1734371596, 46061, 0, 41, 0, 0, 0.14%, 8, 0, 10, 0.00
1734371601, 68500, 0, 41, 0, 0, 0.14%, 8, 0, 10, 0.00
1734371607, 90147, 0, 41, 0, 0, 0.14%, 8, 0, 10, 0.00
1734371612, 111689, 0, 41, 0, 0, 0.14%, 8, 0, 10, 0.00
1734371617, 133928, 0, 41, 0, 0, 0.14%, 8, 0, 10, 0.00
1734371622, 155727, 0, 41, 0, 0, 0.14%, 8, 0, 10, 0.00
1734371627, 177241, 0, 41, 0, 0, 0.14%, 8, 0, 10, 0.00
1734371633, 198891, 0, 41, 0, 0, 0.14%, 8, 0, 10, 0.00
1734371638, 220406, 0, 41, 0, 0, 0.14%, 8, 0, 10, 0.00
1734371643, 242761, 0, 41, 0, 0, 0.14%, 8, 0, 10, 0.00
1734371648, 265101, 0, 41, 0, 0, 0.14%, 8, 0, 10, 0.00
1734371653, 286716, 0, 41, 0, 0, 0.14%, 8, 0, 10, 0.00
1734371659, 308245, 0, 41, 0, 0, 0.14%, 8, 0, 10, 0.00
1734371664, 329914, 0, 41, 0, 0, 0.14%, 8, 0, 10, 0.00
1734371669, 352237, 0, 41, 0, 0, 0.14%, 8, 0, 10, 0.00
1734371674, 373944, 0, 41, 0, 0, 0.14%, 8, 0, 10, 0.00
1734371679, 395561, 0, 41, 0, 0, 0.14%, 8, 0, 10, 0.00
1734371685, 417083, 0, 41, 0, 0, 0.14%, 8, 0, 10, 0.00
1734371690, 439523, 0, 41, 0, 0, 0.14%, 8, 0, 10, 0.00
1734371695, 461991, 0, 41, 0, 0, 0.14%, 8, 0, 10, 0.00
1734371700, 483544, 0, 41, 0, 0, 0.14%, 8, 0, 10, 0.00
1734371705, 505152, 0, 41, 0, 0, 0.14%, 8, 0, 10, 0.00
1734371711, 527637, 0, 41, 0, 0, 0.14%, 8, 0, 10, 0.00
1734371716, 549212, 0, 41, 0, 0, 0.14%, 8, 0, 10, 0.00
1734371721, 570802, 0, 41, 0, 0, 0.14%, 8, 0, 10, 0.00
1734371726, 592433, 0, 41, 0, 0, 0.14%, 8, 0, 10, 0.00
1734371731, 614434, 0, 41, 0, 0, 0.14%, 8, 0, 10, 0.00
1734371737, 635633, 0, 41, 0, 0, 0.14%, 8, 0, 10, 0.00
1734371742, 658699, 0, 41, 0, 0, 0.14%, 8, 0, 10, 0.00
1734371747, 680308, 0, 41, 0, 0, 0.14%, 8, 0, 10, 0.00
1734371752, 701936, 0, 41, 0, 0, 0.14%, 8, 0, 10, 0.00
1734371757, 724373, 0, 41, 0, 0, 0.14%, 8, 0, 10, 0.00
1734371763, 746030, 0, 41, 0, 0, 0.14%, 8, 0, 10, 0.00
1734371768, 766724, 0, 41, 0, 0, 0.14%, 8, 0, 10, 0.00
1734371773, 788352, 0, 41, 0, 0, 0.14%, 8, 0, 10, 0.00
1734371778, 810005, 0, 41, 0, 0, 0.14%, 8, 0, 10, 0.00
1734371783, 831762, 0, 41, 0, 0, 0.14%, 8, 0, 10, 0.00
1734371789, 853975, 0, 41, 0, 0, 0.14%, 8, 0, 10, 0.00
1734371794, 876329, 0, 41, 0, 0, 0.14%, 8, 0, 10, 0.00
1734371799, 897785, 0, 41, 0, 0, 0.14%, 8, 0, 10, 0.00
1734371804, 919541, 0, 41, 0, 0, 0.14%, 8, 0, 10, 0.00
1734371809, 942033, 0, 41, 0, 0, 0.14%, 8, 0, 10, 0.00
1734371815, 963743, 0, 41, 0, 0, 0.14%, 8, 0, 10, 0.00
1734371820, 985454, 0, 41, 0, 0, 0.14%, 8, 0, 10, 0.00
