# unix_time, cycles_done, cur_path, paths_total, pending_total, pending_favs, map_size, unique_crashes, unique_hangs, max_depth, execs_per_sec
1735212031, 0, 0, 10, 10, 1, 0.01%, 0, 0, 1, 38.24
1735212037, 0, 1, 10, 10, 1, 0.01%, 0, 0, 1, 38.88
1735212052, 0, 9, 10, 2, 0, 0.01%, 0, 0, 1, 44.01
1735212057, 1, 0, 10, 1, 0, 0.01%, 0, 0, 1, 45.61
1735212062, 1, 1, 10, 0, 0, 0.01%, 0, 0, 1, 46.32
1735212067, 1, 2, 10, 0, 0, 0.01%, 0, 0, 1, 46.28
1735212072, 1, 3, 10, 0, 0, 0.01%, 0, 0, 1, 46.96
1735212077, 1, 4, 10, 0, 0, 0.01%, 0, 0, 1, 44.92
1735212082, 1, 5, 10, 0, 0, 0.01%, 0, 0, 1, 45.77
1735212087, 1, 6, 10, 0, 0, 0.01%, 0, 0, 1, 43.60
1735212093, 1, 7, 10, 0, 0, 0.01%, 0, 0, 1, 45.10
1735212098, 1, 8, 10, 0, 0, 0.01%, 0, 0, 1, 47.20
1735212103, 1, 9, 10, 0, 0, 0.01%, 0, 0, 1, 47.14
1735212108, 2, 0, 10, 0, 0, 0.01%, 0, 0, 1, 45.80
1735212113, 2, 1, 10, 0, 0, 0.01%, 0, 0, 1, 46.08
1735212123, 2, 2, 10, 0, 0, 0.01%, 0, 0, 1, 47.21
1735212128, 2, 3, 10, 0, 0, 0.01%, 0, 0, 1, 44.62
1735212133, 2, 4, 10, 0, 0, 0.01%, 0, 0, 1, 45.32
1735212138, 2, 5, 10, 0, 0, 0.01%, 0, 0, 1, 45.31
1735212143, 2, 6, 10, 0, 0, 0.01%, 0, 0, 1, 45.39
1735212148, 2, 7, 10, 0, 0, 0.01%, 0, 0, 1, 49.02
1735212153, 2, 8, 10, 0, 0, 0.01%, 0, 0, 1, 44.86
1735212158, 2, 9, 10, 0, 0, 0.01%, 0, 0, 1, 46.12
1735212163, 3, 0, 10, 0, 0, 0.01%, 0, 0, 1, 45.68
1735212169, 3, 1, 10, 0, 0, 0.01%, 0, 0, 1, 45.90
1735212179, 3, 2, 10, 0, 0, 0.01%, 0, 0, 1, 46.71
1735212184, 3, 3, 10, 0, 0, 0.01%, 0, 0, 1, 44.42
1735212189, 3, 4, 10, 0, 0, 0.01%, 0, 0, 1, 44.91
1735212194, 3, 5, 10, 0, 0, 0.01%, 0, 0, 1, 45.99
1735212199, 3, 6, 10, 0, 0, 0.01%, 0, 0, 1, 45.70
1735212204, 3, 7, 10, 0, 0, 0.01%, 0, 0, 1, 46.61
1735212209, 3, 8, 10, 0, 0, 0.01%, 0, 0, 1, 45.88
1735212214, 3, 9, 10, 0, 0, 0.01%, 0, 0, 1, 44.71
1735212219, 4, 0, 10, 0, 0, 0.01%, 0, 0, 1, 45.35
1735212229, 4, 1, 10, 0, 0, 0.01%, 0, 0, 1, 46.67
1735212234, 4, 2, 10, 0, 0, 0.01%, 0, 0, 1, 46.35
1735212239, 4, 3, 10, 0, 0, 0.01%, 0, 0, 1, 45.93
1735212244, 4, 4, 10, 0, 0, 0.01%, 0, 0, 1, 43.71
1735212249, 4, 5, 10, 0, 0, 0.01%, 0, 0, 1, 46.10
1735212255, 4, 6, 10, 0, 0, 0.01%, 0, 0, 1, 46.09
1735212260, 4, 7, 10, 0, 0, 0.01%, 0, 0, 1, 47.64
1735212265, 4, 8, 10, 0, 0, 0.01%, 0, 0, 1, 46.79
1735212270, 4, 9, 10, 0, 0, 0.01%, 0, 0, 1, 47.03
1735212275, 5, 0, 10, 0, 0, 0.01%, 0, 0, 1, 45.26
1735212285, 5, 1, 10, 0, 0, 0.01%, 0, 0, 1, 47.28
1735212290, 5, 2, 10, 0, 0, 0.01%, 0, 0, 1, 48.82
1735212295, 5, 3, 10, 0, 0, 0.01%, 0, 0, 1, 46.53
1735212300, 5, 4, 10, 0, 0, 0.01%, 0, 0, 1, 47.04
1735212305, 5, 5, 10, 0, 0, 0.01%, 0, 0, 1, 45.28
1735212310, 5, 6, 10, 0, 0, 0.01%, 0, 0, 1, 46.35
1735212315, 5, 7, 10, 0, 0, 0.01%, 0, 0, 1, 46.96
1735212320, 5, 8, 10, 0, 0, 0.01%, 0, 0, 1, 47.86
1735212325, 5, 9, 10, 0, 0, 0.01%, 0, 0, 1, 46.08
1735212330, 6, 0, 10, 0, 0, 0.01%, 0, 0, 1, 46.26
1735212335, 6, 1, 10, 0, 0, 0.01%, 0, 0, 1, 44.78
1735212345, 6, 2, 10, 0, 0, 0.01%, 0, 0, 1, 46.56
1735212350, 6, 3, 10, 0, 0, 0.01%, 0, 0, 1, 47.25
1735212356, 6, 4, 10, 0, 0, 0.01%, 0, 0, 1, 47.32
1735212361, 6, 5, 10, 0, 0, 0.01%, 0, 0, 1, 44.30
1735212366, 6, 6, 10, 0, 0, 0.01%, 0, 0, 1, 46.28
1735212371, 6, 7, 10, 0, 0, 0.01%, 0, 0, 1, 46.98
1735212376, 6, 8, 10, 0, 0, 0.01%, 0, 0, 1, 44.63
1735212381, 6, 9, 10, 0, 0, 0.01%, 0, 0, 1, 44.34
1735212391, 7, 0, 10, 0, 0, 0.01%, 0, 0, 1, 46.79
1735212396, 7, 1, 10, 0, 0, 0.01%, 0, 0, 1, 45.73
1735212401, 7, 2, 10, 0, 0, 0.01%, 0, 0, 1, 47.78
1735212406, 7, 3, 10, 0, 0, 0.01%, 0, 0, 1, 46.18
1735212411, 7, 4, 10, 0, 0, 0.01%, 0, 0, 1, 44.63
1735212416, 7, 5, 10, 0, 0, 0.01%, 0, 0, 1, 43.23
1735212421, 7, 6, 10, 0, 0, 0.01%, 0, 0, 1, 45.82
1735212426, 7, 7, 10, 0, 0, 0.01%, 0, 0, 1, 45.64
1735212431, 7, 8, 10, 0, 0, 0.01%, 0, 0, 1, 44.74
1735212437, 7, 9, 10, 0, 0, 0.01%, 0, 0, 1, 46.06
1735212447, 8, 0, 10, 0, 0, 0.01%, 0, 0, 1, 44.92
1735212452, 8, 1, 10, 0, 0, 0.01%, 0, 0, 1, 47.18
1735212457, 8, 2, 10, 0, 0, 0.01%, 0, 0, 1, 45.34
1735212462, 8, 3, 10, 0, 0, 0.01%, 0, 0, 1, 45.05
1735212467, 8, 4, 10, 0, 0, 0.01%, 0, 0, 1, 45.66
1735212472, 8, 5, 10, 0, 0, 0.01%, 0, 0, 1, 47.45
1735212477, 8, 6, 10, 0, 0, 0.01%, 0, 0, 1, 44.26
1735212482, 8, 7, 10, 0, 0, 0.01%, 0, 0, 1, 45.25
1735212487, 8, 8, 10, 0, 0, 0.01%, 0, 0, 1, 46.94
1735212497, 8, 9, 10, 0, 0, 0.01%, 0, 0, 1, 47.67
1735212502, 9, 0, 10, 0, 0, 0.01%, 0, 0, 1, 44.96
1735212507, 9, 1, 10, 0, 0, 0.01%, 0, 0, 1, 49.12
1735212512, 9, 2, 10, 0, 0, 0.01%, 0, 0, 1, 45.73
1735212518, 9, 3, 10, 0, 0, 0.01%, 0, 0, 1, 47.80
1735212523, 9, 4, 10, 0, 0, 0.01%, 0, 0, 1, 46.69
1735212528, 9, 5, 10, 0, 0, 0.01%, 0, 0, 1, 44.96
1735212533, 9, 6, 10, 0, 0, 0.01%, 0, 0, 1, 47.47
1735212538, 9, 7, 10, 0, 0, 0.01%, 0, 0, 1, 46.38
1735212543, 9, 8, 10, 0, 0, 0.01%, 0, 0, 1, 46.57
1735212548, 9, 9, 10, 0, 0, 0.01%, 0, 0, 1, 45.93
1735212558, 10, 0, 10, 0, 0, 0.01%, 0, 0, 1, 45.17
1735212563, 10, 1, 10, 0, 0, 0.01%, 0, 0, 1, 49.01
1735212568, 10, 2, 10, 0, 0, 0.01%, 0, 0, 1, 45.82
1735212573, 10, 3, 10, 0, 0, 0.01%, 0, 0, 1, 46.25
1735212578, 10, 4, 10, 0, 0, 0.01%, 0, 0, 1, 45.00
1735212584, 10, 5, 10, 0, 0, 0.01%, 0, 0, 1, 45.30
1735212589, 10, 6, 10, 0, 0, 0.01%, 0, 0, 1, 45.15
1735212594, 10, 7, 10, 0, 0, 0.01%, 0, 0, 1, 45.95
1735212599, 10, 8, 10, 0, 0, 0.01%, 0, 0, 1, 45.30
1735212604, 10, 9, 10, 0, 0, 0.01%, 0, 0, 1, 47.61
1735212609, 11, 0, 10, 0, 0, 0.01%, 0, 0, 1, 45.71
1735212619, 11, 1, 10, 0, 0, 0.01%, 0, 0, 1, 44.22
1735212624, 11, 2, 10, 0, 0, 0.01%, 0, 0, 1, 43.48
1735212629, 11, 3, 10, 0, 0, 0.01%, 0, 0, 1, 44.81
1735212634, 11, 4, 10, 0, 0, 0.01%, 0, 0, 1, 49.03
1735212639, 11, 5, 10, 0, 0, 0.01%, 0, 0, 1, 50.37
1735212644, 11, 6, 10, 0, 0, 0.01%, 0, 0, 1, 51.54
1735212649, 11, 7, 10, 0, 0, 0.01%, 0, 0, 1, 49.73
1735212654, 11, 8, 10, 0, 0, 0.01%, 0, 0, 1, 47.59
1735212660, 11, 9, 10, 0, 0, 0.01%, 0, 0, 1, 46.35
1735212665, 12, 0, 10, 0, 0, 0.01%, 0, 0, 1, 48.71
1735212670, 12, 1, 10, 0, 0, 0.01%, 0, 0, 1, 47.98
1735212675, 12, 2, 10, 0, 0, 0.01%, 0, 0, 1, 46.44
1735212680, 12, 3, 10, 0, 0, 0.01%, 0, 0, 1, 48.75
1735212685, 12, 4, 10, 0, 0, 0.01%, 0, 0, 1, 48.17
1735212690, 12, 5, 10, 0, 0, 0.01%, 0, 0, 1, 47.60
1735212695, 12, 6, 10, 0, 0, 0.01%, 0, 0, 1, 46.57
1735212700, 12, 7, 10, 0, 0, 0.01%, 0, 0, 1, 49.53
1735212710, 12, 8, 10, 0, 0, 0.01%, 0, 0, 1, 48.83
1735212715, 12, 9, 10, 0, 0, 0.01%, 0, 0, 1, 47.79
1735212720, 13, 0, 10, 0, 0, 0.01%, 0, 0, 1, 48.86
1735212725, 13, 1, 10, 0, 0, 0.01%, 0, 0, 1, 49.62
1735212731, 13, 2, 10, 0, 0, 0.01%, 0, 0, 1, 51.54
1735212736, 13, 3, 10, 0, 0, 0.01%, 0, 0, 1, 48.38
1735212741, 13, 4, 10, 0, 0, 0.01%, 0, 0, 1, 47.15
1735212746, 13, 5, 10, 0, 0, 0.01%, 0, 0, 1, 47.98
1735212751, 13, 6, 10, 0, 0, 0.01%, 0, 0, 1, 47.72
1735212756, 13, 7, 10, 0, 0, 0.01%, 0, 0, 1, 46.29
1735212761, 13, 8, 10, 0, 0, 0.01%, 0, 0, 1, 48.21
1735212766, 13, 9, 10, 0, 0, 0.01%, 0, 0, 1, 46.72
1735212771, 14, 0, 10, 0, 0, 0.01%, 0, 0, 1, 47.30
1735212776, 14, 1, 10, 0, 0, 0.01%, 0, 0, 1, 48.44
1735212781, 14, 2, 10, 0, 0, 0.01%, 0, 0, 1, 47.79
1735212786, 14, 3, 10, 0, 0, 0.01%, 0, 0, 1, 47.79
1735212791, 14, 4, 10, 0, 0, 0.01%, 0, 0, 1, 47.63
1735212796, 14, 5, 10, 0, 0, 0.01%, 0, 0, 1, 46.16
1735212802, 14, 6, 10, 0, 0, 0.01%, 0, 0, 1, 50.97
1735212812, 14, 7, 10, 0, 0, 0.01%, 0, 0, 1, 49.39
1735212817, 14, 8, 10, 0, 0, 0.01%, 0, 0, 1, 45.52
1735212822, 14, 9, 10, 0, 0, 0.01%, 0, 0, 1, 46.12
1735212827, 15, 0, 10, 0, 0, 0.01%, 0, 0, 1, 46.24
1735212832, 15, 1, 10, 0, 0, 0.01%, 0, 0, 1, 45.26
1735212837, 15, 2, 10, 0, 0, 0.01%, 0, 0, 1, 44.92
1735212857, 15, 3, 10, 0, 0, 0.01%, 0, 0, 1, 45.10
1735212878, 15, 4, 10, 0, 0, 0.01%, 0, 0, 1, 44.99
1735212898, 15, 5, 10, 0, 0, 0.01%, 0, 0, 1, 45.56
1735212919, 15, 6, 10, 0, 0, 0.01%, 0, 0, 1, 46.87
1735212939, 15, 7, 10, 0, 0, 0.01%, 0, 0, 1, 43.20
1735212959, 15, 8, 10, 0, 0, 0.01%, 0, 0, 1, 43.23
1735212980, 15, 9, 10, 0, 0, 0.01%, 0, 0, 1, 42.16
1735213000, 16, 0, 10, 0, 0, 0.01%, 0, 0, 1, 49.80
1735213005, 16, 1, 10, 0, 0, 0.01%, 0, 0, 1, 48.97
1735213010, 16, 2, 10, 0, 0, 0.01%, 0, 0, 1, 47.59
1735213015, 16, 3, 10, 0, 0, 0.01%, 0, 0, 1, 47.57
1735213020, 16, 4, 10, 0, 0, 0.01%, 0, 0, 1, 51.00
1735213025, 16, 5, 10, 0, 0, 0.01%, 0, 0, 1, 46.64
1735213030, 16, 6, 10, 0, 0, 0.01%, 0, 0, 1, 48.88
1735213035, 16, 7, 10, 0, 0, 0.01%, 0, 0, 1, 48.03
1735213040, 16, 8, 10, 0, 0, 0.01%, 0, 0, 1, 46.41
1735213045, 16, 9, 10, 0, 0, 0.01%, 0, 0, 1, 47.24
1735213050, 17, 0, 10, 0, 0, 0.01%, 0, 0, 1, 49.52
1735213055, 17, 1, 10, 0, 0, 0.01%, 0, 0, 1, 49.67
1735213060, 17, 2, 10, 0, 0, 0.01%, 0, 0, 1, 50.46
1735213065, 17, 3, 10, 0, 0, 0.01%, 0, 0, 1, 48.55
1735213076, 17, 4, 10, 0, 0, 0.01%, 0, 0, 1, 50.13
1735213081, 17, 5, 10, 0, 0, 0.01%, 0, 0, 1, 46.05
1735213086, 17, 6, 10, 0, 0, 0.01%, 0, 0, 1, 47.80
1735213091, 17, 7, 10, 0, 0, 0.01%, 0, 0, 1, 47.92
1735213096, 17, 8, 10, 0, 0, 0.01%, 0, 0, 1, 47.00
1735213101, 17, 9, 10, 0, 0, 0.01%, 0, 0, 1, 47.44
1735213106, 18, 0, 10, 0, 0, 0.01%, 0, 0, 1, 45.45
1735213111, 18, 1, 10, 0, 0, 0.01%, 0, 0, 1, 49.06
1735213116, 18, 2, 10, 0, 0, 0.01%, 0, 0, 1, 45.40
1735213121, 18, 3, 10, 0, 0, 0.01%, 0, 0, 1, 47.94
1735213126, 18, 4, 10, 0, 0, 0.01%, 0, 0, 1, 47.78
1735213131, 18, 5, 10, 0, 0, 0.01%, 0, 0, 1, 47.14
1735213136, 18, 6, 10, 0, 0, 0.01%, 0, 0, 1, 46.99
1735213141, 18, 7, 10, 0, 0, 0.01%, 0, 0, 1, 49.14
1735213147, 18, 8, 10, 0, 0, 0.01%, 0, 0, 1, 46.23
1735213152, 18, 9, 10, 0, 0, 0.01%, 0, 0, 1, 47.21
1735213162, 19, 0, 10, 0, 0, 0.01%, 0, 0, 1, 49.05
1735213167, 19, 1, 10, 0, 0, 0.01%, 0, 0, 1, 49.26
1735213172, 19, 2, 10, 0, 0, 0.01%, 0, 0, 1, 48.80
1735213177, 19, 3, 10, 0, 0, 0.01%, 0, 0, 1, 47.02
1735213182, 19, 4, 10, 0, 0, 0.01%, 0, 0, 1, 49.18
1735213187, 19, 5, 10, 0, 0, 0.01%, 0, 0, 1, 45.68
1735213192, 19, 6, 10, 0, 0, 0.01%, 0, 0, 1, 46.35
1735213197, 19, 7, 10, 0, 0, 0.01%, 0, 0, 1, 48.36
1735213202, 19, 8, 10, 0, 0, 0.01%, 0, 0, 1, 49.06
1735213207, 19, 9, 10, 0, 0, 0.01%, 0, 0, 1, 46.53
1735213212, 20, 0, 10, 0, 0, 0.01%, 0, 0, 1, 46.39
1735213217, 20, 1, 10, 0, 0, 0.01%, 0, 0, 1, 46.85
1735213223, 20, 2, 10, 0, 0, 0.01%, 0, 0, 1, 50.76
1735213228, 20, 3, 10, 0, 0, 0.01%, 0, 0, 1, 47.61
1735213233, 20, 4, 10, 0, 0, 0.01%, 0, 0, 1, 48.51
1735213238, 20, 5, 10, 0, 0, 0.01%, 0, 0, 1, 48.05
1735213243, 20, 6, 10, 0, 0, 0.01%, 0, 0, 1, 48.21
1735213253, 20, 7, 10, 0, 0, 0.01%, 0, 0, 1, 45.51
1735213258, 20, 8, 10, 0, 0, 0.01%, 0, 0, 1, 49.10
1735213263, 20, 9, 10, 0, 0, 0.01%, 0, 0, 1, 47.77
1735213268, 21, 0, 10, 0, 0, 0.01%, 0, 0, 1, 49.28
1735213273, 21, 1, 10, 0, 0, 0.01%, 0, 0, 1, 46.37
1735213278, 21, 2, 10, 0, 0, 0.01%, 0, 0, 1, 47.97
1735213283, 21, 3, 10, 0, 0, 0.01%, 0, 0, 1, 48.09
1735213289, 21, 4, 10, 0, 0, 0.01%, 0, 0, 1, 49.37
1735213294, 21, 5, 10, 0, 0, 0.01%, 0, 0, 1, 47.94
1735213299, 21, 6, 10, 0, 0, 0.01%, 0, 0, 1, 48.26
1735213304, 21, 7, 10, 0, 0, 0.01%, 0, 0, 1, 45.51
1735213309, 21, 8, 10, 0, 0, 0.01%, 0, 0, 1, 46.23
1735213314, 21, 9, 10, 0, 0, 0.01%, 0, 0, 1, 47.43
1735213319, 22, 0, 10, 0, 0, 0.01%, 0, 0, 1, 46.53
1735213324, 22, 1, 10, 0, 0, 0.01%, 0, 0, 1, 49.25
1735213329, 22, 2, 10, 0, 0, 0.01%, 0, 0, 1, 45.75
1735213339, 22, 3, 10, 0, 0, 0.01%, 0, 0, 1, 46.11
1735213344, 22, 4, 10, 0, 0, 0.01%, 0, 0, 1, 50.94
1735213349, 22, 5, 10, 0, 0, 0.01%, 0, 0, 1, 47.21
1735213354, 22, 6, 10, 0, 0, 0.01%, 0, 0, 1, 48.42
1735213359, 22, 7, 11, 1, 0, 0.14%, 1, 0, 2, 48.81
1735213364, 27, 10, 12, 1, 0, 0.14%, 2, 0, 3, 71.39
1735213369, 27, 10, 13, 2, 0, 0.14%, 3, 0, 3, 51.56
1735213410, 28, 12, 13, 0, 0, 0.14%, 3, 0, 3, 69.06
1735213481, 30, 11, 13, 0, 0, 0.14%, 3, 0, 3, 72.51
1735213552, 31, 11, 13, 0, 0, 0.14%, 3, 0, 3, 50.30
1735213587, 31, 12, 13, 0, 0, 0.14%, 3, 0, 3, 50.09
1735213613, 32, 11, 13, 0, 0, 0.14%, 3, 0, 3, 47.25
1735213623, 32, 11, 14, 1, 0, 0.14%, 3, 0, 4, 51.18
1735213673, 32, 13, 15, 2, 1, 0.14%, 3, 0, 5, 66.03
1735213688, 32, 13, 17, 4, 1, 0.14%, 3, 0, 5, 57.46
1735213699, 32, 13, 18, 5, 1, 0.14%, 4, 0, 5, 54.03
1735213709, 32, 13, 19, 6, 1, 0.14%, 4, 0, 5, 52.68
1735213755, 32, 13, 20, 7, 1, 0.14%, 4, 0, 5, 52.69
1735213785, 32, 13, 21, 8, 1, 0.14%, 5, 0, 5, 54.56
1735213815, 32, 13, 22, 9, 1, 0.14%, 5, 0, 5, 48.02
1735213841, 32, 17, 22, 8, 3, 0.14%, 5, 0, 5, 49.31
1735213866, 32, 17, 23, 9, 3, 0.14%, 5, 0, 6, 56.27
1735213978, 32, 20, 23, 8, 3, 0.14%, 5, 0, 6, 91.87
1735214059, 32, 21, 23, 7, 2, 0.14%, 5, 0, 6, 69.01
1735214085, 32, 21, 24, 8, 2, 0.14%, 5, 0, 6, 56.46
1735214186, 33, 22, 24, 5, 0, 0.14%, 5, 0, 6, 66.13
1735214232, 33, 22, 25, 6, 0, 0.14%, 5, 0, 7, 52.91
1735214262, 33, 22, 26, 7, 0, 0.14%, 5, 0, 7, 55.36
1735214312, 33, 24, 26, 7, 1, 0.14%, 5, 0, 7, 58.49
1735214373, 33, 24, 27, 8, 1, 0.14%, 5, 0, 8, 53.47
1735214444, 33, 26, 27, 7, 1, 0.14%, 5, 0, 8, 65.89
1735214475, 33, 26, 28, 8, 1, 0.14%, 5, 0, 9, 61.51
1735214480, 33, 26, 29, 9, 1, 0.14%, 5, 0, 9, 56.55
1735214490, 33, 26, 30, 10, 1, 0.14%, 5, 0, 9, 57.06
1735214611, 34, 23, 30, 8, 0, 0.14%, 5, 0, 9, 46.74
1735214642, 34, 23, 31, 9, 0, 0.14%, 5, 0, 9, 57.10
1735214667, 34, 23, 32, 10, 0, 0.14%, 5, 0, 9, 60.67
1735214698, 34, 23, 33, 11, 0, 0.14%, 5, 0, 9, 60.32
1735214738, 34, 32, 33, 11, 1, 0.14%, 5, 0, 9, 41.46
1735214748, 35, 16, 33, 10, 0, 0.14%, 5, 0, 9, 35.31
1735214759, 36, 29, 33, 4, 0, 0.14%, 5, 0, 9, 79.44
1735215007, 36, 29, 34, 5, 0, 0.14%, 5, 0, 10, 99.28
1735215013, 36, 29, 35, 6, 0, 0.14%, 6, 0, 10, 88.02
1735215110, 36, 34, 35, 6, 1, 0.14%, 6, 0, 10, 43.67
1735215565, 36, 34, 36, 7, 1, 0.14%, 7, 0, 11, 91.40
1735215627, 36, 35, 36, 6, 0, 0.14%, 7, 0, 11, 52.43
1735216011, 36, 35, 37, 7, 0, 0.14%, 7, 0, 12, 84.17
1735216082, 36, 36, 37, 6, 1, 0.14%, 7, 0, 12, 50.00
1735216476, 36, 36, 38, 7, 1, 0.14%, 7, 0, 13, 84.98
1735216569, 36, 37, 38, 6, 1, 0.14%, 7, 0, 13, 53.89
1735216574, 37, 19, 38, 4, 0, 0.14%, 7, 0, 13, 72.05
1735216640, 37, 32, 38, 2, 0, 0.14%, 7, 0, 13, 71.05
1735218768, 37, 32, 39, 3, 0, 0.14%, 7, 0, 13, 83.09
1735218835, 37, 38, 39, 3, 1, 0.14%, 7, 0, 13, 62.31
1735219508, 37, 38, 40, 4, 1, 0.14%, 7, 0, 13, 82.41
1735219605, 37, 39, 40, 3, 1, 0.14%, 7, 0, 13, 61.08
1735219742, 39, 37, 40, 1, 0, 0.14%, 7, 0, 13, 113.57
1735220280, 40, 39, 40, 1, 0, 0.14%, 7, 0, 13, 74.32
1735220311, 41, 39, 40, 1, 0, 0.14%, 7, 0, 13, 72.07
1735220346, 42, 39, 40, 1, 0, 0.14%, 7, 0, 13, 76.62
1735220382, 43, 39, 40, 1, 0, 0.14%, 7, 0, 13, 73.83
1735220418, 44, 39, 40, 0, 0, 0.14%, 7, 0, 13, 70.63
1735220453, 45, 39, 40, 0, 0, 0.14%, 7, 0, 13, 67.17
1735220484, 46, 39, 40, 0, 0, 0.14%, 7, 0, 13, 68.43
1735220494, 46, 39, 41, 1, 0, 0.14%, 7, 0, 13, 73.05
1735220530, 46, 40, 41, 1, 1, 0.14%, 7, 0, 13, 61.93
1735220846, 49, 40, 41, 0, 0, 0.14%, 7, 0, 13, 80.49
1735220882, 50, 40, 41, 0, 0, 0.14%, 7, 0, 13, 81.77
1735220913, 51, 40, 41, 0, 0, 0.14%, 7, 0, 13, 82.07
1735220943, 52, 33, 41, 0, 0, 0.14%, 7, 0, 13, 78.80
1735221025, 52, 40, 41, 0, 0, 0.14%, 7, 0, 13, 82.21
1735221060, 53, 33, 41, 0, 0, 0.14%, 7, 0, 13, 70.55
1735221071, 53, 40, 41, 0, 0, 0.14%, 7, 0, 13, 67.67
1735221106, 54, 33, 41, 0, 0, 0.14%, 7, 0, 13, 67.69
1735221132, 54, 40, 41, 0, 0, 0.14%, 7, 0, 13, 64.10
1735221162, 55, 33, 41, 0, 0, 0.14%, 7, 0, 13, 82.71
1735221198, 55, 40, 41, 0, 0, 0.14%, 7, 0, 13, 81.34
1735221228, 56, 33, 41, 0, 0, 0.14%, 7, 0, 13, 70.37
1735221269, 56, 40, 41, 0, 0, 0.14%, 7, 0, 13, 77.78
1735221299, 57, 33, 41, 0, 0, 0.14%, 7, 0, 13, 72.92
1735221335, 57, 40, 41, 0, 0, 0.14%, 7, 0, 13, 74.76
1735221365, 58, 33, 41, 0, 0, 0.14%, 7, 0, 13, 67.35
1735221401, 58, 40, 41, 0, 0, 0.14%, 7, 0, 13, 68.15
1735221437, 59, 33, 41, 0, 0, 0.14%, 7, 0, 13, 74.23
1735221472, 59, 40, 41, 0, 0, 0.14%, 7, 0, 13, 69.13
1735221508, 60, 40, 41, 0, 0, 0.14%, 7, 0, 13, 80.07
1735221538, 61, 40, 41, 0, 0, 0.14%, 7, 0, 13, 67.15
1735221574, 62, 40, 41, 0, 0, 0.14%, 7, 0, 13, 77.51
1735221595, 63, 40, 41, 0, 0, 0.14%, 7, 0, 13, 76.36
1735221610, 64, 40, 41, 0, 0, 0.14%, 7, 0, 13, 63.68
1735221630, 65, 40, 41, 0, 0, 0.14%, 7, 0, 13, 71.97
1735221650, 66, 40, 41, 0, 0, 0.14%, 7, 0, 13, 76.70
1735221665, 67, 40, 41, 0, 0, 0.14%, 7, 0, 13, 65.97
1735221686, 68, 40, 41, 0, 0, 0.14%, 7, 0, 13, 70.57
1735221706, 69, 40, 41, 0, 0, 0.14%, 7, 0, 13, 74.31
1735221726, 70, 40, 41, 0, 0, 0.14%, 7, 0, 13, 83.19
1735221742, 71, 40, 41, 0, 0, 0.14%, 7, 0, 13, 75.46
1735221762, 72, 40, 41, 0, 0, 0.14%, 7, 0, 13, 71.78
1735221782, 73, 40, 41, 0, 0, 0.14%, 7, 0, 13, 78.80
1735221798, 74, 40, 41, 0, 0, 0.14%, 7, 0, 13, 71.54
1735221818, 75, 11, 41, 0, 0, 0.14%, 7, 0, 13, 59.31
1735221823, 75, 40, 41, 0, 0, 0.14%, 7, 0, 13, 66.55
1735221844, 76, 16, 41, 0, 0, 0.14%, 7, 0, 13, 94.81
1735222779, 76, 37, 41, 0, 0, 0.14%, 7, 0, 13, 73.79
1735222784, 76, 40, 41, 0, 0, 0.14%, 7, 0, 13, 71.16
1735222804, 77, 40, 41, 0, 0, 0.14%, 7, 0, 13, 65.20
1735222825, 78, 40, 41, 0, 0, 0.14%, 7, 0, 13, 76.30
