# unix_time, cycles_done, cur_path, paths_total, pending_total, pending_favs, map_size, unique_crashes, unique_hangs, max_depth, execs_per_sec
1735797571, 0, 0, 10, 10, 1, 0.01%, 0, 0, 1, 35.81
1735797576, 0, 3, 10, 10, 1, 0.01%, 0, 0, 1, 35.87
1735797591, 1, 0, 10, 3, 0, 0.01%, 0, 0, 1, 43.27
1735797596, 1, 1, 10, 2, 0, 0.01%, 0, 0, 1, 41.87
1735797606, 1, 2, 10, 1, 0, 0.01%, 0, 0, 1, 44.47
1735797611, 1, 3, 10, 0, 0, 0.01%, 0, 0, 1, 44.07
1735797617, 1, 4, 10, 0, 0, 0.01%, 0, 0, 1, 41.99
1735797622, 1, 5, 10, 0, 0, 0.01%, 0, 0, 1, 44.26
1735797627, 1, 6, 10, 0, 0, 0.01%, 0, 0, 1, 42.49
1735797632, 1, 7, 10, 0, 0, 0.01%, 0, 0, 1, 43.15
1735797642, 1, 8, 10, 0, 0, 0.01%, 0, 0, 1, 43.42
1735797647, 1, 9, 10, 0, 0, 0.01%, 0, 0, 1, 41.95
1735797652, 2, 0, 10, 0, 0, 0.01%, 0, 0, 1, 43.23
1735797657, 2, 1, 10, 0, 0, 0.01%, 0, 0, 1, 43.40
1735797662, 2, 2, 10, 0, 0, 0.01%, 0, 0, 1, 41.72
1735797667, 2, 3, 10, 0, 0, 0.01%, 0, 0, 1, 45.47
1735797678, 2, 4, 10, 0, 0, 0.01%, 0, 0, 1, 43.29
1735797683, 2, 5, 10, 0, 0, 0.01%, 0, 0, 1, 42.98
1735797688, 2, 6, 10, 0, 0, 0.01%, 0, 0, 1, 42.64
1735797693, 2, 7, 10, 0, 0, 0.01%, 0, 0, 1, 43.35
1735797698, 2, 8, 10, 0, 0, 0.01%, 0, 0, 1, 42.29
1735797703, 2, 9, 10, 0, 0, 0.01%, 0, 0, 1, 42.22
1735797713, 3, 0, 10, 0, 0, 0.01%, 0, 0, 1, 44.38
1735797718, 3, 1, 10, 0, 0, 0.01%, 0, 0, 1, 43.24
1735797723, 3, 2, 10, 0, 0, 0.01%, 0, 0, 1, 44.10
1735797728, 3, 3, 10, 0, 0, 0.01%, 0, 0, 1, 43.66
1735797734, 3, 4, 10, 0, 0, 0.01%, 0, 0, 1, 43.75
1735797739, 3, 5, 10, 0, 0, 0.01%, 0, 0, 1, 43.50
1735797749, 3, 6, 10, 0, 0, 0.01%, 0, 0, 1, 43.32
1735797754, 3, 7, 10, 0, 0, 0.01%, 0, 0, 1, 43.60
1735797759, 3, 8, 10, 0, 0, 0.01%, 0, 0, 1, 44.42
1735797764, 3, 9, 10, 0, 0, 0.01%, 0, 0, 1, 43.13
1735797769, 4, 0, 10, 0, 0, 0.01%, 0, 0, 1, 41.85
1735797774, 4, 1, 10, 0, 0, 0.01%, 0, 0, 1, 43.78
1735797779, 4, 2, 10, 0, 0, 0.01%, 0, 0, 1, 43.45
1735797789, 4, 3, 10, 0, 0, 0.01%, 0, 0, 1, 41.35
1735797794, 4, 4, 10, 0, 0, 0.01%, 0, 0, 1, 42.18
1735797799, 4, 5, 10, 0, 0, 0.01%, 0, 0, 1, 41.93
1735797805, 4, 6, 10, 0, 0, 0.01%, 0, 0, 1, 42.39
1735797810, 4, 7, 10, 0, 0, 0.01%, 0, 0, 1, 44.23
1735797820, 4, 8, 10, 0, 0, 0.01%, 0, 0, 1, 42.51
1735797825, 4, 9, 10, 0, 0, 0.01%, 0, 0, 1, 43.90
1735797830, 5, 0, 10, 0, 0, 0.01%, 0, 0, 1, 45.59
1735797835, 5, 1, 10, 0, 0, 0.01%, 0, 0, 1, 44.06
1735797840, 5, 2, 10, 0, 0, 0.01%, 0, 0, 1, 43.17
1735797845, 5, 3, 10, 0, 0, 0.01%, 0, 0, 1, 42.33
1735797855, 5, 4, 10, 0, 0, 0.01%, 0, 0, 1, 44.84
1735797860, 5, 5, 10, 0, 0, 0.01%, 0, 0, 1, 43.06
1735797866, 5, 6, 10, 0, 0, 0.01%, 0, 0, 1, 42.88
1735797871, 5, 7, 10, 0, 0, 0.01%, 0, 0, 1, 43.64
1735797876, 5, 8, 10, 0, 0, 0.01%, 0, 0, 1, 43.00
1735797881, 5, 9, 10, 0, 0, 0.01%, 0, 0, 1, 42.57
1735797886, 6, 0, 10, 0, 0, 0.01%, 0, 0, 1, 43.26
1735797896, 6, 1, 10, 0, 0, 0.01%, 0, 0, 1, 43.28
1735797901, 6, 2, 10, 0, 0, 0.01%, 0, 0, 1, 41.84
1735797906, 6, 3, 10, 0, 0, 0.01%, 0, 0, 1, 42.45
1735797911, 6, 4, 10, 0, 0, 0.01%, 0, 0, 1, 43.54
1735797916, 6, 5, 10, 0, 0, 0.01%, 0, 0, 1, 42.85
1735797921, 6, 6, 10, 0, 0, 0.01%, 0, 0, 1, 43.53
1735797932, 6, 7, 10, 0, 0, 0.01%, 0, 0, 1, 43.06
1735797937, 6, 8, 10, 0, 0, 0.01%, 0, 0, 1, 42.78
1735797942, 6, 9, 10, 0, 0, 0.01%, 0, 0, 1, 45.31
1735797947, 7, 0, 10, 0, 0, 0.01%, 0, 0, 1, 42.09
1735797952, 7, 1, 10, 0, 0, 0.01%, 0, 0, 1, 43.99
1735797957, 7, 2, 10, 0, 0, 0.01%, 0, 0, 1, 42.73
1735797967, 7, 3, 10, 0, 0, 0.01%, 0, 0, 1, 43.03
1735797972, 7, 4, 10, 0, 0, 0.01%, 0, 0, 1, 42.53
1735797977, 7, 5, 10, 0, 0, 0.01%, 0, 0, 1, 44.37
1735797982, 7, 6, 10, 0, 0, 0.01%, 0, 0, 1, 44.38
1735797987, 7, 7, 10, 0, 0, 0.01%, 0, 0, 1, 43.92
1735797993, 7, 8, 10, 0, 0, 0.01%, 0, 0, 1, 42.85
1735798003, 7, 9, 10, 0, 0, 0.01%, 0, 0, 1, 43.69
1735798008, 8, 0, 10, 0, 0, 0.01%, 0, 0, 1, 42.64
1735798013, 8, 1, 10, 0, 0, 0.01%, 0, 0, 1, 43.69
1735798018, 8, 2, 10, 0, 0, 0.01%, 0, 0, 1, 44.31
1735798023, 8, 3, 10, 0, 0, 0.01%, 0, 0, 1, 43.36
1735798028, 8, 4, 10, 0, 0, 0.01%, 0, 0, 1, 42.86
1735798038, 8, 5, 10, 0, 0, 0.01%, 0, 0, 1, 43.31
1735798043, 8, 6, 10, 0, 0, 0.01%, 0, 0, 1, 42.98
1735798048, 8, 7, 10, 0, 0, 0.01%, 0, 0, 1, 42.68
1735798054, 8, 8, 10, 0, 0, 0.01%, 0, 0, 1, 42.71
1735798059, 8, 9, 10, 0, 0, 0.01%, 0, 0, 1, 44.45
1735798064, 9, 0, 10, 0, 0, 0.01%, 0, 0, 1, 44.73
1735798069, 9, 1, 10, 0, 0, 0.01%, 0, 0, 1, 44.05
1735798079, 9, 2, 10, 0, 0, 0.01%, 0, 0, 1, 42.60
1735798084, 9, 3, 10, 0, 0, 0.01%, 0, 0, 1, 43.14
1735798089, 9, 4, 10, 0, 0, 0.01%, 0, 0, 1, 43.26
1735798094, 9, 5, 10, 0, 0, 0.01%, 0, 0, 1, 44.72
1735798099, 9, 6, 10, 0, 0, 0.01%, 0, 0, 1, 43.30
1735798110, 9, 7, 10, 0, 0, 0.01%, 0, 0, 1, 44.05
1735798115, 9, 8, 10, 0, 0, 0.01%, 0, 0, 1, 44.26
1735798120, 9, 9, 10, 0, 0, 0.01%, 0, 0, 1, 43.54
1735798125, 10, 0, 10, 0, 0, 0.01%, 0, 0, 1, 44.55
1735798130, 10, 1, 10, 0, 0, 0.01%, 0, 0, 1, 42.72
1735798135, 10, 2, 10, 0, 0, 0.01%, 0, 0, 1, 45.14
1735798140, 10, 3, 10, 0, 0, 0.01%, 0, 0, 1, 43.74
1735798145, 10, 4, 10, 0, 0, 0.01%, 0, 0, 1, 45.45
1735798155, 10, 5, 10, 0, 0, 0.01%, 0, 0, 1, 42.55
1735798160, 10, 6, 10, 0, 0, 0.01%, 0, 0, 1, 43.16
1735798166, 10, 7, 10, 0, 0, 0.01%, 0, 0, 1, 42.67
1735798171, 10, 8, 10, 0, 0, 0.01%, 0, 0, 1, 43.40
1735798176, 10, 9, 10, 0, 0, 0.01%, 0, 0, 1, 44.24
1735798181, 11, 0, 10, 0, 0, 0.01%, 0, 0, 1, 46.63
1735798191, 11, 1, 10, 0, 0, 0.01%, 0, 0, 1, 43.81
1735798196, 11, 2, 10, 0, 0, 0.01%, 0, 0, 1, 45.60
1735798201, 11, 3, 10, 0, 0, 0.01%, 0, 0, 1, 47.31
1735798206, 11, 4, 10, 0, 0, 0.01%, 0, 0, 1, 48.33
1735798211, 11, 5, 10, 0, 0, 0.01%, 0, 0, 1, 45.53
1735798216, 11, 6, 10, 0, 0, 0.01%, 0, 0, 1, 45.25
1735798221, 11, 7, 10, 0, 0, 0.01%, 0, 0, 1, 45.36
1735798226, 11, 8, 10, 0, 0, 0.01%, 0, 0, 1, 46.65
1735798231, 11, 9, 10, 0, 0, 0.01%, 0, 0, 1, 47.21
1735798237, 12, 0, 10, 0, 0, 0.01%, 0, 0, 1, 45.70
1735798242, 12, 1, 10, 0, 0, 0.01%, 0, 0, 1, 46.17
1735798252, 12, 2, 10, 0, 0, 0.01%, 0, 0, 1, 44.32
1735798257, 12, 3, 10, 0, 0, 0.01%, 0, 0, 1, 42.35
1735798262, 12, 4, 10, 0, 0, 0.01%, 0, 0, 1, 42.84
1735798267, 12, 5, 10, 0, 0, 0.01%, 0, 0, 1, 45.58
1735798272, 12, 6, 10, 0, 0, 0.01%, 0, 0, 1, 45.79
1735798277, 12, 7, 10, 0, 0, 0.01%, 0, 0, 1, 43.74
1735798283, 12, 8, 10, 0, 0, 0.01%, 0, 0, 1, 44.68
1735798293, 12, 9, 10, 0, 0, 0.01%, 0, 0, 1, 44.95
1735798298, 13, 0, 10, 0, 0, 0.01%, 0, 0, 1, 45.90
1735798303, 13, 1, 10, 0, 0, 0.01%, 0, 0, 1, 45.41
1735798308, 13, 2, 10, 0, 0, 0.01%, 0, 0, 1, 45.03
1735798313, 13, 3, 10, 0, 0, 0.01%, 0, 0, 1, 45.50
1735798318, 13, 4, 10, 0, 0, 0.01%, 0, 0, 1, 44.72
1735798323, 13, 5, 10, 0, 0, 0.01%, 0, 0, 1, 47.64
1735798328, 13, 6, 10, 0, 0, 0.01%, 0, 0, 1, 46.26
1735798333, 13, 7, 10, 0, 0, 0.01%, 0, 0, 1, 46.88
1735798339, 13, 8, 10, 0, 0, 0.01%, 0, 0, 1, 45.43
1735798349, 13, 9, 10, 0, 0, 0.01%, 0, 0, 1, 47.16
1735798354, 14, 0, 10, 0, 0, 0.01%, 0, 0, 1, 47.60
1735798359, 14, 1, 10, 0, 0, 0.01%, 0, 0, 1, 46.11
1735798364, 14, 2, 10, 0, 0, 0.01%, 0, 0, 1, 45.57
1735798369, 14, 3, 10, 0, 0, 0.01%, 0, 0, 1, 45.38
1735798374, 14, 4, 10, 0, 0, 0.01%, 0, 0, 1, 46.51
1735798379, 14, 5, 10, 0, 0, 0.01%, 0, 0, 1, 45.52
1735798384, 14, 6, 10, 0, 0, 0.01%, 0, 0, 1, 44.40
1735798389, 14, 7, 10, 0, 0, 0.01%, 0, 0, 1, 44.10
1735798394, 14, 8, 10, 0, 0, 0.01%, 0, 0, 1, 46.54
1735798405, 14, 9, 10, 0, 0, 0.01%, 0, 0, 1, 45.26
1735798410, 15, 0, 10, 0, 0, 0.01%, 0, 0, 1, 44.95
1735798415, 15, 1, 10, 0, 0, 0.01%, 0, 0, 1, 46.46
1735798420, 15, 2, 10, 0, 0, 0.01%, 0, 0, 1, 45.49
1735798425, 15, 3, 10, 0, 0, 0.01%, 0, 0, 1, 45.62
1735798430, 15, 4, 10, 0, 0, 0.01%, 0, 0, 1, 42.52
1735798451, 15, 5, 10, 0, 0, 0.01%, 0, 0, 1, 45.98
1735798476, 15, 6, 10, 0, 0, 0.01%, 0, 0, 1, 39.07
1735798496, 15, 7, 10, 0, 0, 0.01%, 0, 0, 1, 39.10
1735798516, 15, 8, 10, 0, 0, 0.01%, 0, 0, 1, 40.38
1735798537, 15, 9, 10, 0, 0, 0.01%, 0, 0, 1, 41.59
1735798557, 16, 0, 10, 0, 0, 0.01%, 0, 0, 1, 42.20
1735798583, 16, 1, 10, 0, 0, 0.01%, 0, 0, 1, 38.14
1735798603, 16, 2, 10, 0, 0, 0.01%, 0, 0, 1, 44.54
1735798608, 16, 3, 10, 0, 0, 0.01%, 0, 0, 1, 46.28
1735798613, 16, 4, 10, 0, 0, 0.01%, 0, 0, 1, 46.60
1735798618, 16, 5, 10, 0, 0, 0.01%, 0, 0, 1, 44.26
1735798623, 16, 6, 10, 0, 0, 0.01%, 0, 0, 1, 44.76
1735798628, 16, 7, 10, 0, 0, 0.01%, 0, 0, 1, 43.55
1735798639, 16, 8, 10, 0, 0, 0.01%, 0, 0, 1, 45.31
1735798644, 16, 9, 10, 0, 0, 0.01%, 0, 0, 1, 45.58
1735798649, 17, 0, 10, 0, 0, 0.01%, 0, 0, 1, 45.66
1735798654, 17, 1, 10, 0, 0, 0.01%, 0, 0, 1, 43.63
1735798659, 17, 2, 10, 0, 0, 0.01%, 0, 0, 1, 43.50
1735798664, 17, 3, 10, 0, 0, 0.01%, 0, 0, 1, 45.68
1735798669, 17, 4, 10, 0, 0, 0.01%, 0, 0, 1, 46.49
1735798674, 17, 5, 10, 0, 0, 0.01%, 0, 0, 1, 45.05
1735798679, 17, 6, 10, 0, 0, 0.01%, 0, 0, 1, 47.83
1735798689, 17, 7, 10, 0, 0, 0.01%, 0, 0, 1, 46.48
1735798694, 17, 8, 10, 0, 0, 0.01%, 0, 0, 1, 44.66
1735798700, 17, 9, 10, 0, 0, 0.01%, 0, 0, 1, 44.67
1735798705, 18, 0, 10, 0, 0, 0.01%, 0, 0, 1, 45.35
1735798710, 18, 1, 10, 0, 0, 0.01%, 0, 0, 1, 45.21
1735798715, 18, 2, 10, 0, 0, 0.01%, 0, 0, 1, 45.27
1735798720, 18, 3, 10, 0, 0, 0.01%, 0, 0, 1, 46.03
1735798725, 18, 4, 10, 0, 0, 0.01%, 0, 0, 1, 45.96
1735798735, 18, 5, 10, 0, 0, 0.01%, 0, 0, 1, 47.27
1735798740, 18, 6, 10, 0, 0, 0.01%, 0, 0, 1, 44.11
1735798745, 18, 7, 10, 0, 0, 0.01%, 0, 0, 1, 45.01
1735798750, 18, 8, 10, 0, 0, 0.01%, 0, 0, 1, 47.13
1735798755, 18, 9, 10, 0, 0, 0.01%, 0, 0, 1, 44.56
1735798761, 19, 0, 10, 0, 0, 0.01%, 0, 0, 1, 44.57
1735798766, 19, 1, 10, 0, 0, 0.01%, 0, 0, 1, 46.10
1735798771, 19, 2, 10, 0, 0, 0.01%, 0, 0, 1, 45.40
1735798776, 19, 3, 10, 0, 0, 0.01%, 0, 0, 1, 43.34
1735798786, 19, 4, 10, 0, 0, 0.01%, 0, 0, 1, 45.14
1735798791, 19, 5, 10, 0, 0, 0.01%, 0, 0, 1, 45.76
1735798796, 19, 6, 10, 0, 0, 0.01%, 0, 0, 1, 46.20
1735798801, 19, 7, 10, 0, 0, 0.01%, 0, 0, 1, 45.27
1735798806, 19, 8, 10, 0, 0, 0.01%, 0, 0, 1, 47.13
1735798811, 19, 9, 10, 0, 0, 0.01%, 0, 0, 1, 47.67
1735798816, 20, 0, 10, 0, 0, 0.01%, 0, 0, 1, 44.89
1735798821, 20, 1, 10, 0, 0, 0.01%, 0, 0, 1, 46.38
1735798826, 20, 2, 10, 0, 0, 0.01%, 0, 0, 1, 45.05
1735798837, 20, 3, 10, 0, 0, 0.01%, 0, 0, 1, 45.95
1735798842, 20, 4, 10, 0, 0, 0.01%, 0, 0, 1, 44.46
1735798847, 20, 5, 10, 0, 0, 0.01%, 0, 0, 1, 45.27
1735798852, 20, 6, 10, 0, 0, 0.01%, 0, 0, 1, 45.98
1735798857, 20, 7, 10, 0, 0, 0.01%, 0, 0, 1, 44.09
1735798862, 20, 8, 10, 0, 0, 0.01%, 0, 0, 1, 44.55
1735798867, 20, 9, 10, 0, 0, 0.01%, 0, 0, 1, 46.09
1735798872, 21, 0, 10, 0, 0, 0.01%, 0, 0, 1, 46.28
1735798877, 21, 1, 10, 0, 0, 0.01%, 0, 0, 1, 46.38
1735798882, 21, 2, 10, 0, 0, 0.01%, 0, 0, 1, 44.99
1735798893, 21, 3, 10, 0, 0, 0.01%, 0, 0, 1, 46.55
1735798898, 21, 4, 10, 0, 0, 0.01%, 0, 0, 1, 44.58
1735798903, 21, 5, 10, 0, 0, 0.01%, 0, 0, 1, 44.38
1735798908, 21, 6, 10, 0, 0, 0.01%, 0, 0, 1, 44.39
1735798913, 21, 7, 10, 0, 0, 0.01%, 0, 0, 1, 45.29
1735798918, 21, 8, 10, 0, 0, 0.01%, 0, 0, 1, 45.91
1735798923, 21, 9, 10, 0, 0, 0.01%, 0, 0, 1, 45.41
1735798928, 22, 0, 10, 0, 0, 0.01%, 0, 0, 1, 44.86
1735798938, 22, 1, 10, 0, 0, 0.01%, 0, 0, 1, 45.48
1735798943, 22, 2, 10, 0, 0, 0.01%, 0, 0, 1, 46.88
1735798949, 22, 3, 10, 0, 0, 0.01%, 0, 0, 1, 45.72
1735798954, 22, 4, 10, 0, 0, 0.01%, 0, 0, 1, 44.25
1735798959, 22, 5, 10, 0, 0, 0.01%, 0, 0, 1, 45.19
1735798964, 22, 6, 10, 0, 0, 0.01%, 0, 0, 1, 44.20
1735798969, 22, 7, 10, 0, 0, 0.01%, 0, 0, 1, 45.23
1735798974, 22, 8, 10, 0, 0, 0.01%, 0, 0, 1, 43.96
1735798979, 22, 9, 10, 0, 0, 0.01%, 0, 0, 1, 45.35
1735798989, 23, 0, 10, 0, 0, 0.01%, 0, 0, 1, 45.47
1735798994, 23, 1, 11, 1, 0, 0.14%, 1, 0, 2, 45.37
1735798999, 23, 10, 11, 1, 1, 0.14%, 1, 0, 2, 57.58
1735799081, 29, 10, 11, 0, 0, 0.14%, 1, 0, 2, 46.79
1735799101, 30, 10, 11, 0, 0, 0.14%, 1, 0, 2, 46.30
1735799116, 30, 10, 12, 1, 0, 0.14%, 2, 0, 3, 47.57
1735799167, 30, 11, 13, 2, 1, 0.14%, 3, 0, 4, 62.45
1735799207, 30, 11, 14, 3, 1, 0.14%, 3, 0, 4, 49.76
1735799238, 30, 11, 15, 4, 1, 0.14%, 3, 0, 4, 49.57
1735799273, 30, 11, 16, 5, 1, 0.14%, 3, 0, 4, 46.98
1735799294, 30, 12, 16, 4, 2, 0.14%, 3, 0, 4, 68.50
1735799360, 30, 12, 17, 5, 2, 0.14%, 4, 0, 5, 48.06
1735799461, 30, 13, 18, 5, 2, 0.14%, 4, 0, 5, 73.76
1735799477, 30, 13, 19, 6, 2, 0.14%, 4, 0, 5, 50.17
1735799532, 30, 13, 20, 7, 2, 0.14%, 4, 0, 5, 51.31
1735799542, 30, 13, 21, 8, 2, 0.14%, 4, 0, 5, 50.46
1735799624, 30, 13, 23, 10, 2, 0.14%, 4, 0, 5, 47.03
1735799629, 30, 16, 24, 10, 3, 0.14%, 5, 0, 6, 74.02
1735799649, 30, 16, 25, 11, 3, 0.14%, 5, 0, 6, 54.45
1735799700, 30, 16, 26, 12, 3, 0.14%, 5, 0, 6, 52.45
1735799756, 30, 20, 26, 11, 3, 0.14%, 5, 0, 6, 88.24
1735799832, 31, 19, 26, 8, 0, 0.14%, 5, 0, 6, 53.31
1735799960, 31, 19, 27, 9, 0, 0.14%, 5, 0, 6, 93.62
1735799965, 31, 19, 29, 11, 0, 0.14%, 5, 0, 6, 71.61
1735800051, 32, 10, 29, 9, 0, 0.14%, 5, 0, 6, 51.32
1735800056, 32, 18, 29, 8, 0, 0.14%, 5, 0, 6, 53.29
1735800067, 32, 18, 30, 9, 0, 0.14%, 5, 0, 6, 99.86
1735800072, 32, 18, 31, 10, 0, 0.14%, 5, 0, 6, 102.65
1735800112, 32, 18, 32, 11, 0, 0.14%, 5, 0, 6, 61.34
1735800209, 32, 31, 32, 10, 1, 0.14%, 5, 0, 6, 43.41
1735800444, 33, 23, 33, 10, 0, 0.14%, 5, 0, 7, 86.01
1735800520, 33, 32, 33, 10, 1, 0.14%, 5, 0, 7, 66.38
1735800596, 34, 21, 33, 9, 0, 0.14%, 5, 0, 7, 59.70
1735800683, 34, 21, 34, 10, 0, 0.14%, 5, 0, 7, 53.04
1735800688, 34, 21, 35, 11, 0, 0.14%, 5, 0, 7, 53.02
1735800698, 35, 28, 35, 7, 0, 0.14%, 5, 0, 7, 50.66
1735800703, 35, 33, 35, 5, 0, 0.14%, 5, 0, 7, 83.57
1735800759, 35, 33, 36, 6, 0, 0.14%, 5, 0, 7, 70.55
1735800769, 35, 33, 37, 7, 0, 0.14%, 5, 0, 7, 66.84
1735800850, 36, 36, 37, 6, 0, 0.14%, 5, 0, 7, 86.45
1735800937, 37, 26, 37, 5, 0, 0.14%, 5, 0, 7, 79.28
1735801023, 37, 28, 37, 5, 0, 0.14%, 5, 0, 7, 77.61
1735801192, 39, 26, 37, 2, 0, 0.14%, 5, 0, 7, 61.79
1735801217, 39, 26, 38, 3, 0, 0.14%, 5, 0, 7, 60.88
1735801223, 39, 37, 38, 3, 1, 0.14%, 5, 0, 7, 42.55
1735801449, 39, 37, 39, 4, 1, 0.14%, 6, 0, 8, 105.22
1735801454, 39, 37, 40, 5, 1, 0.14%, 6, 0, 8, 108.33
1735802787, 40, 34, 40, 3, 0, 0.14%, 6, 0, 8, 42.96
1735803201, 41, 39, 40, 2, 0, 0.14%, 6, 0, 8, 45.38
1735803206, 42, 35, 40, 1, 0, 0.14%, 6, 0, 8, 84.61
1735803308, 43, 15, 40, 0, 0, 0.14%, 6, 0, 8, 66.35
1735803415, 46, 32, 40, 0, 0, 0.14%, 6, 0, 8, 59.43
1735803430, 49, 34, 40, 0, 0, 0.14%, 6, 0, 8, 62.65
1735803445, 49, 39, 40, 0, 0, 0.14%, 6, 0, 8, 80.65
1735803834, 50, 34, 40, 0, 0, 0.14%, 6, 0, 8, 64.97
1735803849, 51, 34, 40, 0, 0, 0.14%, 6, 0, 8, 73.92
1735803875, 51, 39, 40, 0, 0, 0.14%, 6, 0, 8, 53.31
1735803890, 52, 34, 40, 0, 0, 0.14%, 6, 0, 8, 67.58
1735803925, 52, 39, 40, 0, 0, 0.14%, 6, 0, 8, 56.58
1735803961, 53, 34, 40, 0, 0, 0.14%, 6, 0, 8, 61.38
1735804001, 53, 39, 40, 0, 0, 0.14%, 6, 0, 8, 62.87
1735804031, 54, 34, 40, 0, 0, 0.14%, 6, 0, 8, 61.32
1735804072, 54, 39, 40, 0, 0, 0.14%, 6, 0, 8, 67.09
1735804107, 55, 34, 40, 0, 0, 0.14%, 6, 0, 8, 66.21
1735804143, 55, 39, 40, 0, 0, 0.14%, 6, 0, 8, 65.57
1735804183, 56, 39, 40, 0, 0, 0.14%, 6, 0, 8, 64.50
1735804219, 58, 27, 40, 0, 0, 0.14%, 6, 0, 8, 74.04
1735804295, 59, 10, 40, 0, 0, 0.14%, 6, 0, 8, 60.44
1735804300, 60, 36, 40, 0, 0, 0.14%, 6, 0, 8, 63.21
1735804326, 65, 36, 40, 0, 0, 0.14%, 6, 0, 8, 63.63
1735804361, 69, 26, 40, 0, 0, 0.14%, 6, 0, 8, 53.72
1735804381, 69, 36, 40, 0, 0, 0.14%, 6, 0, 8, 61.34
1735804422, 70, 10, 40, 0, 0, 0.14%, 6, 0, 8, 57.53
1735804427, 70, 36, 40, 0, 0, 0.14%, 6, 0, 8, 60.53
1735804462, 82, 10, 40, 0, 0, 0.14%, 6, 0, 8, 55.49
1735804473, 93, 32, 40, 0, 0, 0.14%, 6, 0, 8, 58.85
1735804488, 95, 26, 40, 0, 0, 0.14%, 6, 0, 8, 61.91
1735804518, 97, 26, 40, 0, 0, 0.14%, 6, 0, 8, 63.18
1735804559, 97, 32, 40, 0, 0, 0.14%, 6, 0, 8, 56.99
1735804574, 100, 10, 40, 0, 0, 0.14%, 6, 0, 8, 57.06
1735804594, 105, 10, 40, 0, 0, 0.14%, 6, 0, 8, 56.12
1735804630, 105, 35, 40, 0, 0, 0.14%, 6, 0, 8, 69.13
1735804655, 107, 27, 40, 0, 0, 0.14%, 6, 0, 8, 64.96
1735804676, 110, 35, 40, 0, 0, 0.14%, 6, 0, 8, 68.85
1735804711, 111, 16, 40, 0, 0, 0.14%, 6, 0, 8, 58.27
1735804731, 113, 23, 40, 0, 0, 0.14%, 6, 0, 8, 63.50
1735804756, 113, 38, 40, 0, 0, 0.14%, 6, 0, 8, 78.20
1735805150, 114, 32, 40, 0, 0, 0.14%, 6, 0, 8, 61.47
1735805191, 114, 36, 40, 0, 0, 0.14%, 6, 0, 8, 68.12
1735805231, 115, 35, 40, 0, 0, 0.14%, 6, 0, 8, 64.77
1735805272, 116, 24, 40, 0, 0, 0.14%, 6, 0, 8, 84.37
1735805323, 116, 32, 40, 0, 0, 0.14%, 6, 0, 8, 59.05
1735805359, 121, 23, 40, 0, 0, 0.14%, 6, 0, 8, 60.01
1735805399, 121, 35, 40, 0, 0, 0.14%, 6, 0, 8, 62.30
1735805435, 123, 23, 40, 0, 0, 0.14%, 6, 0, 8, 65.36
1735805475, 125, 26, 40, 0, 0, 0.14%, 6, 0, 8, 61.22
1735805511, 129, 27, 40, 0, 0, 0.14%, 6, 0, 8, 71.63
1735805541, 135, 26, 40, 0, 0, 0.14%, 6, 0, 8, 64.78
1735805576, 136, 25, 40, 0, 0, 0.14%, 6, 0, 8, 64.99
1735805632, 136, 36, 40, 0, 0, 0.14%, 6, 0, 8, 58.63
1735805673, 137, 27, 40, 0, 0, 0.14%, 6, 0, 8, 62.77
1735805708, 137, 38, 40, 0, 0, 0.14%, 6, 0, 8, 56.82
1735805723, 139, 11, 40, 0, 0, 0.14%, 6, 0, 8, 53.87
1735805728, 139, 17, 40, 0, 0, 0.14%, 6, 0, 8, 63.28
1735805764, 139, 26, 40, 0, 0, 0.14%, 6, 0, 8, 67.21
1735805799, 142, 12, 40, 0, 0, 0.14%, 6, 0, 8, 58.66
1735805809, 142, 26, 40, 0, 0, 0.14%, 6, 0, 8, 63.64
1735805845, 142, 28, 40, 0, 0, 0.14%, 6, 0, 8, 67.50
1735805855, 144, 27, 40, 0, 0, 0.14%, 6, 0, 8, 66.91
1735805890, 147, 27, 40, 0, 0, 0.14%, 6, 0, 8, 70.90
1735805926, 147, 28, 40, 0, 0, 0.14%, 6, 0, 8, 68.09
1735805957, 147, 31, 40, 0, 0, 0.14%, 6, 0, 8, 70.25
1735805972, 148, 22, 40, 0, 0, 0.14%, 6, 0, 8, 66.63
1735806063, 148, 28, 40, 0, 0, 0.14%, 6, 0, 8, 65.99
1735806094, 149, 23, 40, 0, 0, 0.14%, 6, 0, 8, 56.40
1735806135, 149, 26, 40, 0, 0, 0.14%, 6, 0, 8, 64.05
1735806170, 150, 27, 40, 0, 0, 0.14%, 6, 0, 8, 67.44
1735806206, 150, 30, 40, 0, 0, 0.14%, 6, 0, 8, 73.54
1735806247, 151, 11, 40, 0, 0, 0.14%, 6, 0, 8, 56.33
1735806257, 151, 17, 40, 0, 0, 0.14%, 6, 0, 8, 59.70
1735806267, 151, 30, 40, 0, 0, 0.14%, 6, 0, 8, 59.02
1735806277, 152, 12, 40, 0, 0, 0.14%, 6, 0, 8, 59.61
1735806282, 152, 23, 40, 0, 0, 0.14%, 6, 0, 8, 58.81
1735806318, 155, 23, 40, 0, 0, 0.14%, 6, 0, 8, 57.27
1735806353, 156, 10, 40, 0, 0, 0.14%, 6, 0, 8, 56.08
1735806389, 156, 23, 40, 0, 0, 0.14%, 6, 0, 8, 58.01
1735806424, 157, 32, 40, 0, 0, 0.14%, 6, 0, 8, 67.37
1735806460, 159, 16, 40, 0, 0, 0.14%, 6, 0, 8, 59.52
1735806480, 159, 17, 40, 0, 0, 0.14%, 6, 0, 8, 58.94
1735806490, 160, 33, 40, 0, 0, 0.14%, 6, 0, 8, 56.56
1735806521, 162, 26, 40, 0, 0, 0.14%, 6, 0, 8, 70.17
1735806561, 165, 12, 40, 0, 0, 0.14%, 6, 0, 8, 52.58
1735806571, 166, 11, 40, 0, 0, 0.14%, 6, 0, 8, 61.12
1735806587, 167, 16, 40, 0, 0, 0.14%, 6, 0, 8, 58.48
1735806622, 168, 35, 40, 0, 0, 0.14%, 6, 0, 8, 62.04
1735806662, 169, 20, 40, 0, 0, 0.14%, 6, 0, 8, 53.57
1735806683, 169, 23, 40, 0, 0, 0.14%, 6, 0, 8, 55.93
1735806723, 170, 14, 40, 0, 0, 0.14%, 6, 0, 8, 75.82
1735806779, 170, 33, 40, 0, 0, 0.14%, 6, 0, 8, 62.71
1735806815, 171, 30, 40, 0, 0, 0.14%, 6, 0, 8, 58.46
1735806835, 172, 11, 40, 0, 0, 0.14%, 6, 0, 8, 60.36
1735806851, 172, 16, 40, 0, 0, 0.14%, 6, 0, 8, 55.03
1735806891, 172, 38, 40, 0, 0, 0.14%, 6, 0, 8, 66.24
1735806922, 177, 30, 40, 0, 0, 0.14%, 6, 0, 8, 62.47
1735806957, 178, 27, 40, 0, 0, 0.14%, 6, 0, 8, 69.99
1735806993, 178, 36, 40, 0, 0, 0.14%, 6, 0, 8, 61.84
1735807034, 179, 16, 40, 0, 0, 0.14%, 6, 0, 8, 57.47
1735807074, 181, 10, 40, 0, 0, 0.14%, 6, 0, 8, 58.94
1735807110, 181, 33, 40, 0, 0, 0.14%, 6, 0, 8, 67.20
1735807150, 186, 28, 40, 0, 0, 0.14%, 6, 0, 8, 69.14
1735807186, 186, 35, 40, 0, 0, 0.14%, 6, 0, 8, 66.52
1735807221, 187, 15, 40, 0, 0, 0.14%, 6, 0, 8, 57.86
1735807226, 187, 18, 40, 0, 0, 0.14%, 6, 0, 8, 57.44
1735807231, 187, 21, 40, 0, 0, 0.14%, 6, 0, 8, 58.03
1735807241, 188, 15, 40, 0, 0, 0.14%, 6, 0, 8, 62.80
1735807251, 189, 14, 40, 0, 0, 0.14%, 6, 0, 8, 61.80
1735807257, 190, 17, 40, 0, 0, 0.14%, 6, 0, 8, 61.40
1735807282, 191, 29, 40, 0, 0, 0.14%, 6, 0, 8, 66.22
1735807312, 191, 30, 40, 0, 0, 0.14%, 6, 0, 8, 57.60
1735807348, 192, 20, 40, 0, 0, 0.14%, 6, 0, 8, 59.46
1735807388, 194, 16, 40, 0, 0, 0.14%, 6, 0, 8, 54.20
1735807429, 194, 20, 40, 0, 0, 0.14%, 6, 0, 8, 63.49
1735807464, 196, 14, 40, 0, 0, 0.14%, 6, 0, 8, 66.51
1735807480, 197, 25, 40, 0, 0, 0.14%, 6, 0, 8, 63.30
1735807500, 199, 14, 40, 0, 0, 0.14%, 6, 0, 8, 66.22
1735807520, 199, 15, 40, 0, 0, 0.14%, 6, 0, 8, 54.24
1735807550, 199, 38, 40, 0, 0, 0.14%, 6, 0, 8, 65.04
1735807576, 200, 18, 40, 0, 0, 0.14%, 6, 0, 8, 64.48
1735807581, 200, 21, 40, 0, 0, 0.14%, 6, 0, 8, 60.32
1735807596, 200, 27, 40, 0, 0, 0.14%, 6, 0, 8, 61.36
1735807637, 201, 33, 40, 0, 0, 0.14%, 6, 0, 8, 68.88
1735807672, 202, 26, 40, 0, 0, 0.14%, 6, 0, 8, 60.75
1735807713, 202, 27, 40, 0, 0, 0.14%, 6, 0, 8, 66.75
1735807748, 202, 32, 40, 0, 0, 0.14%, 6, 0, 8, 56.01
1735807789, 203, 24, 40, 0, 0, 0.14%, 6, 0, 8, 57.38
1735807809, 204, 20, 40, 0, 0, 0.14%, 6, 0, 8, 56.46
1735807849, 205, 13, 40, 0, 0, 0.14%, 6, 0, 8, 56.39
1735807859, 206, 19, 40, 0, 0, 0.14%, 6, 0, 8, 62.23
1735807870, 206, 29, 40, 0, 0, 0.14%, 6, 0, 8, 59.63
1735807875, 207, 29, 40, 0, 0, 0.14%, 6, 0, 8, 58.46
1735807895, 207, 33, 40, 0, 0, 0.14%, 6, 0, 8, 64.38
1735807931, 208, 33, 40, 0, 0, 0.14%, 6, 0, 8, 68.93
1735807967, 212, 23, 40, 0, 0, 0.14%, 6, 0, 8, 70.17
1735808007, 214, 11, 40, 0, 0, 0.14%, 6, 0, 8, 64.81
1735808033, 215, 35, 40, 0, 0, 0.14%, 6, 0, 8, 59.95
1735808074, 219, 23, 40, 0, 0, 0.14%, 6, 0, 8, 56.23
1735808109, 220, 15, 40, 0, 0, 0.14%, 6, 0, 8, 66.42
1735808145, 221, 23, 40, 0, 0, 0.14%, 6, 0, 8, 60.25
1735808185, 222, 16, 40, 0, 0, 0.14%, 6, 0, 8, 61.04
1735808221, 223, 25, 40, 0, 0, 0.14%, 6, 0, 8, 63.91
1735808261, 223, 32, 40, 0, 0, 0.14%, 6, 0, 8, 61.56
1735808302, 224, 33, 40, 0, 0, 0.14%, 6, 0, 8, 63.36
1735808337, 224, 38, 40, 0, 0, 0.14%, 6, 0, 8, 67.25
