# unix_time, cycles_done, cur_path, paths_total, pending_total, pending_favs, map_size, unique_crashes, unique_hangs, max_depth, execs_per_sec
1735765171, 0, 0, 10, 10, 1, 0.01%, 0, 0, 1, 37.51
1735765176, 0, 3, 10, 10, 1, 0.01%, 0, 0, 1, 37.04
1735765191, 1, 0, 10, 3, 0, 0.01%, 0, 0, 1, 45.53
1735765196, 1, 1, 10, 2, 0, 0.01%, 0, 0, 1, 45.54
1735765201, 1, 2, 10, 1, 0, 0.01%, 0, 0, 1, 44.89
1735765206, 1, 3, 10, 0, 0, 0.01%, 0, 0, 1, 45.69
1735765211, 1, 4, 10, 0, 0, 0.01%, 0, 0, 1, 45.39
1735765221, 1, 5, 10, 0, 0, 0.01%, 0, 0, 1, 44.18
1735765226, 1, 6, 10, 0, 0, 0.01%, 0, 0, 1, 45.70
1735765232, 1, 7, 10, 0, 0, 0.01%, 0, 0, 1, 46.00
1735765237, 1, 8, 10, 0, 0, 0.01%, 0, 0, 1, 45.44
1735765242, 1, 9, 10, 0, 0, 0.01%, 0, 0, 1, 44.79
1735765247, 2, 0, 10, 0, 0, 0.01%, 0, 0, 1, 45.80
1735765252, 2, 1, 10, 0, 0, 0.01%, 0, 0, 1, 44.40
1735765257, 2, 2, 10, 0, 0, 0.01%, 0, 0, 1, 44.07
1735765267, 2, 3, 10, 0, 0, 0.01%, 0, 0, 1, 46.21
1735765272, 2, 4, 10, 0, 0, 0.01%, 0, 0, 1, 44.43
1735765277, 2, 5, 10, 0, 0, 0.01%, 0, 0, 1, 47.03
1735765282, 2, 6, 10, 0, 0, 0.01%, 0, 0, 1, 44.94
1735765287, 2, 7, 10, 0, 0, 0.01%, 0, 0, 1, 45.42
1735765292, 2, 8, 10, 0, 0, 0.01%, 0, 0, 1, 46.07
1735765297, 2, 9, 10, 0, 0, 0.01%, 0, 0, 1, 47.45
1735765303, 3, 0, 10, 0, 0, 0.01%, 0, 0, 1, 45.42
1735765308, 3, 1, 10, 0, 0, 0.01%, 0, 0, 1, 46.69
1735765313, 3, 2, 10, 0, 0, 0.01%, 0, 0, 1, 45.73
1735765323, 3, 3, 10, 0, 0, 0.01%, 0, 0, 1, 45.35
1735765328, 3, 4, 10, 0, 0, 0.01%, 0, 0, 1, 45.45
1735765333, 3, 5, 10, 0, 0, 0.01%, 0, 0, 1, 45.21
1735765338, 3, 6, 10, 0, 0, 0.01%, 0, 0, 1, 45.07
1735765343, 3, 7, 10, 0, 0, 0.01%, 0, 0, 1, 43.60
1735765348, 3, 8, 10, 0, 0, 0.01%, 0, 0, 1, 46.06
1735765353, 3, 9, 10, 0, 0, 0.01%, 0, 0, 1, 44.08
1735765358, 4, 0, 10, 0, 0, 0.01%, 0, 0, 1, 46.88
1735765363, 4, 1, 10, 0, 0, 0.01%, 0, 0, 1, 47.23
1735765374, 4, 2, 10, 0, 0, 0.01%, 0, 0, 1, 45.77
1735765379, 4, 3, 10, 0, 0, 0.01%, 0, 0, 1, 45.92
1735765384, 4, 4, 10, 0, 0, 0.01%, 0, 0, 1, 46.03
1735765389, 4, 5, 10, 0, 0, 0.01%, 0, 0, 1, 45.65
1735765394, 4, 6, 10, 0, 0, 0.01%, 0, 0, 1, 46.97
1735765399, 4, 7, 10, 0, 0, 0.01%, 0, 0, 1, 45.58
1735765404, 4, 8, 10, 0, 0, 0.01%, 0, 0, 1, 47.23
1735765409, 4, 9, 10, 0, 0, 0.01%, 0, 0, 1, 45.98
1735765414, 5, 0, 10, 0, 0, 0.01%, 0, 0, 1, 42.99
1735765419, 5, 1, 10, 0, 0, 0.01%, 0, 0, 1, 45.84
1735765429, 5, 2, 10, 0, 0, 0.01%, 0, 0, 1, 46.17
1735765434, 5, 3, 10, 0, 0, 0.01%, 0, 0, 1, 44.75
1735765439, 5, 4, 10, 0, 0, 0.01%, 0, 0, 1, 45.32
1735765444, 5, 5, 10, 0, 0, 0.01%, 0, 0, 1, 42.72
1735765449, 5, 6, 10, 0, 0, 0.01%, 0, 0, 1, 44.75
1735765455, 5, 7, 10, 0, 0, 0.01%, 0, 0, 1, 45.38
1735765460, 5, 8, 10, 0, 0, 0.01%, 0, 0, 1, 46.46
1735765465, 5, 9, 10, 0, 0, 0.01%, 0, 0, 1, 45.74
1735765470, 6, 0, 10, 0, 0, 0.01%, 0, 0, 1, 46.60
1735765480, 6, 1, 10, 0, 0, 0.01%, 0, 0, 1, 44.64
1735765485, 6, 2, 10, 0, 0, 0.01%, 0, 0, 1, 47.63
1735765490, 6, 3, 10, 0, 0, 0.01%, 0, 0, 1, 48.37
1735765495, 6, 4, 10, 0, 0, 0.01%, 0, 0, 1, 48.10
1735765500, 6, 5, 10, 0, 0, 0.01%, 0, 0, 1, 48.61
1735765505, 6, 6, 10, 0, 0, 0.01%, 0, 0, 1, 49.34
1735765510, 6, 7, 10, 0, 0, 0.01%, 0, 0, 1, 46.97
1735765515, 6, 8, 10, 0, 0, 0.01%, 0, 0, 1, 45.41
1735765520, 6, 9, 10, 0, 0, 0.01%, 0, 0, 1, 44.21
1735765525, 7, 0, 10, 0, 0, 0.01%, 0, 0, 1, 45.11
1735765536, 7, 1, 10, 0, 0, 0.01%, 0, 0, 1, 49.38
1735765541, 7, 2, 10, 0, 0, 0.01%, 0, 0, 1, 45.60
1735765546, 7, 3, 10, 0, 0, 0.01%, 0, 0, 1, 45.91
1735765551, 7, 4, 10, 0, 0, 0.01%, 0, 0, 1, 46.50
1735765556, 7, 5, 10, 0, 0, 0.01%, 0, 0, 1, 46.28
1735765561, 7, 6, 10, 0, 0, 0.01%, 0, 0, 1, 43.84
1735765566, 7, 7, 10, 0, 0, 0.01%, 0, 0, 1, 46.20
1735765571, 7, 8, 10, 0, 0, 0.01%, 0, 0, 1, 45.53
1735765576, 7, 9, 10, 0, 0, 0.01%, 0, 0, 1, 46.28
1735765581, 8, 0, 10, 0, 0, 0.01%, 0, 0, 1, 44.32
1735765586, 8, 1, 10, 0, 0, 0.01%, 0, 0, 1, 47.93
1735765596, 8, 2, 10, 0, 0, 0.01%, 0, 0, 1, 47.94
1735765602, 8, 3, 10, 0, 0, 0.01%, 0, 0, 1, 46.38
1735765607, 8, 4, 10, 0, 0, 0.01%, 0, 0, 1, 45.32
1735765612, 8, 5, 10, 0, 0, 0.01%, 0, 0, 1, 45.66
1735765617, 8, 6, 10, 0, 0, 0.01%, 0, 0, 1, 45.31
1735765622, 8, 7, 10, 0, 0, 0.01%, 0, 0, 1, 44.69
1735765627, 8, 8, 10, 0, 0, 0.01%, 0, 0, 1, 44.71
1735765632, 8, 9, 10, 0, 0, 0.01%, 0, 0, 1, 44.71
1735765642, 9, 0, 10, 0, 0, 0.01%, 0, 0, 1, 44.05
1735765647, 9, 1, 10, 0, 0, 0.01%, 0, 0, 1, 47.57
1735765652, 9, 2, 10, 0, 0, 0.01%, 0, 0, 1, 44.84
1735765657, 9, 3, 10, 0, 0, 0.01%, 0, 0, 1, 43.13
1735765662, 9, 4, 10, 0, 0, 0.01%, 0, 0, 1, 45.11
1735765667, 9, 5, 10, 0, 0, 0.01%, 0, 0, 1, 44.75
1735765672, 9, 6, 10, 0, 0, 0.01%, 0, 0, 1, 45.76
1735765678, 9, 7, 10, 0, 0, 0.01%, 0, 0, 1, 45.52
1735765688, 9, 8, 10, 0, 0, 0.01%, 0, 0, 1, 45.03
1735765693, 9, 9, 10, 0, 0, 0.01%, 0, 0, 1, 44.93
1735765698, 10, 0, 10, 0, 0, 0.01%, 0, 0, 1, 45.11
1735765703, 10, 1, 10, 0, 0, 0.01%, 0, 0, 1, 46.24
1735765708, 10, 2, 10, 0, 0, 0.01%, 0, 0, 1, 45.02
1735765713, 10, 3, 10, 0, 0, 0.01%, 0, 0, 1, 46.19
1735765718, 10, 4, 10, 0, 0, 0.01%, 0, 0, 1, 46.25
1735765723, 10, 5, 10, 0, 0, 0.01%, 0, 0, 1, 46.58
1735765728, 10, 6, 10, 0, 0, 0.01%, 0, 0, 1, 46.98
1735765733, 10, 7, 10, 0, 0, 0.01%, 0, 0, 1, 47.51
1735765738, 10, 8, 10, 0, 0, 0.01%, 0, 0, 1, 46.51
1735765749, 10, 9, 10, 0, 0, 0.01%, 0, 0, 1, 44.35
1735765754, 11, 0, 10, 0, 0, 0.01%, 0, 0, 1, 45.57
1735765759, 11, 1, 10, 0, 0, 0.01%, 0, 0, 1, 48.00
1735765764, 11, 2, 10, 0, 0, 0.01%, 0, 0, 1, 46.68
1735765769, 11, 3, 10, 0, 0, 0.01%, 0, 0, 1, 47.14
1735765774, 11, 4, 10, 0, 0, 0.01%, 0, 0, 1, 44.90
1735765779, 11, 5, 10, 0, 0, 0.01%, 0, 0, 1, 48.84
1735765784, 11, 6, 10, 0, 0, 0.01%, 0, 0, 1, 46.42
1735765789, 11, 7, 10, 0, 0, 0.01%, 0, 0, 1, 46.12
1735765794, 11, 8, 10, 0, 0, 0.01%, 0, 0, 1, 48.80
1735765799, 11, 9, 10, 0, 0, 0.01%, 0, 0, 1, 48.38
1735765805, 12, 0, 10, 0, 0, 0.01%, 0, 0, 1, 47.68
1735765810, 12, 1, 10, 0, 0, 0.01%, 0, 0, 1, 47.05
1735765820, 12, 2, 10, 0, 0, 0.01%, 0, 0, 1, 46.69
1735765825, 12, 3, 10, 0, 0, 0.01%, 0, 0, 1, 46.08
1735765830, 12, 4, 10, 0, 0, 0.01%, 0, 0, 1, 44.70
1735765835, 12, 5, 10, 0, 0, 0.01%, 0, 0, 1, 48.36
1735765840, 12, 6, 10, 0, 0, 0.01%, 0, 0, 1, 46.91
1735765845, 12, 7, 10, 0, 0, 0.01%, 0, 0, 1, 48.27
1735765850, 12, 8, 10, 0, 0, 0.01%, 0, 0, 1, 46.26
1735765855, 12, 9, 10, 0, 0, 0.01%, 0, 0, 1, 47.48
1735765860, 13, 0, 10, 0, 0, 0.01%, 0, 0, 1, 46.21
1735765866, 13, 1, 10, 0, 0, 0.01%, 0, 0, 1, 47.28
1735765871, 13, 2, 10, 0, 0, 0.01%, 0, 0, 1, 49.88
1735765876, 13, 3, 10, 0, 0, 0.01%, 0, 0, 1, 48.94
1735765881, 13, 4, 10, 0, 0, 0.01%, 0, 0, 1, 48.42
1735765886, 13, 5, 10, 0, 0, 0.01%, 0, 0, 1, 48.71
1735765891, 13, 6, 10, 0, 0, 0.01%, 0, 0, 1, 48.79
1735765901, 13, 7, 10, 0, 0, 0.01%, 0, 0, 1, 49.29
1735765906, 13, 8, 10, 0, 0, 0.01%, 0, 0, 1, 48.80
1735765911, 13, 9, 10, 0, 0, 0.01%, 0, 0, 1, 46.05
1735765916, 14, 0, 10, 0, 0, 0.01%, 0, 0, 1, 46.08
1735765921, 14, 1, 10, 0, 0, 0.01%, 0, 0, 1, 45.22
1735765926, 14, 2, 10, 0, 0, 0.01%, 0, 0, 1, 47.99
1735765932, 14, 3, 10, 0, 0, 0.01%, 0, 0, 1, 44.97
1735765937, 14, 4, 10, 0, 0, 0.01%, 0, 0, 1, 46.99
1735765942, 14, 5, 10, 0, 0, 0.01%, 0, 0, 1, 45.22
1735765947, 14, 6, 10, 0, 0, 0.01%, 0, 0, 1, 48.91
1735765952, 14, 7, 10, 0, 0, 0.01%, 0, 0, 1, 46.56
1735765957, 14, 8, 10, 0, 0, 0.01%, 0, 0, 1, 47.03
1735765962, 14, 9, 10, 0, 0, 0.01%, 0, 0, 1, 47.29
1735765972, 15, 0, 10, 0, 0, 0.01%, 0, 0, 1, 46.91
1735765977, 15, 1, 10, 0, 0, 0.01%, 0, 0, 1, 46.82
1735765982, 15, 2, 10, 0, 0, 0.01%, 0, 0, 1, 49.61
1735765987, 15, 3, 10, 0, 0, 0.01%, 0, 0, 1, 48.00
1735765993, 15, 4, 10, 0, 0, 0.01%, 0, 0, 1, 40.66
1735766013, 15, 5, 10, 0, 0, 0.01%, 0, 0, 1, 41.40
1735766033, 15, 6, 10, 0, 0, 0.01%, 0, 0, 1, 43.73
1735766054, 15, 7, 10, 0, 0, 0.01%, 0, 0, 1, 39.76
1735766074, 15, 8, 10, 0, 0, 0.01%, 0, 0, 1, 44.14
1735766095, 15, 9, 10, 0, 0, 0.01%, 0, 0, 1, 44.38
1735766115, 16, 0, 10, 0, 0, 0.01%, 0, 0, 1, 43.51
1735766135, 16, 1, 10, 0, 0, 0.01%, 0, 0, 1, 42.94
1735766156, 16, 2, 10, 0, 0, 0.01%, 0, 0, 1, 44.63
1735766161, 16, 3, 10, 0, 0, 0.01%, 0, 0, 1, 45.92
1735766166, 16, 4, 10, 0, 0, 0.01%, 0, 0, 1, 48.94
1735766171, 16, 5, 10, 0, 0, 0.01%, 0, 0, 1, 48.87
1735766176, 16, 6, 10, 0, 0, 0.01%, 0, 0, 1, 45.52
1735766181, 16, 7, 10, 0, 0, 0.01%, 0, 0, 1, 49.26
1735766186, 16, 8, 10, 0, 0, 0.01%, 0, 0, 1, 46.22
1735766191, 16, 9, 10, 0, 0, 0.01%, 0, 0, 1, 45.54
1735766196, 17, 0, 10, 0, 0, 0.01%, 0, 0, 1, 48.79
1735766206, 17, 1, 10, 0, 0, 0.01%, 0, 0, 1, 46.73
1735766212, 17, 2, 10, 0, 0, 0.01%, 0, 0, 1, 45.95
1735766217, 17, 3, 10, 0, 0, 0.01%, 0, 0, 1, 49.59
1735766222, 17, 4, 10, 0, 0, 0.01%, 0, 0, 1, 48.54
1735766227, 17, 5, 10, 0, 0, 0.01%, 0, 0, 1, 50.90
1735766232, 17, 6, 10, 0, 0, 0.01%, 0, 0, 1, 48.38
1735766237, 17, 7, 10, 0, 0, 0.01%, 0, 0, 1, 49.50
1735766242, 17, 8, 10, 0, 0, 0.01%, 0, 0, 1, 45.93
1735766247, 17, 9, 10, 0, 0, 0.01%, 0, 0, 1, 45.82
1735766252, 18, 0, 10, 0, 0, 0.01%, 0, 0, 1, 48.31
1735766257, 18, 1, 10, 0, 0, 0.01%, 0, 0, 1, 47.53
1735766262, 18, 2, 10, 0, 0, 0.01%, 0, 0, 1, 45.80
1735766267, 18, 3, 10, 0, 0, 0.01%, 0, 0, 1, 48.54
1735766272, 18, 4, 10, 0, 0, 0.01%, 0, 0, 1, 46.71
1735766278, 18, 4, 11, 1, 0, 0.14%, 1, 0, 2, 46.87
1735766283, 18, 10, 11, 1, 1, 0.14%, 1, 0, 2, 57.77
1735766359, 23, 10, 11, 0, 0, 0.14%, 1, 0, 2, 50.10
1735766374, 24, 10, 11, 0, 0, 0.14%, 1, 0, 2, 49.93
1735766394, 25, 10, 11, 0, 0, 0.14%, 1, 0, 2, 45.95
1735766420, 26, 10, 11, 0, 0, 0.14%, 1, 0, 2, 51.37
1735766470, 27, 10, 11, 0, 0, 0.14%, 1, 0, 2, 48.72
1735766516, 28, 10, 11, 0, 0, 0.14%, 1, 0, 2, 46.26
1735766567, 29, 10, 11, 0, 0, 0.14%, 1, 0, 2, 49.48
1735766572, 29, 10, 12, 1, 0, 0.14%, 2, 0, 3, 51.72
1735766597, 29, 10, 13, 2, 0, 0.14%, 3, 0, 3, 50.10
1735766628, 29, 11, 13, 2, 2, 0.14%, 3, 0, 3, 57.15
1735766633, 29, 11, 15, 4, 2, 0.14%, 3, 0, 4, 91.94
1735766653, 29, 11, 16, 5, 2, 0.14%, 3, 0, 4, 66.91
1735766658, 29, 11, 17, 6, 2, 0.14%, 4, 0, 4, 56.24
1735766674, 29, 11, 19, 8, 2, 0.14%, 4, 0, 4, 57.01
1735766694, 29, 11, 20, 9, 2, 0.14%, 4, 0, 4, 61.43
1735766760, 29, 19, 21, 7, 1, 0.14%, 5, 0, 5, 71.11
1735766836, 30, 15, 22, 5, 0, 0.14%, 5, 0, 5, 78.50
1735766887, 30, 15, 23, 6, 0, 0.14%, 5, 0, 5, 58.07
1735766912, 30, 15, 24, 7, 0, 0.14%, 5, 0, 5, 63.81
1735766943, 30, 15, 25, 8, 0, 0.14%, 5, 0, 5, 55.41
1735766963, 30, 24, 25, 8, 1, 0.14%, 5, 0, 5, 45.63
1735767111, 30, 24, 26, 9, 1, 0.14%, 6, 0, 6, 105.59
1735767117, 30, 24, 27, 10, 1, 0.14%, 7, 0, 6, 105.53
1735767814, 30, 24, 28, 11, 1, 0.14%, 7, 0, 6, 75.69
1735767869, 30, 27, 28, 10, 1, 0.14%, 7, 0, 6, 45.25
1735767874, 30, 27, 30, 12, 1, 0.14%, 7, 0, 7, 86.29
1735768689, 30, 27, 31, 13, 1, 0.14%, 7, 0, 7, 66.51
1735768715, 30, 27, 32, 14, 1, 0.14%, 7, 0, 7, 75.02
1735768771, 30, 31, 32, 13, 1, 0.14%, 7, 0, 7, 80.56
1735768776, 30, 31, 33, 14, 1, 0.14%, 7, 0, 8, 102.08
1735768796, 30, 31, 34, 15, 1, 0.14%, 7, 0, 8, 77.95
1735768807, 30, 31, 35, 16, 1, 0.14%, 7, 0, 8, 67.31
1735768832, 30, 31, 36, 17, 1, 0.14%, 7, 0, 8, 64.54
1735768893, 31, 10, 36, 13, 0, 0.14%, 7, 0, 8, 56.67
1735768903, 31, 10, 37, 14, 0, 0.14%, 7, 0, 8, 56.91
1735768908, 32, 36, 37, 10, 0, 0.14%, 7, 0, 8, 76.57
1735768994, 34, 22, 37, 9, 0, 0.14%, 7, 0, 8, 46.22
1735769000, 34, 30, 37, 7, 0, 0.14%, 7, 0, 8, 37.87
1735769356, 35, 18, 37, 6, 0, 0.14%, 7, 0, 8, 71.50
1735769448, 36, 23, 37, 4, 0, 0.14%, 7, 0, 8, 47.10
1735769458, 39, 16, 37, 2, 0, 0.14%, 7, 0, 8, 58.56
1735769539, 40, 36, 37, 1, 0, 0.14%, 7, 0, 8, 68.96
1735769544, 41, 36, 37, 0, 0, 0.14%, 7, 0, 8, 65.26
1735769554, 42, 36, 37, 0, 0, 0.14%, 7, 0, 8, 68.39
1735769569, 43, 36, 37, 0, 0, 0.14%, 7, 0, 8, 62.55
1735769600, 44, 16, 37, 0, 0, 0.14%, 7, 0, 8, 68.80
1735769615, 44, 36, 37, 0, 0, 0.14%, 7, 0, 8, 61.40
1735769651, 45, 16, 37, 0, 0, 0.14%, 7, 0, 8, 63.42
1735769666, 45, 36, 37, 0, 0, 0.14%, 7, 0, 8, 63.59
1735769702, 46, 16, 37, 0, 0, 0.14%, 7, 0, 8, 62.41
1735769737, 46, 36, 37, 0, 0, 0.14%, 7, 0, 8, 65.16
1735769773, 47, 16, 37, 0, 0, 0.14%, 7, 0, 8, 62.69
1735769813, 48, 16, 37, 0, 0, 0.14%, 7, 0, 8, 58.57
1735769849, 49, 16, 37, 0, 0, 0.14%, 7, 0, 8, 60.00
1735769889, 50, 16, 37, 0, 0, 0.14%, 7, 0, 8, 64.48
1735769925, 51, 16, 37, 0, 0, 0.14%, 7, 0, 8, 65.67
1735769960, 52, 16, 37, 0, 0, 0.14%, 7, 0, 8, 59.71
1735769996, 52, 35, 37, 0, 0, 0.14%, 7, 0, 8, 65.50
1735770103, 53, 10, 37, 0, 0, 0.14%, 7, 0, 8, 58.06
1735770128, 73, 10, 37, 0, 0, 0.14%, 7, 0, 8, 59.82
1735770163, 85, 19, 37, 0, 0, 0.14%, 7, 0, 8, 57.24
1735770189, 88, 33, 37, 0, 0, 0.14%, 7, 0, 8, 75.28
1735770296, 92, 19, 37, 0, 0, 0.14%, 7, 0, 8, 65.70
1735770331, 94, 34, 37, 0, 0, 0.14%, 7, 0, 8, 79.95
1735770423, 94, 34, 38, 1, 0, 0.14%, 7, 0, 9, 72.55
1735770428, 94, 34, 39, 2, 0, 0.14%, 7, 0, 9, 69.41
1735770448, 94, 34, 40, 3, 0, 0.14%, 7, 0, 9, 70.13
1735770499, 94, 39, 40, 3, 1, 0.14%, 7, 0, 9, 50.09
1735770509, 95, 10, 40, 2, 0, 0.14%, 7, 0, 9, 44.82
1735770540, 96, 37, 40, 2, 0, 0.14%, 7, 0, 9, 39.07
1735771760, 97, 26, 40, 1, 0, 0.14%, 7, 0, 9, 90.34
1735772117, 99, 38, 40, 0, 0, 0.14%, 7, 0, 9, 70.67
1735772306, 107, 38, 40, 0, 0, 0.14%, 7, 0, 9, 74.10
1735772342, 108, 38, 40, 0, 0, 0.14%, 7, 0, 9, 69.92
1735772372, 109, 38, 40, 0, 0, 0.14%, 7, 0, 9, 76.08
1735772408, 110, 38, 40, 0, 0, 0.14%, 7, 0, 9, 74.22
1735772438, 111, 38, 40, 0, 0, 0.14%, 7, 0, 9, 79.80
1735772479, 112, 32, 40, 0, 0, 0.14%, 7, 0, 9, 81.82
1735772576, 112, 38, 40, 0, 0, 0.14%, 7, 0, 9, 73.20
1735772612, 121, 23, 40, 0, 0, 0.14%, 7, 0, 9, 115.67
1735774561, 124, 20, 40, 0, 0, 0.14%, 7, 0, 9, 76.76
1735774606, 135, 26, 40, 0, 0, 0.14%, 7, 0, 9, 64.21
1735774617, 138, 19, 40, 0, 0, 0.14%, 7, 0, 9, 60.21
1735774652, 140, 26, 40, 0, 0, 0.14%, 7, 0, 9, 65.50
1735774662, 141, 20, 40, 0, 0, 0.14%, 7, 0, 9, 61.41
1735774677, 142, 23, 40, 0, 0, 0.14%, 7, 0, 9, 67.71
1735774688, 146, 15, 40, 0, 0, 0.14%, 7, 0, 9, 64.56
1735774693, 149, 39, 40, 0, 0, 0.14%, 7, 0, 9, 105.32
