# unix_time, cycles_done, cur_path, paths_total, pending_total, pending_favs, map_size, unique_crashes, unique_hangs, max_depth, execs_per_sec
1735363677, 0, 0, 10, 10, 1, 0.01%, 0, 0, 1, 38.17
1735363682, 0, 3, 10, 10, 1, 0.01%, 0, 0, 1, 38.40
1735363697, 1, 0, 10, 3, 0, 0.01%, 0, 0, 1, 44.18
1735363702, 1, 1, 10, 2, 0, 0.01%, 0, 0, 1, 47.19
1735363707, 1, 2, 10, 1, 0, 0.01%, 0, 0, 1, 44.30
1735363713, 1, 3, 10, 0, 0, 0.01%, 0, 0, 1, 46.89
1735363718, 1, 3, 11, 1, 0, 0.14%, 1, 0, 2, 47.19
1735363723, 1, 10, 13, 3, 1, 0.14%, 3, 0, 3, 62.86
1735363763, 1, 12, 13, 1, 1, 0.14%, 3, 0, 3, 55.00
1735363773, 1, 12, 14, 2, 1, 0.14%, 3, 0, 4, 53.59
1735363829, 3, 12, 14, 1, 0, 0.14%, 3, 0, 4, 46.98
1735363834, 3, 13, 14, 1, 0, 0.14%, 3, 0, 4, 67.98
1735363844, 3, 13, 20, 7, 0, 0.14%, 3, 0, 5, 91.78
1735363849, 3, 13, 21, 8, 0, 0.14%, 3, 0, 5, 106.04
1735363931, 5, 11, 21, 5, 0, 0.14%, 3, 0, 5, 75.90
1735363946, 6, 11, 21, 2, 0, 0.14%, 3, 0, 5, 50.63
1735363956, 7, 11, 21, 2, 0, 0.14%, 3, 0, 5, 50.65
1735363961, 7, 11, 22, 3, 0, 0.14%, 4, 0, 5, 48.55
1735363986, 7, 21, 23, 4, 1, 0.14%, 5, 0, 5, 84.00
1735363997, 7, 21, 24, 5, 1, 0.14%, 5, 0, 5, 54.43
1735364078, 7, 21, 25, 6, 1, 0.14%, 5, 0, 5, 48.73
1735364109, 7, 24, 25, 3, 1, 0.14%, 5, 0, 5, 70.45
1735364190, 8, 22, 25, 1, 0, 0.14%, 5, 0, 5, 82.72
1735364231, 10, 22, 25, 1, 0, 0.14%, 5, 0, 5, 48.38
1735364251, 10, 23, 25, 1, 0, 0.14%, 5, 0, 5, 66.68
1735364266, 10, 23, 26, 2, 0, 0.14%, 5, 0, 6, 62.72
1735364322, 11, 22, 26, 0, 0, 0.14%, 5, 0, 6, 51.35
1735364347, 11, 25, 26, 0, 0, 0.14%, 5, 0, 6, 70.03
1735364363, 11, 25, 27, 1, 0, 0.14%, 5, 0, 7, 67.54
1735364368, 11, 25, 28, 2, 0, 0.14%, 5, 0, 7, 57.91
1735364413, 11, 25, 29, 3, 0, 0.14%, 5, 0, 7, 55.99
1735364469, 11, 27, 29, 3, 2, 0.14%, 5, 0, 7, 47.44
1735364728, 11, 27, 31, 5, 2, 0.14%, 5, 0, 8, 93.22
1735364733, 11, 27, 34, 8, 2, 0.14%, 5, 0, 8, 73.28
1735364784, 11, 27, 35, 9, 2, 0.14%, 6, 0, 8, 80.93
1735364810, 11, 31, 35, 8, 1, 0.14%, 6, 0, 8, 50.24
1735364815, 11, 34, 35, 7, 0, 0.14%, 6, 0, 8, 109.03
1735364902, 11, 34, 36, 8, 0, 0.14%, 6, 0, 9, 73.57
1735365054, 12, 22, 36, 7, 0, 0.14%, 6, 0, 9, 56.06
1735365065, 12, 22, 37, 8, 0, 0.14%, 6, 0, 9, 51.78
1735365085, 12, 22, 38, 9, 0, 0.14%, 6, 0, 9, 60.72
1735365105, 12, 37, 38, 8, 1, 0.14%, 6, 0, 9, 51.09
1735365111, 12, 37, 39, 9, 1, 0.14%, 6, 0, 9, 88.89
1735365192, 13, 36, 39, 6, 0, 0.14%, 6, 0, 9, 46.71
1735365248, 14, 28, 39, 5, 0, 0.14%, 6, 0, 9, 88.40
1735365304, 14, 39, 40, 5, 1, 0.14%, 6, 0, 9, 58.02
1735365502, 15, 36, 40, 3, 0, 0.14%, 6, 0, 9, 50.11
1735365523, 16, 36, 40, 2, 0, 0.14%, 6, 0, 9, 56.21
1735365538, 17, 33, 40, 2, 0, 0.14%, 6, 0, 9, 83.89
1735365599, 17, 36, 40, 2, 0, 0.14%, 6, 0, 9, 59.62
1735365625, 18, 36, 40, 1, 0, 0.14%, 6, 0, 9, 52.91
1735365665, 19, 11, 40, 1, 0, 0.14%, 6, 0, 9, 55.68
1735365670, 19, 36, 40, 1, 0, 0.14%, 6, 0, 9, 60.46
1735365711, 20, 36, 40, 1, 0, 0.14%, 6, 0, 9, 57.84
1735365751, 21, 36, 40, 1, 0, 0.14%, 6, 0, 9, 57.26
1735365787, 22, 36, 40, 1, 0, 0.14%, 6, 0, 9, 56.97
1735365828, 23, 33, 40, 0, 0, 0.14%, 6, 0, 9, 57.89
1735365838, 23, 36, 40, 0, 0, 0.14%, 6, 0, 9, 57.50
1735365843, 23, 36, 41, 1, 0, 0.14%, 6, 0, 9, 61.64
1735365889, 23, 40, 41, 1, 1, 0.14%, 6, 0, 9, 50.87
1735366129, 23, 40, 43, 3, 1, 0.14%, 6, 0, 9, 109.28
1735366144, 23, 40, 44, 4, 1, 0.14%, 6, 0, 9, 79.63
1735366221, 23, 43, 44, 3, 1, 0.14%, 6, 0, 9, 60.86
1735366467, 23, 43, 45, 4, 1, 0.14%, 7, 0, 9, 82.60
1735366528, 23, 44, 45, 3, 1, 0.14%, 7, 0, 9, 110.53
1735366788, 24, 33, 45, 2, 0, 0.14%, 7, 0, 9, 68.92
1735366799, 24, 39, 45, 2, 0, 0.14%, 7, 0, 9, 66.31
1735366809, 25, 33, 45, 1, 0, 0.14%, 7, 0, 9, 64.65
1735366834, 25, 39, 45, 1, 0, 0.14%, 7, 0, 9, 73.29
1735366849, 26, 33, 45, 1, 0, 0.14%, 7, 0, 9, 64.16
1735366885, 26, 39, 45, 1, 0, 0.14%, 7, 0, 9, 78.65
1735366915, 27, 33, 45, 0, 0, 0.14%, 7, 0, 9, 62.63
1735366951, 27, 39, 46, 1, 0, 0.14%, 7, 0, 9, 72.64
1735366992, 27, 45, 46, 1, 1, 0.14%, 7, 0, 9, 71.23
1735367374, 30, 22, 46, 0, 0, 0.14%, 7, 0, 9, 64.12
1735367409, 33, 44, 46, 0, 0, 0.14%, 7, 0, 9, 74.58
1735367415, 34, 33, 46, 0, 0, 0.14%, 7, 0, 9, 65.21
1735367455, 34, 44, 46, 0, 0, 0.14%, 7, 0, 9, 74.42
1735367465, 35, 33, 46, 0, 0, 0.14%, 7, 0, 9, 62.48
1735367501, 35, 44, 46, 0, 0, 0.14%, 7, 0, 9, 59.18
1735367531, 36, 44, 46, 0, 0, 0.14%, 7, 0, 9, 81.85
1735367562, 37, 22, 46, 0, 0, 0.14%, 7, 0, 9, 61.25
1735367602, 37, 44, 46, 0, 0, 0.14%, 7, 0, 9, 77.13
1735367633, 38, 26, 46, 0, 0, 0.14%, 7, 0, 9, 75.85
1735367668, 38, 44, 46, 0, 0, 0.14%, 7, 0, 9, 82.21
1735367698, 38, 45, 46, 0, 0, 0.14%, 7, 0, 9, 75.42
1735367704, 39, 11, 46, 0, 0, 0.14%, 7, 0, 9, 62.23
1735367709, 39, 44, 46, 0, 0, 0.14%, 7, 0, 9, 65.81
1735367744, 39, 45, 46, 0, 0, 0.14%, 7, 0, 9, 75.12
1735367765, 40, 45, 46, 0, 0, 0.14%, 7, 0, 9, 74.67
1735367795, 41, 45, 46, 0, 0, 0.14%, 7, 0, 9, 70.46
1735367831, 42, 45, 46, 0, 0, 0.14%, 7, 0, 9, 65.39
1735367861, 44, 22, 46, 0, 0, 0.14%, 7, 0, 9, 61.89
1735367902, 48, 29, 46, 0, 0, 0.14%, 7, 0, 9, 93.86
1735368429, 49, 11, 46, 0, 0, 0.14%, 7, 0, 9, 61.45
1735368439, 49, 22, 46, 0, 0, 0.14%, 7, 0, 9, 63.51
1735368475, 50, 39, 46, 0, 0, 0.14%, 7, 0, 9, 72.06
1735368510, 53, 12, 46, 0, 0, 0.14%, 7, 0, 9, 58.11
1735368516, 55, 13, 46, 0, 0, 0.14%, 7, 0, 9, 64.40
1735368521, 57, 13, 46, 0, 0, 0.14%, 7, 0, 9, 69.53
1735368531, 59, 21, 46, 0, 0, 0.14%, 7, 0, 9, 63.50
1735368536, 60, 12, 46, 0, 0, 0.14%, 7, 0, 9, 61.83
1735368541, 62, 21, 46, 0, 0, 0.14%, 7, 0, 9, 62.88
1735368551, 63, 21, 46, 0, 0, 0.14%, 7, 0, 9, 61.27
1735368571, 63, 31, 46, 0, 0, 0.14%, 7, 0, 9, 76.18
1735368622, 65, 22, 46, 0, 0, 0.14%, 7, 0, 9, 62.46
1735368657, 68, 41, 46, 0, 0, 0.14%, 7, 0, 9, 102.22
1735368959, 73, 33, 46, 0, 0, 0.14%, 7, 0, 9, 65.60
1735368995, 73, 36, 46, 0, 0, 0.14%, 7, 0, 9, 58.22
1735369030, 74, 22, 46, 0, 0, 0.14%, 7, 0, 9, 60.35
1735369066, 76, 22, 46, 0, 0, 0.14%, 7, 0, 9, 69.22
1735369106, 77, 13, 46, 0, 0, 0.14%, 7, 0, 9, 65.98
1735369132, 81, 36, 46, 0, 0, 0.14%, 7, 0, 9, 63.37
1735369172, 82, 43, 46, 0, 0, 0.14%, 7, 0, 9, 75.00
1735369182, 84, 39, 46, 0, 0, 0.14%, 7, 0, 9, 72.90
1735369218, 87, 13, 46, 0, 0, 0.14%, 7, 0, 9, 64.78
1735369248, 87, 36, 46, 0, 0, 0.14%, 7, 0, 9, 61.97
1735369283, 89, 21, 46, 0, 0, 0.14%, 7, 0, 9, 61.40
1735369324, 90, 23, 46, 0, 0, 0.14%, 7, 0, 9, 59.68
1735369329, 91, 18, 46, 0, 0, 0.14%, 7, 0, 9, 66.22
1735369375, 91, 22, 46, 0, 0, 0.14%, 7, 0, 9, 59.91
1735369411, 92, 21, 46, 0, 0, 0.14%, 7, 0, 9, 69.23
1735369446, 92, 23, 46, 0, 0, 0.14%, 7, 0, 9, 62.13
1735369456, 93, 22, 46, 0, 0, 0.14%, 7, 0, 9, 63.05
1735369492, 94, 36, 46, 0, 0, 0.14%, 7, 0, 9, 65.16
1735369532, 95, 22, 46, 0, 0, 0.14%, 7, 0, 9, 59.79
1735369568, 96, 13, 46, 0, 0, 0.14%, 7, 0, 9, 68.93
1735369603, 98, 26, 46, 0, 0, 0.14%, 7, 0, 9, 62.68
1735369608, 99, 13, 46, 0, 0, 0.14%, 7, 0, 9, 68.31
1735369644, 102, 43, 46, 0, 0, 0.14%, 7, 0, 9, 75.72
1735369674, 103, 26, 46, 0, 0, 0.14%, 7, 0, 9, 62.85
1735369689, 103, 43, 46, 0, 0, 0.14%, 7, 0, 9, 66.15
1735369725, 104, 12, 46, 0, 0, 0.14%, 7, 0, 9, 65.45
1735369730, 104, 31, 46, 0, 0, 0.14%, 7, 0, 9, 66.60
1735369735, 105, 12, 46, 0, 0, 0.14%, 7, 0, 9, 63.00
1735369750, 105, 15, 46, 0, 0, 0.14%, 7, 0, 9, 80.91
1735369781, 105, 31, 46, 0, 0, 0.14%, 7, 0, 9, 63.89
1735369796, 105, 34, 46, 0, 0, 0.14%, 7, 0, 9, 67.62
1735369801, 106, 26, 46, 0, 0, 0.14%, 7, 0, 9, 63.29
1735369832, 106, 31, 46, 0, 0, 0.14%, 7, 0, 9, 62.84
1735369862, 110, 31, 46, 0, 0, 0.14%, 7, 0, 9, 69.25
1735369898, 110, 35, 46, 0, 0, 0.14%, 7, 0, 9, 119.08
1735370107, 111, 21, 46, 0, 0, 0.14%, 7, 0, 9, 63.18
1735370143, 112, 26, 46, 0, 0, 0.14%, 7, 0, 9, 65.52
1735370178, 112, 34, 46, 0, 0, 0.14%, 7, 0, 9, 73.85
1735370199, 113, 36, 46, 0, 0, 0.14%, 7, 0, 9, 60.73
1735370234, 115, 21, 46, 0, 0, 0.14%, 7, 0, 9, 66.76
1735370270, 122, 24, 46, 0, 0, 0.14%, 7, 0, 9, 61.54
1735370275, 122, 32, 46, 0, 0, 0.14%, 7, 0, 9, 78.01
1735370326, 122, 43, 46, 0, 0, 0.14%, 7, 0, 9, 69.54
1735370362, 125, 24, 46, 0, 0, 0.14%, 7, 0, 9, 66.29
1735370372, 129, 15, 46, 0, 0, 0.14%, 7, 0, 9, 59.15
1735370382, 130, 23, 46, 0, 0, 0.14%, 7, 0, 9, 59.14
1735370392, 131, 43, 46, 0, 0, 0.14%, 7, 0, 9, 61.89
1735370428, 132, 18, 46, 0, 0, 0.14%, 7, 0, 9, 57.82
1735370433, 133, 13, 46, 0, 0, 0.14%, 7, 0, 9, 63.25
1735370468, 133, 39, 46, 0, 0, 0.14%, 7, 0, 9, 71.76
1735370504, 136, 26, 46, 0, 0, 0.14%, 7, 0, 9, 62.73
1735370539, 136, 31, 46, 0, 0, 0.14%, 7, 0, 9, 61.44
1735370575, 137, 40, 46, 0, 0, 0.14%, 7, 0, 9, 69.30
1735370580, 137, 43, 46, 0, 0, 0.14%, 7, 0, 9, 79.14
1735370616, 138, 13, 46, 0, 0, 0.14%, 7, 0, 9, 71.27
1735370646, 139, 18, 46, 0, 0, 0.14%, 7, 0, 9, 62.69
1735370651, 139, 24, 46, 0, 0, 0.14%, 7, 0, 9, 62.44
1735370682, 140, 23, 46, 0, 0, 0.14%, 7, 0, 9, 67.44
1735370717, 140, 35, 46, 0, 0, 0.14%, 7, 0, 9, 70.25
1735370722, 146, 34, 46, 0, 0, 0.14%, 7, 0, 9, 68.64
1735370758, 147, 26, 46, 0, 0, 0.14%, 7, 0, 9, 65.94
1735370793, 147, 35, 46, 0, 0, 0.14%, 7, 0, 9, 74.79
1735370803, 150, 26, 46, 0, 0, 0.14%, 7, 0, 9, 72.08
1735370844, 152, 20, 46, 0, 0, 0.14%, 7, 0, 9, 84.44
1735370884, 154, 15, 46, 0, 0, 0.14%, 7, 0, 9, 60.69
1735370889, 157, 15, 46, 0, 0, 0.14%, 7, 0, 9, 60.39
1735370910, 157, 23, 46, 0, 0, 0.14%, 7, 0, 9, 63.56
1735370950, 160, 40, 46, 0, 0, 0.14%, 7, 0, 9, 70.82
1735370961, 161, 23, 46, 0, 0, 0.14%, 7, 0, 9, 60.25
1735370996, 163, 42, 46, 0, 0, 0.14%, 7, 0, 9, 86.58
1735371139, 165, 35, 46, 0, 0, 0.14%, 7, 0, 9, 70.02
1735371164, 167, 18, 46, 0, 0, 0.14%, 7, 0, 9, 62.93
1735371179, 167, 31, 46, 0, 0, 0.14%, 7, 0, 9, 60.40
1735371215, 169, 12, 46, 0, 0, 0.14%, 7, 0, 9, 56.88
1735371230, 169, 18, 46, 0, 0, 0.14%, 7, 0, 9, 64.63
1735371261, 171, 10, 46, 0, 0, 0.14%, 7, 0, 9, 67.78
1735371266, 171, 11, 46, 0, 0, 0.14%, 7, 0, 9, 60.73
1735371281, 171, 18, 46, 0, 0, 0.14%, 7, 0, 9, 60.73
1735371312, 172, 24, 46, 0, 0, 0.14%, 7, 0, 9, 62.42
1735371347, 174, 28, 46, 0, 0, 0.14%, 7, 0, 9, 64.79
1735371352, 174, 31, 46, 0, 0, 0.14%, 7, 0, 9, 66.01
1735371387, 175, 28, 46, 0, 0, 0.14%, 7, 0, 9, 64.48
1735371398, 177, 10, 46, 0, 0, 0.14%, 7, 0, 9, 61.86
1735371403, 177, 18, 46, 0, 0, 0.14%, 7, 0, 9, 60.28
1735371433, 177, 31, 46, 0, 0, 0.14%, 7, 0, 9, 67.36
1735371469, 178, 40, 46, 0, 0, 0.14%, 7, 0, 9, 80.21
1735371494, 179, 23, 46, 0, 0, 0.14%, 7, 0, 9, 63.07
1735371535, 180, 28, 46, 0, 0, 0.14%, 7, 0, 9, 66.30
1735371555, 182, 18, 46, 0, 0, 0.14%, 7, 0, 9, 64.44
1735371591, 182, 23, 46, 0, 0, 0.14%, 7, 0, 9, 57.55
1735371626, 183, 25, 46, 0, 0, 0.14%, 7, 0, 9, 60.69
1735371631, 183, 37, 46, 0, 0, 0.14%, 7, 0, 9, 66.02
1735371636, 184, 24, 46, 0, 0, 0.14%, 7, 0, 9, 58.64
1735371672, 184, 35, 46, 0, 0, 0.14%, 7, 0, 9, 69.07
1735371707, 185, 13, 46, 0, 0, 0.14%, 7, 0, 9, 71.37
1735371733, 185, 31, 46, 0, 0, 0.14%, 7, 0, 9, 61.12
1735371768, 186, 42, 46, 0, 0, 0.14%, 7, 0, 9, 82.50
1735371793, 190, 21, 46, 0, 0, 0.14%, 7, 0, 9, 60.83
1735371829, 192, 11, 46, 0, 0, 0.14%, 7, 0, 9, 55.57
1735371859, 193, 21, 46, 0, 0, 0.14%, 7, 0, 9, 60.53
1735371900, 193, 35, 46, 0, 0, 0.14%, 7, 0, 9, 74.91
1735371936, 194, 16, 46, 0, 0, 0.14%, 7, 0, 9, 87.73
1735371966, 196, 35, 46, 0, 0, 0.14%, 7, 0, 9, 68.62
1735371997, 197, 15, 46, 0, 0, 0.14%, 7, 0, 9, 72.52
1735372037, 197, 17, 46, 0, 0, 0.14%, 7, 0, 9, 86.88
1735372062, 198, 21, 46, 0, 0, 0.14%, 7, 0, 9, 62.26
1735372103, 198, 32, 46, 0, 0, 0.14%, 7, 0, 9, 69.20
1735372108, 200, 40, 46, 0, 0, 0.14%, 7, 0, 9, 77.07
1735372139, 202, 15, 46, 0, 0, 0.14%, 7, 0, 9, 63.80
1735372174, 202, 34, 46, 0, 0, 0.14%, 7, 0, 9, 68.70
1735372210, 202, 37, 46, 0, 0, 0.14%, 7, 0, 9, 70.24
1735372225, 203, 11, 46, 0, 0, 0.14%, 7, 0, 9, 60.78
1735372255, 203, 43, 46, 0, 0, 0.14%, 7, 0, 9, 75.77
1735372291, 204, 17, 46, 0, 0, 0.14%, 7, 0, 9, 67.57
1735372301, 204, 29, 46, 0, 0, 0.14%, 7, 0, 9, 72.75
1735372311, 204, 35, 46, 0, 0, 0.14%, 7, 0, 9, 77.56
1735372347, 204, 43, 46, 0, 0, 0.14%, 7, 0, 9, 75.83
1735372377, 206, 32, 46, 0, 0, 0.14%, 7, 0, 9, 60.56
1735372392, 206, 41, 46, 0, 0, 0.14%, 7, 0, 9, 66.88
1735372397, 206, 42, 46, 0, 0, 0.14%, 7, 0, 9, 68.98
1735372417, 209, 41, 46, 0, 0, 0.14%, 7, 0, 9, 79.84
1735372438, 211, 37, 46, 0, 0, 0.14%, 7, 0, 9, 67.37
1735372468, 213, 37, 46, 0, 0, 0.14%, 7, 0, 9, 61.39
1735372499, 214, 42, 46, 0, 0, 0.14%, 7, 0, 9, 72.95
1735372534, 215, 32, 46, 0, 0, 0.14%, 7, 0, 9, 61.96
1735372560, 216, 41, 46, 0, 0, 0.14%, 7, 0, 9, 75.34
1735372595, 216, 42, 46, 0, 0, 0.14%, 7, 0, 9, 73.04
1735372625, 219, 40, 46, 0, 0, 0.14%, 7, 0, 9, 77.54
1735372661, 220, 34, 46, 0, 0, 0.14%, 7, 0, 9, 77.31
1735372692, 221, 11, 46, 0, 0, 0.14%, 7, 0, 9, 59.78
1735372727, 221, 29, 46, 0, 0, 0.14%, 7, 0, 9, 85.44
1735372737, 223, 40, 46, 0, 0, 0.14%, 7, 0, 9, 77.61
1735372773, 224, 19, 46, 0, 0, 0.14%, 7, 0, 9, 79.77
1735372814, 224, 37, 46, 0, 0, 0.14%, 7, 0, 9, 60.18
1735372850, 224, 42, 46, 0, 0, 0.14%, 7, 0, 9, 73.95
1735372881, 225, 17, 46, 0, 0, 0.14%, 7, 0, 9, 70.87
1735372906, 226, 21, 46, 0, 0, 0.14%, 7, 0, 9, 56.40
1735372942, 226, 43, 46, 0, 0, 0.14%, 7, 0, 9, 81.60
1735372972, 227, 11, 46, 0, 0, 0.14%, 7, 0, 9, 61.10
1735373012, 227, 37, 46, 0, 0, 0.14%, 7, 0, 9, 57.86
1735373053, 228, 43, 46, 0, 0, 0.14%, 7, 0, 9, 64.13
1735373089, 229, 24, 46, 0, 0, 0.14%, 7, 0, 9, 65.63
1735373124, 231, 34, 46, 0, 0, 0.14%, 7, 0, 9, 78.57
1735373155, 231, 40, 46, 0, 0, 0.14%, 7, 0, 9, 70.25
1735373190, 232, 28, 46, 0, 0, 0.14%, 7, 0, 9, 68.66
1735373226, 233, 28, 46, 0, 0, 0.14%, 7, 0, 9, 66.88
1735373261, 235, 15, 46, 0, 0, 0.14%, 7, 0, 9, 62.49
1735373302, 236, 10, 46, 0, 0, 0.14%, 7, 0, 9, 61.63
1735373307, 236, 14, 46, 0, 0, 0.14%, 7, 0, 9, 64.65
1735373348, 237, 42, 46, 0, 0, 0.14%, 7, 0, 9, 75.32
1735373378, 239, 14, 46, 0, 0, 0.14%, 7, 0, 9, 57.86
1735373383, 240, 40, 46, 0, 0, 0.14%, 7, 0, 9, 60.65
1735373419, 241, 28, 46, 0, 0, 0.14%, 7, 0, 9, 67.99
1735373454, 243, 20, 46, 0, 0, 0.14%, 7, 0, 9, 56.74
1735373459, 243, 28, 46, 0, 0, 0.14%, 7, 0, 9, 63.38
1735373495, 245, 30, 46, 0, 0, 0.14%, 7, 0, 9, 86.67
1735373546, 245, 42, 46, 0, 0, 0.14%, 7, 0, 9, 74.40
1735373582, 246, 34, 46, 0, 0, 0.14%, 7, 0, 9, 69.99
1735373612, 247, 11, 46, 0, 0, 0.14%, 7, 0, 9, 73.08
1735373648, 247, 24, 46, 0, 0, 0.14%, 7, 0, 9, 63.63
1735373678, 248, 10, 46, 0, 0, 0.14%, 7, 0, 9, 62.16
1735373698, 248, 14, 46, 0, 0, 0.14%, 7, 0, 9, 58.28
1735373703, 250, 12, 46, 0, 0, 0.14%, 7, 0, 9, 62.78
1735373719, 251, 19, 46, 0, 0, 0.14%, 7, 0, 9, 58.93
1735373724, 252, 14, 46, 0, 0, 0.14%, 7, 0, 9, 59.18
1735373744, 253, 15, 46, 0, 0, 0.14%, 7, 0, 9, 59.29
1735373779, 253, 19, 46, 0, 0, 0.14%, 7, 0, 9, 63.39
1735373789, 253, 26, 46, 0, 0, 0.14%, 7, 0, 9, 63.08
1735373825, 257, 20, 46, 0, 0, 0.14%, 7, 0, 9, 67.09
1735373840, 258, 19, 46, 0, 0, 0.14%, 7, 0, 9, 63.85
1735373860, 258, 29, 46, 0, 0, 0.14%, 7, 0, 9, 79.67
1735373891, 258, 37, 46, 0, 0, 0.14%, 7, 0, 9, 64.17
1735373926, 258, 38, 46, 0, 0, 0.14%, 7, 0, 9, 64.37
1735373931, 259, 27, 46, 0, 0, 0.14%, 7, 0, 9, 64.36
1735373936, 259, 32, 46, 0, 0, 0.14%, 7, 0, 9, 63.11
1735373972, 260, 38, 46, 0, 0, 0.14%, 7, 0, 9, 73.63
1735374028, 261, 19, 46, 0, 0, 0.14%, 7, 0, 9, 60.29
1735374059, 263, 14, 46, 0, 0, 0.14%, 7, 0, 9, 66.42
1735374094, 263, 43, 46, 0, 0, 0.14%, 7, 0, 9, 72.06
1735374130, 264, 17, 46, 0, 0, 0.14%, 7, 0, 9, 61.61
1735374166, 271, 20, 46, 0, 0, 0.14%, 7, 0, 9, 62.60
1735374186, 271, 42, 46, 0, 0, 0.14%, 7, 0, 9, 74.12
1735374216, 272, 30, 46, 0, 0, 0.14%, 7, 0, 9, 64.91
1735374227, 274, 19, 46, 0, 0, 0.14%, 7, 0, 9, 61.03
1735374257, 275, 12, 46, 0, 0, 0.14%, 7, 0, 9, 58.91
1735374292, 276, 10, 46, 0, 0, 0.14%, 7, 0, 9, 62.53
1735374323, 276, 27, 46, 0, 0, 0.14%, 7, 0, 9, 65.96
1735374338, 278, 41, 46, 0, 0, 0.14%, 7, 0, 9, 81.10
1735374369, 279, 25, 46, 0, 0, 0.14%, 7, 0, 9, 61.74
1735374384, 280, 16, 46, 0, 0, 0.14%, 7, 0, 9, 64.19
1735374389, 280, 32, 46, 0, 0, 0.14%, 7, 0, 9, 63.31
1735374424, 281, 42, 46, 0, 0, 0.14%, 7, 0, 9, 68.78
1735374460, 283, 10, 46, 0, 0, 0.14%, 7, 0, 9, 57.11
