# unix_time, cycles_done, cur_path, paths_total, pending_total, pending_favs, map_size, unique_crashes, unique_hangs, max_depth, execs_per_sec
1735808371, 0, 0, 10, 10, 1, 0.01%, 0, 0, 1, 35.60
1735808376, 0, 3, 10, 10, 1, 0.01%, 0, 0, 1, 35.52
1735808391, 1, 0, 10, 3, 0, 0.01%, 0, 0, 1, 43.60
1735808396, 1, 1, 10, 2, 0, 0.01%, 0, 0, 1, 41.67
1735808407, 1, 2, 10, 1, 0, 0.01%, 0, 0, 1, 42.11
1735808412, 1, 3, 10, 0, 0, 0.01%, 0, 0, 1, 43.16
1735808417, 1, 4, 10, 0, 0, 0.01%, 0, 0, 1, 42.77
1735808422, 1, 5, 10, 0, 0, 0.01%, 0, 0, 1, 44.73
1735808427, 1, 6, 10, 0, 0, 0.01%, 0, 0, 1, 42.45
1735808437, 1, 7, 10, 0, 0, 0.01%, 0, 0, 1, 42.23
1735808442, 1, 8, 10, 0, 0, 0.01%, 0, 0, 1, 42.25
1735808447, 1, 9, 10, 0, 0, 0.01%, 0, 0, 1, 43.09
1735808453, 2, 0, 10, 0, 0, 0.01%, 0, 0, 1, 42.69
1735808458, 2, 1, 10, 0, 0, 0.01%, 0, 0, 1, 42.46
1735808463, 2, 2, 10, 0, 0, 0.01%, 0, 0, 1, 44.09
1735808473, 2, 3, 10, 0, 0, 0.01%, 0, 0, 1, 43.01
1735808478, 2, 4, 10, 0, 0, 0.01%, 0, 0, 1, 44.00
1735808483, 2, 5, 10, 0, 0, 0.01%, 0, 0, 1, 44.60
1735808488, 2, 6, 10, 0, 0, 0.01%, 0, 0, 1, 43.88
1735808493, 2, 7, 10, 0, 0, 0.01%, 0, 0, 1, 44.37
1735808499, 2, 8, 10, 0, 0, 0.01%, 0, 0, 1, 43.27
1735808504, 2, 9, 10, 0, 0, 0.01%, 0, 0, 1, 43.51
1735808514, 3, 0, 10, 0, 0, 0.01%, 0, 0, 1, 42.20
1735808519, 3, 1, 10, 0, 0, 0.01%, 0, 0, 1, 44.34
1735808524, 3, 2, 10, 0, 0, 0.01%, 0, 0, 1, 45.10
1735808529, 3, 3, 10, 0, 0, 0.01%, 0, 0, 1, 44.64
1735808534, 3, 4, 10, 0, 0, 0.01%, 0, 0, 1, 44.97
1735808539, 3, 5, 10, 0, 0, 0.01%, 0, 0, 1, 44.04
1735808550, 3, 6, 10, 0, 0, 0.01%, 0, 0, 1, 42.72
1735808555, 3, 7, 10, 0, 0, 0.01%, 0, 0, 1, 41.86
1735808560, 3, 8, 10, 0, 0, 0.01%, 0, 0, 1, 42.62
1735808565, 3, 9, 10, 0, 0, 0.01%, 0, 0, 1, 41.71
1735808570, 4, 0, 10, 0, 0, 0.01%, 0, 0, 1, 43.08
1735808575, 4, 1, 10, 0, 0, 0.01%, 0, 0, 1, 43.20
1735808585, 4, 2, 10, 0, 0, 0.01%, 0, 0, 1, 41.19
1735808590, 4, 3, 10, 0, 0, 0.01%, 0, 0, 1, 42.31
1735808595, 4, 4, 10, 0, 0, 0.01%, 0, 0, 1, 42.10
1735808601, 4, 5, 10, 0, 0, 0.01%, 0, 0, 1, 42.79
1735808606, 4, 6, 10, 0, 0, 0.01%, 0, 0, 1, 42.76
1735808616, 4, 7, 10, 0, 0, 0.01%, 0, 0, 1, 43.63
1735808621, 4, 8, 10, 0, 0, 0.01%, 0, 0, 1, 43.10
1735808626, 4, 9, 10, 0, 0, 0.01%, 0, 0, 1, 44.14
1735808631, 5, 0, 10, 0, 0, 0.01%, 0, 0, 1, 44.16
1735808636, 5, 1, 10, 0, 0, 0.01%, 0, 0, 1, 43.64
1735808642, 5, 2, 10, 0, 0, 0.01%, 0, 0, 1, 43.84
1735808647, 5, 3, 10, 0, 0, 0.01%, 0, 0, 1, 44.42
1735808657, 5, 4, 10, 0, 0, 0.01%, 0, 0, 1, 42.35
1735808662, 5, 5, 10, 0, 0, 0.01%, 0, 0, 1, 43.17
1735808667, 5, 6, 10, 0, 0, 0.01%, 0, 0, 1, 42.26
1735808672, 5, 7, 10, 0, 0, 0.01%, 0, 0, 1, 42.75
1735808677, 5, 8, 10, 0, 0, 0.01%, 0, 0, 1, 43.18
1735808682, 5, 9, 10, 0, 0, 0.01%, 0, 0, 1, 43.36
1735808693, 6, 0, 10, 0, 0, 0.01%, 0, 0, 1, 43.39
1735808698, 6, 1, 10, 0, 0, 0.01%, 0, 0, 1, 43.36
1735808703, 6, 2, 10, 0, 0, 0.01%, 0, 0, 1, 42.48
1735808708, 6, 3, 10, 0, 0, 0.01%, 0, 0, 1, 43.51
1735808713, 6, 4, 10, 0, 0, 0.01%, 0, 0, 1, 40.79
1735808718, 6, 5, 10, 0, 0, 0.01%, 0, 0, 1, 41.74
1735808728, 6, 6, 10, 0, 0, 0.01%, 0, 0, 1, 43.52
1735808734, 6, 7, 10, 0, 0, 0.01%, 0, 0, 1, 43.01
1735808739, 6, 8, 10, 0, 0, 0.01%, 0, 0, 1, 44.01
1735808744, 6, 9, 10, 0, 0, 0.01%, 0, 0, 1, 43.28
1735808749, 7, 0, 10, 0, 0, 0.01%, 0, 0, 1, 43.08
1735808754, 7, 1, 10, 0, 0, 0.01%, 0, 0, 1, 44.47
1735808764, 7, 2, 10, 0, 0, 0.01%, 0, 0, 1, 42.00
1735808769, 7, 3, 10, 0, 0, 0.01%, 0, 0, 1, 42.85
1735808774, 7, 4, 10, 0, 0, 0.01%, 0, 0, 1, 42.23
1735808779, 7, 5, 10, 0, 0, 0.01%, 0, 0, 1, 44.41
1735808784, 7, 6, 10, 0, 0, 0.01%, 0, 0, 1, 41.89
1735808795, 7, 7, 10, 0, 0, 0.01%, 0, 0, 1, 42.77
1735808800, 7, 8, 10, 0, 0, 0.01%, 0, 0, 1, 41.78
1735808805, 7, 9, 10, 0, 0, 0.01%, 0, 0, 1, 42.54
1735808810, 8, 0, 10, 0, 0, 0.01%, 0, 0, 1, 43.01
1735808815, 8, 1, 10, 0, 0, 0.01%, 0, 0, 1, 42.73
1735808820, 8, 2, 10, 0, 0, 0.01%, 0, 0, 1, 43.19
1735808830, 8, 3, 10, 0, 0, 0.01%, 0, 0, 1, 42.18
1735808835, 8, 4, 10, 0, 0, 0.01%, 0, 0, 1, 43.19
1735808841, 8, 5, 10, 0, 0, 0.01%, 0, 0, 1, 42.74
1735808846, 8, 6, 10, 0, 0, 0.01%, 0, 0, 1, 43.65
1735808851, 8, 7, 10, 0, 0, 0.01%, 0, 0, 1, 43.13
1735808856, 8, 8, 10, 0, 0, 0.01%, 0, 0, 1, 43.63
1735808866, 8, 9, 10, 0, 0, 0.01%, 0, 0, 1, 43.48
1735808871, 9, 0, 10, 0, 0, 0.01%, 0, 0, 1, 42.46
1735808877, 9, 1, 10, 0, 0, 0.01%, 0, 0, 1, 42.58
1735808882, 9, 2, 10, 0, 0, 0.01%, 0, 0, 1, 43.49
1735808887, 9, 3, 10, 0, 0, 0.01%, 0, 0, 1, 42.73
1735808892, 9, 4, 10, 0, 0, 0.01%, 0, 0, 1, 43.19
1735808897, 9, 5, 10, 0, 0, 0.01%, 0, 0, 1, 43.24
1735808907, 9, 6, 10, 0, 0, 0.01%, 0, 0, 1, 42.20
1735808912, 9, 7, 10, 0, 0, 0.01%, 0, 0, 1, 41.91
1735808917, 9, 8, 10, 0, 0, 0.01%, 0, 0, 1, 41.86
1735808923, 9, 9, 10, 0, 0, 0.01%, 0, 0, 1, 43.83
1735808928, 10, 0, 10, 0, 0, 0.01%, 0, 0, 1, 42.50
1735808933, 10, 1, 10, 0, 0, 0.01%, 0, 0, 1, 43.80
1735808943, 10, 2, 10, 0, 0, 0.01%, 0, 0, 1, 42.08
1735808948, 10, 3, 10, 0, 0, 0.01%, 0, 0, 1, 44.83
1735808953, 10, 4, 10, 0, 0, 0.01%, 0, 0, 1, 43.37
1735808958, 10, 5, 10, 0, 0, 0.01%, 0, 0, 1, 43.62
1735808963, 10, 6, 10, 0, 0, 0.01%, 0, 0, 1, 43.66
1735808968, 10, 7, 10, 0, 0, 0.01%, 0, 0, 1, 42.24
1735808974, 10, 8, 10, 0, 0, 0.01%, 0, 0, 1, 46.39
1735808984, 10, 9, 10, 0, 0, 0.01%, 0, 0, 1, 43.64
1735808989, 11, 0, 10, 0, 0, 0.01%, 0, 0, 1, 44.06
1735808994, 11, 1, 10, 0, 0, 0.01%, 0, 0, 1, 43.78
1735808999, 11, 2, 10, 0, 0, 0.01%, 0, 0, 1, 45.10
1735809004, 11, 3, 10, 0, 0, 0.01%, 0, 0, 1, 44.67
1735809009, 11, 4, 10, 0, 0, 0.01%, 0, 0, 1, 44.15
1735809014, 11, 5, 10, 0, 0, 0.01%, 0, 0, 1, 44.41
1735809024, 11, 6, 10, 0, 0, 0.01%, 0, 0, 1, 46.23
1735809029, 11, 7, 10, 0, 0, 0.01%, 0, 0, 1, 45.96
1735809034, 11, 8, 10, 0, 0, 0.01%, 0, 0, 1, 45.65
1735809040, 11, 9, 10, 0, 0, 0.01%, 0, 0, 1, 45.32
1735809045, 12, 0, 10, 0, 0, 0.01%, 0, 0, 1, 46.19
1735809050, 12, 1, 10, 0, 0, 0.01%, 0, 0, 1, 46.01
1735809055, 12, 2, 10, 0, 0, 0.01%, 0, 0, 1, 46.12
1735809060, 12, 3, 10, 0, 0, 0.01%, 0, 0, 1, 47.15
1735809065, 12, 4, 10, 0, 0, 0.01%, 0, 0, 1, 45.75
1735809070, 12, 5, 10, 0, 0, 0.01%, 0, 0, 1, 47.36
1735809080, 12, 6, 10, 0, 0, 0.01%, 0, 0, 1, 44.29
1735809085, 12, 7, 10, 0, 0, 0.01%, 0, 0, 1, 47.64
1735809090, 12, 8, 10, 0, 0, 0.01%, 0, 0, 1, 45.44
1735809096, 12, 9, 10, 0, 0, 0.01%, 0, 0, 1, 43.35
1735809101, 13, 0, 10, 0, 0, 0.01%, 0, 0, 1, 45.62
1735809106, 13, 1, 10, 0, 0, 0.01%, 0, 0, 1, 44.76
1735809111, 13, 2, 10, 0, 0, 0.01%, 0, 0, 1, 44.85
1735809116, 13, 3, 10, 0, 0, 0.01%, 0, 0, 1, 44.26
1735809121, 13, 4, 10, 0, 0, 0.01%, 0, 0, 1, 45.84
1735809131, 13, 5, 10, 0, 0, 0.01%, 0, 0, 1, 44.77
1735809136, 13, 6, 10, 0, 0, 0.01%, 0, 0, 1, 46.18
1735809142, 13, 7, 10, 0, 0, 0.01%, 0, 0, 1, 47.29
1735809147, 13, 8, 10, 0, 0, 0.01%, 0, 0, 1, 46.69
1735809152, 13, 9, 10, 0, 0, 0.01%, 0, 0, 1, 45.82
1735809157, 14, 0, 10, 0, 0, 0.01%, 0, 0, 1, 44.57
1735809162, 14, 1, 10, 0, 0, 0.01%, 0, 0, 1, 45.69
1735809167, 14, 2, 10, 0, 0, 0.01%, 0, 0, 1, 45.26
1735809172, 14, 3, 10, 0, 0, 0.01%, 0, 0, 1, 43.83
1735809182, 14, 4, 10, 0, 0, 0.01%, 0, 0, 1, 43.73
1735809188, 14, 5, 10, 0, 0, 0.01%, 0, 0, 1, 44.76
1735809193, 14, 6, 10, 0, 0, 0.01%, 0, 0, 1, 45.02
1735809198, 14, 7, 10, 0, 0, 0.01%, 0, 0, 1, 45.19
1735809203, 14, 8, 10, 0, 0, 0.01%, 0, 0, 1, 46.96
1735809208, 14, 9, 10, 0, 0, 0.01%, 0, 0, 1, 45.00
1735809213, 15, 0, 10, 0, 0, 0.01%, 0, 0, 1, 43.81
1735809218, 15, 1, 10, 0, 0, 0.01%, 0, 0, 1, 44.24
1735809228, 15, 2, 10, 0, 0, 0.01%, 0, 0, 1, 45.02
1735809233, 15, 3, 10, 0, 0, 0.01%, 0, 0, 1, 45.22
1735809238, 15, 4, 10, 0, 0, 0.01%, 0, 0, 1, 39.37
1735809259, 15, 5, 10, 0, 0, 0.01%, 0, 0, 1, 41.88
1735809280, 15, 6, 10, 0, 0, 0.01%, 0, 0, 1, 43.24
1735809300, 15, 7, 10, 0, 0, 0.01%, 0, 0, 1, 46.82
1735809326, 15, 8, 10, 0, 0, 0.01%, 0, 0, 1, 37.66
1735809346, 15, 9, 10, 0, 0, 0.01%, 0, 0, 1, 41.17
1735809366, 16, 0, 10, 0, 0, 0.01%, 0, 0, 1, 40.19
1735809387, 16, 1, 10, 0, 0, 0.01%, 0, 0, 1, 42.02
1735809408, 16, 2, 10, 0, 0, 0.01%, 0, 0, 1, 45.75
1735809413, 16, 3, 10, 0, 0, 0.01%, 0, 0, 1, 45.35
1735809418, 16, 4, 10, 0, 0, 0.01%, 0, 0, 1, 45.21
1735809428, 16, 5, 10, 0, 0, 0.01%, 0, 0, 1, 45.68
1735809433, 16, 6, 10, 0, 0, 0.01%, 0, 0, 1, 46.68
1735809438, 16, 7, 10, 0, 0, 0.01%, 0, 0, 1, 45.78
1735809443, 16, 8, 10, 0, 0, 0.01%, 0, 0, 1, 48.76
1735809448, 16, 9, 10, 0, 0, 0.01%, 0, 0, 1, 45.72
1735809453, 17, 0, 10, 0, 0, 0.01%, 0, 0, 1, 47.03
1735809458, 17, 1, 10, 0, 0, 0.01%, 0, 0, 1, 46.26
1735809463, 17, 2, 10, 0, 0, 0.01%, 0, 0, 1, 47.40
1735809468, 17, 3, 10, 0, 0, 0.01%, 0, 0, 1, 47.36
1735809473, 17, 4, 10, 0, 0, 0.01%, 0, 0, 1, 45.29
1735809479, 17, 5, 10, 0, 0, 0.01%, 0, 0, 1, 45.72
1735809489, 17, 6, 10, 0, 0, 0.01%, 0, 0, 1, 43.25
1735809494, 17, 7, 10, 0, 0, 0.01%, 0, 0, 1, 43.87
1735809499, 17, 8, 10, 0, 0, 0.01%, 0, 0, 1, 47.66
1735809504, 17, 9, 10, 0, 0, 0.01%, 0, 0, 1, 44.47
1735809509, 18, 0, 10, 0, 0, 0.01%, 0, 0, 1, 44.14
1735809514, 18, 1, 10, 0, 0, 0.01%, 0, 0, 1, 43.94
1735809519, 18, 2, 10, 0, 0, 0.01%, 0, 0, 1, 45.28
1735809524, 18, 3, 10, 0, 0, 0.01%, 0, 0, 1, 46.40
1735809529, 18, 4, 10, 0, 0, 0.01%, 0, 0, 1, 48.37
1735809535, 18, 5, 10, 0, 0, 0.01%, 0, 0, 1, 47.03
1735809545, 18, 6, 10, 0, 0, 0.01%, 0, 0, 1, 44.34
1735809550, 18, 7, 10, 0, 0, 0.01%, 0, 0, 1, 46.43
1735809555, 18, 8, 10, 0, 0, 0.01%, 0, 0, 1, 45.14
1735809560, 18, 9, 10, 0, 0, 0.01%, 0, 0, 1, 44.41
1735809565, 19, 0, 10, 0, 0, 0.01%, 0, 0, 1, 45.20
1735809570, 19, 1, 10, 0, 0, 0.01%, 0, 0, 1, 44.58
1735809575, 19, 2, 10, 0, 0, 0.01%, 0, 0, 1, 45.25
1735809580, 19, 3, 10, 0, 0, 0.01%, 0, 0, 1, 43.83
1735809585, 19, 4, 10, 0, 0, 0.01%, 0, 0, 1, 47.15
1735809595, 19, 5, 10, 0, 0, 0.01%, 0, 0, 1, 45.16
1735809600, 19, 6, 10, 0, 0, 0.01%, 0, 0, 1, 45.80
1735809606, 19, 7, 10, 0, 0, 0.01%, 0, 0, 1, 46.78
1735809611, 19, 8, 10, 0, 0, 0.01%, 0, 0, 1, 44.45
1735809616, 19, 9, 10, 0, 0, 0.01%, 0, 0, 1, 44.68
1735809621, 20, 0, 10, 0, 0, 0.01%, 0, 0, 1, 45.56
1735809626, 20, 1, 10, 0, 0, 0.01%, 0, 0, 1, 45.13
1735809631, 20, 2, 10, 0, 0, 0.01%, 0, 0, 1, 43.84
1735809636, 20, 3, 10, 0, 0, 0.01%, 0, 0, 1, 46.85
1735809646, 20, 4, 10, 0, 0, 0.01%, 0, 0, 1, 44.92
1735809651, 20, 5, 10, 0, 0, 0.01%, 0, 0, 1, 45.68
1735809656, 20, 6, 10, 0, 0, 0.01%, 0, 0, 1, 46.90
1735809661, 20, 7, 10, 0, 0, 0.01%, 0, 0, 1, 46.40
1735809666, 20, 8, 10, 0, 0, 0.01%, 0, 0, 1, 44.22
1735809671, 20, 9, 10, 0, 0, 0.01%, 0, 0, 1, 45.97
1735809677, 21, 0, 10, 0, 0, 0.01%, 0, 0, 1, 46.21
1735809682, 21, 1, 10, 0, 0, 0.01%, 0, 0, 1, 46.43
1735809687, 21, 2, 10, 0, 0, 0.01%, 0, 0, 1, 44.67
1735809697, 21, 3, 10, 0, 0, 0.01%, 0, 0, 1, 44.56
1735809702, 21, 4, 10, 0, 0, 0.01%, 0, 0, 1, 46.31
1735809707, 21, 5, 10, 0, 0, 0.01%, 0, 0, 1, 46.82
1735809712, 21, 6, 10, 0, 0, 0.01%, 0, 0, 1, 45.75
1735809717, 21, 7, 10, 0, 0, 0.01%, 0, 0, 1, 43.48
1735809722, 21, 10, 11, 1, 1, 0.14%, 1, 0, 2, 46.70
1735809733, 21, 10, 12, 2, 1, 0.14%, 2, 0, 3, 51.28
1735809809, 21, 11, 12, 1, 1, 0.14%, 2, 0, 3, 67.95
1735809814, 21, 11, 13, 2, 1, 0.14%, 3, 0, 4, 63.07
1735809824, 21, 11, 14, 3, 1, 0.14%, 4, 0, 4, 48.92
1735809829, 21, 11, 15, 4, 1, 0.14%, 4, 0, 4, 48.47
1735809940, 21, 13, 16, 3, 2, 0.14%, 5, 0, 5, 68.58
1735810011, 21, 13, 17, 4, 2, 0.14%, 5, 0, 5, 48.74
1735810113, 21, 15, 17, 3, 2, 0.14%, 5, 0, 5, 65.91
1735810138, 21, 15, 18, 4, 2, 0.14%, 5, 0, 6, 49.96
1735810143, 21, 15, 19, 5, 2, 0.14%, 5, 0, 6, 49.28
1735810250, 21, 15, 20, 6, 2, 0.14%, 6, 0, 6, 60.54
1735810255, 21, 15, 21, 7, 2, 0.14%, 6, 0, 6, 54.68
1735810280, 21, 16, 22, 7, 2, 0.14%, 6, 0, 6, 63.11
1735810306, 21, 16, 23, 8, 2, 0.14%, 6, 0, 6, 53.86
1735810316, 21, 16, 24, 9, 2, 0.14%, 6, 0, 6, 59.98
1735810331, 21, 16, 25, 10, 2, 0.14%, 6, 0, 6, 58.26
1735810342, 21, 16, 26, 11, 2, 0.14%, 6, 0, 6, 60.67
1735810382, 21, 16, 27, 12, 2, 0.14%, 6, 0, 6, 58.27
1735810413, 21, 19, 27, 11, 2, 0.14%, 6, 0, 6, 56.01
1735810879, 21, 19, 28, 12, 2, 0.14%, 6, 0, 7, 98.85
1735810884, 21, 19, 29, 13, 2, 0.14%, 6, 0, 7, 80.41
1735810960, 21, 19, 30, 14, 2, 0.14%, 6, 0, 7, 52.35
1735810965, 21, 24, 30, 13, 3, 0.14%, 6, 0, 7, 56.28
1735811021, 21, 24, 31, 14, 3, 0.14%, 6, 0, 7, 50.73
1735811102, 21, 29, 31, 12, 2, 0.14%, 6, 0, 7, 69.48
1735811184, 22, 25, 31, 8, 0, 0.14%, 6, 0, 7, 38.23
1735811189, 22, 28, 31, 7, 0, 0.14%, 6, 0, 7, 105.72
1735811467, 23, 26, 31, 7, 0, 0.14%, 6, 0, 7, 71.40
1735811533, 23, 26, 32, 8, 0, 0.14%, 6, 0, 7, 69.73
1735811554, 23, 26, 33, 9, 0, 0.14%, 6, 0, 7, 71.93
1735811579, 23, 26, 35, 11, 0, 0.14%, 6, 0, 7, 64.10
1735811584, 23, 26, 36, 12, 0, 0.14%, 6, 0, 7, 61.89
1735811594, 23, 32, 36, 11, 2, 0.14%, 6, 0, 7, 71.95
1735811686, 24, 22, 36, 9, 0, 0.14%, 6, 0, 7, 74.70
1735811777, 25, 28, 36, 7, 0, 0.14%, 6, 0, 7, 76.47
1735811798, 26, 18, 36, 7, 0, 0.14%, 6, 0, 7, 61.64
1735811803, 26, 28, 36, 5, 0, 0.14%, 6, 0, 7, 58.42
1735811838, 26, 34, 36, 5, 0, 0.14%, 6, 0, 7, 51.56
1735811844, 27, 28, 36, 3, 0, 0.14%, 6, 0, 7, 64.97
1735811879, 28, 28, 36, 3, 0, 0.14%, 6, 0, 7, 74.19
1735811910, 29, 28, 36, 3, 0, 0.14%, 6, 0, 7, 74.46
1735811920, 29, 28, 37, 4, 0, 0.14%, 7, 0, 8, 76.15
1735811956, 29, 36, 37, 4, 1, 0.14%, 7, 0, 8, 65.87
1735812225, 30, 34, 37, 3, 0, 0.14%, 7, 0, 8, 61.68
1735812796, 32, 36, 37, 2, 0, 0.14%, 7, 0, 8, 74.80
1735812817, 33, 23, 37, 2, 0, 0.14%, 7, 0, 8, 62.95
1735812822, 33, 36, 37, 1, 0, 0.14%, 7, 0, 8, 75.17
1735812852, 34, 31, 37, 1, 0, 0.14%, 7, 0, 8, 85.43
1735812954, 34, 36, 37, 1, 0, 0.14%, 7, 0, 8, 74.10
1735812984, 35, 33, 37, 1, 0, 0.14%, 7, 0, 8, 53.63
1735812989, 35, 36, 37, 0, 0, 0.14%, 7, 0, 8, 64.01
1735813025, 36, 28, 37, 0, 0, 0.14%, 7, 0, 8, 74.35
1735813055, 36, 36, 37, 0, 0, 0.14%, 7, 0, 8, 82.90
1735813091, 37, 28, 37, 0, 0, 0.14%, 7, 0, 8, 69.30
1735813126, 37, 36, 37, 0, 0, 0.14%, 7, 0, 8, 71.83
1735813157, 38, 31, 37, 0, 0, 0.14%, 7, 0, 8, 77.56
1735813172, 38, 36, 37, 0, 0, 0.14%, 7, 0, 8, 67.41
1735813208, 39, 31, 37, 0, 0, 0.14%, 7, 0, 8, 67.47
1735813228, 39, 36, 37, 0, 0, 0.14%, 7, 0, 8, 64.04
1735813268, 40, 31, 37, 0, 0, 0.14%, 7, 0, 8, 65.93
1735813304, 40, 35, 37, 0, 0, 0.14%, 7, 0, 8, 98.44
1735813386, 40, 36, 37, 0, 0, 0.14%, 7, 0, 8, 76.05
1735813416, 41, 31, 37, 0, 0, 0.14%, 7, 0, 8, 68.43
1735813447, 41, 36, 37, 0, 0, 0.14%, 7, 0, 8, 70.66
1735813477, 42, 31, 37, 0, 0, 0.14%, 7, 0, 8, 57.25
1735813518, 42, 36, 37, 0, 0, 0.14%, 7, 0, 8, 72.83
1735813553, 43, 31, 37, 0, 0, 0.14%, 7, 0, 8, 67.74
1735813589, 43, 36, 37, 0, 0, 0.14%, 7, 0, 8, 58.41
1735813624, 44, 31, 37, 0, 0, 0.14%, 7, 0, 8, 71.26
1735813660, 44, 36, 37, 0, 0, 0.14%, 7, 0, 8, 70.91
1735813690, 45, 31, 37, 0, 0, 0.14%, 7, 0, 8, 68.70
1735813731, 45, 36, 37, 0, 0, 0.14%, 7, 0, 8, 69.68
1735813741, 46, 31, 37, 0, 0, 0.14%, 7, 0, 8, 65.81
1735813781, 46, 36, 37, 0, 0, 0.14%, 7, 0, 8, 74.64
1735813792, 47, 36, 37, 0, 0, 0.14%, 7, 0, 8, 68.05
1735813807, 48, 36, 37, 0, 0, 0.14%, 7, 0, 8, 62.20
1735813812, 49, 30, 37, 0, 0, 0.14%, 7, 0, 8, 82.25
1735813878, 49, 36, 37, 0, 0, 0.14%, 7, 0, 8, 72.07
1735813888, 50, 36, 37, 0, 0, 0.14%, 7, 0, 8, 69.11
1735813893, 51, 36, 37, 0, 0, 0.14%, 7, 0, 8, 68.04
1735813898, 52, 36, 37, 0, 0, 0.14%, 7, 0, 8, 72.31
1735813904, 53, 35, 37, 0, 0, 0.14%, 7, 0, 8, 61.99
1735813914, 53, 36, 37, 0, 0, 0.14%, 7, 0, 8, 69.16
1735813919, 54, 19, 37, 0, 0, 0.14%, 7, 0, 8, 72.93
1735813934, 54, 36, 37, 0, 0, 0.14%, 7, 0, 8, 75.03
1735813939, 55, 14, 37, 0, 0, 0.14%, 7, 0, 8, 66.77
1735813990, 55, 36, 37, 0, 0, 0.14%, 7, 0, 8, 68.27
1735813995, 56, 36, 37, 0, 0, 0.14%, 7, 0, 8, 71.31
1735814000, 57, 36, 37, 0, 0, 0.14%, 7, 0, 8, 63.42
1735814010, 58, 36, 37, 0, 0, 0.14%, 7, 0, 8, 67.72
1735814015, 59, 19, 37, 0, 0, 0.14%, 7, 0, 8, 78.51
1735814031, 59, 36, 37, 0, 0, 0.14%, 7, 0, 8, 64.54
1735814041, 60, 36, 37, 0, 0, 0.14%, 7, 0, 8, 65.16
1735814046, 61, 28, 37, 0, 0, 0.14%, 7, 0, 8, 74.99
1735814086, 61, 36, 37, 0, 0, 0.14%, 7, 0, 8, 71.57
1735814091, 62, 36, 37, 0, 0, 0.14%, 7, 0, 8, 71.41
1735814097, 63, 36, 37, 0, 0, 0.14%, 7, 0, 8, 67.42
1735814102, 64, 36, 37, 0, 0, 0.14%, 7, 0, 8, 69.90
1735814107, 65, 36, 37, 0, 0, 0.14%, 7, 0, 8, 73.81
1735814117, 66, 36, 37, 0, 0, 0.14%, 7, 0, 8, 63.55
1735814122, 67, 36, 37, 0, 0, 0.14%, 7, 0, 8, 76.85
1735814127, 68, 36, 37, 0, 0, 0.14%, 7, 0, 8, 69.28
1735814137, 69, 19, 37, 0, 0, 0.14%, 7, 0, 8, 80.95
1735814158, 69, 36, 37, 0, 0, 0.14%, 7, 0, 8, 67.11
1735814163, 70, 36, 37, 0, 0, 0.14%, 7, 0, 8, 68.51
1735814168, 71, 36, 37, 0, 0, 0.14%, 7, 0, 8, 66.46
1735814178, 72, 36, 37, 0, 0, 0.14%, 7, 0, 8, 68.87
1735814183, 73, 36, 37, 0, 0, 0.14%, 7, 0, 8, 69.33
1735814188, 74, 36, 37, 0, 0, 0.14%, 7, 0, 8, 71.38
1735814193, 75, 35, 37, 0, 0, 0.14%, 7, 0, 8, 64.40
1735814208, 75, 36, 37, 0, 0, 0.14%, 7, 0, 8, 66.46
1735814213, 76, 36, 37, 0, 0, 0.14%, 7, 0, 8, 69.41
1735814218, 77, 36, 37, 0, 0, 0.14%, 7, 0, 8, 67.60
1735814228, 78, 19, 37, 0, 0, 0.14%, 7, 0, 8, 83.03
1735814259, 78, 36, 37, 0, 0, 0.14%, 7, 0, 8, 68.48
1735814269, 79, 22, 37, 0, 0, 0.14%, 7, 0, 8, 60.19
1735814274, 79, 36, 37, 0, 0, 0.14%, 7, 0, 8, 63.40
1735814279, 80, 36, 37, 0, 0, 0.14%, 7, 0, 8, 71.58
1735814284, 81, 19, 37, 0, 0, 0.14%, 7, 0, 8, 64.01
1735814320, 81, 22, 37, 0, 0, 0.14%, 7, 0, 8, 56.91
1735814335, 81, 36, 37, 0, 0, 0.14%, 7, 0, 8, 69.86
1735814340, 82, 36, 37, 0, 0, 0.14%, 7, 0, 8, 72.54
1735814350, 83, 36, 37, 0, 0, 0.14%, 7, 0, 8, 63.49
1735814356, 84, 36, 37, 0, 0, 0.14%, 7, 0, 8, 67.65
1735814361, 85, 36, 37, 0, 0, 0.14%, 7, 0, 8, 67.79
1735814366, 86, 36, 37, 0, 0, 0.14%, 7, 0, 8, 66.56
1735814376, 87, 36, 37, 0, 0, 0.14%, 7, 0, 8, 68.57
1735814381, 88, 29, 37, 0, 0, 0.14%, 7, 0, 8, 61.09
1735814411, 88, 36, 37, 0, 0, 0.14%, 7, 0, 8, 65.76
1735814416, 89, 36, 37, 0, 0, 0.14%, 7, 0, 8, 72.56
1735814421, 90, 36, 37, 0, 0, 0.14%, 7, 0, 8, 72.00
1735814426, 91, 29, 37, 0, 0, 0.14%, 7, 0, 8, 66.70
1735814457, 91, 36, 37, 0, 0, 0.14%, 7, 0, 8, 67.65
1735814462, 92, 14, 37, 0, 0, 0.14%, 7, 0, 8, 61.77
1735814482, 92, 36, 37, 0, 0, 0.14%, 7, 0, 8, 68.07
1735814488, 93, 36, 37, 0, 0, 0.14%, 7, 0, 8, 67.07
1735814498, 94, 28, 37, 0, 0, 0.14%, 7, 0, 8, 76.65
1735814528, 94, 36, 37, 0, 0, 0.14%, 7, 0, 8, 68.86
1735814538, 95, 14, 37, 0, 0, 0.14%, 7, 0, 8, 64.84
1735814553, 95, 36, 37, 0, 0, 0.14%, 7, 0, 8, 66.34
1735814558, 96, 14, 37, 0, 0, 0.14%, 7, 0, 8, 64.65
1735814579, 96, 36, 37, 0, 0, 0.14%, 7, 0, 8, 69.08
1735814589, 97, 36, 37, 0, 0, 0.14%, 7, 0, 8, 66.42
1735814594, 98, 36, 37, 0, 0, 0.14%, 7, 0, 8, 66.80
1735814599, 99, 14, 37, 0, 0, 0.14%, 7, 0, 8, 64.23
1735814624, 99, 36, 37, 0, 0, 0.14%, 7, 0, 8, 65.59
1735814629, 100, 36, 37, 0, 0, 0.14%, 7, 0, 8, 66.94
1735814635, 101, 23, 37, 0, 0, 0.14%, 7, 0, 8, 79.44
1735814691, 101, 36, 37, 0, 0, 0.14%, 7, 0, 8, 67.92
1735814696, 102, 36, 37, 0, 0, 0.14%, 7, 0, 8, 72.08
1735814701, 103, 36, 37, 0, 0, 0.14%, 7, 0, 8, 63.42
1735814711, 104, 12, 37, 0, 0, 0.14%, 7, 0, 8, 68.13
1735814777, 104, 35, 37, 0, 0, 0.14%, 7, 0, 8, 62.84
1735814813, 104, 36, 37, 0, 0, 0.14%, 7, 0, 8, 67.25
1735814818, 105, 12, 37, 0, 0, 0.14%, 7, 0, 8, 61.21
1735814848, 105, 30, 37, 0, 0, 0.14%, 7, 0, 8, 64.07
1735814873, 105, 36, 37, 0, 0, 0.14%, 7, 0, 8, 69.44
1735814879, 106, 36, 37, 0, 0, 0.14%, 7, 0, 8, 68.11
1735814889, 107, 36, 37, 0, 0, 0.14%, 7, 0, 8, 60.97
1735814894, 108, 22, 37, 0, 0, 0.14%, 7, 0, 8, 72.01
1735814929, 108, 36, 37, 0, 0, 0.14%, 7, 0, 8, 61.96
1735814934, 109, 12, 37, 0, 0, 0.14%, 7, 0, 8, 63.44
1735814950, 109, 36, 37, 0, 0, 0.14%, 7, 0, 8, 66.47
1735814955, 110, 36, 37, 0, 0, 0.14%, 7, 0, 8, 72.96
1735814960, 111, 15, 37, 0, 0, 0.14%, 7, 0, 8, 59.46
1735814970, 111, 36, 37, 0, 0, 0.14%, 7, 0, 8, 63.49
1735814975, 112, 36, 37, 0, 0, 0.14%, 7, 0, 8, 66.85
1735814980, 113, 36, 37, 0, 0, 0.14%, 7, 0, 8, 67.91
1735814985, 114, 36, 37, 0, 0, 0.14%, 7, 0, 8, 70.09
1735814995, 115, 36, 37, 0, 0, 0.14%, 7, 0, 8, 67.75
1735815000, 116, 36, 37, 0, 0, 0.14%, 7, 0, 8, 70.19
1735815005, 117, 36, 37, 0, 0, 0.14%, 7, 0, 8, 69.18
1735815016, 118, 35, 37, 0, 0, 0.14%, 7, 0, 8, 68.90
1735815051, 118, 36, 37, 0, 0, 0.14%, 7, 0, 8, 69.67
1735815056, 119, 28, 37, 0, 0, 0.14%, 7, 0, 8, 69.23
1735815092, 119, 36, 37, 0, 0, 0.14%, 7, 0, 8, 70.18
1735815097, 120, 36, 37, 0, 0, 0.14%, 7, 0, 8, 72.94
1735815102, 121, 29, 37, 0, 0, 0.14%, 7, 0, 8, 66.72
1735815137, 121, 36, 37, 0, 0, 0.14%, 7, 0, 8, 67.20
1735815147, 122, 23, 37, 0, 0, 0.14%, 7, 0, 8, 62.90
1735815153, 122, 34, 37, 0, 0, 0.14%, 7, 0, 8, 64.65
1735815158, 122, 36, 37, 0, 0, 0.14%, 7, 0, 8, 66.57
1735815168, 123, 19, 37, 0, 0, 0.14%, 7, 0, 8, 80.30
1735815203, 123, 36, 37, 0, 0, 0.14%, 7, 0, 8, 67.59
1735815209, 124, 19, 37, 0, 0, 0.14%, 7, 0, 8, 81.66
1735815239, 124, 22, 37, 0, 0, 0.14%, 7, 0, 8, 70.49
1735815244, 124, 22, 38, 1, 0, 0.14%, 7, 0, 8, 71.70
1735815286, 124, 37, 38, 1, 1, 0.14%, 7, 0, 8, 44.61
1735816162, 125, 36, 38, 0, 0, 0.14%, 7, 0, 8, 68.74
1735816172, 126, 15, 38, 0, 0, 0.14%, 7, 0, 8, 61.84
1735816182, 126, 19, 38, 0, 0, 0.14%, 7, 0, 8, 67.92
1735816217, 126, 34, 38, 0, 0, 0.14%, 7, 0, 8, 73.53
1735816227, 126, 36, 38, 0, 0, 0.14%, 7, 0, 8, 69.23
1735816238, 127, 29, 38, 0, 0, 0.14%, 7, 0, 8, 61.02
1735816273, 127, 36, 38, 0, 0, 0.14%, 7, 0, 8, 67.07
1735816278, 128, 36, 38, 0, 0, 0.14%, 7, 0, 8, 71.21
1735816283, 129, 22, 38, 0, 0, 0.14%, 7, 0, 8, 67.19
1735816319, 129, 36, 38, 0, 0, 0.14%, 7, 0, 8, 68.19
1735816329, 130, 36, 38, 0, 0, 0.14%, 7, 0, 8, 70.78
1735816334, 131, 12, 38, 0, 0, 0.14%, 7, 0, 8, 60.78
1735816354, 131, 30, 38, 0, 0, 0.14%, 7, 0, 8, 66.21
1735816380, 131, 36, 38, 0, 0, 0.14%, 7, 0, 8, 70.60
1735816390, 132, 36, 38, 0, 0, 0.14%, 7, 0, 8, 68.38
1735816395, 133, 36, 38, 0, 0, 0.14%, 7, 0, 8, 66.79
1735816400, 134, 36, 38, 0, 0, 0.14%, 7, 0, 8, 68.94
1735816405, 135, 20, 38, 0, 0, 0.14%, 7, 0, 8, 71.31
1735816753, 135, 36, 38, 0, 0, 0.14%, 7, 0, 8, 69.71
1735816763, 135, 37, 38, 0, 0, 0.14%, 7, 0, 8, 85.93
1735816784, 136, 15, 38, 0, 0, 0.14%, 7, 0, 8, 65.83
1735816814, 136, 24, 38, 0, 0, 0.14%, 7, 0, 8, 63.54
1735816819, 136, 36, 38, 0, 0, 0.14%, 7, 0, 8, 68.71
1735816824, 136, 37, 38, 0, 0, 0.14%, 7, 0, 8, 70.45
1735816859, 137, 36, 38, 0, 0, 0.14%, 7, 0, 8, 64.24
1735816869, 137, 37, 38, 0, 0, 0.14%, 7, 0, 8, 89.66
1735816900, 138, 11, 38, 0, 0, 0.14%, 7, 0, 8, 61.67
1735816905, 138, 36, 38, 0, 0, 0.14%, 7, 0, 8, 71.06
1735816910, 138, 37, 38, 0, 0, 0.14%, 7, 0, 8, 67.81
1735816946, 139, 36, 38, 0, 0, 0.14%, 7, 0, 8, 70.46
1735816951, 139, 37, 38, 0, 0, 0.14%, 7, 0, 8, 81.97
1735816982, 140, 12, 38, 0, 0, 0.14%, 7, 0, 8, 64.18
1735817022, 140, 36, 38, 0, 0, 0.14%, 7, 0, 8, 66.72
1735817027, 141, 11, 38, 0, 0, 0.14%, 7, 0, 8, 62.18
1735817032, 141, 34, 38, 0, 0, 0.14%, 7, 0, 8, 66.31
1735817068, 141, 36, 38, 0, 0, 0.14%, 7, 0, 8, 71.17
1735817073, 142, 19, 38, 0, 0, 0.14%, 7, 0, 8, 71.80
1735817109, 142, 36, 38, 0, 0, 0.14%, 7, 0, 8, 64.52
1735817114, 143, 36, 38, 0, 0, 0.14%, 7, 0, 8, 63.36
1735817124, 144, 36, 38, 0, 0, 0.14%, 7, 0, 8, 70.11
1735817129, 145, 26, 38, 0, 0, 0.14%, 7, 0, 8, 67.27
1735817134, 145, 36, 38, 0, 0, 0.14%, 7, 0, 8, 63.97
1735817144, 146, 35, 38, 0, 0, 0.14%, 7, 0, 8, 64.27
1735817180, 146, 36, 38, 0, 0, 0.14%, 7, 0, 8, 68.31
1735817185, 147, 36, 38, 0, 0, 0.14%, 7, 0, 8, 65.27
1735817195, 148, 36, 38, 0, 0, 0.14%, 7, 0, 8, 70.07
1735817200, 149, 29, 38, 0, 0, 0.14%, 7, 0, 8, 60.40
1735817240, 149, 36, 38, 0, 0, 0.14%, 7, 0, 8, 65.26
1735817245, 150, 20, 38, 0, 0, 0.14%, 7, 0, 8, 74.37
1735817256, 150, 23, 38, 0, 0, 0.14%, 7, 0, 8, 65.51
1735817271, 150, 34, 38, 0, 0, 0.14%, 7, 0, 8, 72.78
1735817307, 150, 36, 38, 0, 0, 0.14%, 7, 0, 8, 56.59
1735817317, 151, 14, 38, 0, 0, 0.14%, 7, 0, 8, 61.47
1735817347, 151, 36, 38, 0, 0, 0.14%, 7, 0, 8, 66.43
1735817357, 152, 19, 38, 0, 0, 0.14%, 7, 0, 8, 74.68
1735817388, 152, 36, 38, 0, 0, 0.14%, 7, 0, 8, 69.29
1735817398, 153, 36, 38, 0, 0, 0.14%, 7, 0, 8, 69.47
1735817403, 154, 36, 38, 0, 0, 0.14%, 7, 0, 8, 65.73
1735817408, 155, 30, 38, 0, 0, 0.14%, 7, 0, 8, 61.74
1735817428, 155, 36, 38, 0, 0, 0.14%, 7, 0, 8, 64.63
1735817438, 156, 36, 38, 0, 0, 0.14%, 7, 0, 8, 64.47
1735817443, 157, 18, 38, 0, 0, 0.14%, 7, 0, 8, 98.60
1735817713, 157, 36, 38, 0, 0, 0.14%, 7, 0, 8, 63.29
1735817718, 158, 12, 38, 0, 0, 0.14%, 7, 0, 8, 58.11
1735817754, 160, 24, 38, 0, 0, 0.14%, 7, 0, 8, 62.31
1735817774, 162, 12, 38, 0, 0, 0.14%, 7, 0, 8, 62.30
1735817815, 163, 12, 38, 0, 0, 0.14%, 7, 0, 8, 55.54
1735817855, 163, 26, 38, 0, 0, 0.14%, 7, 0, 8, 60.86
1735817875, 164, 11, 38, 0, 0, 0.14%, 7, 0, 8, 61.98
1735817880, 165, 21, 38, 0, 0, 0.14%, 7, 0, 8, 64.07
1735817916, 165, 35, 38, 0, 0, 0.14%, 7, 0, 8, 64.07
1735817952, 166, 22, 38, 0, 0, 0.14%, 7, 0, 8, 63.83
1735817987, 167, 19, 38, 0, 0, 0.14%, 7, 0, 8, 75.27
1735818023, 167, 33, 38, 0, 0, 0.14%, 7, 0, 8, 109.58
1735818438, 169, 23, 38, 0, 0, 0.14%, 7, 0, 8, 68.98
1735818473, 170, 19, 38, 0, 0, 0.14%, 7, 0, 8, 79.87
1735818503, 170, 25, 38, 0, 0, 0.14%, 7, 0, 8, 80.19
1735818676, 170, 33, 38, 0, 0, 0.14%, 7, 0, 8, 68.21
1735818681, 171, 19, 38, 0, 0, 0.14%, 7, 0, 8, 73.64
1735818686, 172, 11, 38, 0, 0, 0.14%, 7, 0, 8, 62.40
1735818701, 172, 12, 38, 0, 0, 0.14%, 7, 0, 8, 59.88
1735818736, 172, 28, 38, 0, 0, 0.14%, 7, 0, 8, 72.20
1735818772, 176, 25, 38, 0, 0, 0.14%, 7, 0, 8, 66.77
1735818777, 176, 35, 38, 0, 0, 0.14%, 7, 0, 8, 70.57
1735818812, 182, 15, 38, 0, 0, 0.14%, 7, 0, 8, 62.85
1735818847, 182, 24, 38, 0, 0, 0.14%, 7, 0, 8, 65.86
1735818883, 182, 25, 38, 0, 0, 0.14%, 7, 0, 8, 71.11
1735818893, 184, 20, 38, 0, 0, 0.14%, 7, 0, 8, 79.37
1735818913, 185, 23, 38, 0, 0, 0.14%, 7, 0, 8, 66.89
1735818919, 186, 11, 38, 0, 0, 0.14%, 7, 0, 8, 63.46
1735818949, 186, 15, 38, 0, 0, 0.14%, 7, 0, 8, 63.38
1735818985, 189, 11, 38, 0, 0, 0.14%, 7, 0, 8, 63.43
1735819025, 189, 21, 38, 0, 0, 0.14%, 7, 0, 8, 67.24
1735819030, 189, 22, 38, 0, 0, 0.14%, 7, 0, 8, 68.81
1735819066, 190, 17, 38, 0, 0, 0.14%, 7, 0, 8, 59.13
1735819101, 192, 12, 38, 0, 0, 0.14%, 7, 0, 8, 61.43
1735819137, 193, 23, 38, 0, 0, 0.14%, 7, 0, 8, 66.95
1735819152, 195, 17, 38, 0, 0, 0.14%, 7, 0, 8, 61.45
1735819162, 196, 17, 38, 0, 0, 0.14%, 7, 0, 8, 58.68
