# unix_time, cycles_done, cur_path, paths_total, pending_total, pending_favs, map_size, unique_crashes, unique_hangs, max_depth, execs_per_sec
1734140962, 0, 0, 10, 10, 1, 0.01%, 0, 0, 1, 35.91
1734140967, 0, 3, 10, 10, 1, 0.01%, 0, 0, 1, 36.86
1734140982, 1, 0, 10, 3, 0, 0.01%, 0, 0, 1, 44.07
1734140987, 1, 1, 10, 2, 0, 0.01%, 0, 0, 1, 43.97
1734140992, 1, 2, 10, 1, 0, 0.01%, 0, 0, 1, 44.81
1734141002, 1, 3, 10, 0, 0, 0.01%, 0, 0, 1, 46.46
1734141007, 1, 4, 10, 0, 0, 0.01%, 0, 0, 1, 46.58
1734141012, 1, 5, 10, 0, 0, 0.01%, 0, 0, 1, 44.90
1734141017, 1, 6, 10, 0, 0, 0.01%, 0, 0, 1, 45.72
1734141022, 1, 7, 10, 0, 0, 0.01%, 0, 0, 1, 44.49
1734141028, 1, 8, 10, 0, 0, 0.01%, 0, 0, 1, 44.10
1734141033, 1, 9, 10, 0, 0, 0.01%, 0, 0, 1, 44.81
1734141038, 2, 0, 10, 0, 0, 0.01%, 0, 0, 1, 45.20
1734141043, 2, 1, 10, 0, 0, 0.01%, 0, 0, 1, 45.19
1734141053, 2, 2, 10, 0, 0, 0.01%, 0, 0, 1, 43.37
1734141058, 2, 3, 10, 0, 0, 0.01%, 0, 0, 1, 44.92
1734141063, 2, 4, 10, 0, 0, 0.01%, 0, 0, 1, 43.73
1734141068, 2, 5, 10, 0, 0, 0.01%, 0, 0, 1, 45.10
1734141073, 2, 6, 10, 0, 0, 0.01%, 0, 0, 1, 44.98
1734141078, 2, 7, 10, 0, 0, 0.01%, 0, 0, 1, 45.46
1734141084, 2, 8, 10, 0, 0, 0.01%, 0, 0, 1, 45.48
1734141089, 2, 9, 10, 0, 0, 0.01%, 0, 0, 1, 44.33
1734141094, 3, 0, 10, 0, 0, 0.01%, 0, 0, 1, 46.59
1734141104, 3, 1, 10, 0, 0, 0.01%, 0, 0, 1, 45.79
1734141109, 3, 2, 10, 0, 0, 0.01%, 0, 0, 1, 43.05
1734141114, 3, 3, 10, 0, 0, 0.01%, 0, 0, 1, 43.96
1734141119, 3, 4, 10, 0, 0, 0.01%, 0, 0, 1, 45.08
1734141124, 3, 5, 10, 0, 0, 0.01%, 0, 0, 1, 45.43
1734141129, 3, 6, 10, 0, 0, 0.01%, 0, 0, 1, 44.84
1734141134, 3, 7, 10, 0, 0, 0.01%, 0, 0, 1, 44.72
1734141144, 3, 8, 10, 0, 0, 0.01%, 0, 0, 1, 46.32
1734141149, 3, 9, 10, 0, 0, 0.01%, 0, 0, 1, 44.88
1734141154, 4, 0, 10, 0, 0, 0.01%, 0, 0, 1, 46.44
1734141159, 4, 1, 10, 0, 0, 0.01%, 0, 0, 1, 46.46
1734141165, 4, 2, 10, 0, 0, 0.01%, 0, 0, 1, 44.58
1734141170, 4, 3, 10, 0, 0, 0.01%, 0, 0, 1, 43.74
1734141175, 4, 4, 10, 0, 0, 0.01%, 0, 0, 1, 43.33
1734141180, 4, 5, 10, 0, 0, 0.01%, 0, 0, 1, 45.36
1734141185, 4, 6, 10, 0, 0, 0.01%, 0, 0, 1, 44.51
1734141195, 4, 7, 10, 0, 0, 0.01%, 0, 0, 1, 44.61
1734141200, 4, 8, 10, 0, 0, 0.01%, 0, 0, 1, 43.66
1734141205, 4, 9, 10, 0, 0, 0.01%, 0, 0, 1, 46.80
1734141211, 5, 0, 10, 0, 0, 0.01%, 0, 0, 1, 45.27
1734141216, 5, 1, 10, 0, 0, 0.01%, 0, 0, 1, 45.63
1734141221, 5, 2, 10, 0, 0, 0.01%, 0, 0, 1, 44.30
1734141226, 5, 3, 10, 0, 0, 0.01%, 0, 0, 1, 45.85
1734141231, 5, 4, 10, 0, 0, 0.01%, 0, 0, 1, 45.40
1734141236, 5, 5, 10, 0, 0, 0.01%, 0, 0, 1, 47.03
1734141241, 5, 6, 10, 0, 0, 0.01%, 0, 0, 1, 47.59
1734141251, 5, 7, 10, 0, 0, 0.01%, 0, 0, 1, 45.57
1734141256, 5, 8, 10, 0, 0, 0.01%, 0, 0, 1, 44.43
1734141261, 5, 9, 10, 0, 0, 0.01%, 0, 0, 1, 47.51
1734141266, 6, 0, 10, 0, 0, 0.01%, 0, 0, 1, 46.80
1734141271, 6, 1, 10, 0, 0, 0.01%, 0, 0, 1, 45.01
1734141277, 6, 2, 10, 0, 0, 0.01%, 0, 0, 1, 46.32
1734141282, 6, 3, 10, 0, 0, 0.01%, 0, 0, 1, 46.12
1734141287, 6, 4, 10, 0, 0, 0.01%, 0, 0, 1, 45.34
1734141297, 6, 5, 10, 0, 0, 0.01%, 0, 0, 1, 46.50
1734141302, 6, 6, 10, 0, 0, 0.01%, 0, 0, 1, 46.63
1734141307, 6, 7, 10, 0, 0, 0.01%, 0, 0, 1, 45.55
1734141312, 6, 8, 10, 0, 0, 0.01%, 0, 0, 1, 46.08
1734141317, 6, 9, 10, 0, 0, 0.01%, 0, 0, 1, 45.21
1734141322, 7, 0, 10, 0, 0, 0.01%, 0, 0, 1, 45.10
1734141327, 7, 1, 10, 0, 0, 0.01%, 0, 0, 1, 44.33
1734141332, 7, 2, 10, 0, 0, 0.01%, 0, 0, 1, 45.51
1734141337, 7, 3, 10, 0, 0, 0.01%, 0, 0, 1, 45.27
1734141342, 7, 4, 10, 0, 0, 0.01%, 0, 0, 1, 45.64
1734141353, 7, 5, 10, 0, 0, 0.01%, 0, 0, 1, 45.52
1734141358, 7, 6, 10, 0, 0, 0.01%, 0, 0, 1, 46.45
1734141363, 7, 7, 10, 0, 0, 0.01%, 0, 0, 1, 45.21
1734141368, 7, 8, 10, 0, 0, 0.01%, 0, 0, 1, 45.85
1734141373, 7, 9, 10, 0, 0, 0.01%, 0, 0, 1, 47.03
1734141378, 8, 0, 10, 0, 0, 0.01%, 0, 0, 1, 44.58
1734141383, 8, 1, 10, 0, 0, 0.01%, 0, 0, 1, 46.58
1734141388, 8, 2, 10, 0, 0, 0.01%, 0, 0, 1, 44.60
1734141393, 8, 3, 10, 0, 0, 0.01%, 0, 0, 1, 45.48
1734141403, 8, 4, 10, 0, 0, 0.01%, 0, 0, 1, 45.79
1734141408, 8, 5, 10, 0, 0, 0.01%, 0, 0, 1, 45.96
1734141414, 8, 6, 10, 0, 0, 0.01%, 0, 0, 1, 46.02
1734141419, 8, 7, 10, 0, 0, 0.01%, 0, 0, 1, 45.80
1734141424, 8, 8, 10, 0, 0, 0.01%, 0, 0, 1, 47.56
1734141429, 8, 9, 10, 0, 0, 0.01%, 0, 0, 1, 45.40
1734141434, 9, 0, 10, 0, 0, 0.01%, 0, 0, 1, 43.89
1734141439, 9, 1, 10, 0, 0, 0.01%, 0, 0, 1, 43.88
1734141444, 9, 2, 10, 0, 0, 0.01%, 0, 0, 1, 45.55
1734141454, 9, 3, 10, 0, 0, 0.01%, 0, 0, 1, 44.65
1734141459, 9, 4, 10, 0, 0, 0.01%, 0, 0, 1, 46.18
1734141464, 9, 5, 10, 0, 0, 0.01%, 0, 0, 1, 46.14
1734141469, 9, 6, 10, 0, 0, 0.01%, 0, 0, 1, 48.56
1734141474, 9, 7, 10, 0, 0, 0.01%, 0, 0, 1, 45.20
1734141479, 9, 8, 10, 0, 0, 0.01%, 0, 0, 1, 46.88
1734141484, 9, 9, 10, 0, 0, 0.01%, 0, 0, 1, 47.43
1734141489, 10, 0, 10, 0, 0, 0.01%, 0, 0, 1, 45.74
1734141494, 10, 1, 10, 0, 0, 0.01%, 0, 0, 1, 46.68
1734141499, 10, 2, 10, 0, 0, 0.01%, 0, 0, 1, 46.80
1734141509, 10, 3, 10, 0, 0, 0.01%, 0, 0, 1, 44.84
1734141515, 10, 4, 10, 0, 0, 0.01%, 0, 0, 1, 44.06
1734141520, 10, 5, 10, 0, 0, 0.01%, 0, 0, 1, 46.81
1734141525, 10, 6, 10, 0, 0, 0.01%, 0, 0, 1, 46.79
1734141530, 10, 7, 10, 0, 0, 0.01%, 0, 0, 1, 45.23
1734141535, 10, 8, 10, 0, 0, 0.01%, 0, 0, 1, 45.82
1734141540, 10, 9, 10, 0, 0, 0.01%, 0, 0, 1, 46.25
1734141545, 11, 0, 10, 0, 0, 0.01%, 0, 0, 1, 46.09
1734141555, 11, 1, 10, 0, 0, 0.01%, 0, 0, 1, 44.88
1734141560, 11, 2, 10, 0, 0, 0.01%, 0, 0, 1, 45.52
1734141565, 11, 3, 10, 0, 0, 0.01%, 0, 0, 1, 46.12
1734141570, 11, 4, 10, 0, 0, 0.01%, 0, 0, 1, 47.23
1734141575, 11, 5, 10, 0, 0, 0.01%, 0, 0, 1, 48.68
1734141580, 11, 6, 10, 0, 0, 0.01%, 0, 0, 1, 50.52
1734141585, 11, 7, 10, 0, 0, 0.01%, 0, 0, 1, 48.39
1734141590, 11, 8, 10, 0, 0, 0.01%, 0, 0, 1, 45.58
1734141595, 11, 9, 10, 0, 0, 0.01%, 0, 0, 1, 46.84
1734141601, 12, 0, 10, 0, 0, 0.01%, 0, 0, 1, 47.81
1734141606, 12, 1, 10, 0, 0, 0.01%, 0, 0, 1, 45.26
1734141611, 12, 2, 10, 0, 0, 0.01%, 0, 0, 1, 48.53
1734141616, 12, 3, 10, 0, 0, 0.01%, 0, 0, 1, 51.39
1734141621, 12, 4, 10, 0, 0, 0.01%, 0, 0, 1, 48.27
1734141626, 12, 5, 10, 0, 0, 0.01%, 0, 0, 1, 48.87
1734141631, 12, 6, 10, 0, 0, 0.01%, 0, 0, 1, 49.73
1734141636, 12, 7, 10, 0, 0, 0.01%, 0, 0, 1, 48.62
1734141646, 12, 8, 10, 0, 0, 0.01%, 0, 0, 1, 47.21
1734141651, 12, 9, 10, 0, 0, 0.01%, 0, 0, 1, 49.46
1734141656, 13, 0, 10, 0, 0, 0.01%, 0, 0, 1, 45.86
1734141661, 13, 1, 10, 0, 0, 0.01%, 0, 0, 1, 48.18
1734141666, 13, 2, 10, 0, 0, 0.01%, 0, 0, 1, 45.23
1734141672, 13, 3, 10, 0, 0, 0.01%, 0, 0, 1, 46.31
1734141677, 13, 4, 10, 0, 0, 0.01%, 0, 0, 1, 47.99
1734141682, 13, 5, 10, 0, 0, 0.01%, 0, 0, 1, 50.81
1734141687, 13, 6, 10, 0, 0, 0.01%, 0, 0, 1, 49.57
1734141692, 13, 7, 10, 0, 0, 0.01%, 0, 0, 1, 47.75
1734141697, 13, 8, 10, 0, 0, 0.01%, 0, 0, 1, 48.22
1734141702, 13, 9, 10, 0, 0, 0.01%, 0, 0, 1, 46.51
1734141707, 14, 0, 10, 0, 0, 0.01%, 0, 0, 1, 48.15
1734141712, 14, 1, 10, 0, 0, 0.01%, 0, 0, 1, 48.34
1734141717, 14, 2, 10, 0, 0, 0.01%, 0, 0, 1, 46.98
1734141722, 14, 3, 10, 0, 0, 0.01%, 0, 0, 1, 48.87
1734141727, 14, 4, 10, 0, 0, 0.01%, 0, 0, 1, 48.66
1734141738, 14, 5, 10, 0, 0, 0.01%, 0, 0, 1, 48.84
1734141743, 14, 6, 10, 0, 0, 0.01%, 0, 0, 1, 47.63
1734141748, 14, 7, 10, 0, 0, 0.01%, 0, 0, 1, 48.16
1734141753, 14, 8, 10, 0, 0, 0.01%, 0, 0, 1, 46.03
1734141758, 14, 9, 10, 0, 0, 0.01%, 0, 0, 1, 48.38
1734141763, 15, 0, 10, 0, 0, 0.01%, 0, 0, 1, 46.47
1734141768, 15, 1, 10, 0, 0, 0.01%, 0, 0, 1, 48.39
1734141773, 15, 2, 10, 0, 0, 0.01%, 0, 0, 1, 47.13
1734141778, 15, 3, 10, 0, 0, 0.01%, 0, 0, 1, 48.75
1734141784, 15, 4, 10, 0, 0, 0.01%, 0, 0, 1, 43.63
1734141804, 15, 5, 10, 0, 0, 0.01%, 0, 0, 1, 44.50
1734141824, 15, 6, 10, 0, 0, 0.01%, 0, 0, 1, 44.11
1734141844, 15, 7, 10, 0, 0, 0.01%, 0, 0, 1, 45.41
1734141865, 15, 8, 10, 0, 0, 0.01%, 0, 0, 1, 41.98
1734141885, 15, 9, 10, 0, 0, 0.01%, 0, 0, 1, 41.78
1734141906, 16, 0, 10, 0, 0, 0.01%, 0, 0, 1, 42.65
1734141926, 16, 1, 10, 0, 0, 0.01%, 0, 0, 1, 43.02
1734141946, 16, 2, 10, 0, 0, 0.01%, 0, 0, 1, 48.09
1734141951, 16, 3, 10, 0, 0, 0.01%, 0, 0, 1, 48.82
1734141956, 16, 4, 10, 0, 0, 0.01%, 0, 0, 1, 47.64
1734141962, 16, 5, 10, 0, 0, 0.01%, 0, 0, 1, 46.69
1734141967, 16, 6, 10, 0, 0, 0.01%, 0, 0, 1, 46.67
1734141972, 16, 7, 10, 0, 0, 0.01%, 0, 0, 1, 43.82
1734141977, 16, 8, 10, 0, 0, 0.01%, 0, 0, 1, 48.00
1734141982, 16, 9, 10, 0, 0, 0.01%, 0, 0, 1, 48.56
1734141987, 17, 0, 10, 0, 0, 0.01%, 0, 0, 1, 47.95
1734141997, 17, 1, 10, 0, 0, 0.01%, 0, 0, 1, 47.62
1734142002, 17, 2, 10, 0, 0, 0.01%, 0, 0, 1, 47.75
1734142007, 17, 3, 10, 0, 0, 0.01%, 0, 0, 1, 48.07
1734142012, 17, 4, 10, 0, 0, 0.01%, 0, 0, 1, 47.63
1734142017, 17, 5, 10, 0, 0, 0.01%, 0, 0, 1, 47.16
1734142022, 17, 6, 10, 0, 0, 0.01%, 0, 0, 1, 45.40
1734142027, 17, 7, 10, 0, 0, 0.01%, 0, 0, 1, 44.35
1734142032, 17, 8, 10, 0, 0, 0.01%, 0, 0, 1, 47.72
1734142038, 17, 9, 10, 0, 0, 0.01%, 0, 0, 1, 46.25
1734142043, 18, 0, 10, 0, 0, 0.01%, 0, 0, 1, 50.49
1734142048, 18, 1, 10, 0, 0, 0.01%, 0, 0, 1, 46.99
1734142053, 18, 2, 10, 0, 0, 0.01%, 0, 0, 1, 47.63
1734142058, 18, 3, 10, 0, 0, 0.01%, 0, 0, 1, 47.86
1734142063, 18, 4, 10, 0, 0, 0.01%, 0, 0, 1, 43.77
1734142073, 18, 5, 10, 0, 0, 0.01%, 0, 0, 1, 47.67
1734142078, 18, 6, 10, 0, 0, 0.01%, 0, 0, 1, 46.59
1734142083, 18, 7, 10, 0, 0, 0.01%, 0, 0, 1, 47.05
1734142088, 18, 8, 10, 0, 0, 0.01%, 0, 0, 1, 47.85
1734142094, 18, 9, 10, 0, 0, 0.01%, 0, 0, 1, 48.04
1734142099, 19, 0, 10, 0, 0, 0.01%, 0, 0, 1, 50.70
1734142104, 19, 1, 10, 0, 0, 0.01%, 0, 0, 1, 46.80
1734142109, 19, 2, 10, 0, 0, 0.01%, 0, 0, 1, 49.08
1734142114, 19, 3, 10, 0, 0, 0.01%, 0, 0, 1, 47.68
1734142119, 19, 4, 10, 0, 0, 0.01%, 0, 0, 1, 48.71
1734142124, 19, 5, 10, 0, 0, 0.01%, 0, 0, 1, 46.79
1734142129, 19, 6, 10, 0, 0, 0.01%, 0, 0, 1, 47.77
1734142134, 19, 7, 10, 0, 0, 0.01%, 0, 0, 1, 49.67
1734142140, 19, 8, 10, 0, 0, 0.01%, 0, 0, 1, 49.04
1734142145, 19, 9, 10, 0, 0, 0.01%, 0, 0, 1, 49.86
1734142150, 20, 0, 10, 0, 0, 0.01%, 0, 0, 1, 50.22
1734142155, 20, 10, 11, 1, 1, 0.14%, 1, 0, 2, 49.17
1734142160, 20, 10, 12, 2, 1, 0.14%, 2, 0, 3, 60.74
1734142165, 20, 10, 13, 3, 1, 0.14%, 2, 0, 3, 53.96
1734142170, 20, 10, 14, 4, 1, 0.14%, 2, 0, 3, 53.42
1734142175, 20, 10, 14, 4, 1, 0.14%, 3, 0, 3, 52.07
1734142180, 20, 10, 15, 5, 1, 0.14%, 3, 0, 3, 52.98
1734142226, 20, 10, 16, 6, 1, 0.14%, 3, 0, 3, 48.79
1734142276, 20, 11, 16, 5, 2, 0.14%, 3, 0, 3, 53.90
1734142322, 20, 11, 19, 8, 2, 0.14%, 3, 0, 4, 66.04
1734142332, 20, 13, 20, 8, 3, 0.14%, 3, 0, 4, 54.24
1734142337, 20, 13, 21, 9, 3, 0.14%, 4, 0, 4, 78.18
1734142393, 20, 16, 21, 8, 4, 0.14%, 4, 0, 4, 79.84
1734142469, 20, 18, 22, 8, 3, 0.14%, 4, 0, 5, 65.03
1734142510, 20, 18, 23, 9, 3, 0.14%, 4, 0, 5, 60.68
1734142591, 20, 20, 23, 7, 3, 0.14%, 4, 0, 5, 64.99
1734142597, 20, 20, 24, 8, 3, 0.14%, 4, 0, 5, 65.53
1734142612, 20, 20, 25, 9, 3, 0.14%, 4, 0, 5, 60.38
1734142703, 20, 20, 26, 10, 3, 0.14%, 4, 0, 5, 57.94
1734142708, 20, 23, 27, 9, 2, 0.14%, 4, 0, 5, 68.25
1734142774, 20, 23, 29, 11, 2, 0.14%, 4, 0, 6, 60.82
1734142779, 22, 26, 29, 4, 0, 0.14%, 4, 0, 6, 58.32
1734142861, 22, 28, 29, 4, 0, 0.14%, 4, 0, 6, 77.44
1734142942, 22, 28, 30, 5, 0, 0.14%, 4, 0, 7, 60.36
1734142973, 22, 28, 31, 6, 0, 0.14%, 4, 0, 7, 58.73
1734142983, 22, 28, 32, 7, 0, 0.14%, 4, 0, 7, 60.11
1734143008, 22, 31, 32, 7, 1, 0.14%, 4, 0, 7, 58.56
1734143120, 24, 21, 32, 5, 0, 0.14%, 4, 0, 7, 84.17
1734143151, 24, 21, 33, 6, 0, 0.14%, 4, 0, 7, 55.73
1734143242, 24, 32, 33, 6, 1, 0.14%, 4, 0, 7, 97.37
1734143333, 25, 29, 33, 5, 0, 0.14%, 4, 0, 7, 101.03
1734143404, 25, 29, 34, 6, 0, 0.14%, 4, 0, 8, 115.35
1734143429, 25, 29, 36, 8, 0, 0.14%, 5, 0, 8, 109.36
1734143725, 25, 29, 37, 9, 0, 0.14%, 5, 0, 8, 72.58
1734143770, 25, 29, 38, 10, 0, 0.14%, 5, 0, 8, 74.30
1734143796, 25, 37, 38, 9, 1, 0.14%, 5, 0, 8, 90.17
1734143969, 25, 37, 39, 10, 1, 0.14%, 5, 0, 9, 79.87
1734144051, 26, 36, 39, 6, 0, 0.14%, 5, 0, 9, 45.09
1734144759, 28, 22, 39, 4, 0, 0.14%, 5, 0, 9, 81.76
1734144912, 31, 35, 39, 3, 0, 0.14%, 5, 0, 9, 48.27
1734144917, 34, 24, 39, 2, 0, 0.14%, 5, 0, 9, 79.83
1734145146, 35, 33, 39, 1, 0, 0.14%, 5, 0, 9, 57.22
1734145152, 36, 36, 39, 0, 0, 0.14%, 5, 0, 9, 68.03
1734145157, 37, 36, 39, 0, 0, 0.14%, 5, 0, 9, 62.97
1734145177, 38, 36, 39, 0, 0, 0.14%, 5, 0, 9, 71.71
1734145212, 39, 36, 39, 0, 0, 0.14%, 5, 0, 9, 85.30
1734145248, 40, 36, 39, 0, 0, 0.14%, 5, 0, 9, 76.89
1734145279, 40, 38, 39, 0, 0, 0.14%, 5, 0, 9, 105.77
1734145594, 40, 38, 40, 1, 0, 0.14%, 6, 0, 10, 75.60
1734145691, 40, 39, 40, 1, 1, 0.14%, 6, 0, 10, 86.26
1734146058, 43, 24, 40, 0, 0, 0.14%, 6, 0, 10, 66.27
1734146063, 44, 24, 40, 0, 0, 0.14%, 6, 0, 10, 72.50
1734146073, 45, 24, 40, 0, 0, 0.14%, 6, 0, 10, 68.71
1734146093, 46, 24, 40, 0, 0, 0.14%, 6, 0, 10, 70.26
1734146129, 47, 24, 40, 0, 0, 0.14%, 6, 0, 10, 67.90
1734146164, 48, 24, 40, 0, 0, 0.14%, 6, 0, 10, 64.03
1734146200, 48, 39, 40, 0, 0, 0.14%, 6, 0, 10, 73.63
1734146236, 49, 24, 40, 0, 0, 0.14%, 6, 0, 10, 69.48
1734146271, 49, 39, 40, 0, 0, 0.14%, 6, 0, 10, 70.63
1734146307, 50, 39, 40, 0, 0, 0.14%, 6, 0, 10, 85.59
1734146337, 51, 21, 40, 0, 0, 0.14%, 6, 0, 10, 69.43
1734146342, 51, 39, 40, 0, 0, 0.14%, 6, 0, 10, 70.97
1734146377, 52, 39, 40, 0, 0, 0.14%, 6, 0, 10, 62.62
1734146413, 53, 39, 40, 0, 0, 0.14%, 6, 0, 10, 69.31
1734146448, 54, 36, 40, 0, 0, 0.14%, 6, 0, 10, 77.28
1734146479, 54, 39, 40, 0, 0, 0.14%, 6, 0, 10, 76.70
1734146514, 55, 39, 40, 0, 0, 0.14%, 6, 0, 10, 78.23
1734146545, 65, 11, 40, 0, 0, 0.14%, 6, 0, 10, 58.38
1734146555, 66, 21, 40, 0, 0, 0.14%, 6, 0, 10, 64.72
1734146570, 74, 17, 40, 0, 0, 0.14%, 6, 0, 10, 81.04
1734146626, 80, 21, 40, 0, 0, 0.14%, 6, 0, 10, 66.09
1734146656, 80, 30, 40, 0, 0, 0.14%, 6, 0, 10, 71.90
1734146748, 99, 21, 40, 0, 0, 0.14%, 6, 0, 10, 62.31
1734146784, 100, 34, 40, 0, 0, 0.14%, 6, 0, 10, 117.34
1734147161, 101, 14, 40, 0, 0, 0.14%, 6, 0, 10, 85.02
1734147207, 101, 17, 40, 0, 0, 0.14%, 6, 0, 10, 69.18
1734147212, 103, 35, 40, 0, 0, 0.14%, 6, 0, 10, 117.61
1734147584, 107, 32, 40, 0, 0, 0.14%, 6, 0, 10, 69.50
1734147609, 114, 27, 40, 0, 0, 0.14%, 6, 0, 10, 80.21
1734147645, 115, 14, 40, 0, 0, 0.14%, 6, 0, 10, 63.58
1734147650, 116, 15, 40, 0, 0, 0.14%, 6, 0, 10, 64.84
1734147676, 116, 16, 40, 0, 0, 0.14%, 6, 0, 10, 64.01
1734147681, 118, 16, 40, 0, 0, 0.14%, 6, 0, 10, 62.19
1734147696, 118, 27, 40, 0, 0, 0.14%, 6, 0, 10, 64.68
1734147701, 122, 14, 40, 0, 0, 0.14%, 6, 0, 10, 64.15
1734147706, 124, 17, 40, 0, 0, 0.14%, 6, 0, 10, 69.10
1734147716, 128, 17, 40, 0, 0, 0.14%, 6, 0, 10, 61.35
1734147742, 130, 27, 40, 0, 0, 0.14%, 6, 0, 10, 61.84
1734147757, 130, 32, 40, 0, 0, 0.14%, 6, 0, 10, 68.37
1734147772, 130, 35, 40, 0, 0, 0.14%, 6, 0, 10, 60.15
1734147777, 131, 11, 40, 0, 0, 0.14%, 6, 0, 10, 60.46
1734147782, 131, 14, 40, 0, 0, 0.14%, 6, 0, 10, 63.12
1734147792, 132, 14, 40, 0, 0, 0.14%, 6, 0, 10, 63.61
1734147807, 133, 35, 40, 0, 0, 0.14%, 6, 0, 10, 65.73
1734147828, 134, 17, 40, 0, 0, 0.14%, 6, 0, 10, 63.03
1734147868, 143, 14, 40, 0, 0, 0.14%, 6, 0, 10, 60.54
1734147909, 145, 11, 40, 0, 0, 0.14%, 6, 0, 10, 58.93
1734147914, 145, 37, 40, 0, 0, 0.14%, 6, 0, 10, 71.79
1734147924, 150, 17, 40, 0, 0, 0.14%, 6, 0, 10, 62.73
1734147960, 150, 27, 40, 0, 0, 0.14%, 6, 0, 10, 64.77
1734147995, 153, 20, 40, 0, 0, 0.14%, 6, 0, 10, 60.95
1734148000, 156, 35, 40, 0, 0, 0.14%, 6, 0, 10, 64.83
1734148035, 157, 17, 40, 0, 0, 0.14%, 6, 0, 10, 66.68
1734148071, 158, 35, 40, 0, 0, 0.14%, 6, 0, 10, 68.77
1734148101, 160, 20, 40, 0, 0, 0.14%, 6, 0, 10, 65.40
1734148111, 161, 20, 40, 0, 0, 0.14%, 6, 0, 10, 65.21
1734148132, 161, 27, 40, 0, 0, 0.14%, 6, 0, 10, 65.91
1734148168, 162, 16, 40, 0, 0, 0.14%, 6, 0, 10, 59.07
1734148198, 162, 27, 40, 0, 0, 0.14%, 6, 0, 10, 64.40
1734148233, 162, 35, 40, 0, 0, 0.14%, 6, 0, 10, 68.57
1734148264, 163, 20, 40, 0, 0, 0.14%, 6, 0, 10, 67.92
1734148304, 164, 19, 40, 0, 0, 0.14%, 6, 0, 10, 98.94
1734148325, 165, 22, 40, 0, 0, 0.14%, 6, 0, 10, 69.35
1734148330, 165, 32, 40, 0, 0, 0.14%, 6, 0, 10, 64.30
1734148356, 165, 35, 40, 0, 0, 0.14%, 6, 0, 10, 72.66
1734148391, 166, 27, 40, 0, 0, 0.14%, 6, 0, 10, 61.44
1734148422, 166, 35, 40, 0, 0, 0.14%, 6, 0, 10, 73.77
1734148457, 168, 19, 40, 0, 0, 0.14%, 6, 0, 10, 67.95
1734148462, 169, 11, 40, 0, 0, 0.14%, 6, 0, 10, 59.38
1734148477, 169, 17, 40, 0, 0, 0.14%, 6, 0, 10, 64.30
1734148513, 170, 23, 40, 0, 0, 0.14%, 6, 0, 10, 59.11
1734148518, 174, 13, 40, 0, 0, 0.14%, 6, 0, 10, 62.78
1734148523, 175, 21, 40, 0, 0, 0.14%, 6, 0, 10, 60.17
1734148559, 175, 37, 40, 0, 0, 0.14%, 6, 0, 10, 73.48
1734148589, 183, 21, 40, 0, 0, 0.14%, 6, 0, 10, 63.35
1734148625, 183, 22, 40, 0, 0, 0.14%, 6, 0, 10, 68.90
1734148640, 185, 22, 40, 0, 0, 0.14%, 6, 0, 10, 69.45
1734148671, 186, 18, 40, 0, 0, 0.14%, 6, 0, 10, 60.66
1734148676, 186, 23, 40, 0, 0, 0.14%, 6, 0, 10, 65.86
1734148691, 188, 19, 40, 0, 0, 0.14%, 6, 0, 10, 64.22
1734148701, 188, 22, 40, 0, 0, 0.14%, 6, 0, 10, 68.84
1734148737, 191, 19, 40, 0, 0, 0.14%, 6, 0, 10, 62.95
1734148767, 192, 21, 40, 0, 0, 0.14%, 6, 0, 10, 68.67
1734148803, 192, 23, 40, 0, 0, 0.14%, 6, 0, 10, 62.60
1734148834, 194, 14, 40, 0, 0, 0.14%, 6, 0, 10, 65.93
1734148869, 195, 11, 40, 0, 0, 0.14%, 6, 0, 10, 64.97
1734148899, 195, 34, 40, 0, 0, 0.14%, 6, 0, 10, 62.90
1734148905, 197, 19, 40, 0, 0, 0.14%, 6, 0, 10, 60.67
1734148940, 200, 14, 40, 0, 0, 0.14%, 6, 0, 10, 61.61
1734148980, 201, 26, 40, 0, 0, 0.14%, 6, 0, 10, 62.21
1734148986, 201, 30, 40, 0, 0, 0.14%, 6, 0, 10, 61.25
1734148991, 201, 37, 40, 0, 0, 0.14%, 6, 0, 10, 69.27
1734149026, 202, 20, 40, 0, 0, 0.14%, 6, 0, 10, 63.52
1734149062, 205, 12, 40, 0, 0, 0.14%, 6, 0, 10, 74.46
1734149077, 207, 14, 40, 0, 0, 0.14%, 6, 0, 10, 68.89
1734149113, 210, 13, 40, 0, 0, 0.14%, 6, 0, 10, 61.56
1734149118, 211, 30, 40, 0, 0, 0.14%, 6, 0, 10, 63.14
1734149133, 214, 13, 40, 0, 0, 0.14%, 6, 0, 10, 61.80
1734149143, 214, 16, 40, 0, 0, 0.14%, 6, 0, 10, 59.75
1734149178, 217, 15, 40, 0, 0, 0.14%, 6, 0, 10, 63.92
1734149184, 219, 34, 40, 0, 0, 0.14%, 6, 0, 10, 67.28
1734149204, 220, 15, 40, 0, 0, 0.14%, 6, 0, 10, 61.82
1734149209, 220, 16, 40, 0, 0, 0.14%, 6, 0, 10, 59.27
1734149244, 220, 19, 40, 0, 0, 0.14%, 6, 0, 10, 70.50
1734149280, 220, 30, 40, 0, 0, 0.14%, 6, 0, 10, 63.29
1734149311, 220, 37, 40, 0, 0, 0.14%, 6, 0, 10, 73.03
1734149346, 221, 13, 40, 0, 0, 0.14%, 6, 0, 10, 65.45
1734149366, 223, 12, 40, 0, 0, 0.14%, 6, 0, 10, 62.49
1734149372, 223, 25, 40, 0, 0, 0.14%, 6, 0, 10, 82.65
1734149432, 224, 25, 40, 0, 0, 0.14%, 6, 0, 10, 63.66
1734149437, 225, 17, 40, 0, 0, 0.14%, 6, 0, 10, 64.28
1734149478, 225, 18, 40, 0, 0, 0.14%, 6, 0, 10, 62.53
1734149493, 225, 19, 40, 0, 0, 0.14%, 6, 0, 10, 62.91
1734149529, 226, 25, 40, 0, 0, 0.14%, 6, 0, 10, 61.02
1734149549, 226, 37, 40, 0, 0, 0.14%, 6, 0, 10, 73.53
1734149584, 227, 16, 40, 0, 0, 0.14%, 6, 0, 10, 62.17
1734149620, 227, 19, 40, 0, 0, 0.14%, 6, 0, 10, 72.34
1734149660, 227, 21, 40, 0, 0, 0.14%, 6, 0, 10, 62.81
1734149696, 228, 14, 40, 0, 0, 0.14%, 6, 0, 10, 68.88
1734149731, 228, 26, 40, 0, 0, 0.14%, 6, 0, 10, 65.83
1734149741, 229, 10, 40, 0, 0, 0.14%, 6, 0, 10, 62.09
1734149746, 229, 15, 40, 0, 0, 0.14%, 6, 0, 10, 64.06
1734149757, 229, 19, 40, 0, 0, 0.14%, 6, 0, 10, 63.61
1734149787, 231, 37, 40, 0, 0, 0.14%, 6, 0, 10, 69.13
1734149823, 232, 13, 40, 0, 0, 0.14%, 6, 0, 10, 58.97
1734149853, 233, 20, 40, 0, 0, 0.14%, 6, 0, 10, 61.00
1734149889, 233, 37, 40, 0, 0, 0.14%, 6, 0, 10, 70.79
1734149924, 234, 16, 40, 0, 0, 0.14%, 6, 0, 10, 60.54
1734149965, 234, 23, 40, 0, 0, 0.14%, 6, 0, 10, 66.34
1734149995, 235, 17, 40, 0, 0, 0.14%, 6, 0, 10, 66.31
1734150030, 237, 15, 40, 0, 0, 0.14%, 6, 0, 10, 66.66
1734150051, 238, 17, 40, 0, 0, 0.14%, 6, 0, 10, 62.59
1734150086, 238, 18, 40, 0, 0, 0.14%, 6, 0, 10, 65.50
1734150111, 240, 18, 40, 0, 0, 0.14%, 6, 0, 10, 61.56
1734150147, 244, 12, 40, 0, 0, 0.14%, 6, 0, 10, 61.22
1734150152, 244, 17, 40, 0, 0, 0.14%, 6, 0, 10, 63.32
1734150187, 246, 25, 40, 0, 0, 0.14%, 6, 0, 10, 70.52
1734150223, 248, 10, 40, 0, 0, 0.14%, 6, 0, 10, 59.29
1734150228, 248, 18, 40, 0, 0, 0.14%, 6, 0, 10, 59.29
1734150264, 250, 12, 40, 0, 0, 0.14%, 6, 0, 10, 55.48
1734150274, 251, 25, 40, 0, 0, 0.14%, 6, 0, 10, 61.71
1734150309, 252, 30, 40, 0, 0, 0.14%, 6, 0, 10, 64.17
1734150350, 253, 16, 40, 0, 0, 0.14%, 6, 0, 10, 62.33
1734150385, 255, 22, 40, 0, 0, 0.14%, 6, 0, 10, 73.11
1734150421, 257, 18, 40, 0, 0, 0.14%, 6, 0, 10, 63.95
1734150456, 257, 21, 40, 0, 0, 0.14%, 6, 0, 10, 70.53
1734150491, 257, 23, 40, 0, 0, 0.14%, 6, 0, 10, 64.24
1734150527, 258, 14, 40, 0, 0, 0.14%, 6, 0, 10, 62.07
1734150563, 260, 15, 40, 0, 0, 0.14%, 6, 0, 10, 66.42
1734150603, 260, 18, 40, 0, 0, 0.14%, 6, 0, 10, 65.85
1734150643, 261, 23, 40, 0, 0, 0.14%, 6, 0, 10, 62.07
1734150674, 261, 29, 40, 0, 0, 0.14%, 6, 0, 10, 68.17
1734150679, 263, 21, 40, 0, 0, 0.14%, 6, 0, 10, 63.56
1734150714, 263, 23, 40, 0, 0, 0.14%, 6, 0, 10, 60.55
1734150755, 264, 22, 40, 0, 0, 0.14%, 6, 0, 10, 74.78
1734150786, 264, 32, 40, 0, 0, 0.14%, 6, 0, 10, 66.05
1734150821, 266, 11, 40, 0, 0, 0.14%, 6, 0, 10, 63.84
1734150862, 268, 31, 40, 0, 0, 0.14%, 6, 0, 10, 63.13
1734150867, 270, 34, 40, 0, 0, 0.14%, 6, 0, 10, 65.13
1734150902, 271, 12, 40, 0, 0, 0.14%, 6, 0, 10, 60.42
1734150923, 272, 11, 40, 0, 0, 0.14%, 6, 0, 10, 60.30
1734150958, 272, 15, 40, 0, 0, 0.14%, 6, 0, 10, 71.02
1734150994, 272, 32, 40, 0, 0, 0.14%, 6, 0, 10, 69.13
1734151029, 279, 26, 40, 0, 0, 0.14%, 6, 0, 10, 61.90
1734151045, 280, 22, 40, 0, 0, 0.14%, 6, 0, 10, 72.00
1734151080, 280, 26, 40, 0, 0, 0.14%, 6, 0, 10, 67.28
1734151111, 281, 31, 40, 0, 0, 0.14%, 6, 0, 10, 65.78
1734151116, 282, 10, 40, 0, 0, 0.14%, 6, 0, 10, 64.76
1734151126, 282, 15, 40, 0, 0, 0.14%, 6, 0, 10, 65.02
1734151167, 282, 31, 40, 0, 0, 0.14%, 6, 0, 10, 64.00
1734151187, 283, 12, 40, 0, 0, 0.14%, 6, 0, 10, 58.34
1734151227, 283, 22, 40, 0, 0, 0.14%, 6, 0, 10, 74.38
1734151263, 286, 28, 40, 0, 0, 0.14%, 6, 0, 10, 61.89
1734151268, 286, 29, 40, 0, 0, 0.14%, 6, 0, 10, 64.26
1734151273, 290, 18, 40, 0, 0, 0.14%, 6, 0, 10, 62.42
1734151314, 290, 28, 40, 0, 0, 0.14%, 6, 0, 10, 66.26
1734151324, 293, 12, 40, 0, 0, 0.14%, 6, 0, 10, 61.99
1734151365, 294, 28, 40, 0, 0, 0.14%, 6, 0, 10, 60.53
1734151390, 294, 33, 40, 0, 0, 0.14%, 6, 0, 10, 109.21
1734151599, 294, 34, 40, 0, 0, 0.14%, 6, 0, 10, 63.65
1734151640, 296, 10, 40, 0, 0, 0.14%, 6, 0, 10, 54.79
1734151650, 296, 12, 40, 0, 0, 0.14%, 6, 0, 10, 61.51
1734151691, 299, 13, 40, 0, 0, 0.14%, 6, 0, 10, 64.43
1734151721, 304, 33, 40, 0, 0, 0.14%, 6, 0, 10, 57.94
1734151736, 305, 34, 40, 0, 0, 0.14%, 6, 0, 10, 72.89
1734151771, 308, 28, 40, 0, 0, 0.14%, 6, 0, 10, 59.24
1734151802, 309, 29, 40, 0, 0, 0.14%, 6, 0, 10, 69.65
1734151817, 310, 33, 40, 0, 0, 0.14%, 6, 0, 10, 69.40
1734151848, 314, 12, 40, 0, 0, 0.14%, 6, 0, 10, 60.72
1734151883, 314, 18, 40, 0, 0, 0.14%, 6, 0, 10, 58.10
1734151924, 316, 11, 40, 0, 0, 0.14%, 6, 0, 10, 61.70
1734151959, 316, 28, 40, 0, 0, 0.14%, 6, 0, 10, 56.12
1734151995, 316, 34, 40, 0, 0, 0.14%, 6, 0, 10, 72.91
1734152031, 321, 10, 40, 0, 0, 0.14%, 6, 0, 10, 58.39
1734152056, 321, 38, 40, 0, 0, 0.14%, 6, 0, 10, 80.03
1734152066, 322, 29, 40, 0, 0, 0.14%, 6, 0, 10, 73.72
1734152092, 324, 30, 40, 0, 0, 0.14%, 6, 0, 10, 63.94
1734152127, 326, 18, 40, 0, 0, 0.14%, 6, 0, 10, 59.59
1734152163, 327, 10, 40, 0, 0, 0.14%, 6, 0, 10, 60.74
1734152198, 328, 28, 40, 0, 0, 0.14%, 6, 0, 10, 63.34
1734152233, 330, 26, 40, 0, 0, 0.14%, 6, 0, 10, 68.29
1734152269, 336, 28, 40, 0, 0, 0.14%, 6, 0, 10, 60.99
1734152305, 338, 28, 40, 0, 0, 0.14%, 6, 0, 10, 69.89
1734152340, 339, 31, 40, 0, 0, 0.14%, 6, 0, 10, 60.83
1734152376, 339, 38, 40, 0, 0, 0.14%, 6, 0, 10, 75.79
1734152406, 341, 30, 40, 0, 0, 0.14%, 6, 0, 10, 64.60
1734152442, 342, 13, 40, 0, 0, 0.14%, 6, 0, 10, 67.31
1734152478, 342, 32, 40, 0, 0, 0.14%, 6, 0, 10, 62.57
1734152513, 344, 29, 40, 0, 0, 0.14%, 6, 0, 10, 71.74
1734152549, 347, 11, 40, 0, 0, 0.14%, 6, 0, 10, 61.14
1734152585, 350, 26, 40, 0, 0, 0.14%, 6, 0, 10, 70.34
1734152625, 352, 11, 40, 0, 0, 0.14%, 6, 0, 10, 61.33
1734152661, 353, 11, 40, 0, 0, 0.14%, 6, 0, 10, 57.99
1734152697, 353, 29, 40, 0, 0, 0.14%, 6, 0, 10, 69.20
1734152727, 354, 30, 40, 0, 0, 0.14%, 6, 0, 10, 64.45
1734152768, 358, 26, 40, 0, 0, 0.14%, 6, 0, 10, 63.50
1734152803, 362, 32, 40, 0, 0, 0.14%, 6, 0, 10, 69.42
1734152834, 363, 26, 40, 0, 0, 0.14%, 6, 0, 10, 70.34
1734152874, 374, 30, 40, 0, 0, 0.14%, 6, 0, 10, 69.25
1734152910, 376, 32, 40, 0, 0, 0.14%, 6, 0, 10, 67.23
1734152946, 381, 11, 40, 0, 0, 0.14%, 6, 0, 10, 61.39
1734152981, 397, 38, 40, 0, 0, 0.14%, 6, 0, 10, 67.84
1734153017, 402, 16, 40, 0, 0, 0.14%, 6, 0, 10, 58.30
1734153052, 404, 38, 40, 0, 0, 0.14%, 6, 0, 10, 73.96
1734153087, 407, 16, 40, 0, 0, 0.14%, 6, 0, 10, 61.50
1734153123, 415, 32, 40, 0, 0, 0.14%, 6, 0, 10, 60.47
1734153159, 419, 38, 40, 0, 0, 0.14%, 6, 0, 10, 63.19
1734153194, 423, 31, 40, 0, 0, 0.14%, 6, 0, 10, 58.53
1734153235, 425, 16, 40, 0, 0, 0.14%, 6, 0, 10, 58.45
1734153270, 429, 32, 40, 0, 0, 0.14%, 6, 0, 10, 70.49
1734153311, 529, 32, 40, 0, 0, 0.14%, 6, 0, 10, 64.95
1734153341, 538, 32, 40, 0, 0, 0.14%, 6, 0, 10, 75.08
1734153352, 571, 32, 40, 0, 0, 0.14%, 6, 0, 10, 66.45
1734153357, 613, 32, 40, 0, 0, 0.14%, 6, 0, 10, 65.11
1734153362, 644, 32, 40, 0, 0, 0.14%, 6, 0, 10, 66.43
1734153372, 656, 32, 40, 0, 0, 0.14%, 6, 0, 10, 64.30
1734153377, 666, 32, 40, 0, 0, 0.14%, 6, 0, 10, 64.26
1734153382, 1882, 0, 40, 0, 0, 0.14%, 6, 0, 10, 0.00
1734153387, 18908, 0, 40, 0, 0, 0.14%, 6, 0, 10, 0.00
1734153393, 37259, 0, 40, 0, 0, 0.14%, 6, 0, 10, 0.00
1734153398, 54346, 0, 40, 0, 0, 0.14%, 6, 0, 10, 0.00
1734153403, 71390, 0, 40, 0, 0, 0.14%, 6, 0, 10, 0.00
1734153408, 88482, 0, 40, 0, 0, 0.14%, 6, 0, 10, 0.00
1734153413, 106138, 0, 40, 0, 0, 0.14%, 6, 0, 10, 0.00
1734153419, 123189, 0, 40, 0, 0, 0.14%, 6, 0, 10, 0.00
1734153424, 140213, 0, 40, 0, 0, 0.14%, 6, 0, 10, 0.00
1734153429, 157895, 0, 40, 0, 0, 0.14%, 6, 0, 10, 0.00
1734153434, 174993, 0, 40, 0, 0, 0.14%, 6, 0, 10, 0.00
1734153439, 193416, 0, 40, 0, 0, 0.14%, 6, 0, 10, 0.00
1734153445, 210596, 0, 40, 0, 0, 0.14%, 6, 0, 10, 0.00
1734153450, 228314, 0, 40, 0, 0, 0.14%, 6, 0, 10, 0.00
1734153455, 245434, 0, 40, 0, 0, 0.14%, 6, 0, 10, 0.00
1734153460, 263144, 0, 40, 0, 0, 0.14%, 6, 0, 10, 0.00
1734153465, 280214, 0, 40, 0, 0, 0.14%, 6, 0, 10, 0.00
1734153471, 297366, 0, 40, 0, 0, 0.14%, 6, 0, 10, 0.00
1734153476, 314452, 0, 40, 0, 0, 0.14%, 6, 0, 10, 0.00
1734153481, 331504, 0, 40, 0, 0, 0.14%, 6, 0, 10, 0.00
1734153486, 349916, 0, 40, 0, 0, 0.14%, 6, 0, 10, 0.00
1734153491, 367022, 0, 40, 0, 0, 0.14%, 6, 0, 10, 0.00
1734153497, 384697, 0, 40, 0, 0, 0.14%, 6, 0, 10, 0.00
1734153502, 401803, 0, 40, 0, 0, 0.14%, 6, 0, 10, 0.00
1734153507, 419477, 0, 40, 0, 0, 0.14%, 6, 0, 10, 0.00
1734153512, 436533, 0, 40, 0, 0, 0.14%, 6, 0, 10, 0.00
1734153517, 454920, 0, 40, 0, 0, 0.14%, 6, 0, 10, 0.00
1734153523, 472025, 0, 40, 0, 0, 0.14%, 6, 0, 10, 0.00
1734153528, 489701, 0, 40, 0, 0, 0.14%, 6, 0, 10, 0.00
1734153533, 507335, 0, 40, 0, 0, 0.14%, 6, 0, 10, 0.00
1734153538, 524510, 0, 40, 0, 0, 0.14%, 6, 0, 10, 0.00
1734153543, 541539, 0, 40, 0, 0, 0.14%, 6, 0, 10, 0.00
1734153549, 559894, 0, 40, 0, 0, 0.14%, 6, 0, 10, 0.00
1734153554, 576921, 0, 40, 0, 0, 0.14%, 6, 0, 10, 0.00
1734153559, 594594, 0, 40, 0, 0, 0.14%, 6, 0, 10, 0.00
1734153564, 611621, 0, 40, 0, 0, 0.14%, 6, 0, 10, 0.00
1734153569, 629932, 0, 40, 0, 0, 0.14%, 6, 0, 10, 0.00
1734153575, 646941, 0, 40, 0, 0, 0.14%, 6, 0, 10, 0.00
1734153580, 665118, 0, 40, 0, 0, 0.14%, 6, 0, 10, 0.00
1734153585, 682220, 0, 40, 0, 0, 0.14%, 6, 0, 10, 0.00
1734153590, 699265, 0, 40, 0, 0, 0.14%, 6, 0, 10, 0.00
1734153595, 717012, 0, 40, 0, 0, 0.14%, 6, 0, 10, 0.00
1734153601, 734702, 0, 40, 0, 0, 0.14%, 6, 0, 10, 0.00
1734153606, 752339, 0, 40, 0, 0, 0.14%, 6, 0, 10, 0.00
1734153611, 769305, 0, 40, 0, 0, 0.14%, 6, 0, 10, 0.00
1734153616, 786322, 0, 40, 0, 0, 0.14%, 6, 0, 10, 0.00
1734153621, 803958, 0, 40, 0, 0, 0.14%, 6, 0, 10, 0.00
1734153627, 821085, 0, 40, 0, 0, 0.14%, 6, 0, 10, 0.00
1734153632, 838765, 0, 40, 0, 0, 0.14%, 6, 0, 10, 0.00
1734153637, 855788, 0, 40, 0, 0, 0.14%, 6, 0, 10, 0.00
1734153642, 874108, 0, 40, 0, 0, 0.14%, 6, 0, 10, 0.00
1734153647, 891137, 0, 40, 0, 0, 0.14%, 6, 0, 10, 0.00
1734153653, 908498, 0, 40, 0, 0, 0.14%, 6, 0, 10, 0.00
1734153658, 925996, 0, 40, 0, 0, 0.14%, 6, 0, 10, 0.00
1734153663, 943139, 0, 40, 0, 0, 0.14%, 6, 0, 10, 0.00
1734153668, 960180, 0, 40, 0, 0, 0.14%, 6, 0, 10, 0.00
1734153673, 978553, 0, 40, 0, 0, 0.14%, 6, 0, 10, 0.00
1734153679, 995609, 0, 40, 0, 0, 0.14%, 6, 0, 10, 0.00
1734153684, 1012581, 0, 40, 0, 0, 0.14%, 6, 0, 10, 0.00
1734153689, 1030901, 0, 40, 0, 0, 0.14%, 6, 0, 10, 0.00
1734153694, 1047963, 0, 40, 0, 0, 0.14%, 6, 0, 10, 0.00
1734153699, 1064958, 0, 40, 0, 0, 0.14%, 6, 0, 10, 0.00
1734153705, 1082705, 0, 40, 0, 0, 0.14%, 6, 0, 10, 0.00
1734153710, 1099679, 0, 40, 0, 0, 0.14%, 6, 0, 10, 0.00
1734153715, 1117368, 0, 40, 0, 0, 0.14%, 6, 0, 10, 0.00
1734153720, 1134401, 0, 40, 0, 0, 0.14%, 6, 0, 10, 0.00
1734153725, 1152111, 0, 40, 0, 0, 0.14%, 6, 0, 10, 0.00
1734153731, 1169214, 0, 40, 0, 0, 0.14%, 6, 0, 10, 0.00
1734153736, 1187568, 0, 40, 0, 0, 0.14%, 6, 0, 10, 0.00
1734153741, 1204588, 0, 40, 0, 0, 0.14%, 6, 0, 10, 0.00
1734153746, 1222316, 0, 40, 0, 0, 0.14%, 6, 0, 10, 0.00
1734153751, 1239434, 0, 40, 0, 0, 0.14%, 6, 0, 10, 0.00
1734153757, 1256518, 0, 40, 0, 0, 0.14%, 6, 0, 10, 0.00
1734153762, 1273559, 0, 40, 0, 0, 0.14%, 6, 0, 10, 0.00
1734153767, 1291217, 0, 40, 0, 0, 0.14%, 6, 0, 10, 0.00
1734153772, 1308156, 0, 40, 0, 0, 0.14%, 6, 0, 10, 0.00
1734153777, 1325183, 0, 40, 0, 0, 0.14%, 6, 0, 10, 0.00
1734153783, 1343426, 0, 40, 0, 0, 0.14%, 6, 0, 10, 0.00
1734153788, 1360487, 0, 40, 0, 0, 0.14%, 6, 0, 10, 0.00
1734153793, 1378143, 0, 40, 0, 0, 0.14%, 6, 0, 10, 0.00
1734153798, 1395201, 0, 40, 0, 0, 0.14%, 6, 0, 10, 0.00
1734153803, 1412201, 0, 40, 0, 0, 0.14%, 6, 0, 10, 0.00
1734153809, 1429253, 0, 40, 0, 0, 0.14%, 6, 0, 10, 0.00
1734153814, 1446988, 0, 40, 0, 0, 0.14%, 6, 0, 10, 0.00
1734153819, 1464556, 0, 40, 0, 0, 0.14%, 6, 0, 10, 0.00
1734153824, 1481581, 0, 40, 0, 0, 0.14%, 6, 0, 10, 0.00
1734153829, 1498589, 0, 40, 0, 0, 0.14%, 6, 0, 10, 0.00
1734153835, 1516224, 0, 40, 0, 0, 0.14%, 6, 0, 10, 0.00
1734153840, 1533347, 0, 40, 0, 0, 0.14%, 6, 0, 10, 0.00
1734153845, 1551610, 0, 40, 0, 0, 0.14%, 6, 0, 10, 0.00
1734153850, 1568660, 0, 40, 0, 0, 0.14%, 6, 0, 10, 0.00
1734153855, 1585642, 0, 40, 0, 0, 0.14%, 6, 0, 10, 0.00
1734153861, 1602764, 0, 40, 0, 0, 0.14%, 6, 0, 10, 0.00
1734153866, 1621102, 0, 40, 0, 0, 0.14%, 6, 0, 10, 0.00
1734153871, 1638143, 0, 40, 0, 0, 0.14%, 6, 0, 10, 0.00
1734153876, 1655837, 0, 40, 0, 0, 0.14%, 6, 0, 10, 0.00
1734153881, 1672935, 0, 40, 0, 0, 0.14%, 6, 0, 10, 0.00
1734153887, 1690646, 0, 40, 0, 0, 0.14%, 6, 0, 10, 0.00
1734153892, 1707758, 0, 40, 0, 0, 0.14%, 6, 0, 10, 0.00
1734153897, 1724811, 0, 40, 0, 0, 0.14%, 6, 0, 10, 0.00
1734153902, 1742503, 0, 40, 0, 0, 0.14%, 6, 0, 10, 0.00
1734153907, 1760429, 0, 40, 0, 0, 0.14%, 6, 0, 10, 0.00
1734153913, 1778092, 0, 40, 0, 0, 0.14%, 6, 0, 10, 0.00
1734153918, 1795821, 0, 40, 0, 0, 0.14%, 6, 0, 10, 0.00
1734153923, 1812859, 0, 40, 0, 0, 0.14%, 6, 0, 10, 0.00
1734153928, 1829936, 0, 40, 0, 0, 0.14%, 6, 0, 10, 0.00
1734153933, 1846978, 0, 40, 0, 0, 0.14%, 6, 0, 10, 0.00
1734153939, 1864706, 0, 40, 0, 0, 0.14%, 6, 0, 10, 0.00
1734153944, 1881763, 0, 40, 0, 0, 0.14%, 6, 0, 10, 0.00
1734153949, 1898854, 0, 40, 0, 0, 0.14%, 6, 0, 10, 0.00
1734153954, 1916597, 0, 40, 0, 0, 0.14%, 6, 0, 10, 0.00
1734153959, 1933037, 0, 40, 0, 0, 0.14%, 6, 0, 10, 0.00
1734153965, 1950740, 0, 40, 0, 0, 0.14%, 6, 0, 10, 0.00
1734153970, 1967805, 0, 40, 0, 0, 0.14%, 6, 0, 10, 0.00
1734153975, 1984852, 0, 40, 0, 0, 0.14%, 6, 0, 10, 0.00
1734153980, 2001894, 0, 40, 0, 0, 0.14%, 6, 0, 10, 0.00
1734153985, 2019589, 0, 40, 0, 0, 0.14%, 6, 0, 10, 0.00
1734153991, 2037270, 0, 40, 0, 0, 0.14%, 6, 0, 10, 0.00
1734153996, 2055071, 0, 40, 0, 0, 0.14%, 6, 0, 10, 0.00
1734154001, 2072730, 0, 40, 0, 0, 0.14%, 6, 0, 10, 0.00
1734154006, 2090418, 0, 40, 0, 0, 0.14%, 6, 0, 10, 0.00
1734154011, 2107417, 0, 40, 0, 0, 0.14%, 6, 0, 10, 0.00
1734154017, 2125109, 0, 40, 0, 0, 0.14%, 6, 0, 10, 0.00
1734154022, 2142216, 0, 40, 0, 0, 0.14%, 6, 0, 10, 0.00
1734154027, 2159196, 0, 40, 0, 0, 0.14%, 6, 0, 10, 0.00
1734154032, 2176918, 0, 40, 0, 0, 0.14%, 6, 0, 10, 0.00
1734154037, 2193900, 0, 40, 0, 0, 0.14%, 6, 0, 10, 0.00
1734154043, 2210946, 0, 40, 0, 0, 0.14%, 6, 0, 10, 0.00
1734154048, 2228535, 0, 40, 0, 0, 0.14%, 6, 0, 10, 0.00
1734154053, 2246865, 0, 40, 0, 0, 0.14%, 6, 0, 10, 0.00
1734154058, 2263939, 0, 40, 0, 0, 0.14%, 6, 0, 10, 0.00
1734154063, 2280917, 0, 40, 0, 0, 0.14%, 6, 0, 10, 0.00
1734154069, 2297314, 0, 40, 0, 0, 0.14%, 6, 0, 10, 0.00
1734154074, 2314286, 0, 40, 0, 0, 0.14%, 6, 0, 10, 0.00
1734154079, 2331965, 0, 40, 0, 0, 0.14%, 6, 0, 10, 0.00
1734154084, 2348907, 0, 40, 0, 0, 0.14%, 6, 0, 10, 0.00
1734154089, 2365949, 0, 40, 0, 0, 0.14%, 6, 0, 10, 0.00
1734154095, 2382995, 0, 40, 0, 0, 0.14%, 6, 0, 10, 0.00
1734154100, 2401379, 0, 40, 0, 0, 0.14%, 6, 0, 10, 0.00
1734154105, 2418496, 0, 40, 0, 0, 0.14%, 6, 0, 10, 0.00
1734154110, 2435609, 0, 40, 0, 0, 0.14%, 6, 0, 10, 0.00
1734154115, 2452658, 0, 40, 0, 0, 0.14%, 6, 0, 10, 0.00
1734154121, 2470307, 0, 40, 0, 0, 0.14%, 6, 0, 10, 0.00
1734154126, 2487995, 0, 40, 0, 0, 0.14%, 6, 0, 10, 0.00
1734154131, 2505020, 0, 40, 0, 0, 0.14%, 6, 0, 10, 0.00
1734154136, 2522040, 0, 40, 0, 0, 0.14%, 6, 0, 10, 0.00
1734154141, 2539379, 0, 40, 0, 0, 0.14%, 6, 0, 10, 0.00
1734154147, 2556097, 0, 40, 0, 0, 0.14%, 6, 0, 10, 0.00
1734154152, 2574488, 0, 40, 0, 0, 0.14%, 6, 0, 10, 0.00
1734154157, 2591470, 0, 40, 0, 0, 0.14%, 6, 0, 10, 0.00
1734154162, 2608532, 0, 40, 0, 0, 0.14%, 6, 0, 10, 0.00
1734154167, 2625631, 0, 40, 0, 0, 0.14%, 6, 0, 10, 0.00
1734154173, 2642679, 0, 40, 0, 0, 0.14%, 6, 0, 10, 0.00
1734154178, 2660389, 0, 40, 0, 0, 0.14%, 6, 0, 10, 0.00
1734154183, 2677421, 0, 40, 0, 0, 0.14%, 6, 0, 10, 0.00
1734154188, 2694497, 0, 40, 0, 0, 0.14%, 6, 0, 10, 0.00
1734154193, 2711701, 0, 40, 0, 0, 0.14%, 6, 0, 10, 0.00
1734154199, 2728623, 0, 40, 0, 0, 0.14%, 6, 0, 10, 0.00
1734154204, 2745637, 0, 40, 0, 0, 0.14%, 6, 0, 10, 0.00
1734154209, 2762688, 0, 40, 0, 0, 0.14%, 6, 0, 10, 0.00
1734154214, 2779701, 0, 40, 0, 0, 0.14%, 6, 0, 10, 0.00
1734154219, 2796705, 0, 40, 0, 0, 0.14%, 6, 0, 10, 0.00
1734154225, 2814367, 0, 40, 0, 0, 0.14%, 6, 0, 10, 0.00
1734154230, 2831446, 0, 40, 0, 0, 0.14%, 6, 0, 10, 0.00
1734154235, 2849126, 0, 40, 0, 0, 0.14%, 6, 0, 10, 0.00
1734154240, 2866104, 0, 40, 0, 0, 0.14%, 6, 0, 10, 0.00
1734154245, 2884385, 0, 40, 0, 0, 0.14%, 6, 0, 10, 0.00
1734154251, 2901350, 0, 40, 0, 0, 0.14%, 6, 0, 10, 0.00
1734154256, 2918327, 0, 40, 0, 0, 0.14%, 6, 0, 10, 0.00
1734154261, 2936621, 0, 40, 0, 0, 0.14%, 6, 0, 10, 0.00
1734154266, 2953673, 0, 40, 0, 0, 0.14%, 6, 0, 10, 0.00
1734154271, 2971340, 0, 40, 0, 0, 0.14%, 6, 0, 10, 0.00
1734154277, 2988336, 0, 40, 0, 0, 0.14%, 6, 0, 10, 0.00
1734154282, 3005357, 0, 40, 0, 0, 0.14%, 6, 0, 10, 0.00
1734154287, 3022431, 0, 40, 0, 0, 0.14%, 6, 0, 10, 0.00
1734154292, 3040149, 0, 40, 0, 0, 0.14%, 6, 0, 10, 0.00
1734154297, 3057227, 0, 40, 0, 0, 0.14%, 6, 0, 10, 0.00
1734154303, 3074996, 0, 40, 0, 0, 0.14%, 6, 0, 10, 0.00
1734154308, 3092725, 0, 40, 0, 0, 0.14%, 6, 0, 10, 0.00
1734154313, 3110361, 0, 40, 0, 0, 0.14%, 6, 0, 10, 0.00
1734154318, 3128027, 0, 40, 0, 0, 0.14%, 6, 0, 10, 0.00
1734154323, 3145132, 0, 40, 0, 0, 0.14%, 6, 0, 10, 0.00
1734154329, 3162855, 0, 40, 0, 0, 0.14%, 6, 0, 10, 0.00
1734154334, 3179939, 0, 40, 0, 0, 0.14%, 6, 0, 10, 0.00
1734154339, 3198272, 0, 40, 0, 0, 0.14%, 6, 0, 10, 0.00
1734154344, 3215354, 0, 40, 0, 0, 0.14%, 6, 0, 10, 0.00
1734154349, 3232497, 0, 40, 0, 0, 0.14%, 6, 0, 10, 0.00
1734154355, 3249595, 0, 40, 0, 0, 0.14%, 6, 0, 10, 0.00
1734154360, 3266698, 0, 40, 0, 0, 0.14%, 6, 0, 10, 0.00
1734154365, 3283978, 0, 40, 0, 0, 0.14%, 6, 0, 10, 0.00
1734154370, 3301433, 0, 40, 0, 0, 0.14%, 6, 0, 10, 0.00
1734154375, 3318565, 0, 40, 0, 0, 0.14%, 6, 0, 10, 0.00
1734154381, 3335611, 0, 40, 0, 0, 0.14%, 6, 0, 10, 0.00
1734154386, 3352677, 0, 40, 0, 0, 0.14%, 6, 0, 10, 0.00
1734154391, 3369741, 0, 40, 0, 0, 0.14%, 6, 0, 10, 0.00
1734154396, 3387470, 0, 40, 0, 0, 0.14%, 6, 0, 10, 0.00
1734154401, 3404471, 0, 40, 0, 0, 0.14%, 6, 0, 10, 0.00
1734154407, 3422149, 0, 40, 0, 0, 0.14%, 6, 0, 10, 0.00
1734154412, 3438584, 0, 40, 0, 0, 0.14%, 6, 0, 10, 0.00
1734154417, 3456320, 0, 40, 0, 0, 0.14%, 6, 0, 10, 0.00
1734154422, 3473409, 0, 40, 0, 0, 0.14%, 6, 0, 10, 0.00
1734154427, 3491140, 0, 40, 0, 0, 0.14%, 6, 0, 10, 0.00
1734154433, 3508894, 0, 40, 0, 0, 0.14%, 6, 0, 10, 0.00
1734154438, 3525788, 0, 40, 0, 0, 0.14%, 6, 0, 10, 0.00
1734154443, 3543048, 0, 40, 0, 0, 0.14%, 6, 0, 10, 0.00
1734154448, 3560037, 0, 40, 0, 0, 0.14%, 6, 0, 10, 0.00
1734154453, 3578441, 0, 40, 0, 0, 0.14%, 6, 0, 10, 0.00
1734154459, 3595491, 0, 40, 0, 0, 0.14%, 6, 0, 10, 0.00
1734154464, 3613214, 0, 40, 0, 0, 0.14%, 6, 0, 10, 0.00
1734154469, 3630248, 0, 40, 0, 0, 0.14%, 6, 0, 10, 0.00
1734154474, 3647302, 0, 40, 0, 0, 0.14%, 6, 0, 10, 0.00
1734154479, 3665069, 0, 40, 0, 0, 0.14%, 6, 0, 10, 0.00
1734154485, 3682112, 0, 40, 0, 0, 0.14%, 6, 0, 10, 0.00
1734154490, 3699102, 0, 40, 0, 0, 0.14%, 6, 0, 10, 0.00
1734154495, 3716117, 0, 40, 0, 0, 0.14%, 6, 0, 10, 0.00
1734154500, 3733136, 0, 40, 0, 0, 0.14%, 6, 0, 10, 0.00
1734154505, 3750200, 0, 40, 0, 0, 0.14%, 6, 0, 10, 0.00
1734154511, 3767944, 0, 40, 0, 0, 0.14%, 6, 0, 10, 0.00
1734154516, 3784903, 0, 40, 0, 0, 0.14%, 6, 0, 10, 0.00
1734154521, 3802608, 0, 40, 0, 0, 0.14%, 6, 0, 10, 0.00
1734154526, 3820363, 0, 40, 0, 0, 0.14%, 6, 0, 10, 0.00
1734154531, 3837901, 0, 40, 0, 0, 0.14%, 6, 0, 10, 0.00
1734154537, 3854908, 0, 40, 0, 0, 0.14%, 6, 0, 10, 0.00
1734154542, 3871913, 0, 40, 0, 0, 0.14%, 6, 0, 10, 0.00
1734154547, 3890316, 0, 40, 0, 0, 0.14%, 6, 0, 10, 0.00
1734154552, 3907351, 0, 40, 0, 0, 0.14%, 6, 0, 10, 0.00
1734154557, 3925119, 0, 40, 0, 0, 0.14%, 6, 0, 10, 0.00
1734154563, 3942097, 0, 40, 0, 0, 0.14%, 6, 0, 10, 0.00
1734154568, 3959097, 0, 40, 0, 0, 0.14%, 6, 0, 10, 0.00
1734154573, 3976746, 0, 40, 0, 0, 0.14%, 6, 0, 10, 0.00
1734154578, 3994338, 0, 40, 0, 0, 0.14%, 6, 0, 10, 0.00
1734154583, 4012138, 0, 40, 0, 0, 0.14%, 6, 0, 10, 0.00
1734154589, 4029147, 0, 40, 0, 0, 0.14%, 6, 0, 10, 0.00
1734154594, 4046844, 0, 40, 0, 0, 0.14%, 6, 0, 10, 0.00
1734154599, 4063309, 0, 40, 0, 0, 0.14%, 6, 0, 10, 0.00
1734154604, 4081026, 0, 40, 0, 0, 0.14%, 6, 0, 10, 0.00
1734154609, 4098106, 0, 40, 0, 0, 0.14%, 6, 0, 10, 0.00
1734154615, 4115114, 0, 40, 0, 0, 0.14%, 6, 0, 10, 0.00
1734154620, 4132845, 0, 40, 0, 0, 0.14%, 6, 0, 10, 0.00
1734154625, 4149245, 0, 40, 0, 0, 0.14%, 6, 0, 10, 0.00
1734154630, 4167570, 0, 40, 0, 0, 0.14%, 6, 0, 10, 0.00
1734154635, 4184632, 0, 40, 0, 0, 0.14%, 6, 0, 10, 0.00
1734154641, 4201667, 0, 40, 0, 0, 0.14%, 6, 0, 10, 0.00
1734154646, 4218645, 0, 40, 0, 0, 0.14%, 6, 0, 10, 0.00
1734154651, 4236373, 0, 40, 0, 0, 0.14%, 6, 0, 10, 0.00
1734154656, 4253445, 0, 40, 0, 0, 0.14%, 6, 0, 10, 0.00
1734154661, 4270437, 0, 40, 0, 0, 0.14%, 6, 0, 10, 0.00
1734154667, 4287425, 0, 40, 0, 0, 0.14%, 6, 0, 10, 0.00
1734154672, 4305161, 0, 40, 0, 0, 0.14%, 6, 0, 10, 0.00
1734154677, 4322122, 0, 40, 0, 0, 0.14%, 6, 0, 10, 0.00
1734154682, 4339849, 0, 40, 0, 0, 0.14%, 6, 0, 10, 0.00
1734154687, 4356931, 0, 40, 0, 0, 0.14%, 6, 0, 10, 0.00
1734154693, 4374722, 0, 40, 0, 0, 0.14%, 6, 0, 10, 0.00
1734154698, 4391391, 0, 40, 0, 0, 0.14%, 6, 0, 10, 0.00
1734154703, 4408911, 0, 40, 0, 0, 0.14%, 6, 0, 10, 0.00
1734154708, 4426026, 0, 40, 0, 0, 0.14%, 6, 0, 10, 0.00
1734154713, 4443735, 0, 40, 0, 0, 0.14%, 6, 0, 10, 0.00
1734154719, 4460847, 0, 40, 0, 0, 0.14%, 6, 0, 10, 0.00
1734154724, 4478582, 0, 40, 0, 0, 0.14%, 6, 0, 10, 0.00
1734154729, 4495684, 0, 40, 0, 0, 0.14%, 6, 0, 10, 0.00
1734154734, 4512748, 0, 40, 0, 0, 0.14%, 6, 0, 10, 0.00
1734154739, 4529907, 0, 40, 0, 0, 0.14%, 6, 0, 10, 0.00
1734154745, 4546975, 0, 40, 0, 0, 0.14%, 6, 0, 10, 0.00
1734154750, 4564675, 0, 40, 0, 0, 0.14%, 6, 0, 10, 0.00
1734154755, 4581688, 0, 40, 0, 0, 0.14%, 6, 0, 10, 0.00
1734154760, 4598718, 0, 40, 0, 0, 0.14%, 6, 0, 10, 0.00
1734154765, 4615787, 0, 40, 0, 0, 0.14%, 6, 0, 10, 0.00
1734154771, 4634147, 0, 40, 0, 0, 0.14%, 6, 0, 10, 0.00
1734154776, 4651216, 0, 40, 0, 0, 0.14%, 6, 0, 10, 0.00
1734154781, 4668282, 0, 40, 0, 0, 0.14%, 6, 0, 10, 0.00
1734154786, 4685406, 0, 40, 0, 0, 0.14%, 6, 0, 10, 0.00
1734154791, 4703066, 0, 40, 0, 0, 0.14%, 6, 0, 10, 0.00
1734154797, 4720117, 0, 40, 0, 0, 0.14%, 6, 0, 10, 0.00
1734154802, 4737164, 0, 40, 0, 0, 0.14%, 6, 0, 10, 0.00
1734154807, 4754300, 0, 40, 0, 0, 0.14%, 6, 0, 10, 0.00
1734154812, 4771940, 0, 40, 0, 0, 0.14%, 6, 0, 10, 0.00
1734154817, 4789076, 0, 40, 0, 0, 0.14%, 6, 0, 10, 0.00
1734154823, 4806155, 0, 40, 0, 0, 0.14%, 6, 0, 10, 0.00
1734154828, 4823882, 0, 40, 0, 0, 0.14%, 6, 0, 10, 0.00
1734154833, 4840985, 0, 40, 0, 0, 0.14%, 6, 0, 10, 0.00
1734154838, 4858674, 0, 40, 0, 0, 0.14%, 6, 0, 10, 0.00
1734154843, 4875718, 0, 40, 0, 0, 0.14%, 6, 0, 10, 0.00
1734154849, 4894087, 0, 40, 0, 0, 0.14%, 6, 0, 10, 0.00
1734154854, 4911083, 0, 40, 0, 0, 0.14%, 6, 0, 10, 0.00
1734154859, 4928833, 0, 40, 0, 0, 0.14%, 6, 0, 10, 0.00
1734154864, 4946263, 0, 40, 0, 0, 0.14%, 6, 0, 10, 0.00
1734154869, 4963519, 0, 40, 0, 0, 0.14%, 6, 0, 10, 0.00
1734154875, 4980562, 0, 40, 0, 0, 0.14%, 6, 0, 10, 0.00
1734154880, 4997569, 0, 40, 0, 0, 0.14%, 6, 0, 10, 0.00
1734154885, 5015269, 0, 40, 0, 0, 0.14%, 6, 0, 10, 0.00
1734154890, 5032343, 0, 40, 0, 0, 0.14%, 6, 0, 10, 0.00
1734154895, 5050087, 0, 40, 0, 0, 0.14%, 6, 0, 10, 0.00
1734154901, 5067778, 0, 40, 0, 0, 0.14%, 6, 0, 10, 0.00
1734154906, 5084780, 0, 40, 0, 0, 0.14%, 6, 0, 10, 0.00
1734154911, 5103088, 0, 40, 0, 0, 0.14%, 6, 0, 10, 0.00
1734154916, 5120157, 0, 40, 0, 0, 0.14%, 6, 0, 10, 0.00
1734154921, 5137930, 0, 40, 0, 0, 0.14%, 6, 0, 10, 0.00
1734154927, 5154956, 0, 40, 0, 0, 0.14%, 6, 0, 10, 0.00
1734154932, 5172436, 0, 40, 0, 0, 0.14%, 6, 0, 10, 0.00
1734154937, 5189821, 0, 40, 0, 0, 0.14%, 6, 0, 10, 0.00
1734154942, 5206993, 0, 40, 0, 0, 0.14%, 6, 0, 10, 0.00
1734154947, 5224745, 0, 40, 0, 0, 0.14%, 6, 0, 10, 0.00
1734154953, 5241767, 0, 40, 0, 0, 0.14%, 6, 0, 10, 0.00
1734154958, 5259448, 0, 40, 0, 0, 0.14%, 6, 0, 10, 0.00
1734154963, 5276501, 0, 40, 0, 0, 0.14%, 6, 0, 10, 0.00
1734154968, 5293491, 0, 40, 0, 0, 0.14%, 6, 0, 10, 0.00
1734154973, 5311151, 0, 40, 0, 0, 0.14%, 6, 0, 10, 0.00
1734154979, 5328776, 0, 40, 0, 0, 0.14%, 6, 0, 10, 0.00
1734154984, 5345783, 0, 40, 0, 0, 0.14%, 6, 0, 10, 0.00
1734154989, 5362815, 0, 40, 0, 0, 0.14%, 6, 0, 10, 0.00
1734154994, 5379775, 0, 40, 0, 0, 0.14%, 6, 0, 10, 0.00
1734154999, 5396845, 0, 40, 0, 0, 0.14%, 6, 0, 10, 0.00
1734155005, 5415251, 0, 40, 0, 0, 0.14%, 6, 0, 10, 0.00
1734155010, 5432307, 0, 40, 0, 0, 0.14%, 6, 0, 10, 0.00
1734155015, 5449341, 0, 40, 0, 0, 0.14%, 6, 0, 10, 0.00
1734155020, 5467738, 0, 40, 0, 0, 0.14%, 6, 0, 10, 0.00
1734155025, 5484816, 0, 40, 0, 0, 0.14%, 6, 0, 10, 0.00
1734155031, 5502516, 0, 40, 0, 0, 0.14%, 6, 0, 10, 0.00
1734155036, 5519559, 0, 40, 0, 0, 0.14%, 6, 0, 10, 0.00
1734155041, 5536639, 0, 40, 0, 0, 0.14%, 6, 0, 10, 0.00
1734155046, 5554341, 0, 40, 0, 0, 0.14%, 6, 0, 10, 0.00
1734155051, 5571385, 0, 40, 0, 0, 0.14%, 6, 0, 10, 0.00
1734155057, 5589730, 0, 40, 0, 0, 0.14%, 6, 0, 10, 0.00
1734155062, 5606719, 0, 40, 0, 0, 0.14%, 6, 0, 10, 0.00
1734155067, 5623773, 0, 40, 0, 0, 0.14%, 6, 0, 10, 0.00
1734155072, 5640859, 0, 40, 0, 0, 0.14%, 6, 0, 10, 0.00
1734155077, 5658528, 0, 40, 0, 0, 0.14%, 6, 0, 10, 0.00
1734155083, 5675685, 0, 40, 0, 0, 0.14%, 6, 0, 10, 0.00
1734155088, 5692663, 0, 40, 0, 0, 0.14%, 6, 0, 10, 0.00
1734155093, 5710358, 0, 40, 0, 0, 0.14%, 6, 0, 10, 0.00
1734155098, 5727975, 0, 40, 0, 0, 0.14%, 6, 0, 10, 0.00
1734155103, 5745014, 0, 40, 0, 0, 0.14%, 6, 0, 10, 0.00
1734155109, 5762149, 0, 40, 0, 0, 0.14%, 6, 0, 10, 0.00
1734155114, 5779207, 0, 40, 0, 0, 0.14%, 6, 0, 10, 0.00
1734155119, 5796284, 0, 40, 0, 0, 0.14%, 6, 0, 10, 0.00
1734155124, 5814020, 0, 40, 0, 0, 0.14%, 6, 0, 10, 0.00
1734155129, 5831149, 0, 40, 0, 0, 0.14%, 6, 0, 10, 0.00
1734155135, 5848845, 0, 40, 0, 0, 0.14%, 6, 0, 10, 0.00
1734155140, 5865944, 0, 40, 0, 0, 0.14%, 6, 0, 10, 0.00
1734155145, 5884250, 0, 40, 0, 0, 0.14%, 6, 0, 10, 0.00
1734155150, 5901254, 0, 40, 0, 0, 0.14%, 6, 0, 10, 0.00
1734155155, 5918272, 0, 40, 0, 0, 0.14%, 6, 0, 10, 0.00
1734155161, 5935283, 0, 40, 0, 0, 0.14%, 6, 0, 10, 0.00
1734155166, 5952269, 0, 40, 0, 0, 0.14%, 6, 0, 10, 0.00
1734155171, 5969928, 0, 40, 0, 0, 0.14%, 6, 0, 10, 0.00
1734155176, 5986923, 0, 40, 0, 0, 0.14%, 6, 0, 10, 0.00
1734155181, 6003964, 0, 40, 0, 0, 0.14%, 6, 0, 10, 0.00
1734155187, 6021060, 0, 40, 0, 0, 0.14%, 6, 0, 10, 0.00
1734155192, 6038860, 0, 40, 0, 0, 0.14%, 6, 0, 10, 0.00
1734155197, 6056403, 0, 40, 0, 0, 0.14%, 6, 0, 10, 0.00
1734155202, 6074078, 0, 40, 0, 0, 0.14%, 6, 0, 10, 0.00
1734155207, 6091069, 0, 40, 0, 0, 0.14%, 6, 0, 10, 0.00
1734155213, 6108695, 0, 40, 0, 0, 0.14%, 6, 0, 10, 0.00
1734155218, 6126316, 0, 40, 0, 0, 0.14%, 6, 0, 10, 0.00
1734155223, 6143948, 0, 40, 0, 0, 0.14%, 6, 0, 10, 0.00
1734155228, 6161000, 0, 40, 0, 0, 0.14%, 6, 0, 10, 0.00
1734155233, 6177938, 0, 40, 0, 0, 0.14%, 6, 0, 10, 0.00
1734155239, 6194873, 0, 40, 0, 0, 0.14%, 6, 0, 10, 0.00
1734155244, 6212521, 0, 40, 0, 0, 0.14%, 6, 0, 10, 0.00
1734155249, 6230281, 0, 40, 0, 0, 0.14%, 6, 0, 10, 0.00
1734155254, 6247281, 0, 40, 0, 0, 0.14%, 6, 0, 10, 0.00
1734155259, 6264299, 0, 40, 0, 0, 0.14%, 6, 0, 10, 0.00
1734155265, 6281970, 0, 40, 0, 0, 0.14%, 6, 0, 10, 0.00
1734155270, 6298987, 0, 40, 0, 0, 0.14%, 6, 0, 10, 0.00
1734155275, 6317286, 0, 40, 0, 0, 0.14%, 6, 0, 10, 0.00
1734155280, 6334288, 0, 40, 0, 0, 0.14%, 6, 0, 10, 0.00
1734155285, 6351861, 0, 40, 0, 0, 0.14%, 6, 0, 10, 0.00
1734155291, 6368235, 0, 40, 0, 0, 0.14%, 6, 0, 10, 0.00
1734155296, 6385955, 0, 40, 0, 0, 0.14%, 6, 0, 10, 0.00
1734155301, 6403048, 0, 40, 0, 0, 0.14%, 6, 0, 10, 0.00
1734155306, 6420043, 0, 40, 0, 0, 0.14%, 6, 0, 10, 0.00
1734155311, 6437734, 0, 40, 0, 0, 0.14%, 6, 0, 10, 0.00
1734155317, 6454781, 0, 40, 0, 0, 0.14%, 6, 0, 10, 0.00
1734155322, 6473132, 0, 40, 0, 0, 0.14%, 6, 0, 10, 0.00
1734155327, 6490160, 0, 40, 0, 0, 0.14%, 6, 0, 10, 0.00
1734155332, 6507821, 0, 40, 0, 0, 0.14%, 6, 0, 10, 0.00
1734155337, 6524838, 0, 40, 0, 0, 0.14%, 6, 0, 10, 0.00
1734155343, 6543146, 0, 40, 0, 0, 0.14%, 6, 0, 10, 0.00
1734155348, 6560149, 0, 40, 0, 0, 0.14%, 6, 0, 10, 0.00
1734155353, 6577168, 0, 40, 0, 0, 0.14%, 6, 0, 10, 0.00
1734155358, 6594719, 0, 40, 0, 0, 0.14%, 6, 0, 10, 0.00
1734155363, 6611605, 0, 40, 0, 0, 0.14%, 6, 0, 10, 0.00
1734155369, 6629868, 0, 40, 0, 0, 0.14%, 6, 0, 10, 0.00
1734155374, 6646837, 0, 40, 0, 0, 0.14%, 6, 0, 10, 0.00
1734155379, 6664457, 0, 40, 0, 0, 0.14%, 6, 0, 10, 0.00
1734155384, 6681497, 0, 40, 0, 0, 0.14%, 6, 0, 10, 0.00
1734155389, 6699078, 0, 40, 0, 0, 0.14%, 6, 0, 10, 0.00
1734155395, 6716668, 0, 40, 0, 0, 0.14%, 6, 0, 10, 0.00
1734155400, 6734386, 0, 40, 0, 0, 0.14%, 6, 0, 10, 0.00
1734155405, 6751858, 0, 40, 0, 0, 0.14%, 6, 0, 10, 0.00
1734155410, 6769113, 0, 40, 0, 0, 0.14%, 6, 0, 10, 0.00
1734155415, 6786146, 0, 40, 0, 0, 0.14%, 6, 0, 10, 0.00
1734155421, 6803112, 0, 40, 0, 0, 0.14%, 6, 0, 10, 0.00
1734155426, 6820235, 0, 40, 0, 0, 0.14%, 6, 0, 10, 0.00
1734155431, 6837312, 0, 40, 0, 0, 0.14%, 6, 0, 10, 0.00
1734155436, 6854362, 0, 40, 0, 0, 0.14%, 6, 0, 10, 0.00
1734155441, 6871401, 0, 40, 0, 0, 0.14%, 6, 0, 10, 0.00
1734155447, 6888449, 0, 40, 0, 0, 0.14%, 6, 0, 10, 0.00
1734155452, 6905521, 0, 40, 0, 0, 0.14%, 6, 0, 10, 0.00
1734155457, 6923180, 0, 40, 0, 0, 0.14%, 6, 0, 10, 0.00
1734155462, 6940908, 0, 40, 0, 0, 0.14%, 6, 0, 10, 0.00
1734155467, 6958648, 0, 40, 0, 0, 0.14%, 6, 0, 10, 0.00
1734155473, 6976320, 0, 40, 0, 0, 0.14%, 6, 0, 10, 0.00
1734155478, 6993414, 0, 40, 0, 0, 0.14%, 6, 0, 10, 0.00
1734155483, 7011163, 0, 40, 0, 0, 0.14%, 6, 0, 10, 0.00
1734155488, 7028241, 0, 40, 0, 0, 0.14%, 6, 0, 10, 0.00
1734155493, 7046482, 0, 40, 0, 0, 0.14%, 6, 0, 10, 0.00
1734155499, 7063572, 0, 40, 0, 0, 0.14%, 6, 0, 10, 0.00
1734155504, 7081223, 0, 40, 0, 0, 0.14%, 6, 0, 10, 0.00
1734155509, 7098264, 0, 40, 0, 0, 0.14%, 6, 0, 10, 0.00
1734155514, 7115371, 0, 40, 0, 0, 0.14%, 6, 0, 10, 0.00
1734155519, 7132961, 0, 40, 0, 0, 0.14%, 6, 0, 10, 0.00
1734155525, 7151312, 0, 40, 0, 0, 0.14%, 6, 0, 10, 0.00
1734155530, 7168307, 0, 40, 0, 0, 0.14%, 6, 0, 10, 0.00
1734155535, 7185354, 0, 40, 0, 0, 0.14%, 6, 0, 10, 0.00
1734155540, 7202409, 0, 40, 0, 0, 0.14%, 6, 0, 10, 0.00
1734155545, 7220180, 0, 40, 0, 0, 0.14%, 6, 0, 10, 0.00
1734155551, 7237873, 0, 40, 0, 0, 0.14%, 6, 0, 10, 0.00
1734155556, 7254974, 0, 40, 0, 0, 0.14%, 6, 0, 10, 0.00
1734155561, 7273278, 0, 40, 0, 0, 0.14%, 6, 0, 10, 0.00
1734155566, 7290321, 0, 40, 0, 0, 0.14%, 6, 0, 10, 0.00
1734155571, 7307996, 0, 40, 0, 0, 0.14%, 6, 0, 10, 0.00
1734155577, 7324950, 0, 40, 0, 0, 0.14%, 6, 0, 10, 0.00
1734155582, 7342633, 0, 40, 0, 0, 0.14%, 6, 0, 10, 0.00
1734155587, 7359609, 0, 40, 0, 0, 0.14%, 6, 0, 10, 0.00
1734155592, 7376587, 0, 40, 0, 0, 0.14%, 6, 0, 10, 0.00
1734155597, 7394253, 0, 40, 0, 0, 0.14%, 6, 0, 10, 0.00
1734155603, 7411259, 0, 40, 0, 0, 0.14%, 6, 0, 10, 0.00
1734155608, 7428938, 0, 40, 0, 0, 0.14%, 6, 0, 10, 0.00
1734155613, 7446579, 0, 40, 0, 0, 0.14%, 6, 0, 10, 0.00
1734155618, 7464240, 0, 40, 0, 0, 0.14%, 6, 0, 10, 0.00
1734155623, 7481244, 0, 40, 0, 0, 0.14%, 6, 0, 10, 0.00
1734155629, 7498921, 0, 40, 0, 0, 0.14%, 6, 0, 10, 0.00
1734155634, 7515845, 0, 40, 0, 0, 0.14%, 6, 0, 10, 0.00
1734155639, 7533539, 0, 40, 0, 0, 0.14%, 6, 0, 10, 0.00
1734155644, 7551270, 0, 40, 0, 0, 0.14%, 6, 0, 10, 0.00
1734155649, 7568994, 0, 40, 0, 0, 0.14%, 6, 0, 10, 0.00
1734155655, 7586045, 0, 40, 0, 0, 0.14%, 6, 0, 10, 0.00
1734155660, 7603068, 0, 40, 0, 0, 0.14%, 6, 0, 10, 0.00
1734155665, 7620678, 0, 40, 0, 0, 0.14%, 6, 0, 10, 0.00
1734155670, 7637762, 0, 40, 0, 0, 0.14%, 6, 0, 10, 0.00
1734155675, 7655433, 0, 40, 0, 0, 0.14%, 6, 0, 10, 0.00
1734155681, 7672483, 0, 40, 0, 0, 0.14%, 6, 0, 10, 0.00
1734155686, 7690802, 0, 40, 0, 0, 0.14%, 6, 0, 10, 0.00
1734155691, 7707888, 0, 40, 0, 0, 0.14%, 6, 0, 10, 0.00
1734155696, 7725528, 0, 40, 0, 0, 0.14%, 6, 0, 10, 0.00
1734155701, 7742606, 0, 40, 0, 0, 0.14%, 6, 0, 10, 0.00
1734155707, 7760364, 0, 40, 0, 0, 0.14%, 6, 0, 10, 0.00
1734155712, 7778208, 0, 40, 0, 0, 0.14%, 6, 0, 10, 0.00
1734155717, 7795810, 0, 40, 0, 0, 0.14%, 6, 0, 10, 0.00
1734155722, 7813363, 0, 40, 0, 0, 0.14%, 6, 0, 10, 0.00
1734155727, 7830410, 0, 40, 0, 0, 0.14%, 6, 0, 10, 0.00
1734155733, 7848082, 0, 40, 0, 0, 0.14%, 6, 0, 10, 0.00
1734155738, 7864440, 0, 40, 0, 0, 0.14%, 6, 0, 10, 0.00
1734155743, 7882150, 0, 40, 0, 0, 0.14%, 6, 0, 10, 0.00
1734155748, 7899280, 0, 40, 0, 0, 0.14%, 6, 0, 10, 0.00
1734155753, 7916926, 0, 40, 0, 0, 0.14%, 6, 0, 10, 0.00
1734155759, 7934032, 0, 40, 0, 0, 0.14%, 6, 0, 10, 0.00
1734155764, 7952342, 0, 40, 0, 0, 0.14%, 6, 0, 10, 0.00
1734155769, 7969393, 0, 40, 0, 0, 0.14%, 6, 0, 10, 0.00
1734155774, 7987087, 0, 40, 0, 0, 0.14%, 6, 0, 10, 0.00
1734155779, 8004053, 0, 40, 0, 0, 0.14%, 6, 0, 10, 0.00
1734155785, 8021385, 0, 40, 0, 0, 0.14%, 6, 0, 10, 0.00
1734155790, 8038727, 0, 40, 0, 0, 0.14%, 6, 0, 10, 0.00
1734155795, 8056340, 0, 40, 0, 0, 0.14%, 6, 0, 10, 0.00
1734155800, 8074027, 0, 40, 0, 0, 0.14%, 6, 0, 10, 0.00
1734155805, 8091677, 0, 40, 0, 0, 0.14%, 6, 0, 10, 0.00
1734155811, 8108020, 0, 40, 0, 0, 0.14%, 6, 0, 10, 0.00
1734155816, 8125612, 0, 40, 0, 0, 0.14%, 6, 0, 10, 0.00
1734155821, 8143285, 0, 40, 0, 0, 0.14%, 6, 0, 10, 0.00
1734155826, 8160936, 0, 40, 0, 0, 0.14%, 6, 0, 10, 0.00
1734155831, 8178290, 0, 40, 0, 0, 0.14%, 6, 0, 10, 0.00
1734155837, 8195611, 0, 40, 0, 0, 0.14%, 6, 0, 10, 0.00
1734155842, 8213238, 0, 40, 0, 0, 0.14%, 6, 0, 10, 0.00
1734155847, 8230934, 0, 40, 0, 0, 0.14%, 6, 0, 10, 0.00
1734155852, 8248664, 0, 40, 0, 0, 0.14%, 6, 0, 10, 0.00
1734155857, 8265803, 0, 40, 0, 0, 0.14%, 6, 0, 10, 0.00
1734155863, 8283506, 0, 40, 0, 0, 0.14%, 6, 0, 10, 0.00
1734155868, 8300477, 0, 40, 0, 0, 0.14%, 6, 0, 10, 0.00
1734155873, 8318764, 0, 40, 0, 0, 0.14%, 6, 0, 10, 0.00
1734155878, 8335733, 0, 40, 0, 0, 0.14%, 6, 0, 10, 0.00
1734155883, 8353410, 0, 40, 0, 0, 0.14%, 6, 0, 10, 0.00
1734155889, 8370436, 0, 40, 0, 0, 0.14%, 6, 0, 10, 0.00
1734155894, 8388133, 0, 40, 0, 0, 0.14%, 6, 0, 10, 0.00
1734155899, 8405073, 0, 40, 0, 0, 0.14%, 6, 0, 10, 0.00
1734155904, 8423407, 0, 40, 0, 0, 0.14%, 6, 0, 10, 0.00
1734155909, 8440466, 0, 40, 0, 0, 0.14%, 6, 0, 10, 0.00
1734155915, 8457548, 0, 40, 0, 0, 0.14%, 6, 0, 10, 0.00
1734155920, 8474574, 0, 40, 0, 0, 0.14%, 6, 0, 10, 0.00
1734155925, 8492258, 0, 40, 0, 0, 0.14%, 6, 0, 10, 0.00
1734155930, 8509244, 0, 40, 0, 0, 0.14%, 6, 0, 10, 0.00
1734155935, 8527555, 0, 40, 0, 0, 0.14%, 6, 0, 10, 0.00
1734155941, 8544583, 0, 40, 0, 0, 0.14%, 6, 0, 10, 0.00
1734155946, 8561661, 0, 40, 0, 0, 0.14%, 6, 0, 10, 0.00
1734155951, 8579951, 0, 40, 0, 0, 0.14%, 6, 0, 10, 0.00
1734155956, 8597020, 0, 40, 0, 0, 0.14%, 6, 0, 10, 0.00
1734155961, 8614702, 0, 40, 0, 0, 0.14%, 6, 0, 10, 0.00
1734155967, 8631105, 0, 40, 0, 0, 0.14%, 6, 0, 10, 0.00
1734155972, 8648799, 0, 40, 0, 0, 0.14%, 6, 0, 10, 0.00
1734155977, 8666473, 0, 40, 0, 0, 0.14%, 6, 0, 10, 0.00
1734155982, 8683418, 0, 40, 0, 0, 0.14%, 6, 0, 10, 0.00
1734155987, 8701126, 0, 40, 0, 0, 0.14%, 6, 0, 10, 0.00
1734155993, 8718169, 0, 40, 0, 0, 0.14%, 6, 0, 10, 0.00
1734155998, 8735835, 0, 40, 0, 0, 0.14%, 6, 0, 10, 0.00
1734156003, 8753411, 0, 40, 0, 0, 0.14%, 6, 0, 10, 0.00
1734156008, 8771166, 0, 40, 0, 0, 0.14%, 6, 0, 10, 0.00
1734156013, 8788185, 0, 40, 0, 0, 0.14%, 6, 0, 10, 0.00
1734156019, 8805871, 0, 40, 0, 0, 0.14%, 6, 0, 10, 0.00
1734156024, 8822847, 0, 40, 0, 0, 0.14%, 6, 0, 10, 0.00
1734156029, 8841199, 0, 40, 0, 0, 0.14%, 6, 0, 10, 0.00
1734156034, 8858181, 0, 40, 0, 0, 0.14%, 6, 0, 10, 0.00
1734156039, 8875889, 0, 40, 0, 0, 0.14%, 6, 0, 10, 0.00
1734156045, 8892821, 0, 40, 0, 0, 0.14%, 6, 0, 10, 0.00
1734156050, 8910541, 0, 40, 0, 0, 0.14%, 6, 0, 10, 0.00
1734156055, 8928200, 0, 40, 0, 0, 0.14%, 6, 0, 10, 0.00
1734156060, 8945224, 0, 40, 0, 0, 0.14%, 6, 0, 10, 0.00
1734156065, 8962880, 0, 40, 0, 0, 0.14%, 6, 0, 10, 0.00
1734156071, 8979889, 0, 40, 0, 0, 0.14%, 6, 0, 10, 0.00
1734156076, 8998293, 0, 40, 0, 0, 0.14%, 6, 0, 10, 0.00
1734156081, 9015271, 0, 40, 0, 0, 0.14%, 6, 0, 10, 0.00
1734156086, 9032971, 0, 40, 0, 0, 0.14%, 6, 0, 10, 0.00
1734156091, 9050051, 0, 40, 0, 0, 0.14%, 6, 0, 10, 0.00
1734156097, 9067704, 0, 40, 0, 0, 0.14%, 6, 0, 10, 0.00
1734156102, 9085311, 0, 40, 0, 0, 0.14%, 6, 0, 10, 0.00
1734156107, 9102923, 0, 40, 0, 0, 0.14%, 6, 0, 10, 0.00
1734156112, 9119930, 0, 40, 0, 0, 0.14%, 6, 0, 10, 0.00
1734156117, 9137559, 0, 40, 0, 0, 0.14%, 6, 0, 10, 0.00
1734156123, 9154569, 0, 40, 0, 0, 0.14%, 6, 0, 10, 0.00
1734156128, 9172775, 0, 40, 0, 0, 0.14%, 6, 0, 10, 0.00
1734156133, 9189806, 0, 40, 0, 0, 0.14%, 6, 0, 10, 0.00
1734156138, 9207494, 0, 40, 0, 0, 0.14%, 6, 0, 10, 0.00
1734156143, 9224514, 0, 40, 0, 0, 0.14%, 6, 0, 10, 0.00
1734156149, 9242180, 0, 40, 0, 0, 0.14%, 6, 0, 10, 0.00
1734156154, 9259949, 0, 40, 0, 0, 0.14%, 6, 0, 10, 0.00
1734156159, 9277568, 0, 40, 0, 0, 0.14%, 6, 0, 10, 0.00
1734156164, 9295205, 0, 40, 0, 0, 0.14%, 6, 0, 10, 0.00
1734156169, 9312228, 0, 40, 0, 0, 0.14%, 6, 0, 10, 0.00
1734156175, 9329923, 0, 40, 0, 0, 0.14%, 6, 0, 10, 0.00
1734156180, 9347504, 0, 40, 0, 0, 0.14%, 6, 0, 10, 0.00
1734156185, 9365176, 0, 40, 0, 0, 0.14%, 6, 0, 10, 0.00
1734156190, 9382221, 0, 40, 0, 0, 0.14%, 6, 0, 10, 0.00
1734156195, 9399865, 0, 40, 0, 0, 0.14%, 6, 0, 10, 0.00
1734156201, 9416959, 0, 40, 0, 0, 0.14%, 6, 0, 10, 0.00
1734156206, 9433934, 0, 40, 0, 0, 0.14%, 6, 0, 10, 0.00
1734156211, 9451625, 0, 40, 0, 0, 0.14%, 6, 0, 10, 0.00
1734156216, 9468120, 0, 40, 0, 0, 0.14%, 6, 0, 10, 0.00
1734156221, 9485791, 0, 40, 0, 0, 0.14%, 6, 0, 10, 0.00
1734156227, 9502913, 0, 40, 0, 0, 0.14%, 6, 0, 10, 0.00
1734156232, 9521246, 0, 40, 0, 0, 0.14%, 6, 0, 10, 0.00
1734156237, 9538274, 0, 40, 0, 0, 0.14%, 6, 0, 10, 0.00
1734156242, 9555962, 0, 40, 0, 0, 0.14%, 6, 0, 10, 0.00
1734156247, 9572982, 0, 40, 0, 0, 0.14%, 6, 0, 10, 0.00
1734156253, 9591329, 0, 40, 0, 0, 0.14%, 6, 0, 10, 0.00
1734156258, 9608421, 0, 40, 0, 0, 0.14%, 6, 0, 10, 0.00
1734156263, 9626164, 0, 40, 0, 0, 0.14%, 6, 0, 10, 0.00
1734156268, 9643273, 0, 40, 0, 0, 0.14%, 6, 0, 10, 0.00
1734156273, 9660988, 0, 40, 0, 0, 0.14%, 6, 0, 10, 0.00
1734156279, 9677961, 0, 40, 0, 0, 0.14%, 6, 0, 10, 0.00
1734156284, 9696266, 0, 40, 0, 0, 0.14%, 6, 0, 10, 0.00
1734156289, 9713297, 0, 40, 0, 0, 0.14%, 6, 0, 10, 0.00
1734156294, 9730956, 0, 40, 0, 0, 0.14%, 6, 0, 10, 0.00
1734156299, 9748056, 0, 40, 0, 0, 0.14%, 6, 0, 10, 0.00
1734156305, 9765774, 0, 40, 0, 0, 0.14%, 6, 0, 10, 0.00
1734156310, 9783416, 0, 40, 0, 0, 0.14%, 6, 0, 10, 0.00
1734156315, 9801847, 0, 40, 0, 0, 0.14%, 6, 0, 10, 0.00
1734156320, 9818879, 0, 40, 0, 0, 0.14%, 6, 0, 10, 0.00
1734156325, 9835919, 0, 40, 0, 0, 0.14%, 6, 0, 10, 0.00
1734156331, 9854240, 0, 40, 0, 0, 0.14%, 6, 0, 10, 0.00
1734156336, 9871358, 0, 40, 0, 0, 0.14%, 6, 0, 10, 0.00
1734156341, 9888420, 0, 40, 0, 0, 0.14%, 6, 0, 10, 0.00
1734156346, 9906815, 0, 40, 0, 0, 0.14%, 6, 0, 10, 0.00
1734156351, 9923899, 0, 40, 0, 0, 0.14%, 6, 0, 10, 0.00
1734156357, 9940930, 0, 40, 0, 0, 0.14%, 6, 0, 10, 0.00
1734156362, 9958529, 0, 40, 0, 0, 0.14%, 6, 0, 10, 0.00
1734156367, 9975516, 0, 40, 0, 0, 0.14%, 6, 0, 10, 0.00
1734156372, 9993161, 0, 40, 0, 0, 0.14%, 6, 0, 10, 0.00
1734156377, 10010803, 0, 40, 0, 0, 0.14%, 6, 0, 10, 0.00
1734156383, 10028491, 0, 40, 0, 0, 0.14%, 6, 0, 10, 0.00
1734156388, 10046132, 0, 40, 0, 0, 0.14%, 6, 0, 10, 0.00
1734156393, 10063146, 0, 40, 0, 0, 0.14%, 6, 0, 10, 0.00
1734156398, 10080842, 0, 40, 0, 0, 0.14%, 6, 0, 10, 0.00
1734156403, 10097853, 0, 40, 0, 0, 0.14%, 6, 0, 10, 0.00
1734156409, 10116168, 0, 40, 0, 0, 0.14%, 6, 0, 10, 0.00
1734156414, 10133206, 0, 40, 0, 0, 0.14%, 6, 0, 10, 0.00
1734156419, 10150937, 0, 40, 0, 0, 0.14%, 6, 0, 10, 0.00
1734156424, 10167926, 0, 40, 0, 0, 0.14%, 6, 0, 10, 0.00
1734156429, 10185560, 0, 40, 0, 0, 0.14%, 6, 0, 10, 0.00
1734156435, 10202624, 0, 40, 0, 0, 0.14%, 6, 0, 10, 0.00
1734156440, 10219661, 0, 40, 0, 0, 0.14%, 6, 0, 10, 0.00
1734156445, 10237414, 0, 40, 0, 0, 0.14%, 6, 0, 10, 0.00
1734156450, 10254477, 0, 40, 0, 0, 0.14%, 6, 0, 10, 0.00
1734156455, 10272836, 0, 40, 0, 0, 0.14%, 6, 0, 10, 0.00
1734156461, 10289913, 0, 40, 0, 0, 0.14%, 6, 0, 10, 0.00
1734156466, 10307574, 0, 40, 0, 0, 0.14%, 6, 0, 10, 0.00
1734156471, 10324491, 0, 40, 0, 0, 0.14%, 6, 0, 10, 0.00
1734156476, 10341511, 0, 40, 0, 0, 0.14%, 6, 0, 10, 0.00
1734156481, 10359200, 0, 40, 0, 0, 0.14%, 6, 0, 10, 0.00
1734156487, 10376170, 0, 40, 0, 0, 0.14%, 6, 0, 10, 0.00
1734156492, 10393070, 0, 40, 0, 0, 0.14%, 6, 0, 10, 0.00
1734156497, 10410057, 0, 40, 0, 0, 0.14%, 6, 0, 10, 0.00
1734156502, 10427718, 0, 40, 0, 0, 0.14%, 6, 0, 10, 0.00
1734156507, 10444763, 0, 40, 0, 0, 0.14%, 6, 0, 10, 0.00
1734156513, 10462428, 0, 40, 0, 0, 0.14%, 6, 0, 10, 0.00
1734156518, 10479428, 0, 40, 0, 0, 0.14%, 6, 0, 10, 0.00
1734156523, 10497736, 0, 40, 0, 0, 0.14%, 6, 0, 10, 0.00
1734156528, 10514714, 0, 40, 0, 0, 0.14%, 6, 0, 10, 0.00
1734156533, 10532395, 0, 40, 0, 0, 0.14%, 6, 0, 10, 0.00
1734156539, 10549897, 0, 40, 0, 0, 0.14%, 6, 0, 10, 0.00
1734156544, 10567119, 0, 40, 0, 0, 0.14%, 6, 0, 10, 0.00
1734156549, 10584770, 0, 40, 0, 0, 0.14%, 6, 0, 10, 0.00
1734156554, 10602427, 0, 40, 0, 0, 0.14%, 6, 0, 10, 0.00
1734156559, 10619480, 0, 40, 0, 0, 0.14%, 6, 0, 10, 0.00
1734156565, 10636538, 0, 40, 0, 0, 0.14%, 6, 0, 10, 0.00
1734156570, 10654815, 0, 40, 0, 0, 0.14%, 6, 0, 10, 0.00
1734156575, 10671850, 0, 40, 0, 0, 0.14%, 6, 0, 10, 0.00
1734156580, 10689525, 0, 40, 0, 0, 0.14%, 6, 0, 10, 0.00
1734156585, 10706550, 0, 40, 0, 0, 0.14%, 6, 0, 10, 0.00
1734156591, 10724166, 0, 40, 0, 0, 0.14%, 6, 0, 10, 0.00
1734156596, 10741787, 0, 40, 0, 0, 0.14%, 6, 0, 10, 0.00
1734156601, 10759404, 0, 40, 0, 0, 0.14%, 6, 0, 10, 0.00
1734156606, 10777159, 0, 40, 0, 0, 0.14%, 6, 0, 10, 0.00
1734156611, 10794148, 0, 40, 0, 0, 0.14%, 6, 0, 10, 0.00
1734156617, 10812470, 0, 40, 0, 0, 0.14%, 6, 0, 10, 0.00
1734156622, 10829444, 0, 40, 0, 0, 0.14%, 6, 0, 10, 0.00
1734156627, 10847047, 0, 40, 0, 0, 0.14%, 6, 0, 10, 0.00
1734156632, 10864088, 0, 40, 0, 0, 0.14%, 6, 0, 10, 0.00
1734156637, 10881797, 0, 40, 0, 0, 0.14%, 6, 0, 10, 0.00
1734156643, 10898083, 0, 40, 0, 0, 0.14%, 6, 0, 10, 0.00
1734156648, 10916297, 0, 40, 0, 0, 0.14%, 6, 0, 10, 0.00
1734156653, 10933965, 0, 40, 0, 0, 0.14%, 6, 0, 10, 0.00
1734156658, 10951590, 0, 40, 0, 0, 0.14%, 6, 0, 10, 0.00
1734156663, 10968605, 0, 40, 0, 0, 0.14%, 6, 0, 10, 0.00
1734156669, 10986198, 0, 40, 0, 0, 0.14%, 6, 0, 10, 0.00
1734156674, 11003157, 0, 40, 0, 0, 0.14%, 6, 0, 10, 0.00
1734156679, 11021415, 0, 40, 0, 0, 0.14%, 6, 0, 10, 0.00
1734156684, 11038481, 0, 40, 0, 0, 0.14%, 6, 0, 10, 0.00
1734156689, 11056156, 0, 40, 0, 0, 0.14%, 6, 0, 10, 0.00
1734156695, 11073231, 0, 40, 0, 0, 0.14%, 6, 0, 10, 0.00
1734156700, 11090871, 0, 40, 0, 0, 0.14%, 6, 0, 10, 0.00
1734156705, 11107959, 0, 40, 0, 0, 0.14%, 6, 0, 10, 0.00
1734156710, 11125684, 0, 40, 0, 0, 0.14%, 6, 0, 10, 0.00
1734156715, 11142137, 0, 40, 0, 0, 0.14%, 6, 0, 10, 0.00
1734156721, 11159827, 0, 40, 0, 0, 0.14%, 6, 0, 10, 0.00
1734156726, 11176886, 0, 40, 0, 0, 0.14%, 6, 0, 10, 0.00
1734156731, 11194542, 0, 40, 0, 0, 0.14%, 6, 0, 10, 0.00
1734156736, 11211583, 0, 40, 0, 0, 0.14%, 6, 0, 10, 0.00
1734156741, 11229258, 0, 40, 0, 0, 0.14%, 6, 0, 10, 0.00
1734156747, 11247056, 0, 40, 0, 0, 0.14%, 6, 0, 10, 0.00
1734156752, 11264752, 0, 40, 0, 0, 0.14%, 6, 0, 10, 0.00
1734156757, 11281749, 0, 40, 0, 0, 0.14%, 6, 0, 10, 0.00
1734156762, 11299363, 0, 40, 0, 0, 0.14%, 6, 0, 10, 0.00
1734156767, 11316410, 0, 40, 0, 0, 0.14%, 6, 0, 10, 0.00
1734156773, 11333438, 0, 40, 0, 0, 0.14%, 6, 0, 10, 0.00
1734156778, 11351223, 0, 40, 0, 0, 0.14%, 6, 0, 10, 0.00
1734156783, 11368302, 0, 40, 0, 0, 0.14%, 6, 0, 10, 0.00
1734156788, 11386024, 0, 40, 0, 0, 0.14%, 6, 0, 10, 0.00
1734156793, 11403659, 0, 40, 0, 0, 0.14%, 6, 0, 10, 0.00
1734156799, 11421254, 0, 40, 0, 0, 0.14%, 6, 0, 10, 0.00
1734156804, 11438235, 0, 40, 0, 0, 0.14%, 6, 0, 10, 0.00
1734156809, 11455315, 0, 40, 0, 0, 0.14%, 6, 0, 10, 0.00
1734156814, 11473004, 0, 40, 0, 0, 0.14%, 6, 0, 10, 0.00
1734156819, 11490062, 0, 40, 0, 0, 0.14%, 6, 0, 10, 0.00
1734156825, 11507782, 0, 40, 0, 0, 0.14%, 6, 0, 10, 0.00
1734156830, 11524788, 0, 40, 0, 0, 0.14%, 6, 0, 10, 0.00
1734156835, 11542539, 0, 40, 0, 0, 0.14%, 6, 0, 10, 0.00
1734156840, 11560250, 0, 40, 0, 0, 0.14%, 6, 0, 10, 0.00
1734156845, 11577911, 0, 40, 0, 0, 0.14%, 6, 0, 10, 0.00
1734156851, 11594938, 0, 40, 0, 0, 0.14%, 6, 0, 10, 0.00
1734156856, 11612665, 0, 40, 0, 0, 0.14%, 6, 0, 10, 0.00
1734156861, 11629696, 0, 40, 0, 0, 0.14%, 6, 0, 10, 0.00
1734156866, 11648012, 0, 40, 0, 0, 0.14%, 6, 0, 10, 0.00
1734156871, 11665039, 0, 40, 0, 0, 0.14%, 6, 0, 10, 0.00
1734156877, 11682251, 0, 40, 0, 0, 0.14%, 6, 0, 10, 0.00
1734156882, 11699795, 0, 40, 0, 0, 0.14%, 6, 0, 10, 0.00
1734156887, 11717512, 0, 40, 0, 0, 0.14%, 6, 0, 10, 0.00
1734156892, 11734532, 0, 40, 0, 0, 0.14%, 6, 0, 10, 0.00
1734156897, 11752857, 0, 40, 0, 0, 0.14%, 6, 0, 10, 0.00
1734156903, 11769224, 0, 40, 0, 0, 0.14%, 6, 0, 10, 0.00
1734156908, 11786912, 0, 40, 0, 0, 0.14%, 6, 0, 10, 0.00
1734156913, 11803967, 0, 40, 0, 0, 0.14%, 6, 0, 10, 0.00
1734156918, 11821025, 0, 40, 0, 0, 0.14%, 6, 0, 10, 0.00
1734156923, 11838664, 0, 40, 0, 0, 0.14%, 6, 0, 10, 0.00
1734156929, 11855735, 0, 40, 0, 0, 0.14%, 6, 0, 10, 0.00
1734156934, 11873410, 0, 40, 0, 0, 0.14%, 6, 0, 10, 0.00
1734156939, 11890364, 0, 40, 0, 0, 0.14%, 6, 0, 10, 0.00
1734156944, 11907412, 0, 40, 0, 0, 0.14%, 6, 0, 10, 0.00
1734156949, 11924552, 0, 40, 0, 0, 0.14%, 6, 0, 10, 0.00
1734156955, 11942136, 0, 40, 0, 0, 0.14%, 6, 0, 10, 0.00
1734156960, 11959117, 0, 40, 0, 0, 0.14%, 6, 0, 10, 0.00
1734156965, 11976134, 0, 40, 0, 0, 0.14%, 6, 0, 10, 0.00
1734156970, 11993131, 0, 40, 0, 0, 0.14%, 6, 0, 10, 0.00
1734156975, 12010780, 0, 40, 0, 0, 0.14%, 6, 0, 10, 0.00
1734156981, 12028217, 0, 40, 0, 0, 0.14%, 6, 0, 10, 0.00
1734156986, 12045492, 0, 40, 0, 0, 0.14%, 6, 0, 10, 0.00
1734156991, 12063770, 0, 40, 0, 0, 0.14%, 6, 0, 10, 0.00
1734156996, 12080840, 0, 40, 0, 0, 0.14%, 6, 0, 10, 0.00
1734157001, 12098514, 0, 40, 0, 0, 0.14%, 6, 0, 10, 0.00
1734157007, 12115601, 0, 40, 0, 0, 0.14%, 6, 0, 10, 0.00
1734157012, 12133243, 0, 40, 0, 0, 0.14%, 6, 0, 10, 0.00
1734157017, 12150266, 0, 40, 0, 0, 0.14%, 6, 0, 10, 0.00
1734157022, 12167963, 0, 40, 0, 0, 0.14%, 6, 0, 10, 0.00
1734157027, 12186311, 0, 40, 0, 0, 0.14%, 6, 0, 10, 0.00
1734157033, 12203497, 0, 40, 0, 0, 0.14%, 6, 0, 10, 0.00
1734157038, 12220972, 0, 40, 0, 0, 0.14%, 6, 0, 10, 0.00
1734157043, 12238573, 0, 40, 0, 0, 0.14%, 6, 0, 10, 0.00
1734157048, 12255524, 0, 40, 0, 0, 0.14%, 6, 0, 10, 0.00
1734157053, 12272545, 0, 40, 0, 0, 0.14%, 6, 0, 10, 0.00
1734157059, 12290235, 0, 40, 0, 0, 0.14%, 6, 0, 10, 0.00
1734157064, 12307172, 0, 40, 0, 0, 0.14%, 6, 0, 10, 0.00
1734157069, 12324869, 0, 40, 0, 0, 0.14%, 6, 0, 10, 0.00
1734157074, 12343193, 0, 40, 0, 0, 0.14%, 6, 0, 10, 0.00
1734157079, 12360200, 0, 40, 0, 0, 0.14%, 6, 0, 10, 0.00
1734157085, 12377187, 0, 40, 0, 0, 0.14%, 6, 0, 10, 0.00
1734157090, 12394662, 0, 40, 0, 0, 0.14%, 6, 0, 10, 0.00
1734157095, 12411801, 0, 40, 0, 0, 0.14%, 6, 0, 10, 0.00
1734157100, 12428763, 0, 40, 0, 0, 0.14%, 6, 0, 10, 0.00
1734157105, 12445762, 0, 40, 0, 0, 0.14%, 6, 0, 10, 0.00
1734157111, 12462726, 0, 40, 0, 0, 0.14%, 6, 0, 10, 0.00
1734157116, 12481027, 0, 40, 0, 0, 0.14%, 6, 0, 10, 0.00
1734157121, 12498000, 0, 40, 0, 0, 0.14%, 6, 0, 10, 0.00
1734157126, 12514964, 0, 40, 0, 0, 0.14%, 6, 0, 10, 0.00
1734157131, 12532023, 0, 40, 0, 0, 0.14%, 6, 0, 10, 0.00
1734157137, 12549637, 0, 40, 0, 0, 0.14%, 6, 0, 10, 0.00
1734157142, 12567330, 0, 40, 0, 0, 0.14%, 6, 0, 10, 0.00
1734157147, 12584252, 0, 40, 0, 0, 0.14%, 6, 0, 10, 0.00
1734157152, 12602522, 0, 40, 0, 0, 0.14%, 6, 0, 10, 0.00
1734157157, 12619557, 0, 40, 0, 0, 0.14%, 6, 0, 10, 0.00
1734157163, 12637241, 0, 40, 0, 0, 0.14%, 6, 0, 10, 0.00
1734157168, 12654329, 0, 40, 0, 0, 0.14%, 6, 0, 10, 0.00
1734157173, 12671994, 0, 40, 0, 0, 0.14%, 6, 0, 10, 0.00
1734157178, 12689067, 0, 40, 0, 0, 0.14%, 6, 0, 10, 0.00
1734157183, 12706090, 0, 40, 0, 0, 0.14%, 6, 0, 10, 0.00
1734157189, 12723857, 0, 40, 0, 0, 0.14%, 6, 0, 10, 0.00
1734157194, 12740930, 0, 40, 0, 0, 0.14%, 6, 0, 10, 0.00
1734157199, 12757911, 0, 40, 0, 0, 0.14%, 6, 0, 10, 0.00
1734157204, 12775525, 0, 40, 0, 0, 0.14%, 6, 0, 10, 0.00
1734157209, 12792496, 0, 40, 0, 0, 0.14%, 6, 0, 10, 0.00
1734157215, 12810025, 0, 40, 0, 0, 0.14%, 6, 0, 10, 0.00
1734157220, 12827684, 0, 40, 0, 0, 0.14%, 6, 0, 10, 0.00
1734157225, 12845336, 0, 40, 0, 0, 0.14%, 6, 0, 10, 0.00
1734157230, 12862346, 0, 40, 0, 0, 0.14%, 6, 0, 10, 0.00
1734157235, 12879933, 0, 40, 0, 0, 0.14%, 6, 0, 10, 0.00
1734157241, 12896908, 0, 40, 0, 0, 0.14%, 6, 0, 10, 0.00
1734157246, 12913882, 0, 40, 0, 0, 0.14%, 6, 0, 10, 0.00
1734157251, 12931192, 0, 40, 0, 0, 0.14%, 6, 0, 10, 0.00
1734157256, 12948475, 0, 40, 0, 0, 0.14%, 6, 0, 10, 0.00
1734157261, 12966134, 0, 40, 0, 0, 0.14%, 6, 0, 10, 0.00
1734157267, 12983741, 0, 40, 0, 0, 0.14%, 6, 0, 10, 0.00
1734157272, 13001412, 0, 40, 0, 0, 0.14%, 6, 0, 10, 0.00
1734157277, 13018384, 0, 40, 0, 0, 0.14%, 6, 0, 10, 0.00
1734157282, 13036036, 0, 40, 0, 0, 0.14%, 6, 0, 10, 0.00
1734157287, 13053132, 0, 40, 0, 0, 0.14%, 6, 0, 10, 0.00
1734157293, 13071364, 0, 40, 0, 0, 0.14%, 6, 0, 10, 0.00
1734157298, 13088410, 0, 40, 0, 0, 0.14%, 6, 0, 10, 0.00
1734157303, 13106069, 0, 40, 0, 0, 0.14%, 6, 0, 10, 0.00
1734157308, 13123061, 0, 40, 0, 0, 0.14%, 6, 0, 10, 0.00
1734157313, 13140748, 0, 40, 0, 0, 0.14%, 6, 0, 10, 0.00
1734157319, 13158405, 0, 40, 0, 0, 0.14%, 6, 0, 10, 0.00
1734157324, 13175978, 0, 40, 0, 0, 0.14%, 6, 0, 10, 0.00
1734157329, 13192997, 0, 40, 0, 0, 0.14%, 6, 0, 10, 0.00
1734157334, 13210607, 0, 40, 0, 0, 0.14%, 6, 0, 10, 0.00
1734157339, 13228242, 0, 40, 0, 0, 0.14%, 6, 0, 10, 0.00
1734157345, 13245943, 0, 40, 0, 0, 0.14%, 6, 0, 10, 0.00
1734157350, 13263581, 0, 40, 0, 0, 0.14%, 6, 0, 10, 0.00
1734157355, 13280595, 0, 40, 0, 0, 0.14%, 6, 0, 10, 0.00
1734157360, 13298250, 0, 40, 0, 0, 0.14%, 6, 0, 10, 0.00
1734157365, 13315194, 0, 40, 0, 0, 0.14%, 6, 0, 10, 0.00
1734157371, 13333434, 0, 40, 0, 0, 0.14%, 6, 0, 10, 0.00
1734157376, 13350420, 0, 40, 0, 0, 0.14%, 6, 0, 10, 0.00
1734157381, 13368032, 0, 40, 0, 0, 0.14%, 6, 0, 10, 0.00
1734157386, 13385072, 0, 40, 0, 0, 0.14%, 6, 0, 10, 0.00
1734157391, 13402668, 0, 40, 0, 0, 0.14%, 6, 0, 10, 0.00
1734157397, 13419678, 0, 40, 0, 0, 0.14%, 6, 0, 10, 0.00
1734157402, 13438016, 0, 40, 0, 0, 0.14%, 6, 0, 10, 0.00
1734157407, 13455093, 0, 40, 0, 0, 0.14%, 6, 0, 10, 0.00
1734157412, 13472742, 0, 40, 0, 0, 0.14%, 6, 0, 10, 0.00
1734157417, 13489769, 0, 40, 0, 0, 0.14%, 6, 0, 10, 0.00
1734157423, 13508020, 0, 40, 0, 0, 0.14%, 6, 0, 10, 0.00
1734157428, 13525247, 0, 40, 0, 0, 0.14%, 6, 0, 10, 0.00
1734157433, 13542717, 0, 40, 0, 0, 0.14%, 6, 0, 10, 0.00
1734157438, 13560384, 0, 40, 0, 0, 0.14%, 6, 0, 10, 0.00
1734157443, 13577453, 0, 40, 0, 0, 0.14%, 6, 0, 10, 0.00
1734157449, 13595709, 0, 40, 0, 0, 0.14%, 6, 0, 10, 0.00
1734157454, 13612701, 0, 40, 0, 0, 0.14%, 6, 0, 10, 0.00
1734157459, 13630333, 0, 40, 0, 0, 0.14%, 6, 0, 10, 0.00
1734157464, 13647395, 0, 40, 0, 0, 0.14%, 6, 0, 10, 0.00
1734157469, 13664370, 0, 40, 0, 0, 0.14%, 6, 0, 10, 0.00
1734157475, 13682037, 0, 40, 0, 0, 0.14%, 6, 0, 10, 0.00
1734157480, 13699075, 0, 40, 0, 0, 0.14%, 6, 0, 10, 0.00
1734157485, 13716677, 0, 40, 0, 0, 0.14%, 6, 0, 10, 0.00
1734157490, 13733726, 0, 40, 0, 0, 0.14%, 6, 0, 10, 0.00
1734157495, 13752069, 0, 40, 0, 0, 0.14%, 6, 0, 10, 0.00
1734157501, 13769082, 0, 40, 0, 0, 0.14%, 6, 0, 10, 0.00
1734157506, 13786092, 0, 40, 0, 0, 0.14%, 6, 0, 10, 0.00
1734157511, 13803618, 0, 40, 0, 0, 0.14%, 6, 0, 10, 0.00
1734157516, 13819244, 0, 40, 0, 0, 0.14%, 6, 0, 10, 0.00
1734157521, 13836784, 0, 40, 0, 0, 0.14%, 6, 0, 10, 0.00
1734157527, 13853737, 0, 40, 0, 0, 0.14%, 6, 0, 10, 0.00
1734157532, 13870674, 0, 40, 0, 0, 0.14%, 6, 0, 10, 0.00
1734157537, 13888261, 0, 40, 0, 0, 0.14%, 6, 0, 10, 0.00
1734157542, 13905285, 0, 40, 0, 0, 0.14%, 6, 0, 10, 0.00
1734157547, 13922910, 0, 40, 0, 0, 0.14%, 6, 0, 10, 0.00
1734157553, 13939913, 0, 40, 0, 0, 0.14%, 6, 0, 10, 0.00
1734157558, 13957512, 0, 40, 0, 0, 0.14%, 6, 0, 10, 0.00
1734157563, 13974550, 0, 40, 0, 0, 0.14%, 6, 0, 10, 0.00
1734157568, 13992242, 0, 40, 0, 0, 0.14%, 6, 0, 10, 0.00
1734157573, 14009221, 0, 40, 0, 0, 0.14%, 6, 0, 10, 0.00
1734157579, 14027517, 0, 40, 0, 0, 0.14%, 6, 0, 10, 0.00
1734157584, 14044751, 0, 40, 0, 0, 0.14%, 6, 0, 10, 0.00
1734157589, 14062118, 0, 40, 0, 0, 0.14%, 6, 0, 10, 0.00
1734157594, 14079062, 0, 40, 0, 0, 0.14%, 6, 0, 10, 0.00
1734157599, 14096737, 0, 40, 0, 0, 0.14%, 6, 0, 10, 0.00
1734157605, 14113675, 0, 40, 0, 0, 0.14%, 6, 0, 10, 0.00
1734157610, 14131389, 0, 40, 0, 0, 0.14%, 6, 0, 10, 0.00
1734157615, 14148943, 0, 40, 0, 0, 0.14%, 6, 0, 10, 0.00
1734157620, 14166628, 0, 40, 0, 0, 0.14%, 6, 0, 10, 0.00
1734157625, 14183651, 0, 40, 0, 0, 0.14%, 6, 0, 10, 0.00
1734157631, 14201358, 0, 40, 0, 0, 0.14%, 6, 0, 10, 0.00
1734157636, 14218379, 0, 40, 0, 0, 0.14%, 6, 0, 10, 0.00
1734157641, 14236640, 0, 40, 0, 0, 0.14%, 6, 0, 10, 0.00
1734157646, 14253717, 0, 40, 0, 0, 0.14%, 6, 0, 10, 0.00
1734157651, 14271371, 0, 40, 0, 0, 0.14%, 6, 0, 10, 0.00
1734157657, 14288920, 0, 40, 0, 0, 0.14%, 6, 0, 10, 0.00
1734157662, 14306103, 0, 40, 0, 0, 0.14%, 6, 0, 10, 0.00
1734157667, 14324398, 0, 40, 0, 0, 0.14%, 6, 0, 10, 0.00
1734157672, 14341407, 0, 40, 0, 0, 0.14%, 6, 0, 10, 0.00
1734157677, 14359020, 0, 40, 0, 0, 0.14%, 6, 0, 10, 0.00
1734157683, 14376041, 0, 40, 0, 0, 0.14%, 6, 0, 10, 0.00
1734157688, 14393713, 0, 40, 0, 0, 0.14%, 6, 0, 10, 0.00
1734157693, 14411373, 0, 40, 0, 0, 0.14%, 6, 0, 10, 0.00
1734157698, 14428970, 0, 40, 0, 0, 0.14%, 6, 0, 10, 0.00
1734157703, 14445976, 0, 40, 0, 0, 0.14%, 6, 0, 10, 0.00
1734157709, 14463610, 0, 40, 0, 0, 0.14%, 6, 0, 10, 0.00
1734157714, 14480588, 0, 40, 0, 0, 0.14%, 6, 0, 10, 0.00
1734157719, 14498946, 0, 40, 0, 0, 0.14%, 6, 0, 10, 0.00
1734157724, 14516061, 0, 40, 0, 0, 0.14%, 6, 0, 10, 0.00
1734157729, 14533700, 0, 40, 0, 0, 0.14%, 6, 0, 10, 0.00
1734157735, 14550673, 0, 40, 0, 0, 0.14%, 6, 0, 10, 0.00
1734157740, 14568292, 0, 40, 0, 0, 0.14%, 6, 0, 10, 0.00
1734157745, 14585346, 0, 40, 0, 0, 0.14%, 6, 0, 10, 0.00
1734157750, 14602376, 0, 40, 0, 0, 0.14%, 6, 0, 10, 0.00
1734157755, 14620012, 0, 40, 0, 0, 0.14%, 6, 0, 10, 0.00
1734157761, 14637754, 0, 40, 0, 0, 0.14%, 6, 0, 10, 0.00
1734157766, 14655272, 0, 40, 0, 0, 0.14%, 6, 0, 10, 0.00
1734157771, 14672903, 0, 40, 0, 0, 0.14%, 6, 0, 10, 0.00
1734157776, 14689819, 0, 40, 0, 0, 0.14%, 6, 0, 10, 0.00
1734157781, 14707527, 0, 40, 0, 0, 0.14%, 6, 0, 10, 0.00
1734157787, 14725204, 0, 40, 0, 0, 0.14%, 6, 0, 10, 0.00
1734157792, 14742861, 0, 40, 0, 0, 0.14%, 6, 0, 10, 0.00
1734157797, 14759887, 0, 40, 0, 0, 0.14%, 6, 0, 10, 0.00
1734157802, 14777485, 0, 40, 0, 0, 0.14%, 6, 0, 10, 0.00
1734157807, 14794564, 0, 40, 0, 0, 0.14%, 6, 0, 10, 0.00
1734157813, 14812249, 0, 40, 0, 0, 0.14%, 6, 0, 10, 0.00
1734157818, 14829876, 0, 40, 0, 0, 0.14%, 6, 0, 10, 0.00
1734157823, 14847452, 0, 40, 0, 0, 0.14%, 6, 0, 10, 0.00
1734157828, 14864482, 0, 40, 0, 0, 0.14%, 6, 0, 10, 0.00
1734157833, 14882064, 0, 40, 0, 0, 0.14%, 6, 0, 10, 0.00
1734157839, 14899041, 0, 40, 0, 0, 0.14%, 6, 0, 10, 0.00
1734157844, 14917316, 0, 40, 0, 0, 0.14%, 6, 0, 10, 0.00
1734157849, 14934666, 0, 40, 0, 0, 0.14%, 6, 0, 10, 0.00
1734157854, 14952003, 0, 40, 0, 0, 0.14%, 6, 0, 10, 0.00
1734157859, 14969677, 0, 40, 0, 0, 0.14%, 6, 0, 10, 0.00
1734157865, 14987376, 0, 40, 0, 0, 0.14%, 6, 0, 10, 0.00
1734157870, 15005090, 0, 40, 0, 0, 0.14%, 6, 0, 10, 0.00
1734157875, 15022168, 0, 40, 0, 0, 0.14%, 6, 0, 10, 0.00
1734157880, 15039845, 0, 40, 0, 0, 0.14%, 6, 0, 10, 0.00
1734157885, 15056900, 0, 40, 0, 0, 0.14%, 6, 0, 10, 0.00
1734157891, 15075283, 0, 40, 0, 0, 0.14%, 6, 0, 10, 0.00
1734157896, 15092260, 0, 40, 0, 0, 0.14%, 6, 0, 10, 0.00
1734157901, 15109900, 0, 40, 0, 0, 0.14%, 6, 0, 10, 0.00
1734157906, 15126934, 0, 40, 0, 0, 0.14%, 6, 0, 10, 0.00
1734157911, 15144592, 0, 40, 0, 0, 0.14%, 6, 0, 10, 0.00
1734157917, 15161561, 0, 40, 0, 0, 0.14%, 6, 0, 10, 0.00
1734157922, 15179797, 0, 40, 0, 0, 0.14%, 6, 0, 10, 0.00
1734157927, 15196841, 0, 40, 0, 0, 0.14%, 6, 0, 10, 0.00
1734157932, 15214524, 0, 40, 0, 0, 0.14%, 6, 0, 10, 0.00
1734157937, 15231512, 0, 40, 0, 0, 0.14%, 6, 0, 10, 0.00
1734157943, 15249131, 0, 40, 0, 0, 0.14%, 6, 0, 10, 0.00
1734157948, 15266128, 0, 40, 0, 0, 0.14%, 6, 0, 10, 0.00
1734157953, 15284487, 0, 40, 0, 0, 0.14%, 6, 0, 10, 0.00
1734157958, 15301593, 0, 40, 0, 0, 0.14%, 6, 0, 10, 0.00
1734157963, 15319201, 0, 40, 0, 0, 0.14%, 6, 0, 10, 0.00
1734157969, 15336841, 0, 40, 0, 0, 0.14%, 6, 0, 10, 0.00
1734157974, 15354643, 0, 40, 0, 0, 0.14%, 6, 0, 10, 0.00
1734157979, 15371638, 0, 40, 0, 0, 0.14%, 6, 0, 10, 0.00
1734157984, 15388728, 0, 40, 0, 0, 0.14%, 6, 0, 10, 0.00
1734157989, 15406436, 0, 40, 0, 0, 0.14%, 6, 0, 10, 0.00
1734157995, 15424169, 0, 40, 0, 0, 0.14%, 6, 0, 10, 0.00
1734158000, 15441782, 0, 40, 0, 0, 0.14%, 6, 0, 10, 0.00
1734158005, 15458832, 0, 40, 0, 0, 0.14%, 6, 0, 10, 0.00
1734158010, 15476551, 0, 40, 0, 0, 0.14%, 6, 0, 10, 0.00
1734158015, 15494195, 0, 40, 0, 0, 0.14%, 6, 0, 10, 0.00
1734158021, 15511235, 0, 40, 0, 0, 0.14%, 6, 0, 10, 0.00
1734158026, 15528900, 0, 40, 0, 0, 0.14%, 6, 0, 10, 0.00
1734158031, 15545932, 0, 40, 0, 0, 0.14%, 6, 0, 10, 0.00
1734158036, 15563572, 0, 40, 0, 0, 0.14%, 6, 0, 10, 0.00
1734158041, 15580511, 0, 40, 0, 0, 0.14%, 6, 0, 10, 0.00
1734158047, 15598878, 0, 40, 0, 0, 0.14%, 6, 0, 10, 0.00
1734158052, 15615891, 0, 40, 0, 0, 0.14%, 6, 0, 10, 0.00
1734158057, 15633601, 0, 40, 0, 0, 0.14%, 6, 0, 10, 0.00
1734158062, 15650634, 0, 40, 0, 0, 0.14%, 6, 0, 10, 0.00
1734158067, 15668301, 0, 40, 0, 0, 0.14%, 6, 0, 10, 0.00
1734158073, 15685343, 0, 40, 0, 0, 0.14%, 6, 0, 10, 0.00
1734158078, 15703662, 0, 40, 0, 0, 0.14%, 6, 0, 10, 0.00
1734158083, 15720624, 0, 40, 0, 0, 0.14%, 6, 0, 10, 0.00
1734158088, 15738296, 0, 40, 0, 0, 0.14%, 6, 0, 10, 0.00
1734158093, 15755313, 0, 40, 0, 0, 0.14%, 6, 0, 10, 0.00
1734158099, 15772937, 0, 40, 0, 0, 0.14%, 6, 0, 10, 0.00
1734158104, 15790677, 0, 40, 0, 0, 0.14%, 6, 0, 10, 0.00
1734158109, 15808406, 0, 40, 0, 0, 0.14%, 6, 0, 10, 0.00
1734158114, 15825839, 0, 40, 0, 0, 0.14%, 6, 0, 10, 0.00
1734158119, 15843108, 0, 40, 0, 0, 0.14%, 6, 0, 10, 0.00
1734158125, 15861387, 0, 40, 0, 0, 0.14%, 6, 0, 10, 0.00
1734158130, 15878368, 0, 40, 0, 0, 0.14%, 6, 0, 10, 0.00
1734158135, 15895993, 0, 40, 0, 0, 0.14%, 6, 0, 10, 0.00
1734158140, 15912977, 0, 40, 0, 0, 0.14%, 6, 0, 10, 0.00
1734158145, 15930621, 0, 40, 0, 0, 0.14%, 6, 0, 10, 0.00
1734158151, 15947598, 0, 40, 0, 0, 0.14%, 6, 0, 10, 0.00
1734158156, 15965897, 0, 40, 0, 0, 0.14%, 6, 0, 10, 0.00
1734158161, 15982916, 0, 40, 0, 0, 0.14%, 6, 0, 10, 0.00
1734158166, 16000560, 0, 40, 0, 0, 0.14%, 6, 0, 10, 0.00
1734158171, 16017502, 0, 40, 0, 0, 0.14%, 6, 0, 10, 0.00
1734158177, 16035237, 0, 40, 0, 0, 0.14%, 6, 0, 10, 0.00
1734158182, 16052899, 0, 40, 0, 0, 0.14%, 6, 0, 10, 0.00
1734158187, 16069947, 0, 40, 0, 0, 0.14%, 6, 0, 10, 0.00
1734158192, 16088250, 0, 40, 0, 0, 0.14%, 6, 0, 10, 0.00
1734158197, 16105451, 0, 40, 0, 0, 0.14%, 6, 0, 10, 0.00
1734158203, 16122908, 0, 40, 0, 0, 0.14%, 6, 0, 10, 0.00
1734158208, 16140503, 0, 40, 0, 0, 0.14%, 6, 0, 10, 0.00
1734158213, 16157540, 0, 40, 0, 0, 0.14%, 6, 0, 10, 0.00
1734158218, 16175838, 0, 40, 0, 0, 0.14%, 6, 0, 10, 0.00
1734158223, 16192830, 0, 40, 0, 0, 0.14%, 6, 0, 10, 0.00
1734158229, 16210527, 0, 40, 0, 0, 0.14%, 6, 0, 10, 0.00
1734158234, 16227547, 0, 40, 0, 0, 0.14%, 6, 0, 10, 0.00
1734158239, 16245189, 0, 40, 0, 0, 0.14%, 6, 0, 10, 0.00
1734158244, 16262224, 0, 40, 0, 0, 0.14%, 6, 0, 10, 0.00
1734158249, 16280532, 0, 40, 0, 0, 0.14%, 6, 0, 10, 0.00
1734158255, 16297562, 0, 40, 0, 0, 0.14%, 6, 0, 10, 0.00
1734158260, 16315236, 0, 40, 0, 0, 0.14%, 6, 0, 10, 0.00
1734158265, 16332197, 0, 40, 0, 0, 0.14%, 6, 0, 10, 0.00
1734158270, 16349291, 0, 40, 0, 0, 0.14%, 6, 0, 10, 0.00
1734158275, 16366921, 0, 40, 0, 0, 0.14%, 6, 0, 10, 0.00
1734158281, 16383888, 0, 40, 0, 0, 0.14%, 6, 0, 10, 0.00
1734158286, 16402146, 0, 40, 0, 0, 0.14%, 6, 0, 10, 0.00
1734158291, 16419139, 0, 40, 0, 0, 0.14%, 6, 0, 10, 0.00
1734158296, 16436868, 0, 40, 0, 0, 0.14%, 6, 0, 10, 0.00
1734158301, 16454319, 0, 40, 0, 0, 0.14%, 6, 0, 10, 0.00
1734158307, 16471613, 0, 40, 0, 0, 0.14%, 6, 0, 10, 0.00
1734158312, 16489853, 0, 40, 0, 0, 0.14%, 6, 0, 10, 0.00
1734158317, 16506872, 0, 40, 0, 0, 0.14%, 6, 0, 10, 0.00
1734158322, 16524544, 0, 40, 0, 0, 0.14%, 6, 0, 10, 0.00
1734158327, 16541551, 0, 40, 0, 0, 0.14%, 6, 0, 10, 0.00
1734158333, 16559210, 0, 40, 0, 0, 0.14%, 6, 0, 10, 0.00
1734158338, 16576886, 0, 40, 0, 0, 0.14%, 6, 0, 10, 0.00
1734158343, 16594530, 0, 40, 0, 0, 0.14%, 6, 0, 10, 0.00
1734158348, 16611536, 0, 40, 0, 0, 0.14%, 6, 0, 10, 0.00
1734158353, 16629281, 0, 40, 0, 0, 0.14%, 6, 0, 10, 0.00
1734158359, 16646300, 0, 40, 0, 0, 0.14%, 6, 0, 10, 0.00
1734158364, 16664672, 0, 40, 0, 0, 0.14%, 6, 0, 10, 0.00
1734158369, 16681670, 0, 40, 0, 0, 0.14%, 6, 0, 10, 0.00
1734158374, 16699423, 0, 40, 0, 0, 0.14%, 6, 0, 10, 0.00
1734158379, 16716497, 0, 40, 0, 0, 0.14%, 6, 0, 10, 0.00
1734158385, 16734134, 0, 40, 0, 0, 0.14%, 6, 0, 10, 0.00
1734158390, 16751851, 0, 40, 0, 0, 0.14%, 6, 0, 10, 0.00
1734158395, 16769416, 0, 40, 0, 0, 0.14%, 6, 0, 10, 0.00
1734158400, 16786989, 0, 40, 0, 0, 0.14%, 6, 0, 10, 0.00
1734158405, 16804045, 0, 40, 0, 0, 0.14%, 6, 0, 10, 0.00
1734158411, 16821774, 0, 40, 0, 0, 0.14%, 6, 0, 10, 0.00
1734158416, 16839532, 0, 40, 0, 0, 0.14%, 6, 0, 10, 0.00
1734158421, 16857206, 0, 40, 0, 0, 0.14%, 6, 0, 10, 0.00
1734158426, 16874200, 0, 40, 0, 0, 0.14%, 6, 0, 10, 0.00
1734158431, 16891886, 0, 40, 0, 0, 0.14%, 6, 0, 10, 0.00
1734158437, 16908921, 0, 40, 0, 0, 0.14%, 6, 0, 10, 0.00
1734158442, 16927277, 0, 40, 0, 0, 0.14%, 6, 0, 10, 0.00
1734158447, 16944351, 0, 40, 0, 0, 0.14%, 6, 0, 10, 0.00
1734158452, 16961945, 0, 40, 0, 0, 0.14%, 6, 0, 10, 0.00
1734158457, 16979085, 0, 40, 0, 0, 0.14%, 6, 0, 10, 0.00
1734158463, 16995767, 0, 40, 0, 0, 0.14%, 6, 0, 10, 0.00
1734158468, 17013155, 0, 40, 0, 0, 0.14%, 6, 0, 10, 0.00
1734158473, 17030783, 0, 40, 0, 0, 0.14%, 6, 0, 10, 0.00
1734158478, 17048511, 0, 40, 0, 0, 0.14%, 6, 0, 10, 0.00
1734158483, 17066171, 0, 40, 0, 0, 0.14%, 6, 0, 10, 0.00
1734158489, 17083189, 0, 40, 0, 0, 0.14%, 6, 0, 10, 0.00
1734158494, 17100870, 0, 40, 0, 0, 0.14%, 6, 0, 10, 0.00
1734158499, 17117925, 0, 40, 0, 0, 0.14%, 6, 0, 10, 0.00
1734158504, 17136290, 0, 40, 0, 0, 0.14%, 6, 0, 10, 0.00
1734158509, 17153344, 0, 40, 0, 0, 0.14%, 6, 0, 10, 0.00
1734158515, 17170976, 0, 40, 0, 0, 0.14%, 6, 0, 10, 0.00
1734158520, 17188048, 0, 40, 0, 0, 0.14%, 6, 0, 10, 0.00
1734158525, 17205684, 0, 40, 0, 0, 0.14%, 6, 0, 10, 0.00
1734158530, 17222817, 0, 40, 0, 0, 0.14%, 6, 0, 10, 0.00
1734158535, 17240547, 0, 40, 0, 0, 0.14%, 6, 0, 10, 0.00
1734158541, 17258218, 0, 40, 0, 0, 0.14%, 6, 0, 10, 0.00
1734158546, 17275794, 0, 40, 0, 0, 0.14%, 6, 0, 10, 0.00
1734158551, 17292808, 0, 40, 0, 0, 0.14%, 6, 0, 10, 0.00
1734158556, 17309833, 0, 40, 0, 0, 0.14%, 6, 0, 10, 0.00
1734158561, 17327547, 0, 40, 0, 0, 0.14%, 6, 0, 10, 0.00
1734158567, 17344642, 0, 40, 0, 0, 0.14%, 6, 0, 10, 0.00
1734158572, 17362420, 0, 40, 0, 0, 0.14%, 6, 0, 10, 0.00
1734158577, 17379435, 0, 40, 0, 0, 0.14%, 6, 0, 10, 0.00
1734158582, 17397190, 0, 40, 0, 0, 0.14%, 6, 0, 10, 0.00
1734158587, 17414825, 0, 40, 0, 0, 0.14%, 6, 0, 10, 0.00
1734158593, 17432607, 0, 40, 0, 0, 0.14%, 6, 0, 10, 0.00
1734158598, 17449645, 0, 40, 0, 0, 0.14%, 6, 0, 10, 0.00
1734158603, 17467299, 0, 40, 0, 0, 0.14%, 6, 0, 10, 0.00
1734158608, 17484272, 0, 40, 0, 0, 0.14%, 6, 0, 10, 0.00
1734158613, 17502542, 0, 40, 0, 0, 0.14%, 6, 0, 10, 0.00
1734158619, 17519600, 0, 40, 0, 0, 0.14%, 6, 0, 10, 0.00
1734158624, 17537240, 0, 40, 0, 0, 0.14%, 6, 0, 10, 0.00
1734158629, 17554181, 0, 40, 0, 0, 0.14%, 6, 0, 10, 0.00
1734158634, 17571842, 0, 40, 0, 0, 0.14%, 6, 0, 10, 0.00
1734158639, 17588918, 0, 40, 0, 0, 0.14%, 6, 0, 10, 0.00
1734158645, 17607229, 0, 40, 0, 0, 0.14%, 6, 0, 10, 0.00
1734158650, 17624235, 0, 40, 0, 0, 0.14%, 6, 0, 10, 0.00
1734158655, 17641843, 0, 40, 0, 0, 0.14%, 6, 0, 10, 0.00
1734158660, 17659399, 0, 40, 0, 0, 0.14%, 6, 0, 10, 0.00
1734158665, 17677172, 0, 40, 0, 0, 0.14%, 6, 0, 10, 0.00
1734158671, 17694781, 0, 40, 0, 0, 0.14%, 6, 0, 10, 0.00
1734158676, 17711844, 0, 40, 0, 0, 0.14%, 6, 0, 10, 0.00
1734158681, 17729531, 0, 40, 0, 0, 0.14%, 6, 0, 10, 0.00
1734158686, 17746585, 0, 40, 0, 0, 0.14%, 6, 0, 10, 0.00
1734158691, 17764961, 0, 40, 0, 0, 0.14%, 6, 0, 10, 0.00
1734158697, 17782603, 0, 40, 0, 0, 0.14%, 6, 0, 10, 0.00
1734158702, 17800222, 0, 40, 0, 0, 0.14%, 6, 0, 10, 0.00
1734158707, 17817247, 0, 40, 0, 0, 0.14%, 6, 0, 10, 0.00
1734158712, 17834912, 0, 40, 0, 0, 0.14%, 6, 0, 10, 0.00
1734158717, 17851932, 0, 40, 0, 0, 0.14%, 6, 0, 10, 0.00
1734158723, 17870200, 0, 40, 0, 0, 0.14%, 6, 0, 10, 0.00
1734158728, 17887247, 0, 40, 0, 0, 0.14%, 6, 0, 10, 0.00
1734158733, 17904344, 0, 40, 0, 0, 0.14%, 6, 0, 10, 0.00
1734158738, 17922007, 0, 40, 0, 0, 0.14%, 6, 0, 10, 0.00
1734158743, 17939358, 0, 40, 0, 0, 0.14%, 6, 0, 10, 0.00
1734158749, 17956538, 0, 40, 0, 0, 0.14%, 6, 0, 10, 0.00
1734158754, 17974167, 0, 40, 0, 0, 0.14%, 6, 0, 10, 0.00
1734158759, 17991245, 0, 40, 0, 0, 0.14%, 6, 0, 10, 0.00
1734158764, 18008280, 0, 40, 0, 0, 0.14%, 6, 0, 10, 0.00
1734158769, 18026536, 0, 40, 0, 0, 0.14%, 6, 0, 10, 0.00
1734158775, 18043596, 0, 40, 0, 0, 0.14%, 6, 0, 10, 0.00
1734158780, 18061188, 0, 40, 0, 0, 0.14%, 6, 0, 10, 0.00
1734158785, 18078226, 0, 40, 0, 0, 0.14%, 6, 0, 10, 0.00
1734158790, 18095884, 0, 40, 0, 0, 0.14%, 6, 0, 10, 0.00
1734158795, 18113582, 0, 40, 0, 0, 0.14%, 6, 0, 10, 0.00
1734158801, 18130540, 0, 40, 0, 0, 0.14%, 6, 0, 10, 0.00
1734158806, 18148194, 0, 40, 0, 0, 0.14%, 6, 0, 10, 0.00
1734158811, 18165208, 0, 40, 0, 0, 0.14%, 6, 0, 10, 0.00
1734158816, 18182243, 0, 40, 0, 0, 0.14%, 6, 0, 10, 0.00
1734158821, 18200454, 0, 40, 0, 0, 0.14%, 6, 0, 10, 0.00
1734158827, 18217466, 0, 40, 0, 0, 0.14%, 6, 0, 10, 0.00
1734158832, 18235073, 0, 40, 0, 0, 0.14%, 6, 0, 10, 0.00
1734158837, 18252675, 0, 40, 0, 0, 0.14%, 6, 0, 10, 0.00
1734158842, 18269706, 0, 40, 0, 0, 0.14%, 6, 0, 10, 0.00
1734158847, 18287357, 0, 40, 0, 0, 0.14%, 6, 0, 10, 0.00
1734158853, 18304771, 0, 40, 0, 0, 0.14%, 6, 0, 10, 0.00
1734158858, 18321982, 0, 40, 0, 0, 0.14%, 6, 0, 10, 0.00
1734158863, 18340280, 0, 40, 0, 0, 0.14%, 6, 0, 10, 0.00
1734158868, 18357238, 0, 40, 0, 0, 0.14%, 6, 0, 10, 0.00
1734158873, 18374842, 0, 40, 0, 0, 0.14%, 6, 0, 10, 0.00
1734158879, 18391888, 0, 40, 0, 0, 0.14%, 6, 0, 10, 0.00
1734158884, 18408871, 0, 40, 0, 0, 0.14%, 6, 0, 10, 0.00
1734158889, 18426087, 0, 40, 0, 0, 0.14%, 6, 0, 10, 0.00
1734158894, 18443520, 0, 40, 0, 0, 0.14%, 6, 0, 10, 0.00
1734158899, 18461189, 0, 40, 0, 0, 0.14%, 6, 0, 10, 0.00
1734158905, 18478208, 0, 40, 0, 0, 0.14%, 6, 0, 10, 0.00
1734158910, 18496513, 0, 40, 0, 0, 0.14%, 6, 0, 10, 0.00
1734158915, 18513568, 0, 40, 0, 0, 0.14%, 6, 0, 10, 0.00
1734158920, 18531229, 0, 40, 0, 0, 0.14%, 6, 0, 10, 0.00
1734158925, 18548329, 0, 40, 0, 0, 0.14%, 6, 0, 10, 0.00
1734158931, 18565331, 0, 40, 0, 0, 0.14%, 6, 0, 10, 0.00
1734158936, 18582352, 0, 40, 0, 0, 0.14%, 6, 0, 10, 0.00
1734158941, 18600005, 0, 40, 0, 0, 0.14%, 6, 0, 10, 0.00
1734158946, 18617459, 0, 40, 0, 0, 0.14%, 6, 0, 10, 0.00
1734158951, 18634656, 0, 40, 0, 0, 0.14%, 6, 0, 10, 0.00
