# unix_time, cycles_done, cur_path, paths_total, pending_total, pending_favs, map_size, unique_crashes, unique_hangs, max_depth, execs_per_sec
1735034923, 0, 0, 10, 10, 1, 0.01%, 0, 0, 1, 36.56
1735034929, 0, 4, 10, 10, 1, 0.01%, 0, 0, 1, 37.94
1735034939, 0, 5, 10, 9, 0, 0.01%, 0, 0, 1, 49.48
1735034944, 1, 0, 10, 4, 0, 0.01%, 0, 0, 1, 48.96
1735034949, 1, 1, 10, 3, 0, 0.01%, 0, 0, 1, 47.06
1735034954, 1, 2, 10, 2, 0, 0.01%, 0, 0, 1, 44.71
1735034959, 1, 3, 10, 1, 0, 0.01%, 0, 0, 1, 46.17
1735034964, 1, 4, 10, 0, 0, 0.01%, 0, 0, 1, 45.19
1735034969, 1, 5, 10, 0, 0, 0.01%, 0, 0, 1, 45.73
1735034975, 1, 6, 10, 0, 0, 0.01%, 0, 0, 1, 45.29
1735034985, 1, 7, 10, 0, 0, 0.01%, 0, 0, 1, 45.83
1735034990, 1, 8, 10, 0, 0, 0.01%, 0, 0, 1, 46.00
1735034995, 1, 9, 10, 0, 0, 0.01%, 0, 0, 1, 43.44
1735035000, 2, 0, 10, 0, 0, 0.01%, 0, 0, 1, 48.63
1735035005, 2, 1, 10, 0, 0, 0.01%, 0, 0, 1, 45.77
1735035010, 2, 2, 10, 0, 0, 0.01%, 0, 0, 1, 46.15
1735035015, 2, 3, 10, 0, 0, 0.01%, 0, 0, 1, 47.41
1735035020, 2, 4, 10, 0, 0, 0.01%, 0, 0, 1, 46.84
1735035025, 2, 5, 10, 0, 0, 0.01%, 0, 0, 1, 45.68
1735035030, 2, 6, 10, 0, 0, 0.01%, 0, 0, 1, 45.74
1735035035, 2, 7, 10, 0, 0, 0.01%, 0, 0, 1, 47.55
1735035046, 2, 8, 10, 0, 0, 0.01%, 0, 0, 1, 44.97
1735035051, 2, 9, 10, 0, 0, 0.01%, 0, 0, 1, 45.65
1735035056, 3, 0, 10, 0, 0, 0.01%, 0, 0, 1, 44.09
1735035061, 3, 1, 10, 0, 0, 0.01%, 0, 0, 1, 45.39
1735035066, 3, 2, 10, 0, 0, 0.01%, 0, 0, 1, 47.44
1735035071, 3, 3, 10, 0, 0, 0.01%, 0, 0, 1, 46.37
1735035077, 3, 4, 10, 0, 0, 0.01%, 0, 0, 1, 45.11
1735035082, 3, 5, 10, 0, 0, 0.01%, 0, 0, 1, 48.59
1735035087, 3, 6, 10, 0, 0, 0.01%, 0, 0, 1, 46.33
1735035092, 3, 7, 10, 0, 0, 0.01%, 0, 0, 1, 45.84
1735035097, 3, 8, 10, 0, 0, 0.01%, 0, 0, 1, 47.10
1735035102, 3, 9, 10, 0, 0, 0.01%, 0, 0, 1, 45.02
1735035112, 4, 0, 10, 0, 0, 0.01%, 0, 0, 1, 43.31
1735035117, 4, 1, 10, 0, 0, 0.01%, 0, 0, 1, 46.21
1735035123, 4, 2, 10, 0, 0, 0.01%, 0, 0, 1, 45.82
1735035128, 4, 3, 10, 0, 0, 0.01%, 0, 0, 1, 48.74
1735035133, 4, 4, 10, 0, 0, 0.01%, 0, 0, 1, 45.63
1735035138, 4, 5, 10, 0, 0, 0.01%, 0, 0, 1, 46.87
1735035143, 4, 6, 10, 0, 0, 0.01%, 0, 0, 1, 46.26
1735035148, 4, 7, 10, 0, 0, 0.01%, 0, 0, 1, 45.08
1735035153, 4, 8, 10, 0, 0, 0.01%, 0, 0, 1, 45.55
1735035158, 4, 9, 10, 0, 0, 0.01%, 0, 0, 1, 46.17
1735035168, 5, 0, 10, 0, 0, 0.01%, 0, 0, 1, 44.57
1735035173, 5, 1, 10, 0, 0, 0.01%, 0, 0, 1, 43.36
1735035178, 5, 2, 10, 0, 0, 0.01%, 0, 0, 1, 44.26
1735035183, 5, 3, 10, 0, 0, 0.01%, 0, 0, 1, 46.55
1735035188, 5, 4, 10, 0, 0, 0.01%, 0, 0, 1, 45.63
1735035193, 5, 5, 10, 0, 0, 0.01%, 0, 0, 1, 45.29
1735035198, 5, 6, 10, 0, 0, 0.01%, 0, 0, 1, 45.12
1735035204, 5, 7, 10, 0, 0, 0.01%, 0, 0, 1, 45.50
1735035214, 5, 8, 10, 0, 0, 0.01%, 0, 0, 1, 45.02
1735035219, 5, 9, 10, 0, 0, 0.01%, 0, 0, 1, 44.89
1735035224, 6, 0, 10, 0, 0, 0.01%, 0, 0, 1, 45.92
1735035229, 6, 1, 10, 0, 0, 0.01%, 0, 0, 1, 47.77
1735035234, 6, 2, 10, 0, 0, 0.01%, 0, 0, 1, 45.74
1735035239, 6, 3, 10, 0, 0, 0.01%, 0, 0, 1, 46.59
1735035244, 6, 4, 10, 0, 0, 0.01%, 0, 0, 1, 46.15
1735035249, 6, 5, 10, 0, 0, 0.01%, 0, 0, 1, 46.88
1735035254, 6, 6, 10, 0, 0, 0.01%, 0, 0, 1, 45.11
1735035259, 6, 7, 10, 0, 0, 0.01%, 0, 0, 1, 48.08
1735035264, 6, 8, 10, 0, 0, 0.01%, 0, 0, 1, 45.71
1735035274, 6, 9, 10, 0, 0, 0.01%, 0, 0, 1, 45.59
1735035279, 7, 0, 10, 0, 0, 0.01%, 0, 0, 1, 44.48
1735035285, 7, 1, 10, 0, 0, 0.01%, 0, 0, 1, 48.34
1735035290, 7, 2, 10, 0, 0, 0.01%, 0, 0, 1, 45.45
1735035295, 7, 3, 10, 0, 0, 0.01%, 0, 0, 1, 45.59
1735035300, 7, 4, 10, 0, 0, 0.01%, 0, 0, 1, 46.21
1735035305, 7, 5, 10, 0, 0, 0.01%, 0, 0, 1, 47.17
1735035310, 7, 6, 10, 0, 0, 0.01%, 0, 0, 1, 46.57
1735035315, 7, 7, 10, 0, 0, 0.01%, 0, 0, 1, 47.18
1735035325, 7, 8, 10, 0, 0, 0.01%, 0, 0, 1, 45.17
1735035330, 7, 9, 10, 0, 0, 0.01%, 0, 0, 1, 45.57
1735035335, 8, 0, 10, 0, 0, 0.01%, 0, 0, 1, 45.92
1735035340, 8, 1, 10, 0, 0, 0.01%, 0, 0, 1, 46.83
1735035345, 8, 2, 10, 0, 0, 0.01%, 0, 0, 1, 45.48
1735035350, 8, 3, 10, 0, 0, 0.01%, 0, 0, 1, 44.47
1735035355, 8, 4, 10, 0, 0, 0.01%, 0, 0, 1, 46.76
1735035360, 8, 5, 10, 0, 0, 0.01%, 0, 0, 1, 45.66
1735035365, 8, 6, 10, 0, 0, 0.01%, 0, 0, 1, 45.44
1735035370, 8, 7, 10, 0, 0, 0.01%, 0, 0, 1, 47.54
1735035375, 8, 8, 10, 0, 0, 0.01%, 0, 0, 1, 49.02
1735035386, 8, 9, 10, 0, 0, 0.01%, 0, 0, 1, 44.20
1735035391, 9, 0, 10, 0, 0, 0.01%, 0, 0, 1, 45.15
1735035396, 9, 1, 10, 0, 0, 0.01%, 0, 0, 1, 45.58
1735035401, 9, 2, 10, 0, 0, 0.01%, 0, 0, 1, 44.62
1735035406, 9, 3, 10, 0, 0, 0.01%, 0, 0, 1, 43.73
1735035411, 9, 4, 10, 0, 0, 0.01%, 0, 0, 1, 43.70
1735035416, 9, 5, 10, 0, 0, 0.01%, 0, 0, 1, 46.98
1735035421, 9, 6, 10, 0, 0, 0.01%, 0, 0, 1, 47.04
1735035431, 9, 7, 10, 0, 0, 0.01%, 0, 0, 1, 46.75
1735035436, 9, 8, 10, 0, 0, 0.01%, 0, 0, 1, 46.08
1735035441, 9, 9, 10, 0, 0, 0.01%, 0, 0, 1, 43.47
1735035446, 10, 0, 10, 0, 0, 0.01%, 0, 0, 1, 43.29
1735035452, 10, 1, 10, 0, 0, 0.01%, 0, 0, 1, 44.46
1735035457, 10, 2, 10, 0, 0, 0.01%, 0, 0, 1, 44.84
1735035462, 10, 3, 10, 0, 0, 0.01%, 0, 0, 1, 44.72
1735035467, 10, 4, 10, 0, 0, 0.01%, 0, 0, 1, 44.05
1735035477, 10, 5, 10, 0, 0, 0.01%, 0, 0, 1, 45.80
1735035482, 10, 6, 10, 0, 0, 0.01%, 0, 0, 1, 45.38
1735035487, 10, 7, 10, 0, 0, 0.01%, 0, 0, 1, 44.01
1735035492, 10, 8, 10, 0, 0, 0.01%, 0, 0, 1, 44.36
1735035497, 10, 9, 10, 0, 0, 0.01%, 0, 0, 1, 46.86
1735035503, 11, 0, 10, 0, 0, 0.01%, 0, 0, 1, 44.22
1735035508, 11, 1, 10, 0, 0, 0.01%, 0, 0, 1, 44.91
1735035513, 11, 2, 10, 0, 0, 0.01%, 0, 0, 1, 44.32
1735035518, 11, 3, 10, 0, 0, 0.01%, 0, 0, 1, 45.24
1735035523, 11, 4, 10, 0, 0, 0.01%, 0, 0, 1, 47.48
1735035528, 11, 5, 10, 0, 0, 0.01%, 0, 0, 1, 47.25
1735035538, 11, 6, 10, 0, 0, 0.01%, 0, 0, 1, 47.68
1735035543, 11, 7, 10, 0, 0, 0.01%, 0, 0, 1, 48.25
1735035548, 11, 8, 10, 0, 0, 0.01%, 0, 0, 1, 47.71
1735035554, 11, 9, 10, 0, 0, 0.01%, 0, 0, 1, 47.36
1735035559, 12, 0, 10, 0, 0, 0.01%, 0, 0, 1, 48.50
1735035564, 12, 1, 10, 0, 0, 0.01%, 0, 0, 1, 49.50
1735035569, 12, 2, 10, 0, 0, 0.01%, 0, 0, 1, 47.83
1735035574, 12, 3, 10, 0, 0, 0.01%, 0, 0, 1, 47.19
1735035579, 12, 4, 10, 0, 0, 0.01%, 0, 0, 1, 48.14
1735035584, 12, 5, 10, 0, 0, 0.01%, 0, 0, 1, 47.46
1735035589, 12, 6, 10, 0, 0, 0.01%, 0, 0, 1, 46.75
1735035594, 12, 7, 10, 0, 0, 0.01%, 0, 0, 1, 45.12
1735035599, 12, 8, 10, 0, 0, 0.01%, 0, 0, 1, 47.53
1735035604, 12, 9, 10, 0, 0, 0.01%, 0, 0, 1, 46.85
1735035609, 13, 0, 10, 0, 0, 0.01%, 0, 0, 1, 46.64
1735035614, 13, 1, 10, 0, 0, 0.01%, 0, 0, 1, 48.99
1735035620, 13, 2, 10, 0, 0, 0.01%, 0, 0, 1, 47.10
1735035625, 13, 3, 10, 0, 0, 0.01%, 0, 0, 1, 46.47
1735035635, 13, 4, 10, 0, 0, 0.01%, 0, 0, 1, 45.72
1735035640, 13, 5, 10, 0, 0, 0.01%, 0, 0, 1, 49.84
1735035645, 13, 6, 10, 0, 0, 0.01%, 0, 0, 1, 49.31
1735035650, 13, 7, 10, 0, 0, 0.01%, 0, 0, 1, 45.82
1735035655, 13, 8, 10, 0, 0, 0.01%, 0, 0, 1, 50.81
1735035660, 13, 9, 10, 0, 0, 0.01%, 0, 0, 1, 46.88
1735035666, 14, 0, 10, 0, 0, 0.01%, 0, 0, 1, 46.67
1735035671, 14, 1, 10, 0, 0, 0.01%, 0, 0, 1, 47.07
1735035676, 14, 2, 10, 0, 0, 0.01%, 0, 0, 1, 45.26
1735035681, 14, 3, 10, 0, 0, 0.01%, 0, 0, 1, 46.50
1735035686, 14, 4, 10, 0, 0, 0.01%, 0, 0, 1, 49.98
1735035691, 14, 5, 10, 0, 0, 0.01%, 0, 0, 1, 48.15
1735035696, 14, 6, 10, 0, 0, 0.01%, 0, 0, 1, 48.29
1735035701, 14, 7, 10, 0, 0, 0.01%, 0, 0, 1, 48.87
1735035706, 14, 8, 10, 0, 0, 0.01%, 0, 0, 1, 46.19
1735035711, 14, 9, 10, 0, 0, 0.01%, 0, 0, 1, 45.39
1735035716, 15, 0, 10, 0, 0, 0.01%, 0, 0, 1, 47.37
1735035727, 15, 1, 10, 0, 0, 0.01%, 0, 0, 1, 47.50
1735035732, 15, 2, 10, 0, 0, 0.01%, 0, 0, 1, 49.25
1735035737, 15, 3, 10, 0, 0, 0.01%, 0, 0, 1, 46.34
1735035742, 15, 4, 10, 0, 0, 0.01%, 0, 0, 1, 48.09
1735035747, 15, 5, 10, 0, 0, 0.01%, 0, 0, 1, 41.11
1735035767, 15, 6, 10, 0, 0, 0.01%, 0, 0, 1, 42.61
1735035788, 15, 7, 10, 0, 0, 0.01%, 0, 0, 1, 41.88
1735035808, 15, 8, 10, 0, 0, 0.01%, 0, 0, 1, 41.57
1735035828, 15, 9, 10, 0, 0, 0.01%, 0, 0, 1, 39.17
1735035848, 16, 0, 10, 0, 0, 0.01%, 0, 0, 1, 43.53
1735035869, 16, 1, 10, 0, 0, 0.01%, 0, 0, 1, 40.82
1735035889, 16, 2, 10, 0, 0, 0.01%, 0, 0, 1, 47.13
1735035894, 16, 3, 10, 0, 0, 0.01%, 0, 0, 1, 49.51
1735035899, 16, 4, 10, 0, 0, 0.01%, 0, 0, 1, 47.08
1735035904, 16, 5, 10, 0, 0, 0.01%, 0, 0, 1, 45.81
1735035909, 16, 6, 10, 0, 0, 0.01%, 0, 0, 1, 48.03
1735035914, 16, 7, 10, 0, 0, 0.01%, 0, 0, 1, 47.32
1735035920, 16, 8, 10, 0, 0, 0.01%, 0, 0, 1, 46.66
1735035925, 16, 9, 10, 0, 0, 0.01%, 0, 0, 1, 46.75
1735035930, 17, 0, 10, 0, 0, 0.01%, 0, 0, 1, 47.52
1735035935, 17, 1, 10, 0, 0, 0.01%, 0, 0, 1, 50.04
1735035940, 17, 2, 10, 0, 0, 0.01%, 0, 0, 1, 47.75
1735035945, 17, 3, 10, 0, 0, 0.01%, 0, 0, 1, 45.91
1735035950, 17, 4, 10, 0, 0, 0.01%, 0, 0, 1, 46.27
1735035955, 17, 5, 10, 0, 0, 0.01%, 0, 0, 1, 47.95
1735035965, 17, 6, 10, 0, 0, 0.01%, 0, 0, 1, 48.59
1735035970, 17, 7, 10, 0, 0, 0.01%, 0, 0, 1, 49.85
1735035975, 17, 8, 10, 0, 0, 0.01%, 0, 0, 1, 46.54
1735035981, 17, 9, 10, 0, 0, 0.01%, 0, 0, 1, 48.19
1735035986, 18, 0, 10, 0, 0, 0.01%, 0, 0, 1, 47.20
1735035991, 18, 1, 10, 0, 0, 0.01%, 0, 0, 1, 47.48
1735035996, 18, 2, 10, 0, 0, 0.01%, 0, 0, 1, 46.67
1735036001, 18, 3, 10, 0, 0, 0.01%, 0, 0, 1, 47.55
1735036006, 18, 4, 10, 0, 0, 0.01%, 0, 0, 1, 50.00
1735036011, 18, 5, 10, 0, 0, 0.01%, 0, 0, 1, 47.11
1735036016, 18, 6, 10, 0, 0, 0.01%, 0, 0, 1, 48.07
1735036021, 18, 7, 10, 0, 0, 0.01%, 0, 0, 1, 46.72
1735036026, 18, 8, 10, 0, 0, 0.01%, 0, 0, 1, 48.10
1735036031, 18, 9, 10, 0, 0, 0.01%, 0, 0, 1, 47.21
1735036036, 19, 0, 10, 0, 0, 0.01%, 0, 0, 1, 47.84
1735036042, 19, 1, 10, 0, 0, 0.01%, 0, 0, 1, 47.19
1735036047, 19, 2, 10, 0, 0, 0.01%, 0, 0, 1, 46.71
1735036052, 19, 3, 10, 0, 0, 0.01%, 0, 0, 1, 47.48
1735036062, 19, 4, 10, 0, 0, 0.01%, 0, 0, 1, 45.97
1735036067, 19, 5, 10, 0, 0, 0.01%, 0, 0, 1, 46.39
1735036072, 19, 6, 10, 0, 0, 0.01%, 0, 0, 1, 45.70
1735036077, 19, 7, 10, 0, 0, 0.01%, 0, 0, 1, 48.05
1735036082, 19, 8, 10, 0, 0, 0.01%, 0, 0, 1, 45.34
1735036087, 19, 9, 10, 0, 0, 0.01%, 0, 0, 1, 48.11
1735036092, 20, 0, 10, 0, 0, 0.01%, 0, 0, 1, 47.20
1735036097, 20, 1, 10, 0, 0, 0.01%, 0, 0, 1, 47.80
1735036102, 20, 2, 10, 0, 0, 0.01%, 0, 0, 1, 47.91
1735036108, 20, 3, 10, 0, 0, 0.01%, 0, 0, 1, 48.24
1735036113, 20, 4, 10, 0, 0, 0.01%, 0, 0, 1, 50.55
1735036118, 20, 5, 10, 0, 0, 0.01%, 0, 0, 1, 48.24
1735036123, 20, 6, 10, 0, 0, 0.01%, 0, 0, 1, 49.49
1735036128, 20, 7, 10, 0, 0, 0.01%, 0, 0, 1, 47.65
1735036133, 20, 8, 10, 0, 0, 0.01%, 0, 0, 1, 47.44
1735036138, 20, 9, 10, 0, 0, 0.01%, 0, 0, 1, 48.64
1735036143, 21, 0, 10, 0, 0, 0.01%, 0, 0, 1, 46.62
1735036148, 21, 1, 10, 0, 0, 0.01%, 0, 0, 1, 46.93
1735036158, 21, 2, 10, 0, 0, 0.01%, 0, 0, 1, 47.14
1735036164, 21, 3, 10, 0, 0, 0.01%, 0, 0, 1, 46.07
1735036169, 21, 4, 11, 1, 0, 0.14%, 1, 0, 2, 45.92
1735036174, 21, 10, 11, 1, 1, 0.14%, 1, 0, 2, 63.99
1735036184, 21, 10, 12, 2, 1, 0.14%, 2, 0, 3, 51.06
1735036255, 21, 11, 13, 2, 1, 0.14%, 3, 0, 4, 69.94
1735036306, 21, 11, 14, 3, 1, 0.14%, 3, 0, 4, 53.27
1735036346, 21, 11, 15, 4, 1, 0.14%, 3, 0, 4, 52.31
1735036351, 21, 11, 16, 5, 1, 0.14%, 3, 0, 4, 52.02
1735036372, 21, 14, 16, 3, 1, 0.14%, 3, 0, 4, 75.47
1735036387, 21, 14, 18, 5, 1, 0.14%, 4, 0, 5, 54.82
1735036412, 21, 14, 19, 6, 1, 0.14%, 4, 0, 5, 52.34
1735036524, 21, 16, 20, 6, 2, 0.14%, 5, 0, 6, 62.95
1735036600, 21, 17, 20, 5, 2, 0.14%, 5, 0, 6, 61.14
1735036641, 21, 17, 21, 6, 2, 0.14%, 5, 0, 6, 60.60
1735036691, 21, 17, 23, 8, 2, 0.14%, 5, 0, 6, 56.74
1735036727, 21, 19, 23, 7, 2, 0.14%, 5, 0, 6, 77.36
1735036798, 21, 22, 23, 6, 1, 0.14%, 5, 0, 6, 95.21
1735036803, 21, 22, 24, 7, 1, 0.14%, 5, 0, 7, 108.21
1735036869, 21, 22, 25, 8, 1, 0.14%, 5, 0, 7, 62.54
1735036900, 21, 22, 26, 9, 1, 0.14%, 6, 0, 7, 63.10
1735036925, 21, 25, 26, 7, 1, 0.14%, 6, 0, 7, 45.82
1735037972, 21, 25, 27, 8, 1, 0.14%, 7, 0, 8, 92.75
1735038034, 21, 26, 27, 7, 1, 0.14%, 7, 0, 8, 46.13
1735038913, 21, 26, 28, 8, 1, 0.14%, 8, 0, 9, 84.19
1735038950, 21, 26, 29, 9, 1, 0.14%, 8, 0, 9, 86.33
1735038996, 21, 28, 29, 8, 2, 0.14%, 8, 0, 9, 47.34
1735039564, 21, 28, 30, 9, 2, 0.14%, 8, 0, 10, 97.79
1735039579, 21, 28, 31, 10, 2, 0.14%, 8, 0, 10, 95.46
1735039589, 21, 28, 32, 11, 2, 0.14%, 8, 0, 10, 101.65
1735039605, 21, 28, 34, 13, 2, 0.14%, 8, 0, 10, 94.72
1735039645, 21, 32, 34, 12, 2, 0.14%, 8, 0, 10, 46.14
1735040496, 21, 33, 34, 11, 1, 0.14%, 8, 0, 10, 94.83
1735040582, 21, 33, 35, 12, 1, 0.14%, 8, 0, 11, 92.05
1735040735, 21, 33, 36, 13, 1, 0.14%, 8, 0, 11, 69.86
1735040776, 21, 33, 38, 15, 1, 0.14%, 9, 0, 11, 79.88
1735040797, 21, 37, 38, 14, 1, 0.14%, 9, 0, 11, 64.56
1735041678, 23, 31, 38, 9, 0, 0.14%, 9, 0, 11, 43.51
1735043028, 24, 15, 38, 7, 0, 0.14%, 9, 0, 11, 68.02
1735043105, 24, 21, 38, 7, 0, 0.14%, 9, 0, 11, 78.42
1735043293, 24, 27, 38, 6, 0, 0.14%, 9, 0, 11, 63.06
1735043308, 24, 30, 38, 5, 0, 0.14%, 9, 0, 11, 35.97
1735043314, 27, 13, 38, 3, 0, 0.14%, 9, 0, 11, 36.83
1735043319, 27, 30, 38, 2, 0, 0.14%, 9, 0, 11, 124.48
1735043965, 29, 36, 38, 1, 0, 0.14%, 9, 0, 11, 91.85
1735044301, 33, 36, 38, 0, 0, 0.14%, 9, 0, 11, 77.17
1735044312, 34, 30, 38, 0, 0, 0.14%, 9, 0, 11, 85.34
1735044317, 34, 36, 38, 0, 0, 0.14%, 9, 0, 11, 82.94
1735044337, 35, 30, 38, 0, 0, 0.14%, 9, 0, 11, 82.10
1735044352, 35, 36, 38, 0, 0, 0.14%, 9, 0, 11, 79.26
1735044388, 36, 30, 38, 0, 0, 0.14%, 9, 0, 11, 94.96
1735044413, 36, 36, 38, 0, 0, 0.14%, 9, 0, 11, 81.74
1735044444, 37, 30, 38, 0, 0, 0.14%, 9, 0, 11, 73.02
1735044475, 37, 36, 38, 0, 0, 0.14%, 9, 0, 11, 66.27
1735044510, 38, 30, 38, 0, 0, 0.14%, 9, 0, 11, 79.46
1735044541, 38, 36, 38, 0, 0, 0.14%, 9, 0, 11, 79.66
1735044571, 39, 30, 38, 0, 0, 0.14%, 9, 0, 11, 79.39
1735044602, 63, 24, 38, 0, 0, 0.14%, 9, 0, 11, 79.47
1735044684, 65, 29, 38, 0, 0, 0.14%, 9, 0, 11, 122.12
1735045029, 66, 12, 38, 0, 0, 0.14%, 9, 0, 11, 72.68
1735045094, 70, 27, 38, 0, 0, 0.14%, 9, 0, 11, 92.44
1735046538, 73, 23, 38, 0, 0, 0.14%, 9, 0, 11, 85.21
1735046629, 81, 12, 38, 0, 0, 0.14%, 9, 0, 11, 64.48
1735046654, 89, 18, 38, 0, 0, 0.14%, 9, 0, 11, 83.34
1735046690, 94, 19, 38, 0, 0, 0.14%, 9, 0, 11, 63.74
1735046715, 97, 14, 38, 0, 0, 0.14%, 9, 0, 11, 64.54
1735046720, 100, 23, 38, 0, 0, 0.14%, 9, 0, 11, 66.83
1735046730, 100, 34, 38, 0, 0, 0.14%, 9, 0, 11, 95.67
1735046918, 107, 12, 38, 0, 0, 0.14%, 9, 0, 11, 76.20
1735046949, 109, 14, 38, 0, 0, 0.14%, 9, 0, 11, 72.26
1735046959, 109, 35, 38, 0, 0, 0.14%, 9, 0, 11, 76.08
1735046964, 111, 20, 38, 0, 0, 0.14%, 9, 0, 11, 89.26
1735047051, 112, 12, 38, 0, 0, 0.14%, 9, 0, 11, 62.43
1735047066, 113, 14, 38, 0, 0, 0.14%, 9, 0, 11, 71.07
1735047092, 114, 34, 38, 0, 0, 0.14%, 9, 0, 11, 79.38
1735047097, 118, 23, 38, 0, 0, 0.14%, 9, 0, 11, 82.64
1735047107, 123, 17, 38, 0, 0, 0.14%, 9, 0, 11, 64.20
1735047117, 125, 14, 38, 0, 0, 0.14%, 9, 0, 11, 67.10
1735047147, 126, 34, 38, 0, 0, 0.14%, 9, 0, 11, 79.05
1735047163, 127, 10, 38, 0, 0, 0.14%, 9, 0, 11, 62.84
1735047168, 132, 16, 38, 0, 0, 0.14%, 9, 0, 11, 67.61
1735047178, 133, 17, 38, 0, 0, 0.14%, 9, 0, 11, 69.94
1735047188, 134, 16, 38, 0, 0, 0.14%, 9, 0, 11, 66.91
1735047198, 140, 20, 38, 0, 0, 0.14%, 9, 0, 11, 70.67
1735047203, 146, 19, 38, 0, 0, 0.14%, 9, 0, 11, 75.74
1735047229, 146, 20, 38, 0, 0, 0.14%, 9, 0, 11, 63.74
1735047259, 146, 23, 38, 0, 0, 0.14%, 9, 0, 11, 60.51
1735047295, 147, 35, 38, 0, 0, 0.14%, 9, 0, 11, 97.98
1735047590, 150, 16, 38, 0, 0, 0.14%, 9, 0, 11, 64.80
1735047610, 152, 15, 38, 0, 0, 0.14%, 9, 0, 11, 70.74
1735047615, 152, 16, 38, 0, 0, 0.14%, 9, 0, 11, 61.87
1735047646, 153, 20, 38, 0, 0, 0.14%, 9, 0, 11, 72.53
1735047676, 154, 12, 38, 0, 0, 0.14%, 9, 0, 11, 84.19
1735047712, 154, 32, 38, 0, 0, 0.14%, 9, 0, 11, 75.77
1735047717, 154, 34, 38, 0, 0, 0.14%, 9, 0, 11, 76.60
1735047752, 162, 32, 38, 0, 0, 0.14%, 9, 0, 11, 94.81
1735047767, 164, 34, 38, 0, 0, 0.14%, 9, 0, 11, 80.90
1735047798, 167, 23, 38, 0, 0, 0.14%, 9, 0, 11, 71.78
1735047829, 169, 17, 38, 0, 0, 0.14%, 9, 0, 11, 74.23
1735047854, 170, 17, 38, 0, 0, 0.14%, 9, 0, 11, 69.75
1735047889, 171, 10, 38, 0, 0, 0.14%, 9, 0, 11, 67.71
1735047894, 171, 23, 38, 0, 0, 0.14%, 9, 0, 11, 67.90
1735047930, 175, 16, 38, 0, 0, 0.14%, 9, 0, 11, 62.31
1735047966, 176, 18, 38, 0, 0, 0.14%, 9, 0, 11, 68.20
1735047971, 179, 18, 38, 0, 0, 0.14%, 9, 0, 11, 69.86
1735047981, 180, 23, 38, 0, 0, 0.14%, 9, 0, 11, 78.13
1735048011, 181, 15, 38, 0, 0, 0.14%, 9, 0, 11, 75.84
1735048022, 181, 21, 38, 0, 0, 0.14%, 9, 0, 11, 75.91
1735048027, 184, 11, 38, 0, 0, 0.14%, 9, 0, 11, 70.77
1735048032, 184, 16, 38, 0, 0, 0.14%, 9, 0, 11, 63.08
1735048067, 184, 20, 38, 0, 0, 0.14%, 9, 0, 11, 72.86
1735048103, 185, 28, 38, 0, 0, 0.14%, 9, 0, 11, 77.11
1735048108, 187, 23, 38, 0, 0, 0.14%, 9, 0, 11, 81.34
1735048143, 189, 33, 38, 0, 0, 0.14%, 9, 0, 11, 81.23
1735048148, 193, 14, 38, 0, 0, 0.14%, 9, 0, 11, 64.57
1735048179, 194, 28, 38, 0, 0, 0.14%, 9, 0, 11, 81.39
1735048194, 195, 19, 38, 0, 0, 0.14%, 9, 0, 11, 73.74
1735048209, 196, 21, 38, 0, 0, 0.14%, 9, 0, 11, 74.11
1735048230, 197, 21, 38, 0, 0, 0.14%, 9, 0, 11, 71.67
1735048265, 199, 10, 38, 0, 0, 0.14%, 9, 0, 11, 63.02
1735048270, 199, 11, 38, 0, 0, 0.14%, 9, 0, 11, 67.18
1735048275, 199, 12, 38, 0, 0, 0.14%, 9, 0, 11, 67.20
1735048311, 199, 34, 38, 0, 0, 0.14%, 9, 0, 11, 70.23
1735048342, 200, 14, 38, 0, 0, 0.14%, 9, 0, 11, 63.97
1735048377, 200, 15, 38, 0, 0, 0.14%, 9, 0, 11, 65.66
1735048393, 201, 10, 38, 0, 0, 0.14%, 9, 0, 11, 66.81
1735048413, 201, 17, 38, 0, 0, 0.14%, 9, 0, 11, 72.76
1735048444, 204, 11, 38, 0, 0, 0.14%, 9, 0, 11, 73.33
1735048454, 205, 11, 38, 0, 0, 0.14%, 9, 0, 11, 63.32
1735048474, 205, 14, 38, 0, 0, 0.14%, 9, 0, 11, 66.66
1735048505, 205, 32, 38, 0, 0, 0.14%, 9, 0, 11, 92.20
1735048535, 205, 34, 38, 0, 0, 0.14%, 9, 0, 11, 84.74
1735048565, 208, 18, 38, 0, 0, 0.14%, 9, 0, 11, 63.17
1735048586, 208, 20, 38, 0, 0, 0.14%, 9, 0, 11, 72.73
1735048621, 210, 12, 38, 0, 0, 0.14%, 9, 0, 11, 63.14
1735048656, 212, 20, 38, 0, 0, 0.14%, 9, 0, 11, 71.47
1735048687, 212, 29, 38, 0, 0, 0.14%, 9, 0, 11, 75.50
1735048697, 212, 32, 38, 0, 0, 0.14%, 9, 0, 11, 87.76
1735048728, 213, 15, 38, 0, 0, 0.14%, 9, 0, 11, 68.64
1735048748, 213, 16, 38, 0, 0, 0.14%, 9, 0, 11, 64.40
1735048788, 215, 11, 38, 0, 0, 0.14%, 9, 0, 11, 72.56
1735048824, 215, 23, 38, 0, 0, 0.14%, 9, 0, 11, 71.62
1735048855, 215, 32, 38, 0, 0, 0.14%, 9, 0, 11, 79.46
1735048885, 215, 33, 38, 0, 0, 0.14%, 9, 0, 11, 77.77
1735048900, 216, 23, 38, 0, 0, 0.14%, 9, 0, 11, 74.29
1735048930, 217, 28, 38, 0, 0, 0.14%, 9, 0, 11, 70.90
1735048961, 220, 11, 38, 0, 0, 0.14%, 9, 0, 11, 63.33
1735048992, 220, 15, 38, 0, 0, 0.14%, 9, 0, 11, 78.21
1735049028, 220, 28, 38, 0, 0, 0.14%, 9, 0, 11, 84.02
1735049058, 221, 29, 38, 0, 0, 0.14%, 9, 0, 11, 86.03
1735049073, 226, 10, 38, 0, 0, 0.14%, 9, 0, 11, 73.60
1735049104, 226, 33, 38, 0, 0, 0.14%, 9, 0, 11, 72.80
1735049134, 227, 14, 38, 0, 0, 0.14%, 9, 0, 11, 69.57
1735049170, 227, 21, 38, 0, 0, 0.14%, 9, 0, 11, 81.28
1735049200, 228, 10, 38, 0, 0, 0.14%, 9, 0, 11, 66.14
1735049236, 229, 10, 38, 0, 0, 0.14%, 9, 0, 11, 62.28
1735049277, 229, 33, 38, 0, 0, 0.14%, 9, 0, 11, 80.30
1735049307, 230, 12, 38, 0, 0, 0.14%, 9, 0, 11, 69.30
1735049337, 230, 17, 38, 0, 0, 0.14%, 9, 0, 11, 73.00
1735049373, 230, 18, 38, 0, 0, 0.14%, 9, 0, 11, 72.30
1735049408, 233, 17, 38, 0, 0, 0.14%, 9, 0, 11, 66.22
1735049444, 233, 20, 38, 0, 0, 0.14%, 9, 0, 11, 75.05
1735049475, 233, 29, 38, 0, 0, 0.14%, 9, 0, 11, 84.32
1735049505, 234, 14, 38, 0, 0, 0.14%, 9, 0, 11, 59.75
1735049541, 234, 33, 38, 0, 0, 0.14%, 9, 0, 11, 80.28
1735049576, 237, 19, 38, 0, 0, 0.14%, 9, 0, 11, 69.11
1735049591, 240, 11, 38, 0, 0, 0.14%, 9, 0, 11, 75.84
1735049622, 240, 29, 38, 0, 0, 0.14%, 9, 0, 11, 85.54
1735049652, 242, 12, 38, 0, 0, 0.14%, 9, 0, 11, 64.60
1735049688, 243, 14, 38, 0, 0, 0.14%, 9, 0, 11, 67.51
1735049718, 247, 13, 38, 0, 0, 0.14%, 9, 0, 11, 76.71
1735049754, 247, 22, 38, 0, 0, 0.14%, 9, 0, 11, 66.38
1735049764, 248, 15, 38, 0, 0, 0.14%, 9, 0, 11, 77.15
1735049790, 250, 28, 38, 0, 0, 0.14%, 9, 0, 11, 83.96
1735049820, 253, 21, 38, 0, 0, 0.14%, 9, 0, 11, 67.28
1735049856, 253, 31, 38, 0, 0, 0.14%, 9, 0, 11, 80.80
1735049861, 255, 17, 38, 0, 0, 0.14%, 9, 0, 11, 72.72
1735049896, 255, 20, 38, 0, 0, 0.14%, 9, 0, 11, 74.17
1735049932, 255, 21, 38, 0, 0, 0.14%, 9, 0, 11, 75.63
1735049967, 256, 18, 38, 0, 0, 0.14%, 9, 0, 11, 60.22
1735050003, 256, 31, 38, 0, 0, 0.14%, 9, 0, 11, 86.56
1735050018, 256, 34, 38, 0, 0, 0.14%, 9, 0, 11, 87.54
1735050048, 259, 33, 38, 0, 0, 0.14%, 9, 0, 11, 79.31
1735050079, 260, 18, 38, 0, 0, 0.14%, 9, 0, 11, 69.66
1735050109, 260, 21, 38, 0, 0, 0.14%, 9, 0, 11, 80.33
1735050145, 260, 27, 38, 0, 0, 0.14%, 9, 0, 11, 82.68
1735050150, 260, 33, 38, 0, 0, 0.14%, 9, 0, 11, 82.75
1735050181, 261, 17, 38, 0, 0, 0.14%, 9, 0, 11, 68.20
1735050216, 262, 29, 38, 0, 0, 0.14%, 9, 0, 11, 73.55
1735050247, 263, 11, 38, 0, 0, 0.14%, 9, 0, 11, 61.78
1735050277, 263, 17, 38, 0, 0, 0.14%, 9, 0, 11, 76.72
1735050313, 263, 22, 38, 0, 0, 0.14%, 9, 0, 11, 77.93
1735050328, 264, 13, 38, 0, 0, 0.14%, 9, 0, 11, 61.85
1735050333, 266, 22, 38, 0, 0, 0.14%, 9, 0, 11, 61.87
1735050369, 266, 35, 38, 0, 0, 0.14%, 9, 0, 11, 71.05
1735050374, 268, 15, 38, 0, 0, 0.14%, 9, 0, 11, 64.63
1735050409, 271, 16, 38, 0, 0, 0.14%, 9, 0, 11, 61.81
1735050440, 279, 27, 38, 0, 0, 0.14%, 9, 0, 11, 78.72
1735050455, 281, 15, 38, 0, 0, 0.14%, 9, 0, 11, 68.15
1735050486, 282, 16, 38, 0, 0, 0.14%, 9, 0, 11, 64.27
1735050521, 282, 27, 38, 0, 0, 0.14%, 9, 0, 11, 91.89
1735050541, 283, 20, 38, 0, 0, 0.14%, 9, 0, 11, 79.25
1735050577, 285, 22, 38, 0, 0, 0.14%, 9, 0, 11, 75.65
1735050608, 286, 11, 38, 0, 0, 0.14%, 9, 0, 11, 67.99
1735050638, 288, 16, 38, 0, 0, 0.14%, 9, 0, 11, 66.40
1735050669, 289, 27, 38, 0, 0, 0.14%, 9, 0, 11, 84.43
1735050699, 291, 16, 38, 0, 0, 0.14%, 9, 0, 11, 64.81
1735050730, 292, 19, 38, 0, 0, 0.14%, 9, 0, 11, 59.48
1735050766, 293, 21, 38, 0, 0, 0.14%, 9, 0, 11, 77.68
1735050796, 293, 22, 38, 0, 0, 0.14%, 9, 0, 11, 76.39
1735050827, 294, 19, 38, 0, 0, 0.14%, 9, 0, 11, 62.88
1735050857, 295, 31, 38, 0, 0, 0.14%, 9, 0, 11, 84.41
1735050893, 297, 12, 38, 0, 0, 0.14%, 9, 0, 11, 61.38
1735050923, 299, 22, 38, 0, 0, 0.14%, 9, 0, 11, 61.47
1735050959, 303, 15, 38, 0, 0, 0.14%, 9, 0, 11, 73.41
1735050994, 303, 19, 38, 0, 0, 0.14%, 9, 0, 11, 62.02
1735051030, 304, 35, 38, 0, 0, 0.14%, 9, 0, 11, 82.41
1735051040, 305, 27, 38, 0, 0, 0.14%, 9, 0, 11, 80.75
1735051071, 310, 37, 38, 0, 0, 0.14%, 9, 0, 11, 72.16
1735051076, 312, 13, 38, 0, 0, 0.14%, 9, 0, 11, 71.95
1735051087, 313, 35, 38, 0, 0, 0.14%, 9, 0, 11, 80.53
1735051117, 318, 19, 38, 0, 0, 0.14%, 9, 0, 11, 62.61
1735051153, 318, 37, 38, 0, 0, 0.14%, 9, 0, 11, 79.03
1735051168, 321, 18, 38, 0, 0, 0.14%, 9, 0, 11, 67.27
1735051203, 323, 37, 38, 0, 0, 0.14%, 9, 0, 11, 71.41
1735051239, 324, 18, 38, 0, 0, 0.14%, 9, 0, 11, 63.93
1735051270, 324, 25, 38, 0, 0, 0.14%, 9, 0, 11, 85.07
1735051280, 329, 19, 38, 0, 0, 0.14%, 9, 0, 11, 61.58
1735051310, 330, 25, 38, 0, 0, 0.14%, 9, 0, 11, 86.46
1735051331, 330, 37, 38, 0, 0, 0.14%, 9, 0, 11, 87.30
1735051362, 333, 19, 38, 0, 0, 0.14%, 9, 0, 11, 67.56
1735051392, 333, 25, 38, 0, 0, 0.14%, 9, 0, 11, 92.25
1735051423, 333, 35, 38, 0, 0, 0.14%, 9, 0, 11, 84.47
1735051454, 335, 25, 38, 0, 0, 0.14%, 9, 0, 11, 83.18
1735051484, 338, 20, 38, 0, 0, 0.14%, 9, 0, 11, 73.95
1735051520, 340, 12, 38, 0, 0, 0.14%, 9, 0, 11, 68.82
1735051555, 340, 26, 38, 0, 0, 0.14%, 9, 0, 11, 69.81
1735051560, 341, 35, 38, 0, 0, 0.14%, 9, 0, 11, 80.79
1735051591, 352, 19, 38, 0, 0, 0.14%, 9, 0, 11, 62.61
1735051622, 353, 12, 38, 0, 0, 0.14%, 9, 0, 11, 69.34
1735051657, 355, 12, 38, 0, 0, 0.14%, 9, 0, 11, 70.21
1735051693, 361, 13, 38, 0, 0, 0.14%, 9, 0, 11, 62.91
1735051713, 363, 35, 38, 0, 0, 0.14%, 9, 0, 11, 71.60
1735051744, 367, 13, 38, 0, 0, 0.14%, 9, 0, 11, 65.43
1735051779, 384, 13, 38, 0, 0, 0.14%, 9, 0, 11, 66.55
1735051805, 387, 24, 38, 0, 0, 0.14%, 9, 0, 11, 70.26
1735051815, 388, 31, 38, 0, 0, 0.14%, 9, 0, 11, 93.26
1735051841, 404, 26, 38, 0, 0, 0.14%, 9, 0, 11, 88.79
1735051861, 409, 19, 38, 0, 0, 0.14%, 9, 0, 11, 59.78
1735051892, 409, 26, 38, 0, 0, 0.14%, 9, 0, 11, 89.57
1735051922, 432, 24, 38, 0, 0, 0.14%, 9, 0, 11, 61.76
1735051937, 436, 19, 38, 0, 0, 0.14%, 9, 0, 11, 61.75
1735051973, 438, 13, 38, 0, 0, 0.14%, 9, 0, 11, 63.85
1735052004, 440, 24, 38, 0, 0, 0.14%, 9, 0, 11, 81.13
1735052029, 441, 13, 38, 0, 0, 0.14%, 9, 0, 11, 69.03
1735052065, 444, 24, 38, 0, 0, 0.14%, 9, 0, 11, 67.45
1735052095, 444, 26, 38, 0, 0, 0.14%, 9, 0, 11, 90.23
1735052131, 445, 24, 38, 0, 0, 0.14%, 9, 0, 11, 72.74
1735052161, 463, 26, 38, 0, 0, 0.14%, 9, 0, 11, 94.91
1735052187, 502, 24, 38, 0, 0, 0.14%, 9, 0, 11, 70.14
1735052217, 528, 24, 38, 0, 0, 0.14%, 9, 0, 11, 76.22
1735052253, 558, 24, 38, 0, 0, 0.14%, 9, 0, 11, 77.22
1735052283, 565, 24, 38, 0, 0, 0.14%, 9, 0, 11, 76.52
1735052318, 570, 24, 38, 0, 0, 0.14%, 9, 0, 11, 70.54
1735052349, 5374, 0, 38, 0, 0, 0.14%, 9, 0, 11, 0.00
1735052354, 22532, 0, 38, 0, 0, 0.14%, 9, 0, 11, 0.00
1735052359, 39720, 0, 38, 0, 0, 0.14%, 9, 0, 11, 0.00
1735052364, 57439, 0, 38, 0, 0, 0.14%, 9, 0, 11, 0.00
1735052369, 75302, 0, 38, 0, 0, 0.14%, 9, 0, 11, 0.00
1735052375, 93101, 0, 38, 0, 0, 0.14%, 9, 0, 11, 0.00
1735052380, 109566, 0, 38, 0, 0, 0.14%, 9, 0, 11, 0.00
1735052385, 126032, 0, 38, 0, 0, 0.14%, 9, 0, 11, 0.00
1735052390, 143760, 0, 38, 0, 0, 0.14%, 9, 0, 11, 0.00
1735052395, 160927, 0, 38, 0, 0, 0.14%, 9, 0, 11, 0.00
1735052401, 178670, 0, 38, 0, 0, 0.14%, 9, 0, 11, 0.00
1735052406, 195485, 0, 38, 0, 0, 0.14%, 9, 0, 11, 0.00
1735052411, 213223, 0, 38, 0, 0, 0.14%, 9, 0, 11, 0.00
1735052416, 230331, 0, 38, 0, 0, 0.14%, 9, 0, 11, 0.00
1735052421, 247465, 0, 38, 0, 0, 0.14%, 9, 0, 11, 0.00
1735052427, 264555, 0, 38, 0, 0, 0.14%, 9, 0, 11, 0.00
1735052432, 281686, 0, 38, 0, 0, 0.14%, 9, 0, 11, 0.00
1735052437, 298792, 0, 38, 0, 0, 0.14%, 9, 0, 11, 0.00
1735052442, 315982, 0, 38, 0, 0, 0.14%, 9, 0, 11, 0.00
1735052447, 333649, 0, 38, 0, 0, 0.14%, 9, 0, 11, 0.00
1735052453, 351412, 0, 38, 0, 0, 0.14%, 9, 0, 11, 0.00
1735052458, 369225, 0, 38, 0, 0, 0.14%, 9, 0, 11, 0.00
1735052463, 386361, 0, 38, 0, 0, 0.14%, 9, 0, 11, 0.00
1735052468, 403521, 0, 38, 0, 0, 0.14%, 9, 0, 11, 0.00
1735052473, 420735, 0, 38, 0, 0, 0.14%, 9, 0, 11, 0.00
1735052479, 438588, 0, 38, 0, 0, 0.14%, 9, 0, 11, 0.00
1735052484, 455623, 0, 38, 0, 0, 0.14%, 9, 0, 11, 0.00
1735052489, 472793, 0, 38, 0, 0, 0.14%, 9, 0, 11, 0.00
1735052494, 489923, 0, 38, 0, 0, 0.14%, 9, 0, 11, 0.00
1735052499, 507044, 0, 38, 0, 0, 0.14%, 9, 0, 11, 0.00
1735052505, 524848, 0, 38, 0, 0, 0.14%, 9, 0, 11, 0.00
1735052510, 542641, 0, 38, 0, 0, 0.14%, 9, 0, 11, 0.00
1735052515, 559804, 0, 38, 0, 0, 0.14%, 9, 0, 11, 0.00
1735052520, 576922, 0, 38, 0, 0, 0.14%, 9, 0, 11, 0.00
1735052525, 595447, 0, 38, 0, 0, 0.14%, 9, 0, 11, 0.00
1735052531, 611887, 0, 38, 0, 0, 0.14%, 9, 0, 11, 0.00
1735052536, 629631, 0, 38, 0, 0, 0.14%, 9, 0, 11, 0.00
1735052541, 646763, 0, 38, 0, 0, 0.14%, 9, 0, 11, 0.00
1735052546, 663887, 0, 38, 0, 0, 0.14%, 9, 0, 11, 0.00
1735052551, 681043, 0, 38, 0, 0, 0.14%, 9, 0, 11, 0.00
1735052557, 698746, 0, 38, 0, 0, 0.14%, 9, 0, 11, 0.00
1735052562, 715895, 0, 38, 0, 0, 0.14%, 9, 0, 11, 0.00
1735052567, 732995, 0, 38, 0, 0, 0.14%, 9, 0, 11, 0.00
1735052572, 750712, 0, 38, 0, 0, 0.14%, 9, 0, 11, 0.00
1735052577, 767062, 0, 38, 0, 0, 0.14%, 9, 0, 11, 0.00
1735052583, 784218, 0, 38, 0, 0, 0.14%, 9, 0, 11, 0.00
1735052588, 801303, 0, 38, 0, 0, 0.14%, 9, 0, 11, 0.00
1735052593, 818428, 0, 38, 0, 0, 0.14%, 9, 0, 11, 0.00
1735052598, 835002, 0, 38, 0, 0, 0.14%, 9, 0, 11, 0.00
1735052603, 852558, 0, 38, 0, 0, 0.14%, 9, 0, 11, 0.00
1735052609, 870350, 0, 38, 0, 0, 0.14%, 9, 0, 11, 0.00
1735052614, 887478, 0, 38, 0, 0, 0.14%, 9, 0, 11, 0.00
1735052619, 904671, 0, 38, 0, 0, 0.14%, 9, 0, 11, 0.00
1735052624, 922491, 0, 38, 0, 0, 0.14%, 9, 0, 11, 0.00
1735052629, 939670, 0, 38, 0, 0, 0.14%, 9, 0, 11, 0.00
1735052635, 957472, 0, 38, 0, 0, 0.14%, 9, 0, 11, 0.00
1735052640, 974616, 0, 38, 0, 0, 0.14%, 9, 0, 11, 0.00
1735052645, 991764, 0, 38, 0, 0, 0.14%, 9, 0, 11, 0.00
1735052650, 1009574, 0, 38, 0, 0, 0.14%, 9, 0, 11, 0.00
1735052655, 1027425, 0, 38, 0, 0, 0.14%, 9, 0, 11, 0.00
1735052661, 1044528, 0, 38, 0, 0, 0.14%, 9, 0, 11, 0.00
1735052666, 1062396, 0, 38, 0, 0, 0.14%, 9, 0, 11, 0.00
1735052671, 1080163, 0, 38, 0, 0, 0.14%, 9, 0, 11, 0.00
1735052676, 1097958, 0, 38, 0, 0, 0.14%, 9, 0, 11, 0.00
1735052681, 1115117, 0, 38, 0, 0, 0.14%, 9, 0, 11, 0.00
1735052687, 1132187, 0, 38, 0, 0, 0.14%, 9, 0, 11, 0.00
1735052692, 1150029, 0, 38, 0, 0, 0.14%, 9, 0, 11, 0.00
1735052697, 1166489, 0, 38, 0, 0, 0.14%, 9, 0, 11, 0.00
1735052702, 1184879, 0, 38, 0, 0, 0.14%, 9, 0, 11, 0.00
1735052707, 1201948, 0, 38, 0, 0, 0.14%, 9, 0, 11, 0.00
1735052713, 1220466, 0, 38, 0, 0, 0.14%, 9, 0, 11, 0.00
1735052718, 1236929, 0, 38, 0, 0, 0.14%, 9, 0, 11, 0.00
1735052723, 1254684, 0, 38, 0, 0, 0.14%, 9, 0, 11, 0.00
1735052728, 1271840, 0, 38, 0, 0, 0.14%, 9, 0, 11, 0.00
1735052733, 1288913, 0, 38, 0, 0, 0.14%, 9, 0, 11, 0.00
1735052739, 1306695, 0, 38, 0, 0, 0.14%, 9, 0, 11, 0.00
1735052744, 1323847, 0, 38, 0, 0, 0.14%, 9, 0, 11, 0.00
1735052749, 1341022, 0, 38, 0, 0, 0.14%, 9, 0, 11, 0.00
1735052754, 1358812, 0, 38, 0, 0, 0.14%, 9, 0, 11, 0.00
1735052759, 1375948, 0, 38, 0, 0, 0.14%, 9, 0, 11, 0.00
1735052765, 1393751, 0, 38, 0, 0, 0.14%, 9, 0, 11, 0.00
1735052770, 1410872, 0, 38, 0, 0, 0.14%, 9, 0, 11, 0.00
1735052775, 1428021, 0, 38, 0, 0, 0.14%, 9, 0, 11, 0.00
1735052780, 1445839, 0, 38, 0, 0, 0.14%, 9, 0, 11, 0.00
1735052785, 1462974, 0, 38, 0, 0, 0.14%, 9, 0, 11, 0.00
1735052791, 1480778, 0, 38, 0, 0, 0.14%, 9, 0, 11, 0.00
1735052796, 1498515, 0, 38, 0, 0, 0.14%, 9, 0, 11, 0.00
1735052801, 1515626, 0, 38, 0, 0, 0.14%, 9, 0, 11, 0.00
1735052806, 1532731, 0, 38, 0, 0, 0.14%, 9, 0, 11, 0.00
1735052811, 1549839, 0, 38, 0, 0, 0.14%, 9, 0, 11, 0.00
1735052817, 1567608, 0, 38, 0, 0, 0.14%, 9, 0, 11, 0.00
1735052822, 1584815, 0, 38, 0, 0, 0.14%, 9, 0, 11, 0.00
1735052827, 1601841, 0, 38, 0, 0, 0.14%, 9, 0, 11, 0.00
1735052832, 1619600, 0, 38, 0, 0, 0.14%, 9, 0, 11, 0.00
1735052837, 1636762, 0, 38, 0, 0, 0.14%, 9, 0, 11, 0.00
1735052843, 1654579, 0, 38, 0, 0, 0.14%, 9, 0, 11, 0.00
1735052848, 1671709, 0, 38, 0, 0, 0.14%, 9, 0, 11, 0.00
1735052853, 1688803, 0, 38, 0, 0, 0.14%, 9, 0, 11, 0.00
1735052858, 1706553, 0, 38, 0, 0, 0.14%, 9, 0, 11, 0.00
1735052863, 1723656, 0, 38, 0, 0, 0.14%, 9, 0, 11, 0.00
1735052869, 1742103, 0, 38, 0, 0, 0.14%, 9, 0, 11, 0.00
1735052874, 1759247, 0, 38, 0, 0, 0.14%, 9, 0, 11, 0.00
1735052879, 1776248, 0, 38, 0, 0, 0.14%, 9, 0, 11, 0.00
1735052884, 1794709, 0, 38, 0, 0, 0.14%, 9, 0, 11, 0.00
1735052889, 1811786, 0, 38, 0, 0, 0.14%, 9, 0, 11, 0.00
1735052895, 1829599, 0, 38, 0, 0, 0.14%, 9, 0, 11, 0.00
1735052900, 1846663, 0, 38, 0, 0, 0.14%, 9, 0, 11, 0.00
1735052905, 1863724, 0, 38, 0, 0, 0.14%, 9, 0, 11, 0.00
1735052910, 1881514, 0, 38, 0, 0, 0.14%, 9, 0, 11, 0.00
1735052915, 1898685, 0, 38, 0, 0, 0.14%, 9, 0, 11, 0.00
