# unix_time, cycles_done, cur_path, paths_total, pending_total, pending_favs, map_size, unique_crashes, unique_hangs, max_depth, execs_per_sec
1734699271, 0, 0, 10, 10, 1, 0.01%, 0, 0, 1, 36.70
1734699276, 0, 3, 10, 10, 1, 0.01%, 0, 0, 1, 36.83
1734699291, 1, 0, 10, 3, 0, 0.01%, 0, 0, 1, 45.09
1734699297, 1, 1, 10, 2, 0, 0.01%, 0, 0, 1, 45.41
1734699302, 1, 2, 10, 1, 0, 0.01%, 0, 0, 1, 45.37
1734699307, 1, 3, 10, 0, 0, 0.01%, 0, 0, 1, 43.02
1734699317, 1, 4, 10, 0, 0, 0.01%, 0, 0, 1, 45.03
1734699322, 1, 5, 10, 0, 0, 0.01%, 0, 0, 1, 45.53
1734699327, 1, 6, 10, 0, 0, 0.01%, 0, 0, 1, 45.72
1734699332, 1, 7, 10, 0, 0, 0.01%, 0, 0, 1, 44.77
1734699338, 1, 8, 10, 0, 0, 0.01%, 0, 0, 1, 45.17
1734699343, 1, 9, 10, 0, 0, 0.01%, 0, 0, 1, 43.62
1734699348, 2, 0, 10, 0, 0, 0.01%, 0, 0, 1, 46.21
1734699353, 2, 1, 10, 0, 0, 0.01%, 0, 0, 1, 44.18
1734699363, 2, 2, 10, 0, 0, 0.01%, 0, 0, 1, 44.93
1734699368, 2, 3, 10, 0, 0, 0.01%, 0, 0, 1, 43.08
1734699373, 2, 4, 10, 0, 0, 0.01%, 0, 0, 1, 43.97
1734699379, 2, 5, 10, 0, 0, 0.01%, 0, 0, 1, 44.87
1734699384, 2, 6, 10, 0, 0, 0.01%, 0, 0, 1, 44.65
1734699389, 2, 7, 10, 0, 0, 0.01%, 0, 0, 1, 44.89
1734699394, 2, 8, 10, 0, 0, 0.01%, 0, 0, 1, 44.10
1734699399, 2, 9, 10, 0, 0, 0.01%, 0, 0, 1, 44.70
1734699404, 3, 0, 10, 0, 0, 0.01%, 0, 0, 1, 45.46
1734699414, 3, 1, 10, 0, 0, 0.01%, 0, 0, 1, 43.90
1734699420, 3, 2, 10, 0, 0, 0.01%, 0, 0, 1, 45.51
1734699425, 3, 3, 10, 0, 0, 0.01%, 0, 0, 1, 42.98
1734699430, 3, 4, 10, 0, 0, 0.01%, 0, 0, 1, 42.31
1734699435, 3, 5, 10, 0, 0, 0.01%, 0, 0, 1, 42.68
1734699440, 3, 6, 10, 0, 0, 0.01%, 0, 0, 1, 43.23
1734699445, 3, 7, 10, 0, 0, 0.01%, 0, 0, 1, 43.14
1734699455, 3, 8, 10, 0, 0, 0.01%, 0, 0, 1, 43.23
1734699460, 3, 9, 10, 0, 0, 0.01%, 0, 0, 1, 46.63
1734699466, 4, 0, 10, 0, 0, 0.01%, 0, 0, 1, 44.10
1734699471, 4, 1, 10, 0, 0, 0.01%, 0, 0, 1, 43.59
1734699476, 4, 2, 10, 0, 0, 0.01%, 0, 0, 1, 43.18
1734699481, 4, 3, 10, 0, 0, 0.01%, 0, 0, 1, 41.67
1734699486, 4, 4, 10, 0, 0, 0.01%, 0, 0, 1, 44.10
1734699496, 4, 5, 10, 0, 0, 0.01%, 0, 0, 1, 43.99
1734699501, 4, 6, 10, 0, 0, 0.01%, 0, 0, 1, 44.95
1734699506, 4, 7, 10, 0, 0, 0.01%, 0, 0, 1, 42.96
1734699511, 4, 8, 10, 0, 0, 0.01%, 0, 0, 1, 42.85
1734699516, 4, 9, 10, 0, 0, 0.01%, 0, 0, 1, 43.47
1734699521, 5, 0, 10, 0, 0, 0.01%, 0, 0, 1, 43.64
1734699527, 5, 1, 10, 0, 0, 0.01%, 0, 0, 1, 44.93
1734699537, 5, 2, 10, 0, 0, 0.01%, 0, 0, 1, 44.19
1734699542, 5, 3, 10, 0, 0, 0.01%, 0, 0, 1, 45.83
1734699547, 5, 4, 10, 0, 0, 0.01%, 0, 0, 1, 42.94
1734699552, 5, 5, 10, 0, 0, 0.01%, 0, 0, 1, 42.80
1734699557, 5, 6, 10, 0, 0, 0.01%, 0, 0, 1, 45.06
1734699562, 5, 7, 10, 0, 0, 0.01%, 0, 0, 1, 45.27
1734699567, 5, 8, 10, 0, 0, 0.01%, 0, 0, 1, 44.02
1734699577, 5, 9, 10, 0, 0, 0.01%, 0, 0, 1, 44.74
1734699582, 6, 0, 10, 0, 0, 0.01%, 0, 0, 1, 42.97
1734699588, 6, 1, 10, 0, 0, 0.01%, 0, 0, 1, 43.32
1734699593, 6, 2, 10, 0, 0, 0.01%, 0, 0, 1, 44.20
1734699598, 6, 3, 10, 0, 0, 0.01%, 0, 0, 1, 42.95
1734699603, 6, 4, 10, 0, 0, 0.01%, 0, 0, 1, 42.11
1734699613, 6, 5, 10, 0, 0, 0.01%, 0, 0, 1, 45.17
1734699618, 6, 6, 10, 0, 0, 0.01%, 0, 0, 1, 45.40
1734699623, 6, 7, 10, 0, 0, 0.01%, 0, 0, 1, 43.95
1734699628, 6, 8, 10, 0, 0, 0.01%, 0, 0, 1, 41.81
1734699633, 6, 9, 10, 0, 0, 0.01%, 0, 0, 1, 45.20
1734699638, 7, 0, 10, 0, 0, 0.01%, 0, 0, 1, 45.21
1734699643, 7, 1, 10, 0, 0, 0.01%, 0, 0, 1, 43.57
1734699654, 7, 2, 10, 0, 0, 0.01%, 0, 0, 1, 43.74
1734699659, 7, 3, 10, 0, 0, 0.01%, 0, 0, 1, 45.02
1734699664, 7, 4, 10, 0, 0, 0.01%, 0, 0, 1, 43.35
1734699669, 7, 5, 10, 0, 0, 0.01%, 0, 0, 1, 43.41
1734699674, 7, 6, 10, 0, 0, 0.01%, 0, 0, 1, 44.42
1734699679, 7, 7, 10, 0, 0, 0.01%, 0, 0, 1, 43.38
1734699684, 7, 8, 10, 0, 0, 0.01%, 0, 0, 1, 43.74
1734699694, 7, 9, 10, 0, 0, 0.01%, 0, 0, 1, 42.84
1734699699, 8, 0, 10, 0, 0, 0.01%, 0, 0, 1, 45.82
1734699704, 8, 1, 10, 0, 0, 0.01%, 0, 0, 1, 43.61
1734699709, 8, 2, 10, 0, 0, 0.01%, 0, 0, 1, 42.91
1734699715, 8, 3, 10, 0, 0, 0.01%, 0, 0, 1, 43.22
1734699720, 8, 4, 10, 0, 0, 0.01%, 0, 0, 1, 43.90
1734699725, 8, 5, 10, 0, 0, 0.01%, 0, 0, 1, 43.80
1734699735, 8, 6, 10, 0, 0, 0.01%, 0, 0, 1, 44.17
1734699740, 8, 7, 10, 0, 0, 0.01%, 0, 0, 1, 44.15
1734699745, 8, 8, 10, 0, 0, 0.01%, 0, 0, 1, 43.95
1734699750, 8, 9, 10, 0, 0, 0.01%, 0, 0, 1, 45.13
1734699755, 9, 0, 10, 0, 0, 0.01%, 0, 0, 1, 44.99
1734699760, 9, 1, 10, 0, 0, 0.01%, 0, 0, 1, 46.02
1734699765, 9, 2, 10, 0, 0, 0.01%, 0, 0, 1, 43.97
1734699770, 9, 3, 10, 0, 0, 0.01%, 0, 0, 1, 44.32
1734699781, 9, 4, 10, 0, 0, 0.01%, 0, 0, 1, 43.30
1734699786, 9, 5, 10, 0, 0, 0.01%, 0, 0, 1, 43.31
1734699791, 9, 6, 10, 0, 0, 0.01%, 0, 0, 1, 45.16
1734699796, 9, 7, 10, 0, 0, 0.01%, 0, 0, 1, 44.36
1734699801, 9, 8, 10, 0, 0, 0.01%, 0, 0, 1, 44.54
1734699806, 9, 9, 10, 0, 0, 0.01%, 0, 0, 1, 45.08
1734699811, 10, 0, 10, 0, 0, 0.01%, 0, 0, 1, 44.11
1734699821, 10, 1, 10, 0, 0, 0.01%, 0, 0, 1, 44.08
1734699826, 10, 2, 10, 0, 0, 0.01%, 0, 0, 1, 45.62
1734699831, 10, 3, 10, 0, 0, 0.01%, 0, 0, 1, 44.88
1734699836, 10, 4, 10, 0, 0, 0.01%, 0, 0, 1, 45.64
1734699842, 10, 5, 10, 0, 0, 0.01%, 0, 0, 1, 42.98
1734699847, 10, 6, 10, 0, 0, 0.01%, 0, 0, 1, 44.30
1734699852, 10, 7, 10, 0, 0, 0.01%, 0, 0, 1, 43.19
1734699862, 10, 8, 10, 0, 0, 0.01%, 0, 0, 1, 45.04
1734699867, 10, 9, 10, 0, 0, 0.01%, 0, 0, 1, 44.20
1734699872, 11, 0, 10, 0, 0, 0.01%, 0, 0, 1, 45.05
1734699877, 11, 1, 10, 0, 0, 0.01%, 0, 0, 1, 44.91
1734699882, 11, 2, 10, 0, 0, 0.01%, 0, 0, 1, 44.79
1734699887, 11, 3, 10, 0, 0, 0.01%, 0, 0, 1, 45.81
1734699892, 11, 4, 10, 0, 0, 0.01%, 0, 0, 1, 45.63
1734699898, 11, 5, 10, 0, 0, 0.01%, 0, 0, 1, 46.82
1734699903, 11, 6, 10, 0, 0, 0.01%, 0, 0, 1, 46.58
1734699908, 11, 7, 10, 0, 0, 0.01%, 0, 0, 1, 45.25
1734699913, 11, 8, 10, 0, 0, 0.01%, 0, 0, 1, 46.29
1734699923, 11, 9, 10, 0, 0, 0.01%, 0, 0, 1, 44.71
1734699928, 12, 0, 10, 0, 0, 0.01%, 0, 0, 1, 45.91
1734699933, 12, 1, 10, 0, 0, 0.01%, 0, 0, 1, 46.11
1734699938, 12, 2, 10, 0, 0, 0.01%, 0, 0, 1, 45.34
1734699943, 12, 3, 10, 0, 0, 0.01%, 0, 0, 1, 45.89
1734699948, 12, 4, 10, 0, 0, 0.01%, 0, 0, 1, 46.86
1734699953, 12, 5, 10, 0, 0, 0.01%, 0, 0, 1, 47.72
1734699959, 12, 6, 10, 0, 0, 0.01%, 0, 0, 1, 46.41
1734699964, 12, 7, 10, 0, 0, 0.01%, 0, 0, 1, 45.74
1734699969, 12, 8, 10, 0, 0, 0.01%, 0, 0, 1, 46.15
1734699979, 12, 9, 10, 0, 0, 0.01%, 0, 0, 1, 46.34
1734699984, 13, 0, 10, 0, 0, 0.01%, 0, 0, 1, 45.27
1734699989, 13, 1, 10, 0, 0, 0.01%, 0, 0, 1, 46.12
1734699994, 13, 2, 10, 0, 0, 0.01%, 0, 0, 1, 44.27
1734699999, 13, 3, 10, 0, 0, 0.01%, 0, 0, 1, 46.22
1734700004, 13, 4, 10, 0, 0, 0.01%, 0, 0, 1, 46.02
1734700009, 13, 5, 10, 0, 0, 0.01%, 0, 0, 1, 46.18
1734700015, 13, 6, 10, 0, 0, 0.01%, 0, 0, 1, 46.02
1734700020, 13, 7, 10, 0, 0, 0.01%, 0, 0, 1, 45.62
1734700025, 13, 8, 10, 0, 0, 0.01%, 0, 0, 1, 45.96
1734700030, 13, 9, 10, 0, 0, 0.01%, 0, 0, 1, 46.71
1734700040, 14, 0, 10, 0, 0, 0.01%, 0, 0, 1, 47.03
1734700045, 14, 1, 10, 0, 0, 0.01%, 0, 0, 1, 47.05
1734700050, 14, 2, 10, 0, 0, 0.01%, 0, 0, 1, 46.99
1734700055, 14, 3, 10, 0, 0, 0.01%, 0, 0, 1, 47.81
1734700060, 14, 4, 10, 0, 0, 0.01%, 0, 0, 1, 45.89
1734700065, 14, 5, 10, 0, 0, 0.01%, 0, 0, 1, 44.38
1734700070, 14, 6, 10, 0, 0, 0.01%, 0, 0, 1, 45.65
1734700075, 14, 7, 10, 0, 0, 0.01%, 0, 0, 1, 46.61
1734700081, 14, 8, 10, 0, 0, 0.01%, 0, 0, 1, 47.34
1734700086, 14, 9, 10, 0, 0, 0.01%, 0, 0, 1, 47.38
1734700091, 15, 0, 10, 0, 0, 0.01%, 0, 0, 1, 46.84
1734700096, 15, 1, 10, 0, 0, 0.01%, 0, 0, 1, 46.46
1734700106, 15, 2, 10, 0, 0, 0.01%, 0, 0, 1, 45.18
1734700111, 15, 3, 10, 0, 0, 0.01%, 0, 0, 1, 45.05
1734700116, 15, 4, 10, 0, 0, 0.01%, 0, 0, 1, 40.16
1734700136, 15, 5, 10, 0, 0, 0.01%, 0, 0, 1, 42.54
1734700157, 15, 6, 10, 0, 0, 0.01%, 0, 0, 1, 42.72
1734700177, 15, 7, 10, 0, 0, 0.01%, 0, 0, 1, 43.80
1734700198, 15, 8, 10, 0, 0, 0.01%, 0, 0, 1, 44.58
1734700218, 15, 9, 10, 0, 0, 0.01%, 0, 0, 1, 45.17
1734700239, 16, 0, 10, 0, 0, 0.01%, 0, 0, 1, 47.40
1734700264, 16, 1, 10, 0, 0, 0.01%, 0, 0, 1, 39.32
1734700284, 16, 2, 10, 0, 0, 0.01%, 0, 0, 1, 46.31
1734700289, 16, 3, 10, 0, 0, 0.01%, 0, 0, 1, 46.98
1734700294, 16, 4, 10, 0, 0, 0.01%, 0, 0, 1, 45.90
1734700300, 16, 5, 10, 0, 0, 0.01%, 0, 0, 1, 46.11
1734700305, 16, 6, 10, 0, 0, 0.01%, 0, 0, 1, 47.17
1734700310, 16, 7, 10, 0, 0, 0.01%, 0, 0, 1, 46.16
1734700315, 16, 8, 10, 0, 0, 0.01%, 0, 0, 1, 45.79
1734700320, 16, 9, 10, 0, 0, 0.01%, 0, 0, 1, 47.54
1734700325, 17, 0, 10, 0, 0, 0.01%, 0, 0, 1, 46.13
1734700330, 17, 1, 10, 0, 0, 0.01%, 0, 0, 1, 46.55
1734700340, 17, 2, 10, 0, 0, 0.01%, 0, 0, 1, 44.47
1734700345, 17, 3, 10, 0, 0, 0.01%, 0, 0, 1, 46.79
1734700350, 17, 4, 10, 0, 0, 0.01%, 0, 0, 1, 46.56
1734700356, 17, 5, 10, 0, 0, 0.01%, 0, 0, 1, 46.88
1734700361, 17, 6, 10, 0, 0, 0.01%, 0, 0, 1, 47.70
1734700366, 17, 7, 10, 0, 0, 0.01%, 0, 0, 1, 46.64
1734700371, 17, 8, 10, 0, 0, 0.01%, 0, 0, 1, 47.22
1734700376, 17, 9, 10, 0, 0, 0.01%, 0, 0, 1, 44.64
1734700381, 18, 0, 10, 0, 0, 0.01%, 0, 0, 1, 45.12
1734700386, 18, 1, 10, 0, 0, 0.01%, 0, 0, 1, 46.29
1734700391, 18, 2, 10, 0, 0, 0.01%, 0, 0, 1, 46.71
1734700401, 18, 3, 10, 0, 0, 0.01%, 0, 0, 1, 45.90
1734700406, 18, 4, 10, 0, 0, 0.01%, 0, 0, 1, 44.68
1734700411, 18, 5, 10, 0, 0, 0.01%, 0, 0, 1, 45.31
1734700417, 18, 6, 10, 0, 0, 0.01%, 0, 0, 1, 46.57
1734700422, 18, 7, 10, 0, 0, 0.01%, 0, 0, 1, 45.87
1734700427, 18, 8, 10, 0, 0, 0.01%, 0, 0, 1, 47.07
1734700432, 18, 9, 10, 0, 0, 0.01%, 0, 0, 1, 46.84
1734700437, 19, 0, 10, 0, 0, 0.01%, 0, 0, 1, 47.77
1734700442, 19, 1, 10, 0, 0, 0.01%, 0, 0, 1, 49.11
1734700447, 19, 2, 10, 0, 0, 0.01%, 0, 0, 1, 47.88
1734700452, 19, 3, 10, 0, 0, 0.01%, 0, 0, 1, 45.20
1734700457, 19, 4, 10, 0, 0, 0.01%, 0, 0, 1, 46.49
1734700467, 19, 5, 10, 0, 0, 0.01%, 0, 0, 1, 45.47
1734700472, 19, 6, 10, 0, 0, 0.01%, 0, 0, 1, 45.22
1734700478, 19, 7, 10, 0, 0, 0.01%, 0, 0, 1, 44.82
1734700483, 19, 8, 10, 0, 0, 0.01%, 0, 0, 1, 46.09
1734700488, 19, 9, 10, 0, 0, 0.01%, 0, 0, 1, 45.72
1734700493, 20, 0, 10, 0, 0, 0.01%, 0, 0, 1, 45.75
1734700498, 20, 1, 10, 0, 0, 0.01%, 0, 0, 1, 45.80
1734700503, 20, 2, 10, 0, 0, 0.01%, 0, 0, 1, 46.09
1734700508, 20, 3, 10, 0, 0, 0.01%, 0, 0, 1, 47.08
1734700513, 20, 4, 10, 0, 0, 0.01%, 0, 0, 1, 47.79
1734700518, 20, 5, 10, 0, 0, 0.01%, 0, 0, 1, 48.11
1734700528, 20, 6, 10, 0, 0, 0.01%, 0, 0, 1, 46.32
1734700533, 20, 7, 10, 0, 0, 0.01%, 0, 0, 1, 45.07
1734700539, 20, 8, 10, 0, 0, 0.01%, 0, 0, 1, 47.34
1734700544, 20, 9, 10, 0, 0, 0.01%, 0, 0, 1, 45.24
1734700549, 21, 0, 10, 0, 0, 0.01%, 0, 0, 1, 45.34
1734700554, 21, 1, 10, 0, 0, 0.01%, 0, 0, 1, 45.18
1734700559, 21, 2, 10, 0, 0, 0.01%, 0, 0, 1, 46.73
1734700564, 21, 3, 10, 0, 0, 0.01%, 0, 0, 1, 44.73
1734700569, 21, 4, 10, 0, 0, 0.01%, 0, 0, 1, 45.41
1734700574, 21, 5, 10, 0, 0, 0.01%, 0, 0, 1, 45.33
1734700579, 21, 6, 10, 0, 0, 0.01%, 0, 0, 1, 45.61
1734700589, 21, 7, 10, 0, 0, 0.01%, 0, 0, 1, 47.60
1734700594, 21, 8, 10, 0, 0, 0.01%, 0, 0, 1, 47.96
1734700600, 21, 9, 10, 0, 0, 0.01%, 0, 0, 1, 46.70
1734700605, 22, 0, 10, 0, 0, 0.01%, 0, 0, 1, 46.66
1734700610, 22, 1, 10, 0, 0, 0.01%, 0, 0, 1, 47.42
1734700615, 22, 2, 10, 0, 0, 0.01%, 0, 0, 1, 45.46
1734700620, 22, 3, 10, 0, 0, 0.01%, 0, 0, 1, 46.14
1734700625, 22, 4, 10, 0, 0, 0.01%, 0, 0, 1, 44.46
1734700630, 22, 5, 10, 0, 0, 0.01%, 0, 0, 1, 45.27
1734700635, 22, 6, 10, 0, 0, 0.01%, 0, 0, 1, 45.35
1734700640, 22, 7, 10, 0, 0, 0.01%, 0, 0, 1, 46.86
1734700645, 22, 8, 10, 0, 0, 0.01%, 0, 0, 1, 46.36
1734700656, 22, 9, 10, 0, 0, 0.01%, 0, 0, 1, 45.66
1734700661, 23, 0, 10, 0, 0, 0.01%, 0, 0, 1, 46.93
1734700666, 23, 1, 10, 0, 0, 0.01%, 0, 0, 1, 45.46
1734700671, 23, 2, 10, 0, 0, 0.01%, 0, 0, 1, 45.12
1734700676, 23, 3, 10, 0, 0, 0.01%, 0, 0, 1, 46.77
1734700681, 23, 4, 10, 0, 0, 0.01%, 0, 0, 1, 46.23
1734700686, 23, 5, 10, 0, 0, 0.01%, 0, 0, 1, 46.34
1734700691, 23, 6, 10, 0, 0, 0.01%, 0, 0, 1, 48.16
1734700696, 23, 7, 10, 0, 0, 0.01%, 0, 0, 1, 48.37
1734700701, 23, 8, 10, 0, 0, 0.01%, 0, 0, 1, 48.12
1734700706, 23, 9, 10, 0, 0, 0.01%, 0, 0, 1, 48.02
1734700712, 24, 0, 10, 0, 0, 0.01%, 0, 0, 1, 47.32
1734700722, 24, 1, 11, 1, 0, 0.14%, 1, 0, 2, 46.69
1734700727, 24, 10, 13, 3, 1, 0.14%, 3, 0, 3, 65.07
1734700803, 24, 12, 13, 1, 1, 0.14%, 3, 0, 3, 68.49
1734700839, 24, 12, 14, 2, 1, 0.14%, 4, 0, 4, 51.16
1734700849, 24, 12, 15, 3, 1, 0.14%, 4, 0, 4, 48.73
1734700930, 24, 13, 16, 3, 2, 0.14%, 5, 0, 5, 81.37
1734700971, 24, 13, 17, 4, 2, 0.14%, 5, 0, 5, 52.76
1734700986, 24, 13, 18, 5, 2, 0.14%, 5, 0, 5, 56.02
1734701062, 24, 13, 19, 6, 2, 0.14%, 5, 0, 5, 49.92
1734701088, 24, 16, 19, 5, 2, 0.14%, 5, 0, 5, 48.64
1734701108, 24, 16, 20, 6, 2, 0.14%, 5, 0, 6, 60.55
1734701123, 24, 16, 22, 8, 2, 0.14%, 5, 0, 6, 53.11
1734701133, 24, 16, 23, 9, 2, 0.14%, 5, 0, 6, 52.49
1734701138, 24, 16, 24, 10, 2, 0.14%, 5, 0, 6, 55.30
1734701255, 24, 19, 24, 9, 1, 0.14%, 5, 0, 6, 67.63
1734701271, 24, 19, 25, 10, 1, 0.14%, 5, 0, 7, 101.80
1734701569, 24, 19, 27, 12, 1, 0.14%, 5, 0, 7, 86.52
1734701590, 24, 19, 29, 14, 1, 0.14%, 5, 0, 7, 73.68
1734701651, 24, 21, 29, 13, 1, 0.14%, 5, 0, 7, 55.59
1734701656, 24, 21, 30, 14, 1, 0.14%, 5, 0, 7, 94.30
1734701692, 24, 21, 31, 15, 1, 0.14%, 5, 0, 7, 56.91
1734701722, 24, 21, 32, 16, 1, 0.14%, 5, 0, 7, 55.75
1734701763, 24, 21, 33, 17, 1, 0.14%, 5, 0, 7, 57.89
1734701778, 24, 21, 34, 18, 1, 0.14%, 5, 0, 7, 56.03
1734701783, 25, 17, 34, 15, 0, 0.14%, 5, 0, 7, 81.23
1734701875, 25, 17, 35, 16, 0, 0.14%, 5, 0, 7, 58.22
1734701885, 25, 22, 35, 15, 1, 0.14%, 5, 0, 7, 38.75
1734703280, 25, 22, 36, 16, 1, 0.14%, 5, 0, 7, 111.08
1734703285, 25, 22, 37, 17, 1, 0.14%, 6, 0, 7, 95.85
1734703300, 25, 22, 38, 18, 1, 0.14%, 7, 0, 7, 90.21
1734703351, 25, 36, 38, 17, 2, 0.14%, 7, 0, 7, 42.87
1734704771, 25, 37, 38, 16, 1, 0.14%, 7, 0, 7, 60.18
1734704776, 26, 28, 38, 14, 0, 0.14%, 7, 0, 7, 69.59
1734704842, 26, 30, 38, 13, 0, 0.14%, 7, 0, 7, 45.09
1734707050, 26, 35, 38, 10, 0, 0.14%, 7, 0, 7, 41.56
1734707055, 27, 14, 38, 9, 0, 0.14%, 7, 0, 7, 82.70
1734707106, 27, 24, 38, 7, 0, 0.14%, 7, 0, 7, 46.26
1734707111, 28, 18, 38, 5, 0, 0.14%, 7, 0, 7, 82.45
1734707182, 28, 31, 38, 4, 0, 0.14%, 7, 0, 7, 73.35
1734707610, 29, 37, 38, 4, 0, 0.14%, 7, 0, 7, 86.50
1734707865, 32, 27, 38, 4, 0, 0.14%, 7, 0, 7, 52.48
1734708241, 32, 34, 38, 3, 0, 0.14%, 7, 0, 7, 54.23
1734708613, 37, 20, 38, 2, 0, 0.14%, 7, 0, 7, 47.34
1734709164, 41, 25, 38, 1, 0, 0.14%, 7, 0, 7, 73.63
1734709434, 42, 27, 38, 0, 0, 0.14%, 7, 0, 7, 68.19
1734709439, 43, 27, 38, 0, 0, 0.14%, 7, 0, 7, 80.41
1734709454, 44, 27, 38, 0, 0, 0.14%, 7, 0, 7, 76.24
1734709490, 45, 27, 38, 0, 0, 0.14%, 7, 0, 7, 80.85
1734709521, 46, 27, 38, 0, 0, 0.14%, 7, 0, 7, 87.47
1734709551, 47, 27, 38, 0, 0, 0.14%, 7, 0, 7, 76.10
1734709582, 49, 20, 38, 0, 0, 0.14%, 7, 0, 7, 72.78
1734709587, 50, 20, 38, 0, 0, 0.14%, 7, 0, 7, 71.87
1734709607, 51, 20, 38, 0, 0, 0.14%, 7, 0, 7, 73.58
1734709638, 52, 20, 38, 0, 0, 0.14%, 7, 0, 7, 63.64
1734709673, 62, 29, 38, 0, 0, 0.14%, 7, 0, 7, 66.18
1734709749, 67, 11, 38, 0, 0, 0.14%, 7, 0, 7, 75.90
1734709775, 71, 18, 38, 0, 0, 0.14%, 7, 0, 7, 63.78
1734709795, 72, 18, 38, 0, 0, 0.14%, 7, 0, 7, 70.32
1734709800, 75, 29, 38, 0, 0, 0.14%, 7, 0, 7, 65.90
1734709826, 81, 15, 38, 0, 0, 0.14%, 7, 0, 7, 85.82
1734709897, 83, 26, 38, 0, 0, 0.14%, 7, 0, 7, 93.01
1734709978, 88, 15, 38, 0, 0, 0.14%, 7, 0, 7, 67.99
1734710009, 91, 29, 38, 0, 0, 0.14%, 7, 0, 7, 60.76
1734710029, 94, 29, 38, 0, 0, 0.14%, 7, 0, 7, 60.84
1734710065, 95, 34, 38, 0, 0, 0.14%, 7, 0, 7, 70.57
1734710070, 99, 14, 38, 0, 0, 0.14%, 7, 0, 7, 68.68
1734710075, 99, 29, 38, 0, 0, 0.14%, 7, 0, 7, 64.55
1734710110, 106, 14, 38, 0, 0, 0.14%, 7, 0, 7, 59.16
1734710120, 107, 34, 38, 0, 0, 0.14%, 7, 0, 7, 61.79
1734710130, 110, 18, 38, 0, 0, 0.14%, 7, 0, 7, 65.77
1734710146, 115, 14, 38, 0, 0, 0.14%, 7, 0, 7, 60.44
1734710166, 116, 18, 38, 0, 0, 0.14%, 7, 0, 7, 70.87
1734710202, 116, 29, 38, 0, 0, 0.14%, 7, 0, 7, 70.61
1734710237, 122, 15, 38, 0, 0, 0.14%, 7, 0, 7, 68.96
1734710258, 123, 15, 38, 0, 0, 0.14%, 7, 0, 7, 66.06
1734710293, 124, 18, 38, 0, 0, 0.14%, 7, 0, 7, 62.24
1734710329, 125, 34, 38, 0, 0, 0.14%, 7, 0, 7, 67.73
1734710344, 127, 14, 38, 0, 0, 0.14%, 7, 0, 7, 68.98
1734710384, 131, 18, 38, 0, 0, 0.14%, 7, 0, 7, 65.36
1734710420, 134, 11, 38, 0, 0, 0.14%, 7, 0, 7, 60.39
1734710435, 135, 34, 38, 0, 0, 0.14%, 7, 0, 7, 66.26
1734710471, 136, 14, 38, 0, 0, 0.14%, 7, 0, 7, 63.48
1734710506, 138, 14, 38, 0, 0, 0.14%, 7, 0, 7, 65.62
1734710537, 143, 15, 38, 0, 0, 0.14%, 7, 0, 7, 67.85
1734710572, 146, 16, 38, 0, 0, 0.14%, 7, 0, 7, 66.74
1734710582, 146, 29, 38, 0, 0, 0.14%, 7, 0, 7, 64.82
1734710618, 147, 15, 38, 0, 0, 0.14%, 7, 0, 7, 55.52
1734710658, 152, 14, 38, 0, 0, 0.14%, 7, 0, 7, 61.27
1734710693, 153, 16, 38, 0, 0, 0.14%, 7, 0, 7, 64.01
1734710709, 157, 12, 38, 0, 0, 0.14%, 7, 0, 7, 64.06
1734710714, 158, 14, 38, 0, 0, 0.14%, 7, 0, 7, 61.03
1734710749, 162, 15, 38, 0, 0, 0.14%, 7, 0, 7, 66.04
1734710785, 164, 26, 38, 0, 0, 0.14%, 7, 0, 7, 67.21
1734710795, 165, 29, 38, 0, 0, 0.14%, 7, 0, 7, 70.04
1734710825, 165, 34, 38, 0, 0, 0.14%, 7, 0, 7, 73.08
1734710856, 166, 37, 38, 0, 0, 0.14%, 7, 0, 7, 69.63
1734710861, 167, 15, 38, 0, 0, 0.14%, 7, 0, 7, 64.17
1734710896, 170, 12, 38, 0, 0, 0.14%, 7, 0, 7, 63.50
1734710906, 170, 31, 38, 0, 0, 0.14%, 7, 0, 7, 64.86
1734710911, 171, 16, 38, 0, 0, 0.14%, 7, 0, 7, 59.15
1734710942, 171, 31, 38, 0, 0, 0.14%, 7, 0, 7, 67.99
1734710952, 173, 16, 38, 0, 0, 0.14%, 7, 0, 7, 64.04
1734710987, 174, 14, 38, 0, 0, 0.14%, 7, 0, 7, 61.32
1734711023, 174, 15, 38, 0, 0, 0.14%, 7, 0, 7, 62.35
1734711059, 175, 29, 38, 0, 0, 0.14%, 7, 0, 7, 70.95
1734711094, 175, 31, 38, 0, 0, 0.14%, 7, 0, 7, 74.04
1734711120, 176, 12, 38, 0, 0, 0.14%, 7, 0, 7, 60.47
1734711135, 177, 10, 38, 0, 0, 0.14%, 7, 0, 7, 58.11
1734711140, 178, 37, 38, 0, 0, 0.14%, 7, 0, 7, 71.68
1734711150, 179, 10, 38, 0, 0, 0.14%, 7, 0, 7, 61.23
1734711155, 181, 11, 38, 0, 0, 0.14%, 7, 0, 7, 62.39
1734711160, 181, 15, 38, 0, 0, 0.14%, 7, 0, 7, 65.95
1734711196, 182, 15, 38, 0, 0, 0.14%, 7, 0, 7, 57.91
1734711231, 182, 34, 38, 0, 0, 0.14%, 7, 0, 7, 68.13
1734711262, 184, 37, 38, 0, 0, 0.14%, 7, 0, 7, 65.66
1734711282, 185, 18, 38, 0, 0, 0.14%, 7, 0, 7, 65.09
1734711313, 185, 26, 38, 0, 0, 0.14%, 7, 0, 7, 61.91
1734711328, 188, 12, 38, 0, 0, 0.14%, 7, 0, 7, 59.99
1734711358, 191, 26, 38, 0, 0, 0.14%, 7, 0, 7, 73.63
1734711384, 191, 28, 38, 0, 0, 0.14%, 7, 0, 7, 73.40
1734711389, 191, 29, 38, 0, 0, 0.14%, 7, 0, 7, 63.87
1734711425, 193, 15, 38, 0, 0, 0.14%, 7, 0, 7, 70.55
1734711465, 193, 26, 38, 0, 0, 0.14%, 7, 0, 7, 69.71
1734711495, 194, 11, 38, 0, 0, 0.14%, 7, 0, 7, 57.54
1734711506, 194, 18, 38, 0, 0, 0.14%, 7, 0, 7, 63.90
1734711541, 195, 18, 38, 0, 0, 0.14%, 7, 0, 7, 68.72
1734711576, 195, 34, 38, 0, 0, 0.14%, 7, 0, 7, 68.06
1734711612, 197, 11, 38, 0, 0, 0.14%, 7, 0, 7, 63.86
1734711632, 197, 26, 38, 0, 0, 0.14%, 7, 0, 7, 71.02
1734711668, 197, 34, 38, 0, 0, 0.14%, 7, 0, 7, 70.05
1734711698, 199, 19, 38, 0, 0, 0.14%, 7, 0, 7, 70.11
1734711703, 200, 31, 38, 0, 0, 0.14%, 7, 0, 7, 71.45
1734711738, 202, 10, 38, 0, 0, 0.14%, 7, 0, 7, 64.91
1734711748, 203, 18, 38, 0, 0, 0.14%, 7, 0, 7, 60.45
1734711789, 205, 10, 38, 0, 0, 0.14%, 7, 0, 7, 59.44
1734711809, 205, 21, 38, 0, 0, 0.14%, 7, 0, 7, 66.26
1734711820, 206, 23, 38, 0, 0, 0.14%, 7, 0, 7, 96.82
1734711876, 209, 12, 38, 0, 0, 0.14%, 7, 0, 7, 61.24
1734711911, 210, 28, 38, 0, 0, 0.14%, 7, 0, 7, 62.50
1734711926, 210, 31, 38, 0, 0, 0.14%, 7, 0, 7, 65.78
1734711962, 211, 11, 38, 0, 0, 0.14%, 7, 0, 7, 55.88
1734711992, 217, 26, 38, 0, 0, 0.14%, 7, 0, 7, 64.05
1734712028, 221, 18, 38, 0, 0, 0.14%, 7, 0, 7, 57.43
1734712064, 221, 26, 38, 0, 0, 0.14%, 7, 0, 7, 66.72
1734712094, 222, 18, 38, 0, 0, 0.14%, 7, 0, 7, 88.17
1734712099, 222, 32, 38, 0, 0, 0.14%, 7, 0, 7, 68.99
1734712145, 223, 16, 38, 0, 0, 0.14%, 7, 0, 7, 63.28
1734712180, 227, 37, 38, 0, 0, 0.14%, 7, 0, 7, 74.14
1734712216, 228, 16, 38, 0, 0, 0.14%, 7, 0, 7, 62.20
1734712251, 228, 19, 38, 0, 0, 0.14%, 7, 0, 7, 62.29
1734712271, 231, 21, 38, 0, 0, 0.14%, 7, 0, 7, 66.87
1734712286, 234, 21, 38, 0, 0, 0.14%, 7, 0, 7, 67.47
1734712317, 235, 19, 38, 0, 0, 0.14%, 7, 0, 7, 72.68
1734712352, 237, 36, 38, 0, 0, 0.14%, 7, 0, 7, 68.27
1734712358, 239, 28, 38, 0, 0, 0.14%, 7, 0, 7, 68.34
1734712393, 239, 37, 38, 0, 0, 0.14%, 7, 0, 7, 70.54
1734712424, 242, 37, 38, 0, 0, 0.14%, 7, 0, 7, 74.00
1734712454, 243, 24, 38, 0, 0, 0.14%, 7, 0, 7, 78.85
1734712831, 243, 32, 38, 0, 0, 0.14%, 7, 0, 7, 63.79
1734712836, 246, 29, 38, 0, 0, 0.14%, 7, 0, 7, 66.89
1734712871, 248, 10, 38, 0, 0, 0.14%, 7, 0, 7, 60.75
1734712907, 248, 19, 38, 0, 0, 0.14%, 7, 0, 7, 77.96
1734712942, 249, 25, 38, 0, 0, 0.14%, 7, 0, 7, 63.14
1734712947, 251, 28, 38, 0, 0, 0.14%, 7, 0, 7, 71.82
1734712983, 254, 32, 38, 0, 0, 0.14%, 7, 0, 7, 64.63
1734713003, 255, 11, 38, 0, 0, 0.14%, 7, 0, 7, 60.85
1734713043, 256, 25, 38, 0, 0, 0.14%, 7, 0, 7, 75.00
1734713059, 257, 25, 38, 0, 0, 0.14%, 7, 0, 7, 77.27
1734713089, 258, 21, 38, 0, 0, 0.14%, 7, 0, 7, 70.56
1734713125, 259, 21, 38, 0, 0, 0.14%, 7, 0, 7, 63.96
1734713160, 260, 22, 38, 0, 0, 0.14%, 7, 0, 7, 62.06
1734713170, 261, 11, 38, 0, 0, 0.14%, 7, 0, 7, 61.49
1734713205, 264, 22, 38, 0, 0, 0.14%, 7, 0, 7, 83.14
1734713226, 269, 11, 38, 0, 0, 0.14%, 7, 0, 7, 55.72
1734713261, 269, 12, 38, 0, 0, 0.14%, 7, 0, 7, 59.22
1734713297, 272, 23, 38, 0, 0, 0.14%, 7, 0, 7, 70.22
1734713302, 272, 37, 38, 0, 0, 0.14%, 7, 0, 7, 80.92
1734713338, 273, 35, 38, 0, 0, 0.14%, 7, 0, 7, 104.73
1734713694, 275, 16, 38, 0, 0, 0.14%, 7, 0, 7, 65.04
1734713729, 276, 18, 38, 0, 0, 0.14%, 7, 0, 7, 68.42
1734713734, 276, 21, 38, 0, 0, 0.14%, 7, 0, 7, 64.58
1734713770, 276, 25, 38, 0, 0, 0.14%, 7, 0, 7, 71.00
1734713806, 276, 30, 38, 0, 0, 0.14%, 7, 0, 7, 66.21
1734713811, 277, 29, 38, 0, 0, 0.14%, 7, 0, 7, 65.65
1734713846, 278, 25, 38, 0, 0, 0.14%, 7, 0, 7, 74.77
1734713877, 279, 12, 38, 0, 0, 0.14%, 7, 0, 7, 66.37
1734713912, 280, 25, 38, 0, 0, 0.14%, 7, 0, 7, 65.35
1734713948, 282, 19, 38, 0, 0, 0.14%, 7, 0, 7, 78.35
1734713984, 284, 12, 38, 0, 0, 0.14%, 7, 0, 7, 65.59
1734714014, 289, 26, 38, 0, 0, 0.14%, 7, 0, 7, 68.35
1734714055, 289, 30, 38, 0, 0, 0.14%, 7, 0, 7, 72.25
1734714065, 292, 29, 38, 0, 0, 0.14%, 7, 0, 7, 62.90
1734714070, 293, 10, 38, 0, 0, 0.14%, 7, 0, 7, 64.10
1734714110, 295, 32, 38, 0, 0, 0.14%, 7, 0, 7, 61.81
1734714146, 296, 10, 38, 0, 0, 0.14%, 7, 0, 7, 66.32
1734714181, 296, 32, 38, 0, 0, 0.14%, 7, 0, 7, 64.94
1734714216, 297, 19, 38, 0, 0, 0.14%, 7, 0, 7, 76.06
1734714247, 297, 28, 38, 0, 0, 0.14%, 7, 0, 7, 67.34
1734714282, 298, 17, 38, 0, 0, 0.14%, 7, 0, 7, 65.91
1734714287, 301, 18, 38, 0, 0, 0.14%, 7, 0, 7, 64.09
1734714292, 301, 28, 38, 0, 0, 0.14%, 7, 0, 7, 65.33
1734714323, 301, 29, 38, 0, 0, 0.14%, 7, 0, 7, 65.10
1734714333, 302, 36, 38, 0, 0, 0.14%, 7, 0, 7, 73.84
1734714343, 303, 18, 38, 0, 0, 0.14%, 7, 0, 7, 62.52
1734714348, 303, 26, 38, 0, 0, 0.14%, 7, 0, 7, 65.53
1734714378, 304, 21, 38, 0, 0, 0.14%, 7, 0, 7, 72.31
1734714414, 305, 26, 38, 0, 0, 0.14%, 7, 0, 7, 73.00
1734714449, 305, 32, 38, 0, 0, 0.14%, 7, 0, 7, 66.89
1734714485, 306, 12, 38, 0, 0, 0.14%, 7, 0, 7, 55.55
1734714520, 306, 36, 38, 0, 0, 0.14%, 7, 0, 7, 83.27
1734714541, 308, 36, 38, 0, 0, 0.14%, 7, 0, 7, 87.86
1734714566, 309, 11, 38, 0, 0, 0.14%, 7, 0, 7, 73.18
1734714607, 312, 17, 38, 0, 0, 0.14%, 7, 0, 7, 68.24
1734714612, 313, 16, 38, 0, 0, 0.14%, 7, 0, 7, 63.76
1734714647, 316, 18, 38, 0, 0, 0.14%, 7, 0, 7, 65.91
1734714652, 318, 32, 38, 0, 0, 0.14%, 7, 0, 7, 64.26
1734714688, 319, 22, 38, 0, 0, 0.14%, 7, 0, 7, 75.15
1734714718, 320, 29, 38, 0, 0, 0.14%, 7, 0, 7, 76.39
1734714728, 324, 16, 38, 0, 0, 0.14%, 7, 0, 7, 66.31
1734714764, 324, 18, 38, 0, 0, 0.14%, 7, 0, 7, 70.66
1734714769, 330, 29, 38, 0, 0, 0.14%, 7, 0, 7, 66.43
1734714774, 334, 29, 38, 0, 0, 0.14%, 7, 0, 7, 67.85
1734714779, 345, 22, 38, 0, 0, 0.14%, 7, 0, 7, 74.04
1734714815, 348, 13, 38, 0, 0, 0.14%, 7, 0, 7, 64.91
1734714820, 350, 23, 38, 0, 0, 0.14%, 7, 0, 7, 73.16
1734714830, 350, 29, 38, 0, 0, 0.14%, 7, 0, 7, 66.38
1734714840, 354, 18, 38, 0, 0, 0.14%, 7, 0, 7, 64.73
1734714845, 354, 23, 38, 0, 0, 0.14%, 7, 0, 7, 71.65
1734714875, 354, 29, 38, 0, 0, 0.14%, 7, 0, 7, 70.11
1734714880, 358, 23, 38, 0, 0, 0.14%, 7, 0, 7, 68.64
1734714921, 359, 23, 38, 0, 0, 0.14%, 7, 0, 7, 69.06
1734714957, 361, 13, 38, 0, 0, 0.14%, 7, 0, 7, 61.52
1734714962, 363, 17, 38, 0, 0, 0.14%, 7, 0, 7, 66.98
1734714987, 366, 11, 38, 0, 0, 0.14%, 7, 0, 7, 60.16
1734715022, 366, 29, 38, 0, 0, 0.14%, 7, 0, 7, 63.89
1734715027, 367, 23, 38, 0, 0, 0.14%, 7, 0, 7, 68.28
1734715063, 368, 17, 38, 0, 0, 0.14%, 7, 0, 7, 59.82
1734715098, 369, 23, 38, 0, 0, 0.14%, 7, 0, 7, 70.28
1734715134, 369, 35, 38, 0, 0, 0.14%, 7, 0, 7, 64.85
1734715139, 373, 35, 38, 0, 0, 0.14%, 7, 0, 7, 75.80
1734715154, 374, 11, 38, 0, 0, 0.14%, 7, 0, 7, 56.96
1734715190, 375, 35, 38, 0, 0, 0.14%, 7, 0, 7, 79.42
1734715210, 382, 23, 38, 0, 0, 0.14%, 7, 0, 7, 74.66
1734715246, 382, 29, 38, 0, 0, 0.14%, 7, 0, 7, 71.11
1734715251, 384, 13, 38, 0, 0, 0.14%, 7, 0, 7, 67.85
1734715271, 384, 33, 38, 0, 0, 0.14%, 7, 0, 7, 78.25
1734715363, 389, 17, 38, 0, 0, 0.14%, 7, 0, 7, 65.16
1734715398, 394, 33, 38, 0, 0, 0.14%, 7, 0, 7, 68.21
1734715409, 397, 35, 38, 0, 0, 0.14%, 7, 0, 7, 67.50
1734715444, 418, 17, 38, 0, 0, 0.14%, 7, 0, 7, 70.27
1734715480, 425, 18, 38, 0, 0, 0.14%, 7, 0, 7, 65.65
1734715485, 438, 13, 38, 0, 0, 0.14%, 7, 0, 7, 63.09
1734715515, 438, 24, 38, 0, 0, 0.14%, 7, 0, 7, 67.53
1734715521, 444, 35, 38, 0, 0, 0.14%, 7, 0, 7, 70.88
1734715556, 448, 13, 38, 0, 0, 0.14%, 7, 0, 7, 61.34
1734715587, 449, 17, 38, 0, 0, 0.14%, 7, 0, 7, 64.07
1734715622, 456, 18, 38, 0, 0, 0.14%, 7, 0, 7, 60.31
1734715628, 457, 18, 38, 0, 0, 0.14%, 7, 0, 7, 64.58
1734715633, 465, 24, 38, 0, 0, 0.14%, 7, 0, 7, 78.67
1734715643, 466, 35, 38, 0, 0, 0.14%, 7, 0, 7, 78.28
1734715673, 467, 18, 38, 0, 0, 0.14%, 7, 0, 7, 64.22
1734715678, 468, 24, 38, 0, 0, 0.14%, 7, 0, 7, 71.58
1734715704, 476, 17, 38, 0, 0, 0.14%, 7, 0, 7, 64.01
1734715734, 479, 17, 38, 0, 0, 0.14%, 7, 0, 7, 69.31
1734715770, 482, 13, 38, 0, 0, 0.14%, 7, 0, 7, 56.51
1734715805, 483, 13, 38, 0, 0, 0.14%, 7, 0, 7, 59.62
1734715841, 483, 17, 38, 0, 0, 0.14%, 7, 0, 7, 66.93
1734715876, 492, 13, 38, 0, 0, 0.14%, 7, 0, 7, 62.78
1734715907, 505, 18, 38, 0, 0, 0.14%, 7, 0, 7, 64.14
1734715912, 509, 24, 38, 0, 0, 0.14%, 7, 0, 7, 66.46
1734715948, 516, 24, 38, 0, 0, 0.14%, 7, 0, 7, 87.14
1734715978, 519, 24, 38, 0, 0, 0.14%, 7, 0, 7, 81.58
1734716009, 521, 18, 38, 0, 0, 0.14%, 7, 0, 7, 69.49
1734716014, 529, 24, 38, 0, 0, 0.14%, 7, 0, 7, 69.10
1734716050, 541, 18, 38, 0, 0, 0.14%, 7, 0, 7, 67.86
1734716055, 554, 18, 38, 0, 0, 0.14%, 7, 0, 7, 63.81
1734716060, 568, 18, 38, 0, 0, 0.14%, 7, 0, 7, 60.43
1734716065, 575, 18, 38, 0, 0, 0.14%, 7, 0, 7, 63.32
1734716070, 578, 18, 38, 0, 0, 0.14%, 7, 0, 7, 65.87
1734716075, 585, 18, 38, 0, 0, 0.14%, 7, 0, 7, 65.69
1734716080, 618, 18, 38, 0, 0, 0.14%, 7, 0, 7, 65.05
1734716085, 641, 18, 38, 0, 0, 0.14%, 7, 0, 7, 66.43
1734716090, 652, 18, 38, 0, 0, 0.14%, 7, 0, 7, 67.92
1734716095, 665, 18, 38, 0, 0, 0.14%, 7, 0, 7, 66.09
1734716101, 680, 18, 38, 0, 0, 0.14%, 7, 0, 7, 67.02
1734716106, 689, 18, 38, 0, 0, 0.14%, 7, 0, 7, 65.65
1734716111, 753, 18, 38, 0, 0, 0.14%, 7, 0, 7, 66.14
1734716116, 6751, 0, 38, 0, 0, 0.14%, 7, 0, 7, 0.00
1734716121, 23438, 0, 38, 0, 0, 0.14%, 7, 0, 7, 0.00
1734716126, 40048, 0, 38, 0, 0, 0.14%, 7, 0, 7, 0.00
1734716131, 56721, 0, 38, 0, 0, 0.14%, 7, 0, 7, 0.00
1734716137, 73404, 0, 38, 0, 0, 0.14%, 7, 0, 7, 0.00
1734716142, 90049, 0, 38, 0, 0, 0.14%, 7, 0, 7, 0.00
1734716147, 106706, 0, 38, 0, 0, 0.14%, 7, 0, 7, 0.00
1734716152, 123392, 0, 38, 0, 0, 0.14%, 7, 0, 7, 0.00
1734716157, 140036, 0, 38, 0, 0, 0.14%, 7, 0, 7, 0.00
1734716163, 156705, 0, 38, 0, 0, 0.14%, 7, 0, 7, 0.00
1734716168, 173332, 0, 38, 0, 0, 0.14%, 7, 0, 7, 0.00
1734716173, 189922, 0, 38, 0, 0, 0.14%, 7, 0, 7, 0.00
1734716178, 206536, 0, 38, 0, 0, 0.14%, 7, 0, 7, 0.00
1734716183, 223208, 0, 38, 0, 0, 0.14%, 7, 0, 7, 0.00
1734716189, 239817, 0, 38, 0, 0, 0.14%, 7, 0, 7, 0.00
1734716194, 256492, 0, 38, 0, 0, 0.14%, 7, 0, 7, 0.00
1734716199, 273066, 0, 38, 0, 0, 0.14%, 7, 0, 7, 0.00
1734716204, 289699, 0, 38, 0, 0, 0.14%, 7, 0, 7, 0.00
1734716209, 306356, 0, 38, 0, 0, 0.14%, 7, 0, 7, 0.00
1734716215, 322949, 0, 38, 0, 0, 0.14%, 7, 0, 7, 0.00
1734716220, 339582, 0, 38, 0, 0, 0.14%, 7, 0, 7, 0.00
1734716225, 356219, 0, 38, 0, 0, 0.14%, 7, 0, 7, 0.00
1734716230, 372903, 0, 38, 0, 0, 0.14%, 7, 0, 7, 0.00
1734716235, 389455, 0, 38, 0, 0, 0.14%, 7, 0, 7, 0.00
1734716241, 406099, 0, 38, 0, 0, 0.14%, 7, 0, 7, 0.00
1734716246, 422811, 0, 38, 0, 0, 0.14%, 7, 0, 7, 0.00
1734716251, 439404, 0, 38, 0, 0, 0.14%, 7, 0, 7, 0.00
1734716256, 456037, 0, 38, 0, 0, 0.14%, 7, 0, 7, 0.00
1734716261, 472697, 0, 38, 0, 0, 0.14%, 7, 0, 7, 0.00
1734716267, 489303, 0, 38, 0, 0, 0.14%, 7, 0, 7, 0.00
1734716272, 505958, 0, 38, 0, 0, 0.14%, 7, 0, 7, 0.00
1734716277, 522654, 0, 38, 0, 0, 0.14%, 7, 0, 7, 0.00
1734716282, 539284, 0, 38, 0, 0, 0.14%, 7, 0, 7, 0.00
1734716287, 555964, 0, 38, 0, 0, 0.14%, 7, 0, 7, 0.00
1734716293, 572656, 0, 38, 0, 0, 0.14%, 7, 0, 7, 0.00
1734716298, 589303, 0, 38, 0, 0, 0.14%, 7, 0, 7, 0.00
1734716303, 605845, 0, 38, 0, 0, 0.14%, 7, 0, 7, 0.00
1734716308, 622488, 0, 38, 0, 0, 0.14%, 7, 0, 7, 0.00
1734716313, 639063, 0, 38, 0, 0, 0.14%, 7, 0, 7, 0.00
1734716319, 655660, 0, 38, 0, 0, 0.14%, 7, 0, 7, 0.00
1734716324, 672314, 0, 38, 0, 0, 0.14%, 7, 0, 7, 0.00
1734716329, 688947, 0, 38, 0, 0, 0.14%, 7, 0, 7, 0.00
1734716334, 705646, 0, 38, 0, 0, 0.14%, 7, 0, 7, 0.00
1734716339, 722288, 0, 38, 0, 0, 0.14%, 7, 0, 7, 0.00
1734716345, 738944, 0, 38, 0, 0, 0.14%, 7, 0, 7, 0.00
1734716350, 755648, 0, 38, 0, 0, 0.14%, 7, 0, 7, 0.00
1734716355, 772301, 0, 38, 0, 0, 0.14%, 7, 0, 7, 0.00
1734716360, 788943, 0, 38, 0, 0, 0.14%, 7, 0, 7, 0.00
1734716365, 805637, 0, 38, 0, 0, 0.14%, 7, 0, 7, 0.00
1734716371, 822242, 0, 38, 0, 0, 0.14%, 7, 0, 7, 0.00
1734716376, 838958, 0, 38, 0, 0, 0.14%, 7, 0, 7, 0.00
1734716381, 855517, 0, 38, 0, 0, 0.14%, 7, 0, 7, 0.00
1734716386, 872051, 0, 38, 0, 0, 0.14%, 7, 0, 7, 0.00
1734716391, 888732, 0, 38, 0, 0, 0.14%, 7, 0, 7, 0.00
1734716397, 905295, 0, 38, 0, 0, 0.14%, 7, 0, 7, 0.00
1734716402, 921916, 0, 38, 0, 0, 0.14%, 7, 0, 7, 0.00
1734716407, 938581, 0, 38, 0, 0, 0.14%, 7, 0, 7, 0.00
1734716412, 955180, 0, 38, 0, 0, 0.14%, 7, 0, 7, 0.00
1734716417, 971788, 0, 38, 0, 0, 0.14%, 7, 0, 7, 0.00
1734716423, 988448, 0, 38, 0, 0, 0.14%, 7, 0, 7, 0.00
1734716428, 1005088, 0, 38, 0, 0, 0.14%, 7, 0, 7, 0.00
1734716433, 1021689, 0, 38, 0, 0, 0.14%, 7, 0, 7, 0.00
1734716438, 1038311, 0, 38, 0, 0, 0.14%, 7, 0, 7, 0.00
1734716443, 1054971, 0, 38, 0, 0, 0.14%, 7, 0, 7, 0.00
1734716449, 1071631, 0, 38, 0, 0, 0.14%, 7, 0, 7, 0.00
1734716454, 1088171, 0, 38, 0, 0, 0.14%, 7, 0, 7, 0.00
1734716459, 1104799, 0, 38, 0, 0, 0.14%, 7, 0, 7, 0.00
1734716464, 1121438, 0, 38, 0, 0, 0.14%, 7, 0, 7, 0.00
1734716469, 1138034, 0, 38, 0, 0, 0.14%, 7, 0, 7, 0.00
1734716475, 1154728, 0, 38, 0, 0, 0.14%, 7, 0, 7, 0.00
1734716480, 1171380, 0, 38, 0, 0, 0.14%, 7, 0, 7, 0.00
1734716485, 1188014, 0, 38, 0, 0, 0.14%, 7, 0, 7, 0.00
1734716490, 1204651, 0, 38, 0, 0, 0.14%, 7, 0, 7, 0.00
1734716495, 1221318, 0, 38, 0, 0, 0.14%, 7, 0, 7, 0.00
1734716501, 1237976, 0, 38, 0, 0, 0.14%, 7, 0, 7, 0.00
1734716506, 1254665, 0, 38, 0, 0, 0.14%, 7, 0, 7, 0.00
1734716511, 1271398, 0, 38, 0, 0, 0.14%, 7, 0, 7, 0.00
1734716516, 1288026, 0, 38, 0, 0, 0.14%, 7, 0, 7, 0.00
1734716521, 1304604, 0, 38, 0, 0, 0.14%, 7, 0, 7, 0.00
1734716527, 1321234, 0, 38, 0, 0, 0.14%, 7, 0, 7, 0.00
1734716532, 1337884, 0, 38, 0, 0, 0.14%, 7, 0, 7, 0.00
1734716537, 1354466, 0, 38, 0, 0, 0.14%, 7, 0, 7, 0.00
1734716542, 1371091, 0, 38, 0, 0, 0.14%, 7, 0, 7, 0.00
1734716547, 1387783, 0, 38, 0, 0, 0.14%, 7, 0, 7, 0.00
1734716553, 1404421, 0, 38, 0, 0, 0.14%, 7, 0, 7, 0.00
1734716558, 1421094, 0, 38, 0, 0, 0.14%, 7, 0, 7, 0.00
1734716563, 1437698, 0, 38, 0, 0, 0.14%, 7, 0, 7, 0.00
1734716568, 1454366, 0, 38, 0, 0, 0.14%, 7, 0, 7, 0.00
1734716573, 1471004, 0, 38, 0, 0, 0.14%, 7, 0, 7, 0.00
1734716579, 1487649, 0, 38, 0, 0, 0.14%, 7, 0, 7, 0.00
1734716584, 1504260, 0, 38, 0, 0, 0.14%, 7, 0, 7, 0.00
1734716589, 1520959, 0, 38, 0, 0, 0.14%, 7, 0, 7, 0.00
1734716594, 1537534, 0, 38, 0, 0, 0.14%, 7, 0, 7, 0.00
1734716599, 1554253, 0, 38, 0, 0, 0.14%, 7, 0, 7, 0.00
1734716605, 1570949, 0, 38, 0, 0, 0.14%, 7, 0, 7, 0.00
1734716610, 1587579, 0, 38, 0, 0, 0.14%, 7, 0, 7, 0.00
1734716615, 1604139, 0, 38, 0, 0, 0.14%, 7, 0, 7, 0.00
1734716620, 1620778, 0, 38, 0, 0, 0.14%, 7, 0, 7, 0.00
1734716625, 1637414, 0, 38, 0, 0, 0.14%, 7, 0, 7, 0.00
1734716631, 1654019, 0, 38, 0, 0, 0.14%, 7, 0, 7, 0.00
1734716636, 1670636, 0, 38, 0, 0, 0.14%, 7, 0, 7, 0.00
1734716641, 1687176, 0, 38, 0, 0, 0.14%, 7, 0, 7, 0.00
1734716646, 1703833, 0, 38, 0, 0, 0.14%, 7, 0, 7, 0.00
1734716651, 1720450, 0, 38, 0, 0, 0.14%, 7, 0, 7, 0.00
1734716657, 1737078, 0, 38, 0, 0, 0.14%, 7, 0, 7, 0.00
1734716662, 1753701, 0, 38, 0, 0, 0.14%, 7, 0, 7, 0.00
1734716667, 1770357, 0, 38, 0, 0, 0.14%, 7, 0, 7, 0.00
1734716672, 1786961, 0, 38, 0, 0, 0.14%, 7, 0, 7, 0.00
1734716677, 1803563, 0, 38, 0, 0, 0.14%, 7, 0, 7, 0.00
1734716683, 1820158, 0, 38, 0, 0, 0.14%, 7, 0, 7, 0.00
1734716688, 1836856, 0, 38, 0, 0, 0.14%, 7, 0, 7, 0.00
1734716693, 1853556, 0, 38, 0, 0, 0.14%, 7, 0, 7, 0.00
1734716698, 1870135, 0, 38, 0, 0, 0.14%, 7, 0, 7, 0.00
1734716703, 1886808, 0, 38, 0, 0, 0.14%, 7, 0, 7, 0.00
1734716709, 1903335, 0, 38, 0, 0, 0.14%, 7, 0, 7, 0.00
1734716714, 1920001, 0, 38, 0, 0, 0.14%, 7, 0, 7, 0.00
1734716719, 1936627, 0, 38, 0, 0, 0.14%, 7, 0, 7, 0.00
1734716724, 1953300, 0, 38, 0, 0, 0.14%, 7, 0, 7, 0.00
1734716729, 1969906, 0, 38, 0, 0, 0.14%, 7, 0, 7, 0.00
1734716735, 1986491, 0, 38, 0, 0, 0.14%, 7, 0, 7, 0.00
1734716740, 2003151, 0, 38, 0, 0, 0.14%, 7, 0, 7, 0.00
1734716745, 2019698, 0, 38, 0, 0, 0.14%, 7, 0, 7, 0.00
1734716750, 2036313, 0, 38, 0, 0, 0.14%, 7, 0, 7, 0.00
1734716755, 2052959, 0, 38, 0, 0, 0.14%, 7, 0, 7, 0.00
1734716761, 2069661, 0, 38, 0, 0, 0.14%, 7, 0, 7, 0.00
1734716766, 2086279, 0, 38, 0, 0, 0.14%, 7, 0, 7, 0.00
1734716771, 2102934, 0, 38, 0, 0, 0.14%, 7, 0, 7, 0.00
1734716776, 2119583, 0, 38, 0, 0, 0.14%, 7, 0, 7, 0.00
1734716781, 2136278, 0, 38, 0, 0, 0.14%, 7, 0, 7, 0.00
1734716787, 2152919, 0, 38, 0, 0, 0.14%, 7, 0, 7, 0.00
1734716792, 2169523, 0, 38, 0, 0, 0.14%, 7, 0, 7, 0.00
1734716797, 2186197, 0, 38, 0, 0, 0.14%, 7, 0, 7, 0.00
1734716802, 2202866, 0, 38, 0, 0, 0.14%, 7, 0, 7, 0.00
1734716807, 2219530, 0, 38, 0, 0, 0.14%, 7, 0, 7, 0.00
1734716813, 2236219, 0, 38, 0, 0, 0.14%, 7, 0, 7, 0.00
1734716818, 2252878, 0, 38, 0, 0, 0.14%, 7, 0, 7, 0.00
1734716823, 2269510, 0, 38, 0, 0, 0.14%, 7, 0, 7, 0.00
1734716828, 2286118, 0, 38, 0, 0, 0.14%, 7, 0, 7, 0.00
1734716833, 2302688, 0, 38, 0, 0, 0.14%, 7, 0, 7, 0.00
1734716839, 2319288, 0, 38, 0, 0, 0.14%, 7, 0, 7, 0.00
1734716844, 2335973, 0, 38, 0, 0, 0.14%, 7, 0, 7, 0.00
1734716849, 2352569, 0, 38, 0, 0, 0.14%, 7, 0, 7, 0.00
1734716854, 2369274, 0, 38, 0, 0, 0.14%, 7, 0, 7, 0.00
1734716859, 2385924, 0, 38, 0, 0, 0.14%, 7, 0, 7, 0.00
1734716865, 2402604, 0, 38, 0, 0, 0.14%, 7, 0, 7, 0.00
1734716870, 2419269, 0, 38, 0, 0, 0.14%, 7, 0, 7, 0.00
1734716875, 2435938, 0, 38, 0, 0, 0.14%, 7, 0, 7, 0.00
1734716880, 2452520, 0, 38, 0, 0, 0.14%, 7, 0, 7, 0.00
1734716885, 2469134, 0, 38, 0, 0, 0.14%, 7, 0, 7, 0.00
1734716891, 2485783, 0, 38, 0, 0, 0.14%, 7, 0, 7, 0.00
1734716896, 2502498, 0, 38, 0, 0, 0.14%, 7, 0, 7, 0.00
1734716901, 2519100, 0, 38, 0, 0, 0.14%, 7, 0, 7, 0.00
1734716906, 2535741, 0, 38, 0, 0, 0.14%, 7, 0, 7, 0.00
1734716911, 2552382, 0, 38, 0, 0, 0.14%, 7, 0, 7, 0.00
1734716917, 2569049, 0, 38, 0, 0, 0.14%, 7, 0, 7, 0.00
1734716922, 2585664, 0, 38, 0, 0, 0.14%, 7, 0, 7, 0.00
1734716927, 2602182, 0, 38, 0, 0, 0.14%, 7, 0, 7, 0.00
1734716932, 2618797, 0, 38, 0, 0, 0.14%, 7, 0, 7, 0.00
1734716937, 2635459, 0, 38, 0, 0, 0.14%, 7, 0, 7, 0.00
1734716943, 2652173, 0, 38, 0, 0, 0.14%, 7, 0, 7, 0.00
1734716948, 2668813, 0, 38, 0, 0, 0.14%, 7, 0, 7, 0.00
1734716953, 2685400, 0, 38, 0, 0, 0.14%, 7, 0, 7, 0.00
1734716958, 2702060, 0, 38, 0, 0, 0.14%, 7, 0, 7, 0.00
1734716963, 2718705, 0, 38, 0, 0, 0.14%, 7, 0, 7, 0.00
1734716969, 2735377, 0, 38, 0, 0, 0.14%, 7, 0, 7, 0.00
1734716974, 2752041, 0, 38, 0, 0, 0.14%, 7, 0, 7, 0.00
1734716979, 2768671, 0, 38, 0, 0, 0.14%, 7, 0, 7, 0.00
1734716984, 2785354, 0, 38, 0, 0, 0.14%, 7, 0, 7, 0.00
1734716989, 2802048, 0, 38, 0, 0, 0.14%, 7, 0, 7, 0.00
1734716995, 2818648, 0, 38, 0, 0, 0.14%, 7, 0, 7, 0.00
1734717000, 2835270, 0, 38, 0, 0, 0.14%, 7, 0, 7, 0.00
1734717005, 2851915, 0, 38, 0, 0, 0.14%, 7, 0, 7, 0.00
1734717010, 2868531, 0, 38, 0, 0, 0.14%, 7, 0, 7, 0.00
1734717015, 2885176, 0, 38, 0, 0, 0.14%, 7, 0, 7, 0.00
1734717021, 2901853, 0, 38, 0, 0, 0.14%, 7, 0, 7, 0.00
1734717026, 2918470, 0, 38, 0, 0, 0.14%, 7, 0, 7, 0.00
1734717031, 2935064, 0, 38, 0, 0, 0.14%, 7, 0, 7, 0.00
1734717036, 2951652, 0, 38, 0, 0, 0.14%, 7, 0, 7, 0.00
1734717041, 2968351, 0, 38, 0, 0, 0.14%, 7, 0, 7, 0.00
1734717047, 2985059, 0, 38, 0, 0, 0.14%, 7, 0, 7, 0.00
1734717052, 3001669, 0, 38, 0, 0, 0.14%, 7, 0, 7, 0.00
1734717057, 3018301, 0, 38, 0, 0, 0.14%, 7, 0, 7, 0.00
1734717062, 3034972, 0, 38, 0, 0, 0.14%, 7, 0, 7, 0.00
1734717067, 3051590, 0, 38, 0, 0, 0.14%, 7, 0, 7, 0.00
1734717073, 3068269, 0, 38, 0, 0, 0.14%, 7, 0, 7, 0.00
1734717078, 3084869, 0, 38, 0, 0, 0.14%, 7, 0, 7, 0.00
1734717083, 3101579, 0, 38, 0, 0, 0.14%, 7, 0, 7, 0.00
1734717088, 3118189, 0, 38, 0, 0, 0.14%, 7, 0, 7, 0.00
1734717093, 3134804, 0, 38, 0, 0, 0.14%, 7, 0, 7, 0.00
1734717099, 3151432, 0, 38, 0, 0, 0.14%, 7, 0, 7, 0.00
1734717104, 3167976, 0, 38, 0, 0, 0.14%, 7, 0, 7, 0.00
1734717109, 3184672, 0, 38, 0, 0, 0.14%, 7, 0, 7, 0.00
1734717114, 3201319, 0, 38, 0, 0, 0.14%, 7, 0, 7, 0.00
1734717119, 3217930, 0, 38, 0, 0, 0.14%, 7, 0, 7, 0.00
1734717125, 3234550, 0, 38, 0, 0, 0.14%, 7, 0, 7, 0.00
1734717130, 3251292, 0, 38, 0, 0, 0.14%, 7, 0, 7, 0.00
1734717135, 3267915, 0, 38, 0, 0, 0.14%, 7, 0, 7, 0.00
1734717140, 3284534, 0, 38, 0, 0, 0.14%, 7, 0, 7, 0.00
1734717145, 3301205, 0, 38, 0, 0, 0.14%, 7, 0, 7, 0.00
1734717151, 3317795, 0, 38, 0, 0, 0.14%, 7, 0, 7, 0.00
1734717156, 3334379, 0, 38, 0, 0, 0.14%, 7, 0, 7, 0.00
1734717161, 3350976, 0, 38, 0, 0, 0.14%, 7, 0, 7, 0.00
1734717166, 3367599, 0, 38, 0, 0, 0.14%, 7, 0, 7, 0.00
1734717171, 3384306, 0, 38, 0, 0, 0.14%, 7, 0, 7, 0.00
1734717177, 3400905, 0, 38, 0, 0, 0.14%, 7, 0, 7, 0.00
1734717182, 3417608, 0, 38, 0, 0, 0.14%, 7, 0, 7, 0.00
1734717187, 3434219, 0, 38, 0, 0, 0.14%, 7, 0, 7, 0.00
1734717192, 3450899, 0, 38, 0, 0, 0.14%, 7, 0, 7, 0.00
1734717197, 3467514, 0, 38, 0, 0, 0.14%, 7, 0, 7, 0.00
1734717203, 3484242, 0, 38, 0, 0, 0.14%, 7, 0, 7, 0.00
1734717208, 3500850, 0, 38, 0, 0, 0.14%, 7, 0, 7, 0.00
1734717213, 3517548, 0, 38, 0, 0, 0.14%, 7, 0, 7, 0.00
1734717218, 3534190, 0, 38, 0, 0, 0.14%, 7, 0, 7, 0.00
1734717223, 3550799, 0, 38, 0, 0, 0.14%, 7, 0, 7, 0.00
1734717229, 3567469, 0, 38, 0, 0, 0.14%, 7, 0, 7, 0.00
1734717234, 3584061, 0, 38, 0, 0, 0.14%, 7, 0, 7, 0.00
1734717239, 3600708, 0, 38, 0, 0, 0.14%, 7, 0, 7, 0.00
1734717244, 3617320, 0, 38, 0, 0, 0.14%, 7, 0, 7, 0.00
1734717249, 3633884, 0, 38, 0, 0, 0.14%, 7, 0, 7, 0.00
1734717255, 3650580, 0, 38, 0, 0, 0.14%, 7, 0, 7, 0.00
1734717260, 3667175, 0, 38, 0, 0, 0.14%, 7, 0, 7, 0.00
